9.0,25.0,33.189999,33.799999,32.73,32.93,923500.0,-0.25999900000000054
9.0,24.0,32.560001,33.040001,32.040001,32.970001,793200.0,0.4100000000000037
9.0,23.0,33.0,33.130001,32.540001,32.759998,783400.0,-0.24000199999999694
9.0,22.0,32.98,33.130001,32.630001,32.889999,795400.0,-0.09000099999999378
9.0,21.0,32.849998,33.91,32.849998,33.540001,1210700.0,0.6900029999999973
9.0,18.0,32.720001,32.869999,32.09,32.27,643400.0,-0.4500010000000003
9.0,17.0,32.32,33.259998,32.220001,32.830002,653500.0,0.5100020000000001
9.0,16.0,31.9,32.400002,31.790001,32.369999,420500.0,0.4699990000000014
9.0,15.0,31.610001,32.049999,31.450001,31.9,1028700.0,0.2899989999999981
9.0,14.0,31.700001,31.75,31.25,31.450001,331400.0,-0.25
9.0,11.0,31.4,31.98,31.4,31.719999,355800.0,0.3199990000000028
9.0,10.0,31.360001,31.73,31.1,31.6,572200.0,0.23999900000000096
9.0,9.0,32.0,32.330002,31.360001,31.389999,331600.0,-0.6100010000000005
9.0,8.0,31.5,31.790001,31.120001,31.65,465400.0,0.14999999999999858
9.0,4.0,30.870001,31.15,30.73,30.959999,320100.0,0.08999800000000135
9.0,3.0,31.559999,31.9,31.25,31.35,408400.0,-0.20999899999999982
9.0,2.0,31.43,31.450001,30.84,31.35,271200.0,-0.0799999999999983
9.0,1.0,31.5,31.620001,30.780001,30.959999,658000.0,-0.5400010000000002
8.0,31.0,31.709999,32.450001,31.469999,32.169998,623400.0,0.4599989999999998
8.0,28.0,32.049999,32.23,31.690001,31.950001,740100.0,-0.09999799999999937
8.0,27.0,31.700001,32.470001,31.530001,32.150002,899200.0,0.4500010000000003
8.0,26.0,30.940001,31.209999,30.08,31.15,973400.0,0.20999899999999982
8.0,25.0,30.35,31.1,30.08,30.129999,1229800.0,-0.2200009999999999
8.0,24.0,30.0,31.41,28.120001,29.83,1709100.0,-0.1700000000000017
8.0,21.0,32.82,32.82,31.77,31.959999,1145900.0,-0.8600010000000005
8.0,20.0,34.130001,34.130001,32.790001,32.82,1131000.0,-1.3100009999999997
8.0,19.0,34.59,34.720001,33.790001,34.349998,711900.0,-0.24000200000000405
8.0,18.0,35.639999,35.689999,34.639999,34.790001,595400.0,-0.8499980000000065
8.0,17.0,35.200001,35.810001,35.029999,35.720001,484000.0,0.5200000000000031
8.0,14.0,35.419998,35.419998,34.880001,35.290001,420400.0,-0.12999700000000303
8.0,13.0,35.950001,36.07,35.32,35.380001,426200.0,-0.5700000000000003
8.0,12.0,36.27,36.59,35.369999,35.959999,933900.0,-0.31000099999999975
8.0,11.0,36.740002,36.799999,36.259998,36.669998,1167400.0,-0.07000399999999729
8.0,10.0,36.509998,37.139999,36.299999,37.130001,835000.0,0.620002999999997
8.0,7.0,35.279999,36.580002,35.099998,36.349998,1674400.0,1.0699990000000028
8.0,6.0,35.259998,35.400002,34.93,35.029999,823300.0,-0.2299990000000065
8.0,5.0,35.27,35.580002,35.049999,35.150002,511000.0,-0.11999800000000249
8.0,4.0,34.84,35.299999,34.639999,35.130001,561600.0,0.2900009999999966
8.0,3.0,35.290001,35.389999,34.630001,34.799999,839100.0,-0.49000199999999694
7.0,31.0,34.580002,35.759998,34.529999,35.349998,1709000.0,0.769995999999999
7.0,30.0,33.639999,33.639999,33.299999,33.380001,1072100.0,-0.25999800000000306
7.0,29.0,33.59,33.830002,33.389999,33.799999,1123200.0,0.20999899999999627
7.0,28.0,33.220001,33.650002,32.91,33.470001,829300.0,0.25
7.0,27.0,33.490002,33.740002,32.959999,33.049999,935700.0,-0.44000299999999726
7.0,24.0,34.439999,34.59,33.580002,33.810001,583900.0,-0.6299980000000005
7.0,23.0,34.860001,34.869999,34.16,34.330002,490700.0,-0.5299989999999966
7.0,22.0,34.360001,35.009998,34.040001,34.810001,533400.0,0.45000000000000284
7.0,21.0,34.52,35.009998,34.310001,34.450001,434000.0,-0.06999900000000281
7.0,20.0,34.669998,34.759998,34.369999,34.549999,476200.0,-0.11999899999999997
7.0,17.0,34.450001,34.82,34.23,34.669998,362400.0,0.21999699999999933
7.0,16.0,34.43,34.599998,34.16,34.450001,390200.0,0.0200010000000006
7.0,15.0,34.23,34.400002,33.869999,34.23,441700.0,0.0
7.0,14.0,34.169998,34.419998,34.099998,34.290001,267400.0,0.12000299999999697
7.0,13.0,34.150002,34.349998,34.02,34.240002,459600.0,0.0899999999999963
7.0,10.0,33.23,33.869999,33.169998,33.860001,914800.0,0.630001
7.0,9.0,33.310001,33.450001,32.990002,32.990002,426400.0,-0.3199990000000028
7.0,8.0,33.689999,33.849998,32.66,32.950001,556900.0,-0.7399979999999999
7.0,7.0,33.650002,33.990002,32.869999,33.860001,912800.0,0.20999899999999627
7.0,6.0,33.700001,34.009998,33.240002,33.689999,627400.0,-0.010002000000000066
7.0,2.0,33.990002,34.099998,33.689999,33.900002,538700.0,-0.0899999999999963
7.0,1.0,34.099998,34.299999,33.740002,33.900002,942500.0,-0.19999599999999873
6.0,30.0,34.48,34.619999,33.869999,33.900002,715500.0,-0.5799979999999962
6.0,29.0,34.869999,34.959999,34.290001,34.290001,639600.0,-0.5799980000000033
6.0,26.0,35.68,35.740002,34.93,35.150002,1126200.0,-0.5299979999999991
6.0,25.0,35.91,36.029999,35.419998,35.68,459200.0,-0.22999999999999687
6.0,24.0,36.369999,36.619999,35.82,35.860001,289100.0,-0.5099980000000031
6.0,23.0,36.0,36.48,35.880001,36.41,371000.0,0.4099999999999966
6.0,22.0,35.91,36.0,35.75,35.889999,235900.0,-0.020000999999993496
6.0,19.0,35.740002,36.16,35.709999,35.740002,427200.0,0.0
6.0,18.0,35.560001,36.060001,35.34,35.860001,438500.0,0.29999999999999716
6.0,17.0,35.57,35.830002,35.310001,35.509998,395700.0,-0.060001999999997224
6.0,16.0,35.950001,36.0,35.41,35.470001,715000.0,-0.4799999999999969
6.0,15.0,35.490002,36.009998,35.299999,35.959999,636000.0,0.46999700000000644
6.0,12.0,35.740002,35.919998,35.560001,35.619999,535400.0,-0.12000299999999697
6.0,11.0,36.060001,36.279999,35.669998,35.790001,346300.0,-0.2700000000000031
6.0,10.0,36.169998,36.5,35.900002,36.080002,445700.0,-0.0899959999999993
6.0,9.0,35.950001,36.349998,35.939999,35.98,470400.0,0.029998999999996556
6.0,8.0,36.700001,37.049999,35.919998,36.060001,922400.0,-0.6400000000000006
6.0,5.0,37.310001,37.310001,36.529999,36.759998,1178500.0,-0.5500029999999967
6.0,4.0,38.360001,38.450001,37.139999,37.189999,993700.0,-1.1700019999999967
6.0,3.0,38.290001,39.080002,38.240002,38.450001,681400.0,0.1600000000000037
6.0,2.0,37.98,38.299999,37.630001,38.18,386300.0,0.20000000000000284
6.0,1.0,37.709999,38.150002,37.709999,38.040001,445900.0,0.33000199999999325
5.0,29.0,37.880001,37.970001,37.490002,37.630001,380000.0,-0.25
5.0,28.0,38.07,38.220001,37.720001,37.950001,407400.0,-0.11999899999999997
5.0,27.0,37.639999,38.310001,37.450001,38.189999,706200.0,0.5499999999999972
5.0,26.0,38.25,38.25,37.529999,37.669998,469200.0,-0.5800020000000004
5.0,22.0,38.25,38.540001,38.150002,38.32,642800.0,0.07000000000000028
5.0,21.0,38.25,38.75,38.130001,38.290001,576600.0,0.04000099999999662
5.0,20.0,38.790001,38.880001,38.080002,38.200001,1049600.0,-0.5899999999999963
5.0,19.0,39.240002,39.27,38.580002,38.73,1029300.0,-0.5100020000000001
5.0,18.0,39.700001,39.84,39.139999,39.240002,819500.0,-0.4599990000000034
5.0,15.0,39.73,40.139999,39.700001,40.060001,745800.0,0.3300010000000029
5.0,14.0,39.709999,40.490002,39.470001,40.209999,991300.0,0.5
5.0,13.0,39.470001,39.66,39.27,39.48,706000.0,0.00999899999999343
5.0,12.0,39.400002,39.5,38.630001,39.470001,823400.0,0.06999900000000281
5.0,11.0,39.130001,39.779999,39.130001,39.529999,788800.0,0.3999979999999965
5.0,8.0,38.740002,39.849998,38.529999,39.02,1113400.0,0.2799980000000062
5.0,7.0,38.810001,39.200001,38.52,38.869999,567400.0,0.05999800000000022
5.0,6.0,39.189999,39.259998,38.830002,39.0,440400.0,-0.18999900000000025
5.0,5.0,39.639999,39.82,39.07,39.099998,511400.0,-0.5400010000000037
5.0,4.0,39.919998,40.150002,39.5,39.650002,853200.0,-0.269995999999999
5.0,1.0,38.77,40.080002,38.639999,39.93,714500.0,1.1599999999999966
4.0,30.0,38.41,38.759998,38.360001,38.630001,549700.0,0.22000100000000344
4.0,29.0,38.48,38.950001,38.310001,38.66,317800.0,0.17999999999999972
4.0,28.0,38.509998,38.779999,38.34,38.639999,277900.0,0.13000100000000003
4.0,27.0,38.799999,38.970001,38.450001,38.560001,463500.0,-0.23999799999999993
4.0,24.0,39.23,39.34,38.599998,38.75,265000.0,-0.4799999999999969
4.0,23.0,38.400002,39.080002,38.369999,39.07,275500.0,0.6699979999999996
4.0,22.0,38.759998,38.950001,38.32,38.580002,426400.0,-0.1799960000000027
4.0,21.0,39.43,39.43,38.580002,38.950001,332800.0,-0.4799989999999994
4.0,20.0,39.099998,39.34,38.889999,39.220001,393200.0,0.12000300000000408
4.0,17.0,39.029999,39.060001,38.52,38.91,348700.0,-0.11999899999999997
4.0,16.0,38.900002,39.029999,38.369999,38.919998,214700.0,0.019995999999999015
4.0,15.0,38.900002,39.43,38.900002,38.950001,425900.0,0.04999899999999968
4.0,14.0,38.77,39.0,38.59,38.889999,448900.0,0.11999899999999997
4.0,13.0,39.029999,39.139999,38.669998,38.709999,433900.0,-0.3199999999999932
4.0,10.0,38.959999,39.220001,38.759998,39.189999,490700.0,0.22999999999999687
4.0,9.0,38.630001,38.860001,38.400002,38.860001,506800.0,0.22999999999999687
4.0,8.0,38.110001,38.700001,37.970001,38.509998,564700.0,0.39999700000000615
4.0,7.0,38.080002,38.52,38.02,38.049999,349200.0,-0.030003000000000668
4.0,6.0,37.830002,38.209999,37.75,38.060001,435800.0,0.2299989999999994
4.0,2.0,38.279999,38.77,37.790001,37.990002,462800.0,-0.2899969999999996
4.0,1.0,37.759998,38.130001,37.52,37.990002,488000.0,0.23000399999999388
3.0,31.0,38.040001,38.200001,37.509998,37.740002,739400.0,-0.2999989999999997
3.0,30.0,38.099998,38.689999,38.099998,38.43,456900.0,0.33000200000000035
3.0,27.0,37.599998,37.98,37.5,37.919998,293300.0,0.3200000000000003
3.0,26.0,37.669998,37.98,37.529999,37.73,226600.0,0.060001999999997224
3.0,25.0,38.48,38.689999,37.82,37.939999,410300.0,-0.5400009999999966
3.0,24.0,38.93,38.959999,38.130001,38.41,412600.0,-0.5200000000000031
3.0,23.0,38.82,39.0,38.509998,38.849998,435300.0,0.02999799999999908
3.0,20.0,38.709999,39.0,38.599998,38.880001,408300.0,0.17000199999999666
3.0,19.0,38.099998,38.5,37.959999,38.43,405600.0,0.33000200000000035
3.0,18.0,37.650002,38.540001,37.52,38.220001,307600.0,0.5699990000000028
3.0,17.0,37.360001,37.889999,37.360001,37.73,320300.0,0.36999899999999997
3.0,16.0,37.169998,37.779999,37.099998,37.439999,369000.0,0.2700010000000006
3.0,13.0,37.34,37.509998,36.619999,37.07,493400.0,-0.2700000000000031
3.0,12.0,37.529999,37.889999,37.220001,37.369999,669300.0,-0.1599999999999966
3.0,11.0,37.099998,37.470001,36.869999,37.200001,719100.0,0.10000300000000095
3.0,10.0,37.529999,37.549999,36.75,36.880001,988700.0,-0.6499979999999965
3.0,9.0,38.099998,38.369999,37.779999,37.790001,673800.0,-0.30999700000000274
3.0,6.0,38.459999,39.0,37.82,37.990002,721400.0,-0.46999700000000644
3.0,5.0,38.189999,38.82,38.009998,38.66,627100.0,0.47000099999999634
3.0,4.0,37.790001,38.389999,37.43,38.169998,1070200.0,0.379997000000003
3.0,3.0,37.900002,38.459999,37.84,38.040001,776500.0,0.139998999999996
3.0,2.0,38.240002,38.560001,37.549999,37.93,1290600.0,-0.3100019999999972
2.0,27.0,40.25,40.400002,38.220001,38.240002,1209500.0,-2.009998000000003
2.0,26.0,38.759998,39.150002,38.439999,39.07,764800.0,0.3100019999999972
2.0,25.0,39.529999,39.669998,38.459999,38.759998,897600.0,-0.7700009999999935
2.0,24.0,39.639999,40.029999,39.299999,39.48,833600.0,-0.15999900000000622
2.0,23.0,39.400002,39.790001,39.18,39.650002,1998000.0,0.25
2.0,20.0,38.830002,39.290001,38.34,39.290001,549700.0,0.45999899999999627
2.0,19.0,38.549999,39.16,38.279999,38.900002,729800.0,0.35000300000000095
2.0,18.0,38.279999,38.560001,38.009998,38.549999,573400.0,0.2700000000000031
2.0,17.0,38.610001,38.610001,38.110001,38.220001,486100.0,-0.38999999999999346
2.0,13.0,38.16,38.779999,38.16,38.650002,702400.0,0.49000200000000405
2.0,12.0,38.25,38.610001,37.919998,38.380001,611700.0,0.13000100000000003
2.0,11.0,37.810001,38.040001,37.450001,37.900002,490100.0,0.09000100000000089
2.0,10.0,37.950001,38.029999,37.16,37.880001,721400.0,-0.07000000000000028
2.0,9.0,37.310001,37.77,37.099998,37.709999,717100.0,0.39999800000000363
2.0,6.0,37.470001,38.139999,37.240002,37.630001,747300.0,0.1599999999999966
2.0,5.0,37.419998,37.66,37.189999,37.43,695100.0,0.010002000000000066
2.0,4.0,36.700001,37.689999,36.41,37.279999,1093000.0,0.5799979999999962
2.0,3.0,36.169998,36.950001,36.119999,36.950001,686000.0,0.7800030000000007
2.0,2.0,35.139999,36.130001,34.459999,36.060001,1167800.0,0.9200019999999967
1.0,30.0,35.029999,35.439999,34.5,34.939999,697200.0,-0.0899999999999963
1.0,29.0,35.139999,35.580002,34.77,35.52,586400.0,0.38000100000000003
1.0,28.0,35.200001,35.450001,34.799999,35.040001,998200.0,-0.1600000000000037
1.0,27.0,35.400002,35.709999,34.73,34.990002,1542200.0,-0.4100000000000037
1.0,26.0,34.549999,34.939999,34.259998,34.84,585100.0,0.29000100000000373
1.0,23.0,34.48,34.77,34.23,34.549999,327100.0,0.06999900000000281
1.0,22.0,34.119999,34.700001,33.77,34.48,441600.0,0.3600009999999969
1.0,21.0,33.150002,34.0,33.009998,34.0,494400.0,0.8499979999999994
1.0,20.0,33.299999,33.439999,33.029999,33.27,465200.0,-0.029998999999996556
1.0,16.0,32.459999,33.200001,32.220001,33.18,746000.0,0.7200009999999963
1.0,15.0,33.240002,33.490002,32.950001,33.009998,662100.0,-0.23000399999999388
1.0,14.0,32.98,33.470001,32.650002,33.16,656000.0,0.17999999999999972
1.0,13.0,33.540001,34.029999,32.720001,33.41,603300.0,-0.13000100000000003
1.0,12.0,33.18,33.470001,32.400002,33.43,776800.0,0.25
1.0,9.0,34.209999,34.459999,33.189999,33.220001,737300.0,-0.9899979999999999
1.0,8.0,33.799999,34.299999,33.580002,34.169998,687600.0,0.36999899999999997
1.0,7.0,33.990002,34.130001,33.200001,33.439999,597600.0,-0.5500029999999967
1.0,6.0,33.610001,33.669998,32.509998,33.490002,1039700.0,-0.11999899999999997
1.0,5.0,34.150002,34.490002,33.299999,33.470001,592000.0,-0.6800009999999972
1.0,2.0,34.490002,34.630001,34.02,34.400002,318000.0,-0.0899999999999963
12.0,31.0,34.48,34.619999,34.200001,34.310001,449400.0,-0.16999899999999712
12.0,30.0,34.77,34.919998,34.290001,34.400002,294800.0,-0.3699980000000025
12.0,29.0,34.75,35.119999,34.66,34.900002,285500.0,0.15000200000000063
12.0,26.0,34.34,34.950001,34.07,34.709999,368600.0,0.36999899999999997
12.0,24.0,34.139999,34.459999,33.919998,34.200001,499100.0,0.060001999999997224
12.0,23.0,34.650002,34.73,33.919998,34.080002,721000.0,-0.5700000000000003
12.0,22.0,34.34,34.779999,34.169998,34.41,449500.0,0.06999999999999318
12.0,19.0,34.380001,34.52,33.919998,34.380001,667000.0,0.0
12.0,18.0,33.919998,34.209999,33.700001,34.150002,619300.0,0.23000400000000099
12.0,17.0,31.67,33.57,31.65,33.139999,1151400.0,1.4699990000000014
12.0,16.0,31.690001,32.720001,31.049999,31.67,886000.0,-0.02000099999999705
12.0,15.0,32.990002,33.209999,31.67,32.009998,1003800.0,-0.9800039999999939
12.0,12.0,34.459999,34.619999,32.580002,32.59,1223900.0,-1.869999
12.0,11.0,35.009998,35.32,34.599998,34.700001,615600.0,-0.30999700000000274
12.0,10.0,35.810001,35.93,34.77,34.799999,687100.0,-1.010002
12.0,9.0,36.200001,36.220001,35.18,35.939999,822200.0,-0.26000200000000007
12.0,8.0,37.34,37.650002,36.540001,36.68,510000.0,-0.6600000000000037
12.0,5.0,37.540001,37.790001,37.32,37.43,191000.0,-0.1100009999999969
12.0,4.0,36.98,37.419998,36.689999,37.369999,691500.0,0.3899990000000031
12.0,3.0,36.939999,37.470001,36.73,37.029999,543400.0,0.0899999999999963
12.0,2.0,37.189999,37.5,36.779999,36.91,621100.0,-0.27999900000000366
12.0,1.0,37.900002,37.98,36.900002,37.189999,725500.0,-0.7100030000000004
11.0,28.0,38.349998,38.57,38.0,38.029999,391400.0,-0.3199990000000028
11.0,26.0,38.810001,38.880001,38.099998,38.209999,365800.0,-0.6000019999999964
11.0,25.0,38.25,38.959999,38.23,38.740002,656300.0,0.49000199999999694
11.0,24.0,37.52,38.150002,37.52,38.110001,536600.0,0.5900009999999938
11.0,21.0,38.0,38.200001,37.310001,37.459999,390300.0,-0.5400009999999966
11.0,20.0,37.16,37.669998,36.959999,37.5,683800.0,0.3400000000000034
11.0,19.0,37.220001,37.59,36.790001,37.450001,583700.0,0.22999999999999687
11.0,18.0,36.700001,37.279999,36.700001,37.049999,425700.0,0.34999799999999937
11.0,17.0,36.93,37.169998,36.490002,36.68,339100.0,-0.25
11.0,14.0,36.900002,37.310001,36.759998,36.970001,371200.0,0.06999900000000281
11.0,13.0,37.27,37.580002,36.669998,36.939999,502200.0,-0.3300010000000029
11.0,12.0,37.299999,37.57,37.119999,37.279999,418600.0,-0.020000000000003126
11.0,11.0,37.709999,37.740002,37.25,37.57,554400.0,-0.1399990000000031
11.0,10.0,37.619999,38.02,37.490002,37.740002,564300.0,0.12000299999999697
11.0,7.0,37.330002,38.080002,37.0,37.599998,888600.0,0.269995999999999
11.0,6.0,37.139999,37.700001,36.98,37.509998,752900.0,0.36999899999999997
11.0,5.0,37.0,37.490002,36.619999,37.200001,534000.0,0.20000100000000032
11.0,4.0,37.040001,37.040001,36.139999,36.669998,618300.0,-0.370002999999997
11.0,3.0,36.779999,37.09,36.540001,36.669998,513700.0,-0.1100009999999969
10.0,31.0,36.93,36.93,36.299999,36.59,724600.0,-0.3399999999999963
10.0,30.0,35.66,36.220001,35.459999,36.07,458000.0,0.4100000000000037
10.0,29.0,36.310001,36.52,35.540001,35.849998,718900.0,-0.4600030000000004
10.0,28.0,35.450001,36.27,35.380001,36.27,655300.0,0.8199990000000028
10.0,27.0,34.869999,35.27,34.509998,35.25,544500.0,0.38000100000000003
10.0,24.0,34.650002,35.16,34.439999,35.119999,481000.0,0.46999699999999933
10.0,23.0,34.529999,34.959999,34.220001,34.59,828100.0,0.060001000000006854
10.0,22.0,34.849998,34.93,34.060001,34.169998,665800.0,-0.6799999999999997
10.0,21.0,33.02,34.779999,33.02,34.740002,930100.0,1.7200019999999938
10.0,20.0,32.389999,32.639999,32.060001,32.5,688200.0,0.1100009999999969
10.0,17.0,32.349998,32.990002,32.279999,32.490002,464500.0,0.14000399999999757
10.0,16.0,30.82,32.130001,30.67,31.870001,516200.0,1.0500009999999982
10.0,15.0,31.02,31.709999,30.549999,31.440001,1125000.0,0.4200009999999992
10.0,14.0,31.299999,32.02,31.110001,31.450001,785600.0,0.15000200000000063
10.0,13.0,31.84,32.09,31.01,31.059999,1203800.0,-0.7800009999999986
10.0,10.0,32.599998,32.68,31.5,31.84,1113000.0,-0.7599979999999995
10.0,9.0,33.549999,33.779999,32.560001,32.650002,928600.0,-0.899996999999999
10.0,8.0,33.009998,33.57,32.619999,33.549999,691600.0,0.5400009999999966
10.0,7.0,33.389999,33.68,32.849998,33.049999,1081500.0,-0.3400000000000034
10.0,6.0,33.450001,34.0,33.450001,33.669998,1214900.0,0.21999699999999933
10.0,3.0,32.709999,33.380001,32.68,33.25,1110100.0,0.5400009999999966
10.0,2.0,31.99,32.580002,31.719999,32.48,1289800.0,0.48999999999999844
10.0,1.0,32.400002,32.459999,31.67,31.950001,1152600.0,-0.4500010000000003
9.0,30.0,32.830002,33.240002,32.220001,32.5,800400.0,-0.33000200000000035
9.0,29.0,32.959999,33.349998,32.959999,33.080002,603700.0,0.12000299999999697
9.0,26.0,33.189999,33.310001,32.880001,33.279999,815900.0,0.0899999999999963
9.0,25.0,33.77,33.779999,33.18,33.189999,689200.0,-0.5800010000000029
9.0,24.0,33.84,34.0,33.299999,33.779999,918200.0,-0.060001000000006854
9.0,23.0,34.330002,34.330002,33.919998,33.950001,1044800.0,-0.38000100000000003
9.0,22.0,34.709999,34.759998,33.900002,34.380001,1271100.0,-0.32999800000000334
9.0,19.0,35.400002,35.5,34.830002,34.889999,749300.0,-0.5100029999999975
9.0,18.0,35.779999,35.779999,35.299999,35.380001,617900.0,-0.3999979999999965
9.0,17.0,35.75,35.990002,35.439999,35.580002,1006200.0,-0.16999799999999965
9.0,16.0,35.860001,35.959999,35.330002,35.610001,1315700.0,-0.25
9.0,15.0,36.700001,36.77,35.68,35.82,835200.0,-0.880001
9.0,12.0,37.259998,37.27,36.509998,36.860001,540100.0,-0.39999700000000615
9.0,11.0,37.09,37.470001,36.970001,37.200001,352400.0,0.1100009999999969
9.0,10.0,37.639999,37.75,36.82,37.369999,489300.0,-0.2700000000000031
9.0,9.0,37.380001,37.790001,37.189999,37.57,742200.0,0.18999900000000025
9.0,8.0,37.59,38.040001,37.43,37.470001,425500.0,-0.11999899999999997
9.0,5.0,37.759998,37.77,37.369999,37.709999,717600.0,-0.04999899999999968
9.0,4.0,37.959999,38.150002,37.490002,37.700001,470600.0,-0.25999800000000306
9.0,3.0,38.990002,38.990002,37.919998,37.970001,964500.0,-1.0200009999999935
9.0,2.0,38.009998,39.0,37.790001,38.880001,709200.0,0.870002999999997
8.0,29.0,38.049999,38.07,37.68,37.900002,276600.0,-0.14999699999999905
8.0,28.0,38.080002,38.169998,37.759998,37.900002,271100.0,-0.17999999999999972
8.0,27.0,38.490002,38.57,38.07,38.150002,363800.0,-0.3399999999999963
8.0,26.0,38.099998,38.77,38.099998,38.459999,669200.0,0.360001000000004
8.0,25.0,37.84,38.259998,37.509998,38.130001,435000.0,0.2900009999999966
8.0,22.0,37.77,37.990002,37.52,37.669998,232600.0,-0.10000200000000348
8.0,21.0,37.52,37.970001,37.240002,37.849998,343800.0,0.32999799999999624
8.0,20.0,37.73,37.889999,37.470001,37.57,327700.0,-0.1599999999999966
8.0,19.0,37.139999,37.959999,37.080002,37.84,615400.0,0.7000010000000003
8.0,18.0,36.259998,37.240002,36.259998,37.07,623700.0,0.8100019999999972
8.0,15.0,36.380001,36.459999,35.650002,36.07,407400.0,-0.31000099999999975
8.0,14.0,36.25,36.290001,35.68,36.18,584500.0,-0.07000000000000028
8.0,13.0,36.080002,36.360001,35.84,36.09,623700.0,0.00999800000000306
8.0,12.0,36.759998,36.830002,36.02,36.029999,810700.0,-0.7299990000000065
8.0,11.0,37.389999,37.849998,36.799999,36.93,789200.0,-0.4599990000000034
8.0,8.0,36.299999,37.279999,36.119999,37.16,1366700.0,0.8600009999999969
8.0,7.0,35.619999,35.91,35.18,35.299999,996400.0,-0.3200000000000003
8.0,6.0,34.889999,35.610001,34.689999,35.41,1034900.0,0.5200009999999935
8.0,5.0,35.34,35.82,34.84,35.119999,669400.0,-0.22000100000000344
8.0,4.0,36.049999,36.209999,34.84,35.549999,816000.0,-0.5
8.0,1.0,34.220001,34.799999,33.919998,34.529999,711600.0,0.3099979999999931
7.0,31.0,35.130001,35.25,34.23,34.450001,668200.0,-0.6799999999999997
7.0,30.0,35.400002,35.740002,34.990002,35.459999,694700.0,0.05999700000000274
7.0,29.0,35.950001,36.0,35.349998,35.389999,737300.0,-0.5600019999999972
7.0,28.0,36.290001,36.48,35.75,35.98,650200.0,-0.31000099999999975
7.0,25.0,36.330002,36.68,36.220001,36.360001,369900.0,0.029998999999996556
7.0,24.0,37.0,37.0,36.330002,36.41,663200.0,-0.5900000000000034
7.0,23.0,37.150002,37.279999,36.709999,37.0,677000.0,-0.15000200000000063
7.0,22.0,37.23,37.43,37.009998,37.150002,567500.0,-0.07999799999999624
7.0,21.0,37.450001,37.5,36.950001,37.150002,558300.0,-0.2999989999999997
7.0,18.0,37.139999,37.939999,37.049999,37.509998,697300.0,0.36999899999999997
7.0,17.0,37.450001,37.650002,36.82,36.93,723800.0,-0.5200010000000006
7.0,16.0,37.57,37.82,37.310001,37.529999,447600.0,-0.04000100000000373
7.0,15.0,36.869999,37.77,36.849998,37.450001,586000.0,0.5800020000000004
7.0,14.0,36.720001,37.880001,36.610001,37.360001,1110100.0,0.6399999999999935
7.0,11.0,36.400002,36.84,36.34,36.709999,623500.0,0.30999700000000274
7.0,10.0,36.27,36.619999,35.939999,36.41,953600.0,0.13999999999999346
7.0,9.0,36.900002,37.32,36.75,36.959999,684400.0,0.05999700000000274
7.0,8.0,37.5,37.52,35.830002,36.73,1720500.0,-0.7700000000000031
7.0,7.0,38.48,38.509998,37.580002,37.59,768100.0,-0.8899999999999935
7.0,3.0,38.619999,38.75,38.380001,38.48,238800.0,-0.1399990000000031
7.0,2.0,38.59,38.790001,38.25,38.450001,486600.0,-0.1399990000000031
7.0,1.0,38.75,38.91,38.310001,38.59,659200.0,-0.1599999999999966
6.0,30.0,38.310001,39.02,38.310001,38.580002,748200.0,0.2700010000000006
6.0,27.0,38.389999,38.73,38.099998,38.18,2000600.0,-0.20999900000000338
6.0,26.0,38.82,38.98,38.32,38.580002,555500.0,-0.23999799999999993
6.0,25.0,38.200001,39.07,38.009998,38.880001,884600.0,0.6799999999999997
6.0,24.0,38.779999,39.200001,38.099998,38.220001,1029300.0,-0.5599979999999931
6.0,23.0,39.139999,39.43,39.009998,39.27,609700.0,0.13000100000000003
6.0,20.0,39.360001,39.41,38.970001,39.200001,691800.0,-0.1599999999999966
6.0,19.0,38.689999,39.380001,38.529999,39.259998,1074000.0,0.5699990000000028
6.0,18.0,38.150002,38.82,38.02,38.77,1084000.0,0.6199980000000025
6.0,17.0,37.68,38.380001,37.610001,38.189999,1525900.0,0.5099990000000005
6.0,16.0,37.900002,38.040001,37.529999,37.669998,1744200.0,-0.23000400000000099
6.0,13.0,37.52,38.16,36.75,37.950001,2988100.0,0.4300009999999972
6.0,12.0,40.77,40.849998,37.419998,37.610001,4610600.0,-3.159999000000006
6.0,11.0,41.84,41.939999,40.75,40.990002,1249000.0,-0.8499980000000065
6.0,10.0,42.349998,42.43,41.650002,41.889999,796200.0,-0.45999899999999627
6.0,9.0,42.439999,42.84,42.23,42.32,1128700.0,-0.11999899999999997
6.0,6.0,42.43,42.889999,42.299999,42.439999,1102300.0,0.009999000000000535
6.0,5.0,41.459999,42.790001,41.259998,42.380001,1422500.0,0.9200019999999967
6.0,4.0,41.52,41.73,41.080002,41.200001,1146300.0,-0.3199990000000028
6.0,3.0,41.799999,42.119999,41.419998,41.52,899800.0,-0.27999899999999656
6.0,2.0,41.630001,42.049999,41.400002,41.799999,1101300.0,0.16999799999999965
5.0,30.0,41.18,41.349998,40.790001,41.259998,806200.0,0.07999800000000334
5.0,29.0,40.299999,41.25,40.25,41.189999,1237600.0,0.8900000000000006
5.0,28.0,39.860001,40.68,39.75,40.02,2221000.0,0.15999900000000622
5.0,27.0,39.150002,39.57,39.099998,39.389999,1413000.0,0.23999700000000246
5.0,23.0,38.799999,38.98,38.52,38.709999,968700.0,-0.0899999999999963
5.0,22.0,38.490002,38.919998,38.32,38.68,720900.0,0.18999800000000278
5.0,21.0,38.310001,38.540001,38.040001,38.27,838300.0,-0.04000099999999662
5.0,20.0,38.759998,38.799999,38.150002,38.389999,784900.0,-0.36999899999999997
5.0,19.0,38.459999,38.849998,38.400002,38.73,714100.0,0.2700009999999935
5.0,16.0,38.400002,38.610001,37.830002,38.369999,596900.0,-0.030003000000000668
5.0,15.0,39.150002,39.16,38.220001,38.459999,629800.0,-0.6900029999999973
5.0,14.0,39.639999,39.720001,39.080002,39.139999,495100.0,-0.5
5.0,13.0,40.060001,40.07,39.5,39.66,1100000.0,-0.40000100000000316
5.0,12.0,39.0,40.040001,39.0,40.029999,1010400.0,1.0299989999999966
5.0,9.0,38.939999,40.360001,38.110001,38.740002,1543700.0,-0.1999970000000033
5.0,8.0,37.299999,37.66,36.990002,37.220001,754200.0,-0.07999799999999624
5.0,7.0,37.759998,37.959999,36.900002,37.41,925900.0,-0.34999800000000647
5.0,6.0,37.389999,37.849998,37.119999,37.639999,832900.0,0.25
5.0,5.0,36.509998,37.43,36.150002,37.330002,842200.0,0.8200039999999973
5.0,2.0,35.84,36.75,35.82,36.610001,515600.0,0.7700009999999935
5.0,1.0,35.900002,36.189999,35.709999,35.810001,648700.0,-0.09000100000000089
4.0,30.0,35.470001,35.889999,35.310001,35.869999,400300.0,0.3999979999999965
4.0,29.0,34.84,35.470001,34.799999,35.470001,628400.0,0.630001
4.0,28.0,36.119999,36.34,34.099998,34.68,1216100.0,-1.4399990000000003
4.0,25.0,36.580002,36.630001,35.950001,35.990002,485600.0,-0.5900000000000034
4.0,24.0,36.75,36.990002,36.34,36.720001,569000.0,-0.029998999999996556
4.0,23.0,36.59,37.009998,36.380001,36.48,1028600.0,-0.11000000000000654
4.0,22.0,36.18,36.970001,36.049999,36.66,990700.0,0.4799999999999969
4.0,21.0,36.529999,36.560001,36.0,36.130001,528200.0,-0.3999979999999965
4.0,17.0,36.540001,36.599998,36.099998,36.32,488200.0,-0.22000099999999634
4.0,16.0,36.209999,36.529999,36.150002,36.43,1246100.0,0.22000099999999634
4.0,15.0,36.049999,36.220001,35.450001,36.0,726100.0,-0.04999899999999968
4.0,14.0,36.349998,36.560001,35.869999,36.009998,443600.0,-0.3399999999999963
4.0,11.0,36.59,36.84,35.779999,36.0,557700.0,-0.5900000000000034
4.0,10.0,37.259998,37.970001,36.709999,36.900002,917400.0,-0.3599960000000024
4.0,9.0,36.630001,37.310001,36.5,37.25,643600.0,0.619999
4.0,8.0,36.599998,36.990002,36.34,36.490002,1102000.0,-0.10999600000000243
4.0,7.0,37.209999,37.540001,36.439999,36.639999,721000.0,-0.5700000000000003
4.0,4.0,37.849998,38.07,37.209999,37.380001,723300.0,-0.46999699999999933
4.0,3.0,37.630001,38.029999,37.490002,37.610001,438300.0,-0.020000000000003126
4.0,2.0,37.52,37.619999,37.139999,37.59,436600.0,0.07000000000000028
4.0,1.0,37.470001,37.84,37.049999,37.580002,526200.0,0.1100009999999969
3.0,31.0,36.91,37.439999,36.799999,37.290001,571900.0,0.38000100000000003
3.0,28.0,36.099998,36.75,36.099998,36.560001,465600.0,0.4600030000000004
3.0,27.0,36.25,36.59,35.66,36.060001,829000.0,-0.18999900000000025
3.0,26.0,37.119999,37.220001,36.099998,36.169998,480900.0,-0.9500010000000003
3.0,25.0,37.02,37.82,36.779999,36.939999,322900.0,-0.08000100000000288
3.0,24.0,37.419998,37.52,36.790001,37.0,481800.0,-0.41999799999999965
3.0,21.0,37.860001,38.150002,37.150002,37.290001,1162500.0,-0.5700000000000003
3.0,20.0,37.16,37.709999,37.119999,37.689999,489200.0,0.5299990000000037
3.0,19.0,37.57,37.779999,37.0,37.290001,622200.0,-0.27999900000000366
3.0,18.0,37.330002,37.880001,37.16,37.5,640800.0,0.16999799999999965
3.0,17.0,36.779999,37.580002,36.779999,37.389999,720100.0,0.6100000000000065
3.0,14.0,36.169998,36.830002,36.150002,36.52,429500.0,0.3500020000000035
3.0,13.0,37.150002,37.240002,36.139999,36.279999,488300.0,-0.8700030000000041
3.0,12.0,36.77,37.139999,36.57,37.099998,499800.0,0.32999799999999624
3.0,11.0,37.439999,37.48,36.790001,36.919998,517100.0,-0.5200010000000006
3.0,10.0,36.75,37.259998,36.700001,37.09,651000.0,0.3400000000000034
3.0,7.0,36.73,36.93,36.549999,36.759998,966100.0,0.029998000000006186
3.0,6.0,36.25,36.799999,36.240002,36.630001,701400.0,0.38000100000000003
3.0,5.0,36.73,36.799999,36.220001,36.279999,592200.0,-0.4500010000000003
3.0,4.0,36.830002,37.209999,36.470001,36.68,729800.0,-0.15000200000000063
3.0,3.0,36.549999,36.720001,35.900002,36.560001,876200.0,0.010002000000000066
2.0,28.0,37.799999,38.009998,34.5,36.950001,2111500.0,-0.8499979999999994
2.0,27.0,35.139999,35.650002,34.970001,35.52,637800.0,0.38000100000000003
2.0,26.0,35.290001,35.5,34.91,35.139999,695700.0,-0.15000199999999353
2.0,25.0,35.310001,35.549999,35.040001,35.139999,752600.0,-0.17000199999999666
2.0,24.0,35.32,35.75,35.02,35.299999,918400.0,-0.0200010000000006
2.0,21.0,34.259998,35.900002,34.209999,35.369999,1161500.0,1.110000999999997
2.0,20.0,34.189999,34.240002,33.73,34.189999,904700.0,0.0
2.0,19.0,34.220001,34.470001,34.110001,34.220001,859200.0,0.0
2.0,18.0,33.310001,34.529999,33.27,34.5,1855000.0,1.1899990000000003
2.0,14.0,32.650002,33.310001,32.610001,33.290001,625900.0,0.639998999999996
2.0,13.0,32.450001,32.66,32.200001,32.610001,538600.0,0.1599999999999966
2.0,12.0,32.259998,32.580002,32.009998,32.529999,1688800.0,0.2700009999999935
2.0,11.0,30.9,32.18,30.9,32.169998,1249300.0,1.269998000000001
2.0,10.0,31.530001,31.530001,30.860001,30.92,429400.0,-0.6100009999999969
2.0,7.0,31.48,31.93,31.4,31.49,489300.0,0.00999999999999801
2.0,6.0,30.450001,31.42,30.450001,31.41,337400.0,0.9599989999999998
2.0,5.0,31.219999,31.280001,30.35,30.379999,795600.0,-0.8399999999999999
2.0,4.0,30.709999,31.41,30.709999,31.27,405100.0,0.5600009999999997
2.0,3.0,31.4,31.58,30.41,30.610001,656700.0,-0.7899989999999981
1.0,31.0,31.32,31.889999,31.110001,31.48,365700.0,0.16000000000000014
1.0,30.0,31.889999,31.969999,31.639999,31.790001,454700.0,-0.09999799999999937
1.0,29.0,31.6,32.52,31.58,31.67,794100.0,0.07000000000000028
1.0,28.0,31.690001,32.200001,31.690001,32.009998,747700.0,0.3199970000000043
1.0,27.0,31.700001,31.99,31.5,31.51,792000.0,-0.19000099999999875
1.0,24.0,32.470001,32.470001,31.68,31.709999,873200.0,-0.7600020000000036
1.0,23.0,32.720001,32.75,32.380001,32.57,396200.0,-0.15000100000000316
1.0,22.0,32.529999,32.950001,32.470001,32.900002,671800.0,0.3700030000000041
1.0,21.0,32.169998,32.5,32.080002,32.5,1198700.0,0.33000200000000035
1.0,17.0,31.469999,31.84,31.360001,31.799999,593000.0,0.3299999999999983
1.0,16.0,31.450001,31.719999,31.309999,31.43,283300.0,-0.0200010000000006
1.0,15.0,31.35,31.73,31.219999,31.620001,516300.0,0.27000099999999705
1.0,14.0,31.940001,32.049999,30.84,30.879999,1370200.0,-1.0600019999999972
1.0,13.0,31.879999,32.16,31.799999,31.889999,807500.0,0.00999999999999801
1.0,10.0,31.57,32.040001,31.549999,31.969999,928600.0,0.3999990000000011
1.0,9.0,30.459999,31.690001,30.43,31.6,1046700.0,1.1400010000000016
1.0,8.0,30.219999,30.5,30.01,30.43,550000.0,0.21000099999999833
1.0,7.0,30.530001,30.83,30.24,30.27,580800.0,-0.26000099999999904
1.0,6.0,30.809999,31.01,30.52,30.52,542900.0,-0.28999900000000167
1.0,3.0,30.559999,30.940001,30.559999,30.68,381000.0,0.12000099999999847
1.0,2.0,31.07,31.07,30.379999,30.530001,472300.0,-0.5399990000000017
12.0,31.0,31.129999,31.24,30.889999,31.08,301500.0,-0.049999000000003235
12.0,30.0,31.0,31.23,30.940001,31.120001,550800.0,0.12000099999999847
12.0,27.0,31.360001,31.4,30.860001,30.99,660600.0,-0.370001000000002
12.0,26.0,31.469999,31.540001,31.25,31.309999,434200.0,-0.16000000000000014
12.0,24.0,31.469999,31.620001,31.35,31.49,238500.0,0.02000099999999705
12.0,23.0,31.35,31.530001,31.17,31.530001,905300.0,0.1800009999999972
12.0,20.0,30.67,31.209999,30.48,31.200001,1182100.0,0.5300009999999986
12.0,19.0,30.690001,30.719999,30.52,30.65,918000.0,-0.040001000000000175
12.0,18.0,30.99,31.01,30.32,30.620001,1130500.0,-0.36999899999999997
12.0,17.0,31.27,31.450001,30.82,30.879999,813100.0,-0.39000099999999804
12.0,16.0,31.41,31.52,31.18,31.33,766300.0,-0.08000000000000185
12.0,13.0,31.309999,31.440001,30.860001,30.91,750800.0,-0.3999990000000011
12.0,12.0,31.030001,31.52,30.870001,31.35,559600.0,0.3199990000000028
12.0,11.0,31.549999,31.549999,30.99,31.049999,450300.0,-0.5
12.0,10.0,31.629999,31.73,31.4,31.49,646900.0,-0.1399990000000031
12.0,9.0,31.26,31.66,31.219999,31.629999,437200.0,0.36999899999999997
12.0,6.0,30.879999,31.23,30.84,31.209999,640300.0,0.3299999999999983
12.0,5.0,30.870001,30.99,30.719999,30.82,359600.0,-0.050000999999998186
12.0,4.0,31.059999,31.200001,30.43,30.969999,664400.0,-0.08999999999999986
12.0,3.0,31.860001,32.0,31.1,31.120001,658500.0,-0.740000000000002
12.0,2.0,31.82,32.0,31.66,31.98,749200.0,0.16000000000000014
11.0,29.0,31.889999,31.889999,31.639999,31.67,615600.0,-0.21999899999999784
11.0,27.0,31.6,31.799999,31.5,31.77,729100.0,0.16999999999999815
11.0,26.0,31.549999,31.73,31.440001,31.459999,806500.0,-0.08999999999999986
11.0,25.0,31.48,31.629999,31.34,31.549999,1149100.0,0.06999899999999926
11.0,22.0,31.48,31.5,31.200001,31.32,1136700.0,-0.16000000000000014
11.0,21.0,30.98,31.52,30.76,31.469999,7448200.0,0.48999900000000096
11.0,20.0,33.09,33.23,32.650002,32.759998,328900.0,-0.33000200000000035
11.0,19.0,32.939999,33.57,32.830002,32.93,423600.0,-0.009999000000000535
11.0,18.0,33.32,33.560001,32.880001,33.0,383300.0,-0.3200000000000003
11.0,15.0,33.169998,33.450001,33.09,33.290001,507900.0,0.12000299999999697
11.0,14.0,32.279999,33.09,32.040001,32.990002,600300.0,0.7100030000000004
11.0,13.0,32.040001,32.169998,31.75,32.16,440500.0,0.11999899999999997
11.0,12.0,31.83,32.009998,31.52,31.940001,749000.0,0.11000100000000046
11.0,11.0,31.790001,31.969999,31.67,31.74,359000.0,-0.05000100000000174
11.0,8.0,30.16,31.860001,30.16,31.83,775900.0,1.6699999999999982
11.0,7.0,30.75,30.860001,30.02,30.15,412200.0,-0.6000000000000014
11.0,6.0,30.41,30.9,30.4,30.780001,518100.0,0.37000099999999847
11.0,5.0,30.5,30.549999,29.98,30.219999,449300.0,-0.2800009999999986
11.0,4.0,30.200001,30.66,30.08,30.58,348900.0,0.379998999999998
11.0,1.0,29.43,30.030001,29.389999,29.959999,368400.0,0.5299990000000001
10.0,31.0,29.629999,29.719999,29.4,29.4,407800.0,-0.22999900000000295
10.0,30.0,30.24,30.379999,29.59,29.700001,549700.0,-0.5399989999999981
10.0,29.0,30.5,30.82,29.959999,30.280001,416700.0,-0.2199990000000014
10.0,28.0,30.450001,30.469999,30.15,30.469999,849600.0,0.01999800000000107
10.0,25.0,29.969999,30.25,29.780001,30.23,457300.0,0.26000099999999904
10.0,24.0,29.6,29.93,29.559999,29.870001,522500.0,0.27000099999999705
10.0,23.0,28.959999,29.610001,28.9,29.49,1066900.0,0.5300009999999986
10.0,22.0,28.99,29.24,28.9,28.959999,535100.0,-0.030000999999998612
10.0,21.0,28.809999,29.030001,28.809999,28.9,388700.0,0.09000099999999733
10.0,18.0,28.870001,29.0,28.700001,28.799999,595900.0,-0.07000199999999879
10.0,17.0,28.52,28.77,28.52,28.67,513800.0,0.15000000000000213
10.0,16.0,28.709999,28.889999,28.51,28.6,417100.0,-0.1099989999999984
10.0,15.0,28.629999,28.66,28.360001,28.559999,465700.0,-0.07000000000000028
10.0,14.0,28.4,28.67,28.33,28.65,643400.0,0.25
10.0,11.0,28.459999,28.780001,28.459999,28.639999,729700.0,0.17999999999999972
10.0,10.0,28.0,28.51,27.98,28.49,733100.0,0.48999999999999844
10.0,9.0,27.85,27.950001,27.379999,27.73,415800.0,-0.120000000000001
10.0,8.0,28.139999,28.299999,27.6,27.780001,343000.0,-0.35999800000000093
10.0,7.0,28.030001,28.290001,27.940001,28.15,281400.0,0.11999899999999997
10.0,4.0,27.959999,28.26,27.959999,28.17,413800.0,0.21000100000000188
10.0,3.0,28.51,28.65,27.91,27.950001,512700.0,-0.5599990000000012
10.0,2.0,28.16,28.549999,28.01,28.51,444300.0,0.3500000000000014
10.0,1.0,27.66,28.5,27.66,28.34,495100.0,0.6799999999999997
9.0,30.0,27.5,27.870001,27.41,27.66,476700.0,0.16000000000000014
9.0,27.0,27.77,27.85,27.57,27.629999,255700.0,-0.14000099999999804
9.0,26.0,27.76,27.99,27.65,27.84,502400.0,0.0799999999999983
9.0,25.0,27.65,27.969999,27.51,27.77,710100.0,0.120000000000001
9.0,24.0,27.799999,27.870001,27.51,27.65,406700.0,-0.1499990000000011
9.0,23.0,28.0,28.1,27.709999,27.74,561800.0,-0.26000000000000156
9.0,20.0,28.030001,28.16,27.93,28.110001,753900.0,0.08000000000000185
9.0,19.0,28.49,28.5,27.969999,28.059999,682800.0,-0.4300009999999972
9.0,18.0,27.629999,28.469999,27.42,28.4,564800.0,0.770000999999997
9.0,17.0,27.129999,27.84,27.0,27.719999,656400.0,0.5899999999999999
9.0,16.0,27.370001,27.389999,27.059999,27.200001,233400.0,-0.16999999999999815
9.0,13.0,27.23,27.25,26.91,27.1,287700.0,-0.129999999999999
9.0,12.0,27.290001,27.450001,27.02,27.139999,494400.0,-0.15000200000000063
9.0,11.0,26.9,27.389999,26.74,27.24,419700.0,0.33999999999999986
9.0,10.0,26.9,27.059999,26.77,27.01,416100.0,0.11000000000000298
9.0,9.0,26.530001,27.049999,26.33,26.83,312000.0,0.2999989999999997
9.0,6.0,27.07,27.07,26.51,26.549999,570300.0,-0.5200010000000006
9.0,5.0,26.360001,27.040001,26.25,26.969999,406600.0,0.6099980000000009
9.0,4.0,26.040001,26.34,25.99,26.190001,370600.0,0.14999999999999858
9.0,3.0,26.1,26.190001,25.860001,26.01,291800.0,-0.08999999999999986
8.0,30.0,26.16,26.26,25.74,25.799999,295900.0,-0.36000100000000046
8.0,29.0,26.040001,26.309999,25.91,26.17,447100.0,0.12999900000000153
8.0,28.0,26.25,26.25,25.879999,26.059999,361200.0,-0.19000099999999875
8.0,27.0,26.4,26.42,26.17,26.32,308700.0,-0.0799999999999983
8.0,26.0,26.469999,26.860001,26.35,26.639999,435300.0,0.16999999999999815
8.0,23.0,26.610001,26.73,26.18,26.610001,263000.0,0.0
8.0,22.0,25.940001,26.690001,25.93,26.51,253000.0,0.5699990000000028
8.0,21.0,26.16,26.16,25.889999,25.93,330000.0,-0.23000000000000043
8.0,20.0,26.0,26.34,25.77,26.190001,514900.0,0.19000099999999875
8.0,19.0,26.27,26.389999,25.82,25.99,522000.0,-0.28000000000000114
8.0,16.0,26.66,26.860001,26.33,26.440001,444000.0,-0.2199990000000014
8.0,15.0,27.02,27.040001,26.440001,26.76,458300.0,-0.259999999999998
8.0,14.0,27.08,27.34,27.030001,27.18,628900.0,0.10000000000000142
8.0,13.0,26.969999,27.059999,26.73,27.01,850400.0,0.040001000000000175
8.0,12.0,26.879999,27.02,26.26,26.969999,997600.0,0.08999999999999986
8.0,9.0,27.02,27.549999,26.870001,26.959999,697900.0,-0.06000099999999975
8.0,8.0,27.41,27.530001,27.18,27.299999,483000.0,-0.11000100000000046
8.0,7.0,27.379999,27.469999,27.08,27.360001,656400.0,-0.01999800000000107
8.0,6.0,27.780001,27.780001,27.01,27.370001,581700.0,-0.41000000000000014
8.0,5.0,27.860001,28.1,27.66,27.809999,485600.0,-0.050001999999999214
8.0,2.0,27.84,27.92,27.440001,27.860001,426800.0,0.0200010000000006
8.0,1.0,28.219999,28.24,27.799999,27.959999,476200.0,-0.26000000000000156
7.0,31.0,28.07,28.209999,27.809999,27.879999,314300.0,-0.19000099999999875
7.0,30.0,27.92,28.219999,27.74,28.08,311300.0,0.1599999999999966
7.0,29.0,27.84,28.07,27.52,27.82,77400.0,-0.019999999999999574
7.0,26.0,27.48,27.969999,27.27,27.950001,446700.0,0.4700009999999999
7.0,25.0,27.82,28.01,27.58,27.66,296800.0,-0.16000000000000014
7.0,24.0,28.690001,28.690001,27.9,27.950001,563000.0,-0.7399999999999984
7.0,23.0,28.59,28.879999,28.59,28.67,594000.0,0.08000000000000185
7.0,22.0,28.469999,28.719999,28.280001,28.620001,691300.0,0.15000199999999708
7.0,19.0,28.549999,28.549999,28.219999,28.51,353500.0,-0.03999899999999812
7.0,18.0,28.51,28.85,28.4,28.5,999800.0,-0.010000000000001563
7.0,17.0,28.5,28.73,28.32,28.51,672400.0,0.010000000000001563
7.0,16.0,28.42,28.6,28.309999,28.5,458700.0,0.0799999999999983
7.0,15.0,28.49,28.73,28.139999,28.43,551500.0,-0.05999999999999872
7.0,12.0,28.1,28.440001,28.1,28.440001,573700.0,0.34000099999999733
7.0,11.0,28.110001,28.129999,27.75,28.08,311300.0,-0.030001000000002165
7.0,10.0,27.99,28.08,27.690001,27.860001,363700.0,-0.12999899999999798
7.0,9.0,27.74,28.18,27.74,28.0,397500.0,0.26000000000000156
7.0,8.0,27.549999,27.9,27.5,27.76,422600.0,0.21000100000000188
7.0,5.0,27.57,27.719999,27.15,27.450001,216200.0,-0.11999899999999997
7.0,3.0,27.26,27.530001,27.18,27.41,235500.0,0.14999999999999858
7.0,2.0,27.280001,27.610001,27.120001,27.309999,386800.0,0.029998000000002634
7.0,1.0,27.42,27.530001,27.219999,27.309999,415100.0,-0.11000100000000046
6.0,28.0,27.309999,27.799999,27.049999,27.59,823000.0,0.2800009999999986
6.0,27.0,26.870001,27.360001,26.85,27.35,395000.0,0.47999900000000295
6.0,26.0,27.0,27.09,26.51,26.719999,257100.0,-0.2800009999999986
6.0,25.0,26.299999,26.959999,26.02,26.709999,754500.0,0.41000000000000014
6.0,24.0,26.129999,26.23,25.129999,26.18,916800.0,0.050000999999998186
6.0,21.0,27.18,27.18,25.969999,26.450001,731800.0,-0.7299989999999994
6.0,20.0,27.85,27.85,26.959999,26.99,391900.0,-0.860000000000003
6.0,19.0,28.459999,28.459999,27.940001,27.99,176700.0,-0.4699990000000014
6.0,18.0,27.92,28.459999,27.92,28.4,284000.0,0.4799999999999969
6.0,17.0,27.889999,28.24,27.690001,27.85,166900.0,-0.03999899999999812
6.0,14.0,27.940001,28.08,27.59,27.74,267800.0,-0.20000100000000032
6.0,13.0,27.540001,28.129999,27.26,28.01,697000.0,0.4699990000000014
6.0,12.0,27.469999,27.65,27.110001,27.24,266500.0,-0.22999900000000295
6.0,11.0,27.34,27.6,27.049999,27.360001,295000.0,0.0200010000000006
6.0,10.0,27.110001,27.6,26.91,27.6,492800.0,0.48999900000000096
6.0,7.0,28.0,28.02,27.030001,27.059999,595000.0,-0.9400009999999988
6.0,6.0,27.219999,27.610001,27.18,27.6,404500.0,0.38000100000000003
6.0,5.0,28.0,28.0,26.74,27.15,866100.0,-0.8500000000000014
6.0,4.0,28.66,28.799999,27.82,27.860001,1037600.0,-0.7999989999999997
6.0,3.0,28.110001,28.65,27.959999,28.59,1067200.0,0.4799989999999994
5.0,31.0,27.27,28.540001,27.200001,28.0,3866900.0,0.7300000000000004
5.0,30.0,28.01,28.01,27.09,27.459999,1148300.0,-0.5500010000000017
5.0,29.0,28.6,28.639999,27.440001,28.16,608500.0,-0.4400000000000013
5.0,28.0,28.93,29.66,28.5,28.879999,410100.0,-0.050000999999998186
5.0,24.0,28.74,29.02,28.379999,28.889999,205800.0,0.1499990000000011
5.0,23.0,28.84,29.02,28.209999,28.799999,651100.0,-0.040001000000000175
5.0,22.0,29.98,30.120001,29.41,29.440001,422200.0,-0.5399990000000017
5.0,21.0,29.99,30.309999,29.92,30.040001,314100.0,0.05000100000000174
5.0,20.0,29.92,30.52,29.9,30.030001,341600.0,0.1100009999999969
5.0,17.0,29.4,30.040001,29.4,29.879999,209500.0,0.47999900000000295
5.0,16.0,30.049999,30.290001,29.43,29.52,478800.0,-0.5299990000000001
5.0,15.0,28.16,30.4,28.1,30.190001,818500.0,2.0300009999999986
5.0,14.0,29.440001,29.59,28.209999,28.370001,939200.0,-1.0700000000000003
5.0,13.0,30.280001,30.280001,29.129999,29.540001,619000.0,-0.7399999999999984
5.0,10.0,28.9,30.190001,28.6,30.0,1365900.0,1.1000000000000014
5.0,9.0,30.0,31.0,29.76,30.58,1331000.0,0.5799999999999983
5.0,8.0,29.719999,29.77,29.290001,29.42,486100.0,-0.2999989999999997
5.0,7.0,28.379999,29.610001,28.209999,29.4,459100.0,1.020000999999997
5.0,6.0,28.030001,28.51,28.01,28.290001,234300.0,0.26000000000000156
5.0,3.0,27.860001,28.540001,27.780001,28.24,265100.0,0.379998999999998
5.0,2.0,27.4,27.809999,27.32,27.700001,304100.0,0.30000100000000174
5.0,1.0,27.389999,27.52,27.110001,27.290001,288200.0,-0.09999799999999937
4.0,30.0,27.209999,27.879999,26.879999,27.51,365000.0,0.30000100000000174
4.0,29.0,26.6,27.17,26.469999,27.139999,453600.0,0.5399989999999981
4.0,26.0,26.4,26.549999,26.200001,26.469999,260300.0,0.06999900000000281
4.0,25.0,26.299999,26.610001,25.469999,26.4,535000.0,0.1000009999999989
4.0,24.0,26.559999,26.700001,26.23,26.41,324800.0,-0.1499990000000011
4.0,23.0,26.65,26.709999,26.450001,26.6,289500.0,-0.04999999999999716
4.0,22.0,26.709999,26.84,26.34,26.5,291700.0,-0.20999899999999982
4.0,19.0,26.620001,26.860001,26.549999,26.700001,344600.0,0.08000000000000185
4.0,18.0,27.709999,27.93,26.33,26.639999,559600.0,-1.0700000000000003
4.0,17.0,28.549999,28.67,27.639999,27.690001,351200.0,-0.8599980000000009
4.0,16.0,28.370001,28.940001,28.370001,28.75,257000.0,0.37999900000000153
4.0,15.0,28.75,28.809999,28.059999,28.18,307600.0,-0.5700000000000003
4.0,12.0,28.93,29.15,28.629999,28.91,183800.0,-0.019999999999999574
4.0,11.0,28.75,29.07,28.58,29.01,350300.0,0.26000000000000156
4.0,10.0,28.24,28.790001,28.09,28.530001,327900.0,0.2900010000000002
4.0,9.0,28.309999,29.379999,27.98,28.129999,371000.0,-0.17999999999999972
4.0,8.0,27.23,28.129999,27.23,28.110001,456100.0,0.880001
4.0,5.0,27.15,27.190001,26.5,27.09,376500.0,-0.05999999999999872
4.0,4.0,27.16,27.76,27.059999,27.469999,563900.0,0.30999900000000125
4.0,3.0,28.450001,28.99,26.99,27.200001,835300.0,-1.25
4.0,2.0,28.879999,29.09,28.389999,28.540001,340800.0,-0.33999800000000135
4.0,1.0,29.25,29.27,28.450001,28.889999,330500.0,-0.36000100000000046
3.0,28.0,29.120001,29.360001,28.950001,29.32,271800.0,0.19999900000000181
3.0,27.0,28.98,29.07,28.780001,29.049999,276300.0,0.06999899999999926
3.0,26.0,29.059999,29.200001,28.92,29.01,403900.0,-0.04999899999999968
3.0,25.0,29.129999,29.219999,28.860001,29.0,266200.0,-0.12999900000000153
3.0,22.0,29.030001,29.200001,28.84,28.93,227900.0,-0.1000009999999989
3.0,21.0,29.0,29.540001,28.969999,28.969999,546100.0,-0.030000999999998612
3.0,20.0,28.85,29.08,28.65,29.0,650800.0,0.14999999999999858
3.0,19.0,29.030001,29.1,28.43,28.76,88600.0,-0.27000099999999705
3.0,18.0,29.34,29.370001,28.93,29.0,611100.0,-0.33999999999999986
3.0,15.0,29.0,29.870001,28.73,29.360001,1104500.0,0.36000100000000046
3.0,14.0,28.42,29.1,28.42,28.940001,699400.0,0.520000999999997
3.0,13.0,28.5,28.940001,28.41,28.6,336200.0,0.10000000000000142
3.0,12.0,28.51,28.540001,28.07,28.32,371100.0,-0.19000000000000128
3.0,11.0,28.870001,28.879999,28.280001,28.42,321900.0,-0.45000099999999676
3.0,8.0,28.5,28.860001,28.370001,28.809999,422300.0,0.30999900000000125
3.0,7.0,28.59,28.85,28.34,28.49,610700.0,-0.10000000000000142
3.0,6.0,29.120001,29.719999,28.629999,28.639999,646400.0,-0.48000199999999893
3.0,5.0,28.77,29.09,28.629999,28.75,617500.0,-0.019999999999999574
3.0,4.0,28.709999,28.73,28.059999,28.48,688000.0,-0.2299989999999994
3.0,1.0,27.629999,28.6,26.9,28.51,1011100.0,0.880001
2.0,28.0,27.15,27.440001,27.040001,27.17,664200.0,0.020000000000003126
2.0,27.0,26.17,27.200001,26.049999,26.92,406600.0,0.75
2.0,26.0,26.639999,26.950001,25.77,26.23,601500.0,-0.4099989999999991
2.0,25.0,26.9,27.299999,26.639999,26.639999,428900.0,-0.26000099999999904
2.0,22.0,26.65,27.1,26.5,26.690001,558200.0,0.040001000000000175
2.0,21.0,26.65,26.799999,26.209999,26.469999,531100.0,-0.1800009999999972
2.0,20.0,26.469999,27.35,26.469999,26.6,743000.0,0.13000100000000003
2.0,19.0,26.5,26.549999,26.219999,26.35,500400.0,-0.14999999999999858
2.0,15.0,26.26,26.5,26.209999,26.43,705100.0,0.16999999999999815
2.0,14.0,25.889999,26.32,25.82,26.24,300000.0,0.3500009999999989
2.0,13.0,25.85,26.049999,25.719999,25.9,437500.0,0.04999999999999716
2.0,12.0,26.08,26.129999,25.799999,25.85,433100.0,-0.22999999999999687
2.0,11.0,26.08,26.26,25.700001,26.040001,399000.0,-0.03999899999999812
2.0,8.0,25.690001,26.33,25.57,25.92,356800.0,0.22999900000000295
2.0,7.0,25.15,25.780001,25.15,25.559999,348800.0,0.40999900000000267
2.0,6.0,24.889999,25.25,24.860001,25.08,312900.0,0.19000099999999875
2.0,5.0,24.66,24.91,24.6,24.860001,409500.0,0.20000100000000032
2.0,4.0,24.950001,24.950001,24.459999,24.48,433300.0,-0.4700009999999999
2.0,1.0,24.040001,24.469999,23.940001,24.41,491400.0,0.36999899999999997
1.0,31.0,23.75,23.98,23.700001,23.870001,279500.0,0.12000099999999847
1.0,30.0,23.76,23.940001,23.620001,23.719999,360600.0,-0.040001000000000175
1.0,29.0,23.620001,23.73,23.370001,23.68,263300.0,0.059999000000001246
1.0,28.0,23.68,23.870001,23.280001,23.719999,351200.0,0.03999900000000167
1.0,25.0,23.190001,23.99,23.15,23.620001,424500.0,0.4299999999999997
1.0,24.0,23.18,23.41,22.98,23.030001,449600.0,-0.1499990000000011
1.0,23.0,22.99,23.049999,22.65,23.0,383700.0,0.010000000000001563
1.0,22.0,23.549999,23.6,22.700001,22.84,373800.0,-0.7099989999999998
1.0,18.0,22.82,23.459999,22.690001,23.440001,712200.0,0.6200009999999985
1.0,17.0,22.700001,22.83,22.43,22.75,344200.0,0.04999899999999968
1.0,16.0,22.450001,22.58,22.35,22.48,456900.0,0.02999900000000011
1.0,15.0,22.690001,22.799999,22.07,22.43,556600.0,-0.26000099999999904
1.0,14.0,22.5,22.790001,22.43,22.690001,461600.0,0.19000099999999875
1.0,11.0,22.120001,22.450001,22.049999,22.43,304500.0,0.30999900000000125
1.0,10.0,22.030001,22.120001,21.91,22.02,120700.0,-0.010000999999999038
1.0,9.0,22.040001,22.049999,21.780001,21.889999,262900.0,-0.15000200000000063
1.0,8.0,22.48,22.620001,21.73,21.92,604300.0,-0.5599999999999987
1.0,7.0,22.190001,22.6,21.99,22.459999,639600.0,0.26999800000000107
1.0,4.0,22.24,22.33,22.059999,22.139999,259100.0,-0.1000009999999989
1.0,3.0,21.969999,22.32,21.860001,22.17,564200.0,0.20000100000000032
1.0,2.0,21.9,21.959999,21.75,21.959999,338900.0,0.059999000000001246
12.0,31.0,21.26,21.92,21.190001,21.5,223600.0,0.23999999999999844
12.0,28.0,21.219999,21.469999,21.110001,21.27,314700.0,0.050000999999998186
12.0,27.0,21.290001,21.389999,21.08,21.25,302800.0,-0.040001000000000175
12.0,26.0,21.549999,21.67,21.17,21.32,525300.0,-0.2299989999999994
12.0,24.0,21.67,21.799999,21.35,21.59,121300.0,-0.08000000000000185
12.0,21.0,21.83,21.85,21.49,21.719999,462100.0,-0.1100009999999969
12.0,20.0,22.25,22.33,21.959999,21.99,274300.0,-0.26000000000000156
12.0,19.0,22.17,22.4,21.84,22.200001,632600.0,0.030000999999998612
12.0,18.0,21.969999,22.389999,21.83,22.200001,330100.0,0.23000199999999893
12.0,17.0,21.709999,22.190001,21.549999,21.969999,408500.0,0.26000000000000156
12.0,14.0,22.200001,22.200001,21.58,21.700001,281100.0,-0.5
12.0,13.0,22.440001,22.629999,22.120001,22.190001,213800.0,-0.25
12.0,12.0,22.799999,22.92,22.41,22.49,416400.0,-0.30999900000000125
12.0,11.0,22.780001,22.950001,22.639999,22.74,297800.0,-0.040001000000000175
12.0,10.0,22.59,22.84,22.57,22.67,772700.0,0.08000000000000185
12.0,7.0,22.58,22.719999,22.42,22.709999,690600.0,0.12999900000000153
12.0,6.0,22.65,22.700001,22.48,22.559999,352100.0,-0.09000099999999733
12.0,5.0,22.59,22.719999,22.440001,22.57,354900.0,-0.019999999999999574
12.0,4.0,22.58,22.639999,22.190001,22.559999,704900.0,-0.02000099999999705
12.0,3.0,22.450001,22.549999,22.02,22.51,392900.0,0.059999000000001246
11.0,30.0,22.65,22.719999,22.120001,22.25,553700.0,-0.3999999999999986
11.0,29.0,22.57,22.719999,22.43,22.629999,278700.0,0.059999000000001246
11.0,28.0,22.59,22.68,22.290001,22.49,338600.0,-0.10000000000000142
11.0,27.0,22.559999,22.75,22.360001,22.66,528400.0,0.1000009999999989
11.0,26.0,22.459999,22.690001,22.18,22.629999,426900.0,0.1700000000000017
11.0,23.0,22.370001,22.52,22.290001,22.42,125400.0,0.049999000000003235
11.0,21.0,22.25,22.49,22.16,22.23,229000.0,-0.019999999999999574
11.0,20.0,22.26,22.48,22.1,22.120001,456100.0,-0.1399990000000031
11.0,19.0,22.700001,23.110001,22.299999,22.389999,696400.0,-0.3100020000000008
11.0,16.0,22.58,22.700001,22.4,22.530001,496400.0,-0.04999899999999968
11.0,15.0,22.389999,22.719999,22.33,22.52,459700.0,0.13000100000000003
11.0,14.0,22.780001,23.049999,22.26,22.43,787500.0,-0.3500009999999989
11.0,13.0,22.17,23.17,22.16,22.75,915800.0,0.5799999999999983
11.0,12.0,22.51,22.75,21.99,22.33,511900.0,-0.18000000000000327
11.0,9.0,21.469999,22.58,21.469999,22.09,724000.0,0.6200009999999985
11.0,8.0,21.559999,22.0,21.309999,21.360001,302900.0,-0.1999980000000008
11.0,7.0,21.92,22.129999,21.43,21.49,622700.0,-0.43000000000000327
11.0,6.0,21.66,22.35,21.66,22.15,600800.0,0.48999999999999844
11.0,5.0,21.07,21.65,20.940001,21.549999,433000.0,0.4799989999999994
11.0,2.0,21.24,21.51,20.870001,21.07,278100.0,-0.16999999999999815
11.0,1.0,20.809999,21.059999,20.719999,21.059999,356200.0,0.25
10.0,31.0,21.040001,21.040001,20.690001,20.82,439800.0,-0.2200009999999999
10.0,26.0,20.459999,20.85,20.33,20.85,372400.0,0.3900010000000016
10.0,25.0,20.309999,20.51,20.27,20.43,245000.0,0.12000099999999847
10.0,24.0,20.450001,20.549999,20.209999,20.26,351000.0,-0.19000099999999875
10.0,23.0,20.290001,20.469999,20.18,20.4,285900.0,0.1099989999999984
10.0,22.0,20.48,20.629999,20.370001,20.42,245400.0,-0.05999999999999872
10.0,19.0,20.549999,20.780001,20.129999,20.469999,248200.0,-0.0799999999999983
10.0,18.0,20.57,20.709999,20.52,20.59,193300.0,0.019999999999999574
10.0,17.0,20.65,20.940001,20.459999,20.52,313300.0,-0.129999999999999
10.0,16.0,20.6,20.610001,20.370001,20.57,140700.0,-0.030000000000001137
10.0,15.0,20.559999,20.65,20.370001,20.530001,209700.0,-0.029998000000002634
10.0,12.0,20.6,20.74,20.48,20.57,220900.0,-0.030000000000001137
10.0,11.0,20.879999,21.01,20.67,20.700001,179600.0,-0.1799980000000012
10.0,10.0,20.629999,21.0,20.549999,20.76,235200.0,0.13000100000000003
10.0,9.0,20.860001,20.93,20.48,20.549999,179200.0,-0.3100020000000008
10.0,8.0,20.780001,20.889999,20.57,20.690001,237800.0,-0.08999999999999986
10.0,5.0,20.42,20.790001,20.42,20.719999,621100.0,0.2999989999999997
10.0,4.0,20.49,20.549999,20.25,20.27,422000.0,-0.21999999999999886
10.0,3.0,20.540001,20.620001,20.16,20.33,243100.0,-0.21000100000000188
10.0,2.0,20.67,20.709999,20.48,20.559999,176900.0,-0.11000100000000046
10.0,1.0,20.48,20.73,20.23,20.59,281300.0,0.10999999999999943
9.0,28.0,20.32,20.5,20.200001,20.4,400800.0,0.0799999999999983
9.0,27.0,20.389999,20.540001,20.200001,20.48,403600.0,0.09000100000000089
9.0,26.0,20.48,20.530001,20.120001,20.190001,273200.0,-0.28999900000000167
9.0,25.0,21.049999,21.17,20.27,20.41,334200.0,-0.6399989999999995
9.0,24.0,21.08,21.200001,20.940001,21.030001,196900.0,-0.04999899999999968
9.0,21.0,21.1,21.209999,20.870001,21.200001,850100.0,0.1000009999999989
9.0,20.0,21.0,21.02,20.0,20.879999,1756500.0,-0.12000099999999847
9.0,19.0,21.209999,21.370001,21.110001,21.15,630400.0,-0.059999000000001246
9.0,18.0,21.83,21.870001,20.940001,21.25,638000.0,-0.5799999999999983
9.0,17.0,22.280001,22.34,21.75,21.860001,267900.0,-0.41999999999999815
9.0,14.0,22.35,22.51,22.17,22.290001,472400.0,-0.059999000000001246
9.0,13.0,22.379999,22.48,22.17,22.4,224000.0,0.02000099999999705
9.0,12.0,22.290001,22.52,22.18,22.389999,235000.0,0.09999799999999937
9.0,11.0,22.65,22.700001,22.190001,22.24,178300.0,-0.41000000000000014
9.0,10.0,22.549999,22.790001,22.52,22.690001,265700.0,0.14000199999999907
9.0,7.0,22.41,22.629999,22.32,22.459999,269400.0,0.04999899999999968
9.0,6.0,21.35,22.52,20.77,22.4,1118300.0,1.0499999999999972
9.0,5.0,21.48,21.780001,21.280001,21.540001,316000.0,0.06000099999999975
9.0,4.0,20.719999,21.690001,20.700001,21.6,400800.0,0.880001
8.0,31.0,20.780001,21.02,20.610001,20.620001,131000.0,-0.16000000000000014
8.0,30.0,20.83,20.83,20.48,20.709999,349900.0,-0.12000099999999847
8.0,29.0,20.780001,20.870001,20.65,20.83,104800.0,0.04999899999999968
8.0,28.0,20.799999,20.99,20.709999,20.73,155300.0,-0.06999899999999926
8.0,27.0,21.09,21.32,20.709999,20.84,265100.0,-0.25
8.0,24.0,20.82,21.129999,20.74,21.030001,253300.0,0.21000099999999833
8.0,23.0,21.280001,21.4,20.74,20.799999,211200.0,-0.48000199999999893
8.0,22.0,21.209999,21.360001,20.809999,21.290001,223100.0,0.08000200000000035
8.0,21.0,21.6,21.790001,21.16,21.219999,266700.0,-0.38000100000000003
8.0,20.0,21.33,21.59,21.18,21.57,429400.0,0.240000000000002
8.0,17.0,21.0,21.51,20.85,21.290001,307600.0,0.2900010000000002
8.0,16.0,20.68,20.790001,20.6,20.65,335500.0,-0.030000000000001137
8.0,15.0,20.6,20.75,20.299999,20.639999,162900.0,0.03999899999999812
8.0,14.0,20.700001,20.950001,20.6,20.65,151400.0,-0.05000100000000174
8.0,13.0,21.0,21.0,19.879999,20.59,341200.0,-0.41000000000000014
8.0,10.0,21.6,21.780001,20.51,21.01,480800.0,-0.5899999999999999
8.0,9.0,21.18,21.42,20.940001,21.0,426300.0,-0.17999999999999972
8.0,8.0,21.120001,21.35,21.0,21.129999,314700.0,0.00999800000000306
8.0,7.0,20.75,21.809999,20.719999,21.209999,262100.0,0.4599989999999998
8.0,6.0,20.559999,20.860001,20.49,20.66,223200.0,0.1000009999999989
8.0,3.0,19.66,20.65,19.66,20.5,223200.0,0.8399999999999999
8.0,2.0,19.49,19.77,19.23,19.48,308500.0,-0.00999999999999801
8.0,1.0,19.68,19.870001,19.24,19.49,245600.0,-0.19000000000000128
7.0,31.0,19.35,19.690001,19.32,19.68,361900.0,0.3299999999999983
7.0,30.0,19.5,19.51,19.280001,19.389999,118000.0,-0.11000100000000046
7.0,27.0,19.25,19.549999,19.190001,19.49,159900.0,0.23999999999999844
7.0,26.0,19.41,19.690001,18.959999,19.200001,219100.0,-0.20999899999999982
7.0,25.0,19.1,19.32,18.950001,19.23,372500.0,0.129999999999999
7.0,24.0,18.889999,19.08,18.82,19.030001,518000.0,0.14000199999999907
7.0,23.0,19.139999,19.16,18.85,18.98,516400.0,-0.15999899999999911
7.0,20.0,18.85,19.41,18.85,19.389999,833300.0,0.5399989999999981
7.0,19.0,18.690001,19.02,18.690001,18.860001,743900.0,0.1700000000000017
7.0,18.0,18.809999,19.0,18.450001,18.620001,346200.0,-0.18999800000000278
7.0,17.0,19.049999,19.15,18.74,18.76,354200.0,-0.2899989999999981
7.0,16.0,19.07,19.17,18.809999,18.99,380100.0,-0.08000000000000185
7.0,13.0,19.09,19.32,19.030001,19.07,261200.0,-0.019999999999999574
7.0,12.0,19.030001,19.27,18.92,19.01,240000.0,-0.02000099999999705
7.0,11.0,19.09,19.280001,18.99,19.09,357100.0,0.0
7.0,10.0,19.25,19.440001,19.01,19.02,298600.0,-0.23000000000000043
7.0,9.0,19.209999,19.57,19.030001,19.15,174000.0,-0.059999000000001246
7.0,6.0,19.33,19.389999,18.99,19.219999,206500.0,-0.1100009999999969
7.0,5.0,19.57,19.620001,19.33,19.5,264400.0,-0.07000000000000028
7.0,3.0,19.389999,19.77,19.389999,19.629999,258700.0,0.240000000000002
7.0,2.0,19.389999,20.280001,19.190001,19.41,349700.0,0.0200010000000006
6.0,29.0,19.530001,19.82,19.379999,19.389999,283400.0,-0.14000199999999907
6.0,28.0,19.26,19.43,19.0,19.280001,343800.0,0.02000099999999705
6.0,27.0,19.15,19.5,18.969999,19.4,330900.0,0.25
6.0,26.0,19.110001,19.15,18.66,19.1,420700.0,-0.010000999999999038
6.0,25.0,19.299999,19.370001,18.9,19.02,425600.0,-0.2799990000000001
6.0,22.0,19.629999,19.860001,19.35,19.379999,2066900.0,-0.25
6.0,21.0,19.75,20.030001,19.540001,19.639999,832400.0,-0.11000100000000046
6.0,20.0,20.4,20.51,19.82,19.83,1071100.0,-0.5700000000000003
6.0,19.0,19.950001,20.889999,19.950001,20.4,875200.0,0.44999899999999826
6.0,18.0,19.860001,20.1,19.75,19.940001,846800.0,0.0799999999999983
6.0,15.0,20.190001,20.280001,19.889999,19.9,831300.0,-0.2900010000000002
6.0,14.0,20.209999,20.6,20.049999,20.15,950300.0,-0.059999000000001246
6.0,13.0,20.290001,20.389999,20.059999,20.25,768900.0,-0.040001000000000175
6.0,12.0,20.290001,20.450001,20.17,20.25,552600.0,-0.040001000000000175
6.0,11.0,20.52,20.65,20.139999,20.200001,599400.0,-0.31999899999999926
6.0,8.0,20.42,20.559999,20.120001,20.4,770700.0,-0.020000000000003126
6.0,7.0,20.860001,21.049999,20.4,20.41,425300.0,-0.4500010000000003
6.0,6.0,20.67,20.93,20.49,20.73,553800.0,0.05999999999999872
6.0,5.0,20.190001,20.59,20.190001,20.51,412100.0,0.3199990000000028
6.0,4.0,20.440001,20.459999,19.860001,20.190001,334000.0,-0.25
6.0,1.0,20.709999,20.76,20.17,20.41,246600.0,-0.2999989999999997
5.0,31.0,21.07,21.200001,20.690001,20.93,443100.0,-0.14000000000000057
5.0,30.0,21.290001,21.4,20.73,21.120001,316000.0,-0.1700000000000017
5.0,29.0,21.030001,21.389999,20.98,21.309999,214900.0,0.27999800000000263
5.0,25.0,20.85,20.91,20.610001,20.780001,269500.0,-0.06999900000000281
5.0,24.0,21.02,21.09,20.52,20.84,276100.0,-0.17999999999999972
5.0,23.0,20.780001,21.059999,20.24,20.959999,363000.0,0.1799980000000012
5.0,22.0,20.719999,21.200001,20.719999,20.92,224000.0,0.20000100000000032
5.0,21.0,20.59,21.16,20.469999,20.84,325500.0,0.25
5.0,18.0,21.469999,21.59,20.23,20.610001,670500.0,-0.8599980000000009
5.0,17.0,22.450001,22.49,21.4,21.48,797600.0,-0.9700009999999999
5.0,16.0,22.25,22.610001,21.959999,22.43,943100.0,0.17999999999999972
5.0,15.0,20.73,22.84,20.42,22.41,1802100.0,1.6799999999999997
5.0,14.0,23.790001,23.92,23.5,23.610001,239900.0,-0.17999999999999972
5.0,11.0,23.620001,23.93,23.6,23.9,194000.0,0.2799990000000001
5.0,10.0,24.0,24.08,23.629999,23.690001,235000.0,-0.30999900000000125
5.0,9.0,23.52,24.24,23.389999,23.870001,619200.0,0.3500009999999989
5.0,8.0,23.42,23.700001,23.18,23.68,513100.0,0.259999999999998
5.0,7.0,23.139999,23.610001,22.940001,23.549999,344000.0,0.41000000000000014
5.0,4.0,22.690001,23.299999,22.690001,23.200001,456600.0,0.5100000000000016
5.0,3.0,22.940001,23.02,22.540001,22.73,682000.0,-0.21000099999999833
5.0,2.0,23.309999,23.389999,22.82,23.059999,672800.0,-0.25
5.0,1.0,23.5,23.879999,23.17,23.4,694100.0,-0.10000000000000142
4.0,30.0,23.879999,24.049999,23.360001,23.52,518000.0,-0.35999900000000196
4.0,27.0,24.360001,24.360001,23.65,23.77,513300.0,-0.5900010000000009
4.0,26.0,24.690001,24.860001,24.16,24.360001,489300.0,-0.3299999999999983
4.0,25.0,24.379999,24.93,23.99,24.76,818700.0,0.38000100000000003
4.0,24.0,24.629999,24.91,24.549999,24.790001,196300.0,0.16000199999999865
4.0,23.0,24.77,24.77,24.200001,24.66,191000.0,-0.10999999999999943
4.0,20.0,24.6,25.0,24.43,24.9,273000.0,0.29999999999999716
4.0,19.0,24.26,24.610001,24.059999,24.6,202700.0,0.33999999999999986
4.0,18.0,24.6,24.6,24.139999,24.24,216400.0,-0.360000000000003
4.0,17.0,24.190001,24.9,24.120001,24.6,748900.0,0.40999900000000267
4.0,16.0,23.370001,24.379999,23.17,24.110001,338500.0,0.740000000000002
4.0,13.0,23.41,23.41,23.120001,23.290001,123500.0,-0.11999899999999997
4.0,12.0,23.17,23.59,23.17,23.48,114800.0,0.3099999999999987
4.0,11.0,22.84,23.25,22.639999,23.200001,319600.0,0.36000100000000046
4.0,10.0,23.040001,23.33,22.6,22.709999,290400.0,-0.33000200000000035
4.0,9.0,23.23,23.51,23.049999,23.110001,203100.0,-0.11999899999999997
4.0,5.0,23.639999,23.700001,23.15,23.52,269400.0,-0.11999899999999997
4.0,4.0,23.83,23.93,23.07,23.719999,454400.0,-0.1100009999999969
4.0,3.0,24.24,24.27,23.889999,23.99,239300.0,-0.25
4.0,2.0,24.01,24.33,23.709999,24.09,185800.0,0.0799999999999983
3.0,30.0,24.059999,24.139999,23.74,24.07,305100.0,0.010000999999999038
3.0,29.0,24.059999,24.450001,23.879999,23.940001,437400.0,-0.11999800000000249
3.0,28.0,24.9,24.9,24.049999,24.24,334900.0,-0.6600000000000001
3.0,27.0,24.549999,25.190001,24.42,24.92,525600.0,0.370001000000002
3.0,26.0,24.459999,25.1,24.32,24.57,474100.0,0.11000100000000046
3.0,23.0,24.379999,24.540001,24.23,24.370001,304400.0,-0.00999800000000306
3.0,22.0,24.93,25.110001,24.4,24.4,249800.0,-0.5300000000000011
3.0,21.0,25.049999,25.34,24.719999,25.1,370100.0,0.05000100000000174
3.0,20.0,24.25,25.33,23.93,25.059999,596800.0,0.8099990000000012
3.0,19.0,24.32,25.1,23.99,24.35,538300.0,0.030000000000001137
3.0,16.0,24.0,24.32,23.690001,24.309999,954900.0,0.30999900000000125
3.0,15.0,24.15,24.35,23.85,24.0,367200.0,-0.14999999999999858
3.0,14.0,24.27,24.51,24.0,24.1,472600.0,-0.16999999999999815
3.0,13.0,24.559999,24.559999,23.91,24.35,692700.0,-0.20999899999999982
3.0,12.0,24.58,24.67,23.889999,24.290001,422000.0,-0.2899989999999981
3.0,9.0,23.959999,25.07,23.799999,24.4,535800.0,0.44000099999999875
3.0,8.0,23.92,24.190001,23.75,23.85,320100.0,-0.07000000000000028
3.0,7.0,23.92,24.08,23.629999,23.74,238000.0,-0.18000000000000327
3.0,6.0,24.17,24.379999,23.799999,23.93,142400.0,-0.240000000000002
3.0,5.0,24.620001,24.82,24.25,24.42,108400.0,-0.20000099999999676
3.0,2.0,24.639999,24.799999,24.450001,24.65,353300.0,0.010000999999999038
3.0,1.0,24.690001,25.280001,24.549999,24.68,457100.0,-0.010000999999999038
2.0,29.0,24.879999,24.92,24.42,24.59,442800.0,-0.28999900000000167
2.0,28.0,24.870001,25.129999,24.6,24.790001,523700.0,-0.0799999999999983
2.0,27.0,24.76,25.02,24.209999,24.790001,565200.0,0.030000999999998612
2.0,24.0,25.4,25.4,24.92,24.99,364200.0,-0.41000000000000014
2.0,23.0,25.66,25.66,25.290001,25.299999,337700.0,-0.36000100000000046
2.0,22.0,25.77,26.24,25.58,25.66,369200.0,-0.10999999999999943
2.0,21.0,25.92,26.049999,25.32,25.469999,236600.0,-0.4500010000000003
2.0,17.0,26.469999,26.469999,25.76,25.860001,401800.0,-0.6099980000000009
2.0,16.0,25.48,26.4,25.450001,26.4,461400.0,0.9199999999999982
2.0,15.0,25.42,25.530001,25.26,25.43,300500.0,0.00999999999999801
2.0,14.0,25.209999,25.52,25.09,25.4,289200.0,0.19000099999999875
2.0,13.0,25.309999,25.620001,24.75,25.23,485200.0,-0.07999900000000082
2.0,10.0,25.190001,25.59,25.139999,25.27,154300.0,0.07999900000000082
2.0,9.0,25.85,25.98,25.290001,25.379999,304400.0,-0.4700009999999999
2.0,8.0,25.34,25.84,25.299999,25.82,516200.0,0.4800000000000004
2.0,7.0,25.41,25.58,24.959999,25.27,329600.0,-0.14000000000000057
2.0,6.0,25.370001,25.620001,25.139999,25.48,513800.0,0.10999900000000196
2.0,3.0,25.459999,25.52,24.92,25.379999,302900.0,-0.0799999999999983
2.0,2.0,25.25,25.639999,24.639999,25.219999,623600.0,-0.030000999999998612
2.0,1.0,25.360001,26.040001,25.0,25.129999,578900.0,-0.23000199999999893
1.0,31.0,25.23,25.41,25.120001,25.26,426400.0,0.030000000000001137
1.0,30.0,25.26,25.41,25.0,25.200001,971400.0,-0.059999000000001246
1.0,27.0,25.18,25.42,24.870001,25.360001,103900.0,0.18000100000000074
1.0,26.0,25.77,25.77,25.25,25.370001,459200.0,-0.3999990000000011
1.0,25.0,25.41,25.83,25.219999,25.58,991300.0,0.16999999999999815
1.0,24.0,24.370001,25.02,24.1,24.889999,126800.0,0.5199980000000011
1.0,23.0,24.9,25.120001,24.540001,24.59,143100.0,-0.3099999999999987
1.0,20.0,24.440001,25.01,24.41,24.9,219400.0,0.4599989999999998
1.0,19.0,24.950001,24.969999,24.389999,24.49,275500.0,-0.4600010000000019
1.0,18.0,24.870001,25.030001,24.84,24.959999,120600.0,0.08999800000000135
1.0,17.0,25.110001,25.209999,24.73,24.92,152900.0,-0.19000099999999875
1.0,13.0,24.93,25.030001,24.74,24.99,143700.0,0.05999999999999872
1.0,12.0,24.92,25.049999,24.629999,24.99,308800.0,0.06999999999999673
1.0,11.0,24.610001,25.0,24.57,24.92,388400.0,0.30999900000000125
1.0,10.0,24.0,24.620001,23.719999,24.48,960300.0,0.4800000000000004
1.0,9.0,23.389999,23.75,23.32,23.74,121800.0,0.3500009999999989
1.0,6.0,23.75,23.75,23.18,23.280001,219300.0,-0.4699990000000014
1.0,5.0,23.469999,23.75,23.1,23.42,175600.0,-0.04999899999999968
1.0,4.0,23.389999,23.950001,23.389999,23.6,181300.0,0.21000100000000188
1.0,3.0,23.92,24.0,23.32,23.52,263500.0,-0.40000000000000213
12.0,30.0,23.58,23.709999,23.49,23.709999,109000.0,0.12999900000000153
12.0,29.0,23.65,23.709999,23.42,23.459999,197100.0,-0.19000099999999875
12.0,28.0,23.639999,23.940001,23.450001,23.709999,171400.0,0.07000000000000028
12.0,27.0,23.5,23.889999,23.379999,23.76,333600.0,0.26000000000000156
12.0,23.0,23.83,23.860001,23.459999,23.549999,81000.0,-0.2800009999999986
12.0,22.0,23.879999,23.93,23.389999,23.84,454400.0,-0.03999900000000167
12.0,21.0,23.639999,23.950001,23.200001,23.75,525700.0,0.11000100000000046
12.0,20.0,22.98,23.709999,22.51,23.66,637300.0,0.6799999999999997
12.0,19.0,22.59,22.959999,22.51,22.719999,377500.0,0.12999900000000153
12.0,16.0,23.0,23.0,22.07,22.5,499200.0,-0.5
12.0,15.0,22.09,23.190001,21.889999,22.85,541700.0,0.7600000000000016
12.0,14.0,22.629999,22.82,21.73,21.77,290500.0,-0.859999000000002
12.0,13.0,23.530001,23.6,22.65,22.82,341400.0,-0.7100009999999983
12.0,12.0,22.959999,23.370001,22.84,23.34,372700.0,0.38000100000000003
12.0,9.0,23.25,23.35,22.99,23.0,333100.0,-0.25
12.0,8.0,23.42,23.469999,23.07,23.129999,218600.0,-0.2900010000000002
12.0,7.0,23.360001,23.540001,23.209999,23.450001,202800.0,0.08999999999999986
12.0,6.0,23.139999,23.57,23.1,23.5,190100.0,0.36000100000000046
12.0,5.0,23.5,23.540001,23.18,23.25,173900.0,-0.25
12.0,2.0,23.190001,23.25,22.940001,23.15,354300.0,-0.040001000000000175
12.0,1.0,22.32,23.110001,22.25,22.9,675100.0,0.5799999999999983
11.0,30.0,22.940001,22.940001,22.049999,22.42,3656300.0,-0.520000999999997
11.0,29.0,21.860001,22.17,21.43,21.940001,657900.0,0.0799999999999983
11.0,28.0,22.629999,22.629999,21.77,21.799999,493300.0,-0.8300000000000018
11.0,25.0,21.950001,22.4,21.950001,22.23,108600.0,0.2799990000000001
11.0,23.0,21.799999,22.18,21.719999,21.950001,386100.0,0.15000200000000063
11.0,22.0,21.65,22.1,21.059999,22.02,633800.0,0.370000000000001
11.0,21.0,22.299999,22.9,21.42,21.700001,548800.0,-0.5999979999999994
11.0,18.0,21.99,22.74,21.719999,22.68,430700.0,0.6900000000000013
11.0,17.0,22.190001,22.299999,21.6,21.9,638300.0,-0.2900010000000002
11.0,16.0,22.09,22.82,21.809999,22.190001,1652300.0,0.1000009999999989
11.0,15.0,22.0,22.9,20.879999,22.389999,1737600.0,0.38999899999999954
11.0,14.0,23.040001,23.309999,22.799999,23.08,449900.0,0.03999899999999812
11.0,11.0,22.73,23.280001,21.450001,23.16,750400.0,0.4299999999999997
11.0,10.0,23.02,23.129999,22.459999,22.67,182900.0,-0.34999999999999787
11.0,9.0,22.860001,23.33,22.360001,22.57,440400.0,-0.2900010000000002
11.0,8.0,22.940001,23.370001,22.73,23.280001,109500.0,0.33999999999999986
11.0,7.0,22.700001,23.120001,22.57,22.790001,96300.0,0.08999999999999986
11.0,4.0,22.51,23.08,22.32,22.82,118800.0,0.3099999999999987
11.0,3.0,23.129999,23.4,22.610001,22.76,284500.0,-0.36999899999999997
11.0,2.0,22.93,23.059999,22.67,22.76,218800.0,-0.16999999999999815
11.0,1.0,21.530001,22.690001,21.530001,22.549999,398900.0,1.019998000000001
10.0,31.0,22.18,22.790001,22.139999,22.33,139000.0,0.14999999999999858
10.0,28.0,22.799999,23.290001,22.549999,22.59,296900.0,-0.20999899999999982
10.0,27.0,22.92,23.059999,22.459999,22.85,359500.0,-0.07000000000000028
10.0,26.0,22.25,22.370001,22.110001,22.17,238000.0,-0.0799999999999983
10.0,25.0,22.02,22.299999,21.84,21.889999,254600.0,-0.13000100000000003
10.0,24.0,22.25,22.559999,21.870001,22.16,215600.0,-0.08999999999999986
10.0,21.0,21.18,22.280001,21.15,22.24,827900.0,1.0599999999999987
10.0,20.0,20.709999,21.0,20.709999,20.889999,512400.0,0.17999999999999972
10.0,19.0,20.209999,20.950001,20.209999,20.68,243800.0,0.4700009999999999
10.0,18.0,19.459999,20.23,19.459999,20.209999,262600.0,0.75
10.0,17.0,19.18,19.559999,19.129999,19.360001,196500.0,0.18000100000000074
10.0,14.0,19.23,19.9,19.09,19.41,382900.0,0.17999999999999972
10.0,13.0,18.73,19.24,18.73,19.030001,227000.0,0.3000009999999982
10.0,12.0,19.120001,19.139999,18.799999,18.84,146700.0,-0.2800009999999986
10.0,11.0,18.98,19.07,18.709999,18.879999,120800.0,-0.1000009999999989
10.0,10.0,18.879999,19.209999,18.629999,19.18,85000.0,0.3000009999999982
10.0,7.0,19.049999,19.17,18.1,18.48,147500.0,-0.5699989999999993
10.0,6.0,18.57,19.1,18.530001,18.969999,405900.0,0.3999990000000011
10.0,5.0,17.870001,18.620001,17.49,18.6,511400.0,0.729999000000003
10.0,4.0,17.83,17.940001,17.24,17.83,279300.0,0.0
10.0,3.0,19.040001,19.18,17.719999,17.959999,487900.0,-1.0800020000000004
9.0,30.0,21.02,21.08,19.139999,19.200001,397600.0,-1.8199989999999993
9.0,29.0,21.209999,21.43,20.65,20.9,188500.0,-0.30999900000000125
9.0,28.0,21.110001,21.35,20.77,20.780001,343700.0,-0.33000000000000185
9.0,27.0,20.77,21.93,20.77,21.139999,801400.0,0.36999899999999997
9.0,26.0,19.959999,20.389999,19.91,20.370001,985900.0,0.41000199999999865
9.0,23.0,19.719999,19.940001,19.42,19.879999,396100.0,0.16000000000000014
9.0,22.0,19.129999,20.17,18.32,19.73,503300.0,0.6000009999999989
9.0,21.0,19.76,20.030001,19.629999,19.65,115400.0,-0.11000000000000298
9.0,20.0,20.049999,20.59,19.74,19.76,75900.0,-0.2899989999999981
9.0,19.0,20.01,20.120001,19.75,20.02,97000.0,0.00999999999999801
9.0,16.0,20.48,20.549999,20.219999,20.24,107400.0,-0.240000000000002
9.0,15.0,20.950001,20.950001,20.219999,20.360001,155800.0,-0.5899999999999999
9.0,14.0,21.129999,21.24,20.700001,20.76,175900.0,-0.36999899999999997
9.0,13.0,20.42,21.120001,20.42,21.0,163500.0,0.5799999999999983
9.0,12.0,20.879999,21.459999,20.27,20.309999,159700.0,-0.5700000000000003
9.0,9.0,21.629999,22.07,21.09,21.110001,209500.0,-0.5199980000000011
9.0,8.0,21.66,21.73,21.27,21.559999,60500.0,-0.1000009999999989
9.0,7.0,21.76,22.0,21.48,21.780001,271300.0,0.02000099999999705
9.0,6.0,21.389999,21.84,21.110001,21.469999,276300.0,0.08000000000000185
9.0,2.0,21.9,22.940001,21.9,21.959999,105100.0,0.059999000000001246
9.0,1.0,22.780001,22.940001,22.200001,22.370001,110100.0,-0.41000000000000014
8.0,31.0,22.6,22.969999,22.57,22.809999,104600.0,0.20999899999999982
8.0,30.0,22.549999,22.82,22.209999,22.610001,120700.0,0.06000200000000078
8.0,29.0,22.200001,22.92,22.059999,22.6,147500.0,0.3999990000000011
8.0,26.0,21.450001,22.059999,21.030001,21.879999,171800.0,0.4299980000000012
8.0,25.0,22.110001,22.110001,21.15,21.5,122600.0,-0.6100010000000005
8.0,24.0,21.91,22.07,21.799999,21.9,169100.0,-0.010000000000001563
8.0,23.0,21.809999,21.99,21.540001,21.84,300100.0,0.030000999999998612
8.0,22.0,21.639999,22.049999,21.26,21.4,527500.0,-0.23999900000000096
8.0,19.0,21.190001,21.440001,20.959999,21.15,216400.0,-0.040001000000000175
8.0,18.0,22.01,22.48,21.110001,21.469999,84300.0,-0.5400010000000002
8.0,17.0,22.610001,22.889999,22.129999,22.33,115000.0,-0.28000100000000216
8.0,16.0,22.48,22.549999,21.99,22.440001,102800.0,-0.03999900000000167
8.0,15.0,22.799999,23.24,22.700001,22.809999,198300.0,0.010000000000001563
8.0,12.0,22.0,24.790001,22.0,22.559999,402900.0,0.5599990000000012
8.0,11.0,20.889999,21.809999,20.25,21.299999,487400.0,0.41000000000000014
8.0,10.0,20.74,20.9,20.26,20.4,172200.0,-0.33999999999999986
8.0,9.0,20.4,21.18,19.870001,21.17,398200.0,0.7700000000000031
8.0,8.0,21.92,22.1,20.23,20.370001,449100.0,-1.5499990000000032
8.0,5.0,22.58,22.620001,22.0,22.52,320900.0,-0.05999999999999872
8.0,4.0,23.190001,23.190001,22.299999,22.33,305000.0,-0.8600010000000005
8.0,3.0,23.52,23.59,23.1,23.370001,144400.0,-0.1499990000000011
8.0,2.0,24.299999,24.299999,23.35,23.440001,338300.0,-0.8599980000000009
8.0,1.0,24.66,24.67,24.219999,24.360001,281200.0,-0.2999989999999997
7.0,29.0,24.24,24.73,24.209999,24.43,144900.0,0.19000000000000128
7.0,28.0,24.73,25.0,24.370001,24.48,124000.0,-0.25
7.0,27.0,24.889999,24.93,24.690001,24.74,154100.0,-0.1499990000000011
7.0,26.0,24.83,25.15,24.83,24.959999,122600.0,0.12999900000000153
7.0,25.0,24.73,24.99,24.65,24.93,70200.0,0.1999999999999993
7.0,22.0,24.91,24.98,24.57,24.950001,105300.0,0.040001000000000175
7.0,21.0,24.98,25.030001,24.799999,24.950001,276300.0,-0.02999900000000011
7.0,20.0,24.85,25.01,24.629999,24.879999,265800.0,0.02999900000000011
7.0,19.0,24.629999,25.01,24.49,24.82,298100.0,0.19000099999999875
7.0,18.0,24.66,24.67,24.4,24.59,369500.0,-0.07000000000000028
7.0,15.0,24.799999,24.809999,24.35,24.719999,460600.0,-0.0799999999999983
7.0,14.0,24.610001,24.82,24.58,24.76,365100.0,0.1499990000000011
7.0,13.0,24.540001,24.6,24.379999,24.559999,214600.0,0.01999800000000107
7.0,12.0,24.700001,24.9,24.41,24.49,165400.0,-0.21000100000000188
7.0,11.0,24.73,25.0,24.66,24.84,266900.0,0.10999999999999943
7.0,8.0,24.75,25.07,24.75,25.02,396900.0,0.2699999999999996
7.0,7.0,25.360001,25.360001,24.98,25.059999,318300.0,-0.3000019999999992
7.0,6.0,24.870001,25.030001,24.76,25.01,382400.0,0.1399990000000031
7.0,5.0,24.92,25.110001,24.889999,24.98,280300.0,0.05999999999999872
7.0,1.0,24.49,25.08,24.49,25.059999,355500.0,0.5699990000000028
6.0,30.0,24.52,24.610001,23.719999,24.290001,372000.0,-0.2299989999999994
6.0,29.0,25.08,25.120001,24.26,24.5,297900.0,-0.5799999999999983
6.0,28.0,24.01,24.92,24.01,24.889999,452800.0,0.879998999999998
6.0,27.0,23.549999,24.1,23.02,23.98,750700.0,0.43000100000000074
6.0,24.0,24.99,25.049999,23.540001,23.549999,3719100.0,-1.4400009999999988
6.0,23.0,25.360001,25.65,24.84,24.99,644100.0,-0.370001000000002
6.0,22.0,25.950001,26.0,25.35,25.690001,586400.0,-0.26000000000000156
6.0,21.0,26.219999,26.219999,25.66,25.809999,376800.0,-0.41000000000000014
6.0,20.0,25.84,26.040001,25.51,25.809999,247600.0,-0.030000999999998612
6.0,17.0,25.93,26.08,25.5,25.9,539900.0,-0.030000000000001137
6.0,16.0,26.0,26.08,25.719999,25.75,380700.0,-0.25
6.0,15.0,26.15,26.34,25.629999,25.780001,511500.0,-0.36999899999999997
6.0,14.0,25.67,26.450001,25.67,26.33,503900.0,0.6599999999999966
6.0,13.0,25.08,26.08,24.889999,25.629999,978100.0,0.5499990000000032
6.0,10.0,24.809999,25.0,24.41,24.91,427400.0,0.1000009999999989
6.0,9.0,24.65,25.200001,24.35,24.9,775400.0,0.25
6.0,8.0,25.049999,25.1,24.290001,24.65,1064300.0,-0.3999990000000011
6.0,7.0,25.959999,25.959999,24.82,24.93,956500.0,-1.029999
6.0,6.0,26.43,26.559999,25.549999,25.75,618500.0,-0.6799999999999997
6.0,3.0,27.25,27.379999,26.370001,26.370001,610900.0,-0.8799990000000015
6.0,2.0,28.16,28.34,27.559999,27.59,119200.0,-0.5700000000000003
6.0,1.0,28.75,28.75,27.700001,27.790001,253500.0,-0.9599989999999998
5.0,31.0,28.450001,28.83,28.450001,28.5,236000.0,0.04999899999999968
5.0,27.0,28.6,28.610001,28.25,28.43,117400.0,-0.1700000000000017
5.0,26.0,27.9,28.66,27.9,28.549999,84800.0,0.6499990000000011
5.0,25.0,28.6,28.82,28.059999,28.219999,91300.0,-0.38000100000000003
5.0,24.0,28.76,28.83,28.549999,28.780001,59600.0,0.02000099999999705
5.0,23.0,29.65,29.65,28.700001,28.75,96900.0,-0.8999999999999986
5.0,20.0,29.59,29.940001,29.1,29.700001,1069900.0,0.11000100000000046
5.0,19.0,29.129999,29.629999,29.0,29.540001,400200.0,0.41000199999999865
5.0,18.0,28.65,29.15,28.49,29.0,270100.0,0.3500000000000014
5.0,17.0,29.1,29.1,28.48,28.549999,172100.0,-0.5500010000000017
5.0,16.0,28.799999,29.08,28.610001,28.98,270900.0,0.18000100000000074
5.0,13.0,28.75,28.969999,28.68,28.950001,431200.0,0.20000100000000032
5.0,12.0,28.049999,28.73,27.700001,28.65,108000.0,0.6000009999999989
5.0,11.0,27.65,28.219999,27.379999,27.809999,217200.0,0.15999900000000267
5.0,10.0,27.469999,27.799999,27.469999,27.75,354300.0,0.2800009999999986
5.0,9.0,26.93,27.43,26.75,27.27,184000.0,0.33999999999999986
5.0,6.0,26.82,26.82,26.4,26.76,344500.0,-0.05999999999999872
5.0,5.0,26.65,26.709999,26.5,26.620001,870700.0,-0.02999900000000011
5.0,4.0,27.059999,27.059999,26.59,26.690001,324200.0,-0.3699980000000025
5.0,3.0,27.57,27.57,27.030001,27.129999,238000.0,-0.44000099999999875
5.0,2.0,27.5,27.75,27.5,27.67,440000.0,0.1700000000000017
4.0,29.0,27.82,27.889999,27.17,27.6,717000.0,-0.21999999999999886
4.0,28.0,28.35,28.41,27.91,28.02,479800.0,-0.33000000000000185
4.0,27.0,28.700001,28.77,28.0,28.559999,414500.0,-0.14000199999999907
4.0,26.0,28.799999,28.92,28.51,28.799999,347600.0,0.0
4.0,25.0,28.959999,29.049999,28.43,28.799999,324300.0,-0.16000000000000014
4.0,21.0,28.5,29.049999,28.34,29.049999,969100.0,0.5499989999999997
4.0,20.0,28.059999,28.34,27.879999,28.1,2633200.0,0.040001000000000175
4.0,19.0,27.25,28.4,26.75,27.950001,2.00333E7,0.7000010000000003
