9.0,25.0,21.02,21.09,20.68,20.780001,2720600.0,-0.23999900000000096
9.0,24.0,20.790001,20.85,20.469999,20.780001,1825100.0,-0.010000000000001563
9.0,23.0,20.84,20.950001,20.700001,20.9,1829700.0,0.05999999999999872
9.0,22.0,21.110001,21.120001,20.690001,20.860001,2294500.0,-0.25
9.0,21.0,21.200001,21.549999,21.15,21.360001,2593800.0,0.16000000000000014
9.0,18.0,21.24,21.32,20.99,21.08,4342600.0,-0.16000000000000014
9.0,17.0,21.379999,21.745001,21.26,21.440001,3794500.0,0.060001999999997224
9.0,16.0,21.34,21.48,21.23,21.4,3034200.0,0.05999999999999872
9.0,15.0,20.93,21.120001,20.83,21.049999,2768200.0,0.11999899999999997
9.0,14.0,20.860001,20.950001,20.73,20.85,1668500.0,-0.010000999999999038
9.0,11.0,20.940001,21.059999,20.74,20.870001,1352600.0,-0.07000000000000028
9.0,10.0,21.0,21.169001,20.843,21.01,2491500.0,0.010000000000001563
9.0,9.0,21.200001,21.42,20.98,21.030001,2853900.0,-0.1700000000000017
9.0,8.0,20.92,21.129999,20.620001,20.959999,3178300.0,0.03999899999999812
9.0,4.0,20.969999,21.049999,20.469999,20.58,2467100.0,-0.3899990000000031
9.0,3.0,21.190001,21.42,20.99,21.190001,2277600.0,0.0
9.0,2.0,21.15,21.15,20.521,21.08,3607600.0,-0.07000000000000028
9.0,1.0,21.58,21.66,20.76,20.92,4383400.0,-0.6599999999999966
8.0,31.0,21.91,22.030001,21.67,21.860001,2697200.0,-0.04999899999999968
8.0,28.0,21.700001,22.0,21.604,21.940001,2597900.0,0.23999999999999844
8.0,27.0,21.33,21.98,21.27,21.790001,3601400.0,0.4600010000000019
8.0,26.0,21.120001,21.17,20.620001,21.08,4220500.0,-0.040001000000000175
8.0,25.0,21.469999,21.469999,20.709999,20.790001,5600000.0,-0.6799980000000012
8.0,24.0,20.66,20.91,19.84,20.84,8023200.0,0.17999999999999972
8.0,21.0,21.18,21.639999,21.152,21.389999,4698000.0,0.20999899999999982
8.0,20.0,21.58,21.795,21.4,21.450001,2974300.0,-0.12999899999999798
8.0,19.0,21.700001,21.889999,21.219999,21.809999,2210900.0,0.10999800000000093
8.0,18.0,21.76,21.978001,21.610001,21.74,1618000.0,-0.020000000000003126
8.0,17.0,21.74,21.978001,21.629999,21.799999,2448300.0,0.059999000000001246
8.0,14.0,21.700001,21.782,21.422001,21.709999,2121400.0,0.009997999999999507
8.0,13.0,21.82,22.0,21.67,21.700001,1840800.0,-0.11999899999999997
8.0,12.0,21.74,21.91,21.52,21.809999,3332400.0,0.06999900000000281
8.0,11.0,22.4,22.440001,21.879999,21.92,2511900.0,-0.4799999999999969
8.0,10.0,22.1,22.799999,22.1,22.639999,2625500.0,0.5399989999999981
8.0,7.0,22.139999,22.209999,21.639999,21.98,3881200.0,-0.15999899999999911
8.0,6.0,22.49,22.629999,22.110001,22.190001,2640800.0,-0.2999989999999997
8.0,5.0,23.18,23.219999,22.32,22.35,3817600.0,-0.8299999999999983
8.0,4.0,23.059999,23.24,22.82,22.98,3849700.0,-0.07999900000000082
8.0,3.0,22.77,23.0,22.559999,22.860001,4639300.0,0.09000100000000089
7.0,31.0,22.98,23.01,22.700001,22.77,3597100.0,-0.21000000000000085
7.0,30.0,22.9,23.1,22.74,22.99,3083600.0,0.08999999999999986
7.0,29.0,22.639999,23.17,22.540001,22.98,7079700.0,0.3400010000000009
7.0,28.0,21.799999,22.681999,21.799999,22.469999,9798000.0,0.6700000000000017
7.0,27.0,21.67,21.84,21.370001,21.549999,3763000.0,-0.12000100000000202
7.0,24.0,22.139999,22.370001,21.85,21.85,2658200.0,-0.2899989999999981
7.0,23.0,22.67,22.83,22.290001,22.379999,1906300.0,-0.2900010000000002
7.0,22.0,22.4,22.809999,22.32,22.67,3479200.0,0.2700000000000031
7.0,21.0,22.32,22.625,22.32,22.5,1464500.0,0.17999999999999972
7.0,20.0,22.469999,22.58,22.275,22.389999,2357600.0,-0.08000000000000185
7.0,17.0,22.42,22.469999,22.27,22.42,1723800.0,0.0
7.0,16.0,22.559999,22.73,22.280001,22.4,2442200.0,-0.15999900000000267
7.0,15.0,22.530001,22.68,22.299999,22.440001,2538000.0,-0.08999999999999986
7.0,14.0,22.42,22.66,22.41,22.5,2139600.0,0.0799999999999983
7.0,13.0,22.290001,22.5,22.18,22.450001,6460700.0,0.16000000000000014
7.0,10.0,22.1,22.33,21.92,22.18,4538800.0,0.0799999999999983
7.0,9.0,22.32,22.35,21.879999,21.879999,4198600.0,-0.44000099999999875
7.0,8.0,22.48,22.6,21.9,22.059999,4543600.0,-0.4200009999999992
7.0,7.0,22.49,22.75,22.120001,22.719999,4533900.0,0.22999900000000295
7.0,6.0,22.51,22.549999,22.299999,22.459999,3243500.0,-0.05000100000000174
7.0,2.0,22.870001,22.959999,22.66,22.73,2415900.0,-0.14000099999999804
7.0,1.0,22.610001,22.93,22.5,22.879999,5959500.0,0.26999800000000107
6.0,30.0,22.74,22.790001,22.379999,22.43,4768600.0,-0.3099999999999987
6.0,29.0,23.1,23.120001,22.43,22.51,4983200.0,-0.5899999999999999
6.0,26.0,23.549999,23.65,23.280001,23.34,1.5426E7,-0.20999899999999982
6.0,25.0,23.48,23.530001,23.24,23.49,3382000.0,0.00999999999999801
6.0,24.0,23.549999,23.795,23.450001,23.450001,3333500.0,-0.09999799999999937
6.0,23.0,23.709999,23.83,23.51,23.58,3675500.0,-0.12999900000000153
6.0,22.0,23.51,23.700001,23.459999,23.66,2484800.0,0.14999999999999858
6.0,19.0,23.290001,23.48,23.15,23.440001,3636600.0,0.14999999999999858
6.0,18.0,23.18,23.450001,23.08,23.299999,2566500.0,0.11999899999999997
6.0,17.0,23.030001,23.298,22.92,23.18,4257500.0,0.1499990000000011
6.0,16.0,23.110001,23.25,22.775,23.02,4385200.0,-0.09000100000000089
6.0,15.0,22.73,22.955,22.540001,22.85,3178700.0,0.120000000000001
6.0,12.0,22.82,22.889999,22.719999,22.809999,1858600.0,-0.010000999999999038
6.0,11.0,22.74,22.98,22.715,22.85,3680300.0,0.11000000000000298
6.0,10.0,22.73,22.77,22.540001,22.73,3837800.0,0.0
6.0,9.0,22.379999,22.76,22.17,22.610001,5386100.0,0.23000199999999893
6.0,8.0,22.709999,22.799999,22.469999,22.559999,3936400.0,-0.14999999999999858
6.0,5.0,22.559999,22.719999,22.42,22.719999,1608400.0,0.16000000000000014
6.0,4.0,22.51,22.610001,22.360001,22.52,2237300.0,0.00999999999999801
6.0,3.0,22.639999,22.940001,22.620001,22.68,2927900.0,0.040001000000000175
6.0,2.0,22.709999,22.879999,22.5,22.629999,2395800.0,-0.0799999999999983
6.0,1.0,22.68,22.844999,22.52,22.76,2392000.0,0.08000000000000185
5.0,29.0,22.82,22.9,22.620001,22.67,4074800.0,-0.14999999999999858
5.0,28.0,22.610001,22.780001,22.450001,22.75,3018900.0,0.13999899999999954
5.0,27.0,22.49,22.84,22.440001,22.68,3017600.0,0.19000000000000128
5.0,26.0,22.51,22.59,22.280001,22.459999,3391800.0,-0.05000100000000174
5.0,22.0,22.719999,22.75,22.49,22.629999,3422600.0,-0.08999999999999986
5.0,21.0,22.65,22.83,22.5,22.68,3060800.0,0.030000000000001137
5.0,20.0,22.299999,22.719999,22.16,22.620001,3835300.0,0.3200019999999988
5.0,19.0,22.34,22.6,22.120001,22.25,3880700.0,-0.08999999999999986
5.0,18.0,21.93,22.41,21.82,22.34,1904100.0,0.41000000000000014
5.0,15.0,22.040001,22.16,21.76,21.98,2732000.0,-0.06000099999999975
5.0,14.0,22.33,22.389999,21.950001,22.049999,2494000.0,-0.2800009999999986
5.0,13.0,22.379999,22.379999,22.059999,22.17,2215100.0,-0.20999899999999982
5.0,12.0,22.450001,22.6,22.24,22.299999,2259300.0,-0.15000200000000063
5.0,11.0,22.65,22.860001,22.440001,22.57,2631200.0,-0.0799999999999983
5.0,8.0,22.639999,22.889999,22.549999,22.77,3837600.0,0.13000100000000003
5.0,7.0,22.280001,22.735001,22.18,22.549999,6239800.0,0.26999800000000107
5.0,6.0,22.1,22.35,21.83,22.290001,4552900.0,0.19000099999999875
5.0,5.0,22.15,22.35,21.84,21.98,3374800.0,-0.16999999999999815
5.0,4.0,22.049999,22.4,22.0,22.200001,3976800.0,0.15000200000000063
5.0,1.0,21.879999,22.17,21.799999,22.0,3980700.0,0.12000099999999847
4.0,30.0,21.48,21.91,21.370001,21.889999,3586800.0,0.4099989999999991
4.0,29.0,21.200001,21.620001,20.99,21.559999,4208900.0,0.35999800000000093
4.0,28.0,20.809999,21.41,20.700001,21.27,1.00921E7,0.46000099999999833
4.0,27.0,20.0,20.32,19.9,20.309999,5734300.0,0.30999900000000125
4.0,24.0,20.48,20.629999,19.940001,19.950001,4809000.0,-0.5299990000000001
4.0,23.0,20.530001,20.690001,20.33,20.389999,3797700.0,-0.14000199999999907
4.0,22.0,20.65,20.700001,20.25,20.49,5356500.0,-0.16000000000000014
4.0,21.0,20.67,20.74,20.41,20.549999,2040000.0,-0.12000100000000202
4.0,20.0,20.780001,20.85,20.448999,20.65,2756000.0,-0.13000100000000003
4.0,17.0,20.98,21.059999,20.690001,20.73,2245700.0,-0.25
4.0,16.0,21.209999,21.226,20.91,21.09,2371600.0,-0.11999899999999997
4.0,15.0,20.879999,21.309999,20.870001,21.219999,2193000.0,0.33999999999999986
4.0,14.0,20.809999,20.99,20.6,20.860001,5550100.0,0.050001999999999214
4.0,13.0,20.620001,20.92,20.48,20.85,1504700.0,0.22999900000000295
4.0,10.0,20.440001,20.82,20.370001,20.75,1807300.0,0.30999900000000125
4.0,9.0,20.440001,20.5,20.33,20.389999,2444300.0,-0.050001999999999214
4.0,8.0,20.65,20.65,20.309999,20.440001,4226500.0,-0.20999899999999982
4.0,7.0,20.6,20.77,20.49,20.549999,4956300.0,-0.05000100000000174
4.0,6.0,20.48,20.629999,20.33,20.5,3896100.0,0.019999999999999574
4.0,2.0,20.66,21.0,20.530001,20.57,5306600.0,-0.08999999999999986
4.0,1.0,21.0,21.139999,20.52,20.65,8028300.0,-0.3500000000000014
3.0,31.0,20.5,21.01,20.41,20.98,3400900.0,0.4800000000000004
3.0,30.0,20.629999,20.91,20.59,20.67,1933700.0,0.040001000000000175
3.0,27.0,20.639999,20.700001,20.42,20.559999,1635600.0,-0.0799999999999983
3.0,26.0,20.940001,21.0,20.554001,20.66,2796300.0,-0.2800009999999986
3.0,25.0,20.950001,21.32,20.809999,20.879999,3562300.0,-0.07000199999999879
3.0,24.0,21.16,21.35,20.84,20.98,2772500.0,-0.17999999999999972
3.0,23.0,21.129999,21.540001,21.120001,21.200001,1957800.0,0.07000199999999879
3.0,20.0,21.43,21.555,21.23,21.23,6989900.0,-0.1999999999999993
3.0,19.0,21.129999,21.450001,20.879999,21.34,3226800.0,0.21000099999999833
3.0,18.0,21.139999,21.48,20.620001,21.15,4335500.0,0.010000999999999038
3.0,17.0,21.059999,21.309999,20.9,21.059999,3373400.0,0.0
3.0,16.0,21.1,21.18,20.844999,21.07,2575700.0,-0.030000000000001137
3.0,13.0,21.23,21.5,20.92,21.030001,2313200.0,-0.19999900000000181
3.0,12.0,21.92,21.99,21.07,21.18,5938700.0,-0.740000000000002
3.0,11.0,20.799999,20.959999,20.66,20.83,1871400.0,0.030000999999998612
3.0,10.0,20.98,21.08,20.469999,20.75,2469100.0,-0.23000000000000043
3.0,9.0,21.15,21.25,20.959999,21.23,1399700.0,0.08000000000000185
3.0,6.0,20.790001,21.389999,20.68,21.08,2650600.0,0.2899989999999981
3.0,5.0,20.870001,21.02,20.559999,20.879999,3643900.0,0.00999800000000306
3.0,4.0,20.870001,21.1,20.790001,20.870001,3617800.0,0.0
3.0,3.0,20.08,21.07,20.030001,21.01,5586200.0,0.9300000000000033
3.0,2.0,20.780001,20.780001,20.0,20.17,5878000.0,-0.6100009999999969
2.0,27.0,21.059999,21.125,20.719999,20.780001,3010700.0,-0.27999800000000263
2.0,26.0,21.200001,21.27,20.889999,20.959999,3533600.0,-0.2400020000000005
2.0,25.0,21.18,21.51,21.18,21.26,1968200.0,0.08000000000000185
2.0,24.0,21.34,21.49,21.1,21.219999,3558900.0,-0.12000099999999847
2.0,23.0,21.690001,21.799999,21.059999,21.290001,5251500.0,-0.3999999999999986
2.0,20.0,21.51,21.889999,21.42,21.82,3204400.0,0.3099999999999987
2.0,19.0,21.42,21.969999,21.379999,21.82,1676600.0,0.3999999999999986
2.0,18.0,21.75,21.799999,21.42,21.530001,4810600.0,-0.2199990000000014
2.0,17.0,22.0,22.040001,21.76,21.83,4234600.0,-0.1700000000000017
2.0,13.0,22.110001,22.280001,21.809999,22.049999,5528100.0,-0.06000200000000078
2.0,12.0,21.559999,21.93,21.309999,21.84,7014400.0,0.2800009999999986
2.0,11.0,20.450001,21.129999,20.42,21.110001,8954100.0,0.6600000000000001
2.0,10.0,19.959999,20.514999,19.809999,20.469999,5779800.0,0.5100000000000016
2.0,9.0,19.450001,20.02,19.365,19.950001,4818700.0,0.5
2.0,6.0,20.120001,20.200001,19.57,19.66,6226100.0,-0.46000099999999833
2.0,5.0,20.6,20.959999,19.950001,20.01,5577600.0,-0.5899999999999999
2.0,4.0,19.610001,19.924999,19.5,19.73,3387900.0,0.11999899999999997
2.0,3.0,19.0,19.66,18.92,19.620001,4872900.0,0.6200009999999985
2.0,2.0,18.809999,19.1,18.709999,19.08,3971600.0,0.27000099999999705
1.0,30.0,19.41,19.41,18.629999,18.709999,8080500.0,-0.7000010000000003
1.0,29.0,20.299999,20.629999,19.27,19.58,1.09512E7,-0.7199990000000014
1.0,28.0,20.9,20.9,19.98,20.01,6811700.0,-0.889999999999997
1.0,27.0,20.58,20.84,20.4,20.68,2827000.0,0.10000000000000142
1.0,26.0,20.450001,20.780001,20.299999,20.780001,2789900.0,0.3299999999999983
1.0,23.0,20.540001,20.690001,20.34,20.459999,2205400.0,-0.08000200000000035
1.0,22.0,20.219999,20.76,20.0,20.629999,3202200.0,0.41000000000000014
1.0,21.0,20.16,20.27,19.889999,20.139999,6214600.0,-0.0200010000000006
1.0,20.0,20.51,20.51,20.055,20.219999,5679400.0,-0.2900010000000002
1.0,16.0,20.309999,20.620001,20.0,20.4,6570500.0,0.09000099999999733
1.0,15.0,21.07,21.49,20.360001,20.360001,5583300.0,-0.7099989999999998
1.0,14.0,21.35,21.41,20.68,21.02,1.04986E7,-0.33000000000000185
1.0,13.0,22.879999,22.9,20.91,21.66,1.42721E7,-1.2199990000000014
1.0,12.0,23.6,23.6,22.440001,22.57,8311300.0,-1.0300000000000011
1.0,9.0,24.0,24.0,23.030001,23.879999,1.51014E7,-0.12000099999999847
1.0,8.0,23.33,23.67,23.15,23.52,7923100.0,0.19000000000000128
1.0,7.0,23.280001,23.459999,22.955,23.08,5952500.0,-0.20000100000000032
1.0,6.0,23.52,23.65,22.620001,23.059999,6904300.0,-0.46000099999999833
1.0,5.0,23.459999,23.66,23.200001,23.450001,4285800.0,-0.009997999999999507
1.0,2.0,23.76,23.879999,23.450001,23.65,2021000.0,-0.11000000000000298
12.0,31.0,23.860001,23.91,23.610001,23.620001,2287800.0,-0.240000000000002
12.0,30.0,23.84,23.98,23.709999,23.77,1989700.0,-0.07000000000000028
12.0,29.0,24.0,24.1,23.719999,23.9,1857600.0,-0.10000000000000142
12.0,26.0,23.889999,24.07,23.84,23.99,1348500.0,0.1000009999999989
12.0,24.0,23.83,24.049999,23.709999,23.870001,1417600.0,0.040001000000000175
12.0,23.0,23.75,24.139999,23.540001,23.889999,4282400.0,0.13999899999999954
12.0,22.0,23.280001,23.73,23.139999,23.620001,7176700.0,0.33999999999999986
12.0,19.0,22.75,23.91,22.75,23.26,3.71405E7,0.5100000000000016
12.0,18.0,22.6,23.02,22.32,22.75,3902700.0,0.14999999999999858
12.0,17.0,21.68,22.25,21.65,22.16,2949100.0,0.4800000000000004
12.0,16.0,21.6,22.26,21.469999,21.639999,3380300.0,0.03999899999999812
12.0,15.0,22.27,22.299999,21.43,21.629999,4570200.0,-0.640000999999998
12.0,12.0,22.469999,22.610001,21.68,22.190001,3744900.0,-0.27999800000000263
12.0,11.0,22.91,23.65,22.469999,22.639999,3147400.0,-0.2700010000000006
12.0,10.0,23.26,23.34,22.459999,22.84,3824300.0,-0.4200000000000017
12.0,9.0,23.0,23.68,23.0,23.299999,2795500.0,0.2999989999999997
12.0,8.0,23.129999,23.59,22.98,23.110001,2338300.0,-0.01999800000000107
12.0,5.0,22.9,23.469999,22.9,23.08,2688400.0,0.17999999999999972
12.0,4.0,22.690001,22.940001,22.620001,22.84,2222400.0,0.1499990000000011
12.0,3.0,22.91,23.040001,22.68,22.700001,3368400.0,-0.20999899999999982
12.0,2.0,23.190001,23.309999,22.85,22.91,2097200.0,-0.2800009999999986
12.0,1.0,23.610001,23.860001,23.1,23.200001,1955200.0,-0.41000000000000014
11.0,28.0,23.629999,23.790001,23.43,23.780001,809500.0,0.15000199999999708
11.0,26.0,23.889999,23.98,23.610001,23.639999,1417800.0,-0.25
11.0,25.0,23.68,23.959999,23.58,23.959999,4080100.0,0.2799990000000001
11.0,24.0,23.469999,23.719999,23.209999,23.639999,3250000.0,0.16999999999999815
11.0,21.0,23.719999,23.809999,23.43,23.459999,2206600.0,-0.26000000000000156
11.0,20.0,23.370001,23.629999,23.23,23.42,1620900.0,0.049999000000003235
11.0,19.0,23.6,23.65,23.23,23.4,1886200.0,-0.20000000000000284
11.0,18.0,23.48,23.780001,23.43,23.610001,2075700.0,0.13000100000000003
11.0,17.0,23.360001,23.620001,23.360001,23.469999,3307800.0,0.10999800000000093
11.0,14.0,23.25,23.639999,23.16,23.459999,3411100.0,0.20999899999999982
11.0,13.0,23.08,23.43,22.9,23.200001,3611000.0,0.12000100000000202
11.0,12.0,22.780001,23.129999,22.6,23.09,2984200.0,0.30999900000000125
11.0,11.0,22.74,22.92,22.59,22.83,2386100.0,0.08999999999999986
11.0,10.0,22.709999,22.99,22.6,22.780001,2038800.0,0.07000199999999879
11.0,7.0,22.42,22.775,22.42,22.690001,2184000.0,0.27000099999999705
11.0,6.0,22.389999,22.58,22.24,22.440001,2501000.0,0.050001999999999214
11.0,5.0,22.23,22.450001,21.99,22.43,3539200.0,0.1999999999999993
11.0,4.0,21.77,22.26,21.610001,22.139999,6100700.0,0.36999899999999997
11.0,3.0,22.68,22.700001,22.120001,22.299999,3040900.0,-0.38000100000000003
10.0,31.0,22.66,22.950001,22.639999,22.700001,3602800.0,0.040001000000000175
10.0,30.0,23.0,23.049999,22.43,22.799999,3646400.0,-0.20000100000000032
10.0,29.0,23.25,23.25,22.18,22.82,4934900.0,-0.4299999999999997
10.0,28.0,21.969999,22.315001,21.83,22.209999,4169100.0,0.23999999999999844
10.0,27.0,21.68,21.93,21.67,21.790001,1738000.0,0.11000100000000046
10.0,24.0,21.75,21.82,21.639999,21.690001,1548700.0,-0.059999000000001246
10.0,23.0,21.790001,22.030001,21.620001,21.66,2500500.0,-0.13000100000000003
10.0,22.0,22.18,22.26,21.49,21.51,2450800.0,-0.6699999999999982
10.0,21.0,21.75,22.42,21.74,22.120001,3731200.0,0.37000099999999847
10.0,20.0,21.6,21.719999,21.219999,21.530001,1956700.0,-0.06999900000000281
10.0,17.0,21.26,22.08,21.219999,21.610001,4049800.0,0.3500009999999989
10.0,16.0,20.299999,21.379999,20.110001,21.049999,4361900.0,0.75
10.0,15.0,19.9,21.01,19.42,20.559999,1.17102E7,0.6599990000000027
10.0,14.0,20.24,20.540001,19.84,20.209999,1.30617E7,-0.030000999999998612
10.0,13.0,20.959999,21.01,20.059999,20.120001,8180200.0,-0.8399980000000014
10.0,10.0,21.200001,21.200001,20.610001,20.870001,9902800.0,-0.33000000000000185
10.0,9.0,22.1,22.15,21.200001,21.23,4877200.0,-0.870000000000001
10.0,8.0,21.91,22.135,21.68,22.1,4706100.0,0.19000000000000128
10.0,7.0,22.6,22.77,21.870001,21.950001,5638500.0,-0.6499990000000011
10.0,6.0,22.84,23.0,22.59,22.620001,3803900.0,-0.2199990000000014
10.0,3.0,22.43,22.82,22.35,22.75,7572200.0,0.3200000000000003
10.0,2.0,22.639999,22.639999,21.780001,22.35,1.38345E7,-0.2899989999999981
10.0,1.0,23.08,23.15,22.49,22.66,4635800.0,-0.41999999999999815
9.0,30.0,23.4,23.4,23.110001,23.139999,1884700.0,-0.26000099999999904
9.0,29.0,23.41,23.58,23.110001,23.43,2372700.0,0.019999999999999574
9.0,26.0,23.24,23.58,23.200001,23.52,2267000.0,0.28000000000000114
9.0,25.0,23.57,23.57,23.059999,23.18,1613500.0,-0.39000000000000057
9.0,24.0,23.450001,23.74,23.24,23.620001,2485800.0,0.16999999999999815
9.0,23.0,23.700001,23.700001,23.4,23.4,2009400.0,-0.30000100000000174
9.0,22.0,24.08,24.08,23.48,23.74,2008300.0,-0.33999999999999986
9.0,19.0,23.780001,24.08,23.66,23.66,5716100.0,-0.12000099999999847
9.0,18.0,24.01,24.075001,23.610001,23.65,2611800.0,-0.360000000000003
9.0,17.0,24.299999,24.299999,23.85,23.92,1638100.0,-0.379998999999998
9.0,16.0,23.99,24.155001,23.76,23.959999,2379500.0,-0.030000999999998612
9.0,15.0,24.4,24.41,23.855,24.040001,2225400.0,-0.3599989999999984
9.0,12.0,24.68,24.700001,24.17,24.459999,2376400.0,-0.2200009999999999
9.0,11.0,24.42,24.690001,24.315001,24.66,1942300.0,0.23999999999999844
9.0,10.0,24.700001,24.790001,24.245001,24.42,2799900.0,-0.2800009999999986
9.0,9.0,24.860001,24.940001,24.559999,24.709999,3698300.0,-0.15000200000000063
9.0,8.0,24.889999,24.99,24.82,24.82,3756500.0,-0.06999899999999926
9.0,5.0,24.860001,25.0,24.799999,24.950001,2809000.0,0.08999999999999986
9.0,4.0,24.92,24.969999,24.67,24.85,3230000.0,-0.07000000000000028
9.0,3.0,25.0,25.0,24.610001,24.85,3793000.0,-0.14999999999999858
9.0,2.0,24.809999,25.01,24.809999,24.93,5005900.0,0.12000099999999847
8.0,29.0,24.950001,25.0,24.6,24.6,1.14256E7,-0.3500009999999989
8.0,28.0,24.879999,24.959999,24.74,24.85,3394000.0,-0.02999900000000011
8.0,27.0,24.9,25.0,24.879999,24.950001,3057000.0,0.05000100000000174
8.0,26.0,24.77,24.99,24.700001,24.879999,3113100.0,0.10999900000000196
8.0,25.0,24.73,24.889999,24.700001,24.719999,1938700.0,-0.010000999999999038
8.0,22.0,24.809999,24.99,24.65,24.75,5554300.0,-0.059999000000001246
8.0,21.0,24.65,24.98,24.58,24.83,7358500.0,0.17999999999999972
8.0,20.0,24.690001,24.75,24.25,24.6,6563200.0,-0.09000099999999733
8.0,19.0,24.65,24.809999,24.48,24.639999,6859900.0,-0.010000999999999038
8.0,18.0,24.469999,24.59,24.25,24.459999,4835800.0,-0.010000000000001563
8.0,15.0,24.49,24.52,23.709999,24.15,4944700.0,-0.33999999999999986
8.0,14.0,23.5,24.24,23.34,24.209999,9960000.0,0.7099989999999998
8.0,13.0,23.040001,23.51,22.959999,23.450001,2112200.0,0.41000000000000014
8.0,12.0,23.26,23.26,22.799999,22.99,1169100.0,-0.2700000000000031
8.0,11.0,23.059999,23.145,22.940001,22.969999,1072700.0,-0.08999999999999986
8.0,8.0,22.870001,23.049999,22.85,22.950001,1703400.0,0.08000000000000185
8.0,7.0,22.9,23.049999,22.73,22.82,1996000.0,-0.0799999999999983
8.0,6.0,22.559999,22.99,22.51,22.860001,1318700.0,0.3000019999999992
8.0,5.0,22.92,22.93,22.424999,22.6,2637600.0,-0.3200000000000003
8.0,4.0,22.959999,23.24,22.799999,22.969999,1853800.0,0.010000000000001563
8.0,1.0,22.91,23.120001,22.860001,22.9,1320200.0,-0.010000000000001563
7.0,31.0,22.969999,23.139999,22.92,22.959999,1723400.0,-0.010000000000001563
7.0,30.0,23.65,23.790001,23.0,23.059999,4005800.0,-0.5900009999999973
7.0,29.0,24.4,24.52,23.540001,23.559999,4819900.0,-0.8400009999999973
7.0,28.0,23.969999,24.120001,23.969999,24.02,2367300.0,0.050000999999998186
7.0,25.0,24.0,24.08,23.92,24.01,715600.0,0.010000000000001563
7.0,24.0,23.870001,24.1,23.870001,23.99,1156200.0,0.11999899999999997
7.0,23.0,23.879999,24.02,23.75,23.91,891900.0,0.030000999999998612
7.0,22.0,23.950001,24.15,23.85,23.870001,824300.0,-0.08000000000000185
7.0,21.0,23.889999,24.0,23.719999,23.9,699300.0,0.010000999999999038
7.0,18.0,23.49,24.0,23.450001,23.950001,1282200.0,0.4600010000000019
7.0,17.0,23.51,23.77,23.41,23.440001,1499700.0,-0.06999900000000281
7.0,16.0,23.360001,23.719999,23.110001,23.540001,1675900.0,0.17999999999999972
7.0,15.0,23.33,23.43,23.09,23.25,2200200.0,-0.0799999999999983
7.0,14.0,23.200001,23.450001,23.18,23.4,866000.0,0.19999899999999826
7.0,11.0,23.299999,23.51,23.09,23.15,1515300.0,-0.1499990000000011
7.0,10.0,23.32,23.42,23.120001,23.299999,1817500.0,-0.0200010000000006
7.0,9.0,23.65,23.809999,23.309999,23.459999,1549700.0,-0.19000099999999875
7.0,8.0,23.85,23.85,23.5,23.65,1914100.0,-0.20000000000000284
7.0,7.0,23.959999,23.969999,23.76,23.85,1456700.0,-0.1099989999999984
7.0,3.0,24.0,24.040001,23.82,24.030001,1602500.0,0.030000999999998612
7.0,2.0,23.969999,24.15,23.799,23.99,1684400.0,0.02000099999999705
7.0,1.0,24.18,24.25,23.799999,23.93,2954500.0,-0.25
6.0,30.0,24.34,24.475,23.83,23.91,4088000.0,-0.4299999999999997
6.0,27.0,24.709999,24.870001,24.190001,24.190001,1.62662E7,-0.5199980000000011
6.0,26.0,24.610001,24.76,24.459999,24.690001,2451900.0,0.0799999999999983
6.0,25.0,24.530001,24.77,24.26,24.68,3026200.0,0.1499990000000011
6.0,24.0,25.040001,25.077999,24.52,24.620001,2261700.0,-0.4200000000000017
6.0,23.0,24.85,25.129999,24.76,25.030001,4350900.0,0.1800009999999972
6.0,20.0,24.51,25.139999,24.51,24.98,1.22614E7,0.46999999999999886
6.0,19.0,24.700001,24.77,24.49,24.620001,2301500.0,-0.08000000000000185
6.0,18.0,24.66,24.77,24.48,24.639999,2138200.0,-0.0200010000000006
6.0,17.0,24.66,24.98,24.360001,24.68,3491400.0,0.019999999999999574
6.0,16.0,24.950001,25.120001,24.65,24.73,3770300.0,-0.2200009999999999
6.0,13.0,24.92,25.049999,24.59,24.959999,2044800.0,0.03999899999999812
6.0,12.0,24.629999,25.08,24.559999,24.950001,4192200.0,0.3200019999999988
6.0,11.0,24.5,24.799999,24.129999,24.629999,3253600.0,0.12999900000000153
6.0,10.0,24.34,24.639999,24.25,24.58,4052700.0,0.23999999999999844
6.0,9.0,23.620001,24.545,23.620001,24.440001,5438700.0,0.8200000000000003
6.0,6.0,23.610001,23.68,23.42,23.6,1259000.0,-0.010000999999999038
6.0,5.0,23.24,23.65,23.24,23.51,2453400.0,0.2700000000000031
6.0,4.0,23.459999,23.59,23.379999,23.51,5377100.0,0.05000100000000174
6.0,3.0,23.58,23.702,23.24,23.459999,3768200.0,-0.12000099999999847
6.0,2.0,23.530001,23.75,23.450001,23.52,3810300.0,-0.010000999999999038
5.0,30.0,23.73,23.73,23.5,23.559999,1363400.0,-0.17000099999999918
5.0,29.0,23.74,23.98,23.629999,23.68,1659200.0,-0.05999999999999872
5.0,28.0,24.030001,24.181,23.629999,23.719999,1504600.0,-0.3100019999999972
5.0,27.0,24.1,24.290001,24.01,24.049999,1389000.0,-0.05000100000000174
5.0,23.0,24.17,24.370001,24.030001,24.08,1649900.0,-0.09000000000000341
5.0,22.0,24.43,24.43,24.16,24.24,867000.0,-0.19000000000000128
5.0,21.0,24.16,24.379999,24.16,24.299999,803500.0,0.13999899999999954
5.0,20.0,24.379999,24.6,24.110001,24.24,1488200.0,-0.1399990000000031
5.0,19.0,24.16,24.51,23.969999,24.450001,604500.0,0.2900010000000002
5.0,16.0,24.4,24.440001,24.1,24.209999,1032500.0,-0.19000099999999875
5.0,15.0,24.709999,24.92,24.08,24.299999,2922900.0,-0.41000000000000014
5.0,14.0,24.969999,24.969999,24.66,24.77,434300.0,-0.19999900000000181
5.0,13.0,24.9,25.02,24.629999,24.809999,691900.0,-0.09000099999999733
5.0,12.0,25.17,25.299999,24.790001,24.98,3096200.0,-0.19000000000000128
5.0,9.0,25.120001,25.24,24.83,25.190001,2646000.0,0.07000000000000028
5.0,8.0,24.49,25.23,24.25,25.209999,1.04549E7,0.7199990000000014
5.0,7.0,24.18,24.459999,24.030001,24.43,6174200.0,0.25
5.0,6.0,24.139999,24.219999,24.01,24.17,1797900.0,0.030001000000002165
5.0,5.0,23.950001,24.15,23.9,24.15,1646600.0,0.19999899999999826
5.0,2.0,24.02,24.1,23.860001,24.049999,1523200.0,0.02999900000000011
5.0,1.0,24.43,24.549999,23.98,24.01,5582400.0,-0.41999999999999815
4.0,30.0,24.01,24.190001,23.870001,24.15,4240400.0,0.13999999999999702
4.0,29.0,24.040001,24.17,23.98,24.0,6701300.0,-0.040001000000000175
4.0,28.0,24.389999,24.389999,23.9,24.030001,2493600.0,-0.35999800000000093
4.0,25.0,24.33,24.5,24.129999,24.389999,1281800.0,0.059999000000001246
4.0,24.0,24.33,24.65,24.18,24.379999,4254800.0,0.049999000000003235
4.0,23.0,24.24,24.33,24.049999,24.280001,1501900.0,0.040001000000000175
4.0,22.0,23.92,24.43,23.92,24.040001,7177600.0,0.12000099999999847
4.0,21.0,23.879999,24.040001,23.85,23.98,1208200.0,0.1000009999999989
4.0,17.0,24.25,24.25,23.77,23.879999,3196000.0,-0.37000099999999847
4.0,16.0,23.93,24.23,23.91,24.139999,5631400.0,0.20999899999999982
4.0,15.0,24.0,24.165001,23.745001,23.93,4745200.0,-0.07000000000000028
4.0,14.0,24.43,24.58,23.799999,24.049999,5048800.0,-0.38000100000000003
4.0,11.0,23.799999,25.0,23.799999,24.200001,3574400.0,0.40000200000000063
4.0,10.0,24.25,24.790001,23.76,23.98,3.12816E7,-0.2699999999999996
4.0,9.0,8649.999733,8649.999733,8649.999733,8649.999733,0.0,0.0
4.0,8.0,8649.999733,8649.999733,8649.999733,8649.999733,0.0,0.0
4.0,7.0,8649.999733,8649.999733,8649.999733,8649.999733,0.0,0.0
4.0,4.0,8649.999733,8649.999733,8649.999733,8649.999733,0.0,0.0
4.0,3.0,8649.999733,8649.999733,8649.999733,8649.999733,0.0,0.0
4.0,2.0,8649.999733,8649.999733,8649.999733,8649.999733,0.0,0.0
4.0,1.0,8649.999733,8649.999733,8649.999733,8649.999733,0.0,0.0
3.0,31.0,8649.999733,8649.999733,8649.999733,8649.999733,0.0,0.0
3.0,28.0,8500.000172,8649.999733,8400.000267,8649.999733,124000.0,149.99956100000054
3.0,27.0,8474.999752,8474.999752,8474.999752,8474.999752,0.0,0.0
3.0,26.0,8474.999752,8474.999752,8474.999752,8474.999752,0.0,0.0
3.0,25.0,8474.999752,8474.999752,8474.999752,8474.999752,0.0,0.0
3.0,24.0,8474.999752,8474.999752,8474.999752,8474.999752,0.0,0.0
3.0,21.0,8474.999752,8474.999752,8474.999752,8474.999752,0.0,0.0
3.0,20.0,8474.999752,8474.999752,8474.999752,8474.999752,0.0,0.0
3.0,19.0,8474.999752,8474.999752,8474.999752,8474.999752,0.0,0.0
3.0,18.0,8474.999752,8474.999752,8474.999752,8474.999752,0.0,0.0
3.0,17.0,8474.999752,8474.999752,8474.999752,8474.999752,0.0,0.0
3.0,14.0,8474.999752,8474.999752,8474.999752,8474.999752,0.0,0.0
3.0,13.0,8474.999752,8474.999752,8474.999752,8474.999752,0.0,0.0
3.0,12.0,8474.999752,8474.999752,8474.999752,8474.999752,0.0,0.0
3.0,11.0,8474.999752,8474.999752,8474.999752,8474.999752,0.0,0.0
3.0,10.0,8474.999752,8474.999752,8474.999752,8474.999752,93000.0,0.0
3.0,7.0,8099.999962,8099.999962,8099.999962,8099.999962,0.0,0.0
3.0,6.0,8099.999962,8099.999962,8099.999962,8099.999962,0.0,0.0
3.0,5.0,8099.999962,8099.999962,8099.999962,8099.999962,0.0,0.0
3.0,4.0,8099.999962,8099.999962,8099.999962,8099.999962,0.0,0.0
3.0,3.0,8099.999962,8099.999962,8099.999962,8099.999962,0.0,0.0
2.0,28.0,8099.999962,8099.999962,8099.999962,8099.999962,0.0,0.0
2.0,27.0,8099.999962,8099.999962,8099.999962,8099.999962,0.0,0.0
2.0,26.0,8099.999962,8099.999962,8099.999962,8099.999962,0.0,0.0
2.0,25.0,8099.999962,8099.999962,8099.999962,8099.999962,0.0,0.0
2.0,24.0,8099.999962,8099.999962,8099.999962,8099.999962,0.0,0.0
2.0,21.0,8099.999962,8099.999962,8099.999962,8099.999962,0.0,0.0
2.0,20.0,8099.999962,8099.999962,8099.999962,8099.999962,0.0,0.0
2.0,19.0,8099.999962,8099.999962,8099.999962,8099.999962,0.0,0.0
2.0,18.0,8099.999962,8099.999962,8099.999962,8099.999962,0.0,0.0
2.0,14.0,8099.999962,8099.999962,8099.999962,8099.999962,0.0,0.0
2.0,13.0,8099.999962,8099.999962,8099.999962,8099.999962,0.0,0.0
2.0,12.0,8099.999962,8099.999962,8099.999962,8099.999962,0.0,0.0
2.0,11.0,8099.999962,8099.999962,8099.999962,8099.999962,0.0,0.0
2.0,10.0,8099.999962,8099.999962,8099.999962,8099.999962,0.0,0.0
2.0,7.0,8099.999962,8099.999962,8099.999962,8099.999962,0.0,0.0
2.0,6.0,8090.000267,8099.999962,8090.000267,8099.999962,279000.0,9.99969499999952
2.0,5.0,8009.999752,8009.999752,8009.999752,8009.999752,93000.0,0.0
2.0,4.0,8020.000038,8020.000038,8020.000038,8020.000038,31000.0,0.0
2.0,3.0,7949.999809,7949.999809,7949.999809,7949.999809,0.0,0.0
1.0,31.0,7949.999809,7949.999809,7949.999809,7949.999809,0.0,0.0
1.0,30.0,7975.000229,7975.000229,7949.999809,7949.999809,248000.0,-25.000420000000304
1.0,29.0,8049.999714,8049.999714,8049.999714,8049.999714,0.0,0.0
1.0,28.0,8000.000057,8049.999714,8000.000057,8049.999714,527000.0,49.99965699999939
