9.0,25.0,41.0,41.0,41.0,41.0,0.0,0.0
9.0,24.0,40.599998,41.0,40.599998,41.0,200.0,0.40000200000000063
9.0,23.0,40.259998,40.259998,40.259998,40.259998,0.0,0.0
9.0,22.0,40.549999,40.549999,40.259998,40.259998,500.0,-0.2900009999999966
9.0,21.0,41.700001,41.700001,41.700001,41.700001,1100.0,0.0
9.0,18.0,41.66,41.66,41.66,41.66,200.0,0.0
9.0,17.0,42.150002,42.150002,42.150002,42.150002,300.0,0.0
9.0,16.0,40.130001,40.130001,40.130001,40.130001,0.0,0.0
9.0,15.0,40.130001,40.130001,40.130001,40.130001,0.0,0.0
9.0,14.0,40.689999,40.689999,40.130001,40.130001,1900.0,-0.5599980000000002
9.0,11.0,40.57,40.57,40.57,40.57,200.0,0.0
9.0,10.0,39.709999,39.709999,39.709999,39.709999,0.0,0.0
9.0,9.0,39.709999,39.709999,39.709999,39.709999,0.0,0.0
9.0,8.0,40.060001,40.060001,39.709999,39.709999,300.0,-0.35000199999999637
9.0,4.0,40.09,40.09,40.09,40.09,0.0,0.0
9.0,3.0,40.09,40.09,40.09,40.09,500.0,0.0
9.0,2.0,41.099998,41.099998,41.099998,41.099998,0.0,0.0
9.0,1.0,41.099998,41.099998,41.099998,41.099998,300.0,0.0
8.0,31.0,41.880001,41.880001,41.880001,41.880001,100.0,0.0
8.0,28.0,41.77,41.77,41.77,41.77,100.0,0.0
8.0,27.0,41.200001,41.200001,41.200001,41.200001,0.0,0.0
8.0,26.0,41.200001,41.200001,41.200001,41.200001,0.0,0.0
8.0,25.0,41.200001,41.200001,41.200001,41.200001,200.0,0.0
8.0,24.0,41.889999,41.889999,40.950001,41.689999,1400.0,-0.20000000000000284
8.0,21.0,41.889999,41.889999,41.889999,41.889999,0.0,0.0
8.0,20.0,41.889999,41.889999,41.889999,41.889999,100.0,0.0
8.0,19.0,42.580002,42.580002,42.580002,42.580002,0.0,0.0
8.0,18.0,42.580002,42.580002,42.580002,42.580002,100.0,0.0
8.0,17.0,42.98,42.98,42.98,42.98,0.0,0.0
8.0,14.0,42.98,42.98,42.98,42.98,0.0,0.0
8.0,13.0,42.98,42.98,42.98,42.98,40900.0,0.0
8.0,12.0,43.439999,43.439999,43.439999,43.439999,0.0,0.0
8.0,11.0,43.439999,43.439999,43.439999,43.439999,0.0,0.0
8.0,10.0,43.439999,43.439999,43.439999,43.439999,0.0,0.0
8.0,7.0,43.439999,43.439999,43.439999,43.439999,0.0,0.0
8.0,6.0,43.439999,43.439999,43.439999,43.439999,0.0,0.0
8.0,5.0,43.779999,43.779999,43.439999,43.439999,300.0,-0.3399999999999963
8.0,4.0,43.720001,43.720001,43.720001,43.720001,300.0,0.0
8.0,3.0,43.639999,43.639999,43.639999,43.639999,0.0,0.0
7.0,31.0,43.639999,43.639999,43.639999,43.639999,100.0,0.0
7.0,30.0,42.959999,42.959999,42.959999,42.959999,0.0,0.0
7.0,29.0,42.959999,42.959999,42.959999,42.959999,0.0,0.0
7.0,28.0,42.959999,42.959999,42.959999,42.959999,0.0,0.0
7.0,27.0,43.0,43.0,42.959999,42.959999,500.0,-0.04000099999999662
7.0,24.0,43.07,43.07,43.07,43.07,200.0,0.0
7.0,23.0,43.150002,43.150002,43.060001,43.060001,200.0,-0.09000100000000089
7.0,22.0,42.099998,42.099998,42.099998,42.099998,0.0,0.0
7.0,21.0,42.099998,42.099998,42.099998,42.099998,0.0,0.0
7.0,20.0,42.099998,42.099998,42.099998,42.099998,0.0,0.0
7.0,17.0,42.099998,42.099998,42.099998,42.099998,0.0,0.0
7.0,16.0,42.099998,42.099998,42.099998,42.099998,0.0,0.0
7.0,15.0,42.099998,42.099998,42.099998,42.099998,100.0,0.0
7.0,14.0,40.259998,40.259998,40.259998,40.259998,0.0,0.0
7.0,13.0,40.259998,40.259998,40.259998,40.259998,0.0,0.0
7.0,10.0,40.259998,40.259998,40.259998,40.259998,0.0,0.0
7.0,9.0,40.259998,40.259998,40.259998,40.259998,100.0,0.0
7.0,8.0,39.549999,39.549999,39.549999,39.549999,0.0,0.0
7.0,7.0,39.200001,39.549999,39.200001,39.549999,400.0,0.34999799999999937
7.0,6.0,41.650002,41.650002,41.650002,41.650002,0.0,0.0
7.0,2.0,41.650002,41.650002,41.650002,41.650002,0.0,0.0
7.0,1.0,41.650002,41.650002,41.650002,41.650002,0.0,0.0
6.0,30.0,41.650002,41.650002,41.650002,41.650002,0.0,0.0
6.0,29.0,41.650002,41.650002,41.650002,41.650002,0.0,0.0
6.0,26.0,41.650002,41.650002,41.650002,41.650002,0.0,0.0
6.0,25.0,41.650002,41.650002,41.650002,41.650002,0.0,0.0
6.0,24.0,41.650002,41.650002,41.650002,41.650002,0.0,0.0
6.0,23.0,41.650002,41.650002,41.650002,41.650002,0.0,0.0
6.0,22.0,41.650002,41.650002,41.650002,41.650002,0.0,0.0
6.0,19.0,41.650002,41.650002,41.650002,41.650002,0.0,0.0
6.0,18.0,41.650002,41.650002,41.650002,41.650002,100.0,0.0
6.0,17.0,40.189999,40.200001,40.189999,40.200001,200.0,0.010002000000000066
6.0,16.0,39.549999,39.549999,39.549999,39.549999,0.0,0.0
6.0,15.0,39.549999,39.549999,39.549999,39.549999,200.0,0.0
6.0,12.0,41.150002,41.150002,41.150002,41.150002,0.0,0.0
6.0,11.0,41.049999,41.150002,41.049999,41.150002,700.0,0.10000300000000095
6.0,10.0,39.700001,39.700001,39.700001,39.700001,0.0,0.0
6.0,9.0,39.700001,39.700001,39.700001,39.700001,500.0,0.0
6.0,8.0,41.049999,41.049999,41.049999,41.049999,200.0,0.0
6.0,5.0,40.799999,40.799999,40.799999,40.799999,500.0,0.0
6.0,4.0,46.57,46.57,46.57,46.57,2700.0,0.0
6.0,3.0,46.57,46.57,46.57,46.57,0.0,0.0
6.0,2.0,46.57,46.57,46.57,46.57,0.0,0.0
6.0,1.0,46.57,46.57,46.57,46.57,0.0,0.0
5.0,29.0,46.57,46.57,46.57,46.57,0.0,0.0
5.0,28.0,46.57,46.57,46.57,46.57,0.0,0.0
5.0,27.0,46.57,46.57,46.57,46.57,0.0,0.0
5.0,26.0,46.57,46.57,46.57,46.57,0.0,0.0
5.0,22.0,46.57,46.57,46.57,46.57,1100.0,0.0
5.0,21.0,47.450001,47.599998,47.400002,47.400002,400.0,-0.04999899999999968
5.0,20.0,45.279999,45.279999,45.279999,45.279999,0.0,0.0
5.0,19.0,45.279999,45.279999,45.279999,45.279999,0.0,0.0
5.0,18.0,45.279999,45.279999,45.279999,45.279999,0.0,0.0
5.0,15.0,45.279999,45.279999,45.279999,45.279999,0.0,0.0
5.0,14.0,45.279999,45.279999,45.279999,45.279999,0.0,0.0
5.0,13.0,45.279999,45.279999,45.279999,45.279999,0.0,0.0
5.0,12.0,45.279999,45.279999,45.279999,45.279999,0.0,0.0
5.0,11.0,45.279999,45.279999,45.279999,45.279999,0.0,0.0
5.0,8.0,45.209999,45.279999,45.209999,45.279999,1000.0,0.06999999999999318
5.0,7.0,45.349998,45.349998,45.349998,45.349998,0.0,0.0
5.0,6.0,45.349998,45.349998,45.349998,45.349998,0.0,0.0
5.0,5.0,45.349998,45.349998,45.349998,45.349998,200.0,0.0
5.0,4.0,45.439999,45.439999,45.439999,45.439999,0.0,0.0
5.0,1.0,45.439999,45.439999,45.439999,45.439999,0.0,0.0
4.0,30.0,45.77,45.77,45.439999,45.439999,1000.0,-0.3300010000000029
4.0,29.0,46.290001,46.290001,45.77,45.77,1700.0,-0.5200009999999935
4.0,28.0,45.700001,45.700001,45.700001,45.700001,0.0,0.0
4.0,27.0,45.400002,45.700001,45.400002,45.700001,500.0,0.2999989999999997
4.0,24.0,43.02,43.02,43.02,43.02,0.0,0.0
4.0,23.0,43.02,43.02,43.02,43.02,0.0,0.0
4.0,22.0,43.02,43.02,43.02,43.02,0.0,0.0
4.0,21.0,43.02,43.02,43.02,43.02,0.0,0.0
4.0,20.0,43.02,43.02,43.02,43.02,300.0,0.0
4.0,17.0,42.639999,42.639999,42.639999,42.639999,200.0,0.0
4.0,16.0,43.900002,43.900002,43.900002,43.900002,0.0,0.0
4.0,15.0,43.900002,43.900002,43.900002,43.900002,0.0,0.0
4.0,14.0,44.18,44.18,43.900002,43.900002,1400.0,-0.2799979999999991
4.0,13.0,43.470001,43.470001,43.470001,43.470001,0.0,0.0
4.0,10.0,43.470001,43.470001,43.470001,43.470001,0.0,0.0
4.0,9.0,43.470001,43.470001,43.470001,43.470001,0.0,0.0
4.0,8.0,43.470001,43.470001,43.470001,43.470001,100.0,0.0
4.0,7.0,44.650002,44.650002,44.450001,44.450001,400.0,-0.20000100000000032
4.0,6.0,43.869999,43.869999,43.830002,43.830002,500.0,-0.039996999999999616
4.0,2.0,43.700001,43.700001,43.700001,43.700001,300.0,0.0
4.0,1.0,42.950001,42.950001,42.849998,42.849998,300.0,-0.10000300000000095
3.0,31.0,43.299999,43.299999,43.299999,43.299999,0.0,0.0
3.0,30.0,43.299999,43.299999,43.299999,43.299999,200.0,0.0
3.0,27.0,43.630001,43.630001,43.630001,43.630001,0.0,0.0
3.0,26.0,43.630001,43.630001,43.630001,43.630001,0.0,0.0
3.0,25.0,43.630001,43.630001,43.630001,43.630001,0.0,0.0
3.0,24.0,43.630001,43.630001,43.630001,43.630001,700.0,0.0
3.0,23.0,43.080002,43.080002,43.080002,43.080002,100.0,0.0
3.0,20.0,41.139999,41.139999,41.139999,41.139999,0.0,0.0
3.0,19.0,41.139999,41.139999,41.139999,41.139999,0.0,0.0
3.0,18.0,40.880001,41.139999,40.880001,41.139999,400.0,0.25999800000000306
3.0,17.0,40.080002,40.080002,40.080002,40.080002,0.0,0.0
3.0,16.0,40.080002,40.080002,40.080002,40.080002,0.0,0.0
3.0,13.0,40.080002,40.080002,40.080002,40.080002,0.0,0.0
3.0,12.0,40.080002,40.080002,40.080002,40.080002,200.0,0.0
3.0,11.0,40.220001,40.220001,40.220001,40.220001,200.0,0.0
3.0,10.0,40.049999,40.049999,40.049999,40.049999,2100.0,0.0
3.0,9.0,41.349998,41.349998,41.349998,41.349998,0.0,0.0
3.0,6.0,41.349998,41.349998,41.349998,41.349998,0.0,0.0
3.0,5.0,41.349998,41.349998,41.349998,41.349998,0.0,0.0
3.0,4.0,41.349998,41.349998,41.349998,41.349998,200.0,0.0
3.0,3.0,41.150002,41.150002,41.150002,41.150002,400.0,0.0
3.0,2.0,41.150002,41.150002,41.150002,41.150002,0.0,0.0
2.0,27.0,41.150002,41.150002,41.150002,41.150002,0.0,0.0
2.0,26.0,41.150002,41.150002,41.150002,41.150002,0.0,0.0
2.0,25.0,41.150002,41.150002,41.150002,41.150002,400.0,0.0
2.0,24.0,41.650002,41.650002,41.650002,41.650002,0.0,0.0
2.0,23.0,41.650002,41.650002,41.650002,41.650002,400.0,0.0
2.0,20.0,40.82,40.82,40.82,40.82,200.0,0.0
2.0,19.0,40.299999,40.299999,40.299999,40.299999,0.0,0.0
2.0,18.0,40.299999,40.299999,40.299999,40.299999,0.0,0.0
2.0,17.0,40.299999,40.299999,40.299999,40.299999,200.0,0.0
2.0,13.0,39.110001,39.110001,39.110001,39.110001,0.0,0.0
2.0,12.0,39.110001,39.110001,39.110001,39.110001,0.0,0.0
2.0,11.0,39.110001,39.110001,39.110001,39.110001,3700.0,0.0
2.0,10.0,39.110001,39.110001,39.110001,39.110001,0.0,0.0
2.0,9.0,39.07,39.130001,39.07,39.110001,3400.0,0.04000099999999662
2.0,6.0,40.349998,40.349998,39.880001,39.880001,600.0,-0.46999699999999933
2.0,5.0,40.75,40.75,40.75,40.75,100.0,0.0
2.0,4.0,40.34,40.34,39.950001,39.950001,400.0,-0.3899990000000031
2.0,3.0,39.759998,39.759998,39.759998,39.759998,0.0,0.0
2.0,2.0,39.759998,39.759998,39.759998,39.759998,400.0,0.0
1.0,30.0,39.990002,39.990002,39.950001,39.950001,1300.0,-0.04000099999999662
1.0,29.0,38.790001,38.790001,38.790001,38.790001,0.0,0.0
1.0,28.0,38.790001,38.790001,38.790001,38.790001,0.0,0.0
1.0,27.0,38.790001,38.790001,38.790001,38.790001,0.0,0.0
1.0,26.0,38.790001,38.790001,38.790001,38.790001,0.0,0.0
1.0,23.0,38.790001,38.790001,38.790001,38.790001,0.0,0.0
1.0,22.0,38.790001,38.790001,38.790001,38.790001,0.0,0.0
1.0,21.0,38.790001,38.790001,38.790001,38.790001,600.0,0.0
1.0,20.0,38.400002,38.400002,38.400002,38.400002,0.0,0.0
1.0,16.0,38.400002,38.400002,38.400002,38.400002,300.0,0.0
1.0,15.0,39.400002,39.400002,39.400002,39.400002,0.0,0.0
1.0,14.0,39.400002,39.400002,39.400002,39.400002,100.0,0.0
1.0,13.0,39.200001,39.200001,39.200001,39.200001,100.0,0.0
1.0,12.0,38.950001,38.950001,38.950001,38.950001,0.0,0.0
1.0,9.0,38.950001,38.950001,38.950001,38.950001,300.0,0.0
1.0,8.0,38.099998,38.099998,38.099998,38.099998,0.0,0.0
1.0,7.0,38.130001,38.689999,38.099998,38.099998,6800.0,-0.030003000000000668
1.0,6.0,39.099998,39.099998,38.900002,38.900002,200.0,-0.19999599999999873
1.0,5.0,38.52,38.52,38.52,38.52,800.0,0.0
1.0,2.0,39.599998,39.599998,39.599998,39.599998,200.0,0.0
12.0,31.0,39.950001,39.950001,39.599998,39.599998,200.0,-0.35000300000000095
12.0,30.0,40.259998,40.259998,40.259998,40.259998,0.0,0.0
12.0,29.0,40.259998,40.259998,40.259998,40.259998,0.0,0.0
12.0,26.0,40.259998,40.259998,40.259998,40.259998,200.0,0.0
12.0,24.0,40.5,40.5,40.5,40.5,300.0,0.0
12.0,23.0,40.16,40.16,40.16,40.16,0.0,0.0
12.0,22.0,40.16,40.16,40.16,40.16,500.0,0.0
12.0,19.0,38.200001,38.200001,38.200001,38.200001,0.0,0.0
12.0,18.0,38.200001,38.200001,38.200001,38.200001,0.0,0.0
12.0,17.0,38.759998,38.759998,38.200001,38.200001,600.0,-0.5599970000000027
12.0,16.0,39.189999,39.189999,39.189999,39.189999,300.0,0.0
12.0,15.0,39.5,39.5,39.5,39.5,0.0,0.0
12.0,12.0,40.200001,40.200001,39.5,39.5,300.0,-0.7000010000000003
12.0,11.0,39.139999,39.139999,39.139999,39.139999,100.0,0.0
12.0,10.0,39.200001,39.200001,39.200001,39.200001,0.0,0.0
12.0,9.0,39.200001,39.200001,39.200001,39.200001,0.0,0.0
12.0,8.0,39.200001,39.200001,39.200001,39.200001,0.0,0.0
12.0,5.0,39.240002,39.240002,39.200001,39.200001,200.0,-0.04000099999999662
12.0,4.0,39.5,39.75,39.5,39.75,300.0,0.25
12.0,3.0,39.599998,39.599998,39.599998,39.599998,0.0,0.0
12.0,2.0,39.599998,39.599998,39.599998,39.599998,200.0,0.0
12.0,1.0,39.939999,39.939999,39.939999,39.939999,1300.0,0.0
11.0,28.0,39.939999,39.939999,39.939999,39.939999,100.0,0.0
11.0,26.0,39.970001,39.970001,39.970001,39.970001,0.0,0.0
11.0,25.0,40.25,40.34,39.970001,39.970001,4300.0,-0.27999899999999656
11.0,24.0,39.299999,39.299999,39.299999,39.299999,400.0,0.0
11.0,21.0,38.860001,38.900002,38.860001,38.900002,400.0,0.04000100000000373
11.0,20.0,38.740002,38.93,38.740002,38.93,2200.0,0.18999800000000278
11.0,19.0,37.150002,37.150002,37.150002,37.150002,0.0,0.0
11.0,18.0,37.150002,37.150002,37.150002,37.150002,0.0,0.0
11.0,17.0,37.150002,37.150002,37.150002,37.150002,0.0,0.0
11.0,14.0,37.150002,37.150002,37.150002,37.150002,100.0,0.0
11.0,13.0,37.25,37.25,37.25,37.25,2000.0,0.0
11.0,12.0,36.490002,36.490002,36.490002,36.490002,0.0,0.0
11.0,11.0,36.490002,36.490002,36.490002,36.490002,0.0,0.0
11.0,10.0,36.490002,36.490002,36.490002,36.490002,0.0,0.0
11.0,7.0,36.490002,36.490002,36.490002,36.490002,200.0,0.0
11.0,6.0,36.310001,36.310001,36.310001,36.310001,200.0,0.0
11.0,5.0,36.540001,36.540001,36.5,36.5,500.0,-0.04000099999999662
11.0,4.0,36.549999,36.549999,36.549999,36.549999,0.0,0.0
11.0,3.0,36.549999,36.549999,36.549999,36.549999,0.0,0.0
10.0,31.0,36.5,36.549999,36.5,36.549999,500.0,0.04999899999999968
10.0,30.0,35.5,35.5,35.5,35.5,100.0,0.0
10.0,29.0,34.150002,34.150002,34.150002,34.150002,0.0,0.0
10.0,28.0,34.150002,34.150002,34.150002,34.150002,0.0,0.0
10.0,27.0,34.150002,34.150002,34.150002,34.150002,0.0,0.0
10.0,24.0,34.150002,34.150002,34.150002,34.150002,600.0,0.0
10.0,23.0,34.380001,34.380001,34.380001,34.380001,100.0,0.0
10.0,22.0,33.900002,33.900002,33.900002,33.900002,0.0,0.0
10.0,21.0,33.75,33.900002,33.75,33.900002,200.0,0.15000200000000063
10.0,20.0,32.950001,32.950001,32.950001,32.950001,0.0,0.0
10.0,17.0,32.950001,32.950001,32.950001,32.950001,0.0,0.0
10.0,16.0,32.950001,32.950001,32.950001,32.950001,0.0,0.0
10.0,15.0,33.049999,33.369999,32.950001,32.950001,300.0,-0.09999799999999937
10.0,14.0,33.700001,33.700001,33.700001,33.700001,0.0,0.0
10.0,13.0,33.700001,33.700001,33.700001,33.700001,200.0,0.0
10.0,10.0,34.139999,34.139999,34.139999,34.139999,100.0,0.0
10.0,9.0,34.549999,34.549999,34.549999,34.549999,100.0,0.0
10.0,8.0,34.830002,35.200001,34.580002,35.200001,1300.0,0.36999899999999997
10.0,7.0,35.040001,35.040001,35.040001,35.040001,100.0,0.0
10.0,6.0,36.110001,36.110001,36.110001,36.110001,0.0,0.0
10.0,3.0,36.110001,36.110001,36.110001,36.110001,0.0,0.0
10.0,2.0,36.110001,36.110001,36.110001,36.110001,200.0,0.0
10.0,1.0,37.16,37.16,37.16,37.16,0.0,0.0
9.0,30.0,37.16,37.16,37.16,37.16,1400.0,0.0
9.0,29.0,37.0,37.0,37.0,37.0,1000.0,0.0
9.0,26.0,37.09,37.09,37.09,37.09,0.0,0.0
9.0,25.0,37.09,37.09,37.09,37.09,0.0,0.0
9.0,24.0,37.09,37.09,37.09,37.09,0.0,0.0
9.0,23.0,37.09,37.09,37.09,37.09,0.0,0.0
9.0,22.0,37.09,37.09,37.09,37.09,0.0,0.0
9.0,19.0,37.09,37.09,37.09,37.09,100.0,0.0
9.0,18.0,36.450001,36.450001,36.450001,36.450001,0.0,0.0
9.0,17.0,36.450001,36.450001,36.450001,36.450001,0.0,0.0
9.0,16.0,36.450001,36.450001,36.450001,36.450001,0.0,0.0
9.0,15.0,36.450001,36.450001,36.450001,36.450001,0.0,0.0
9.0,12.0,36.450001,36.450001,36.450001,36.450001,300.0,0.0
9.0,11.0,36.299999,36.299999,36.299999,36.299999,0.0,0.0
9.0,10.0,36.299999,36.299999,36.299999,36.299999,0.0,0.0
9.0,9.0,36.700001,36.700001,36.299999,36.299999,1400.0,-0.40000200000000063
9.0,8.0,37.02,37.02,37.02,37.02,100.0,0.0
9.0,5.0,37.25,37.25,37.25,37.25,1300.0,0.0
9.0,4.0,36.959999,36.959999,36.959999,36.959999,0.0,0.0
9.0,3.0,36.959999,36.959999,36.959999,36.959999,0.0,0.0
9.0,2.0,36.959999,36.959999,36.959999,36.959999,100.0,0.0
8.0,29.0,37.48,37.48,37.48,37.48,0.0,0.0
8.0,28.0,37.48,37.48,37.48,37.48,400.0,0.0
8.0,27.0,37.599998,37.599998,37.599998,37.599998,0.0,0.0
8.0,26.0,37.599998,37.599998,37.599998,37.599998,0.0,0.0
8.0,25.0,37.599998,37.599998,37.599998,37.599998,0.0,0.0
8.0,22.0,37.599998,37.599998,37.599998,37.599998,0.0,0.0
8.0,21.0,37.599998,37.599998,37.599998,37.599998,1200.0,0.0
8.0,20.0,37.540001,37.540001,37.540001,37.540001,0.0,0.0
8.0,19.0,37.540001,37.540001,37.540001,37.540001,0.0,0.0
8.0,18.0,37.540001,37.540001,37.540001,37.540001,0.0,0.0
8.0,15.0,37.540001,37.540001,37.540001,37.540001,0.0,0.0
8.0,14.0,37.540001,37.540001,37.540001,37.540001,600.0,0.0
8.0,13.0,37.700001,37.700001,37.700001,37.700001,0.0,0.0
8.0,12.0,37.700001,37.700001,37.700001,37.700001,100.0,0.0
8.0,11.0,37.139999,37.139999,37.139999,37.139999,0.0,0.0
8.0,8.0,37.139999,37.139999,37.139999,37.139999,0.0,0.0
8.0,7.0,37.139999,37.139999,37.139999,37.139999,0.0,0.0
8.0,6.0,37.139999,37.139999,37.139999,37.139999,2000.0,0.0
8.0,5.0,37.75,37.75,37.75,37.75,500.0,0.0
8.0,4.0,38.060001,38.060001,37.849998,37.849998,500.0,-0.21000300000000038
8.0,1.0,41.0,41.0,41.0,41.0,0.0,0.0
7.0,31.0,41.0,41.0,41.0,41.0,0.0,0.0
7.0,30.0,41.0,41.0,41.0,41.0,0.0,0.0
7.0,29.0,41.0,41.0,41.0,41.0,0.0,0.0
7.0,28.0,41.0,41.0,41.0,41.0,200.0,0.0
7.0,25.0,40.900002,40.900002,40.900002,40.900002,200.0,0.0
7.0,24.0,40.950001,40.950001,40.950001,40.950001,200.0,0.0
7.0,23.0,40.349998,40.349998,40.349998,40.349998,0.0,0.0
7.0,22.0,40.349998,40.349998,40.349998,40.349998,0.0,0.0
7.0,21.0,40.27,40.349998,40.27,40.349998,500.0,0.07999799999999624
7.0,18.0,40.549999,40.549999,40.549999,40.549999,0.0,0.0
7.0,17.0,40.549999,40.549999,40.549999,40.549999,0.0,0.0
7.0,16.0,40.549999,40.549999,40.549999,40.549999,0.0,0.0
7.0,15.0,40.549999,40.549999,40.549999,40.549999,0.0,0.0
7.0,14.0,40.549999,40.549999,40.549999,40.549999,0.0,0.0
7.0,11.0,40.549999,40.549999,40.549999,40.549999,0.0,0.0
7.0,10.0,40.549999,40.549999,40.549999,40.549999,0.0,0.0
7.0,9.0,40.549999,40.549999,40.549999,40.549999,0.0,0.0
7.0,8.0,40.549999,40.549999,40.549999,40.549999,0.0,0.0
7.0,7.0,40.549999,40.549999,40.549999,40.549999,0.0,0.0
7.0,3.0,40.549999,40.549999,40.549999,40.549999,0.0,0.0
7.0,2.0,40.549999,40.549999,40.549999,40.549999,0.0,0.0
7.0,1.0,40.549999,40.549999,40.549999,40.549999,0.0,0.0
6.0,30.0,40.549999,40.549999,40.549999,40.549999,0.0,0.0
6.0,27.0,40.549999,40.549999,40.549999,40.549999,0.0,0.0
6.0,26.0,40.549999,40.549999,40.549999,40.549999,500.0,0.0
6.0,25.0,41.200001,41.200001,41.200001,41.200001,0.0,0.0
6.0,24.0,41.200001,41.200001,41.200001,41.200001,200.0,0.0
6.0,23.0,41.919998,41.919998,41.919998,41.919998,0.0,0.0
6.0,20.0,41.919998,41.919998,41.919998,41.919998,0.0,0.0
6.0,19.0,41.919998,41.919998,41.919998,41.919998,0.0,0.0
6.0,18.0,41.919998,41.919998,41.919998,41.919998,200.0,0.0
6.0,17.0,41.700001,41.700001,41.700001,41.700001,200.0,0.0
6.0,16.0,41.799999,41.799999,41.799999,41.799999,500.0,0.0
6.0,13.0,43.650002,43.650002,43.650002,43.650002,0.0,0.0
6.0,12.0,43.650002,43.650002,43.650002,43.650002,0.0,0.0
6.0,11.0,43.650002,43.650002,43.650002,43.650002,0.0,0.0
6.0,10.0,43.650002,43.650002,43.650002,43.650002,0.0,0.0
6.0,9.0,43.650002,43.650002,43.650002,43.650002,0.0,0.0
6.0,6.0,43.650002,43.650002,43.650002,43.650002,0.0,0.0
6.0,5.0,43.650002,43.650002,43.650002,43.650002,100.0,0.0
6.0,4.0,42.900002,42.900002,42.900002,42.900002,0.0,0.0
6.0,3.0,42.900002,42.900002,42.900002,42.900002,0.0,0.0
6.0,2.0,42.900002,42.900002,42.900002,42.900002,0.0,0.0
5.0,30.0,42.900002,42.900002,42.900002,42.900002,0.0,0.0
5.0,29.0,42.900002,42.900002,42.900002,42.900002,0.0,0.0
5.0,28.0,42.900002,42.900002,42.900002,42.900002,0.0,0.0
5.0,27.0,42.900002,42.900002,42.900002,42.900002,0.0,0.0
5.0,23.0,42.900002,42.900002,42.900002,42.900002,0.0,0.0
5.0,22.0,42.900002,42.900002,42.900002,42.900002,0.0,0.0
5.0,21.0,42.900002,42.900002,42.900002,42.900002,0.0,0.0
5.0,20.0,42.900002,42.900002,42.900002,42.900002,0.0,0.0
5.0,19.0,42.900002,42.900002,42.900002,42.900002,0.0,0.0
5.0,16.0,42.900002,42.900002,42.900002,42.900002,200.0,0.0
5.0,15.0,43.799999,43.799999,43.799999,43.799999,0.0,0.0
5.0,14.0,43.91,43.91,43.799999,43.799999,600.0,-0.1100009999999969
5.0,13.0,41.5,41.5,41.5,41.5,0.0,0.0
5.0,12.0,41.5,41.5,41.5,41.5,0.0,0.0
5.0,9.0,41.5,41.5,41.5,41.5,0.0,0.0
5.0,8.0,41.5,41.5,41.5,41.5,0.0,0.0
5.0,7.0,41.5,41.5,41.5,41.5,0.0,0.0
5.0,6.0,41.5,41.5,41.5,41.5,0.0,0.0
5.0,5.0,41.5,41.5,41.5,41.5,1900.0,0.0
5.0,2.0,41.599998,41.650002,41.599998,41.650002,500.0,0.05000400000000127
5.0,1.0,41.41,41.41,41.41,41.41,0.0,0.0
4.0,30.0,41.41,41.41,41.41,41.41,200.0,0.0
4.0,29.0,41.400002,41.400002,41.400002,41.400002,0.0,0.0
4.0,28.0,41.400002,41.400002,41.400002,41.400002,0.0,0.0
4.0,25.0,41.400002,41.400002,41.400002,41.400002,400.0,0.0
4.0,24.0,41.470001,41.470001,41.470001,41.470001,1200.0,0.0
4.0,23.0,40.299999,40.299999,40.299999,40.299999,0.0,0.0
4.0,22.0,40.299999,40.299999,40.299999,40.299999,0.0,0.0
4.0,21.0,40.299999,40.299999,40.299999,40.299999,100.0,0.0
4.0,17.0,40.580002,40.580002,40.580002,40.580002,0.0,0.0
4.0,16.0,40.580002,40.580002,40.580002,40.580002,0.0,0.0
4.0,15.0,40.580002,40.580002,40.580002,40.580002,100.0,0.0
4.0,14.0,41.41,41.41,41.41,41.41,0.0,0.0
4.0,11.0,41.41,41.41,41.41,41.41,0.0,0.0
4.0,10.0,41.41,41.41,41.41,41.41,0.0,0.0
4.0,9.0,41.41,41.41,41.41,41.41,0.0,0.0
4.0,8.0,41.41,41.41,41.41,41.41,0.0,0.0
4.0,7.0,41.41,41.41,41.41,41.41,0.0,0.0
4.0,4.0,41.41,41.41,41.41,41.41,0.0,0.0
4.0,3.0,41.41,41.41,41.41,41.41,0.0,0.0
4.0,2.0,41.41,41.41,41.41,41.41,0.0,0.0
4.0,1.0,41.41,41.41,41.41,41.41,0.0,0.0
3.0,31.0,41.41,41.41,41.41,41.41,300.0,0.0
3.0,28.0,38.98,38.98,38.98,38.98,0.0,0.0
3.0,27.0,38.98,38.98,38.98,38.98,0.0,0.0
3.0,26.0,38.98,38.98,38.98,38.98,0.0,0.0
3.0,25.0,38.98,38.98,38.98,38.98,700.0,0.0
3.0,24.0,39.27,39.27,39.27,39.27,1700.0,0.0
3.0,21.0,39.25,39.25,39.25,39.25,200.0,0.0
3.0,20.0,42.57,42.57,42.57,42.57,0.0,0.0
3.0,19.0,42.57,42.57,42.57,42.57,0.0,0.0
3.0,18.0,42.57,42.57,42.57,42.57,0.0,0.0
3.0,17.0,42.57,42.57,42.57,42.57,0.0,0.0
3.0,14.0,42.57,42.57,42.57,42.57,0.0,0.0
3.0,13.0,42.57,42.57,42.57,42.57,0.0,0.0
3.0,12.0,42.57,42.57,42.57,42.57,0.0,0.0
3.0,11.0,42.57,42.57,42.57,42.57,0.0,0.0
3.0,10.0,42.57,42.57,42.57,42.57,0.0,0.0
3.0,7.0,42.57,42.57,42.57,42.57,0.0,0.0
3.0,6.0,42.57,42.57,42.57,42.57,0.0,0.0
3.0,5.0,42.57,42.57,42.57,42.57,0.0,0.0
3.0,4.0,42.57,42.57,42.57,42.57,0.0,0.0
3.0,3.0,42.57,42.57,42.57,42.57,2000.0,0.0
2.0,28.0,43.720001,43.720001,43.720001,43.720001,500.0,0.0
2.0,27.0,43.389999,43.389999,43.389999,43.389999,0.0,0.0
2.0,26.0,43.389999,43.389999,43.389999,43.389999,0.0,0.0
2.0,25.0,43.389999,43.389999,43.389999,43.389999,0.0,0.0
2.0,24.0,43.389999,43.389999,43.389999,43.389999,0.0,0.0
2.0,21.0,43.389999,43.389999,43.389999,43.389999,200.0,0.0
2.0,20.0,40.369999,40.369999,40.369999,40.369999,0.0,0.0
2.0,19.0,40.369999,40.369999,40.369999,40.369999,0.0,0.0
2.0,18.0,40.369999,40.369999,40.369999,40.369999,0.0,0.0
2.0,14.0,40.369999,40.369999,40.369999,40.369999,0.0,0.0
2.0,13.0,40.369999,40.369999,40.369999,40.369999,0.0,0.0
2.0,12.0,40.369999,40.369999,40.369999,40.369999,0.0,0.0
2.0,11.0,40.369999,40.369999,40.369999,40.369999,0.0,0.0
2.0,10.0,40.369999,40.369999,40.369999,40.369999,0.0,0.0
2.0,7.0,40.369999,40.369999,40.369999,40.369999,0.0,0.0
2.0,6.0,40.369999,40.369999,40.369999,40.369999,200.0,0.0
2.0,5.0,39.77,39.77,39.77,39.77,0.0,0.0
2.0,4.0,39.77,39.77,39.77,39.77,0.0,0.0
2.0,3.0,39.77,39.77,39.77,39.77,200.0,0.0
1.0,31.0,40.849998,40.849998,40.849998,40.849998,0.0,0.0
1.0,30.0,40.849998,40.849998,40.849998,40.849998,0.0,0.0
1.0,29.0,40.849998,40.849998,40.849998,40.849998,0.0,0.0
1.0,28.0,40.849998,40.849998,40.849998,40.849998,200.0,0.0
1.0,27.0,40.77,40.77,40.77,40.77,0.0,0.0
1.0,24.0,40.77,40.77,40.77,40.77,0.0,0.0
1.0,23.0,40.77,40.77,40.77,40.77,0.0,0.0
1.0,22.0,40.950001,40.950001,40.77,40.77,1400.0,-0.1800009999999972
1.0,21.0,40.900002,40.900002,40.900002,40.900002,0.0,0.0
1.0,17.0,40.900002,40.900002,40.900002,40.900002,1100.0,0.0
1.0,16.0,41.549999,41.549999,41.330002,41.330002,800.0,-0.21999699999999933
1.0,15.0,41.68,41.68,41.68,41.68,300.0,0.0
1.0,14.0,41.490002,41.490002,41.490002,41.490002,200.0,0.0
1.0,13.0,41.59,41.59,41.59,41.59,300.0,0.0
1.0,10.0,42.470001,42.470001,42.439999,42.439999,200.0,-0.030002000000003193
1.0,9.0,41.52,41.52,41.52,41.52,0.0,0.0
1.0,8.0,41.52,41.52,41.52,41.52,0.0,0.0
1.0,7.0,41.52,41.52,41.52,41.52,400.0,0.0
1.0,6.0,41.330002,41.330002,41.330002,41.330002,100.0,0.0
1.0,3.0,41.349998,41.349998,41.349998,41.349998,0.0,0.0
1.0,2.0,41.349998,41.349998,41.349998,41.349998,500.0,0.0
12.0,31.0,41.25,41.25,41.25,41.25,0.0,0.0
12.0,30.0,41.25,41.25,41.25,41.25,0.0,0.0
12.0,27.0,41.25,41.25,41.25,41.25,0.0,0.0
12.0,26.0,41.25,41.25,41.25,41.25,0.0,0.0
12.0,24.0,41.25,41.25,41.25,41.25,0.0,0.0
12.0,23.0,41.25,41.25,41.25,41.25,0.0,0.0
12.0,20.0,41.25,41.25,41.25,41.25,500.0,0.0
12.0,19.0,39.959999,39.959999,39.959999,39.959999,300.0,0.0
12.0,18.0,39.09,39.09,39.09,39.09,300.0,0.0
12.0,17.0,37.540001,37.540001,37.540001,37.540001,0.0,0.0
12.0,16.0,37.540001,37.540001,37.540001,37.540001,0.0,0.0
12.0,13.0,37.540001,37.540001,37.540001,37.540001,0.0,0.0
12.0,12.0,37.540001,37.540001,37.540001,37.540001,0.0,0.0
12.0,11.0,37.540001,37.540001,37.540001,37.540001,0.0,0.0
12.0,10.0,37.540001,37.540001,37.540001,37.540001,0.0,0.0
12.0,9.0,37.540001,37.540001,37.540001,37.540001,0.0,0.0
12.0,6.0,37.310001,37.540001,37.310001,37.540001,1000.0,0.22999999999999687
12.0,5.0,37.669998,37.669998,37.669998,37.669998,500.0,0.0
12.0,4.0,37.27,37.27,37.27,37.27,300.0,0.0
12.0,3.0,37.25,37.25,37.25,37.25,400.0,0.0
12.0,2.0,37.310001,37.310001,37.310001,37.310001,0.0,0.0
11.0,29.0,37.650002,37.650002,37.310001,37.310001,1300.0,-0.3400010000000009
11.0,27.0,36.369999,36.369999,36.369999,36.369999,0.0,0.0
11.0,26.0,36.369999,36.369999,36.369999,36.369999,0.0,0.0
11.0,25.0,36.369999,36.369999,36.369999,36.369999,0.0,0.0
11.0,22.0,36.369999,36.369999,36.369999,36.369999,0.0,0.0
11.0,21.0,36.369999,36.369999,36.369999,36.369999,500.0,0.0
11.0,20.0,36.700001,36.700001,36.59,36.59,300.0,-0.1100009999999969
11.0,19.0,37.25,37.25,37.25,37.25,0.0,0.0
11.0,18.0,37.25,37.25,37.25,37.25,0.0,0.0
11.0,15.0,37.25,37.25,37.25,37.25,600.0,0.0
11.0,14.0,37.18,37.18,37.18,37.18,0.0,0.0
11.0,13.0,37.18,37.18,37.18,37.18,0.0,0.0
11.0,12.0,37.049999,37.18,37.049999,37.18,300.0,0.13000100000000003
11.0,11.0,36.549999,36.549999,36.549999,36.549999,0.0,0.0
11.0,8.0,36.549999,36.549999,36.549999,36.549999,0.0,0.0
11.0,7.0,36.66,36.66,36.549999,36.549999,200.0,-0.1100009999999969
11.0,6.0,36.549999,36.549999,36.549999,36.549999,0.0,0.0
11.0,5.0,36.549999,36.549999,36.549999,36.549999,0.0,0.0
11.0,4.0,36.549999,36.549999,36.549999,36.549999,0.0,0.0
11.0,1.0,36.549999,36.549999,36.549999,36.549999,100.0,0.0
10.0,31.0,36.950001,36.950001,36.950001,36.950001,0.0,0.0
10.0,30.0,36.950001,36.950001,36.950001,36.950001,0.0,0.0
10.0,29.0,36.950001,36.950001,36.950001,36.950001,0.0,0.0
10.0,28.0,36.950001,36.950001,36.950001,36.950001,0.0,0.0
10.0,25.0,36.950001,36.950001,36.950001,36.950001,0.0,0.0
10.0,24.0,36.950001,36.950001,36.950001,36.950001,0.0,0.0
10.0,23.0,36.950001,36.950001,36.950001,36.950001,0.0,0.0
10.0,22.0,36.950001,36.950001,36.950001,36.950001,0.0,0.0
10.0,21.0,36.950001,36.950001,36.950001,36.950001,100.0,0.0
10.0,18.0,35.400002,35.400002,35.400002,35.400002,0.0,0.0
10.0,17.0,35.400002,35.400002,35.400002,35.400002,0.0,0.0
10.0,16.0,35.400002,35.400002,35.400002,35.400002,0.0,0.0
10.0,15.0,35.400002,35.400002,35.400002,35.400002,0.0,0.0
10.0,14.0,35.400002,35.400002,35.400002,35.400002,0.0,0.0
10.0,11.0,35.400002,35.400002,35.400002,35.400002,0.0,0.0
10.0,10.0,35.400002,35.400002,35.400002,35.400002,0.0,0.0
10.0,9.0,35.400002,35.400002,35.400002,35.400002,0.0,0.0
10.0,8.0,35.400002,35.400002,35.400002,35.400002,0.0,0.0
10.0,7.0,35.400002,35.400002,35.400002,35.400002,0.0,0.0
10.0,4.0,35.400002,35.400002,35.400002,35.400002,0.0,0.0
10.0,3.0,35.400002,35.400002,35.400002,35.400002,0.0,0.0
10.0,2.0,35.400002,35.400002,35.400002,35.400002,200.0,0.0
10.0,1.0,34.860001,34.860001,34.860001,34.860001,0.0,0.0
9.0,30.0,34.860001,34.860001,34.860001,34.860001,0.0,0.0
9.0,27.0,34.860001,34.860001,34.860001,34.860001,0.0,0.0
9.0,26.0,34.860001,34.860001,34.860001,34.860001,0.0,0.0
9.0,25.0,34.860001,34.860001,34.860001,34.860001,0.0,0.0
9.0,24.0,34.860001,34.860001,34.860001,34.860001,0.0,0.0
9.0,23.0,34.860001,34.860001,34.860001,34.860001,1200.0,0.0
9.0,20.0,33.200001,33.200001,33.200001,33.200001,0.0,0.0
9.0,19.0,33.200001,33.200001,33.200001,33.200001,0.0,0.0
9.0,18.0,33.200001,33.200001,33.200001,33.200001,0.0,0.0
9.0,17.0,33.200001,33.200001,33.200001,33.200001,0.0,0.0
9.0,16.0,33.200001,33.200001,33.200001,33.200001,0.0,0.0
9.0,13.0,33.200001,33.200001,33.200001,33.200001,0.0,0.0
9.0,12.0,33.200001,33.200001,33.200001,33.200001,200.0,0.0
9.0,11.0,33.040001,33.040001,33.040001,33.040001,600.0,0.0
9.0,10.0,33.0,33.0,33.0,33.0,100.0,0.0
9.0,9.0,32.599998,32.599998,32.599998,32.599998,0.0,0.0
9.0,6.0,32.599998,32.599998,32.599998,32.599998,0.0,0.0
9.0,5.0,32.599998,32.599998,32.599998,32.599998,0.0,0.0
9.0,4.0,32.599998,32.599998,32.599998,32.599998,0.0,0.0
9.0,3.0,32.599998,32.599998,32.599998,32.599998,0.0,0.0
8.0,30.0,32.599998,32.599998,32.599998,32.599998,0.0,0.0
8.0,29.0,32.599998,32.599998,32.599998,32.599998,600.0,0.0
8.0,28.0,32.740002,32.740002,32.740002,32.740002,0.0,0.0
8.0,27.0,32.740002,32.740002,32.740002,32.740002,0.0,0.0
8.0,26.0,32.740002,32.740002,32.740002,32.740002,0.0,0.0
8.0,23.0,32.740002,32.740002,32.740002,32.740002,0.0,0.0
8.0,22.0,32.740002,32.740002,32.740002,32.740002,0.0,0.0
8.0,21.0,32.740002,32.740002,32.740002,32.740002,0.0,0.0
8.0,20.0,32.740002,32.740002,32.740002,32.740002,0.0,0.0
8.0,19.0,32.740002,32.740002,32.740002,32.740002,700.0,0.0
8.0,16.0,33.130001,33.130001,33.130001,33.130001,0.0,0.0
8.0,15.0,33.130001,33.130001,33.130001,33.130001,0.0,0.0
8.0,14.0,33.130001,33.130001,33.130001,33.130001,200.0,0.0
8.0,13.0,33.25,33.25,33.25,33.25,100.0,0.0
8.0,12.0,33.400002,33.400002,33.400002,33.400002,100.0,0.0
8.0,9.0,33.75,33.75,33.75,33.75,0.0,0.0
8.0,8.0,33.75,33.75,33.75,33.75,200.0,0.0
8.0,7.0,33.41,33.41,33.41,33.41,0.0,0.0
8.0,6.0,33.41,33.41,33.41,33.41,0.0,0.0
8.0,5.0,33.41,33.41,33.41,33.41,0.0,0.0
8.0,2.0,33.41,33.41,33.41,33.41,0.0,0.0
8.0,1.0,33.41,33.41,33.41,33.41,0.0,0.0
7.0,31.0,33.41,33.41,33.41,33.41,0.0,0.0
7.0,30.0,33.41,33.41,33.41,33.41,300.0,0.0
7.0,29.0,32.900002,32.900002,32.900002,32.900002,0.0,0.0
7.0,26.0,32.900002,32.900002,32.900002,32.900002,0.0,0.0
7.0,25.0,32.900002,32.900002,32.900002,32.900002,0.0,0.0
7.0,24.0,32.900002,32.900002,32.900002,32.900002,0.0,0.0
7.0,23.0,32.900002,32.900002,32.900002,32.900002,0.0,0.0
7.0,22.0,32.950001,32.950001,32.900002,32.900002,900.0,-0.04999899999999968
7.0,19.0,33.049999,33.049999,33.049999,33.049999,300.0,0.0
7.0,18.0,32.25,32.25,32.25,32.25,0.0,0.0
7.0,17.0,32.25,32.25,32.25,32.25,0.0,0.0
7.0,16.0,32.25,32.25,32.25,32.25,0.0,0.0
7.0,15.0,32.25,32.25,32.25,32.25,0.0,0.0
7.0,12.0,32.25,32.25,32.25,32.25,0.0,0.0
7.0,11.0,32.25,32.25,32.25,32.25,0.0,0.0
7.0,10.0,32.25,32.25,32.25,32.25,0.0,0.0
7.0,9.0,32.25,32.25,32.25,32.25,100.0,0.0
7.0,8.0,32.040001,32.040001,32.040001,32.040001,0.0,0.0
7.0,5.0,32.040001,32.040001,32.040001,32.040001,0.0,0.0
7.0,3.0,32.040001,32.040001,32.040001,32.040001,0.0,0.0
7.0,2.0,32.040001,32.040001,32.040001,32.040001,0.0,0.0
7.0,1.0,32.040001,32.040001,32.040001,32.040001,0.0,0.0
6.0,28.0,32.040001,32.040001,32.040001,32.040001,0.0,0.0
6.0,27.0,32.040001,32.040001,32.040001,32.040001,0.0,0.0
6.0,26.0,32.040001,32.040001,32.040001,32.040001,0.0,0.0
6.0,25.0,32.040001,32.040001,32.040001,32.040001,0.0,0.0
6.0,24.0,32.040001,32.040001,32.040001,32.040001,0.0,0.0
6.0,21.0,32.040001,32.040001,32.040001,32.040001,0.0,0.0
6.0,20.0,32.040001,32.040001,32.040001,32.040001,0.0,0.0
6.0,19.0,32.040001,32.040001,32.040001,32.040001,0.0,0.0
6.0,18.0,32.040001,32.040001,32.040001,32.040001,0.0,0.0
6.0,17.0,32.040001,32.040001,32.040001,32.040001,0.0,0.0
6.0,14.0,32.040001,32.040001,32.040001,32.040001,0.0,0.0
6.0,13.0,32.040001,32.040001,32.040001,32.040001,200.0,0.0
6.0,12.0,32.119999,32.119999,32.119999,32.119999,400.0,0.0
6.0,11.0,31.200001,31.200001,31.200001,31.200001,0.0,0.0
6.0,10.0,31.200001,31.200001,31.200001,31.200001,0.0,0.0
6.0,7.0,31.200001,31.200001,31.200001,31.200001,0.0,0.0
6.0,6.0,31.200001,31.200001,31.200001,31.200001,2300.0,0.0
6.0,5.0,29.559999,29.559999,29.559999,29.559999,0.0,0.0
6.0,4.0,29.559999,29.559999,29.559999,29.559999,0.0,0.0
6.0,3.0,29.559999,29.559999,29.559999,29.559999,0.0,0.0
5.0,31.0,29.559999,29.559999,29.559999,29.559999,0.0,0.0
5.0,30.0,29.559999,29.559999,29.559999,29.559999,0.0,0.0
5.0,29.0,29.559999,29.559999,29.559999,29.559999,0.0,0.0
5.0,28.0,29.559999,29.559999,29.559999,29.559999,0.0,0.0
5.0,24.0,29.559999,29.559999,29.559999,29.559999,0.0,0.0
5.0,23.0,29.559999,29.559999,29.559999,29.559999,0.0,0.0
5.0,22.0,29.559999,29.559999,29.559999,29.559999,0.0,0.0
5.0,21.0,29.559999,29.559999,29.559999,29.559999,0.0,0.0
5.0,20.0,29.559999,29.559999,29.559999,29.559999,0.0,0.0
5.0,17.0,29.559999,29.559999,29.559999,29.559999,0.0,0.0
5.0,16.0,29.559999,29.559999,29.559999,29.559999,0.0,0.0
5.0,15.0,29.559999,29.559999,29.559999,29.559999,0.0,0.0
5.0,14.0,29.559999,29.559999,29.559999,29.559999,0.0,0.0
5.0,13.0,29.559999,29.559999,29.559999,29.559999,0.0,0.0
5.0,10.0,29.559999,29.559999,29.559999,29.559999,0.0,0.0
5.0,9.0,29.559999,29.559999,29.559999,29.559999,0.0,0.0
5.0,8.0,29.559999,29.559999,29.559999,29.559999,2800.0,0.0
5.0,7.0,29.549999,29.549999,29.549999,29.549999,0.0,0.0
5.0,6.0,29.549999,29.549999,29.549999,29.549999,0.0,0.0
5.0,3.0,29.549999,29.549999,29.549999,29.549999,200.0,0.0
5.0,2.0,29.15,29.15,29.15,29.15,0.0,0.0
5.0,1.0,29.15,29.15,29.15,29.15,0.0,0.0
4.0,30.0,29.15,29.15,29.15,29.15,0.0,0.0
4.0,29.0,29.0,29.15,29.0,29.15,700.0,0.14999999999999858
4.0,26.0,28.049999,28.049999,28.049999,28.049999,0.0,0.0
4.0,25.0,28.049999,28.049999,28.049999,28.049999,0.0,0.0
4.0,24.0,28.049999,28.049999,28.049999,28.049999,0.0,0.0
4.0,23.0,28.049999,28.049999,28.049999,28.049999,200.0,0.0
4.0,22.0,28.17,28.17,28.17,28.17,0.0,0.0
4.0,19.0,28.17,28.17,28.17,28.17,0.0,0.0
4.0,18.0,28.17,28.17,28.17,28.17,0.0,0.0
4.0,17.0,28.17,28.17,28.17,28.17,0.0,0.0
4.0,16.0,28.17,28.17,28.17,28.17,100.0,0.0
4.0,15.0,27.139999,27.139999,27.139999,27.139999,0.0,0.0
4.0,12.0,27.139999,27.139999,27.139999,27.139999,0.0,0.0
4.0,11.0,27.139999,27.139999,27.139999,27.139999,0.0,0.0
4.0,10.0,27.139999,27.139999,27.139999,27.139999,0.0,0.0
4.0,9.0,27.139999,27.139999,27.139999,27.139999,0.0,0.0
4.0,8.0,27.139999,27.139999,27.139999,27.139999,0.0,0.0
4.0,5.0,27.139999,27.139999,27.139999,27.139999,33100.0,0.0
4.0,4.0,27.219999,27.219999,27.219999,27.219999,0.0,0.0
4.0,3.0,27.219999,27.219999,27.219999,27.219999,200.0,0.0
4.0,2.0,26.950001,26.950001,26.950001,26.950001,0.0,0.0
4.0,1.0,26.950001,26.950001,26.950001,26.950001,0.0,0.0
3.0,28.0,26.950001,26.950001,26.950001,26.950001,0.0,0.0
3.0,27.0,26.950001,26.950001,26.950001,26.950001,0.0,0.0
3.0,26.0,26.950001,26.950001,26.950001,26.950001,100.0,0.0
3.0,25.0,26.42,26.42,26.42,26.42,200.0,0.0
3.0,22.0,25.299999,25.299999,25.299999,25.299999,0.0,0.0
3.0,21.0,25.299999,25.299999,25.299999,25.299999,0.0,0.0
3.0,20.0,25.299999,25.299999,25.299999,25.299999,0.0,0.0
3.0,19.0,25.299999,25.299999,25.299999,25.299999,0.0,0.0
3.0,18.0,25.299999,25.299999,25.299999,25.299999,0.0,0.0
3.0,15.0,25.299999,25.299999,25.299999,25.299999,0.0,0.0
3.0,14.0,25.299999,25.299999,25.299999,25.299999,0.0,0.0
3.0,13.0,25.299999,25.299999,25.299999,25.299999,0.0,0.0
3.0,12.0,25.299999,25.299999,25.299999,25.299999,0.0,0.0
3.0,11.0,25.299999,25.299999,25.299999,25.299999,0.0,0.0
3.0,8.0,25.299999,25.299999,25.299999,25.299999,0.0,0.0
3.0,7.0,25.299999,25.299999,25.299999,25.299999,0.0,0.0
3.0,6.0,25.299999,25.299999,25.299999,25.299999,0.0,0.0
3.0,5.0,25.299999,25.299999,25.299999,25.299999,0.0,0.0
3.0,4.0,25.299999,25.299999,25.299999,25.299999,0.0,0.0
3.0,1.0,25.299999,25.299999,25.299999,25.299999,400.0,0.0
2.0,28.0,26.66,26.66,26.66,26.66,0.0,0.0
2.0,27.0,26.66,26.66,26.66,26.66,0.0,0.0
2.0,26.0,26.66,26.66,26.66,26.66,0.0,0.0
2.0,25.0,26.66,26.66,26.66,26.66,0.0,0.0
2.0,22.0,26.66,26.66,26.66,26.66,200.0,0.0
2.0,21.0,26.879999,26.879999,26.879999,26.879999,0.0,0.0
2.0,20.0,26.879999,26.879999,26.879999,26.879999,200.0,0.0
2.0,19.0,27.25,27.25,27.25,27.25,300.0,0.0
2.0,15.0,25.65,25.65,25.65,25.65,0.0,0.0
2.0,14.0,25.65,25.65,25.65,25.65,0.0,0.0
2.0,13.0,25.65,25.65,25.65,25.65,0.0,0.0
2.0,12.0,25.65,25.65,25.65,25.65,200.0,0.0
2.0,11.0,25.68,25.68,25.68,25.68,0.0,0.0
2.0,8.0,25.68,25.68,25.68,25.68,400.0,0.0
2.0,7.0,25.67,25.67,25.67,25.67,0.0,0.0
2.0,6.0,25.67,25.67,25.67,25.67,300.0,0.0
2.0,5.0,25.190001,25.190001,25.190001,25.190001,0.0,0.0
2.0,4.0,25.190001,25.190001,25.190001,25.190001,0.0,0.0
2.0,1.0,25.190001,25.190001,25.190001,25.190001,0.0,0.0
1.0,31.0,25.190001,25.190001,25.190001,25.190001,200.0,0.0
1.0,30.0,25.309999,25.309999,25.309999,25.309999,0.0,0.0
1.0,29.0,25.309999,25.309999,25.309999,25.309999,0.0,0.0
1.0,28.0,25.309999,25.309999,25.309999,25.309999,200.0,0.0
1.0,25.0,25.639999,25.639999,25.639999,25.639999,2300.0,0.0
1.0,24.0,24.66,24.66,24.66,24.66,0.0,0.0
1.0,23.0,24.66,24.66,24.66,24.66,0.0,0.0
1.0,22.0,24.66,24.66,24.66,24.66,0.0,0.0
1.0,18.0,24.66,24.66,24.66,24.66,0.0,0.0
1.0,17.0,24.66,24.66,24.66,24.66,0.0,0.0
1.0,16.0,24.66,24.66,24.66,24.66,200.0,0.0
1.0,15.0,24.790001,24.790001,24.790001,24.790001,0.0,0.0
1.0,14.0,24.790001,24.790001,24.790001,24.790001,3900.0,0.0
1.0,11.0,24.690001,24.690001,24.690001,24.690001,1200.0,0.0
1.0,10.0,24.469999,24.469999,24.469999,24.469999,200.0,0.0
1.0,9.0,24.700001,24.700001,24.700001,24.700001,0.0,0.0
1.0,8.0,24.700001,24.700001,24.700001,24.700001,0.0,0.0
1.0,7.0,24.700001,24.700001,24.700001,24.700001,0.0,0.0
1.0,4.0,24.700001,24.700001,24.700001,24.700001,600.0,0.0
1.0,3.0,25.379999,25.379999,25.379999,25.379999,0.0,0.0
1.0,2.0,25.379999,25.379999,25.379999,25.379999,0.0,0.0
12.0,31.0,25.18,25.379999,25.18,25.379999,500.0,0.19999900000000181
12.0,28.0,24.99,25.1,24.99,25.1,600.0,0.11000000000000298
12.0,27.0,25.08,25.139999,25.0,25.0,2100.0,-0.0799999999999983
12.0,26.0,25.059999,25.059999,25.059999,25.059999,0.0,0.0
12.0,24.0,25.059999,25.059999,25.059999,25.059999,0.0,0.0
12.0,21.0,25.059999,25.059999,25.059999,25.059999,0.0,0.0
12.0,20.0,25.059999,25.059999,25.059999,25.059999,0.0,0.0
12.0,19.0,25.059999,25.059999,25.059999,25.059999,200.0,0.0
12.0,18.0,24.110001,24.110001,24.110001,24.110001,0.0,0.0
12.0,17.0,24.110001,24.110001,24.110001,24.110001,200.0,0.0
12.0,14.0,23.85,23.85,23.85,23.85,0.0,0.0
12.0,13.0,23.85,23.85,23.85,23.85,200.0,0.0
12.0,12.0,23.780001,23.780001,23.780001,23.780001,0.0,0.0
12.0,11.0,23.780001,23.780001,23.780001,23.780001,5200.0,0.0
12.0,10.0,23.48,23.48,23.48,23.48,200.0,0.0
12.0,7.0,23.26,23.32,23.26,23.32,1200.0,0.05999999999999872
12.0,6.0,23.57,23.57,23.57,23.57,0.0,0.0
12.0,5.0,23.57,23.57,23.57,23.57,0.0,0.0
12.0,4.0,23.57,23.57,23.57,23.57,200.0,0.0
12.0,3.0,23.530001,23.530001,23.530001,23.530001,800.0,0.0
11.0,30.0,23.32,23.32,23.32,23.32,0.0,0.0
11.0,29.0,23.32,23.32,23.32,23.32,0.0,0.0
11.0,28.0,23.32,23.32,23.32,23.32,0.0,0.0
11.0,27.0,23.4,23.5,23.32,23.32,14800.0,-0.0799999999999983
11.0,26.0,23.25,23.25,23.25,23.25,5000.0,0.0
11.0,23.0,23.25,23.25,23.18,23.18,20300.0,-0.07000000000000028
11.0,21.0,23.59,23.59,23.59,23.59,2000.0,0.0
11.0,20.0,23.700001,23.870001,23.610001,23.610001,36400.0,-0.08999999999999986
11.0,19.0,23.950001,23.950001,23.82,23.82,53900.0,-0.13000100000000003
11.0,16.0,23.83,23.83,23.83,23.83,0.0,0.0
11.0,15.0,24.15,24.15,23.83,23.83,700.0,-0.3200000000000003
11.0,14.0,23.950001,24.0,23.950001,24.0,81300.0,0.04999899999999968
11.0,13.0,24.51,24.51,24.51,24.51,5200.0,0.0
11.0,12.0,24.370001,24.370001,24.299999,24.299999,1100.0,-0.07000199999999879
11.0,9.0,23.9,23.9,23.9,23.9,0.0,0.0
11.0,8.0,23.9,23.9,23.9,23.9,200.0,0.0
11.0,7.0,23.860001,23.950001,23.860001,23.950001,18700.0,0.08999999999999986
11.0,6.0,24.299999,24.299999,24.299999,24.299999,0.0,0.0
11.0,5.0,24.299999,24.299999,24.299999,24.299999,0.0,0.0
11.0,2.0,24.299999,24.299999,24.299999,24.299999,400.0,0.0
11.0,1.0,24.5,24.5,24.5,24.5,200.0,0.0
10.0,31.0,23.690001,23.690001,23.690001,23.690001,0.0,0.0
10.0,26.0,23.690001,23.690001,23.690001,23.690001,0.0,0.0
10.0,25.0,23.66,23.690001,23.66,23.690001,900.0,0.030000999999998612
10.0,24.0,24.450001,24.450001,24.450001,24.450001,0.0,0.0
10.0,23.0,24.450001,24.450001,24.450001,24.450001,0.0,0.0
10.0,22.0,24.450001,24.450001,24.450001,24.450001,0.0,0.0
10.0,19.0,24.450001,24.450001,24.450001,24.450001,0.0,0.0
10.0,18.0,24.450001,25.030001,24.450001,24.450001,1200.0,0.0
10.0,17.0,24.559999,24.559999,24.559999,24.559999,0.0,0.0
10.0,16.0,24.559999,24.559999,24.559999,24.559999,700.0,0.0
10.0,15.0,24.1,24.1,24.1,24.1,500.0,0.0
10.0,12.0,24.26,24.26,24.26,24.26,0.0,0.0
10.0,11.0,24.26,24.26,24.26,24.26,600.0,0.0
10.0,10.0,24.299999,24.299999,24.299999,24.299999,200.0,0.0
10.0,9.0,24.6,24.6,24.6,24.6,0.0,0.0
10.0,8.0,24.6,24.610001,24.6,24.6,1400.0,0.0
10.0,5.0,24.870001,24.870001,24.860001,24.860001,2000.0,-0.00999999999999801
10.0,4.0,24.68,24.76,24.68,24.76,900.0,0.08000000000000185
10.0,3.0,24.299999,24.299999,24.299999,24.299999,0.0,0.0
10.0,2.0,24.299999,24.299999,24.299999,24.299999,200.0,0.0
10.0,1.0,23.450001,23.450001,23.379999,23.379999,400.0,-0.07000199999999879
9.0,28.0,23.200001,23.200001,23.200001,23.200001,200.0,0.0
9.0,27.0,23.799999,23.799999,23.799999,23.799999,0.0,0.0
9.0,26.0,23.799999,23.799999,23.799999,23.799999,0.0,0.0
9.0,25.0,23.799999,23.799999,23.799999,23.799999,200.0,0.0
9.0,24.0,23.700001,23.700001,23.700001,23.700001,0.0,0.0
9.0,21.0,23.700001,23.700001,23.700001,23.700001,0.0,0.0
9.0,20.0,23.700001,23.700001,23.700001,23.700001,400.0,0.0
9.0,19.0,23.610001,23.610001,23.549999,23.549999,400.0,-0.06000200000000078
9.0,18.0,23.290001,23.290001,23.290001,23.290001,400.0,0.0
9.0,17.0,22.540001,22.540001,22.540001,22.540001,0.0,0.0
9.0,14.0,22.540001,22.540001,22.540001,22.540001,0.0,0.0
9.0,13.0,22.540001,22.540001,22.540001,22.540001,0.0,0.0
9.0,12.0,22.540001,22.860001,22.540001,22.540001,17800.0,0.0
9.0,11.0,22.559999,22.559999,22.559999,22.559999,500.0,0.0
9.0,10.0,22.790001,22.790001,22.790001,22.790001,300.0,0.0
9.0,7.0,23.1,23.1,23.1,23.1,400.0,0.0
9.0,6.0,22.4,22.4,22.4,22.4,0.0,0.0
9.0,5.0,22.4,22.4,22.4,22.4,900.0,0.0
9.0,4.0,22.4,22.4,22.4,22.4,0.0,0.0
8.0,31.0,22.4,22.4,22.4,22.4,200.0,0.0
8.0,30.0,21.77,21.77,21.77,21.77,200.0,0.0
8.0,29.0,22.09,22.09,22.09,22.09,200.0,0.0
8.0,28.0,21.549999,21.549999,21.549999,21.549999,0.0,0.0
8.0,27.0,21.549999,21.549999,21.549999,21.549999,0.0,0.0
8.0,24.0,21.549999,21.549999,21.549999,21.549999,2100.0,0.0
8.0,23.0,21.4,21.4,21.4,21.4,300.0,0.0
8.0,22.0,21.0,21.0,21.0,21.0,3500.0,0.0
8.0,21.0,20.66,20.66,20.66,20.66,0.0,0.0
8.0,20.0,20.66,20.66,20.66,20.66,200.0,0.0
8.0,17.0,21.0,21.0,21.0,21.0,200.0,0.0
8.0,16.0,21.25,21.25,21.25,21.25,400.0,0.0
8.0,15.0,20.950001,20.950001,20.950001,20.950001,800.0,0.0
8.0,14.0,20.35,20.35,20.35,20.35,0.0,0.0
8.0,13.0,20.35,20.35,20.35,20.35,0.0,0.0
8.0,10.0,20.35,20.35,20.35,20.35,2200.0,0.0
8.0,9.0,20.35,20.35,20.35,20.35,0.0,0.0
8.0,8.0,20.16,20.35,20.16,20.35,113900.0,0.19000000000000128
8.0,7.0,22.1,22.1,22.1,22.1,0.0,0.0
8.0,6.0,22.190001,22.35,22.1,22.1,4100.0,-0.09000099999999733
8.0,3.0,21.76,22.299999,21.76,22.1,1800.0,0.33999999999999986
8.0,2.0,21.450001,21.450001,21.450001,21.450001,0.0,0.0
8.0,1.0,21.450001,21.450001,21.450001,21.450001,0.0,0.0
7.0,31.0,21.450001,21.450001,21.450001,21.450001,200.0,0.0
7.0,30.0,20.85,20.85,20.85,20.85,400.0,0.0
7.0,27.0,21.309999,21.549999,21.23,21.23,1100.0,-0.07999900000000082
7.0,26.0,19.049999,19.049999,19.049999,19.049999,0.0,0.0
7.0,25.0,19.049999,19.049999,19.049999,19.049999,0.0,0.0
7.0,24.0,19.049999,19.049999,19.049999,19.049999,0.0,0.0
7.0,23.0,19.049999,19.049999,19.049999,19.049999,200.0,0.0
7.0,20.0,19.85,19.950001,19.75,19.75,7000.0,-0.10000000000000142
7.0,19.0,19.950001,19.950001,19.950001,19.950001,0.0,0.0
7.0,18.0,19.950001,19.950001,19.950001,19.950001,0.0,0.0
7.0,17.0,20.09,20.09,19.950001,19.950001,400.0,-0.13999899999999954
7.0,16.0,19.950001,19.950001,19.950001,19.950001,200.0,0.0
7.0,13.0,19.65,19.65,19.65,19.65,0.0,0.0
7.0,12.0,19.65,19.65,19.65,19.65,200.0,0.0
7.0,11.0,19.75,19.75,19.75,19.75,200.0,0.0
7.0,10.0,19.65,19.65,19.65,19.65,0.0,0.0
7.0,9.0,19.65,19.65,19.6,19.65,500.0,0.0
7.0,6.0,19.700001,19.700001,19.6,19.6,400.0,-0.1000009999999989
7.0,5.0,19.9,19.9,19.9,19.9,400.0,0.0
7.0,3.0,20.370001,20.6,20.370001,20.6,500.0,0.22999900000000295
7.0,2.0,20.85,20.85,20.85,20.85,200.0,0.0
6.0,29.0,21.049999,21.049999,21.049999,21.049999,300.0,0.0
6.0,28.0,19.65,19.65,19.65,19.65,0.0,0.0
6.0,27.0,19.65,19.65,19.65,19.65,200.0,0.0
6.0,26.0,19.4,19.4,19.27,19.27,700.0,-0.129999999999999
6.0,25.0,19.799999,19.799999,19.799999,19.799999,0.0,0.0
6.0,22.0,19.799999,19.799999,19.799999,19.799999,1000.0,0.0
6.0,21.0,19.68,19.68,19.639999,19.639999,1200.0,-0.040001000000000175
6.0,20.0,19.940001,19.940001,19.940001,19.940001,0.0,0.0
6.0,19.0,19.940001,19.940001,19.940001,19.940001,700.0,0.0
6.0,18.0,19.549999,19.549999,19.549999,19.549999,0.0,0.0
6.0,15.0,19.549999,19.549999,19.549999,19.549999,0.0,0.0
6.0,14.0,19.5,19.549999,19.5,19.549999,400.0,0.04999899999999968
6.0,13.0,19.43,19.43,19.309999,19.309999,8800.0,-0.12000099999999847
6.0,12.0,19.200001,19.200001,19.200001,19.200001,200.0,0.0
6.0,11.0,18.76,18.76,18.76,18.76,0.0,0.0
6.0,8.0,18.76,18.76,18.76,18.76,0.0,0.0
6.0,7.0,18.76,18.76,18.76,18.76,200.0,0.0
6.0,6.0,18.190001,18.190001,18.190001,18.190001,0.0,0.0
6.0,5.0,18.190001,18.190001,18.190001,18.190001,0.0,0.0
6.0,4.0,18.190001,18.190001,18.190001,18.190001,2000.0,0.0
6.0,1.0,19.049999,19.049999,19.049999,19.049999,0.0,0.0
5.0,31.0,19.049999,19.049999,19.049999,19.049999,0.0,0.0
5.0,30.0,19.049999,19.049999,19.049999,19.049999,0.0,0.0
5.0,29.0,19.049999,19.049999,19.049999,19.049999,200.0,0.0
5.0,25.0,19.049999,19.049999,19.049999,19.049999,200.0,0.0
5.0,24.0,19.75,19.75,19.75,19.75,0.0,0.0
5.0,23.0,19.75,19.75,19.75,19.75,0.0,0.0
5.0,22.0,19.75,19.75,19.75,19.75,3500.0,0.0
5.0,21.0,19.5,19.5,19.5,19.5,3800.0,0.0
5.0,18.0,18.950001,18.950001,18.9,18.9,1800.0,-0.05000100000000174
5.0,17.0,19.32,19.32,19.32,19.32,3400.0,0.0
5.0,16.0,19.5,19.5,19.5,19.5,0.0,0.0
5.0,15.0,19.5,19.5,19.5,19.5,400.0,0.0
5.0,14.0,19.82,19.82,19.82,19.82,0.0,0.0
5.0,11.0,19.82,19.82,19.82,19.82,0.0,0.0
5.0,10.0,19.82,19.82,19.82,19.82,0.0,0.0
5.0,9.0,19.82,19.82,19.82,19.82,400.0,0.0
5.0,8.0,20.139999,20.139999,20.139999,20.139999,0.0,0.0
5.0,7.0,20.139999,20.139999,20.139999,20.139999,0.0,0.0
5.0,4.0,20.139999,20.139999,20.139999,20.139999,200.0,0.0
5.0,3.0,20.59,20.59,20.59,20.59,0.0,0.0
5.0,2.0,20.59,20.59,20.59,20.59,0.0,0.0
5.0,1.0,20.59,20.59,20.59,20.59,200.0,0.0
4.0,30.0,20.5,20.5,20.5,20.5,400.0,0.0
4.0,27.0,20.450001,20.450001,20.450001,20.450001,0.0,0.0
4.0,26.0,20.450001,20.450001,20.450001,20.450001,0.0,0.0
4.0,25.0,20.200001,20.559999,20.200001,20.450001,7600.0,0.25
4.0,24.0,19.9,19.9,19.9,19.9,0.0,0.0
4.0,23.0,19.700001,19.9,19.700001,19.9,400.0,0.19999899999999826
4.0,20.0,19.58,19.58,19.58,19.58,0.0,0.0
4.0,19.0,19.52,19.65,19.52,19.58,600.0,0.05999999999999872
4.0,18.0,18.5,18.5,18.5,18.5,0.0,0.0
4.0,17.0,18.5,18.5,18.5,18.5,0.0,0.0
4.0,16.0,18.5,18.5,18.5,18.5,0.0,0.0
4.0,13.0,18.5,18.5,18.5,18.5,0.0,0.0
4.0,12.0,18.5,18.5,18.5,18.5,0.0,0.0
4.0,11.0,18.200001,18.5,18.200001,18.5,900.0,0.2999989999999997
4.0,10.0,17.9,18.049999,17.719999,17.719999,500.0,-0.1800009999999972
4.0,9.0,18.4,18.4,18.4,18.4,10000.0,0.0
4.0,5.0,18.9,18.9,18.9,18.9,0.0,0.0
4.0,4.0,18.9,18.9,18.9,18.9,0.0,0.0
4.0,3.0,18.9,18.9,18.9,18.9,0.0,0.0
4.0,2.0,18.9,18.9,18.9,18.9,200.0,0.0
3.0,30.0,19.0,19.0,19.0,19.0,200.0,0.0
3.0,29.0,18.440001,18.440001,18.440001,18.440001,200.0,0.0
3.0,28.0,18.75,18.75,18.75,18.75,0.0,0.0
3.0,27.0,18.75,18.75,18.75,18.75,0.0,0.0
3.0,26.0,18.75,18.75,18.75,18.75,1000.0,0.0
3.0,23.0,18.75,18.75,18.75,18.75,0.0,0.0
3.0,22.0,18.65,18.75,18.65,18.75,900.0,0.10000000000000142
3.0,21.0,19.08,19.08,19.08,19.08,0.0,0.0
3.0,20.0,19.08,19.08,19.08,19.08,700.0,0.0
3.0,19.0,19.1,19.1,19.1,19.1,200.0,0.0
3.0,16.0,18.9,19.0,18.9,19.0,1100.0,0.10000000000000142
3.0,15.0,19.02,19.02,19.02,19.02,0.0,0.0
3.0,14.0,19.02,19.02,19.02,19.02,0.0,0.0
3.0,13.0,19.02,19.02,19.02,19.02,0.0,0.0
3.0,12.0,19.02,19.02,19.02,19.02,0.0,0.0
3.0,9.0,19.02,19.02,19.02,19.02,200.0,0.0
3.0,8.0,18.950001,18.950001,18.950001,18.950001,200.0,0.0
3.0,7.0,18.780001,18.780001,18.780001,18.780001,0.0,0.0
3.0,6.0,18.780001,18.780001,18.780001,18.780001,0.0,0.0
3.0,5.0,18.780001,18.780001,18.780001,18.780001,200.0,0.0
3.0,2.0,18.889999,18.889999,18.889999,18.889999,300.0,0.0
3.0,1.0,19.200001,19.200001,19.200001,19.200001,30200.0,0.0
2.0,29.0,18.85,18.85,18.85,18.85,0.0,0.0
2.0,28.0,18.85,18.85,18.85,18.85,0.0,0.0
2.0,27.0,18.85,18.85,18.85,18.85,300.0,0.0
2.0,24.0,18.68,18.950001,18.68,18.950001,600.0,0.2700010000000006
2.0,23.0,18.799999,18.799999,18.799999,18.799999,300.0,0.0
2.0,22.0,19.15,19.15,19.15,19.15,0.0,0.0
2.0,21.0,19.15,19.15,19.15,19.15,200.0,0.0
2.0,17.0,18.299999,18.299999,18.299999,18.299999,0.0,0.0
2.0,16.0,18.299999,18.299999,18.299999,18.299999,100.0,0.0
2.0,15.0,18.75,18.75,18.75,18.75,0.0,0.0
2.0,14.0,18.75,18.75,18.75,18.75,200.0,0.0
2.0,13.0,18.799999,18.799999,18.799999,18.799999,700.0,0.0
2.0,10.0,18.950001,18.950001,18.950001,18.950001,0.0,0.0
2.0,9.0,18.950001,18.950001,18.950001,18.950001,0.0,0.0
2.0,8.0,18.950001,18.950001,18.950001,18.950001,0.0,0.0
2.0,7.0,18.950001,18.950001,18.950001,18.950001,0.0,0.0
2.0,6.0,18.950001,18.950001,18.950001,18.950001,0.0,0.0
2.0,3.0,18.950001,18.950001,18.950001,18.950001,50200.0,0.0
2.0,2.0,17.700001,17.700001,17.700001,17.700001,200.0,0.0
2.0,1.0,17.450001,17.450001,17.450001,17.450001,0.0,0.0
1.0,31.0,17.450001,17.450001,17.450001,17.450001,200.0,0.0
1.0,30.0,17.309999,17.309999,17.309999,17.309999,0.0,0.0
1.0,27.0,17.309999,17.309999,17.309999,17.309999,200.0,0.0
1.0,26.0,16.450001,16.450001,16.450001,16.450001,0.0,0.0
1.0,25.0,16.450001,16.450001,16.450001,16.450001,100.0,0.0
1.0,24.0,16.9,16.9,16.65,16.65,400.0,-0.25
1.0,23.0,16.870001,16.9,16.870001,16.9,50200.0,0.02999900000000011
1.0,20.0,16.889999,16.889999,16.889999,16.889999,0.0,0.0
1.0,19.0,16.889999,16.889999,16.889999,16.889999,0.0,0.0
1.0,18.0,16.889999,16.889999,16.889999,16.889999,200.0,0.0
1.0,17.0,16.27,16.27,16.27,16.27,0.0,0.0
1.0,13.0,16.790001,16.790001,16.27,16.27,500.0,-0.5200010000000006
1.0,12.0,16.6,16.73,16.6,16.73,700.0,0.129999999999999
1.0,11.0,16.57,16.57,16.57,16.57,0.0,0.0
1.0,10.0,16.57,16.57,16.57,16.57,50000.0,0.0
1.0,9.0,16.299999,16.299999,16.299999,16.299999,200.0,0.0
1.0,6.0,15.96,15.96,15.96,15.96,0.0,0.0
1.0,5.0,15.96,15.96,15.96,15.96,400.0,0.0
1.0,4.0,16.200001,16.200001,16.200001,16.200001,0.0,0.0
1.0,3.0,16.200001,16.200001,16.200001,16.200001,0.0,0.0
12.0,30.0,16.200001,16.200001,16.200001,16.200001,5000.0,0.0
12.0,29.0,15.63,15.65,15.63,15.65,700.0,0.019999999999999574
12.0,28.0,15.93,15.93,15.93,15.93,200.0,0.0
12.0,27.0,15.8,16.139999,15.8,16.139999,700.0,0.33999899999999883
12.0,23.0,15.99,15.99,15.99,15.99,200.0,0.0
12.0,22.0,15.81,15.81,15.66,15.66,300.0,-0.15000000000000036
12.0,21.0,15.52,15.52,15.37,15.37,700.0,-0.15000000000000036
12.0,20.0,15.54,15.54,15.54,15.54,0.0,0.0
12.0,19.0,15.54,15.54,15.54,15.54,0.0,0.0
12.0,16.0,15.1,15.54,15.1,15.54,500.0,0.4399999999999995
12.0,15.0,15.21,15.21,15.21,15.21,200.0,0.0
12.0,14.0,15.74,15.74,15.74,15.74,200.0,0.0
12.0,13.0,16.32,16.32,16.32,16.32,300.0,0.0
12.0,12.0,16.67,16.67,16.67,16.67,0.0,0.0
12.0,9.0,16.67,16.67,16.67,16.67,0.0,0.0
12.0,8.0,16.610001,16.67,16.610001,16.67,62800.0,0.059999000000001246
12.0,7.0,17.0,17.040001,17.0,17.040001,17300.0,0.040001000000000175
12.0,6.0,16.76,16.76,16.76,16.76,0.0,0.0
12.0,5.0,16.76,16.76,16.76,16.76,0.0,0.0
12.0,2.0,16.76,16.76,16.76,16.76,200.0,0.0
12.0,1.0,16.799999,16.799999,16.799999,16.799999,200.0,0.0
11.0,30.0,16.99,16.99,16.99,16.99,900.0,0.0
11.0,29.0,16.1,16.49,16.1,16.49,500.0,0.389999999999997
11.0,28.0,15.95,15.95,15.95,15.95,900.0,0.0
11.0,25.0,16.67,16.67,16.67,16.67,0.0,0.0
11.0,23.0,16.67,16.67,16.67,16.67,0.0,0.0
11.0,22.0,16.67,16.67,16.67,16.67,0.0,0.0
11.0,21.0,16.67,16.67,16.67,16.67,0.0,0.0
11.0,18.0,16.67,16.67,16.67,16.67,400.0,0.0
11.0,17.0,17.1,17.1,17.1,17.1,200.0,0.0
11.0,16.0,17.219999,17.42,17.200001,17.42,24200.0,0.20000100000000032
11.0,15.0,17.42,17.450001,16.92,17.389999,3800.0,-0.030001000000002165
11.0,14.0,17.0,17.299999,17.0,17.299999,2200.0,0.2999989999999997
11.0,11.0,17.6,17.6,17.6,17.6,1700.0,0.0
11.0,10.0,17.0,17.440001,16.549999,16.549999,31300.0,-0.4500010000000003
11.0,9.0,17.65,17.65,17.5,17.5,42900.0,-0.14999999999999858
11.0,8.0,18.35,18.35,18.35,18.35,29100.0,0.0
11.0,7.0,17.799999,17.799999,17.65,17.65,400.0,-0.1499990000000011
11.0,4.0,17.66,17.66,17.66,17.66,0.0,0.0
11.0,3.0,17.66,17.66,17.66,17.66,0.0,0.0
11.0,2.0,17.66,17.66,17.66,17.66,0.0,0.0
11.0,1.0,17.66,17.66,17.66,17.66,900.0,0.0
10.0,31.0,19.15,19.15,19.15,19.15,0.0,0.0
10.0,28.0,19.15,19.15,19.15,19.15,400.0,0.0
10.0,27.0,19.6,19.99,19.6,19.99,900.0,0.389999999999997
10.0,26.0,18.469999,18.469999,18.469999,18.469999,300.0,0.0
10.0,25.0,18.1,18.1,18.1,18.1,400.0,0.0
10.0,24.0,18.32,18.32,18.209999,18.209999,400.0,-0.11000100000000046
10.0,21.0,17.01,17.01,17.01,17.01,0.0,0.0
10.0,20.0,17.01,17.01,17.01,17.01,300.0,0.0
10.0,19.0,17.450001,17.450001,17.370001,17.370001,400.0,-0.08000000000000185
10.0,18.0,18.459999,18.459999,18.459999,18.459999,900.0,0.0
10.0,17.0,18.040001,18.040001,18.040001,18.040001,0.0,0.0
10.0,14.0,18.040001,18.040001,18.040001,18.040001,200.0,0.0
10.0,13.0,17.34,17.34,17.34,17.34,0.0,0.0
10.0,12.0,17.34,17.34,17.34,17.34,0.0,0.0
10.0,11.0,17.34,17.34,17.34,17.34,200.0,0.0
10.0,10.0,16.969999,16.969999,16.969999,16.969999,200.0,0.0
10.0,7.0,15.85,16.049999,15.8,16.049999,500.0,0.19999900000000004
10.0,6.0,16.049999,16.049999,16.049999,16.049999,200.0,0.0
10.0,5.0,15.56,15.56,15.56,15.56,800.0,0.0
10.0,4.0,14.97,14.97,14.97,14.97,300.0,0.0
10.0,3.0,16.15,16.15,16.15,16.15,0.0,0.0
9.0,30.0,16.15,16.15,16.15,16.15,0.0,0.0
9.0,29.0,16.15,16.15,16.15,16.15,0.0,0.0
9.0,28.0,16.15,16.700001,16.15,16.15,800.0,0.0
9.0,27.0,16.5,16.5,16.5,16.5,0.0,0.0
9.0,26.0,16.5,16.5,16.5,16.5,200.0,0.0
9.0,23.0,16.190001,16.190001,15.4,15.4,600.0,-0.7900009999999984
9.0,22.0,16.18,16.18,16.18,16.18,200.0,0.0
9.0,21.0,17.16,17.16,17.16,17.16,0.0,0.0
9.0,20.0,17.16,17.16,17.16,17.16,200.0,0.0
9.0,19.0,18.200001,18.200001,18.200001,18.200001,200.0,0.0
9.0,16.0,18.0,18.0,18.0,18.0,400.0,0.0
9.0,15.0,18.139999,18.139999,18.139999,18.139999,500.0,0.0
9.0,14.0,17.549999,17.549999,17.549999,17.549999,0.0,0.0
9.0,13.0,18.139999,18.139999,17.549999,17.549999,600.0,-0.5899999999999999
9.0,12.0,17.5,17.5,17.5,17.5,300.0,0.0
9.0,9.0,18.549999,18.549999,18.0,18.0,700.0,-0.5499989999999997
9.0,8.0,18.9,19.299999,18.9,18.9,13900.0,0.0
9.0,7.0,19.200001,19.200001,19.200001,19.200001,1000.0,0.0
9.0,6.0,18.799999,18.799999,18.26,18.26,300.0,-0.5399989999999981
9.0,2.0,19.549999,19.549999,19.200001,19.200001,1000.0,-0.34999799999999937
9.0,1.0,19.700001,19.73,19.700001,19.73,800.0,0.02999900000000011
8.0,31.0,19.459999,19.459999,19.459999,19.459999,0.0,0.0
8.0,30.0,19.459999,19.459999,19.459999,19.459999,1400.0,0.0
8.0,29.0,19.27,19.27,19.27,19.27,200.0,0.0
8.0,26.0,18.700001,18.700001,18.700001,18.700001,0.0,0.0
8.0,25.0,18.700001,18.700001,18.700001,18.700001,100.0,0.0
8.0,24.0,18.75,19.200001,18.75,19.200001,400.0,0.4500010000000003
8.0,23.0,18.15,18.15,18.15,18.15,500.0,0.0
8.0,22.0,17.85,17.85,17.85,17.85,800.0,0.0
8.0,19.0,17.049999,17.049999,17.049999,17.049999,200.0,0.0
8.0,18.0,17.1,17.1,17.1,17.1,400.0,0.0
8.0,17.0,18.74,18.85,18.74,18.85,36500.0,0.11000000000000298
8.0,16.0,17.889999,18.5,17.889999,18.5,700.0,0.6100010000000005
8.0,15.0,18.6,18.6,18.6,18.6,300.0,0.0
8.0,12.0,18.43,18.43,18.43,18.43,400.0,0.0
8.0,11.0,17.549999,17.549999,17.549999,17.549999,300.0,0.0
8.0,10.0,17.889999,17.889999,17.889999,17.889999,200.0,0.0
8.0,9.0,18.049999,18.049999,18.049999,18.049999,200.0,0.0
8.0,8.0,17.690001,17.690001,17.08,17.08,400.0,-0.6100010000000005
8.0,5.0,18.43,18.65,18.43,18.65,4200.0,0.21999999999999886
8.0,4.0,18.469999,18.469999,18.469999,18.469999,10100.0,0.0
8.0,3.0,18.9,19.0,18.9,19.0,500.0,0.10000000000000142
8.0,2.0,18.950001,18.950001,18.950001,18.950001,200.0,0.0
8.0,1.0,19.35,19.870001,19.35,19.870001,4400.0,0.520000999999997
7.0,29.0,20.200001,20.440001,20.200001,20.440001,2600.0,0.23999999999999844
7.0,28.0,19.5,19.5,19.5,19.5,300.0,0.0
7.0,27.0,19.6,19.6,19.6,19.6,0.0,0.0
7.0,26.0,19.6,19.6,19.6,19.6,0.0,0.0
7.0,25.0,19.6,19.6,19.6,19.6,0.0,0.0
7.0,22.0,19.6,19.6,19.6,19.6,0.0,0.0
7.0,21.0,19.6,19.6,19.6,19.6,300.0,0.0
7.0,20.0,18.91,18.91,18.91,18.91,0.0,0.0
7.0,19.0,18.91,18.91,18.91,18.91,200.0,0.0
7.0,18.0,18.9,18.9,18.9,18.9,0.0,0.0
7.0,15.0,18.9,18.9,18.9,18.9,0.0,0.0
7.0,14.0,18.9,18.9,18.9,18.9,0.0,0.0
7.0,13.0,18.9,18.9,18.9,18.9,0.0,0.0
7.0,12.0,19.5,19.5,18.9,18.9,1000.0,-0.6000000000000014
7.0,11.0,19.450001,19.450001,19.450001,19.450001,200.0,0.0
7.0,8.0,20.299999,20.299999,20.299999,20.299999,0.0,0.0
7.0,7.0,20.299999,20.299999,20.299999,20.299999,0.0,0.0
7.0,6.0,20.299999,20.299999,20.299999,20.299999,700.0,0.0
7.0,5.0,20.57,20.57,20.57,20.57,0.0,0.0
7.0,1.0,20.57,20.57,20.57,20.57,50000.0,0.0
6.0,30.0,20.9,20.950001,20.41,20.41,500.0,-0.48999999999999844
6.0,29.0,20.049999,20.049999,20.049999,20.049999,200.0,0.0
6.0,28.0,19.6,19.700001,19.6,19.6,5900.0,0.0
6.0,27.0,19.4,19.4,19.219999,19.219999,13500.0,-0.1800009999999972
6.0,24.0,19.1,19.1,19.1,19.1,800.0,0.0
6.0,23.0,19.15,19.200001,19.15,19.200001,400.0,0.05000100000000174
6.0,22.0,19.700001,19.700001,19.700001,19.700001,900.0,0.0
6.0,21.0,19.700001,20.35,19.700001,20.35,1000.0,0.6499990000000011
6.0,20.0,19.65,19.65,19.65,19.65,700.0,0.0
6.0,17.0,19.65,19.65,19.65,19.65,300.0,0.0
6.0,16.0,19.75,19.75,19.75,19.75,0.0,0.0
6.0,15.0,19.75,19.75,19.75,19.75,500.0,0.0
6.0,14.0,20.5,20.5,20.5,20.5,500.0,0.0
6.0,13.0,19.9,19.9,19.9,19.9,200.0,0.0
6.0,10.0,20.15,20.15,19.85,19.85,400.0,-0.29999999999999716
6.0,9.0,20.15,20.15,20.15,20.15,1800.0,0.0
6.0,8.0,19.950001,19.950001,19.950001,19.950001,200.0,0.0
6.0,7.0,20.25,20.25,20.25,20.25,400.0,0.0
6.0,6.0,20.25,20.25,20.200001,20.200001,500.0,-0.04999899999999968
6.0,3.0,20.299999,20.299999,20.299999,20.299999,400.0,0.0
6.0,2.0,20.16,20.16,20.16,20.16,300.0,0.0
6.0,1.0,20.809999,20.809999,20.120001,20.120001,21200.0,-0.6899980000000028
5.0,31.0,20.0,20.049999,20.0,20.049999,400.0,0.04999899999999968
5.0,27.0,19.4,19.450001,19.4,19.450001,300.0,0.05000100000000174
5.0,26.0,19.049999,19.1,19.049999,19.1,1400.0,0.05000100000000174
5.0,25.0,19.549999,19.549999,19.549999,19.549999,600.0,0.0
5.0,24.0,19.379999,19.379999,19.379999,19.379999,200.0,0.0
5.0,23.0,18.959999,18.959999,18.959999,18.959999,200.0,0.0
5.0,20.0,20.469999,20.469999,20.469999,20.469999,200.0,0.0
5.0,19.0,19.299999,19.299999,19.299999,19.299999,0.0,0.0
5.0,18.0,19.299999,19.299999,19.299999,19.299999,0.0,0.0
5.0,17.0,19.299999,19.299999,19.299999,19.299999,0.0,0.0
5.0,16.0,19.299999,19.299999,19.299999,19.299999,300.0,0.0
5.0,13.0,19.0,19.0,19.0,19.0,300.0,0.0
5.0,12.0,19.75,19.75,19.75,19.75,0.0,0.0
5.0,11.0,19.75,19.75,19.75,19.75,0.0,0.0
5.0,10.0,19.75,19.75,19.75,19.75,100.0,0.0
5.0,9.0,20.9,20.9,20.9,20.9,900.0,0.0
5.0,6.0,19.77,19.77,19.77,19.77,200.0,0.0
5.0,5.0,20.049999,20.049999,20.049999,20.049999,0.0,0.0
5.0,4.0,20.049999,20.049999,20.049999,20.049999,200.0,0.0
5.0,3.0,20.4,20.450001,20.209999,20.209999,600.0,-0.19000099999999875
5.0,2.0,20.549999,20.549999,20.549999,20.549999,200.0,0.0
4.0,29.0,20.459999,20.459999,20.41,20.41,300.0,-0.04999899999999968
4.0,28.0,20.25,20.25,20.25,20.25,0.0,0.0
4.0,27.0,20.25,20.25,20.25,20.25,600.0,0.0
4.0,26.0,20.549999,20.549999,20.549999,20.549999,0.0,0.0
4.0,25.0,20.549999,20.549999,20.549999,20.549999,0.0,0.0
4.0,21.0,20.35,20.549999,20.35,20.549999,800.0,0.19999899999999826
4.0,20.0,19.549999,19.549999,19.549999,19.549999,0.0,0.0
4.0,19.0,20.5,20.5,19.549999,19.549999,400.0,-0.9500010000000003
4.0,18.0,21.219999,21.219999,21.219999,21.219999,0.0,0.0
4.0,15.0,21.219999,21.219999,21.219999,21.219999,0.0,0.0
4.0,14.0,21.219999,21.219999,21.219999,21.219999,200.0,0.0
4.0,13.0,21.1,21.1,21.1,21.1,600.0,0.0
4.0,12.0,20.35,20.35,20.35,20.35,200.0,0.0
4.0,11.0,20.299999,20.299999,20.299999,20.299999,0.0,0.0
4.0,8.0,20.299999,20.299999,20.299999,20.299999,200.0,0.0
4.0,7.0,19.07,19.07,19.07,19.07,300.0,0.0
4.0,6.0,19.0,19.0,19.0,19.0,100.0,0.0
4.0,5.0,19.049999,19.049999,19.049999,19.049999,2200.0,0.0
4.0,4.0,20.0,20.0,20.0,20.0,0.0,0.0
4.0,1.0,20.0,20.0,20.0,20.0,0.0,0.0
3.0,31.0,20.0,20.0,20.0,20.0,0.0,0.0
3.0,30.0,20.0,20.0,20.0,20.0,300.0,0.0
3.0,29.0,18.610001,18.610001,18.610001,18.610001,0.0,0.0
3.0,28.0,18.610001,18.610001,18.610001,18.610001,0.0,0.0
3.0,25.0,19.950001,19.950001,18.610001,18.610001,700.0,-1.3399999999999999
3.0,24.0,20.5,20.5,19.450001,19.450001,500.0,-1.0499989999999997
3.0,23.0,19.700001,19.700001,19.700001,19.700001,0.0,0.0
3.0,22.0,18.700001,19.700001,18.700001,19.700001,500.0,1.0
3.0,21.0,19.25,19.25,19.25,19.25,0.0,0.0
3.0,18.0,19.25,19.25,19.25,19.25,200.0,0.0
3.0,17.0,18.200001,18.200001,18.200001,18.200001,200.0,0.0
3.0,16.0,18.0,18.0,18.0,18.0,200.0,0.0
3.0,15.0,19.299999,19.299999,19.299999,19.299999,200.0,0.0
3.0,14.0,18.0,18.0,18.0,18.0,0.0,0.0
3.0,11.0,18.0,18.0,18.0,18.0,200.0,0.0
3.0,10.0,20.15,20.15,20.15,20.15,0.0,0.0
3.0,9.0,20.15,20.15,20.15,20.15,200.0,0.0
3.0,8.0,19.129999,19.129999,19.129999,19.129999,0.0,0.0
3.0,7.0,19.129999,19.129999,19.129999,19.129999,200.0,0.0
3.0,4.0,20.4,20.4,20.4,20.4,0.0,0.0
3.0,3.0,20.4,20.4,20.4,20.4,200.0,0.0
3.0,2.0,18.799999,18.799999,18.799999,18.799999,200.0,0.0
3.0,1.0,18.65,18.65,18.65,18.65,200.0,0.0
2.0,28.0,18.950001,18.950001,18.950001,18.950001,500.0,0.0
2.0,25.0,19.0,19.0,19.0,19.0,800.0,0.0
2.0,24.0,20.25,20.25,20.25,20.25,200.0,0.0
2.0,23.0,20.1,20.1,20.1,20.1,200.0,0.0
2.0,22.0,19.450001,19.450001,19.450001,19.450001,200.0,0.0
2.0,18.0,20.85,20.85,20.85,20.85,700.0,0.0
2.0,17.0,19.6,19.6,19.6,19.6,0.0,0.0
2.0,16.0,19.6,19.6,19.6,19.6,400.0,0.0
2.0,15.0,19.9,19.9,19.9,19.9,300.0,0.0
2.0,14.0,20.0,20.0,20.0,20.0,200.0,0.0
2.0,11.0,20.049999,20.049999,20.049999,20.049999,200.0,0.0
2.0,10.0,20.700001,20.700001,20.700001,20.700001,400.0,0.0
2.0,9.0,20.85,20.85,20.85,20.85,0.0,0.0
2.0,8.0,20.85,20.85,20.85,20.85,200.0,0.0
2.0,7.0,20.6,20.6,20.6,20.6,200.0,0.0
2.0,4.0,20.6,21.6,20.6,21.6,400.0,1.0
2.0,3.0,20.6,20.6,20.6,20.6,0.0,0.0
2.0,2.0,20.6,20.6,20.6,20.6,1400.0,0.0
2.0,1.0,21.1,21.1,21.1,21.1,0.0,0.0
1.0,31.0,21.1,21.1,21.1,21.1,0.0,0.0
1.0,28.0,21.1,21.1,21.1,21.1,0.0,0.0
1.0,27.0,21.049999,21.1,21.049999,21.1,500.0,0.05000100000000174
1.0,26.0,20.549999,20.549999,20.549999,20.549999,200.0,0.0
1.0,25.0,20.15,20.15,20.15,20.15,300.0,0.0
1.0,24.0,19.4,19.4,19.4,19.4,300.0,0.0
1.0,21.0,19.51,19.51,19.51,19.51,0.0,0.0
1.0,20.0,19.51,19.719999,19.51,19.51,49500.0,0.0
1.0,19.0,19.879999,19.879999,19.879999,19.879999,0.0,0.0
1.0,18.0,19.879999,19.879999,19.879999,19.879999,10000.0,0.0
1.0,14.0,19.82,19.82,19.82,19.82,300.0,0.0
1.0,13.0,19.950001,19.950001,19.950001,19.950001,0.0,0.0
1.0,12.0,19.950001,19.950001,19.950001,19.950001,200.0,0.0
1.0,11.0,21.25,21.25,21.25,21.25,0.0,0.0
1.0,10.0,21.25,21.25,21.25,21.25,0.0,0.0
1.0,7.0,21.25,21.25,21.25,21.25,0.0,0.0
1.0,6.0,21.25,21.25,21.25,21.25,0.0,0.0
1.0,5.0,21.25,21.25,21.25,21.25,0.0,0.0
1.0,4.0,21.25,21.25,21.25,21.25,0.0,0.0
1.0,3.0,21.25,21.25,21.25,21.25,0.0,0.0
12.0,31.0,21.5,21.5,21.25,21.25,300.0,-0.25
12.0,30.0,20.5,20.5,20.5,20.5,200.0,0.0
12.0,29.0,20.25,20.25,20.25,20.25,0.0,0.0
12.0,28.0,20.25,20.25,20.25,20.25,0.0,0.0
12.0,27.0,20.299999,20.299999,20.25,20.25,400.0,-0.04999899999999968
12.0,23.0,20.15,20.15,20.15,20.15,400.0,0.0
12.0,22.0,20.5,20.5,20.5,20.5,0.0,0.0
12.0,21.0,20.5,20.5,20.5,20.5,0.0,0.0
12.0,20.0,20.5,20.5,20.5,20.5,0.0,0.0
12.0,17.0,20.5,20.5,20.5,20.5,0.0,0.0
12.0,16.0,20.5,20.5,20.5,20.5,100.0,0.0
12.0,15.0,21.200001,21.200001,21.200001,21.200001,500.0,0.0
12.0,14.0,20.9,20.9,20.9,20.9,600.0,0.0
12.0,13.0,20.299999,20.299999,20.299999,20.299999,800.0,0.0
12.0,10.0,20.0,20.0,20.0,20.0,0.0,0.0
12.0,9.0,20.0,20.0,20.0,20.0,400.0,0.0
12.0,8.0,19.25,19.25,19.25,19.25,0.0,0.0
12.0,7.0,19.25,19.25,19.25,19.25,0.0,0.0
12.0,6.0,19.25,19.25,19.25,19.25,0.0,0.0
12.0,3.0,19.25,19.25,19.25,19.25,0.0,0.0
12.0,2.0,19.25,19.25,19.25,19.25,0.0,0.0
12.0,1.0,19.4,19.4,19.25,19.25,300.0,-0.14999999999999858
11.0,30.0,18.68,19.57,18.65,19.57,16100.0,0.8900000000000006
11.0,29.0,19.25,19.25,18.9,18.9,6100.0,-0.3500000000000014
11.0,26.0,20.0,20.0,20.0,20.0,0.0,0.0
11.0,24.0,20.0,20.0,20.0,20.0,0.0,0.0
11.0,23.0,20.25,20.25,19.85,20.0,2000.0,-0.25
11.0,22.0,20.139999,20.15,19.870001,19.870001,1000.0,-0.26999800000000107
11.0,19.0,20.299999,20.299999,20.299999,20.299999,1900.0,0.0
11.0,18.0,20.129999,20.5,20.129999,20.5,900.0,0.37000099999999847
11.0,17.0,20.0,20.0,20.0,20.0,0.0,0.0
11.0,16.0,20.0,20.0,20.0,20.0,500.0,0.0
11.0,15.0,19.950001,19.950001,19.950001,19.950001,700.0,0.0
11.0,12.0,20.0,20.0,20.0,20.0,19200.0,0.0
11.0,11.0,20.5,20.5,20.5,20.5,0.0,0.0
11.0,10.0,20.5,20.5,20.5,20.5,0.0,0.0
11.0,9.0,20.5,20.5,20.5,20.5,0.0,0.0
11.0,8.0,20.5,20.5,20.5,20.5,0.0,0.0
11.0,5.0,20.5,20.5,20.5,20.5,0.0,0.0
11.0,4.0,20.5,20.5,20.5,20.5,600.0,0.0
11.0,3.0,20.65,20.65,20.65,20.65,200.0,0.0
11.0,2.0,20.5,20.5,20.5,20.5,200.0,0.0
11.0,1.0,20.6,20.6,20.6,20.6,0.0,0.0
10.0,29.0,20.6,20.6,20.6,20.6,200.0,0.0
10.0,28.0,20.049999,20.049999,20.049999,20.049999,0.0,0.0
10.0,27.0,20.049999,20.049999,20.049999,20.049999,400.0,0.0
10.0,26.0,19.700001,19.700001,19.700001,19.700001,0.0,0.0
10.0,25.0,19.700001,19.700001,19.700001,19.700001,200.0,0.0
10.0,22.0,19.5,19.5,19.5,19.5,400.0,0.0
10.0,21.0,19.5,19.5,19.5,19.5,0.0,0.0
10.0,20.0,19.5,19.5,19.5,19.5,300.0,0.0
10.0,19.0,18.83,19.25,18.83,19.25,1500.0,0.4200000000000017
10.0,18.0,19.16,19.16,19.16,19.16,0.0,0.0
10.0,15.0,19.16,19.16,19.16,19.16,0.0,0.0
10.0,14.0,19.16,19.16,19.16,19.16,0.0,0.0
10.0,13.0,19.16,19.16,19.16,19.16,0.0,0.0
10.0,12.0,19.16,19.16,19.16,19.16,0.0,0.0
10.0,11.0,19.16,19.16,19.16,19.16,0.0,0.0
10.0,8.0,19.16,19.16,19.16,19.16,0.0,0.0
10.0,7.0,19.16,19.16,19.16,19.16,200.0,0.0
10.0,6.0,19.1,19.1,19.040001,19.040001,400.0,-0.059999000000001246
10.0,5.0,18.549999,18.549999,18.549999,18.549999,0.0,0.0
10.0,4.0,18.549999,18.549999,18.549999,18.549999,0.0,0.0
10.0,1.0,18.549999,18.549999,18.549999,18.549999,0.0,0.0
9.0,30.0,18.549999,18.549999,18.549999,18.549999,0.0,0.0
9.0,29.0,18.549999,18.549999,18.549999,18.549999,0.0,0.0
9.0,28.0,18.549999,18.549999,18.549999,18.549999,7200.0,0.0
9.0,27.0,16.549999,16.549999,16.549999,16.549999,0.0,0.0
9.0,24.0,16.549999,16.549999,16.549999,16.549999,0.0,0.0
9.0,23.0,16.549999,16.549999,16.549999,16.549999,0.0,0.0
9.0,22.0,16.549999,16.549999,16.549999,16.549999,0.0,0.0
9.0,21.0,16.549999,16.549999,16.549999,16.549999,0.0,0.0
9.0,20.0,16.549999,16.549999,16.549999,16.549999,0.0,0.0
9.0,17.0,16.549999,16.549999,16.549999,16.549999,0.0,0.0
9.0,16.0,16.549999,16.549999,16.549999,16.549999,0.0,0.0
9.0,15.0,16.549999,16.549999,16.549999,16.549999,0.0,0.0
9.0,14.0,16.549999,16.549999,16.549999,16.549999,0.0,0.0
9.0,13.0,16.549999,16.549999,16.549999,16.549999,0.0,0.0
9.0,10.0,16.549999,16.549999,16.549999,16.549999,0.0,0.0
9.0,9.0,16.549999,16.549999,16.549999,16.549999,0.0,0.0
9.0,8.0,16.549999,16.549999,16.549999,16.549999,400.0,0.0
9.0,7.0,16.5,16.5,16.5,16.5,0.0,0.0
9.0,3.0,16.5,16.5,16.5,16.5,0.0,0.0
9.0,2.0,16.5,16.5,16.5,16.5,200.0,0.0
9.0,1.0,16.700001,16.700001,16.700001,16.700001,0.0,0.0
8.0,31.0,16.700001,16.700001,16.700001,16.700001,0.0,0.0
8.0,30.0,16.700001,16.700001,16.700001,16.700001,0.0,0.0
8.0,27.0,16.700001,16.700001,16.700001,16.700001,100.0,0.0
8.0,26.0,16.6,16.6,16.6,16.6,0.0,0.0
8.0,25.0,16.6,16.6,16.6,16.6,0.0,0.0
8.0,24.0,16.6,16.6,16.6,16.6,0.0,0.0
8.0,23.0,16.6,16.6,16.6,16.6,0.0,0.0
8.0,20.0,16.6,16.6,16.6,16.6,0.0,0.0
8.0,19.0,17.0,17.0,16.280001,16.6,800.0,-0.3999999999999986
8.0,18.0,16.68,16.68,16.68,16.68,0.0,0.0
8.0,17.0,16.68,16.68,16.68,16.68,0.0,0.0
8.0,16.0,16.33,16.68,16.33,16.68,1100.0,0.3500000000000014
8.0,13.0,16.719999,17.0,16.4,16.4,400.0,-0.3199990000000028
8.0,12.0,16.540001,16.74,16.42,16.42,1600.0,-0.12000099999999847
8.0,11.0,16.6,16.6,16.6,16.6,100.0,0.0
