9.0,25.0,16.23,16.299999,16.02,16.07,1032900.0,-0.16000000000000014
9.0,24.0,16.4,16.5,16.049999,16.120001,1944300.0,-0.2799990000000001
9.0,23.0,16.5,16.6,16.360001,16.48,1666000.0,-0.019999999999999574
9.0,22.0,16.42,16.57,16.309999,16.43,1336000.0,0.00999999999999801
9.0,21.0,16.379999,16.92,16.379999,16.51,4438500.0,0.13000100000000003
9.0,18.0,16.030001,16.280001,16.0,16.26,4508100.0,0.22999900000000295
9.0,17.0,16.02,16.360001,15.96,16.15,1246700.0,0.129999999999999
9.0,16.0,15.83,16.040001,15.81,16.02,1044700.0,0.1899999999999995
9.0,15.0,15.66,15.85,15.59,15.81,1206800.0,0.15000000000000036
9.0,14.0,15.75,15.75,15.62,15.67,822400.0,-0.08000000000000007
9.0,11.0,15.5,15.67,15.32,15.67,1149600.0,0.16999999999999993
9.0,10.0,15.65,15.7,15.38,15.56,1449100.0,-0.08999999999999986
9.0,9.0,15.84,15.87,15.63,15.65,1212000.0,-0.1899999999999995
9.0,8.0,15.7,15.87,15.61,15.78,1666000.0,0.08000000000000007
9.0,4.0,15.63,15.75,15.49,15.59,3429600.0,-0.040000000000000924
9.0,3.0,15.79,15.9,15.63,15.71,3641500.0,-0.0799999999999983
9.0,2.0,15.8,15.93,15.68,15.75,2039100.0,-0.05000000000000071
9.0,1.0,15.83,15.95,15.55,15.64,2788300.0,-0.1899999999999995
8.0,31.0,16.120001,16.26,15.9,15.98,2411100.0,-0.14000099999999804
8.0,28.0,15.93,16.33,15.8,16.120001,2637100.0,0.19000099999999875
8.0,27.0,15.5,15.98,15.46,15.9,6895800.0,0.40000000000000036
8.0,26.0,15.58,15.66,15.37,15.44,9152300.0,-0.14000000000000057
8.0,25.0,15.51,15.64,15.38,15.4,5286700.0,-0.10999999999999943
8.0,24.0,15.29,15.68,15.09,15.3,4459500.0,0.010000000000001563
8.0,21.0,15.6,15.84,15.51,15.65,3402300.0,0.05000000000000071
8.0,20.0,15.43,15.7,15.35,15.58,3634900.0,0.15000000000000036
8.0,19.0,15.61,15.69,15.5,15.52,2411700.0,-0.08999999999999986
8.0,18.0,15.68,15.74,15.58,15.66,1296500.0,-0.019999999999999574
8.0,17.0,15.61,15.73,15.58,15.68,2645600.0,0.07000000000000028
8.0,14.0,15.73,15.8,15.62,15.68,3287100.0,-0.05000000000000071
8.0,13.0,15.63,15.78,15.5,15.72,856300.0,0.08999999999999986
8.0,12.0,15.66,15.72,15.57,15.66,1577300.0,0.0
8.0,11.0,15.68,15.77,15.63,15.71,1490900.0,0.030000000000001137
8.0,10.0,15.87,15.87,15.59,15.72,4177000.0,-0.14999999999999858
8.0,7.0,16.35,16.450001,15.68,15.88,4855500.0,-0.47000000000000064
8.0,6.0,16.66,16.66,16.379999,16.5,663800.0,-0.16000000000000014
8.0,5.0,16.709999,16.799999,16.58,16.629999,671100.0,-0.0799999999999983
8.0,4.0,16.84,16.99,16.67,16.690001,2485600.0,-0.1499990000000011
8.0,3.0,16.540001,16.870001,16.48,16.809999,2919800.0,0.26999800000000107
7.0,31.0,16.6,16.719999,16.440001,16.549999,1656600.0,-0.05000100000000174
7.0,30.0,16.450001,16.67,16.389999,16.549999,1352700.0,0.09999799999999937
7.0,29.0,16.15,16.66,16.07,16.469999,2687000.0,0.3199990000000028
7.0,28.0,15.99,16.23,15.86,16.16,1972000.0,0.16999999999999993
7.0,27.0,16.040001,16.16,15.92,15.95,726100.0,-0.09000100000000089
7.0,24.0,16.08,16.15,15.95,16.08,1083300.0,0.0
7.0,23.0,16.190001,16.23,15.95,16.059999,674100.0,-0.1300019999999975
7.0,22.0,16.139999,16.35,16.139999,16.18,1069400.0,0.040001000000000175
7.0,21.0,16.16,16.24,16.120001,16.120001,1001700.0,-0.03999900000000167
7.0,20.0,16.190001,16.200001,16.09,16.15,549400.0,-0.040001000000000175
7.0,17.0,16.379999,16.41,16.190001,16.190001,994100.0,-0.18999800000000278
7.0,16.0,16.290001,16.43,16.24,16.379999,1246500.0,0.08999800000000135
7.0,15.0,16.27,16.33,16.209999,16.26,461600.0,-0.00999999999999801
7.0,14.0,16.450001,16.450001,16.27,16.280001,931000.0,-0.1700000000000017
7.0,13.0,16.41,16.540001,16.33,16.459999,933300.0,0.04999899999999968
7.0,10.0,16.42,16.440001,16.309999,16.35,996300.0,-0.07000000000000028
7.0,9.0,16.42,16.450001,16.219999,16.27,837800.0,-0.15000000000000213
7.0,8.0,16.450001,16.540001,16.309999,16.379999,648100.0,-0.07000199999999879
7.0,7.0,16.51,16.540001,16.35,16.530001,1136900.0,0.02000099999999705
7.0,6.0,16.389999,16.49,16.34,16.469999,611400.0,0.08000000000000185
7.0,2.0,16.43,16.540001,16.32,16.43,1057600.0,0.0
7.0,1.0,16.02,16.41,16.01,16.389999,2490600.0,0.36999899999999997
6.0,30.0,15.97,16.25,15.89,16.040001,2427100.0,0.07000099999999954
6.0,29.0,16.25,16.299999,15.93,15.93,857800.0,-0.3200000000000003
6.0,26.0,16.139999,16.26,16.08,16.25,1340400.0,0.11000100000000046
6.0,25.0,16.32,16.389999,16.190001,16.209999,1078000.0,-0.11000100000000046
6.0,24.0,16.620001,16.620001,16.290001,16.309999,2062500.0,-0.3100019999999972
6.0,23.0,16.66,16.700001,16.530001,16.58,817500.0,-0.08000000000000185
6.0,22.0,16.790001,16.860001,16.629999,16.629999,1101200.0,-0.16000199999999865
6.0,19.0,16.84,16.92,16.67,16.780001,1583200.0,-0.059999000000001246
6.0,18.0,16.700001,16.93,16.690001,16.790001,1049300.0,0.08999999999999986
6.0,17.0,16.57,16.74,16.4,16.68,1209400.0,0.10999999999999943
6.0,16.0,16.549999,16.700001,16.469999,16.559999,1834800.0,0.010000000000001563
6.0,15.0,16.879999,16.92,16.49,16.530001,2555500.0,-0.3499980000000029
6.0,12.0,17.16,17.25,16.889999,16.91,3315300.0,-0.25
6.0,11.0,17.15,17.299999,17.030001,17.1,4333100.0,-0.04999999999999716
6.0,10.0,16.950001,17.200001,16.9,17.1,1675900.0,0.1499990000000011
6.0,9.0,16.83,16.969999,16.73,16.950001,1143500.0,0.12000100000000202
6.0,8.0,16.51,16.780001,16.4,16.76,1290100.0,0.25
6.0,5.0,16.58,16.620001,16.450001,16.48,1739900.0,-0.09999999999999787
6.0,4.0,16.870001,16.889999,16.67,16.709999,993200.0,-0.16000199999999865
6.0,3.0,16.799999,16.870001,16.76,16.85,1126800.0,0.05000100000000174
6.0,2.0,16.790001,16.959999,16.780001,16.84,1831100.0,0.04999899999999968
6.0,1.0,16.74,16.84,16.67,16.780001,1144500.0,0.040001000000000175
5.0,29.0,16.690001,16.700001,16.540001,16.690001,1552100.0,0.0
5.0,28.0,16.700001,16.77,16.559999,16.65,767800.0,-0.05000100000000174
5.0,27.0,16.75,16.77,16.68,16.73,1930500.0,-0.019999999999999574
5.0,26.0,16.809999,16.870001,16.700001,16.75,1439600.0,-0.059999000000001246
5.0,22.0,16.870001,16.92,16.790001,16.82,863700.0,-0.050000999999998186
5.0,21.0,16.809999,16.91,16.790001,16.84,1073900.0,0.030000999999998612
5.0,20.0,16.799999,16.860001,16.75,16.83,794500.0,0.030000999999998612
5.0,19.0,16.67,16.84,16.639999,16.75,916000.0,0.0799999999999983
5.0,18.0,16.43,16.690001,16.43,16.67,1038300.0,0.240000000000002
5.0,15.0,16.440001,16.68,16.43,16.49,552500.0,0.04999899999999968
5.0,14.0,16.35,16.469999,16.32,16.450001,662700.0,0.1000009999999989
5.0,13.0,16.639999,16.73,16.299999,16.32,1081300.0,-0.31999899999999926
5.0,12.0,16.68,16.719999,16.41,16.59,882800.0,-0.08999999999999986
5.0,11.0,16.719999,16.99,16.690001,16.73,1788400.0,0.010000999999999038
5.0,8.0,16.809999,16.889999,16.360001,16.790001,2351700.0,-0.01999800000000107
5.0,7.0,16.530001,16.67,16.469999,16.6,957500.0,0.06999900000000281
5.0,6.0,16.549999,16.59,16.42,16.5,899500.0,-0.04999899999999968
5.0,5.0,16.860001,16.889999,16.48,16.57,1233100.0,-0.2900010000000002
5.0,4.0,16.84,16.959999,16.77,16.84,578800.0,0.0
5.0,1.0,16.879999,17.0,16.780001,16.83,843400.0,-0.049999000000003235
4.0,30.0,17.049999,17.049999,16.799999,16.889999,831500.0,-0.16000000000000014
4.0,29.0,17.17,17.23,17.02,17.059999,861400.0,-0.11000100000000046
4.0,28.0,17.15,17.25,17.08,17.219999,920200.0,0.06999900000000281
4.0,27.0,17.219999,17.360001,17.120001,17.18,675900.0,-0.03999900000000167
4.0,24.0,17.110001,17.23,17.08,17.200001,682500.0,0.08999999999999986
4.0,23.0,17.110001,17.17,17.01,17.1,339500.0,-0.010000999999999038
4.0,22.0,17.1,17.219999,17.049999,17.1,577200.0,0.0
4.0,21.0,17.059999,17.120001,16.99,17.1,808400.0,0.040001000000000175
4.0,20.0,17.07,17.110001,16.969999,17.030001,700900.0,-0.03999900000000167
4.0,17.0,17.040001,17.120001,16.969999,17.07,1657900.0,0.02999900000000011
4.0,16.0,17.049999,17.17,17.049999,17.15,839700.0,0.1000009999999989
4.0,15.0,17.200001,17.200001,17.09,17.120001,1467100.0,-0.08000000000000185
4.0,14.0,17.09,17.280001,17.059999,17.15,874500.0,0.05999999999999872
4.0,13.0,17.219999,17.24,17.1,17.1,716900.0,-0.11999899999999997
4.0,10.0,17.26,17.33,17.110001,17.23,1442800.0,-0.030000000000001137
4.0,9.0,17.309999,17.389999,17.110001,17.18,1447900.0,-0.12999900000000153
4.0,8.0,17.09,17.35,17.01,17.33,1344000.0,0.23999999999999844
4.0,7.0,17.139999,17.26,16.959999,17.09,3266600.0,-0.04999899999999968
4.0,6.0,16.709999,17.120001,16.709999,17.110001,6396300.0,0.40000200000000063
4.0,2.0,16.52,16.719999,16.5,16.690001,1754100.0,0.17000099999999918
4.0,1.0,16.49,16.700001,16.4,16.540001,1233900.0,0.05000100000000174
3.0,31.0,16.42,16.639999,16.309999,16.549999,2187200.0,0.12999899999999798
3.0,30.0,16.32,16.459999,16.27,16.43,1280700.0,0.10999999999999943
3.0,27.0,16.299999,16.360001,16.209999,16.290001,940400.0,-0.009997999999999507
3.0,26.0,16.48,16.549999,16.24,16.290001,1329600.0,-0.18999900000000025
3.0,25.0,16.68,16.77,16.48,16.49,1114900.0,-0.19000000000000128
3.0,24.0,16.73,16.799999,16.629999,16.65,1409300.0,-0.08000000000000185
3.0,23.0,16.780001,16.84,16.719999,16.75,1848400.0,-0.030000999999998612
3.0,20.0,16.5,16.6,16.440001,16.549999,1933100.0,0.04999899999999968
3.0,19.0,16.639999,16.709999,16.450001,16.48,825100.0,-0.15999899999999911
3.0,18.0,16.450001,16.68,16.34,16.639999,1363400.0,0.18999799999999922
3.0,17.0,16.43,16.48,16.33,16.450001,977300.0,0.0200010000000006
3.0,16.0,16.440001,16.530001,16.4,16.440001,796100.0,0.0
3.0,13.0,16.32,16.459999,16.25,16.370001,1143400.0,0.050000999999998186
3.0,12.0,16.299999,16.35,16.200001,16.299999,1684300.0,0.0
3.0,11.0,16.26,16.32,16.129999,16.24,1398300.0,-0.020000000000003126
3.0,10.0,16.379999,16.43,16.18,16.200001,738300.0,-0.1799980000000012
3.0,9.0,16.16,16.450001,16.139999,16.4,1302700.0,0.23999999999999844
3.0,6.0,16.110001,16.280001,15.91,16.129999,1371600.0,0.01999800000000107
3.0,5.0,16.469999,16.59,16.219999,16.25,1101100.0,-0.2199990000000014
3.0,4.0,16.5,16.620001,16.450001,16.469999,533800.0,-0.030000999999998612
3.0,3.0,16.66,16.709999,16.52,16.549999,610200.0,-0.11000100000000046
3.0,2.0,16.690001,16.799999,16.48,16.690001,953600.0,0.0
2.0,27.0,16.469999,16.84,16.18,16.690001,3994300.0,0.22000199999999737
2.0,26.0,16.51,16.549999,16.379999,16.48,927100.0,-0.030000000000001137
2.0,25.0,16.719999,16.74,16.52,16.540001,1140900.0,-0.1799980000000012
2.0,24.0,16.549999,16.73,16.540001,16.690001,642500.0,0.14000199999999907
2.0,23.0,16.6,16.709999,16.5,16.620001,993900.0,0.02000099999999705
2.0,20.0,16.51,16.67,16.48,16.58,447300.0,0.06999999999999673
2.0,19.0,16.709999,16.709999,16.49,16.540001,497200.0,-0.16999799999999965
2.0,18.0,16.690001,16.73,16.530001,16.709999,467800.0,0.01999800000000107
2.0,17.0,16.620001,16.780001,16.51,16.709999,506300.0,0.08999800000000135
2.0,13.0,16.709999,16.77,16.52,16.58,401600.0,-0.12999900000000153
2.0,12.0,16.559999,16.74,16.540001,16.68,437600.0,0.12000099999999847
2.0,11.0,16.540001,16.629999,16.459999,16.549999,457300.0,0.009997999999999507
2.0,10.0,16.530001,16.6,16.370001,16.549999,567000.0,0.01999800000000107
2.0,9.0,16.59,16.690001,16.450001,16.5,384000.0,-0.08999999999999986
2.0,6.0,16.879999,16.940001,16.51,16.59,598100.0,-0.28999900000000167
2.0,5.0,16.77,16.950001,16.68,16.940001,440100.0,0.17000099999999918
2.0,4.0,16.43,16.83,16.360001,16.709999,1273200.0,0.2799990000000001
2.0,3.0,16.26,16.49,16.25,16.43,1834900.0,0.16999999999999815
2.0,2.0,16.75,16.75,16.17,16.290001,2384200.0,-0.4599989999999998
1.0,30.0,16.809999,16.860001,16.67,16.690001,827100.0,-0.11999800000000249
1.0,29.0,16.84,16.85,16.709999,16.809999,340300.0,-0.030000999999998612
1.0,28.0,16.82,16.959999,16.77,16.790001,935300.0,-0.02999900000000011
1.0,27.0,16.889999,17.0,16.799999,16.82,805300.0,-0.06999899999999926
1.0,26.0,17.17,17.17,16.92,16.98,1456500.0,-0.19000000000000128
1.0,23.0,17.200001,17.25,17.09,17.16,1449200.0,-0.040001000000000175
1.0,22.0,17.08,17.26,17.040001,17.190001,695800.0,0.11000100000000046
1.0,21.0,17.07,17.08,16.969999,17.08,534500.0,0.00999999999999801
1.0,20.0,17.18,17.35,16.969999,17.07,480500.0,-0.10999999999999943
1.0,16.0,17.379999,17.379999,17.120001,17.190001,547000.0,-0.18999800000000278
1.0,15.0,17.25,17.4,17.219999,17.389999,563600.0,0.13999899999999954
1.0,14.0,17.07,17.290001,17.07,17.209999,544600.0,0.13999899999999954
1.0,13.0,17.48,17.549999,17.1,17.15,1106200.0,-0.33000000000000185
1.0,12.0,17.459999,17.49,17.34,17.48,864900.0,0.0200010000000006
1.0,9.0,17.32,17.5,17.24,17.440001,984300.0,0.12000099999999847
1.0,8.0,17.440001,17.51,17.34,17.379999,689100.0,-0.060001999999997224
1.0,7.0,17.42,17.469999,17.299999,17.41,731400.0,-0.010000000000001563
1.0,6.0,17.33,17.41,17.27,17.360001,818300.0,0.030001000000002165
1.0,5.0,17.299999,17.370001,17.190001,17.24,401600.0,-0.059999000000001246
1.0,2.0,17.18,17.360001,17.059999,17.360001,611700.0,0.18000100000000074
12.0,31.0,17.389999,17.389999,16.98,17.030001,1496900.0,-0.35999800000000093
12.0,30.0,17.280001,17.43,17.25,17.34,344800.0,0.059999000000001246
12.0,29.0,17.299999,17.469999,17.219999,17.34,490700.0,0.040001000000000175
12.0,26.0,17.34,17.450001,17.26,17.34,213200.0,0.0
12.0,24.0,17.440001,17.48,17.32,17.34,200600.0,-0.1000009999999989
12.0,23.0,17.42,17.48,17.360001,17.41,426500.0,-0.010000000000001563
12.0,22.0,17.379999,17.450001,17.299999,17.41,612100.0,0.030000999999998612
12.0,19.0,17.309999,17.389999,17.219999,17.309999,1001600.0,0.0
12.0,18.0,17.219999,17.32,17.1,17.200001,755900.0,-0.01999800000000107
12.0,17.0,16.809999,17.09,16.76,17.07,1192100.0,0.26000099999999904
12.0,16.0,16.85,16.93,16.57,16.76,1094300.0,-0.08999999999999986
12.0,15.0,17.0,17.059999,16.84,16.889999,1714600.0,-0.11000100000000046
12.0,12.0,17.040001,17.15,16.889999,16.889999,526400.0,-0.15000200000000063
12.0,11.0,17.02,17.15,16.99,17.110001,623200.0,0.09000100000000089
12.0,10.0,16.790001,17.030001,16.73,17.01,819500.0,0.2199990000000014
12.0,9.0,17.0,17.0,16.790001,16.879999,568200.0,-0.12000099999999847
12.0,8.0,17.07,17.290001,17.01,17.030001,725300.0,-0.03999900000000167
12.0,5.0,17.120001,17.17,17.0,17.15,654200.0,0.02999900000000011
12.0,4.0,17.049999,17.190001,17.0,17.139999,555300.0,0.08999999999999986
12.0,3.0,17.309999,17.370001,17.139999,17.15,767100.0,-0.15999900000000267
12.0,2.0,17.309999,17.4,17.190001,17.360001,1766300.0,0.050001999999999214
12.0,1.0,17.18,17.370001,17.08,17.33,898900.0,0.14999999999999858
11.0,28.0,17.280001,17.34,17.18,17.200001,440200.0,-0.0799999999999983
11.0,26.0,16.870001,17.32,16.870001,17.280001,958000.0,0.41000000000000014
11.0,25.0,17.120001,17.17,16.889999,16.92,1449800.0,-0.20000099999999676
11.0,24.0,17.32,17.360001,17.09,17.15,1072800.0,-0.1700000000000017
11.0,21.0,17.389999,17.42,17.26,17.360001,912800.0,-0.02999799999999908
11.0,20.0,17.200001,17.4,17.16,17.34,815200.0,0.13999899999999954
11.0,19.0,17.389999,17.389999,17.23,17.26,3186900.0,-0.12999899999999798
11.0,18.0,17.309999,17.41,17.26,17.4,627300.0,0.09000099999999733
11.0,17.0,17.200001,17.34,17.200001,17.26,1503000.0,0.059999000000001246
11.0,14.0,17.290001,17.440001,17.18,17.27,986100.0,-0.0200010000000006
11.0,13.0,17.33,17.360001,17.23,17.33,526000.0,0.0
11.0,12.0,17.200001,17.309999,17.200001,17.209999,822300.0,0.009997999999999507
11.0,11.0,17.27,17.379999,17.200001,17.26,339400.0,-0.00999999999999801
11.0,10.0,17.07,17.299999,17.01,17.280001,775700.0,0.21000099999999833
11.0,7.0,17.35,17.35,17.08,17.1,2236700.0,-0.25
11.0,6.0,17.139999,17.42,17.139999,17.360001,1014200.0,0.22000200000000092
11.0,5.0,17.200001,17.299999,17.040001,17.219999,1242200.0,0.01999800000000107
11.0,4.0,17.18,17.299999,16.93,17.1,825800.0,-0.0799999999999983
11.0,3.0,17.559999,17.700001,16.98,17.18,2143800.0,-0.37999900000000153
10.0,31.0,17.25,17.549999,17.129999,17.530001,1026500.0,0.2800009999999986
10.0,30.0,17.049999,17.26,17.01,17.24,674600.0,0.19000099999999875
10.0,29.0,17.209999,17.360001,16.99,17.129999,451900.0,-0.0799999999999983
10.0,28.0,17.0,17.24,16.98,17.24,412200.0,0.23999999999999844
10.0,27.0,16.969999,17.059999,16.9,17.0,794100.0,0.030000999999998612
10.0,24.0,17.190001,17.200001,16.92,16.969999,589200.0,-0.22000199999999737
10.0,23.0,16.99,17.17,16.98,17.110001,419000.0,0.12000100000000202
10.0,22.0,17.030001,17.209999,16.92,16.959999,534500.0,-0.07000199999999879
10.0,21.0,16.92,17.049999,16.76,17.01,638300.0,0.08999999999999986
10.0,20.0,16.690001,16.85,16.690001,16.85,807400.0,0.15999900000000267
10.0,17.0,16.879999,16.879999,16.559999,16.629999,644700.0,-0.25
10.0,16.0,16.700001,16.85,16.549999,16.76,720300.0,0.059999000000001246
10.0,15.0,16.51,16.879999,16.32,16.75,1964600.0,0.23999999999999844
10.0,14.0,16.75,17.0,16.59,16.610001,1593500.0,-0.13999899999999954
10.0,13.0,16.74,16.879999,16.66,16.700001,635800.0,-0.03999899999999812
10.0,10.0,16.950001,16.950001,16.690001,16.709999,1013700.0,-0.2400020000000005
10.0,9.0,16.959999,17.18,16.860001,16.92,1048000.0,-0.03999899999999812
10.0,8.0,16.709999,16.959999,16.67,16.950001,706100.0,0.2400020000000005
10.0,7.0,17.139999,17.139999,16.719999,16.73,1148400.0,-0.4099989999999991
10.0,6.0,17.059999,17.110001,16.98,17.1,641400.0,0.040001000000000175
10.0,3.0,17.040001,17.049999,16.9,17.030001,627000.0,-0.010000000000001563
10.0,2.0,16.98,17.07,16.790001,16.9,550500.0,-0.08000000000000185
10.0,1.0,16.92,17.049999,16.889999,17.02,990500.0,0.09999999999999787
9.0,30.0,17.08,17.08,16.860001,16.889999,896000.0,-0.19000099999999875
9.0,29.0,16.969999,17.129999,16.91,17.08,765400.0,0.1100009999999969
9.0,26.0,16.959999,17.08,16.780001,17.059999,2577800.0,0.10000000000000142
9.0,25.0,16.9,16.969999,16.709999,16.940001,1259200.0,0.040001000000000175
9.0,24.0,16.93,17.110001,16.879999,16.93,1137000.0,0.0
9.0,23.0,17.139999,17.26,16.950001,16.98,1846600.0,-0.15999899999999911
9.0,22.0,17.27,17.32,17.09,17.15,1002100.0,-0.120000000000001
9.0,19.0,17.32,17.360001,17.120001,17.34,3594600.0,0.019999999999999574
9.0,18.0,17.48,17.530001,17.26,17.299999,1001800.0,-0.18000100000000074
9.0,17.0,17.41,17.6,17.290001,17.48,1145100.0,0.07000000000000028
9.0,16.0,17.32,17.4,17.26,17.33,959400.0,0.00999999999999801
9.0,15.0,17.6,17.6,17.290001,17.33,1330300.0,-0.2700000000000031
9.0,12.0,17.76,17.77,17.540001,17.639999,1356500.0,-0.12000100000000202
9.0,11.0,17.9,17.940001,17.68,17.83,1408100.0,-0.07000000000000028
9.0,10.0,18.01,18.059999,17.93,17.98,1019100.0,-0.030000000000001137
9.0,9.0,18.09,18.09,17.91,18.0,1227600.0,-0.08999999999999986
9.0,8.0,18.1,18.18,18.01,18.129999,995200.0,0.02999900000000011
9.0,5.0,17.93,18.18,17.870001,18.16,2207200.0,0.23000000000000043
9.0,4.0,18.139999,18.190001,17.889999,17.93,1489300.0,-0.20999899999999982
9.0,3.0,17.870001,18.15,17.809999,18.139999,1496700.0,0.26999800000000107
9.0,2.0,17.879999,18.01,17.73,17.879999,1384600.0,0.0
8.0,29.0,17.92,18.049999,17.870001,17.879999,1361600.0,-0.040001000000000175
8.0,28.0,17.959999,18.17,17.959999,17.98,1123700.0,0.0200010000000006
8.0,27.0,18.0,18.1,17.940001,18.059999,1102700.0,0.059999000000001246
8.0,26.0,18.059999,18.27,17.969999,18.08,3060200.0,0.02000099999999705
8.0,25.0,18.049999,18.049999,17.83,18.049999,1543700.0,0.0
8.0,22.0,17.950001,18.09,17.790001,18.09,9126900.0,0.13999899999999954
8.0,21.0,17.889999,17.93,17.75,17.91,2646800.0,0.0200010000000006
8.0,20.0,17.700001,17.879999,17.65,17.83,1691300.0,0.12999899999999798
8.0,19.0,17.790001,17.799999,17.66,17.719999,2045400.0,-0.07000199999999879
8.0,18.0,17.65,17.790001,17.639999,17.74,2150700.0,0.08999999999999986
8.0,15.0,17.700001,17.719999,17.610001,17.629999,4403200.0,-0.07000199999999879
8.0,14.0,17.6,17.780001,17.559999,17.65,1.18647E7,0.04999999999999716
8.0,13.0,17.74,18.040001,17.73,17.99,1513100.0,0.25
8.0,12.0,17.85,17.870001,17.639999,17.65,793100.0,-0.20000000000000284
8.0,11.0,17.690001,17.860001,17.58,17.82,686600.0,0.12999900000000153
8.0,8.0,17.6,17.690001,17.57,17.639999,678200.0,0.03999899999999812
8.0,7.0,17.65,17.65,17.43,17.559999,954700.0,-0.09000099999999733
8.0,6.0,17.83,17.889999,17.65,17.66,858500.0,-0.16999999999999815
8.0,5.0,18.049999,18.26,17.59,17.85,1038600.0,-0.19999899999999826
8.0,4.0,17.93,18.110001,17.879999,18.09,1119900.0,0.16000000000000014
8.0,1.0,18.17,18.35,17.959999,17.969999,669700.0,-0.20000100000000032
7.0,31.0,18.34,18.389999,18.190001,18.219999,674200.0,-0.12000099999999847
7.0,30.0,18.360001,18.5,18.35,18.459999,545700.0,0.09999799999999937
7.0,29.0,18.52,18.52,18.34,18.360001,533200.0,-0.15999899999999911
7.0,28.0,18.459999,18.52,18.43,18.469999,899400.0,0.010000000000001563
7.0,25.0,18.469999,18.540001,18.4,18.43,632300.0,-0.03999900000000167
7.0,24.0,18.440001,18.559999,18.440001,18.51,1099900.0,0.06999900000000281
7.0,23.0,18.42,18.52,18.34,18.4,2009600.0,-0.020000000000003126
7.0,22.0,18.48,18.51,18.33,18.42,1034200.0,-0.05999999999999872
7.0,21.0,18.85,18.85,18.41,18.459999,774400.0,-0.3900010000000016
7.0,18.0,18.389999,18.49,18.17,18.49,1247400.0,0.1000009999999989
7.0,17.0,18.07,18.1,17.940001,18.08,455100.0,0.00999999999999801
7.0,16.0,18.059999,18.059999,17.959999,18.059999,248600.0,0.0
7.0,15.0,18.040001,18.049999,17.92,18.040001,247200.0,0.0
7.0,14.0,18.1,18.1,17.940001,18.01,407000.0,-0.08999999999999986
7.0,11.0,18.15,18.17,18.01,18.040001,409500.0,-0.1099989999999984
7.0,10.0,18.030001,18.209999,17.98,18.209999,677200.0,0.1799980000000012
7.0,9.0,18.139999,18.200001,17.93,18.17,1184800.0,0.030001000000002165
7.0,8.0,18.040001,18.17,18.02,18.16,553300.0,0.11999899999999997
7.0,7.0,18.030001,18.1,17.940001,18.07,1339700.0,0.03999900000000167
7.0,3.0,18.5,18.52,18.07,18.09,847000.0,-0.41000000000000014
7.0,2.0,17.709999,18.190001,17.690001,18.17,2093900.0,0.4600010000000019
7.0,1.0,17.790001,17.93,17.74,17.75,703300.0,-0.040001000000000175
6.0,30.0,17.889999,17.940001,17.690001,17.76,982500.0,-0.12999899999999798
6.0,27.0,17.879999,18.0,17.73,17.84,4479200.0,-0.03999900000000167
6.0,26.0,17.83,17.85,17.66,17.85,683600.0,0.020000000000003126
6.0,25.0,17.940001,17.940001,17.700001,17.790001,843400.0,-0.14999999999999858
6.0,24.0,17.85,18.07,17.82,17.93,1151500.0,0.0799999999999983
6.0,23.0,17.969999,18.07,17.84,17.879999,711100.0,-0.08999999999999986
6.0,20.0,18.0,18.059999,17.959999,18.040001,893800.0,0.040001000000000175
6.0,19.0,17.92,18.02,17.92,17.98,782000.0,0.05999999999999872
6.0,18.0,17.9,18.01,17.889999,17.98,798800.0,0.08000000000000185
6.0,17.0,17.76,17.99,17.76,17.969999,887500.0,0.20999899999999982
6.0,16.0,17.719999,17.879999,17.719999,17.799999,672900.0,0.0799999999999983
6.0,13.0,17.67,17.780001,17.540001,17.74,714200.0,0.06999999999999673
6.0,12.0,17.639999,17.65,17.5,17.629999,659700.0,-0.00999999999999801
6.0,11.0,17.690001,17.85,17.610001,17.629999,480000.0,-0.060001999999997224
6.0,10.0,17.629999,17.790001,17.629999,17.73,589100.0,0.1000009999999989
6.0,9.0,18.0,18.08,17.68,17.690001,876600.0,-0.30999900000000125
6.0,6.0,18.059999,18.15,17.91,17.940001,694700.0,-0.11999800000000249
6.0,5.0,17.85,18.110001,17.84,17.99,940100.0,0.13999999999999702
6.0,4.0,17.75,17.85,17.700001,17.83,1275200.0,0.0799999999999983
6.0,3.0,17.719999,17.799999,17.67,17.74,921200.0,0.02000099999999705
6.0,2.0,17.68,17.799999,17.620001,17.790001,2005100.0,0.11000100000000046
5.0,30.0,17.559999,17.709999,17.469999,17.620001,9438000.0,0.060001999999997224
5.0,29.0,17.6,17.65,17.49,17.540001,1517700.0,-0.059999000000001246
5.0,28.0,17.66,17.66,17.48,17.530001,2406400.0,-0.12999900000000153
5.0,27.0,17.620001,17.74,17.549999,17.66,1870700.0,0.03999900000000167
5.0,23.0,17.57,17.66,17.48,17.65,1076100.0,0.0799999999999983
5.0,22.0,17.5,17.549999,17.389999,17.540001,2454800.0,0.040001000000000175
5.0,21.0,17.469999,17.549999,17.34,17.49,1675100.0,0.02000099999999705
5.0,20.0,17.43,17.549999,17.34,17.450001,2257800.0,0.0200010000000006
5.0,19.0,17.290001,17.440001,17.25,17.4,770500.0,0.1099989999999984
5.0,16.0,17.25,17.280001,17.17,17.280001,1108200.0,0.030000999999998612
5.0,15.0,17.25,17.27,17.139999,17.200001,3292200.0,-0.04999899999999968
5.0,14.0,17.18,17.27,17.120001,17.23,1471400.0,0.05000000000000071
5.0,13.0,17.1,17.290001,17.02,17.129999,1629400.0,0.02999900000000011
5.0,12.0,17.08,17.200001,17.08,17.139999,923900.0,0.059999000000001246
5.0,9.0,16.98,17.129999,16.98,17.030001,1407300.0,0.050000999999998186
5.0,8.0,16.91,17.120001,16.860001,17.02,1786000.0,0.10999999999999943
5.0,7.0,16.639999,17.02,16.639999,16.969999,2210100.0,0.33000000000000185
5.0,6.0,16.65,16.889999,16.459999,16.75,1298200.0,0.10000000000000142
5.0,5.0,16.4,16.790001,16.290001,16.67,2265000.0,0.2700000000000031
5.0,2.0,16.35,16.5,16.25,16.5,609700.0,0.14999999999999858
5.0,1.0,16.02,16.33,16.0,16.33,1365500.0,0.3099999999999987
4.0,30.0,16.049999,16.15,15.98,16.049999,1621300.0,0.0
4.0,29.0,16.0,16.26,16.0,16.07,1221100.0,0.07000000000000028
4.0,28.0,15.96,16.01,15.82,16.01,756000.0,0.05000000000000071
4.0,25.0,15.9,15.97,15.76,15.94,564300.0,0.03999999999999915
4.0,24.0,15.98,16.040001,15.84,15.87,1012400.0,-0.11000000000000121
4.0,23.0,16.01,16.049999,15.92,15.96,633300.0,-0.05000000000000071
4.0,22.0,16.09,16.1,15.95,16.0,1717200.0,-0.08999999999999986
4.0,21.0,16.049999,16.09,15.95,16.01,534200.0,-0.03999899999999812
4.0,17.0,15.99,16.040001,15.89,16.0,527800.0,0.009999999999999787
4.0,16.0,16.040001,16.07,15.94,16.040001,1086500.0,0.0
4.0,15.0,16.0,16.040001,15.86,16.02,812400.0,0.019999999999999574
4.0,14.0,16.040001,16.1,15.92,16.01,763200.0,-0.030000999999998612
4.0,11.0,15.96,16.08,15.88,16.030001,2265900.0,0.07000099999999776
4.0,10.0,16.24,16.32,15.93,16.049999,1367600.0,-0.19000099999999875
4.0,9.0,16.139999,16.34,16.030001,16.299999,541900.0,0.16000000000000014
4.0,8.0,16.290001,16.32,16.059999,16.15,992700.0,-0.1400010000000016
4.0,7.0,16.32,16.4,16.200001,16.25,758700.0,-0.07000000000000028
4.0,4.0,16.52,16.530001,16.24,16.379999,458400.0,-0.14000099999999804
4.0,3.0,16.52,16.540001,16.290001,16.450001,409500.0,-0.06999899999999926
4.0,2.0,16.719999,16.809999,16.440001,16.5,744600.0,-0.2199990000000014
4.0,1.0,16.75,16.799999,16.610001,16.75,838100.0,0.0
3.0,31.0,16.639999,16.719999,16.379999,16.709999,1692900.0,0.07000000000000028
3.0,28.0,16.74,16.82,16.530001,16.690001,610000.0,-0.04999899999999968
3.0,27.0,16.73,16.83,16.59,16.709999,415900.0,-0.0200010000000006
3.0,26.0,16.99,17.07,16.709999,16.75,779000.0,-0.23999999999999844
3.0,25.0,16.83,16.93,16.74,16.860001,1109400.0,0.030001000000002165
3.0,24.0,16.59,16.860001,16.49,16.790001,1733600.0,0.20000100000000032
3.0,21.0,16.870001,17.18,16.360001,16.48,9472100.0,-0.39000099999999804
3.0,20.0,16.68,16.92,16.43,16.889999,2984800.0,0.20999899999999982
3.0,19.0,16.41,16.49,16.299999,16.41,2009400.0,0.0
3.0,18.0,16.43,16.52,16.360001,16.459999,2695700.0,0.02999900000000011
3.0,17.0,16.83,16.83,16.34,16.5,2785600.0,-0.3299999999999983
3.0,14.0,16.9,17.290001,16.76,16.83,2226500.0,-0.07000000000000028
3.0,13.0,17.07,17.209999,16.790001,17.0,1684800.0,-0.07000000000000028
3.0,12.0,16.93,17.16,16.870001,17.08,1057300.0,0.14999999999999858
3.0,11.0,17.16,17.299999,16.83,16.9,3148200.0,-0.26000000000000156
3.0,10.0,17.389999,17.530001,17.299999,17.42,2251400.0,0.030001000000002165
3.0,7.0,17.09,17.6,17.0,17.32,1497000.0,0.23000000000000043
3.0,6.0,17.0,17.129999,16.93,17.0,680700.0,0.0
3.0,5.0,16.93,17.02,16.75,16.950001,2355600.0,0.0200010000000006
3.0,4.0,16.59,16.690001,16.459999,16.610001,1318400.0,0.0200010000000006
3.0,3.0,16.35,16.530001,16.280001,16.49,894200.0,0.13999999999999702
2.0,28.0,16.49,16.5,16.32,16.379999,746700.0,-0.1100009999999969
2.0,27.0,16.5,16.559999,16.360001,16.440001,320600.0,-0.059999000000001246
2.0,26.0,16.559999,16.629999,16.42,16.49,404900.0,-0.06999900000000281
2.0,25.0,16.469999,16.65,16.43,16.51,418000.0,0.040001000000000175
2.0,24.0,16.65,16.719999,16.42,16.440001,886600.0,-0.20999899999999982
2.0,21.0,16.73,16.77,16.52,16.57,631800.0,-0.16000000000000014
2.0,20.0,16.85,16.889999,16.469999,16.629999,1524300.0,-0.2200009999999999
2.0,19.0,16.74,16.92,16.67,16.870001,463600.0,0.13000100000000003
2.0,18.0,16.700001,16.84,16.66,16.719999,264800.0,0.01999800000000107
2.0,14.0,16.780001,16.870001,16.58,16.690001,411900.0,-0.08999999999999986
2.0,13.0,16.73,16.799999,16.57,16.77,743700.0,0.03999999999999915
2.0,12.0,16.969999,17.040001,16.76,16.76,242100.0,-0.20999899999999982
2.0,11.0,16.65,17.040001,16.65,17.01,770800.0,0.360000000000003
2.0,10.0,16.809999,16.879999,16.67,16.709999,429000.0,-0.10000000000000142
2.0,7.0,16.85,16.85,16.540001,16.780001,347100.0,-0.06999900000000281
2.0,6.0,16.629999,16.690001,16.49,16.620001,773100.0,-0.00999800000000306
2.0,5.0,16.549999,16.66,16.469999,16.610001,467100.0,0.06000200000000078
2.0,4.0,16.58,16.700001,16.360001,16.549999,715000.0,-0.030000999999998612
2.0,3.0,16.709999,16.99,16.48,16.559999,1217000.0,-0.14999999999999858
1.0,31.0,16.41,16.68,16.4,16.68,735900.0,0.2699999999999996
1.0,30.0,16.33,16.59,16.25,16.52,876600.0,0.19000000000000128
1.0,29.0,16.309999,16.35,16.07,16.25,454700.0,-0.059999000000001246
1.0,28.0,16.32,16.469999,16.24,16.41,454000.0,0.08999999999999986
1.0,27.0,16.65,16.709999,16.200001,16.23,1290200.0,-0.41999999999999815
1.0,24.0,16.77,16.870001,16.530001,16.66,449500.0,-0.10999999999999943
1.0,23.0,16.84,16.93,16.76,16.85,438700.0,0.010000000000001563
1.0,22.0,16.99,17.0,16.84,16.9,382500.0,-0.08999999999999986
1.0,21.0,17.17,17.200001,16.940001,16.950001,492000.0,-0.2199990000000014
1.0,17.0,16.99,17.09,16.91,17.09,459000.0,0.10000000000000142
1.0,16.0,17.059999,17.1,16.940001,16.98,346400.0,-0.07999900000000082
1.0,15.0,17.040001,17.1,16.84,17.030001,776500.0,-0.010000000000001563
1.0,14.0,16.91,17.049999,16.74,16.969999,578800.0,0.059999000000001246
1.0,13.0,16.940001,16.99,16.82,16.83,444800.0,-0.11000100000000046
1.0,10.0,16.780001,16.92,16.74,16.889999,423900.0,0.10999800000000093
1.0,9.0,16.629999,16.75,16.58,16.709999,925100.0,0.0799999999999983
1.0,8.0,16.6,16.73,16.299999,16.57,684900.0,-0.030000000000001137
1.0,7.0,16.5,16.719999,16.389999,16.540001,580600.0,0.040001000000000175
1.0,6.0,16.309999,16.4,16.209999,16.379999,378300.0,0.07000000000000028
1.0,3.0,16.18,16.26,16.110001,16.25,371600.0,0.07000000000000028
1.0,2.0,16.200001,16.43,16.07,16.139999,385600.0,-0.06000200000000078
12.0,31.0,16.1,16.26,16.09,16.200001,567100.0,0.1000009999999989
12.0,30.0,16.15,16.23,16.09,16.190001,349800.0,0.040001000000000175
12.0,27.0,16.07,16.16,15.99,16.15,732100.0,0.0799999999999983
12.0,26.0,16.200001,16.200001,16.0,16.07,396300.0,-0.13000100000000003
12.0,24.0,16.1,16.219999,16.08,16.190001,85300.0,0.09000099999999733
12.0,23.0,16.200001,16.23,16.040001,16.1,795400.0,-0.1000009999999989
12.0,20.0,16.190001,16.34,16.1,16.200001,723700.0,0.010000000000001563
12.0,19.0,16.209999,16.280001,16.059999,16.209999,568900.0,0.0
12.0,18.0,16.059999,16.35,16.0,16.200001,683800.0,0.14000199999999907
12.0,17.0,16.07,16.190001,15.9,15.99,523600.0,-0.08000000000000007
12.0,16.0,16.110001,16.25,16.01,16.09,424900.0,-0.0200010000000006
12.0,13.0,16.09,16.190001,15.99,16.120001,423700.0,0.030000999999998612
12.0,12.0,16.209999,16.27,15.99,16.09,625300.0,-0.11999899999999997
12.0,11.0,16.299999,16.299999,16.0,16.139999,1070100.0,-0.16000000000000014
12.0,10.0,16.549999,16.67,16.370001,16.389999,528600.0,-0.16000000000000014
12.0,9.0,16.49,16.67,16.4,16.5,997200.0,0.010000000000001563
12.0,6.0,16.059999,16.530001,16.030001,16.5,794500.0,0.44000099999999875
12.0,5.0,16.1,16.15,15.9,15.95,819900.0,-0.15000000000000213
12.0,4.0,16.389999,16.5,16.18,16.190001,1002900.0,-0.1999980000000008
12.0,3.0,16.41,16.52,16.370001,16.450001,822800.0,0.040001000000000175
12.0,2.0,16.43,16.48,16.17,16.459999,931000.0,0.02999900000000011
11.0,29.0,16.440001,16.51,16.34,16.4,273100.0,-0.040001000000000175
11.0,27.0,16.559999,16.65,16.34,16.450001,1759900.0,-0.10999800000000093
11.0,26.0,16.42,16.709999,16.360001,16.48,5872700.0,0.05999999999999872
11.0,25.0,16.549999,16.610001,16.35,16.42,1391700.0,-0.12999899999999798
11.0,22.0,16.48,16.51,16.370001,16.49,1225400.0,0.00999999999999801
11.0,21.0,16.5,16.66,16.389999,16.450001,1471500.0,-0.04999899999999968
11.0,20.0,16.6,16.75,16.379999,16.42,1030300.0,-0.17999999999999972
11.0,19.0,16.700001,16.809999,16.5,16.540001,1208500.0,-0.16000000000000014
11.0,18.0,16.92,16.950001,16.59,16.76,2721600.0,-0.16000000000000014
11.0,15.0,16.639999,16.889999,16.51,16.860001,2546800.0,0.22000200000000092
11.0,14.0,16.620001,16.620001,16.43,16.549999,1097400.0,-0.07000199999999879
11.0,13.0,16.299999,16.67,16.27,16.629999,1512600.0,0.33000000000000185
11.0,12.0,16.030001,16.309999,16.02,16.24,1330900.0,0.20999899999999982
11.0,11.0,16.219999,16.219999,15.97,16.1,1513100.0,-0.11999899999999997
11.0,8.0,15.82,16.33,15.78,16.17,2018500.0,0.3500000000000014
11.0,7.0,16.0,16.15,15.9,16.030001,3063300.0,0.030000999999998612
11.0,6.0,15.8,16.08,15.74,16.049999,2013800.0,0.24999899999999897
11.0,5.0,15.75,15.87,15.66,15.77,1133100.0,0.019999999999999574
11.0,4.0,15.66,15.8,15.6,15.75,997000.0,0.08999999999999986
11.0,1.0,15.5,15.73,15.44,15.66,678100.0,0.16000000000000014
10.0,31.0,15.7,15.85,15.4,15.48,1767000.0,-0.21999999999999886
10.0,30.0,15.91,15.91,15.6,15.65,1525800.0,-0.2599999999999998
10.0,29.0,16.16,16.200001,15.86,15.92,820800.0,-0.2400000000000002
10.0,28.0,16.120001,16.17,15.95,16.110001,587100.0,-0.00999999999999801
10.0,25.0,16.01,16.129999,15.98,16.07,816100.0,0.05999999999999872
10.0,24.0,16.0,16.049999,15.88,16.02,815000.0,0.019999999999999574
10.0,23.0,16.049999,16.129999,15.88,15.99,418300.0,-0.05999899999999947
10.0,22.0,16.370001,16.530001,15.9,16.059999,541600.0,-0.3100019999999972
10.0,21.0,15.87,16.030001,15.73,16.0,1288200.0,0.13000000000000078
10.0,18.0,16.0,16.049999,15.78,15.86,415900.0,-0.14000000000000057
10.0,17.0,15.72,16.0,15.7,15.82,408200.0,0.09999999999999964
10.0,16.0,15.51,15.75,15.45,15.68,949500.0,0.16999999999999993
10.0,15.0,15.5,15.55,15.34,15.42,444400.0,-0.08000000000000007
10.0,14.0,15.83,15.84,15.35,15.46,940500.0,-0.3699999999999992
10.0,11.0,15.35,15.62,15.24,15.35,783300.0,0.0
10.0,10.0,15.31,15.4,15.24,15.32,851900.0,0.009999999999999787
10.0,9.0,15.47,15.55,15.1,15.22,1511800.0,-0.25
10.0,8.0,15.61,15.73,15.39,15.45,1528000.0,-0.16000000000000014
10.0,7.0,15.67,15.79,15.57,15.6,1349500.0,-0.07000000000000028
10.0,4.0,15.64,16.02,15.5,15.8,1156400.0,0.16000000000000014
10.0,3.0,15.73,15.8,15.45,15.6,1101900.0,-0.13000000000000078
10.0,2.0,15.94,15.94,15.61,15.82,1810200.0,-0.11999999999999922
10.0,1.0,16.15,16.299999,15.93,16.02,949100.0,-0.129999999999999
9.0,30.0,16.299999,16.639999,16.1,16.15,2734600.0,-0.1499990000000011
9.0,27.0,16.68,16.799999,16.17,16.4,428100.0,-0.28000000000000114
9.0,26.0,16.280001,16.889999,16.280001,16.719999,539200.0,0.4399980000000028
9.0,25.0,16.889999,16.9,16.540001,16.610001,415900.0,-0.2799979999999991
9.0,24.0,16.75,16.91,16.68,16.9,705900.0,0.14999999999999858
9.0,23.0,16.23,16.99,16.23,16.799999,1170800.0,0.5699989999999993
9.0,20.0,15.97,16.379999,15.97,16.299999,4163300.0,0.32999899999999904
9.0,19.0,15.91,16.049999,15.91,16.040001,658800.0,0.13000100000000003
9.0,18.0,15.97,16.049999,15.74,15.95,843600.0,-0.02000000000000135
9.0,17.0,15.89,15.97,15.88,15.93,531300.0,0.03999999999999915
9.0,16.0,15.8,15.95,15.41,15.91,874600.0,0.10999999999999943
9.0,13.0,15.3,15.86,15.3,15.85,904800.0,0.5499999999999989
9.0,12.0,15.49,15.55,15.29,15.35,446900.0,-0.14000000000000057
9.0,11.0,15.55,15.74,15.46,15.53,429000.0,-0.02000000000000135
9.0,10.0,16.0,16.049999,15.55,15.62,598400.0,-0.3800000000000008
9.0,9.0,15.92,16.1,15.92,16.059999,578000.0,0.13999900000000132
9.0,6.0,15.95,16.059999,15.81,15.92,328600.0,-0.02999999999999936
9.0,5.0,15.72,16.02,15.72,15.84,352100.0,0.11999999999999922
9.0,4.0,15.94,16.1,15.91,16.049999,630300.0,0.10999900000000018
9.0,3.0,15.86,16.0,15.85,16.0,724000.0,0.14000000000000057
8.0,30.0,15.85,15.99,15.85,15.88,121300.0,0.030000000000001137
8.0,29.0,15.9,16.01,15.83,15.9,636100.0,0.0
8.0,28.0,16.0,16.059999,15.85,15.91,552400.0,-0.08999999999999986
8.0,27.0,15.62,16.040001,15.55,15.93,1135000.0,0.3100000000000005
8.0,26.0,15.95,16.02,15.78,15.85,358800.0,-0.09999999999999964
8.0,23.0,16.049999,16.1,15.65,16.02,845600.0,-0.02999900000000011
8.0,22.0,16.030001,16.120001,16.01,16.07,211000.0,0.03999900000000167
8.0,21.0,16.01,16.059999,16.0,16.049999,199700.0,0.03999899999999812
8.0,20.0,16.01,16.1,15.93,16.01,656500.0,0.0
8.0,19.0,16.02,16.110001,16.0,16.01,256000.0,-0.00999999999999801
8.0,16.0,16.07,16.23,16.0,16.059999,1368000.0,-0.010000999999999038
8.0,15.0,16.0,16.1,15.87,16.0,772400.0,0.0
8.0,14.0,15.98,16.09,15.8,16.040001,371700.0,0.06000099999999975
8.0,13.0,16.15,16.200001,16.0,16.049999,364300.0,-0.1000009999999989
8.0,12.0,16.049999,16.27,16.049999,16.15,868200.0,0.1000009999999989
8.0,9.0,16.049999,16.16,16.0,16.1,608400.0,0.05000100000000174
8.0,8.0,15.75,16.15,15.75,16.120001,1216600.0,0.37000099999999847
8.0,7.0,15.68,15.77,15.6,15.65,400600.0,-0.02999999999999936
8.0,6.0,15.66,15.99,15.66,15.78,414100.0,0.11999999999999922
8.0,5.0,15.72,15.9,15.66,15.66,736400.0,-0.0600000000000005
8.0,2.0,15.58,15.88,15.55,15.83,2114600.0,0.25
8.0,1.0,15.59,16.74,15.5,15.6,2.10947E7,0.009999999999999787
