9.0,25.0,6.26,6.26,6.26,6.26,0.0,0.0
9.0,24.0,6.26,6.26,6.26,6.26,0.0,0.0
9.0,23.0,6.26,6.26,6.26,6.26,0.0,0.0
9.0,22.0,6.26,6.26,6.26,6.26,0.0,0.0
9.0,21.0,6.26,6.26,6.26,6.26,12000.0,0.0
9.0,18.0,5.97,5.97,5.97,5.97,0.0,0.0
9.0,17.0,5.97,5.97,5.97,5.97,0.0,0.0
9.0,16.0,5.97,5.97,5.97,5.97,0.0,0.0
9.0,15.0,5.97,5.97,5.97,5.97,0.0,0.0
9.0,14.0,5.97,5.97,5.97,5.97,0.0,0.0
9.0,11.0,5.97,5.97,5.97,5.97,0.0,0.0
9.0,10.0,5.97,5.97,5.97,5.97,0.0,0.0
9.0,9.0,5.97,5.97,5.97,5.97,0.0,0.0
9.0,8.0,5.97,5.97,5.97,5.97,0.0,0.0
9.0,4.0,5.97,5.97,5.97,5.97,0.0,0.0
9.0,3.0,5.97,5.97,5.97,5.97,900.0,0.0
9.0,2.0,5.77,5.77,5.77,5.77,0.0,0.0
9.0,1.0,5.77,5.77,5.77,5.77,800.0,0.0
8.0,31.0,5.78,5.78,5.78,5.78,0.0,0.0
8.0,28.0,5.78,5.78,5.78,5.78,500.0,0.0
8.0,27.0,5.08,5.08,5.08,5.08,0.0,0.0
8.0,26.0,5.08,5.08,5.08,5.08,0.0,0.0
8.0,25.0,5.08,5.08,5.08,5.08,0.0,0.0
8.0,24.0,5.08,5.08,5.08,5.08,1000.0,0.0
8.0,21.0,5.6,5.6,5.6,5.6,0.0,0.0
8.0,20.0,5.6,5.6,5.6,5.6,0.0,0.0
8.0,19.0,5.6,5.6,5.6,5.6,0.0,0.0
8.0,18.0,5.6,5.6,5.6,5.6,0.0,0.0
8.0,17.0,5.6,5.6,5.6,5.6,0.0,0.0
8.0,14.0,5.6,5.6,5.6,5.6,12000.0,0.0
8.0,13.0,5.2,5.2,5.2,5.2,0.0,0.0
8.0,12.0,5.2,5.2,5.2,5.2,0.0,0.0
8.0,11.0,5.2,5.2,5.2,5.2,0.0,0.0
8.0,10.0,5.2,5.2,5.2,5.2,0.0,0.0
8.0,7.0,5.2,5.2,5.2,5.2,0.0,0.0
8.0,6.0,5.2,5.2,5.2,5.2,0.0,0.0
8.0,5.0,5.2,5.2,5.2,5.2,0.0,0.0
8.0,4.0,5.2,5.2,5.2,5.2,0.0,0.0
8.0,3.0,5.2,5.2,5.2,5.2,0.0,0.0
7.0,31.0,5.2,5.2,5.2,5.2,0.0,0.0
7.0,30.0,5.2,5.2,5.2,5.2,0.0,0.0
7.0,29.0,5.2,5.2,5.2,5.2,0.0,0.0
7.0,28.0,5.2,5.2,5.2,5.2,0.0,0.0
7.0,27.0,5.2,5.2,5.2,5.2,0.0,0.0
7.0,24.0,5.2,5.2,5.2,5.2,0.0,0.0
7.0,23.0,5.2,5.2,5.2,5.2,0.0,0.0
7.0,22.0,5.2,5.2,5.2,5.2,0.0,0.0
7.0,21.0,5.2,5.2,5.2,5.2,0.0,0.0
7.0,20.0,5.2,5.2,5.2,5.2,0.0,0.0
7.0,17.0,5.2,5.2,5.2,5.2,0.0,0.0
7.0,16.0,5.2,5.2,5.2,5.2,0.0,0.0
7.0,15.0,5.2,5.2,5.2,5.2,0.0,0.0
7.0,14.0,5.2,5.2,5.2,5.2,0.0,0.0
7.0,13.0,5.2,5.2,5.2,5.2,0.0,0.0
7.0,10.0,5.2,5.2,5.2,5.2,0.0,0.0
7.0,9.0,5.2,5.2,5.2,5.2,0.0,0.0
7.0,8.0,5.2,5.2,5.2,5.2,0.0,0.0
7.0,7.0,5.2,5.2,5.2,5.2,100.0,0.0
7.0,6.0,5.2,5.2,5.2,5.2,0.0,0.0
7.0,2.0,5.2,5.2,5.2,5.2,0.0,0.0
7.0,1.0,5.2,5.2,5.2,5.2,0.0,0.0
6.0,30.0,5.2,5.2,5.2,5.2,0.0,0.0
6.0,29.0,5.2,5.2,5.2,5.2,0.0,0.0
6.0,26.0,5.2,5.2,5.2,5.2,0.0,0.0
6.0,25.0,5.2,5.2,5.2,5.2,1700.0,0.0
6.0,24.0,5.73,5.73,5.73,5.73,0.0,0.0
6.0,23.0,5.73,5.73,5.73,5.73,0.0,0.0
6.0,22.0,5.73,5.73,5.73,5.73,0.0,0.0
6.0,19.0,5.73,5.73,5.73,5.73,0.0,0.0
6.0,18.0,5.73,5.73,5.73,5.73,0.0,0.0
6.0,17.0,5.73,5.73,5.73,5.73,0.0,0.0
6.0,16.0,5.73,5.73,5.73,5.73,0.0,0.0
6.0,15.0,5.73,5.73,5.73,5.73,0.0,0.0
6.0,12.0,5.73,5.73,5.73,5.73,0.0,0.0
6.0,11.0,5.73,5.73,5.73,5.73,0.0,0.0
6.0,10.0,5.73,5.73,5.73,5.73,0.0,0.0
6.0,9.0,5.73,5.73,5.73,5.73,0.0,0.0
6.0,8.0,5.73,5.73,5.73,5.73,0.0,0.0
6.0,5.0,5.73,5.73,5.73,5.73,0.0,0.0
6.0,4.0,5.73,5.73,5.73,5.73,0.0,0.0
6.0,3.0,5.73,5.73,5.73,5.73,0.0,0.0
6.0,2.0,5.73,5.73,5.73,5.73,0.0,0.0
6.0,1.0,5.73,5.73,5.73,5.73,0.0,0.0
5.0,29.0,5.73,5.73,5.73,5.73,0.0,0.0
5.0,28.0,5.73,5.73,5.73,5.73,0.0,0.0
5.0,27.0,5.6,5.73,5.6,5.73,1700.0,0.13000000000000078
5.0,26.0,5.67,5.67,5.67,5.67,0.0,0.0
5.0,22.0,5.67,5.67,5.67,5.67,0.0,0.0
5.0,21.0,5.67,5.67,5.67,5.67,0.0,0.0
5.0,20.0,5.67,5.67,5.67,5.67,0.0,0.0
5.0,19.0,5.67,5.67,5.67,5.67,0.0,0.0
5.0,18.0,5.67,5.67,5.67,5.67,0.0,0.0
5.0,15.0,5.67,5.67,5.67,5.67,0.0,0.0
5.0,14.0,5.67,5.67,5.67,5.67,0.0,0.0
5.0,13.0,5.67,5.67,5.67,5.67,0.0,0.0
5.0,12.0,5.67,5.67,5.67,5.67,0.0,0.0
5.0,11.0,5.67,5.67,5.67,5.67,0.0,0.0
5.0,8.0,5.67,5.67,5.67,5.67,0.0,0.0
5.0,7.0,5.67,5.67,5.67,5.67,0.0,0.0
5.0,6.0,5.67,5.67,5.67,5.67,0.0,0.0
5.0,5.0,5.67,5.67,5.67,5.67,0.0,0.0
5.0,4.0,5.67,5.67,5.67,5.67,0.0,0.0
5.0,1.0,5.67,5.67,5.67,5.67,0.0,0.0
4.0,30.0,5.67,5.67,5.67,5.67,0.0,0.0
4.0,29.0,5.67,5.67,5.67,5.67,0.0,0.0
4.0,28.0,5.67,5.67,5.67,5.67,0.0,0.0
4.0,27.0,5.67,5.67,5.67,5.67,300.0,0.0
4.0,24.0,5.6,5.6,5.6,5.6,0.0,0.0
4.0,23.0,5.6,5.6,5.6,5.6,0.0,0.0
4.0,22.0,5.6,5.6,5.6,5.6,0.0,0.0
4.0,21.0,5.6,5.6,5.6,5.6,0.0,0.0
4.0,20.0,5.6,5.6,5.6,5.6,0.0,0.0
4.0,17.0,5.6,5.6,5.6,5.6,0.0,0.0
4.0,16.0,5.6,5.6,5.6,5.6,2000.0,0.0
4.0,15.0,5.87,5.87,5.87,5.87,0.0,0.0
4.0,14.0,5.87,5.87,5.87,5.87,0.0,0.0
4.0,13.0,5.87,5.87,5.87,5.87,0.0,0.0
4.0,10.0,5.87,5.87,5.87,5.87,0.0,0.0
4.0,9.0,5.87,5.87,5.87,5.87,0.0,0.0
4.0,8.0,5.87,5.87,5.87,5.87,0.0,0.0
4.0,7.0,5.87,5.87,5.87,5.87,0.0,0.0
4.0,6.0,5.87,5.87,5.87,5.87,0.0,0.0
4.0,2.0,5.87,5.87,5.87,5.87,0.0,0.0
4.0,1.0,5.87,5.87,5.87,5.87,0.0,0.0
3.0,31.0,5.87,5.87,5.87,5.87,0.0,0.0
3.0,30.0,5.87,5.87,5.87,5.87,0.0,0.0
3.0,27.0,5.87,5.87,5.87,5.87,0.0,0.0
3.0,26.0,5.87,5.87,5.87,5.87,0.0,0.0
3.0,25.0,5.87,5.87,5.87,5.87,0.0,0.0
3.0,24.0,5.87,5.87,5.87,5.87,0.0,0.0
3.0,23.0,5.87,5.87,5.87,5.87,0.0,0.0
3.0,20.0,5.87,5.87,5.87,5.87,0.0,0.0
3.0,19.0,5.87,5.87,5.87,5.87,0.0,0.0
3.0,18.0,5.87,5.87,5.87,5.87,0.0,0.0
3.0,17.0,5.87,5.87,5.87,5.87,0.0,0.0
3.0,16.0,5.87,5.87,5.87,5.87,0.0,0.0
3.0,13.0,5.87,5.87,5.87,5.87,0.0,0.0
3.0,12.0,5.87,5.87,5.87,5.87,0.0,0.0
3.0,11.0,5.87,5.87,5.87,5.87,0.0,0.0
3.0,10.0,5.87,5.87,5.87,5.87,0.0,0.0
3.0,9.0,5.87,5.87,5.87,5.87,0.0,0.0
3.0,6.0,5.87,5.87,5.87,5.87,0.0,0.0
3.0,5.0,5.87,5.87,5.87,5.87,0.0,0.0
3.0,4.0,5.87,5.87,5.87,5.87,0.0,0.0
3.0,3.0,5.87,5.87,5.87,5.87,0.0,0.0
3.0,2.0,5.87,5.87,5.87,5.87,0.0,0.0
2.0,27.0,5.87,5.87,5.87,5.87,0.0,0.0
2.0,26.0,5.87,5.87,5.87,5.87,0.0,0.0
2.0,25.0,5.87,5.87,5.87,5.87,0.0,0.0
2.0,24.0,5.87,5.87,5.87,5.87,0.0,0.0
2.0,23.0,5.87,5.87,5.87,5.87,0.0,0.0
2.0,20.0,5.87,5.87,5.87,5.87,0.0,0.0
2.0,19.0,5.87,5.87,5.87,5.87,0.0,0.0
2.0,18.0,5.87,5.87,5.87,5.87,0.0,0.0
2.0,17.0,5.87,5.87,5.87,5.87,0.0,0.0
2.0,13.0,5.87,5.87,5.87,5.87,0.0,0.0
2.0,12.0,5.87,5.87,5.87,5.87,0.0,0.0
2.0,11.0,5.87,5.87,5.87,5.87,0.0,0.0
2.0,10.0,5.87,5.87,5.87,5.87,0.0,0.0
2.0,9.0,5.87,5.87,5.87,5.87,0.0,0.0
2.0,6.0,5.87,5.87,5.87,5.87,0.0,0.0
2.0,5.0,5.87,5.87,5.87,5.87,300.0,0.0
2.0,4.0,5.53,5.53,5.53,5.53,0.0,0.0
2.0,3.0,5.53,5.53,5.53,5.53,0.0,0.0
2.0,2.0,5.53,5.53,5.53,5.53,0.0,0.0
1.0,30.0,5.53,5.53,5.53,5.53,0.0,0.0
1.0,29.0,5.53,5.53,5.53,5.53,0.0,0.0
1.0,28.0,5.53,5.53,5.53,5.53,0.0,0.0
1.0,27.0,5.66,5.66,5.53,5.53,1200.0,-0.1299999999999999
1.0,26.0,5.97,5.97,5.97,5.97,0.0,0.0
1.0,23.0,5.97,5.97,5.97,5.97,0.0,0.0
1.0,22.0,5.97,5.97,5.97,5.97,800.0,0.0
1.0,21.0,6.2,6.2,6.2,6.2,0.0,0.0
1.0,20.0,6.2,6.2,6.2,6.2,100.0,0.0
1.0,16.0,6.16,6.16,6.16,6.16,0.0,0.0
1.0,15.0,6.16,6.16,6.16,6.16,0.0,0.0
1.0,14.0,6.16,6.16,6.16,6.16,0.0,0.0
1.0,13.0,6.16,6.16,6.16,6.16,0.0,0.0
1.0,12.0,6.16,6.16,6.16,6.16,0.0,0.0
1.0,9.0,6.16,6.16,6.16,6.16,0.0,0.0
1.0,8.0,6.16,6.16,6.16,6.16,0.0,0.0
1.0,7.0,6.16,6.16,6.16,6.16,200.0,0.0
1.0,6.0,6.35,6.35,6.35,6.35,0.0,0.0
1.0,5.0,6.35,6.35,6.35,6.35,0.0,0.0
1.0,2.0,6.35,6.35,6.35,6.35,0.0,0.0
12.0,31.0,6.35,6.35,6.35,6.35,0.0,0.0
12.0,30.0,6.35,6.35,6.35,6.35,0.0,0.0
12.0,29.0,6.35,6.35,6.35,6.35,0.0,0.0
12.0,26.0,6.35,6.35,6.35,6.35,0.0,0.0
12.0,24.0,6.35,6.35,6.35,6.35,0.0,0.0
12.0,23.0,6.35,6.35,6.35,6.35,0.0,0.0
12.0,22.0,6.35,6.35,6.35,6.35,0.0,0.0
12.0,19.0,6.35,6.35,6.35,6.35,0.0,0.0
12.0,18.0,6.35,6.35,6.35,6.35,0.0,0.0
12.0,17.0,6.35,6.35,6.35,6.35,0.0,0.0
12.0,16.0,6.35,6.35,6.35,6.35,0.0,0.0
12.0,15.0,6.35,6.35,6.35,6.35,0.0,0.0
12.0,12.0,6.35,6.35,6.35,6.35,0.0,0.0
12.0,11.0,6.35,6.35,6.35,6.35,0.0,0.0
12.0,10.0,6.35,6.35,6.35,6.35,0.0,0.0
12.0,9.0,6.35,6.35,6.35,6.35,0.0,0.0
12.0,8.0,6.35,6.35,6.35,6.35,0.0,0.0
12.0,5.0,6.35,6.35,6.35,6.35,0.0,0.0
12.0,4.0,6.35,6.35,6.35,6.35,0.0,0.0
12.0,3.0,6.35,6.35,6.35,6.35,0.0,0.0
12.0,2.0,6.35,6.35,6.35,6.35,0.0,0.0
12.0,1.0,6.35,6.35,6.35,6.35,0.0,0.0
11.0,28.0,6.35,6.35,6.35,6.35,0.0,0.0
11.0,26.0,6.35,6.35,6.35,6.35,0.0,0.0
11.0,25.0,6.35,6.35,6.35,6.35,0.0,0.0
11.0,24.0,6.35,6.35,6.35,6.35,0.0,0.0
11.0,21.0,6.35,6.35,6.35,6.35,0.0,0.0
11.0,20.0,6.35,6.35,6.35,6.35,0.0,0.0
11.0,19.0,6.35,6.35,6.35,6.35,0.0,0.0
11.0,18.0,6.35,6.35,6.35,6.35,0.0,0.0
11.0,17.0,6.35,6.35,6.35,6.35,0.0,0.0
11.0,14.0,6.35,6.35,6.35,6.35,0.0,0.0
11.0,13.0,6.35,6.35,6.35,6.35,0.0,0.0
11.0,12.0,6.35,6.35,6.35,6.35,0.0,0.0
11.0,11.0,6.35,6.35,6.35,6.35,0.0,0.0
11.0,10.0,6.35,6.35,6.35,6.35,0.0,0.0
11.0,7.0,6.35,6.35,6.35,6.35,0.0,0.0
11.0,6.0,6.35,6.35,6.35,6.35,0.0,0.0
11.0,5.0,6.35,6.35,6.35,6.35,0.0,0.0
11.0,4.0,6.35,6.35,6.35,6.35,0.0,0.0
11.0,3.0,6.35,6.35,6.35,6.35,0.0,0.0
10.0,31.0,6.35,6.35,6.35,6.35,700.0,0.0
10.0,30.0,6.33,6.33,6.33,6.33,0.0,0.0
10.0,29.0,6.33,6.33,6.33,6.33,0.0,0.0
10.0,28.0,6.33,6.33,6.33,6.33,0.0,0.0
10.0,27.0,6.33,6.33,6.33,6.33,0.0,0.0
10.0,24.0,6.33,6.33,6.33,6.33,0.0,0.0
10.0,23.0,6.33,6.33,6.33,6.33,0.0,0.0
10.0,22.0,6.41,6.41,6.33,6.33,2300.0,-0.08000000000000007
10.0,21.0,6.18,6.18,6.18,6.18,0.0,0.0
10.0,20.0,6.18,6.18,6.18,6.18,5000.0,0.0
10.0,17.0,6.1,6.1,6.1,6.1,12100.0,0.0
10.0,16.0,5.86,5.86,5.86,5.86,300.0,0.0
10.0,15.0,6.1,6.1,6.1,6.1,0.0,0.0
10.0,14.0,6.1,6.1,6.1,6.1,800.0,0.0
10.0,13.0,5.92,5.92,5.92,5.92,4500.0,0.0
10.0,10.0,6.0,6.0,6.0,6.0,200.0,0.0
10.0,9.0,6.2,6.2,6.2,6.2,300.0,0.0
10.0,8.0,6.64,6.64,6.64,6.64,0.0,0.0
10.0,7.0,6.64,6.64,6.64,6.64,0.0,0.0
10.0,6.0,6.64,6.64,6.64,6.64,0.0,0.0
10.0,3.0,6.64,6.64,6.64,6.64,0.0,0.0
10.0,2.0,6.64,6.64,6.64,6.64,0.0,0.0
10.0,1.0,6.64,6.64,6.64,6.64,24400.0,0.0
9.0,30.0,6.63,6.63,6.63,6.63,30000.0,0.0
9.0,29.0,6.6,6.6,6.6,6.6,0.0,0.0
9.0,26.0,6.6,6.6,6.6,6.6,0.0,0.0
9.0,25.0,6.6,6.6,6.6,6.6,10000.0,0.0
9.0,24.0,6.4,6.4,6.4,6.4,0.0,0.0
9.0,23.0,6.4,6.4,6.4,6.4,0.0,0.0
9.0,22.0,6.4,6.4,6.4,6.4,0.0,0.0
9.0,19.0,6.4,6.4,6.4,6.4,300.0,0.0
9.0,18.0,5.92,5.92,5.92,5.92,0.0,0.0
9.0,17.0,5.92,5.92,5.92,5.92,0.0,0.0
9.0,16.0,5.92,5.92,5.88,5.92,4100.0,0.0
9.0,15.0,5.9,5.9,5.9,5.9,500.0,0.0
9.0,12.0,5.65,5.87,5.65,5.8,42700.0,0.14999999999999947
9.0,11.0,5.8,5.91,5.8,5.91,3100.0,0.11000000000000032
9.0,10.0,6.53,6.53,6.53,6.53,0.0,0.0
9.0,9.0,6.53,6.53,6.53,6.53,0.0,0.0
9.0,8.0,6.53,6.53,6.53,6.53,0.0,0.0
9.0,5.0,6.53,6.53,6.53,6.53,0.0,0.0
9.0,4.0,6.53,6.53,6.53,6.53,0.0,0.0
9.0,3.0,6.53,6.53,6.53,6.53,0.0,0.0
9.0,2.0,6.53,6.53,6.53,6.53,0.0,0.0
8.0,29.0,6.53,6.53,6.53,6.53,0.0,0.0
8.0,28.0,6.53,6.53,6.53,6.53,0.0,0.0
8.0,27.0,6.53,6.53,6.53,6.53,0.0,0.0
8.0,26.0,6.53,6.53,6.53,6.53,500.0,0.0
8.0,25.0,6.41,6.41,6.41,6.41,4200.0,0.0
8.0,22.0,6.02,6.02,6.02,6.02,0.0,0.0
8.0,21.0,6.02,6.02,6.02,6.02,0.0,0.0
8.0,20.0,6.02,6.02,6.02,6.02,0.0,0.0
8.0,19.0,6.02,6.02,6.02,6.02,0.0,0.0
8.0,18.0,6.02,6.02,6.02,6.02,0.0,0.0
8.0,15.0,6.02,6.02,6.02,6.02,0.0,0.0
8.0,14.0,6.02,6.02,6.02,6.02,0.0,0.0
8.0,13.0,6.02,6.02,6.02,6.02,0.0,0.0
8.0,12.0,6.02,6.02,6.02,6.02,0.0,0.0
8.0,11.0,6.02,6.02,6.02,6.02,0.0,0.0
8.0,8.0,6.02,6.02,6.02,6.02,900.0,0.0
8.0,7.0,6.23,6.25,6.13,6.25,5300.0,0.019999999999999574
8.0,6.0,6.7,6.7,6.7,6.7,0.0,0.0
8.0,5.0,6.7,6.7,6.7,6.7,0.0,0.0
8.0,4.0,6.7,6.7,6.7,6.7,0.0,0.0
8.0,1.0,6.7,6.7,6.7,6.7,0.0,0.0
7.0,31.0,6.7,6.7,6.7,6.7,0.0,0.0
7.0,30.0,6.7,6.7,6.7,6.7,1600.0,0.0
7.0,29.0,6.87,6.87,6.87,6.87,0.0,0.0
7.0,28.0,6.87,6.87,6.87,6.87,0.0,0.0
7.0,25.0,6.87,6.87,6.87,6.87,0.0,0.0
7.0,24.0,6.87,6.87,6.87,6.87,0.0,0.0
7.0,23.0,6.87,6.87,6.87,6.87,0.0,0.0
7.0,22.0,6.87,6.87,6.87,6.87,800.0,0.0
7.0,21.0,6.54,6.54,6.54,6.54,0.0,0.0
7.0,18.0,6.54,6.54,6.54,6.54,0.0,0.0
7.0,17.0,6.54,6.54,6.54,6.54,0.0,0.0
7.0,16.0,6.54,6.54,6.54,6.54,0.0,0.0
7.0,15.0,6.54,6.54,6.54,6.54,0.0,0.0
7.0,14.0,6.54,6.54,6.54,6.54,0.0,0.0
7.0,11.0,6.54,6.54,6.54,6.54,0.0,0.0
7.0,10.0,6.54,6.54,6.54,6.54,300.0,0.0
7.0,9.0,6.35,6.35,6.35,6.35,0.0,0.0
7.0,8.0,6.35,6.35,6.35,6.35,0.0,0.0
7.0,7.0,6.35,6.35,6.35,6.35,0.0,0.0
7.0,3.0,6.35,6.35,6.35,6.35,0.0,0.0
7.0,2.0,6.35,6.35,6.35,6.35,0.0,0.0
7.0,1.0,6.35,6.35,6.35,6.35,0.0,0.0
6.0,30.0,6.35,6.35,6.35,6.35,0.0,0.0
6.0,27.0,6.35,6.35,6.35,6.35,0.0,0.0
6.0,26.0,6.35,6.35,6.35,6.35,0.0,0.0
6.0,25.0,6.35,6.35,6.35,6.35,0.0,0.0
6.0,24.0,6.35,6.35,6.35,6.35,0.0,0.0
6.0,23.0,6.35,6.35,6.35,6.35,0.0,0.0
6.0,20.0,6.35,6.35,6.35,6.35,0.0,0.0
6.0,19.0,6.35,6.35,6.35,6.35,0.0,0.0
6.0,18.0,6.35,6.35,6.35,6.35,0.0,0.0
6.0,17.0,6.35,6.35,6.35,6.35,0.0,0.0
6.0,16.0,6.35,6.35,6.35,6.35,0.0,0.0
6.0,13.0,6.35,6.35,6.35,6.35,0.0,0.0
6.0,12.0,6.4,6.4,6.35,6.35,1300.0,-0.05000000000000071
6.0,11.0,6.47,6.47,6.47,6.47,0.0,0.0
6.0,10.0,6.47,6.47,6.47,6.47,0.0,0.0
6.0,9.0,6.47,6.47,6.47,6.47,1900.0,0.0
6.0,6.0,6.42,6.42,6.42,6.42,0.0,0.0
6.0,5.0,6.42,6.42,6.42,6.42,500.0,0.0
6.0,4.0,6.26,6.26,6.26,6.26,0.0,0.0
6.0,3.0,6.26,6.26,6.26,6.26,0.0,0.0
6.0,2.0,6.26,6.26,6.26,6.26,800.0,0.0
5.0,30.0,6.11,6.11,6.11,6.11,0.0,0.0
5.0,29.0,6.11,6.11,6.11,6.11,100.0,0.0
5.0,28.0,6.25,6.25,6.25,6.25,0.0,0.0
5.0,27.0,6.25,6.25,6.25,6.25,0.0,0.0
5.0,23.0,6.25,6.25,6.25,6.25,0.0,0.0
5.0,22.0,6.25,6.25,6.25,6.25,0.0,0.0
5.0,21.0,6.25,6.25,6.25,6.25,0.0,0.0
5.0,20.0,6.25,6.25,6.25,6.25,0.0,0.0
5.0,19.0,6.25,6.25,6.25,6.25,0.0,0.0
5.0,16.0,6.25,6.25,6.25,6.25,0.0,0.0
5.0,15.0,6.25,6.25,6.25,6.25,0.0,0.0
5.0,14.0,6.25,6.25,6.25,6.25,0.0,0.0
5.0,13.0,6.25,6.25,6.25,6.25,0.0,0.0
5.0,12.0,6.25,6.25,6.25,6.25,0.0,0.0
5.0,9.0,6.25,6.25,6.25,6.25,0.0,0.0
5.0,8.0,6.25,6.25,6.25,6.25,0.0,0.0
5.0,7.0,6.25,6.25,6.25,6.25,0.0,0.0
5.0,6.0,6.25,6.25,6.25,6.25,0.0,0.0
5.0,5.0,6.21,6.25,6.21,6.25,1000.0,0.040000000000000036
5.0,2.0,6.31,6.31,6.31,6.31,0.0,0.0
5.0,1.0,6.31,6.31,6.31,6.31,0.0,0.0
4.0,30.0,6.31,6.31,6.31,6.31,0.0,0.0
4.0,29.0,6.31,6.31,6.31,6.31,0.0,0.0
4.0,28.0,6.31,6.31,6.31,6.31,0.0,0.0
4.0,25.0,6.31,6.31,6.31,6.31,0.0,0.0
4.0,24.0,6.31,6.31,6.31,6.31,0.0,0.0
4.0,23.0,6.31,6.31,6.31,6.31,0.0,0.0
4.0,22.0,6.16,6.31,6.16,6.31,2400.0,0.14999999999999947
4.0,21.0,6.15,6.15,6.15,6.15,0.0,0.0
4.0,17.0,6.15,6.15,6.15,6.15,0.0,0.0
4.0,16.0,6.15,6.15,6.15,6.15,0.0,0.0
4.0,15.0,6.15,6.15,6.15,6.15,500.0,0.0
4.0,14.0,6.17,6.17,6.17,6.17,0.0,0.0
4.0,11.0,6.17,6.17,6.17,6.17,0.0,0.0
4.0,10.0,6.17,6.17,6.17,6.17,0.0,0.0
4.0,9.0,6.17,6.17,6.17,6.17,1700.0,0.0
4.0,8.0,5.9,5.9,5.9,5.9,0.0,0.0
4.0,7.0,5.9,5.9,5.9,5.9,0.0,0.0
4.0,4.0,5.9,5.9,5.9,5.9,0.0,0.0
4.0,3.0,5.9,5.9,5.9,5.9,0.0,0.0
4.0,2.0,5.9,5.9,5.9,5.9,0.0,0.0
4.0,1.0,5.9,5.9,5.9,5.9,0.0,0.0
3.0,31.0,5.9,5.9,5.9,5.9,0.0,0.0
3.0,28.0,5.9,5.9,5.9,5.9,200.0,0.0
3.0,27.0,5.75,5.75,5.75,5.75,0.0,0.0
3.0,26.0,5.75,5.75,5.75,5.75,0.0,0.0
3.0,25.0,5.75,5.75,5.75,5.75,0.0,0.0
3.0,24.0,5.75,5.75,5.75,5.75,0.0,0.0
3.0,21.0,5.75,5.75,5.75,5.75,0.0,0.0
3.0,20.0,5.75,5.75,5.75,5.75,0.0,0.0
3.0,19.0,5.75,5.75,5.75,5.75,0.0,0.0
3.0,18.0,5.75,5.75,5.75,5.75,0.0,0.0
3.0,17.0,5.75,5.75,5.75,5.75,0.0,0.0
3.0,14.0,5.75,5.75,5.75,5.75,0.0,0.0
3.0,13.0,5.75,5.75,5.75,5.75,0.0,0.0
3.0,12.0,5.75,5.75,5.75,5.75,0.0,0.0
3.0,11.0,5.75,5.75,5.75,5.75,0.0,0.0
3.0,10.0,5.75,5.75,5.75,5.75,0.0,0.0
3.0,7.0,5.75,5.75,5.75,5.75,0.0,0.0
3.0,6.0,5.75,5.75,5.75,5.75,0.0,0.0
3.0,5.0,5.75,5.75,5.75,5.75,0.0,0.0
3.0,4.0,5.75,5.75,5.75,5.75,0.0,0.0
3.0,3.0,5.75,5.75,5.75,5.75,0.0,0.0
2.0,28.0,5.75,5.75,5.75,5.75,0.0,0.0
2.0,27.0,5.75,5.75,5.75,5.75,0.0,0.0
2.0,26.0,5.75,5.75,5.75,5.75,0.0,0.0
2.0,25.0,5.82,5.82,5.75,5.75,500.0,-0.07000000000000028
2.0,24.0,5.7,5.7,5.7,5.7,0.0,0.0
2.0,21.0,5.7,5.7,5.7,5.7,0.0,0.0
2.0,20.0,5.7,5.7,5.7,5.7,1100.0,0.0
2.0,19.0,5.68,5.68,5.68,5.68,300.0,0.0
2.0,18.0,5.66,5.66,5.66,5.66,0.0,0.0
2.0,14.0,5.66,5.66,5.66,5.66,0.0,0.0
2.0,13.0,5.66,5.66,5.66,5.66,0.0,0.0
2.0,12.0,5.66,5.66,5.66,5.66,0.0,0.0
2.0,11.0,5.66,5.66,5.66,5.66,0.0,0.0
2.0,10.0,5.66,5.66,5.66,5.66,0.0,0.0
2.0,7.0,5.66,5.66,5.66,5.66,0.0,0.0
2.0,6.0,5.67,5.67,5.67,5.67,0.0,0.0
2.0,5.0,5.67,5.67,5.67,5.67,0.0,0.0
2.0,4.0,5.67,5.67,5.67,5.67,0.0,0.0
2.0,3.0,5.75,5.75,5.67,5.67,1800.0,-0.08000000000000007
1.0,31.0,5.81,5.81,5.81,5.81,0.0,0.0
1.0,30.0,5.81,5.81,5.81,5.81,0.0,0.0
1.0,29.0,5.81,5.81,5.81,5.81,0.0,0.0
1.0,28.0,5.81,5.81,5.81,5.81,0.0,0.0
1.0,27.0,5.78,5.81,5.78,5.81,1500.0,0.02999999999999936
1.0,24.0,5.91,5.91,5.91,5.91,500.0,0.0
1.0,23.0,6.08,6.08,6.08,6.08,0.0,0.0
1.0,22.0,6.08,6.08,6.08,6.08,0.0,0.0
1.0,21.0,6.07,6.08,6.07,6.08,900.0,0.009999999999999787
1.0,17.0,6.05,6.05,6.05,6.05,1300.0,0.0
1.0,16.0,5.88,5.88,5.88,5.88,200.0,0.0
1.0,15.0,5.48,5.48,5.48,5.48,0.0,0.0
1.0,14.0,5.48,5.48,5.48,5.48,0.0,0.0
1.0,13.0,5.48,5.48,5.48,5.48,0.0,0.0
1.0,10.0,5.48,5.48,5.48,5.48,0.0,0.0
1.0,9.0,5.48,5.48,5.48,5.48,200.0,0.0
1.0,8.0,5.7,5.7,5.7,5.7,0.0,0.0
1.0,7.0,5.7,5.7,5.7,5.7,0.0,0.0
1.0,6.0,5.7,5.7,5.7,5.7,200.0,0.0
1.0,3.0,5.74,5.74,5.74,5.74,0.0,0.0
1.0,2.0,5.74,5.75,5.69,5.74,4600.0,0.0
12.0,31.0,5.78,5.78,5.78,5.78,1000.0,0.0
12.0,30.0,5.55,5.55,5.55,5.55,0.0,0.0
12.0,27.0,5.55,5.55,5.55,5.55,0.0,0.0
12.0,26.0,5.55,5.55,5.55,5.55,0.0,0.0
12.0,24.0,5.55,5.55,5.55,5.55,0.0,0.0
12.0,23.0,5.55,5.55,5.55,5.55,0.0,0.0
12.0,20.0,5.55,5.55,5.55,5.55,200.0,0.0
12.0,19.0,5.45,5.45,5.45,5.45,0.0,0.0
12.0,18.0,5.45,5.45,5.45,5.45,100.0,0.0
12.0,17.0,5.79,5.79,5.79,5.79,0.0,0.0
12.0,16.0,5.79,5.79,5.79,5.79,0.0,0.0
12.0,13.0,5.79,5.79,5.79,5.79,0.0,0.0
12.0,12.0,5.79,5.79,5.79,5.79,0.0,0.0
12.0,11.0,5.79,5.79,5.79,5.79,0.0,0.0
12.0,10.0,5.79,5.79,5.79,5.79,0.0,0.0
12.0,9.0,5.79,5.79,5.79,5.79,0.0,0.0
12.0,6.0,5.79,5.79,5.79,5.79,0.0,0.0
12.0,5.0,5.79,5.79,5.79,5.79,0.0,0.0
12.0,4.0,5.79,5.79,5.79,5.79,0.0,0.0
12.0,3.0,5.79,5.79,5.79,5.79,0.0,0.0
12.0,2.0,5.79,5.79,5.79,5.79,0.0,0.0
11.0,29.0,5.79,5.79,5.79,5.79,0.0,0.0
11.0,27.0,5.79,5.79,5.79,5.79,0.0,0.0
11.0,26.0,5.79,5.79,5.79,5.79,0.0,0.0
11.0,25.0,5.79,5.79,5.79,5.79,0.0,0.0
11.0,22.0,5.79,5.79,5.79,5.79,0.0,0.0
11.0,21.0,5.79,5.79,5.79,5.79,0.0,0.0
11.0,20.0,5.79,5.79,5.79,5.79,0.0,0.0
11.0,19.0,5.79,5.79,5.79,5.79,0.0,0.0
11.0,18.0,5.79,5.79,5.79,5.79,0.0,0.0
11.0,15.0,5.79,5.79,5.79,5.79,0.0,0.0
11.0,14.0,5.79,5.79,5.79,5.79,0.0,0.0
11.0,13.0,5.79,5.79,5.79,5.79,0.0,0.0
11.0,12.0,5.79,5.79,5.79,5.79,0.0,0.0
11.0,11.0,5.79,5.79,5.79,5.79,400.0,0.0
11.0,8.0,6.04,6.04,6.04,6.04,0.0,0.0
11.0,7.0,6.04,6.04,6.04,6.04,0.0,0.0
11.0,6.0,6.04,6.04,6.04,6.04,300.0,0.0
11.0,5.0,6.4,6.4,6.4,6.4,0.0,0.0
11.0,4.0,6.4,6.4,6.4,6.4,0.0,0.0
11.0,1.0,6.4,6.4,6.4,6.4,0.0,0.0
10.0,31.0,6.4,6.4,6.4,6.4,0.0,0.0
10.0,30.0,6.4,6.4,6.4,6.4,0.0,0.0
10.0,29.0,6.4,6.4,6.4,6.4,0.0,0.0
10.0,28.0,6.4,6.4,6.4,6.4,0.0,0.0
10.0,25.0,6.45,6.45,6.4,6.4,1500.0,-0.04999999999999982
10.0,24.0,6.2,6.2,6.2,6.2,0.0,0.0
10.0,23.0,6.2,6.2,6.2,6.2,500.0,0.0
10.0,22.0,5.7,5.7,5.7,5.7,0.0,0.0
10.0,21.0,5.7,5.7,5.7,5.7,0.0,0.0
10.0,18.0,5.7,5.7,5.7,5.7,0.0,0.0
10.0,17.0,5.7,5.7,5.7,5.7,0.0,0.0
10.0,16.0,5.7,5.7,5.7,5.7,0.0,0.0
10.0,15.0,5.7,5.7,5.7,5.7,0.0,0.0
10.0,14.0,5.7,5.7,5.7,5.7,0.0,0.0
10.0,11.0,5.7,5.7,5.7,5.7,0.0,0.0
10.0,10.0,5.7,5.7,5.7,5.7,0.0,0.0
10.0,9.0,5.7,5.7,5.7,5.7,0.0,0.0
10.0,8.0,5.7,5.7,5.7,5.7,0.0,0.0
10.0,7.0,5.7,5.7,5.7,5.7,0.0,0.0
10.0,4.0,5.7,5.7,5.7,5.7,0.0,0.0
10.0,3.0,5.7,5.7,5.7,5.7,0.0,0.0
10.0,2.0,5.7,5.7,5.7,5.7,0.0,0.0
10.0,1.0,5.7,5.7,5.7,5.7,1400.0,0.0
9.0,30.0,5.47,5.47,5.47,5.47,0.0,0.0
9.0,27.0,5.47,5.47,5.47,5.47,0.0,0.0
9.0,26.0,5.47,5.47,5.47,5.47,0.0,0.0
9.0,25.0,5.47,5.47,5.47,5.47,0.0,0.0
9.0,24.0,5.47,5.47,5.47,5.47,0.0,0.0
9.0,23.0,5.47,5.47,5.47,5.47,0.0,0.0
9.0,20.0,5.47,5.47,5.47,5.47,0.0,0.0
9.0,19.0,5.47,5.47,5.47,5.47,0.0,0.0
9.0,18.0,5.47,5.47,5.47,5.47,0.0,0.0
9.0,17.0,5.47,5.47,5.47,5.47,0.0,0.0
9.0,16.0,5.47,5.47,5.47,5.47,400.0,0.0
9.0,13.0,5.4,5.4,5.4,5.4,700.0,0.0
9.0,12.0,5.46,5.46,5.46,5.46,1100.0,0.0
9.0,11.0,5.35,5.35,5.35,5.35,0.0,0.0
9.0,10.0,5.35,5.35,5.35,5.35,1000.0,0.0
9.0,9.0,5.45,5.45,5.45,5.45,0.0,0.0
9.0,6.0,5.45,5.45,5.45,5.45,0.0,0.0
9.0,5.0,5.45,5.45,5.45,5.45,0.0,0.0
9.0,4.0,5.45,5.45,5.45,5.45,0.0,0.0
9.0,3.0,5.45,5.45,5.45,5.45,0.0,0.0
8.0,30.0,5.45,5.45,5.45,5.45,0.0,0.0
8.0,29.0,5.45,5.45,5.45,5.45,400.0,0.0
8.0,28.0,5.51,5.51,5.51,5.51,0.0,0.0
8.0,27.0,5.51,5.51,5.51,5.51,0.0,0.0
8.0,26.0,5.51,5.51,5.51,5.51,0.0,0.0
8.0,23.0,5.51,5.51,5.51,5.51,0.0,0.0
8.0,22.0,5.51,5.51,5.51,5.51,400.0,0.0
8.0,21.0,5.67,5.67,5.67,5.67,0.0,0.0
8.0,20.0,5.67,5.67,5.67,5.67,0.0,0.0
8.0,19.0,5.67,5.67,5.67,5.67,0.0,0.0
8.0,16.0,5.67,5.67,5.67,5.67,0.0,0.0
8.0,15.0,5.67,5.67,5.67,5.67,0.0,0.0
8.0,14.0,5.67,5.67,5.67,5.67,0.0,0.0
8.0,13.0,5.67,5.67,5.67,5.67,0.0,0.0
8.0,12.0,5.67,5.67,5.67,5.67,0.0,0.0
8.0,9.0,5.67,5.67,5.67,5.67,0.0,0.0
8.0,8.0,5.67,5.67,5.67,5.67,0.0,0.0
8.0,7.0,5.67,5.67,5.67,5.67,0.0,0.0
8.0,6.0,5.67,5.67,5.67,5.67,0.0,0.0
8.0,5.0,5.67,5.67,5.67,5.67,1500.0,0.0
8.0,2.0,5.66,5.66,5.66,5.66,0.0,0.0
8.0,1.0,5.66,5.66,5.66,5.66,0.0,0.0
7.0,31.0,5.66,5.66,5.66,5.66,0.0,0.0
7.0,30.0,5.66,5.66,5.66,5.66,28000.0,0.0
7.0,29.0,5.68,5.68,5.68,5.68,2000.0,0.0
7.0,26.0,5.87,5.87,5.87,5.87,0.0,0.0
7.0,25.0,5.87,5.87,5.87,5.87,0.0,0.0
7.0,24.0,5.87,5.87,5.87,5.87,0.0,0.0
7.0,23.0,5.87,5.87,5.87,5.87,0.0,0.0
7.0,22.0,5.87,5.87,5.87,5.87,0.0,0.0
7.0,19.0,5.87,5.87,5.87,5.87,0.0,0.0
7.0,18.0,5.87,5.87,5.87,5.87,0.0,0.0
7.0,17.0,5.79,5.87,5.79,5.87,2000.0,0.08000000000000007
7.0,16.0,5.65,5.65,5.65,5.65,0.0,0.0
7.0,15.0,5.65,5.65,5.65,5.65,0.0,0.0
7.0,12.0,5.65,5.65,5.65,5.65,0.0,0.0
7.0,11.0,5.65,5.65,5.65,5.65,200.0,0.0
7.0,10.0,5.8,5.8,5.8,5.8,0.0,0.0
7.0,9.0,5.8,5.8,5.8,5.8,0.0,0.0
7.0,8.0,5.8,5.8,5.8,5.8,0.0,0.0
7.0,5.0,5.8,5.8,5.8,5.8,0.0,0.0
7.0,3.0,5.8,5.8,5.8,5.8,0.0,0.0
7.0,2.0,5.8,5.8,5.8,5.8,200.0,0.0
7.0,1.0,5.83,5.83,5.83,5.83,0.0,0.0
6.0,28.0,5.83,5.83,5.83,5.83,1000.0,0.0
6.0,27.0,5.91,5.91,5.91,5.91,0.0,0.0
6.0,26.0,5.91,5.91,5.91,5.91,0.0,0.0
6.0,25.0,5.91,5.91,5.91,5.91,0.0,0.0
6.0,24.0,5.91,5.91,5.91,5.91,0.0,0.0
6.0,21.0,5.91,5.91,5.91,5.91,0.0,0.0
6.0,20.0,5.91,5.91,5.91,5.91,0.0,0.0
6.0,19.0,5.91,5.91,5.91,5.91,0.0,0.0
6.0,18.0,5.91,5.91,5.91,5.91,1000.0,0.0
6.0,17.0,5.65,5.65,5.65,5.65,0.0,0.0
6.0,14.0,5.65,5.65,5.65,5.65,0.0,0.0
6.0,13.0,5.65,5.65,5.65,5.65,0.0,0.0
6.0,12.0,5.65,5.65,5.65,5.65,0.0,0.0
6.0,11.0,5.65,5.65,5.65,5.65,200.0,0.0
6.0,10.0,5.85,5.85,5.85,5.85,200.0,0.0
6.0,7.0,5.7,5.7,5.7,5.7,1400.0,0.0
6.0,6.0,5.73,5.73,5.73,5.73,0.0,0.0
6.0,5.0,5.73,5.73,5.73,5.73,2300.0,0.0
6.0,4.0,6.07,6.07,6.07,6.07,0.0,0.0
6.0,3.0,6.07,6.07,6.07,6.07,0.0,0.0
5.0,31.0,6.07,6.07,6.07,6.07,0.0,0.0
5.0,30.0,6.07,6.07,6.07,6.07,0.0,0.0
5.0,29.0,6.07,6.07,6.07,6.07,500.0,0.0
5.0,28.0,6.1,6.1,6.1,6.1,0.0,0.0
5.0,24.0,6.17,6.17,6.1,6.1,1400.0,-0.07000000000000028
5.0,23.0,6.2,6.2,6.2,6.2,0.0,0.0
5.0,22.0,6.2,6.2,6.2,6.2,1200.0,0.0
5.0,21.0,6.45,6.45,6.45,6.45,0.0,0.0
5.0,20.0,6.45,6.45,6.45,6.45,1000.0,0.0
5.0,17.0,6.62,6.62,6.62,6.62,0.0,0.0
5.0,16.0,6.62,6.62,6.62,6.62,200.0,0.0
5.0,15.0,6.76,6.76,6.76,6.76,0.0,0.0
5.0,14.0,6.76,6.76,6.76,6.76,0.0,0.0
5.0,13.0,6.76,6.76,6.76,6.76,200.0,0.0
5.0,10.0,6.55,6.55,6.55,6.55,0.0,0.0
5.0,9.0,6.55,6.55,6.55,6.55,0.0,0.0
5.0,8.0,6.55,6.55,6.55,6.55,0.0,0.0
5.0,7.0,6.55,6.55,6.55,6.55,0.0,0.0
5.0,6.0,6.55,6.55,6.55,6.55,0.0,0.0
5.0,3.0,6.55,6.55,6.55,6.55,0.0,0.0
5.0,2.0,6.55,6.55,6.55,6.55,0.0,0.0
5.0,1.0,6.55,6.55,6.55,6.55,0.0,0.0
4.0,30.0,6.55,6.55,6.55,6.55,1000.0,0.0
4.0,29.0,6.17,6.17,6.17,6.17,0.0,0.0
4.0,26.0,6.17,6.17,6.17,6.17,0.0,0.0
4.0,25.0,6.17,6.17,6.17,6.17,0.0,0.0
4.0,24.0,6.17,6.17,6.17,6.17,0.0,0.0
4.0,23.0,6.17,6.17,6.17,6.17,0.0,0.0
4.0,22.0,6.17,6.17,6.17,6.17,0.0,0.0
4.0,19.0,6.17,6.17,6.17,6.17,1900.0,0.0
4.0,18.0,6.0,6.0,6.0,6.0,300.0,0.0
4.0,17.0,6.0,6.0,6.0,6.0,18500.0,0.0
4.0,16.0,6.35,6.35,6.35,6.35,0.0,0.0
4.0,15.0,6.35,6.35,6.35,6.35,1000.0,0.0
4.0,12.0,6.37,6.37,6.37,6.37,0.0,0.0
4.0,11.0,6.37,6.37,6.37,6.37,200.0,0.0
4.0,10.0,6.3,6.3,6.3,6.3,0.0,0.0
4.0,9.0,6.3,6.3,6.3,6.3,0.0,0.0
4.0,8.0,6.3,6.3,6.3,6.3,0.0,0.0
4.0,5.0,6.3,6.3,6.3,6.3,500.0,0.0
4.0,4.0,6.3,6.3,6.3,6.3,0.0,0.0
4.0,3.0,6.15,6.3,6.15,6.3,1000.0,0.14999999999999947
4.0,2.0,6.11,6.11,6.11,6.11,0.0,0.0
4.0,1.0,6.11,6.11,6.11,6.11,0.0,0.0
3.0,28.0,6.11,6.11,6.11,6.11,0.0,0.0
3.0,27.0,6.11,6.11,6.11,6.11,500.0,0.0
3.0,26.0,6.07,6.07,6.07,6.07,0.0,0.0
3.0,25.0,6.07,6.07,6.07,6.07,0.0,0.0
3.0,22.0,6.07,6.07,6.07,6.07,0.0,0.0
3.0,21.0,6.07,6.07,6.07,6.07,0.0,0.0
3.0,20.0,6.07,6.07,6.07,6.07,0.0,0.0
3.0,19.0,6.07,6.07,6.07,6.07,0.0,0.0
3.0,18.0,6.07,6.07,6.07,6.07,0.0,0.0
3.0,15.0,6.07,6.07,6.07,6.07,0.0,0.0
3.0,14.0,6.07,6.07,6.07,6.07,500.0,0.0
3.0,13.0,6.02,6.02,6.02,6.02,0.0,0.0
3.0,12.0,6.02,6.02,6.02,6.02,0.0,0.0
3.0,11.0,6.02,6.02,6.02,6.02,0.0,0.0
3.0,8.0,6.02,6.02,6.02,6.02,1000.0,0.0
3.0,7.0,5.86,5.86,5.86,5.86,0.0,0.0
3.0,6.0,5.86,5.86,5.86,5.86,0.0,0.0
3.0,5.0,5.86,5.86,5.86,5.86,0.0,0.0
3.0,4.0,5.86,5.86,5.86,5.86,0.0,0.0
3.0,1.0,5.86,5.86,5.86,5.86,0.0,0.0
2.0,28.0,5.86,5.86,5.86,5.86,0.0,0.0
2.0,27.0,5.86,5.86,5.86,5.86,0.0,0.0
2.0,26.0,5.86,5.86,5.86,5.86,0.0,0.0
2.0,25.0,5.86,5.86,5.86,5.86,1000.0,0.0
2.0,22.0,5.66,5.66,5.66,5.66,0.0,0.0
2.0,21.0,5.66,5.66,5.66,5.66,0.0,0.0
2.0,20.0,5.66,5.66,5.66,5.66,0.0,0.0
2.0,19.0,5.66,5.66,5.66,5.66,0.0,0.0
2.0,15.0,5.66,5.66,5.66,5.66,0.0,0.0
2.0,14.0,5.88,5.88,5.66,5.66,13000.0,-0.21999999999999975
2.0,13.0,5.95,5.99,5.95,5.99,700.0,0.040000000000000036
2.0,12.0,5.99,5.99,5.99,5.99,0.0,0.0
2.0,11.0,6.04,6.04,5.99,5.99,2900.0,-0.04999999999999982
2.0,8.0,5.82,5.82,5.82,5.82,400.0,0.0
2.0,7.0,5.75,5.75,5.75,5.75,0.0,0.0
2.0,6.0,5.75,5.75,5.75,5.75,0.0,0.0
2.0,5.0,5.75,5.75,5.75,5.75,0.0,0.0
2.0,4.0,5.75,5.75,5.75,5.75,0.0,0.0
2.0,1.0,5.75,5.75,5.75,5.75,500.0,0.0
1.0,31.0,5.67,5.67,5.67,5.67,400.0,0.0
1.0,30.0,5.53,5.53,5.53,5.53,2000.0,0.0
1.0,29.0,5.51,5.51,5.51,5.51,0.0,0.0
1.0,28.0,5.51,5.51,5.51,5.51,0.0,0.0
1.0,25.0,5.57,5.57,5.51,5.51,1100.0,-0.0600000000000005
1.0,24.0,5.57,5.57,5.57,5.57,0.0,0.0
1.0,23.0,5.57,5.57,5.57,5.57,400.0,0.0
1.0,22.0,5.42,5.42,5.42,5.42,0.0,0.0
1.0,18.0,5.42,5.42,5.42,5.42,0.0,0.0
1.0,17.0,5.42,5.42,5.42,5.42,0.0,0.0
1.0,16.0,5.42,5.42,5.42,5.42,0.0,0.0
1.0,15.0,5.42,5.42,5.42,5.42,600.0,0.0
1.0,14.0,5.4,5.4,5.4,5.4,2500.0,0.0
1.0,11.0,5.3,5.32,5.3,5.32,13500.0,0.020000000000000462
1.0,10.0,5.27,5.27,5.27,5.27,0.0,0.0
1.0,9.0,5.27,5.27,5.27,5.27,0.0,0.0
1.0,8.0,5.27,5.27,5.27,5.27,0.0,0.0
1.0,7.0,5.27,5.27,5.27,5.27,0.0,0.0
1.0,4.0,5.27,5.27,5.27,5.27,0.0,0.0
1.0,3.0,5.27,5.27,5.27,5.27,400.0,0.0
1.0,2.0,5.28,5.28,5.28,5.28,1000.0,0.0
12.0,31.0,4.7,4.7,4.7,4.7,0.0,0.0
12.0,28.0,4.7,4.7,4.7,4.7,0.0,0.0
12.0,27.0,4.7,4.7,4.7,4.7,0.0,0.0
12.0,26.0,4.7,4.7,4.7,4.7,0.0,0.0
12.0,24.0,4.7,4.7,4.7,4.7,0.0,0.0
12.0,21.0,4.7,4.7,4.7,4.7,0.0,0.0
12.0,20.0,4.7,4.7,4.7,4.7,0.0,0.0
12.0,19.0,4.7,4.7,4.7,4.7,0.0,0.0
12.0,18.0,4.7,4.7,4.7,4.7,0.0,0.0
12.0,17.0,4.7,4.7,4.7,4.7,0.0,0.0
12.0,14.0,4.7,4.7,4.7,4.7,0.0,0.0
12.0,13.0,4.7,4.7,4.7,4.7,500.0,0.0
12.0,12.0,4.65,4.65,4.65,4.65,0.0,0.0
12.0,11.0,4.65,4.65,4.65,4.65,300.0,0.0
12.0,10.0,4.71,4.71,4.71,4.71,0.0,0.0
12.0,7.0,4.71,4.71,4.71,4.71,11500.0,0.0
12.0,6.0,4.74,4.74,4.74,4.74,0.0,0.0
12.0,5.0,4.74,4.74,4.74,4.74,0.0,0.0
12.0,4.0,4.6,4.77,4.6,4.74,6000.0,0.14000000000000057
12.0,3.0,4.45,4.45,4.45,4.45,0.0,0.0
11.0,30.0,4.45,4.45,4.45,4.45,0.0,0.0
11.0,29.0,4.45,4.45,4.45,4.45,200.0,0.0
11.0,28.0,4.46,4.46,4.46,4.46,0.0,0.0
11.0,27.0,4.46,4.46,4.46,4.46,0.0,0.0
11.0,26.0,4.46,4.46,4.46,4.46,0.0,0.0
11.0,23.0,4.46,4.46,4.46,4.46,300.0,0.0
11.0,21.0,4.06,4.06,4.06,4.06,0.0,0.0
11.0,20.0,4.06,4.06,4.06,4.06,0.0,0.0
11.0,19.0,4.06,4.06,4.06,4.06,0.0,0.0
11.0,16.0,4.06,4.06,4.06,4.06,0.0,0.0
11.0,15.0,4.06,4.06,4.06,4.06,1000.0,0.0
11.0,14.0,4.51,4.51,4.51,4.51,0.0,0.0
11.0,13.0,4.51,4.51,4.51,4.51,200.0,0.0
11.0,12.0,4.42,4.42,4.42,4.42,0.0,0.0
11.0,9.0,4.49,4.49,4.42,4.42,900.0,-0.07000000000000028
11.0,8.0,4.5,4.5,4.5,4.5,2500.0,0.0
11.0,7.0,4.67,4.67,4.67,4.67,200.0,0.0
11.0,6.0,4.68,4.68,4.68,4.68,0.0,0.0
11.0,5.0,4.68,4.68,4.68,4.68,0.0,0.0
11.0,2.0,4.68,4.68,4.68,4.68,0.0,0.0
11.0,1.0,4.68,4.68,4.68,4.68,0.0,0.0
10.0,31.0,4.68,4.68,4.68,4.68,0.0,0.0
10.0,26.0,4.68,4.68,4.68,4.68,0.0,0.0
10.0,25.0,4.68,4.68,4.68,4.68,0.0,0.0
10.0,24.0,4.68,4.68,4.68,4.68,0.0,0.0
10.0,23.0,4.68,4.68,4.68,4.68,0.0,0.0
10.0,22.0,4.68,4.68,4.68,4.68,0.0,0.0
10.0,19.0,4.75,4.75,4.68,4.68,6500.0,-0.07000000000000028
10.0,18.0,4.75,4.75,4.75,4.75,0.0,0.0
10.0,17.0,4.75,4.75,4.75,4.75,100.0,0.0
10.0,16.0,4.97,4.97,4.97,4.97,1800.0,0.0
10.0,15.0,4.95,4.95,4.95,4.95,1000.0,0.0
10.0,12.0,4.74,4.74,4.74,4.74,0.0,0.0
10.0,11.0,4.74,4.74,4.74,4.74,0.0,0.0
10.0,10.0,4.74,4.74,4.74,4.74,0.0,0.0
10.0,9.0,4.74,4.74,4.74,4.74,2300.0,0.0
10.0,8.0,4.62,4.62,4.62,4.62,0.0,0.0
10.0,5.0,4.62,4.62,4.62,4.62,0.0,0.0
10.0,4.0,4.62,4.62,4.62,4.62,0.0,0.0
10.0,3.0,4.62,4.62,4.62,4.62,500.0,0.0
10.0,2.0,4.53,4.53,4.53,4.53,1000.0,0.0
10.0,1.0,4.51,4.62,4.51,4.62,1500.0,0.11000000000000032
9.0,28.0,4.49,4.49,4.49,4.49,1400.0,0.0
9.0,27.0,4.42,4.42,4.4,4.4,2400.0,-0.019999999999999574
9.0,26.0,4.43,4.43,4.43,4.43,0.0,0.0
9.0,25.0,4.43,4.43,4.43,4.43,0.0,0.0
9.0,24.0,4.43,4.43,4.43,4.43,300.0,0.0
9.0,21.0,4.43,4.43,4.43,4.43,500.0,0.0
9.0,20.0,4.4,4.4,4.4,4.4,0.0,0.0
9.0,19.0,4.4,4.4,4.4,4.4,200.0,0.0
9.0,18.0,4.5,4.5,4.5,4.5,0.0,0.0
9.0,17.0,4.5,4.5,4.5,4.5,2000.0,0.0
9.0,14.0,4.51,4.51,4.51,4.51,0.0,0.0
9.0,13.0,4.51,4.51,4.51,4.51,0.0,0.0
9.0,12.0,4.51,4.51,4.51,4.51,0.0,0.0
9.0,11.0,4.51,4.51,4.51,4.51,2700.0,0.0
9.0,10.0,4.52,4.52,4.52,4.52,0.0,0.0
9.0,7.0,4.39,4.52,4.39,4.52,1700.0,0.1299999999999999
9.0,6.0,4.35,4.35,4.35,4.35,3500.0,0.0
9.0,5.0,4.25,4.3,4.25,4.3,1300.0,0.04999999999999982
9.0,4.0,4.28,4.28,4.27,4.27,10300.0,-0.010000000000000675
8.0,31.0,4.2,4.2,4.2,4.2,200.0,0.0
8.0,30.0,4.29,4.29,4.29,4.29,0.0,0.0
8.0,29.0,4.29,4.29,4.29,4.29,100.0,0.0
8.0,28.0,4.2,4.2,4.2,4.2,0.0,0.0
8.0,27.0,4.13,4.2,4.13,4.2,3400.0,0.07000000000000028
8.0,24.0,4.05,4.05,4.05,4.05,0.0,0.0
8.0,23.0,4.05,4.05,4.05,4.05,0.0,0.0
8.0,22.0,4.05,4.05,4.05,4.05,0.0,0.0
8.0,21.0,4.05,4.05,4.05,4.05,1000.0,0.0
8.0,20.0,4.15,4.15,4.15,4.15,200.0,0.0
8.0,17.0,4.06,4.06,4.06,4.06,0.0,0.0
8.0,16.0,4.06,4.06,4.06,4.06,0.0,0.0
8.0,15.0,4.06,4.06,4.06,4.06,0.0,0.0
8.0,14.0,4.06,4.06,4.06,4.06,200.0,0.0
8.0,13.0,4.07,4.07,4.07,4.07,0.0,0.0
8.0,10.0,4.07,4.07,4.07,4.07,200.0,0.0
8.0,9.0,4.1,4.1,4.1,4.1,0.0,0.0
8.0,8.0,4.1,4.1,4.1,4.1,200.0,0.0
8.0,7.0,4.17,4.17,4.17,4.17,0.0,0.0
8.0,6.0,4.17,4.17,4.17,4.17,0.0,0.0
8.0,3.0,4.17,4.17,4.17,4.17,0.0,0.0
8.0,2.0,4.17,4.17,4.17,4.17,0.0,0.0
8.0,1.0,4.17,4.17,4.17,4.17,100.0,0.0
7.0,31.0,4.21,4.21,4.21,4.21,500.0,0.0
7.0,30.0,4.16,4.16,4.16,4.16,0.0,0.0
7.0,27.0,4.16,4.16,4.16,4.16,0.0,0.0
7.0,26.0,4.16,4.16,4.16,4.16,0.0,0.0
7.0,25.0,4.16,4.16,4.16,4.16,0.0,0.0
7.0,24.0,4.16,4.16,4.16,4.16,0.0,0.0
7.0,23.0,4.16,4.16,4.16,4.16,0.0,0.0
7.0,20.0,4.16,4.16,4.16,4.16,500.0,0.0
7.0,19.0,4.16,4.16,4.16,4.16,0.0,0.0
7.0,18.0,4.16,4.16,4.16,4.16,0.0,0.0
7.0,17.0,4.16,4.16,4.16,4.16,0.0,0.0
7.0,16.0,4.16,4.16,4.16,4.16,0.0,0.0
7.0,13.0,4.15,4.16,4.15,4.16,1100.0,0.009999999999999787
7.0,12.0,4.0,4.0,3.95,3.95,2700.0,-0.04999999999999982
7.0,11.0,4.1,4.1,4.1,4.1,0.0,0.0
7.0,10.0,4.1,4.1,4.1,4.1,0.0,0.0
7.0,9.0,4.1,4.1,4.1,4.1,0.0,0.0
7.0,6.0,4.1,4.1,4.1,4.1,200.0,0.0
7.0,5.0,4.2,4.2,4.2,4.2,0.0,0.0
7.0,3.0,4.2,4.2,4.2,4.2,1000.0,0.0
7.0,2.0,4.06,4.06,4.06,4.06,0.0,0.0
6.0,29.0,4.06,4.06,4.06,4.06,0.0,0.0
6.0,28.0,4.06,4.06,4.06,4.06,1600.0,0.0
6.0,27.0,3.93,3.93,3.93,3.93,0.0,0.0
6.0,26.0,3.93,3.93,3.93,3.93,0.0,0.0
6.0,25.0,3.93,3.93,3.93,3.93,0.0,0.0
6.0,22.0,3.93,3.93,3.93,3.93,0.0,0.0
6.0,21.0,3.93,3.93,3.93,3.93,0.0,0.0
6.0,20.0,3.93,3.93,3.93,3.93,0.0,0.0
6.0,19.0,3.93,3.93,3.93,3.93,0.0,0.0
6.0,18.0,3.93,3.93,3.93,3.93,0.0,0.0
6.0,15.0,3.93,3.93,3.93,3.93,0.0,0.0
6.0,14.0,3.93,3.93,3.93,3.93,200.0,0.0
6.0,13.0,3.45,3.45,3.45,3.45,0.0,0.0
6.0,12.0,3.45,3.45,3.45,3.45,0.0,0.0
6.0,11.0,3.45,3.45,3.45,3.45,0.0,0.0
6.0,8.0,3.45,3.45,3.45,3.45,0.0,0.0
6.0,7.0,3.45,3.45,3.45,3.45,1200.0,0.0
6.0,6.0,3.37,3.37,3.37,3.37,0.0,0.0
6.0,5.0,3.37,3.37,3.37,3.37,3500.0,0.0
6.0,4.0,3.34,3.34,3.34,3.34,700.0,0.0
6.0,1.0,3.39,3.39,3.39,3.39,6100.0,0.0
5.0,31.0,3.55,3.55,3.55,3.55,1000.0,0.0
5.0,30.0,3.48,3.48,3.48,3.48,1000.0,0.0
5.0,29.0,3.44,3.44,3.44,3.44,5000.0,0.0
5.0,25.0,3.45,3.46,3.45,3.46,3500.0,0.009999999999999787
5.0,24.0,3.42,3.42,3.42,3.42,0.0,0.0
5.0,23.0,3.58,3.58,3.42,3.42,1200.0,-0.16000000000000014
5.0,22.0,3.63,3.63,3.63,3.63,1000.0,0.0
5.0,21.0,3.6,3.6,3.5,3.6,3400.0,0.0
5.0,18.0,3.63,3.63,3.63,3.63,1000.0,0.0
5.0,17.0,3.68,3.68,3.68,3.68,1000.0,0.0
5.0,16.0,3.68,3.68,3.68,3.68,0.0,0.0
5.0,15.0,3.7,3.7,3.68,3.68,1100.0,-0.020000000000000018
5.0,14.0,3.7,3.7,3.7,3.7,0.0,0.0
5.0,11.0,3.68,3.7,3.68,3.7,2000.0,0.020000000000000018
5.0,10.0,3.61,3.61,3.61,3.61,1000.0,0.0
5.0,9.0,3.57,3.57,3.4,3.4,6000.0,-0.16999999999999993
5.0,8.0,3.68,3.68,3.68,3.68,1000.0,0.0
5.0,7.0,3.6,3.6,3.6,3.6,1000.0,0.0
5.0,4.0,3.62,3.62,3.62,3.62,0.0,0.0
5.0,3.0,3.62,3.62,3.62,3.62,1000.0,0.0
5.0,2.0,3.7,3.7,3.7,3.7,1000.0,0.0
5.0,1.0,3.6,3.6,3.6,3.6,0.0,0.0
4.0,30.0,3.6,3.6,3.6,3.6,3000.0,0.0
4.0,27.0,3.69,3.69,3.69,3.69,1000.0,0.0
4.0,26.0,3.7,3.7,3.7,3.7,1000.0,0.0
4.0,25.0,3.64,3.64,3.64,3.64,1000.0,0.0
4.0,24.0,3.62,3.62,3.62,3.62,1000.0,0.0
4.0,23.0,3.53,3.53,3.5,3.5,2000.0,-0.029999999999999805
4.0,20.0,3.58,3.58,3.58,3.58,1000.0,0.0
4.0,19.0,3.58,3.58,3.58,3.58,0.0,0.0
4.0,18.0,3.58,3.58,3.58,3.58,1000.0,0.0
4.0,17.0,3.45,3.45,3.45,3.45,1700.0,0.0
4.0,16.0,3.43,3.52,3.43,3.49,2600.0,0.06000000000000005
4.0,13.0,3.58,3.58,3.58,3.58,3500.0,0.0
4.0,12.0,3.6,3.6,3.54,3.54,3500.0,-0.06000000000000005
4.0,11.0,3.6,3.6,3.6,3.6,2500.0,0.0
4.0,10.0,3.66,3.66,3.58,3.58,5000.0,-0.08000000000000007
4.0,9.0,3.83,3.83,3.83,3.83,0.0,0.0
4.0,5.0,3.83,3.83,3.83,3.83,0.0,0.0
4.0,4.0,3.83,3.83,3.83,3.83,0.0,0.0
4.0,3.0,3.76,3.9,3.76,3.83,6800.0,0.07000000000000028
4.0,2.0,3.86,3.86,3.86,3.86,2500.0,0.0
3.0,30.0,3.85,3.85,3.85,3.85,2500.0,0.0
3.0,29.0,3.82,3.84,3.78,3.78,12000.0,-0.040000000000000036
3.0,28.0,3.9,3.9,3.9,3.9,2500.0,0.0
3.0,27.0,3.88,3.88,3.88,3.88,0.0,0.0
3.0,26.0,3.88,3.88,3.88,3.88,2500.0,0.0
3.0,23.0,3.83,3.83,3.83,3.83,0.0,0.0
3.0,22.0,3.83,3.83,3.83,3.83,4500.0,0.0
3.0,21.0,3.95,3.95,3.95,3.95,2500.0,0.0
3.0,20.0,3.93,3.93,3.93,3.93,2500.0,0.0
3.0,19.0,4.18,4.18,4.18,4.18,0.0,0.0
3.0,16.0,4.18,4.18,4.18,4.18,2500.0,0.0
3.0,15.0,3.94,3.94,3.94,3.94,0.0,0.0
3.0,14.0,3.94,3.94,3.94,3.94,0.0,0.0
3.0,13.0,4.09,4.09,3.94,3.94,2600.0,-0.1499999999999999
3.0,12.0,3.95,3.95,3.95,3.95,2500.0,0.0
3.0,9.0,4.05,4.05,4.05,4.05,10000.0,0.0
3.0,8.0,4.08,4.15,4.08,4.15,13000.0,0.07000000000000028
3.0,7.0,3.96,4.04,3.83,3.94,10400.0,-0.020000000000000018
3.0,6.0,3.98,3.98,3.98,3.98,0.0,0.0
3.0,5.0,3.98,3.98,3.98,3.98,500.0,0.0
3.0,2.0,4.08,4.08,4.08,4.08,500.0,0.0
3.0,1.0,4.2,4.2,4.2,4.2,500.0,0.0
2.0,29.0,4.4,4.4,4.4,4.4,0.0,0.0
2.0,28.0,4.4,4.4,4.4,4.4,2000.0,0.0
2.0,27.0,4.55,4.55,4.55,4.55,0.0,0.0
2.0,24.0,4.55,4.55,4.55,4.55,0.0,0.0
2.0,23.0,4.55,4.55,4.55,4.55,0.0,0.0
2.0,22.0,4.55,4.55,4.55,4.55,900.0,0.0
2.0,21.0,4.5,4.5,4.5,4.5,700.0,0.0
2.0,17.0,4.24,4.4,4.24,4.4,800.0,0.16000000000000014
2.0,16.0,4.18,4.18,4.11,4.18,600.0,0.0
2.0,15.0,4.18,4.35,4.18,4.35,1000.0,0.16999999999999993
2.0,14.0,4.35,4.35,4.35,4.35,2500.0,0.0
2.0,13.0,4.39,4.4,4.39,4.39,800.0,0.0
2.0,10.0,4.53,4.53,4.53,4.53,1000.0,0.0
2.0,9.0,4.45,4.45,4.45,4.45,400.0,0.0
2.0,8.0,4.55,4.65,4.55,4.65,7200.0,0.10000000000000053
2.0,7.0,4.6,4.6,4.6,4.6,0.0,0.0
2.0,6.0,4.74,4.74,4.6,4.6,2500.0,-0.14000000000000057
2.0,3.0,4.3,4.3,4.3,4.3,0.0,0.0
2.0,2.0,4.3,4.3,4.3,4.3,800.0,0.0
2.0,1.0,4.25,4.25,4.25,4.25,0.0,0.0
1.0,31.0,4.25,4.25,4.25,4.25,0.0,0.0
1.0,30.0,4.32,4.32,4.25,4.25,1300.0,-0.07000000000000028
1.0,27.0,4.55,4.55,4.55,4.55,5900.0,0.0
1.0,26.0,4.5,4.5,4.5,4.5,500.0,0.0
1.0,25.0,4.38,4.38,4.33,4.33,1000.0,-0.04999999999999982
1.0,24.0,4.33,4.33,4.33,4.33,0.0,0.0
1.0,23.0,4.33,4.33,4.33,4.33,600.0,0.0
1.0,20.0,4.3,4.3,4.3,4.3,0.0,0.0
1.0,19.0,4.3,4.3,4.3,4.3,0.0,0.0
1.0,18.0,4.1,4.3,4.1,4.3,3500.0,0.20000000000000018
1.0,17.0,4.25,4.25,4.25,4.25,3500.0,0.0
