9.0,25.0,0.002,0.002,0.002,0.002,0.0,0.0
9.0,24.0,0.002,0.002,0.002,0.002,0.0,0.0
9.0,23.0,0.002,0.002,0.002,0.002,0.0,0.0
9.0,22.0,0.002,0.002,0.002,0.002,0.0,0.0
9.0,21.0,0.002,0.002,0.002,0.002,0.0,0.0
9.0,18.0,0.002,0.002,0.002,0.002,0.0,0.0
9.0,17.0,0.002,0.002,0.002,0.002,0.0,0.0
9.0,16.0,0.002,0.002,0.002,0.002,0.0,0.0
9.0,15.0,0.002,0.002,0.002,0.002,0.0,0.0
9.0,14.0,0.002,0.002,0.002,0.002,0.0,0.0
9.0,11.0,0.002,0.002,0.002,0.002,35000.0,0.0
9.0,10.0,0.0021,0.0021,0.0021,0.0021,0.0,0.0
9.0,9.0,0.0021,0.0021,0.0021,0.0021,0.0,0.0
9.0,8.0,0.0021,0.0021,0.0021,0.0021,0.0,0.0
9.0,7.0,0.0021,0.0021,0.0021,0.0021,0.0,0.0
9.0,4.0,0.0021,0.0021,0.0021,0.0021,0.0,0.0
9.0,3.0,0.0021,0.0021,0.0021,0.0021,0.0,0.0
9.0,2.0,0.0021,0.0021,0.0021,0.0021,0.0,0.0
9.0,1.0,0.0021,0.0021,0.0021,0.0021,0.0,0.0
8.0,31.0,0.0021,0.0021,0.0021,0.0021,0.0,0.0
8.0,28.0,0.0021,0.0021,0.0021,0.0021,0.0,0.0
8.0,27.0,0.0021,0.0021,0.0021,0.0021,0.0,0.0
8.0,26.0,0.0021,0.0021,0.0021,0.0021,0.0,0.0
8.0,25.0,0.0021,0.0021,0.0021,0.0021,10000.0,0.0
8.0,24.0,0.00253,0.00253,0.00253,0.00253,0.0,0.0
8.0,21.0,0.0021,0.00253,0.0021,0.00253,26400.0,4.3000000000000026E-4
8.0,20.0,0.0021,0.0021,0.0021,0.0021,0.0,0.0
8.0,19.0,0.0021,0.0021,0.0021,0.0021,0.0,0.0
8.0,18.0,0.0021,0.0021,0.0021,0.0021,0.0,0.0
8.0,17.0,0.0021,0.0021,0.0021,0.0021,0.0,0.0
8.0,14.0,0.0021,0.0021,0.0021,0.0021,0.0,0.0
8.0,13.0,0.0021,0.0021,0.0021,0.0021,0.0,0.0
8.0,12.0,0.0021,0.0021,0.0021,0.0021,100.0,0.0
8.0,11.0,0.0021,0.0021,0.0021,0.0021,0.0,0.0
8.0,10.0,0.0021,0.0021,0.0021,0.0021,0.0,0.0
8.0,7.0,0.0021,0.0021,0.0021,0.0021,0.0,0.0
8.0,6.0,0.0021,0.0021,0.0021,0.0021,500.0,0.0
8.0,5.0,0.0021,0.0021,0.0021,0.0021,0.0,0.0
8.0,4.0,0.0021,0.0021,0.0021,0.0021,100.0,0.0
8.0,3.0,0.0021,0.0021,0.0021,0.0021,0.0,0.0
7.0,31.0,0.0021,0.0021,0.0021,0.0021,0.0,0.0
7.0,30.0,0.0021,0.0021,0.0021,0.0021,300.0,0.0
7.0,29.0,0.0021,0.0021,0.0021,0.0021,0.0,0.0
7.0,28.0,0.0021,0.0021,0.0021,0.0021,0.0,0.0
7.0,27.0,0.0021,0.0021,0.0021,0.0021,300.0,0.0
7.0,24.0,0.0021,0.0021,0.0021,0.0021,0.0,0.0
7.0,23.0,0.0021,0.0021,0.0021,0.0021,0.0,0.0
7.0,22.0,0.0021,0.0021,0.0021,0.0021,0.0,0.0
7.0,21.0,0.0021,0.0021,0.0021,0.0021,0.0,0.0
7.0,20.0,0.0021,0.0021,0.0021,0.0021,0.0,0.0
7.0,17.0,0.0021,0.0021,0.0021,0.0021,0.0,0.0
7.0,16.0,0.0021,0.0021,0.0021,0.0021,0.0,0.0
7.0,15.0,0.0021,0.0021,0.0021,0.0021,0.0,0.0
7.0,14.0,0.0021,0.0021,0.0021,0.0021,0.0,0.0
7.0,13.0,0.0021,0.0021,0.0021,0.0021,0.0,0.0
7.0,10.0,0.0021,0.0021,0.0021,0.0021,0.0,0.0
7.0,9.0,0.0021,0.0021,0.0021,0.0021,0.0,0.0
7.0,8.0,0.0021,0.0021,0.0021,0.0021,0.0,0.0
7.0,7.0,0.0021,0.0021,0.0021,0.0021,0.0,0.0
7.0,6.0,0.0021,0.0021,0.0021,0.0021,0.0,0.0
7.0,3.0,0.0021,0.0021,0.0021,0.0021,0.0,0.0
7.0,2.0,0.0021,0.0021,0.0021,0.0021,0.0,0.0
7.0,1.0,0.0021,0.0021,0.0021,0.0021,0.0,0.0
6.0,30.0,0.00286,0.00286,0.0021,0.0021,1000.0,-7.600000000000003E-4
6.0,29.0,0.0021,0.0021,0.0021,0.0021,0.0,0.0
6.0,26.0,0.0021,0.0021,0.0021,0.0021,0.0,0.0
6.0,25.0,0.0021,0.0021,0.0021,0.0021,0.0,0.0
6.0,24.0,0.0021,0.0021,0.0021,0.0021,0.0,0.0
6.0,23.0,0.0021,0.0021,0.0021,0.0021,2000.0,0.0
6.0,22.0,0.0021,0.0021,0.0021,0.0021,0.0,0.0
6.0,19.0,0.0021,0.0021,0.0021,0.0021,1100.0,0.0
6.0,18.0,0.003,0.003,0.003,0.003,0.0,0.0
6.0,17.0,0.003,0.003,0.003,0.003,0.0,0.0
6.0,16.0,0.003,0.003,0.003,0.003,0.0,0.0
6.0,15.0,0.003,0.003,0.003,0.003,30500.0,0.0
6.0,12.0,0.003,0.003,0.003,0.003,0.0,0.0
6.0,11.0,0.003,0.003,0.003,0.003,0.0,0.0
6.0,10.0,0.003,0.003,0.003,0.003,0.0,0.0
6.0,9.0,0.003,0.003,0.003,0.003,0.0,0.0
6.0,8.0,0.003,0.003,0.003,0.003,0.0,0.0
6.0,5.0,0.003,0.003,0.003,0.003,0.0,0.0
6.0,4.0,0.003,0.003,0.003,0.003,0.0,0.0
6.0,3.0,0.003,0.003,0.003,0.003,0.0,0.0
6.0,2.0,0.003,0.003,0.003,0.003,2800.0,0.0
6.0,1.0,0.003,0.003,0.003,0.003,100.0,0.0
5.0,29.0,0.003,0.003,0.003,0.003,0.0,0.0
5.0,28.0,0.003,0.003,0.003,0.003,0.0,0.0
5.0,27.0,0.003,0.003,0.003,0.003,0.0,0.0
5.0,26.0,0.003,0.003,0.003,0.003,0.0,0.0
5.0,25.0,0.003,0.003,0.003,0.003,0.0,0.0
5.0,22.0,0.003,0.003,0.003,0.003,0.0,0.0
5.0,21.0,0.003,0.003,0.003,0.003,0.0,0.0
5.0,20.0,0.003,0.003,0.003,0.003,0.0,0.0
5.0,19.0,0.003,0.003,0.003,0.003,1400.0,0.0
5.0,18.0,0.003,0.003,0.003,0.003,1500.0,0.0
5.0,15.0,0.003,0.003,0.003,0.003,0.0,0.0
5.0,14.0,0.003,0.003,0.003,0.003,100.0,0.0
5.0,13.0,0.003,0.003,0.003,0.003,0.0,0.0
5.0,12.0,0.003,0.003,0.003,0.003,0.0,0.0
5.0,11.0,0.003,0.003,0.003,0.003,12600.0,0.0
5.0,8.0,0.003,0.003,0.003,0.003,200.0,0.0
5.0,7.0,0.003,0.003,0.003,0.003,0.0,0.0
5.0,6.0,0.003,0.003,0.003,0.003,500.0,0.0
5.0,5.0,0.003,0.003,0.003,0.003,0.0,0.0
5.0,4.0,0.003,0.003,0.003,0.003,0.0,0.0
5.0,1.0,0.003,0.003,0.003,0.003,0.0,0.0
4.0,30.0,0.003,0.003,0.003,0.003,0.0,0.0
4.0,29.0,0.003,0.003,0.003,0.003,0.0,0.0
4.0,28.0,0.003,0.003,0.003,0.003,0.0,0.0
4.0,27.0,0.003,0.003,0.003,0.003,0.0,0.0
4.0,24.0,0.003,0.003,0.003,0.003,0.0,0.0
4.0,23.0,0.003,0.003,0.003,0.003,100.0,0.0
4.0,22.0,0.003,0.003,0.003,0.003,700.0,0.0
4.0,21.0,0.003,0.003,0.003,0.003,0.0,0.0
4.0,20.0,0.003,0.003,0.003,0.003,3600.0,0.0
4.0,17.0,0.003,0.003,0.003,0.003,0.0,0.0
4.0,16.0,0.003,0.003,0.003,0.003,0.0,0.0
4.0,15.0,0.003,0.003,0.003,0.003,1200.0,0.0
4.0,14.0,0.003,0.003,0.003,0.003,1000.0,0.0
4.0,13.0,0.003,0.003,0.003,0.003,0.0,0.0
4.0,10.0,0.003,0.003,0.003,0.003,0.0,0.0
4.0,9.0,0.003,0.003,0.003,0.003,0.0,0.0
4.0,8.0,0.003,0.003,0.003,0.003,0.0,0.0
4.0,7.0,0.003,0.003,0.003,0.003,0.0,0.0
4.0,6.0,0.003,0.003,0.003,0.003,2000.0,0.0
4.0,3.0,0.004,0.004,0.004,0.004,0.0,0.0
4.0,2.0,0.004,0.004,0.004,0.004,200.0,0.0
4.0,1.0,0.003,0.003,0.003,0.003,100.0,0.0
3.0,31.0,0.004,0.004,0.004,0.004,0.0,0.0
3.0,30.0,0.003,0.004,0.004,0.004,3000.0,0.001
3.0,27.0,0.003,0.003,0.003,0.003,0.0,0.0
3.0,26.0,0.003,0.003,0.003,0.003,0.0,0.0
3.0,25.0,0.003,0.003,0.003,0.003,0.0,0.0
3.0,24.0,0.003,0.003,0.003,0.003,0.0,0.0
3.0,23.0,0.003,0.003,0.003,0.003,0.0,0.0
3.0,20.0,0.003,0.003,0.003,0.003,0.0,0.0
3.0,19.0,0.003,0.003,0.003,0.003,0.0,0.0
3.0,18.0,0.003,0.003,0.003,0.003,0.0,0.0
3.0,17.0,0.003,0.003,0.003,0.003,0.0,0.0
3.0,16.0,0.003,0.003,0.003,0.003,9100.0,0.0
3.0,13.0,0.003,0.003,0.003,0.003,0.0,0.0
3.0,12.0,0.003,0.003,0.003,0.003,0.0,0.0
3.0,11.0,0.003,0.003,0.003,0.003,0.0,0.0
3.0,10.0,0.003,0.003,0.003,0.003,0.0,0.0
3.0,9.0,0.003,0.003,0.003,0.003,0.0,0.0
3.0,6.0,0.003,0.003,0.003,0.003,0.0,0.0
3.0,5.0,0.003,0.003,0.003,0.003,0.0,0.0
3.0,4.0,0.003,0.003,0.003,0.003,0.0,0.0
3.0,3.0,0.003,0.003,0.003,0.003,0.0,0.0
3.0,2.0,0.003,0.003,0.003,0.003,0.0,0.0
2.0,27.0,0.003,0.003,0.003,0.003,200.0,0.0
2.0,26.0,0.0031,0.0031,0.0031,0.0031,0.0,0.0
2.0,25.0,0.0031,0.0031,0.0031,0.0031,0.0,0.0
2.0,24.0,0.0031,0.0031,0.0031,0.0031,0.0,0.0
2.0,23.0,0.0031,0.0031,0.0031,0.0031,0.0,0.0
2.0,20.0,0.0031,0.0031,0.0031,0.0031,0.0,0.0
2.0,19.0,0.0031,0.0031,0.0031,0.0031,0.0,0.0
2.0,18.0,0.0031,0.0031,0.0031,0.0031,0.0,0.0
2.0,17.0,0.0031,0.0031,0.0031,0.0031,0.0,0.0
2.0,16.0,0.0031,0.0031,0.0031,0.0031,0.0,0.0
2.0,13.0,0.0031,0.0031,0.0031,0.0031,0.0,0.0
2.0,12.0,0.0031,0.0031,0.0031,0.0031,0.0,0.0
2.0,11.0,0.0031,0.0031,0.0031,0.0031,0.0,0.0
2.0,10.0,0.0031,0.0031,0.0031,0.0031,400.0,0.0
2.0,9.0,0.003,0.003,0.003,0.003,0.0,0.0
2.0,6.0,0.003,0.003,0.003,0.003,0.0,0.0
2.0,5.0,0.003,0.003,0.003,0.003,0.0,0.0
2.0,4.0,0.003,0.003,0.003,0.003,0.0,0.0
2.0,3.0,0.003,0.003,0.003,0.003,0.0,0.0
2.0,2.0,0.003,0.003,0.003,0.003,0.0,0.0
1.0,30.0,0.003,0.003,0.003,0.003,500.0,0.0
1.0,29.0,0.003,0.003,0.003,0.003,0.0,0.0
1.0,28.0,0.003,0.003,0.003,0.003,200.0,0.0
1.0,27.0,0.002,0.002,0.002,0.002,0.0,0.0
1.0,26.0,0.002,0.002,0.002,0.002,0.0,0.0
1.0,23.0,0.002,0.002,0.002,0.002,0.0,0.0
1.0,22.0,0.002,0.002,0.002,0.002,0.0,0.0
1.0,21.0,0.002,0.002,0.002,0.002,0.0,0.0
1.0,20.0,0.002,0.002,0.002,0.002,0.0,0.0
1.0,19.0,0.002,0.002,0.002,0.002,0.0,0.0
1.0,16.0,0.002,0.002,0.002,0.002,0.0,0.0
1.0,15.0,0.002,0.002,0.002,0.002,0.0,0.0
1.0,14.0,0.002,0.002,0.002,0.002,0.0,0.0
1.0,13.0,0.002,0.002,0.002,0.002,6000.0,0.0
1.0,12.0,0.0129,0.0129,0.0129,0.0129,40000.0,0.0
1.0,9.0,0.0025,0.0025,0.0025,0.0025,0.0,0.0
1.0,8.0,0.0025,0.0025,0.0025,0.0025,0.0,0.0
1.0,7.0,0.0025,0.0025,0.0025,0.0025,0.0,0.0
1.0,6.0,0.0025,0.0025,0.0025,0.0025,0.0,0.0
1.0,5.0,0.0025,0.0025,0.0025,0.0025,0.0,0.0
1.0,2.0,0.0025,0.0025,0.0025,0.0025,0.0,0.0
1.0,1.0,0.0025,0.0025,0.0025,0.0025,0.0,0.0
12.0,31.0,0.0025,0.0025,0.0025,0.0025,6400.0,0.0
12.0,30.0,0.0025,0.0025,0.0025,0.0025,2000.0,0.0
12.0,29.0,0.0025,0.0025,0.0025,0.0025,100.0,0.0
12.0,26.0,0.0025,0.0025,0.0025,0.0025,10400.0,0.0
12.0,25.0,0.0025,0.0025,0.0025,0.0025,0.0,0.0
12.0,24.0,0.0025,0.0025,0.0025,0.0025,100.0,0.0
12.0,23.0,0.0031,0.0031,0.0025,0.0025,2100.0,-5.999999999999998E-4
12.0,22.0,0.003,0.003,0.003,0.003,100.0,0.0
12.0,19.0,0.00497,0.00497,0.003,0.003,7000.0,-0.0019699999999999995
12.0,18.0,0.003,0.003,0.003,0.003,0.0,0.0
12.0,17.0,0.003,0.003,0.003,0.003,0.0,0.0
12.0,16.0,0.003,0.003,0.003,0.003,0.0,0.0
12.0,15.0,0.003,0.003,0.003,0.003,0.0,0.0
12.0,12.0,0.00497,0.00497,0.003,0.003,6500.0,-0.0019699999999999995
12.0,11.0,0.003,0.003,0.003,0.003,0.0,0.0
12.0,10.0,0.003,0.003,0.003,0.003,2000.0,0.0
12.0,9.0,0.003,0.003,0.003,0.003,0.0,0.0
12.0,8.0,0.003,0.003,0.003,0.003,0.0,0.0
12.0,5.0,0.003,0.003,0.003,0.003,15000.0,0.0
12.0,4.0,0.003,0.003,0.003,0.003,300.0,0.0
12.0,3.0,0.003,0.003,0.003,0.003,200.0,0.0
12.0,2.0,0.003,0.003,0.003,0.003,10000.0,0.0
12.0,1.0,0.001,0.004,0.001,0.004,209100.0,0.003
11.0,28.0,0.004,0.004,0.004,0.004,0.0,0.0
11.0,27.0,0.004,0.004,0.004,0.004,0.0,0.0
11.0,26.0,0.01117,0.01117,0.004,0.004,18200.0,-0.007169999999999999
11.0,25.0,0.009,0.009,0.009,0.009,0.0,0.0
11.0,24.0,0.009,0.009,0.009,0.009,0.0,0.0
11.0,21.0,0.009,0.009,0.009,0.009,0.0,0.0
11.0,20.0,0.009,0.009,0.009,0.009,0.0,0.0
11.0,19.0,0.009,0.009,0.009,0.009,0.0,0.0
11.0,18.0,0.009,0.009,0.009,0.009,0.0,0.0
11.0,17.0,0.009,0.009,0.009,0.009,0.0,0.0
11.0,14.0,0.009,0.009,0.009,0.009,0.0,0.0
11.0,13.0,0.009,0.009,0.009,0.009,0.0,0.0
11.0,12.0,0.009,0.009,0.009,0.009,1000.0,0.0
11.0,11.0,0.009,0.009,0.009,0.009,300.0,0.0
11.0,10.0,0.01,0.01,0.01,0.01,0.0,0.0
11.0,7.0,0.01,0.01,0.01,0.01,0.0,0.0
11.0,6.0,0.01,0.01,0.01,0.01,0.0,0.0
11.0,5.0,0.009,0.01,0.009,0.01,300.0,0.0010000000000000009
11.0,4.0,0.009,0.009,0.009,0.009,0.0,0.0
11.0,3.0,0.009,0.009,0.009,0.009,1000.0,0.0
10.0,31.0,0.009,0.009,0.009,0.009,1100.0,0.0
10.0,30.0,0.009,0.009,0.009,0.009,0.0,0.0
10.0,29.0,0.009,0.009,0.009,0.009,0.0,0.0
10.0,28.0,0.009,0.009,0.009,0.009,0.0,0.0
10.0,27.0,0.009,0.009,0.009,0.009,0.0,0.0
10.0,24.0,0.009,0.009,0.009,0.009,0.0,0.0
10.0,23.0,0.009,0.009,0.009,0.009,10200.0,0.0
10.0,22.0,0.006,0.006,0.006,0.006,0.0,0.0
10.0,21.0,0.006,0.006,0.006,0.006,0.0,0.0
10.0,20.0,0.006,0.006,0.006,0.006,0.0,0.0
10.0,17.0,0.006,0.006,0.006,0.006,0.0,0.0
10.0,16.0,0.006,0.006,0.006,0.006,0.0,0.0
10.0,15.0,0.006,0.006,0.006,0.006,0.0,0.0
10.0,14.0,0.006,0.006,0.006,0.006,0.0,0.0
10.0,13.0,0.006,0.006,0.006,0.006,100.0,0.0
10.0,10.0,0.006,0.006,0.006,0.006,0.0,0.0
10.0,9.0,0.006,0.006,0.006,0.006,0.0,0.0
10.0,8.0,0.006,0.006,0.006,0.006,0.0,0.0
10.0,7.0,0.006,0.006,0.006,0.006,5200.0,0.0
10.0,6.0,0.006,0.006,0.006,0.006,0.0,0.0
10.0,3.0,0.006,0.006,0.006,0.006,0.0,0.0
10.0,2.0,0.006,0.006,0.006,0.006,0.0,0.0
10.0,1.0,0.006,0.006,0.006,0.006,0.0,0.0
9.0,30.0,0.006,0.006,0.006,0.006,300.0,0.0
9.0,29.0,0.005,0.005,0.005,0.005,0.0,0.0
9.0,26.0,0.01,0.01,0.005,0.005,63100.0,-0.005
9.0,25.0,0.01,0.01,0.01,0.01,0.0,0.0
9.0,24.0,0.01,0.01,0.01,0.01,0.0,0.0
9.0,23.0,0.01,0.01,0.01,0.01,0.0,0.0
9.0,22.0,0.01,0.01,0.01,0.01,0.0,0.0
9.0,19.0,0.01,0.01,0.01,0.01,0.0,0.0
9.0,18.0,0.01,0.01,0.01,0.01,0.0,0.0
9.0,17.0,0.01,0.01,0.01,0.01,0.0,0.0
9.0,16.0,0.01,0.01,0.01,0.01,13000.0,0.0
9.0,15.0,0.01,0.01,0.01,0.01,0.0,0.0
9.0,12.0,0.01,0.01,0.01,0.01,5000.0,0.0
9.0,11.0,0.0101,0.0101,0.0101,0.0101,0.0,0.0
9.0,10.0,0.0101,0.0101,0.0101,0.0101,200.0,0.0
9.0,9.0,0.01,0.01,0.01,0.01,0.0,0.0
9.0,8.0,0.01,0.01,0.01,0.01,10000.0,0.0
9.0,5.0,0.01,0.01,0.01,0.01,600.0,0.0
9.0,4.0,0.0101,0.0101,0.0101,0.0101,0.0,0.0
9.0,3.0,0.0101,0.0101,0.0101,0.0101,300.0,0.0
9.0,2.0,0.01,0.01,0.01,0.01,0.0,0.0
9.0,1.0,0.01,0.01,0.01,0.01,0.0,0.0
8.0,29.0,0.01,0.01,0.01,0.01,0.0,0.0
8.0,28.0,0.01,0.01,0.01,0.01,0.0,0.0
8.0,27.0,0.01,0.01,0.01,0.01,0.0,0.0
8.0,26.0,0.01,0.01,0.01,0.01,5600.0,0.0
8.0,25.0,0.01,0.01,0.01,0.01,0.0,0.0
8.0,22.0,0.01,0.01,0.01,0.01,0.0,0.0
8.0,21.0,0.01,0.01,0.01,0.01,0.0,0.0
8.0,20.0,0.01,0.01,0.01,0.01,0.0,0.0
8.0,19.0,0.01,0.01,0.01,0.01,0.0,0.0
8.0,18.0,0.01,0.01,0.01,0.01,0.0,0.0
8.0,15.0,0.01,0.01,0.01,0.01,0.0,0.0
8.0,14.0,0.01,0.01,0.01,0.01,0.0,0.0
8.0,13.0,0.01,0.01,0.01,0.01,0.0,0.0
8.0,12.0,0.01,0.01,0.01,0.01,0.0,0.0
8.0,11.0,0.01,0.01,0.01,0.01,0.0,0.0
8.0,8.0,0.01,0.01,0.01,0.01,400.0,0.0
8.0,7.0,0.01,0.01,0.01,0.01,0.0,0.0
8.0,6.0,0.01,0.01,0.01,0.01,0.0,0.0
8.0,5.0,0.01,0.01,0.01,0.01,0.0,0.0
8.0,4.0,0.01,0.01,0.01,0.01,0.0,0.0
8.0,1.0,0.01,0.01,0.01,0.01,0.0,0.0
7.0,31.0,0.01,0.01,0.01,0.01,0.0,0.0
7.0,30.0,0.01,0.01,0.01,0.01,0.0,0.0
7.0,29.0,0.01,0.01,0.01,0.01,0.0,0.0
7.0,28.0,0.01,0.01,0.01,0.01,0.0,0.0
7.0,25.0,0.01,0.01,0.01,0.01,1000.0,0.0
7.0,24.0,0.01,0.01,0.01,0.01,0.0,0.0
7.0,23.0,0.01,0.01,0.01,0.01,0.0,0.0
7.0,22.0,0.01,0.01,0.01,0.01,0.0,0.0
7.0,21.0,0.01,0.01,0.01,0.01,0.0,0.0
7.0,18.0,0.01,0.01,0.01,0.01,0.0,0.0
7.0,17.0,0.01,0.01,0.01,0.01,0.0,0.0
7.0,16.0,0.01,0.01,0.01,0.01,5000.0,0.0
7.0,15.0,0.01,0.01,0.01,0.01,0.0,0.0
7.0,14.0,0.01,0.01,0.01,0.01,100.0,0.0
7.0,11.0,0.01,0.01,0.01,0.01,0.0,0.0
7.0,10.0,0.01,0.01,0.01,0.01,200.0,0.0
7.0,9.0,0.01,0.01,0.01,0.01,0.0,0.0
7.0,8.0,0.01,0.01,0.01,0.01,0.0,0.0
7.0,7.0,0.01,0.01,0.01,0.01,300.0,0.0
7.0,4.0,0.01,0.01,0.01,0.01,0.0,0.0
7.0,3.0,0.01,0.01,0.01,0.01,0.0,0.0
7.0,2.0,0.01,0.01,0.01,0.01,100.0,0.0
7.0,1.0,0.01,0.01,0.01,0.01,2000.0,0.0
6.0,30.0,0.01,0.01,0.01,0.01,7500.0,0.0
6.0,27.0,0.01,0.01,0.01,0.01,400.0,0.0
6.0,26.0,0.01,0.01,0.01,0.01,0.0,0.0
6.0,25.0,0.01,0.01,0.01,0.01,0.0,0.0
6.0,24.0,0.01,0.01,0.01,0.01,0.0,0.0
6.0,23.0,0.01,0.01,0.01,0.01,0.0,0.0
6.0,20.0,0.01,0.01,0.01,0.01,0.0,0.0
6.0,19.0,0.01,0.01,0.01,0.01,0.0,0.0
6.0,18.0,0.01,0.01,0.01,0.01,900.0,0.0
6.0,17.0,0.01,0.01,0.01,0.01,0.0,0.0
6.0,16.0,0.01,0.01,0.01,0.01,2500.0,0.0
6.0,13.0,0.01,0.01,0.01,0.01,300.0,0.0
6.0,12.0,0.01,0.01,0.01,0.01,0.0,0.0
6.0,11.0,0.01,0.01,0.01,0.01,300.0,0.0
6.0,10.0,0.01,0.01,0.01,0.01,0.0,0.0
6.0,9.0,0.01,0.01,0.01,0.01,0.0,0.0
6.0,6.0,0.01,0.01,0.01,0.01,10000.0,0.0
6.0,5.0,0.01,0.01,0.01,0.01,0.0,0.0
6.0,4.0,0.01,0.01,0.01,0.01,0.0,0.0
6.0,3.0,0.01,0.01,0.01,0.01,0.0,0.0
6.0,2.0,0.01,0.01,0.01,0.01,0.0,0.0
5.0,30.0,0.01,0.01,0.01,0.01,0.0,0.0
5.0,29.0,0.01,0.01,0.01,0.01,0.0,0.0
5.0,28.0,0.01,0.01,0.01,0.01,0.0,0.0
5.0,27.0,0.01,0.01,0.01,0.01,0.0,0.0
5.0,26.0,0.01,0.01,0.01,0.01,0.0,0.0
5.0,23.0,0.01,0.01,0.01,0.01,0.0,0.0
5.0,22.0,0.01,0.01,0.01,0.01,0.0,0.0
5.0,21.0,0.0114,0.0114,0.01,0.01,11000.0,-0.0014000000000000002
5.0,20.0,0.0114,0.0114,0.0114,0.0114,0.0,0.0
5.0,19.0,0.0114,0.0114,0.0114,0.0114,200.0,0.0
5.0,16.0,0.0114,0.0114,0.0114,0.0114,2000.0,0.0
5.0,15.0,0.0114,0.0114,0.0114,0.0114,0.0,0.0
5.0,14.0,0.0114,0.0114,0.0114,0.0114,0.0,0.0
5.0,13.0,0.0114,0.0114,0.0114,0.0114,0.0,0.0
5.0,12.0,0.0114,0.0114,0.0114,0.0114,0.0,0.0
5.0,9.0,0.0114,0.0114,0.0114,0.0114,0.0,0.0
5.0,8.0,0.0114,0.0114,0.0114,0.0114,0.0,0.0
5.0,7.0,0.0114,0.0114,0.0114,0.0114,0.0,0.0
5.0,6.0,0.0114,0.0114,0.0114,0.0114,0.0,0.0
5.0,5.0,0.0114,0.0114,0.0114,0.0114,400.0,0.0
5.0,2.0,0.02,0.02,0.02,0.02,20000.0,0.0
5.0,1.0,0.014,0.014,0.014,0.014,0.0,0.0
4.0,30.0,0.014,0.014,0.014,0.014,0.0,0.0
4.0,29.0,0.014,0.014,0.014,0.014,0.0,0.0
4.0,28.0,0.0114,0.014,0.0114,0.014,17000.0,0.0026
4.0,25.0,0.0114,0.0114,0.0114,0.0114,800.0,0.0
4.0,24.0,0.014,0.014,0.014,0.014,0.0,0.0
4.0,23.0,0.014,0.014,0.014,0.014,0.0,0.0
4.0,22.0,0.014,0.014,0.014,0.014,0.0,0.0
4.0,21.0,0.014,0.014,0.014,0.014,20000.0,0.0
4.0,18.0,0.0114,0.0114,0.0114,0.0114,0.0,0.0
4.0,17.0,0.0114,0.0114,0.0114,0.0114,0.0,0.0
4.0,16.0,0.0114,0.0114,0.0114,0.0114,300.0,0.0
4.0,15.0,0.0114,0.0114,0.0114,0.0114,0.0,0.0
4.0,14.0,0.0114,0.0114,0.0114,0.0114,0.0,0.0
4.0,11.0,0.0114,0.0114,0.0114,0.0114,8100.0,0.0
4.0,10.0,0.0114,0.0114,0.0114,0.0114,200.0,0.0
4.0,9.0,0.015,0.015,0.015,0.015,100.0,0.0
4.0,8.0,0.015,0.015,0.015,0.015,0.0,0.0
4.0,7.0,0.0114,0.015,0.0114,0.015,21000.0,0.003599999999999999
4.0,4.0,0.0114,0.0114,0.0114,0.0114,0.0,0.0
4.0,3.0,0.0114,0.0114,0.0114,0.0114,7000.0,0.0
4.0,2.0,0.0114,0.0114,0.0114,0.0114,0.0,0.0
4.0,1.0,0.0114,0.0114,0.0114,0.0114,0.0,0.0
3.0,31.0,0.0114,0.0114,0.0114,0.0114,50000.0,0.0
3.0,28.0,0.0114,0.0114,0.0114,0.0114,0.0,0.0
3.0,27.0,0.0114,0.0114,0.0114,0.0114,9100.0,0.0
3.0,26.0,0.0114,0.0114,0.0114,0.0114,0.0,0.0
3.0,25.0,0.012,0.012,0.0114,0.0114,106900.0,-5.999999999999998E-4
3.0,24.0,0.012,0.012,0.012,0.012,0.0,0.0
3.0,21.0,0.012,0.012,0.012,0.012,0.0,0.0
3.0,20.0,0.012,0.012,0.012,0.012,0.0,0.0
3.0,19.0,0.012,0.012,0.012,0.012,5000.0,0.0
3.0,18.0,0.012,0.012,0.012,0.012,0.0,0.0
3.0,17.0,0.012,0.012,0.012,0.012,0.0,0.0
3.0,14.0,0.012,0.012,0.012,0.012,0.0,0.0
3.0,13.0,0.012,0.012,0.012,0.012,0.0,0.0
3.0,12.0,0.012,0.012,0.012,0.012,0.0,0.0
3.0,11.0,0.012,0.012,0.012,0.012,12000.0,0.0
3.0,10.0,0.02,0.02,0.012,0.012,4000.0,-0.008
3.0,7.0,0.012,0.012,0.012,0.012,3500.0,0.0
3.0,6.0,0.012,0.012,0.012,0.012,0.0,0.0
3.0,5.0,0.012,0.012,0.012,0.012,5800.0,0.0
3.0,4.0,0.012,0.012,0.012,0.012,0.0,0.0
3.0,3.0,0.012,0.012,0.012,0.012,14300.0,0.0
2.0,28.0,0.012,0.012,0.012,0.012,7600.0,0.0
2.0,27.0,0.013,0.013,0.012,0.012,13000.0,-9.999999999999992E-4
2.0,26.0,0.013,0.013,0.013,0.013,200.0,0.0
2.0,25.0,0.02,0.02,0.02,0.02,0.0,0.0
2.0,24.0,0.02,0.02,0.02,0.02,0.0,0.0
2.0,21.0,0.02,0.02,0.02,0.02,300.0,0.0
2.0,20.0,0.011,0.011,0.011,0.011,0.0,0.0
2.0,19.0,0.011,0.011,0.011,0.011,0.0,0.0
2.0,18.0,0.011,0.011,0.011,0.011,500.0,0.0
2.0,17.0,0.011,0.011,0.011,0.011,0.0,0.0
2.0,14.0,0.011,0.011,0.011,0.011,200.0,0.0
2.0,13.0,0.029,0.029,0.029,0.029,0.0,0.0
2.0,12.0,0.029,0.029,0.029,0.029,12600.0,0.0
2.0,11.0,0.0098,0.0098,0.0098,0.0098,9000.0,0.0
2.0,10.0,0.0098,0.0098,0.0098,0.0098,300.0,0.0
2.0,7.0,0.015,0.015,0.015,0.015,0.0,0.0
2.0,6.0,0.015,0.015,0.015,0.015,0.0,0.0
2.0,5.0,0.015,0.015,0.015,0.015,12700.0,0.0
2.0,4.0,0.015,0.015,0.015,0.015,20000.0,0.0
2.0,3.0,0.029,0.029,0.02,0.02,10000.0,-0.009000000000000001
1.0,31.0,0.029,0.029,0.029,0.029,0.0,0.0
1.0,30.0,0.029,0.029,0.029,0.029,0.0,0.0
1.0,29.0,0.029,0.029,0.029,0.029,10000.0,0.0
1.0,28.0,0.02,0.02,0.02,0.02,139000.0,0.0
1.0,27.0,0.02,0.02,0.02,0.02,0.0,0.0
1.0,24.0,0.02,0.02,0.02,0.02,0.0,0.0
1.0,23.0,0.02,0.02,0.02,0.02,0.0,0.0
1.0,22.0,0.02,0.02,0.02,0.02,0.0,0.0
1.0,21.0,0.02,0.02,0.02,0.02,0.0,0.0
1.0,20.0,0.02,0.02,0.02,0.02,0.0,0.0
1.0,17.0,0.02,0.02,0.02,0.02,0.0,0.0
1.0,16.0,0.02,0.02,0.02,0.02,0.0,0.0
1.0,15.0,0.02,0.02,0.02,0.02,0.0,0.0
1.0,14.0,0.02,0.02,0.02,0.02,0.0,0.0
1.0,13.0,0.02,0.02,0.02,0.02,0.0,0.0
1.0,10.0,0.02,0.02,0.02,0.02,0.0,0.0
1.0,9.0,0.02,0.02,0.02,0.02,0.0,0.0
1.0,8.0,0.02,0.02,0.02,0.02,0.0,0.0
1.0,7.0,0.02,0.02,0.02,0.02,3400.0,0.0
1.0,6.0,0.03,0.03,0.03,0.03,600.0,0.0
1.0,3.0,0.011,0.03,0.011,0.03,23000.0,0.019
1.0,2.0,0.014,0.014,0.014,0.014,0.0,0.0
1.0,1.0,0.014,0.014,0.014,0.014,0.0,0.0
12.0,31.0,0.012,0.014,0.012,0.014,8000.0,0.002
12.0,30.0,0.013,0.03,0.013,0.03,16600.0,0.017
12.0,27.0,0.021,0.021,0.021,0.021,200.0,0.0
12.0,26.0,0.012,0.021,0.012,0.021,258000.0,0.009000000000000001
12.0,25.0,0.0126,0.0126,0.0126,0.0126,0.0,0.0
12.0,24.0,0.012,0.013,0.012,0.0126,32000.0,5.999999999999998E-4
12.0,23.0,0.0125,0.0125,0.012,0.0125,155700.0,0.0
12.0,20.0,0.0125,0.0125,0.0125,0.0125,500.0,0.0
12.0,19.0,0.0125,0.0125,0.0125,0.0125,200.0,0.0
12.0,18.0,0.015,0.015,0.015,0.015,14000.0,0.0
12.0,17.0,0.03,0.03,0.03,0.03,0.0,0.0
12.0,16.0,0.012,0.031,0.012,0.03,51000.0,0.018
12.0,13.0,0.0123,0.0123,0.0123,0.0123,0.0,0.0
12.0,12.0,0.012,0.035,0.012,0.0123,11200.0,2.999999999999999E-4
12.0,11.0,0.0123,0.0123,0.0123,0.0123,0.0,0.0
12.0,10.0,0.0125,0.0125,0.0123,0.0123,5700.0,-2.0000000000000052E-4
12.0,9.0,0.0125,0.0125,0.0125,0.0125,0.0,0.0
12.0,6.0,0.0125,0.0125,0.0125,0.0125,10800.0,0.0
12.0,5.0,0.0125,0.0125,0.0125,0.0125,1000.0,0.0
12.0,4.0,0.0125,0.0125,0.0125,0.0125,700.0,0.0
12.0,3.0,0.0122,0.0122,0.0122,0.0122,0.0,0.0
12.0,2.0,0.0122,0.0122,0.0122,0.0122,0.0,0.0
11.0,29.0,0.0122,0.0122,0.0122,0.0122,0.0,0.0
11.0,28.0,0.0122,0.0122,0.0122,0.0122,0.0,0.0
11.0,27.0,0.0122,0.0122,0.0122,0.0122,0.0,0.0
11.0,26.0,0.0122,0.0122,0.0122,0.0122,0.0,0.0
11.0,25.0,0.0122,0.0122,0.0122,0.0122,900.0,0.0
11.0,22.0,0.02,0.03,0.02,0.025,60500.0,0.005000000000000001
11.0,21.0,0.03,0.03,0.03,0.03,10000.0,0.0
11.0,20.0,0.03,0.03,0.03,0.03,500.0,0.0
11.0,19.0,0.03,0.03,0.025,0.025,25800.0,-0.0049999999999999975
11.0,18.0,0.02,0.03,0.02,0.02,45400.0,0.0
11.0,15.0,0.0122,0.0122,0.0122,0.0122,300.0,0.0
11.0,14.0,0.012,0.012,0.012,0.012,0.0,0.0
11.0,13.0,0.012,0.012,0.012,0.012,200.0,0.0
11.0,12.0,0.012,0.012,0.012,0.012,700.0,0.0
11.0,11.0,0.02,0.02,0.02,0.02,100000.0,0.0
11.0,8.0,0.011,0.011,0.011,0.011,600.0,0.0
11.0,7.0,0.012,0.012,0.012,0.012,0.0,0.0
11.0,6.0,0.012,0.012,0.012,0.012,500.0,0.0
11.0,5.0,0.011,0.011,0.011,0.011,0.0,0.0
11.0,4.0,0.01,0.011,0.01,0.011,20200.0,9.999999999999992E-4
11.0,1.0,0.015,0.03,0.015,0.015,22000.0,0.0
10.0,31.0,0.025,0.025,0.025,0.025,0.0,0.0
10.0,30.0,0.015,0.025,0.015,0.025,3100.0,0.010000000000000002
10.0,29.0,0.024,0.024,0.024,0.024,0.0,0.0
10.0,28.0,0.024,0.024,0.024,0.024,0.0,0.0
10.0,25.0,0.024,0.024,0.024,0.024,0.0,0.0
10.0,24.0,0.024,0.024,0.024,0.024,0.0,0.0
10.0,23.0,0.025,0.025,0.024,0.024,108200.0,-0.0010000000000000009
10.0,22.0,0.02,0.02,0.02,0.02,15000.0,0.0
10.0,21.0,0.03,0.03,0.03,0.03,0.0,0.0
10.0,18.0,0.03,0.03,0.03,0.03,30000.0,0.0
10.0,17.0,0.03,0.03,0.03,0.03,0.0,0.0
10.0,16.0,0.015,0.03,0.015,0.03,30200.0,0.015
10.0,15.0,0.015,0.015,0.015,0.015,5000.0,0.0
10.0,14.0,0.015,0.015,0.015,0.015,0.0,0.0
10.0,11.0,0.015,0.015,0.015,0.015,6100.0,0.0
10.0,10.0,0.015,0.015,0.015,0.015,0.0,0.0
10.0,9.0,0.015,0.015,0.015,0.015,0.0,0.0
10.0,8.0,0.015,0.015,0.015,0.015,10000.0,0.0
10.0,7.0,0.015,0.015,0.015,0.015,0.0,0.0
10.0,4.0,0.015,0.015,0.015,0.015,0.0,0.0
10.0,3.0,0.015,0.015,0.015,0.015,0.0,0.0
10.0,2.0,0.015,0.015,0.015,0.015,0.0,0.0
10.0,1.0,0.015,0.015,0.015,0.015,0.0,0.0
9.0,30.0,0.015,0.015,0.015,0.015,0.0,0.0
9.0,27.0,0.015,0.018,0.015,0.015,41800.0,0.0
9.0,26.0,0.025,0.025,0.025,0.025,1000.0,0.0
9.0,25.0,0.01,0.01,0.01,0.01,0.0,0.0
9.0,24.0,0.01,0.01,0.01,0.01,0.0,0.0
9.0,23.0,0.01,0.01,0.01,0.01,0.0,0.0
9.0,20.0,0.01,0.01,0.01,0.01,100.0,0.0
9.0,19.0,0.02,0.02,0.02,0.02,34500.0,0.0
9.0,18.0,0.02,0.02,0.02,0.02,12100.0,0.0
9.0,17.0,0.02,0.02,0.02,0.02,8500.0,0.0
9.0,16.0,0.02,0.02,0.02,0.02,3000.0,0.0
9.0,13.0,0.02,0.02,0.02,0.02,0.0,0.0
9.0,12.0,0.02,0.02,0.02,0.02,0.0,0.0
9.0,11.0,0.02,0.02,0.02,0.02,0.0,0.0
9.0,10.0,0.02,0.02,0.02,0.02,12900.0,0.0
9.0,9.0,0.01,0.01,0.01,0.01,0.0,0.0
9.0,6.0,0.01,0.01,0.01,0.01,0.0,0.0
9.0,5.0,0.01,0.01,0.01,0.01,200.0,0.0
9.0,4.0,0.01,0.01,0.01,0.01,0.0,0.0
9.0,3.0,0.01,0.01,0.01,0.01,0.0,0.0
9.0,2.0,0.01,0.01,0.01,0.01,0.0,0.0
8.0,30.0,0.01,0.01,0.01,0.01,100.0,0.0
8.0,29.0,0.01,0.01,0.01,0.01,6000.0,0.0
8.0,28.0,0.01,0.01,0.01,0.01,2200.0,0.0
8.0,27.0,0.02,0.02,0.02,0.02,0.0,0.0
8.0,26.0,0.02,0.02,0.02,0.02,500.0,0.0
8.0,23.0,0.01,0.01,0.01,0.01,0.0,0.0
8.0,22.0,0.01,0.01,0.01,0.01,2100.0,0.0
8.0,21.0,0.024,0.024,0.024,0.024,20000.0,0.0
8.0,20.0,0.025,0.025,0.024,0.024,11000.0,-0.0010000000000000009
8.0,19.0,0.01,0.01,0.01,0.01,0.0,0.0
8.0,16.0,0.01,0.01,0.01,0.01,0.0,0.0
8.0,15.0,0.01,0.01,0.01,0.01,1000.0,0.0
8.0,14.0,0.01,0.01,0.01,0.01,0.0,0.0
8.0,13.0,0.01,0.01,0.01,0.01,0.0,0.0
8.0,12.0,0.01,0.01,0.01,0.01,0.0,0.0
8.0,9.0,0.025,0.025,0.01,0.01,12000.0,-0.015000000000000001
8.0,8.0,0.0081,0.025,0.0081,0.025,7200.0,0.016900000000000002
8.0,7.0,0.025,0.025,0.025,0.025,0.0,0.0
8.0,6.0,0.025,0.025,0.025,0.025,2500.0,0.0
8.0,5.0,0.025,0.025,0.025,0.025,0.0,0.0
8.0,2.0,0.025,0.025,0.025,0.025,0.0,0.0
8.0,1.0,0.025,0.025,0.025,0.025,0.0,0.0
7.0,31.0,0.025,0.025,0.025,0.025,0.0,0.0
7.0,30.0,0.025,0.025,0.025,0.025,0.0,0.0
7.0,29.0,0.025,0.025,0.025,0.025,700.0,0.0
7.0,26.0,0.0081,0.0081,0.0081,0.0081,0.0,0.0
7.0,25.0,0.0081,0.0114,0.0081,0.0081,1700.0,0.0
7.0,24.0,0.01,0.01,0.01,0.01,1200.0,0.0
7.0,23.0,0.009,0.009,0.009,0.009,0.0,0.0
7.0,22.0,0.009,0.009,0.009,0.009,0.0,0.0
7.0,19.0,0.009,0.009,0.009,0.009,400.0,0.0
7.0,18.0,0.008,0.008,0.008,0.008,0.0,0.0
7.0,17.0,0.008,0.008,0.008,0.008,0.0,0.0
7.0,16.0,0.025,0.025,0.008,0.008,12000.0,-0.017
7.0,15.0,0.008,0.008,0.008,0.008,1000.0,0.0
7.0,12.0,0.008,0.008,0.008,0.008,600.0,0.0
7.0,11.0,0.03,0.03,0.007,0.007,5500.0,-0.023
7.0,10.0,0.007,0.007,0.007,0.007,700.0,0.0
7.0,9.0,0.007,0.007,0.007,0.007,1400.0,0.0
7.0,8.0,0.007,0.007,0.007,0.007,0.0,0.0
7.0,5.0,0.007,0.007,0.007,0.007,0.0,0.0
7.0,4.0,0.007,0.007,0.007,0.007,0.0,0.0
7.0,3.0,0.007,0.007,0.007,0.007,0.0,0.0
7.0,2.0,0.007,0.007,0.007,0.007,800.0,0.0
7.0,1.0,0.0067,0.0067,0.0067,0.0067,0.0,0.0
6.0,28.0,0.0067,0.0067,0.0067,0.0067,0.0,0.0
6.0,27.0,0.0067,0.0067,0.0067,0.0067,900.0,0.0
6.0,26.0,0.006,0.006,0.006,0.006,0.0,0.0
6.0,25.0,0.006,0.006,0.006,0.006,3000.0,0.0
6.0,24.0,0.0053,0.0053,0.0053,0.0053,2000.0,0.0
6.0,21.0,0.0069,0.0069,0.0069,0.0069,0.0,0.0
6.0,20.0,0.0069,0.0069,0.0069,0.0069,2500.0,0.0
6.0,19.0,0.0069,0.0069,0.0069,0.0069,1200.0,0.0
6.0,18.0,0.0069,0.0069,0.0069,0.0069,0.0,0.0
6.0,17.0,0.0069,0.0069,0.0069,0.0069,0.0,0.0
6.0,14.0,0.0069,0.0069,0.0069,0.0069,0.0,0.0
6.0,13.0,0.0069,0.0069,0.0069,0.0069,0.0,0.0
6.0,12.0,0.0069,0.0069,0.0069,0.0069,1400.0,0.0
6.0,11.0,0.0069,0.0069,0.0069,0.0069,11200.0,0.0
6.0,10.0,0.0068,0.0068,0.0068,0.0068,0.0,0.0
6.0,7.0,0.0068,0.0068,0.0068,0.0068,700.0,0.0
6.0,6.0,0.025,0.025,0.025,0.025,0.0,0.0
6.0,5.0,0.025,0.025,0.025,0.025,0.0,0.0
6.0,4.0,0.025,0.025,0.025,0.025,0.0,0.0
6.0,3.0,0.025,0.025,0.025,0.025,0.0,0.0
5.0,31.0,0.025,0.025,0.025,0.025,0.0,0.0
5.0,30.0,0.029,0.029,0.025,0.025,15000.0,-0.004
5.0,29.0,0.0075,0.029,0.0075,0.029,11000.0,0.021500000000000002
5.0,28.0,0.0068,0.0068,0.0068,0.0068,0.0,0.0
5.0,27.0,0.0068,0.0068,0.0068,0.0068,0.0,0.0
5.0,24.0,0.0068,0.0068,0.0068,0.0068,100.0,0.0
5.0,23.0,0.007,0.007,0.007,0.007,0.0,0.0
5.0,22.0,0.007,0.007,0.007,0.007,0.0,0.0
5.0,21.0,0.007,0.007,0.007,0.007,0.0,0.0
5.0,20.0,0.007,0.007,0.007,0.007,6100.0,0.0
5.0,17.0,0.0068,0.0068,0.0068,0.0068,1000.0,0.0
5.0,16.0,0.0069,0.0069,0.0069,0.0069,0.0,0.0
5.0,15.0,0.0069,0.0069,0.0069,0.0069,1000.0,0.0
5.0,14.0,0.0068,0.0068,0.0068,0.0068,0.0,0.0
5.0,13.0,0.0068,0.0068,0.0068,0.0068,1000.0,0.0
5.0,10.0,0.0068,0.0068,0.0068,0.0068,0.0,0.0
5.0,9.0,0.0068,0.0068,0.0068,0.0068,0.0,0.0
5.0,8.0,0.0068,0.0068,0.0068,0.0068,7000.0,0.0
5.0,7.0,0.0068,0.0068,0.0068,0.0068,300.0,0.0
5.0,6.0,0.0068,0.0068,0.0068,0.0068,0.0,0.0
5.0,3.0,0.0068,0.0068,0.0068,0.0068,0.0,0.0
5.0,2.0,0.0068,0.0068,0.0068,0.0068,0.0,0.0
5.0,1.0,0.0068,0.0068,0.0068,0.0068,4800.0,0.0
4.0,30.0,0.0068,0.0068,0.0068,0.0068,5200.0,0.0
4.0,29.0,0.0068,0.0068,0.0068,0.0068,5000.0,0.0
4.0,26.0,0.0068,0.0068,0.0068,0.0068,0.0,0.0
4.0,25.0,0.0068,0.0068,0.0068,0.0068,3700.0,0.0
4.0,24.0,0.01,0.01,0.01,0.01,2000.0,0.0
4.0,23.0,0.007,0.007,0.007,0.007,1000.0,0.0
4.0,22.0,0.0068,0.0068,0.0068,0.0068,0.0,0.0
4.0,19.0,0.0068,0.0068,0.0068,0.0068,0.0,0.0
4.0,18.0,0.0068,0.0068,0.0068,0.0068,0.0,0.0
4.0,17.0,0.0068,0.0068,0.0068,0.0068,5000.0,0.0
4.0,16.0,0.025,0.025,0.025,0.025,100.0,0.0
4.0,15.0,0.02,0.02,0.02,0.02,0.0,0.0
4.0,12.0,0.02,0.02,0.02,0.02,111000.0,0.0
4.0,11.0,0.05,0.05,0.01,0.02,123000.0,-0.030000000000000002
4.0,10.0,0.06,0.06,0.05,0.05,10900.0,-0.009999999999999995
4.0,9.0,0.024,0.024,0.024,0.024,0.0,0.0
4.0,8.0,0.024,0.024,0.024,0.024,1200.0,0.0
4.0,5.0,0.0053,0.025,0.0053,0.025,6900.0,0.019700000000000002
4.0,4.0,0.03,0.03,0.03,0.03,4000.0,0.0
4.0,3.0,0.0053,0.0053,0.0053,0.0053,400.0,0.0
4.0,2.0,0.0053,0.0053,0.0053,0.0053,0.0,0.0
4.0,1.0,0.0053,0.0053,0.0053,0.0053,8500.0,0.0
3.0,29.0,0.025,0.025,0.025,0.025,0.0,0.0
3.0,28.0,0.039,0.04,0.02,0.025,97000.0,-0.013999999999999999
3.0,27.0,0.04,0.04,0.04,0.04,20000.0,0.0
3.0,26.0,0.021,0.021,0.02,0.02,15700.0,-0.0010000000000000009
3.0,25.0,0.02,0.02,0.02,0.02,0.0,0.0
3.0,22.0,0.0195,0.07,0.01,0.02,180100.0,5.000000000000004E-4
3.0,21.0,0.0195,0.0195,0.015,0.0195,42200.0,0.0
3.0,20.0,0.0098,0.015,0.0098,0.015,147600.0,0.0052
3.0,19.0,0.015,0.015,0.015,0.015,0.0,0.0
3.0,18.0,0.0098,0.015,0.0098,0.015,41900.0,0.0052
3.0,15.0,0.005,0.0098,0.005,0.008,25800.0,0.003
3.0,14.0,0.0041,0.0041,0.0041,0.0041,0.0,0.0
3.0,13.0,0.0041,0.0041,0.0041,0.0041,100.0,0.0
3.0,12.0,0.0042,0.0042,0.0042,0.0042,20000.0,0.0
3.0,11.0,0.0045,0.0045,0.004,0.004,78900.0,-4.999999999999996E-4
3.0,8.0,0.0045,0.0045,0.0045,0.0045,7900.0,0.0
3.0,7.0,0.01,0.01,0.01,0.01,13500.0,0.0
3.0,6.0,0.01,0.015,0.01,0.01,17900.0,0.0
3.0,5.0,0.0052,0.0052,0.0052,0.0052,0.0,0.0
3.0,4.0,0.0052,0.0052,0.0052,0.0052,0.0,0.0
3.0,1.0,0.0052,0.0052,0.0052,0.0052,0.0,0.0
2.0,28.0,0.0052,0.0052,0.0052,0.0052,0.0,0.0
2.0,27.0,0.0052,0.0052,0.0052,0.0052,0.0,0.0
2.0,26.0,0.0052,0.0052,0.0052,0.0052,0.0,0.0
2.0,25.0,0.0052,0.0052,0.0052,0.0052,0.0,0.0
2.0,22.0,0.0052,0.0052,0.0052,0.0052,0.0,0.0
2.0,21.0,0.0052,0.0052,0.0052,0.0052,0.0,0.0
2.0,20.0,0.0052,0.0052,0.0052,0.0052,0.0,0.0
2.0,19.0,0.0052,0.0052,0.0052,0.0052,0.0,0.0
2.0,18.0,0.0052,0.0052,0.0052,0.0052,0.0,0.0
2.0,15.0,0.0052,0.0052,0.0052,0.0052,0.0,0.0
2.0,14.0,0.0052,0.0052,0.0052,0.0052,0.0,0.0
2.0,13.0,0.0052,0.0052,0.0052,0.0052,2000.0,0.0
2.0,12.0,0.0052,0.0052,0.0052,0.0052,0.0,0.0
2.0,11.0,0.0052,0.0052,0.0052,0.0052,0.0,0.0
2.0,8.0,0.0052,0.0052,0.0052,0.0052,2000.0,0.0
2.0,7.0,0.0052,0.0052,0.0052,0.0052,0.0,0.0
2.0,6.0,0.0052,0.0052,0.0052,0.0052,0.0,0.0
2.0,5.0,0.0052,0.0052,0.0052,0.0052,0.0,0.0
2.0,4.0,0.015,0.015,0.0052,0.0052,7700.0,-0.0098
2.0,1.0,0.0052,0.0052,0.0052,0.0052,10000.0,0.0
1.0,31.0,0.0052,0.0052,0.0052,0.0052,100.0,0.0
1.0,30.0,0.0052,0.0052,0.0052,0.0052,0.0,0.0
1.0,29.0,0.014,0.014,0.0052,0.0052,44000.0,-0.0088
1.0,28.0,0.01,0.015,0.01,0.015,245800.0,0.004999999999999999
1.0,25.0,0.0052,0.0052,0.0052,0.0052,0.0,0.0
1.0,24.0,0.0052,0.0052,0.0052,0.0052,500.0,0.0
1.0,23.0,0.0045,0.015,0.0045,0.01,68500.0,0.0055000000000000005
1.0,22.0,0.015,0.015,0.015,0.015,0.0,0.0
1.0,21.0,0.015,0.015,0.015,0.015,0.0,0.0
1.0,18.0,0.015,0.015,0.015,0.015,0.0,0.0
1.0,17.0,0.015,0.015,0.015,0.015,5000.0,0.0
1.0,16.0,0.0045,0.015,0.0045,0.015,49800.0,0.010499999999999999
1.0,15.0,0.0045,0.0045,0.0045,0.0045,0.0,0.0
1.0,14.0,0.0045,0.0045,0.0045,0.0045,0.0,0.0
1.0,11.0,0.0045,0.0045,0.0045,0.0045,600.0,0.0
1.0,10.0,0.0045,0.0045,0.0045,0.0045,0.0,0.0
1.0,9.0,0.0045,0.0045,0.0045,0.0045,0.0,0.0
1.0,8.0,0.0045,0.0045,0.0045,0.0045,0.0,0.0
1.0,7.0,0.0045,0.0045,0.0045,0.0045,0.0,0.0
1.0,4.0,0.0045,0.0045,0.0045,0.0045,0.0,0.0
1.0,3.0,0.0045,0.0045,0.0045,0.0045,0.0,0.0
1.0,2.0,0.015,0.015,0.0045,0.0045,7500.0,-0.010499999999999999
1.0,1.0,0.0045,0.0045,0.0045,0.0045,0.0,0.0
12.0,31.0,0.0045,0.0045,0.0045,0.0045,400.0,0.0
12.0,28.0,0.004,0.004,0.004,0.004,2100.0,0.0
12.0,27.0,0.005,0.005,0.004,0.004,124500.0,-0.001
12.0,26.0,0.005,0.005,0.005,0.005,0.0,0.0
12.0,25.0,0.005,0.005,0.005,0.005,0.0,0.0
12.0,24.0,0.005,0.005,0.005,0.005,10100.0,0.0
12.0,21.0,0.005,0.005,0.005,0.005,30100.0,0.0
12.0,20.0,0.005,0.005,0.005,0.005,2000.0,0.0
12.0,19.0,0.005,0.005,0.005,0.005,51900.0,0.0
12.0,18.0,0.005,0.005,0.005,0.005,500.0,0.0
12.0,17.0,0.005,0.005,0.005,0.005,20000.0,0.0
12.0,14.0,0.005,0.005,0.005,0.005,0.0,0.0
12.0,13.0,0.005,0.005,0.005,0.005,0.0,0.0
12.0,12.0,0.005,0.005,0.005,0.005,0.0,0.0
12.0,11.0,0.005,0.005,0.005,0.005,200.0,0.0
12.0,10.0,0.005,0.005,0.005,0.005,30600.0,0.0
12.0,7.0,0.005,0.005,0.005,0.005,0.0,0.0
12.0,6.0,0.005,0.005,0.005,0.005,0.0,0.0
12.0,5.0,0.005,0.005,0.005,0.005,100.0,0.0
12.0,4.0,0.005,0.005,0.005,0.005,0.0,0.0
12.0,3.0,0.005,0.005,0.005,0.005,7000.0,0.0
11.0,30.0,0.005,0.005,0.005,0.005,0.0,0.0
11.0,29.0,0.005,0.005,0.005,0.005,200.0,0.0
11.0,28.0,0.004,0.004,0.004,0.004,0.0,0.0
11.0,27.0,0.004,0.004,0.004,0.004,0.0,0.0
11.0,26.0,0.004,0.004,0.004,0.004,0.0,0.0
11.0,23.0,0.004,0.004,0.004,0.004,0.0,0.0
11.0,22.0,0.004,0.004,0.004,0.004,0.0,0.0
11.0,21.0,0.004,0.004,0.004,0.004,300.0,0.0
11.0,20.0,0.004,0.004,0.004,0.004,2700.0,0.0
11.0,19.0,0.004,0.004,0.004,0.004,1500.0,0.0
11.0,16.0,0.004,0.004,0.004,0.004,1000.0,0.0
11.0,15.0,0.0051,0.0051,0.0051,0.0051,0.0,0.0
11.0,14.0,0.0051,0.0051,0.0051,0.0051,0.0,0.0
11.0,13.0,0.0051,0.0051,0.0051,0.0051,0.0,0.0
11.0,12.0,0.0051,0.0051,0.0051,0.0051,0.0,0.0
11.0,9.0,0.0051,0.0051,0.0051,0.0051,7000.0,0.0
11.0,8.0,0.006,0.006,0.006,0.006,200.0,0.0
11.0,7.0,0.006,0.006,0.006,0.006,1000.0,0.0
11.0,6.0,0.006,0.006,0.006,0.006,0.0,0.0
11.0,5.0,0.006,0.006,0.006,0.006,52800.0,0.0
11.0,2.0,0.006,0.006,0.006,0.006,10000.0,0.0
11.0,1.0,0.006,0.006,0.006,0.006,200.0,0.0
10.0,31.0,0.0051,0.0051,0.0051,0.0051,19600.0,0.0
10.0,30.0,0.0051,0.0051,0.0051,0.0051,0.0,0.0
10.0,29.0,0.0051,0.0051,0.0051,0.0051,0.0,0.0
10.0,26.0,0.0051,0.0051,0.0051,0.0051,0.0,0.0
10.0,25.0,0.0051,0.0051,0.0051,0.0051,300.0,0.0
10.0,24.0,0.006,0.006,0.006,0.006,0.0,0.0
10.0,23.0,0.006,0.006,0.006,0.006,100.0,0.0
10.0,22.0,0.006,0.006,0.006,0.006,2000.0,0.0
10.0,19.0,0.007,0.007,0.007,0.007,0.0,0.0
10.0,18.0,0.007,0.007,0.007,0.007,16400.0,0.0
10.0,17.0,0.006,0.006,0.006,0.006,0.0,0.0
10.0,16.0,0.006,0.006,0.006,0.006,0.0,0.0
10.0,15.0,0.006,0.006,0.006,0.006,1500.0,0.0
10.0,12.0,0.006,0.006,0.006,0.006,200.0,0.0
10.0,11.0,0.006,0.006,0.006,0.006,0.0,0.0
10.0,10.0,0.006,0.006,0.006,0.006,400.0,0.0
10.0,9.0,0.01,0.01,0.01,0.01,0.0,0.0
10.0,8.0,0.01,0.01,0.01,0.01,0.0,0.0
10.0,5.0,0.01,0.01,0.01,0.01,7200.0,0.0
10.0,4.0,0.0053,0.0053,0.0053,0.0053,100.0,0.0
10.0,3.0,0.0051,0.0051,0.0051,0.0051,0.0,0.0
10.0,2.0,0.0051,0.0051,0.0051,0.0051,0.0,0.0
10.0,1.0,0.0051,0.0051,0.0051,0.0051,0.0,0.0
9.0,28.0,0.0051,0.0051,0.0051,0.0051,0.0,0.0
9.0,27.0,0.0051,0.0051,0.0051,0.0051,0.0,0.0
9.0,26.0,0.0051,0.0051,0.0051,0.0051,0.0,0.0
9.0,25.0,0.0051,0.0051,0.0051,0.0051,0.0,0.0
9.0,24.0,0.0051,0.0051,0.0051,0.0051,100.0,0.0
9.0,21.0,0.0051,0.0051,0.0051,0.0051,4000.0,0.0
9.0,20.0,0.008,0.008,0.008,0.008,1600.0,0.0
9.0,19.0,0.009,0.009,0.008,0.008,10000.0,-9.999999999999992E-4
9.0,18.0,0.009,0.014,0.009,0.014,11800.0,0.005000000000000001
9.0,17.0,0.009,0.009,0.009,0.009,0.0,0.0
9.0,14.0,0.009,0.009,0.009,0.009,0.0,0.0
9.0,13.0,0.009,0.009,0.009,0.009,0.0,0.0
9.0,12.0,0.009,0.009,0.009,0.009,0.0,0.0
9.0,11.0,0.009,0.009,0.009,0.009,0.0,0.0
9.0,10.0,0.009,0.009,0.009,0.009,0.0,0.0
9.0,7.0,0.009,0.009,0.009,0.009,900.0,0.0
9.0,6.0,0.014,0.014,0.014,0.014,0.0,0.0
9.0,5.0,0.014,0.014,0.014,0.014,0.0,0.0
9.0,4.0,0.014,0.014,0.014,0.014,0.0,0.0
9.0,3.0,0.014,0.014,0.014,0.014,0.0,0.0
8.0,31.0,0.007,0.014,0.007,0.014,600.0,0.007
8.0,30.0,0.007,0.007,0.007,0.007,0.0,0.0
8.0,29.0,0.007,0.007,0.007,0.007,0.0,0.0
8.0,28.0,0.007,0.007,0.007,0.007,0.0,0.0
8.0,27.0,0.007,0.007,0.007,0.007,500.0,0.0
8.0,24.0,0.007,0.007,0.007,0.007,0.0,0.0
8.0,23.0,0.007,0.007,0.007,0.007,0.0,0.0
8.0,22.0,0.007,0.007,0.007,0.007,0.0,0.0
8.0,21.0,0.007,0.007,0.007,0.007,0.0,0.0
8.0,20.0,0.007,0.007,0.007,0.007,0.0,0.0
8.0,17.0,0.007,0.007,0.007,0.007,100.0,0.0
8.0,16.0,0.007,0.007,0.007,0.007,7800.0,0.0
8.0,15.0,0.007,0.007,0.007,0.007,0.0,0.0
8.0,14.0,0.007,0.007,0.007,0.007,0.0,0.0
8.0,13.0,0.007,0.007,0.007,0.007,5000.0,0.0
8.0,10.0,0.007,0.007,0.007,0.007,0.0,0.0
8.0,9.0,0.007,0.007,0.007,0.007,1800.0,0.0
8.0,8.0,0.007,0.007,0.007,0.007,1500.0,0.0
8.0,7.0,0.006,0.006,0.006,0.006,100.0,0.0
8.0,6.0,0.0051,0.0051,0.0051,0.0051,300.0,0.0
8.0,3.0,0.0051,0.0051,0.0051,0.0051,0.0,0.0
8.0,2.0,0.0051,0.0051,0.0051,0.0051,100.0,0.0
8.0,1.0,0.0051,0.0051,0.0051,0.0051,2300.0,0.0
7.0,31.0,0.0051,0.0051,0.0051,0.0051,0.0,0.0
7.0,30.0,0.0051,0.0051,0.0051,0.0051,11000.0,0.0
7.0,27.0,0.0051,0.0051,0.0051,0.0051,0.0,0.0
7.0,26.0,0.0051,0.0051,0.0051,0.0051,2000.0,0.0
7.0,25.0,0.0051,0.0051,0.0051,0.0051,0.0,0.0
7.0,24.0,0.01,0.01,0.0051,0.0051,16900.0,-0.0049
7.0,23.0,0.01,0.01,0.01,0.01,0.0,0.0
7.0,20.0,0.01,0.01,0.01,0.01,0.0,0.0
7.0,19.0,0.01,0.01,0.01,0.01,0.0,0.0
7.0,18.0,0.01,0.01,0.01,0.01,1800.0,0.0
7.0,17.0,0.006,0.0095,0.006,0.009,22300.0,0.002999999999999999
7.0,16.0,0.005,0.005,0.005,0.005,500.0,0.0
7.0,13.0,0.005,0.005,0.005,0.005,0.0,0.0
7.0,12.0,0.005,0.005,0.005,0.005,500.0,0.0
7.0,11.0,0.005,0.005,0.005,0.005,0.0,0.0
7.0,10.0,0.005,0.005,0.005,0.005,0.0,0.0
7.0,9.0,0.005,0.005,0.005,0.005,0.0,0.0
7.0,6.0,0.005,0.005,0.005,0.005,0.0,0.0
7.0,5.0,0.005,0.005,0.005,0.005,0.0,0.0
7.0,4.0,0.005,0.005,0.005,0.005,0.0,0.0
7.0,3.0,0.005,0.005,0.005,0.005,0.0,0.0
7.0,2.0,0.005,0.005,0.005,0.005,0.0,0.0
6.0,29.0,0.005,0.005,0.005,0.005,0.0,0.0
6.0,28.0,0.005,0.005,0.005,0.005,11000.0,0.0
6.0,27.0,0.005,0.005,0.005,0.005,4000.0,0.0
6.0,26.0,0.014,0.014,0.014,0.014,24000.0,0.0
6.0,25.0,0.015,0.015,0.015,0.015,1000.0,0.0
6.0,22.0,0.024,0.024,0.024,0.024,0.0,0.0
6.0,21.0,0.024,0.024,0.024,0.024,0.0,0.0
6.0,20.0,0.024,0.024,0.024,0.024,0.0,0.0
6.0,19.0,0.024,0.024,0.024,0.024,0.0,0.0
6.0,18.0,0.024,0.024,0.024,0.024,0.0,0.0
6.0,15.0,0.024,0.024,0.024,0.024,1500.0,0.0
6.0,14.0,0.03,0.03,0.03,0.03,0.0,0.0
6.0,13.0,0.03,0.03,0.03,0.03,0.0,0.0
6.0,12.0,0.03,0.03,0.03,0.03,0.0,0.0
6.0,11.0,0.014,0.03,0.014,0.03,42800.0,0.016
6.0,8.0,0.005,0.005,0.005,0.005,100.0,0.0
6.0,7.0,0.006,0.006,0.006,0.006,0.0,0.0
6.0,6.0,0.006,0.006,0.006,0.006,0.0,0.0
6.0,5.0,0.006,0.006,0.006,0.006,0.0,0.0
6.0,4.0,0.006,0.006,0.006,0.006,0.0,0.0
6.0,1.0,0.011,0.011,0.006,0.006,15000.0,-0.004999999999999999
5.0,31.0,0.01,0.01,0.01,0.01,0.0,0.0
5.0,30.0,0.011,0.013,0.01,0.01,275100.0,-9.999999999999992E-4
5.0,29.0,0.01,0.01,0.01,0.01,6900.0,0.0
5.0,28.0,0.0075,0.0075,0.0075,0.0075,0.0,0.0
5.0,25.0,0.0075,0.0075,0.0075,0.0075,1400.0,0.0
5.0,24.0,0.0075,0.0075,0.0075,0.0075,0.0,0.0
5.0,23.0,0.0075,0.0075,0.0075,0.0075,6600.0,0.0
5.0,22.0,0.01,0.01,0.01,0.01,3100.0,0.0
5.0,21.0,0.006,0.006,0.006,0.006,0.0,0.0
5.0,18.0,0.006,0.006,0.006,0.006,300.0,0.0
5.0,17.0,0.006,0.006,0.006,0.006,0.0,0.0
5.0,16.0,0.006,0.006,0.006,0.006,34900.0,0.0
5.0,15.0,0.006,0.006,0.006,0.006,10200.0,0.0
5.0,14.0,0.006,0.006,0.006,0.006,0.0,0.0
5.0,11.0,0.006,0.006,0.006,0.006,0.0,0.0
5.0,10.0,0.006,0.006,0.006,0.006,9500.0,0.0
5.0,9.0,0.006,0.006,0.006,0.006,12000.0,0.0
5.0,8.0,0.006,0.006,0.006,0.006,0.0,0.0
5.0,7.0,0.006,0.006,0.006,0.006,0.0,0.0
5.0,4.0,0.006,0.006,0.006,0.006,0.0,0.0
5.0,3.0,0.006,0.006,0.006,0.006,40000.0,0.0
5.0,2.0,0.006,0.006,0.006,0.006,100000.0,0.0
5.0,1.0,0.006,0.006,0.006,0.006,0.0,0.0
4.0,30.0,0.006,0.006,0.006,0.006,1200.0,0.0
4.0,27.0,0.006,0.006,0.006,0.006,0.0,0.0
4.0,26.0,0.006,0.006,0.006,0.006,20200.0,0.0
4.0,25.0,0.006,0.006,0.006,0.006,200.0,0.0
4.0,24.0,0.006,0.006,0.006,0.006,500.0,0.0
4.0,23.0,0.015,0.015,0.015,0.015,0.0,0.0
4.0,20.0,0.015,0.015,0.015,0.015,4000.0,0.0
4.0,19.0,0.01,0.01,0.01,0.01,0.0,0.0
4.0,18.0,0.01,0.01,0.01,0.01,0.0,0.0
4.0,17.0,0.01,0.01,0.01,0.01,0.0,0.0
4.0,16.0,0.01,0.01,0.01,0.01,0.0,0.0
4.0,13.0,0.01,0.01,0.01,0.01,0.0,0.0
4.0,12.0,0.01,0.01,0.01,0.01,78400.0,0.0
4.0,11.0,0.01,0.01,0.01,0.01,0.0,0.0
4.0,10.0,0.01,0.01,0.01,0.01,0.0,0.0
4.0,9.0,0.01,0.01,0.01,0.01,1100.0,0.0
4.0,6.0,0.01,0.01,0.01,0.01,0.0,0.0
4.0,5.0,0.015,0.015,0.01,0.01,5200.0,-0.004999999999999999
4.0,4.0,0.01,0.01,0.01,0.01,0.0,0.0
4.0,3.0,0.01,0.01,0.01,0.01,500.0,0.0
4.0,2.0,0.01,0.01,0.01,0.01,0.0,0.0
3.0,30.0,0.01,0.01,0.01,0.01,3900.0,0.0
3.0,29.0,0.01,0.01,0.01,0.01,200.0,0.0
3.0,28.0,0.01,0.01,0.01,0.01,7800.0,0.0
3.0,27.0,0.01,0.01,0.01,0.01,3100.0,0.0
3.0,26.0,0.01,0.01,0.01,0.01,5000.0,0.0
3.0,23.0,0.01,0.01,0.01,0.01,100.0,0.0
3.0,22.0,0.01,0.01,0.01,0.01,0.0,0.0
3.0,21.0,0.01,0.01,0.01,0.01,34200.0,0.0
3.0,20.0,0.01,0.01,0.01,0.01,0.0,0.0
3.0,19.0,0.01,0.01,0.01,0.01,500.0,0.0
3.0,16.0,0.01,0.01,0.01,0.01,100.0,0.0
3.0,15.0,0.01,0.01,0.01,0.01,0.0,0.0
3.0,14.0,0.01,0.01,0.01,0.01,500.0,0.0
3.0,13.0,0.01,0.01,0.01,0.01,11500.0,0.0
3.0,12.0,0.01,0.01,0.01,0.01,0.0,0.0
3.0,9.0,0.01,0.01,0.01,0.01,0.0,0.0
3.0,8.0,0.01,0.01,0.01,0.01,0.0,0.0
3.0,7.0,0.01,0.01,0.01,0.01,0.0,0.0
3.0,6.0,0.01,0.01,0.01,0.01,800.0,0.0
3.0,5.0,0.01,0.01,0.01,0.01,1000.0,0.0
3.0,2.0,0.01,0.01,0.01,0.01,100.0,0.0
3.0,1.0,0.03,0.03,0.01,0.01,27500.0,-0.019999999999999997
2.0,29.0,0.01,0.01,0.01,0.01,1000.0,0.0
2.0,28.0,0.01,0.01,0.01,0.01,100.0,0.0
2.0,27.0,0.01,0.01,0.01,0.01,0.0,0.0
2.0,24.0,0.01,0.01,0.01,0.01,500.0,0.0
2.0,23.0,0.015,0.015,0.015,0.015,5000.0,0.0
2.0,22.0,0.015,0.015,0.015,0.015,2000.0,0.0
2.0,21.0,0.015,0.015,0.015,0.015,0.0,0.0
2.0,20.0,0.015,0.015,0.015,0.015,0.0,0.0
2.0,17.0,0.015,0.015,0.015,0.015,0.0,0.0
2.0,16.0,0.035,0.035,0.01,0.015,12700.0,-0.020000000000000004
2.0,15.0,0.015,0.015,0.015,0.015,0.0,0.0
2.0,14.0,0.015,0.015,0.015,0.015,5000.0,0.0
2.0,13.0,0.03,0.03,0.015,0.015,25900.0,-0.015
2.0,10.0,0.01,0.01,0.01,0.01,0.0,0.0
2.0,9.0,0.02,0.02,0.01,0.01,75000.0,-0.01
2.0,8.0,0.02,0.02,0.02,0.02,700.0,0.0
2.0,7.0,0.01,0.02,0.01,0.02,10500.0,0.01
2.0,6.0,0.01,0.01,0.01,0.01,500.0,0.0
2.0,3.0,0.016,0.016,0.01,0.01,10100.0,-0.006
2.0,2.0,0.016,0.018,0.016,0.018,11000.0,0.0019999999999999983
2.0,1.0,0.0421,0.0421,0.0421,0.0421,0.0,0.0
1.0,31.0,0.0444,0.05,0.015,0.0421,66400.0,-0.0023000000000000034
1.0,30.0,0.011,0.05,0.011,0.05,59700.0,0.03900000000000001
1.0,27.0,0.005,0.005,0.005,0.005,300.0,0.0
1.0,26.0,0.005,0.005,0.005,0.005,0.0,0.0
1.0,25.0,0.005,0.005,0.005,0.005,0.0,0.0
1.0,24.0,0.005,0.005,0.005,0.005,10900.0,0.0
1.0,23.0,0.005,0.005,0.005,0.005,12000.0,0.0
1.0,20.0,0.005,0.005,0.005,0.005,0.0,0.0
1.0,19.0,0.005,0.005,0.005,0.005,200.0,0.0
1.0,18.0,0.005,0.005,0.005,0.005,0.0,0.0
1.0,17.0,0.005,0.005,0.005,0.005,300.0,0.0
1.0,16.0,0.005,0.005,0.005,0.005,0.0,0.0
1.0,13.0,0.005,0.005,0.005,0.005,500.0,0.0
1.0,12.0,0.0051,0.0051,0.0051,0.0051,0.0,0.0
1.0,11.0,0.0051,0.0051,0.0051,0.0051,0.0,0.0
1.0,10.0,0.0051,0.0051,0.0051,0.0051,0.0,0.0
1.0,9.0,0.0051,0.0051,0.0051,0.0051,1500.0,0.0
1.0,6.0,0.0051,0.0051,0.0051,0.0051,0.0,0.0
1.0,5.0,0.0051,0.0051,0.0051,0.0051,3800.0,0.0
1.0,4.0,0.0051,0.0051,0.0051,0.0051,5200.0,0.0
1.0,3.0,0.005,0.005,0.005,0.005,9200.0,0.0
1.0,2.0,0.005,0.005,0.005,0.005,0.0,0.0
12.0,30.0,0.005,0.005,0.005,0.005,1400.0,0.0
12.0,29.0,0.011,0.011,0.011,0.011,22800.0,0.0
12.0,28.0,0.005,0.005,0.005,0.005,3600.0,0.0
12.0,27.0,0.0058,0.0058,0.005,0.0058,124400.0,0.0
12.0,26.0,0.0058,0.0058,0.0058,0.0058,0.0,0.0
12.0,23.0,0.005,0.0058,0.005,0.0058,1200.0,7.999999999999995E-4
12.0,22.0,0.0058,0.0058,0.0058,0.0058,200.0,0.0
12.0,21.0,0.0058,0.0058,0.0058,0.0058,1800.0,0.0
12.0,20.0,0.011,0.011,0.011,0.011,14000.0,0.0
12.0,19.0,0.0057,0.0057,0.0057,0.0057,600.0,0.0
12.0,16.0,0.0057,0.0057,0.0057,0.0057,700.0,0.0
12.0,15.0,0.0057,0.0057,0.0057,0.0057,0.0,0.0
12.0,14.0,0.0057,0.0057,0.0057,0.0057,500.0,0.0
12.0,13.0,0.011,0.011,0.011,0.011,8700.0,0.0
12.0,12.0,0.0057,0.006,0.0057,0.006,2700.0,2.999999999999999E-4
12.0,9.0,0.0057,0.0057,0.0057,0.0057,0.0,0.0
12.0,8.0,0.0057,0.0057,0.0057,0.0057,1300.0,0.0
12.0,7.0,0.0055,0.0055,0.0055,0.0055,800.0,0.0
12.0,6.0,0.0055,0.0055,0.0055,0.0055,2200.0,0.0
12.0,5.0,0.005,0.0055,0.005,0.0055,500.0,4.999999999999996E-4
12.0,2.0,0.005,0.0055,0.005,0.0055,700.0,4.999999999999996E-4
12.0,1.0,0.005,0.005,0.005,0.005,15000.0,0.0
11.0,30.0,0.005,0.005,0.005,0.005,5000.0,0.0
11.0,29.0,0.005,0.005,0.005,0.005,12100.0,0.0
11.0,28.0,0.005,0.005,0.005,0.005,100.0,0.0
11.0,25.0,0.005,0.005,0.005,0.005,0.0,0.0
11.0,24.0,0.005,0.005,0.005,0.005,0.0,0.0
11.0,23.0,0.005,0.005,0.005,0.005,100.0,0.0
11.0,22.0,0.005,0.005,0.005,0.005,0.0,0.0
11.0,21.0,0.005,0.005,0.005,0.005,0.0,0.0
11.0,18.0,0.005,0.005,0.005,0.005,200.0,0.0
11.0,17.0,0.007,0.007,0.007,0.007,0.0,0.0
11.0,16.0,0.007,0.007,0.007,0.007,100.0,0.0
11.0,15.0,0.011,0.011,0.011,0.011,1700.0,0.0
11.0,9.0,0.007,0.007,0.007,0.007,1100.0,0.0
11.0,8.0,0.007,0.007,0.007,0.007,5500.0,0.0
11.0,4.0,0.007,0.007,0.007,0.007,900.0,0.0
10.0,28.0,0.007,0.007,0.007,0.007,1400.0,0.0
10.0,27.0,0.007,0.007,0.007,0.007,1000.0,0.0
10.0,26.0,0.007,0.007,0.007,0.007,4700.0,0.0
10.0,24.0,0.007,0.007,0.007,0.007,700.0,0.0
10.0,21.0,0.011,0.011,0.011,0.011,2300.0,0.0
10.0,20.0,0.01,0.01,0.01,0.01,60000.0,0.0
10.0,17.0,0.01,0.01,0.01,0.01,600.0,0.0
10.0,13.0,0.012,0.012,0.006,0.01,57000.0,-0.002
10.0,12.0,0.0125,0.0125,0.0125,0.0125,31000.0,0.0
10.0,11.0,0.011,0.011,0.011,0.011,900.0,0.0
10.0,10.0,0.011,0.011,0.011,0.011,4100.0,0.0
10.0,5.0,0.011,0.011,0.011,0.011,23200.0,0.0
10.0,3.0,0.011,0.011,0.011,0.011,15000.0,0.0
9.0,29.0,0.011,0.011,0.011,0.011,100.0,0.0
9.0,26.0,0.011,0.011,0.011,0.011,700.0,0.0
9.0,23.0,0.011,0.011,0.011,0.011,3000.0,0.0
9.0,20.0,0.011,0.013,0.011,0.013,19500.0,0.002
9.0,12.0,0.011,0.011,0.011,0.011,20000.0,0.0
9.0,8.0,0.012,0.012,0.011,0.011,300.0,-0.0010000000000000009
9.0,7.0,0.015,0.015,0.011,0.011,7300.0,-0.004
8.0,31.0,0.015,0.015,0.015,0.015,2000.0,0.0
8.0,25.0,0.015,0.015,0.015,0.015,12800.0,0.0
8.0,24.0,0.018,0.018,0.018,0.018,15000.0,0.0
8.0,23.0,0.01,0.01,0.01,0.01,1000.0,0.0
8.0,19.0,0.01,0.01,0.01,0.01,100.0,0.0
8.0,18.0,0.01,0.01,0.01,0.01,800.0,0.0
8.0,11.0,0.01,0.01,0.01,0.01,700.0,0.0
8.0,9.0,0.01,0.01,0.01,0.01,1100.0,0.0
8.0,5.0,0.018,0.018,0.01,0.01,27200.0,-0.007999999999999998
8.0,4.0,0.01,0.01,0.01,0.01,33200.0,0.0
8.0,1.0,0.018,0.018,0.01,0.01,5700.0,-0.007999999999999998
7.0,28.0,0.018,0.018,0.018,0.018,14700.0,0.0
7.0,27.0,0.018,0.018,0.018,0.018,300.0,0.0
7.0,22.0,0.018,0.018,0.018,0.018,12800.0,0.0
7.0,19.0,0.018,0.018,0.018,0.018,1000.0,0.0
7.0,18.0,0.018,0.018,0.018,0.018,700.0,0.0
7.0,11.0,0.017,0.017,0.017,0.017,5000.0,0.0
7.0,6.0,0.035,0.035,0.016,0.016,14000.0,-0.019000000000000003
7.0,5.0,0.015,0.015,0.015,0.015,8100.0,0.0
7.0,1.0,0.011,0.011,0.011,0.011,63700.0,0.0
6.0,30.0,0.035,0.035,0.035,0.035,1000.0,0.0
6.0,27.0,0.01,0.01,0.01,0.01,1000.0,0.0
6.0,22.0,0.01,0.01,0.01,0.01,800.0,0.0
6.0,21.0,0.015,0.015,0.015,0.015,8000.0,0.0
6.0,15.0,0.025,0.025,0.015,0.015,2500.0,-0.010000000000000002
6.0,14.0,0.011,0.011,0.011,0.011,7000.0,0.0
6.0,13.0,0.011,0.011,0.011,0.011,5300.0,0.0
6.0,9.0,0.016,0.016,0.011,0.016,19700.0,0.0
6.0,8.0,0.012,0.012,0.012,0.012,1500.0,0.0
6.0,7.0,0.011,0.011,0.011,0.011,800.0,0.0
6.0,6.0,0.011,0.016,0.011,0.016,28200.0,0.005000000000000001
6.0,2.0,0.011,0.016,0.011,0.016,89200.0,0.005000000000000001
6.0,1.0,0.025,0.025,0.025,0.025,400.0,0.0
5.0,31.0,0.01,0.025,0.01,0.025,21200.0,0.015000000000000001
5.0,24.0,0.02,0.023,0.02,0.023,8000.0,0.002999999999999999
5.0,23.0,0.02,0.02,0.02,0.02,6100.0,0.0
5.0,19.0,0.02,0.023,0.02,0.02,14100.0,0.0
5.0,18.0,0.01,0.01,0.01,0.01,200.0,0.0
5.0,17.0,0.023,0.023,0.023,0.023,8400.0,0.0
5.0,16.0,0.023,0.023,0.022,0.022,59400.0,-0.0010000000000000009
5.0,13.0,0.02,0.02,0.02,0.02,6700.0,0.0
5.0,12.0,0.019,0.019,0.01,0.01,84300.0,-0.009
5.0,11.0,0.02,0.023,0.02,0.023,62200.0,0.002999999999999999
5.0,9.0,0.02,0.02,0.02,0.02,20000.0,0.0
5.0,6.0,0.02,0.02,0.02,0.02,200.0,0.0
5.0,5.0,0.02,0.02,0.02,0.02,200.0,0.0
5.0,3.0,0.02,0.02,0.02,0.02,20600.0,0.0
5.0,2.0,0.02,0.02,0.02,0.02,100.0,0.0
4.0,29.0,0.022,0.022,0.022,0.022,15000.0,0.0
4.0,27.0,0.022,0.022,0.022,0.022,12300.0,0.0
4.0,26.0,0.025,0.025,0.0241,0.0241,11100.0,-9.000000000000015E-4
4.0,25.0,0.024,0.024,0.024,0.024,100.0,0.0
4.0,21.0,0.039,0.039,0.024,0.024,3000.0,-0.015
4.0,20.0,0.024,0.024,0.024,0.024,700.0,0.0
4.0,18.0,0.03,0.03,0.03,0.03,12000.0,0.0
4.0,15.0,0.03,0.03,0.03,0.03,4600.0,0.0
4.0,13.0,0.024,0.024,0.024,0.024,2000.0,0.0
4.0,12.0,0.024,0.024,0.024,0.024,200.0,0.0
4.0,8.0,0.023,0.023,0.023,0.023,800.0,0.0
4.0,4.0,0.023,0.023,0.023,0.023,500.0,0.0
4.0,1.0,0.026,0.026,0.023,0.023,25000.0,-0.002999999999999999
3.0,31.0,0.03,0.03,0.021,0.021,6000.0,-0.008999999999999998
3.0,30.0,0.03,0.03,0.03,0.03,1200.0,0.0
3.0,29.0,0.03,0.03,0.03,0.03,300.0,0.0
3.0,28.0,0.03,0.03,0.03,0.03,17700.0,0.0
3.0,24.0,0.03,0.03,0.03,0.03,800.0,0.0
3.0,23.0,0.03,0.03,0.03,0.03,3900.0,0.0
3.0,22.0,0.02,0.0497,0.02,0.0497,11000.0,0.0297
3.0,21.0,0.035,0.035,0.03,0.03,88400.0,-0.0050000000000000044
3.0,15.0,0.035,0.035,0.035,0.035,1500.0,0.0
3.0,14.0,0.0375,0.0375,0.0375,0.0375,42400.0,0.0
3.0,11.0,0.0375,0.0375,0.0375,0.0375,1700.0,0.0
3.0,9.0,0.035,0.0375,0.035,0.0375,7100.0,0.0024999999999999953
3.0,8.0,0.04,0.04,0.04,0.04,23000.0,0.0
3.0,7.0,0.045,0.045,0.045,0.045,4200.0,0.0
3.0,3.0,0.035,0.052,0.035,0.05,19900.0,0.015
2.0,28.0,0.035,0.035,0.035,0.035,2300.0,0.0
2.0,25.0,0.035,0.035,0.035,0.035,1500.0,0.0
2.0,24.0,0.0382,0.0382,0.0382,0.0382,300.0,0.0
2.0,23.0,0.0382,0.0382,0.0382,0.0382,600.0,0.0
2.0,22.0,0.0382,0.0382,0.0382,0.0382,300.0,0.0
2.0,18.0,0.0382,0.041,0.0382,0.0382,8000.0,0.0
2.0,17.0,0.0382,0.0382,0.0382,0.0382,1000.0,0.0
2.0,16.0,0.0382,0.0382,0.0382,0.0382,200.0,0.0
2.0,14.0,0.0382,0.0382,0.0382,0.0382,2500.0,0.0
2.0,11.0,0.04,0.04,0.0382,0.0382,11000.0,-0.001800000000000003
2.0,10.0,0.04,0.04,0.04,0.04,300.0,0.0
2.0,9.0,0.04,0.04,0.04,0.04,10500.0,0.0
2.0,8.0,0.04,0.041,0.04,0.041,5000.0,0.0010000000000000009
2.0,7.0,0.041,0.041,0.04,0.04,19000.0,-0.0010000000000000009
2.0,4.0,0.041,0.041,0.041,0.041,11900.0,0.0
2.0,3.0,0.04,0.04,0.04,0.04,500.0,0.0
2.0,2.0,0.04,0.04,0.04,0.04,1000.0,0.0
1.0,31.0,0.041,0.041,0.04,0.04,6200.0,-0.0010000000000000009
1.0,28.0,0.053,0.053,0.04,0.04,46400.0,-0.012999999999999998
1.0,27.0,0.041,0.045,0.038,0.045,9300.0,0.003999999999999997
1.0,26.0,0.04,0.04,0.04,0.04,1000.0,0.0
1.0,25.0,0.038,0.038,0.038,0.038,1200.0,0.0
1.0,21.0,0.05,0.05,0.0332,0.0332,28600.0,-0.016800000000000002
1.0,20.0,0.045,0.045,0.032,0.033,77800.0,-0.011999999999999997
1.0,19.0,0.044,0.046,0.044,0.046,3300.0,0.0020000000000000018
1.0,18.0,0.05,0.05,0.044,0.044,38200.0,-0.006000000000000005
1.0,14.0,0.05,0.05,0.05,0.05,5000.0,0.0
1.0,13.0,0.032,0.05,0.032,0.05,1100.0,0.018000000000000002
1.0,12.0,0.05,0.05,0.05,0.05,56100.0,0.0
1.0,11.0,0.05,0.06,0.04,0.04,15700.0,-0.010000000000000002
1.0,10.0,0.05,0.06,0.0375,0.0375,6000.0,-0.012500000000000004
1.0,7.0,0.0388,0.05,0.0388,0.05,15000.0,0.011200000000000002
1.0,6.0,0.0388,0.0388,0.034,0.034,38800.0,-0.004799999999999999
1.0,5.0,0.035,0.0388,0.035,0.035,13200.0,0.0
1.0,3.0,0.034,0.034,0.034,0.034,1000.0,0.0
12.0,31.0,0.032,0.032,0.032,0.032,9300.0,0.0
12.0,30.0,0.035,0.035,0.032,0.032,7200.0,-0.0030000000000000027
12.0,29.0,0.032,0.032,0.032,0.032,8900.0,0.0
12.0,28.0,0.032,0.032,0.032,0.032,5300.0,0.0
12.0,27.0,0.0321,0.0322,0.03,0.031,24100.0,-0.0010999999999999968
12.0,23.0,0.032,0.033,0.032,0.032,31200.0,0.0
12.0,22.0,0.04,0.04,0.04,0.04,8200.0,0.0
12.0,21.0,0.04,0.04,0.04,0.04,4300.0,0.0
12.0,20.0,0.04,0.04,0.04,0.04,1000.0,0.0
12.0,16.0,0.039,0.08,0.039,0.039,231100.0,0.0
12.0,15.0,0.039,0.039,0.035,0.039,54500.0,0.0
12.0,14.0,0.03,0.035,0.03,0.035,6600.0,0.0050000000000000044
12.0,13.0,0.032,0.032,0.032,0.032,13100.0,0.0
12.0,10.0,0.032,0.038,0.032,0.038,9100.0,0.005999999999999998
12.0,9.0,0.032,0.035,0.032,0.035,1400.0,0.0030000000000000027
12.0,8.0,0.032,0.032,0.032,0.032,3700.0,0.0
12.0,7.0,0.032,0.032,0.032,0.032,5000.0,0.0
12.0,6.0,0.032,0.033,0.032,0.033,50200.0,0.0010000000000000009
12.0,3.0,0.04,0.04,0.032,0.035,10700.0,-0.0049999999999999975
12.0,2.0,0.032,0.04,0.032,0.04,34700.0,0.008
12.0,1.0,0.033,0.035,0.032,0.032,34100.0,-0.0010000000000000009
11.0,30.0,0.033,0.033,0.033,0.033,1600.0,0.0
11.0,29.0,0.033,0.033,0.033,0.033,8800.0,0.0
11.0,26.0,0.033,0.035,0.033,0.035,10200.0,0.0020000000000000018
11.0,22.0,0.033,0.033,0.033,0.033,2600.0,0.0
11.0,19.0,0.033,0.033,0.033,0.033,6000.0,0.0
11.0,18.0,0.035,0.035,0.033,0.035,25500.0,0.0
11.0,17.0,0.035,0.035,0.032,0.032,29200.0,-0.0030000000000000027
11.0,16.0,0.0349,0.035,0.0349,0.035,24200.0,1.0000000000000286E-4
11.0,15.0,0.032,0.032,0.032,0.032,37500.0,0.0
11.0,12.0,0.04,0.04,0.035,0.035,3000.0,-0.0049999999999999975
11.0,11.0,0.033,0.033,0.033,0.033,4800.0,0.0
11.0,10.0,0.04,0.04,0.034,0.034,4600.0,-0.005999999999999998
11.0,9.0,0.032,0.032,0.032,0.032,2000.0,0.0
11.0,8.0,0.032,0.032,0.032,0.032,12000.0,0.0
11.0,5.0,0.032,0.032,0.032,0.032,3700.0,0.0
11.0,4.0,0.036,0.039,0.032,0.032,46000.0,-0.003999999999999997
11.0,3.0,0.036,0.036,0.036,0.036,1000.0,0.0
11.0,2.0,0.036,0.036,0.036,0.036,1000.0,0.0
11.0,1.0,0.036,0.036,0.036,0.036,1500.0,0.0
10.0,28.0,0.036,0.036,0.036,0.036,12000.0,0.0
10.0,27.0,0.036,0.036,0.036,0.036,100.0,0.0
10.0,26.0,0.036,0.036,0.036,0.036,4100.0,0.0
10.0,25.0,0.036,0.036,0.036,0.036,3800.0,0.0
10.0,20.0,0.039,0.039,0.032,0.035,56800.0,-0.003999999999999997
10.0,19.0,0.039,0.039,0.039,0.039,5000.0,0.0
10.0,18.0,0.04,0.04,0.039,0.039,32300.0,-0.0010000000000000009
10.0,15.0,0.04,0.04,0.04,0.04,100.0,0.0
10.0,14.0,0.035,0.04,0.035,0.035,3800.0,0.0
10.0,13.0,0.035,0.04,0.032,0.035,22100.0,0.0
10.0,12.0,0.039,0.039,0.035,0.035,5500.0,-0.003999999999999997
10.0,11.0,0.039,0.039,0.039,0.039,3200.0,0.0
10.0,8.0,0.039,0.04,0.039,0.04,13000.0,0.0010000000000000009
10.0,7.0,0.04,0.04,0.039,0.039,7000.0,-0.0010000000000000009
10.0,6.0,0.04,0.04,0.039,0.039,17100.0,-0.0010000000000000009
10.0,5.0,0.036,0.04,0.036,0.04,12800.0,0.0040000000000000036
10.0,4.0,0.04,0.04,0.035,0.035,10200.0,-0.0049999999999999975
10.0,1.0,0.033,0.033,0.033,0.033,100.0,0.0
9.0,30.0,0.043,0.043,0.04,0.04,16800.0,-0.0029999999999999957
9.0,29.0,0.043,0.043,0.043,0.043,3300.0,0.0
9.0,28.0,0.035,0.043,0.035,0.043,49200.0,0.007999999999999993
9.0,27.0,0.043,0.043,0.043,0.043,10600.0,0.0
9.0,24.0,0.043,0.043,0.043,0.043,4600.0,0.0
9.0,23.0,0.045,0.045,0.0446,0.0446,17200.0,-3.999999999999976E-4
9.0,21.0,0.0446,0.0446,0.0446,0.0446,1000.0,0.0
9.0,20.0,0.0445,0.0445,0.0445,0.0445,2000.0,0.0
9.0,17.0,0.045,0.045,0.043,0.043,67900.0,-0.0020000000000000018
9.0,16.0,0.044,0.045,0.044,0.045,700.0,0.0010000000000000009
9.0,15.0,0.044,0.044,0.044,0.044,15500.0,0.0
9.0,14.0,0.044,0.045,0.044,0.045,66200.0,0.0010000000000000009
9.0,13.0,0.049,0.049,0.044,0.044,9500.0,-0.0050000000000000044
9.0,10.0,0.046,0.047,0.046,0.047,4600.0,0.0010000000000000009
9.0,8.0,0.044,0.05,0.044,0.05,14500.0,0.006000000000000005
9.0,7.0,0.046,0.046,0.044,0.044,500.0,-0.0020000000000000018
9.0,3.0,0.046,0.05,0.044,0.044,2100.0,-0.0020000000000000018
9.0,2.0,0.044,0.044,0.044,0.044,1900.0,0.0
8.0,31.0,0.0475,0.0475,0.0475,0.0475,5000.0,0.0
8.0,30.0,0.0475,0.0475,0.0475,0.0475,1500.0,0.0
8.0,27.0,0.0475,0.05,0.0475,0.05,5500.0,0.0025000000000000022
8.0,26.0,0.044,0.044,0.044,0.044,5000.0,0.0
8.0,25.0,0.044,0.05,0.044,0.044,6300.0,0.0
8.0,24.0,0.055,0.055,0.044,0.044,10300.0,-0.011000000000000003
8.0,23.0,0.055,0.055,0.055,0.055,4000.0,0.0
8.0,17.0,0.044,0.044,0.044,0.044,200.0,0.0
8.0,16.0,0.044,0.044,0.044,0.044,100.0,0.0
8.0,13.0,0.044,0.044,0.044,0.044,300.0,0.0
8.0,12.0,0.044,0.055,0.044,0.055,34600.0,0.011000000000000003
8.0,11.0,0.05,0.05,0.044,0.044,18000.0,-0.006000000000000005
8.0,10.0,0.05,0.05,0.05,0.05,4300.0,0.0
8.0,9.0,0.05,0.05,0.05,0.05,4800.0,0.0
8.0,6.0,0.0501,0.0501,0.05,0.05,5000.0,-9.999999999999593E-5
8.0,5.0,0.055,0.055,0.055,0.055,12700.0,0.0
8.0,4.0,0.055,0.055,0.055,0.055,1000.0,0.0
8.0,2.0,0.05,0.05,0.05,0.05,100.0,0.0
7.0,30.0,0.05,0.05,0.05,0.05,3000.0,0.0
7.0,28.0,0.044,0.05,0.044,0.05,1600.0,0.006000000000000005
7.0,27.0,0.045,0.05,0.045,0.05,12900.0,0.0050000000000000044
7.0,26.0,0.06,0.06,0.044,0.06,16500.0,0.0
7.0,23.0,0.06,0.06,0.06,0.06,200.0,0.0
7.0,22.0,0.044,0.0669,0.044,0.06,25800.0,0.016
7.0,20.0,0.044,0.044,0.044,0.044,1000.0,0.0
7.0,16.0,0.052,0.067,0.043,0.044,69600.0,-0.008
7.0,15.0,0.05,0.06,0.05,0.06,7400.0,0.009999999999999995
7.0,12.0,0.06,0.06,0.043,0.05,35500.0,-0.009999999999999995
7.0,9.0,0.05,0.05,0.0499,0.05,51000.0,0.0
7.0,7.0,0.05,0.05,0.05,0.05,10000.0,0.0
7.0,6.0,0.065,0.065,0.05,0.05,13400.0,-0.015
7.0,2.0,0.065,0.065,0.065,0.065,2700.0,0.0
7.0,1.0,0.05,0.05,0.05,0.05,1000.0,0.0
6.0,30.0,0.05,0.05,0.05,0.05,100.0,0.0
6.0,29.0,0.05,0.05,0.05,0.05,22100.0,0.0
6.0,28.0,0.046,0.06,0.046,0.06,4200.0,0.013999999999999999
6.0,25.0,0.046,0.07,0.046,0.07,8900.0,0.024000000000000007
6.0,24.0,0.046,0.05,0.046,0.05,7000.0,0.0040000000000000036
6.0,23.0,0.046,0.06,0.046,0.055,16900.0,0.009000000000000001
6.0,21.0,0.046,0.06,0.045,0.06,30300.0,0.013999999999999999
6.0,18.0,0.046,0.05,0.045,0.05,18300.0,0.0040000000000000036
6.0,17.0,0.046,0.05,0.043,0.045,23800.0,-0.0010000000000000009
6.0,16.0,0.046,0.046,0.043,0.043,300.0,-0.0030000000000000027
6.0,15.0,0.046,0.05,0.043,0.043,6200.0,-0.0030000000000000027
6.0,14.0,0.046,0.05,0.046,0.05,72000.0,0.0040000000000000036
6.0,11.0,0.046,0.05,0.046,0.05,13800.0,0.0040000000000000036
6.0,10.0,0.046,0.0476,0.046,0.0476,1000.0,0.0016000000000000042
6.0,9.0,0.046,0.05,0.046,0.05,15900.0,0.0040000000000000036
6.0,8.0,0.046,0.046,0.045,0.045,3000.0,-0.0010000000000000009
6.0,7.0,0.046,0.046,0.045,0.045,37200.0,-0.0010000000000000009
6.0,3.0,0.046,0.05,0.045,0.05,6800.0,0.0040000000000000036
6.0,2.0,0.046,0.05,0.046,0.05,8700.0,0.0040000000000000036
6.0,1.0,0.046,0.05,0.045,0.05,22500.0,0.0040000000000000036
5.0,28.0,0.046,0.046,0.04,0.04,10000.0,-0.005999999999999998
5.0,27.0,0.046,0.05,0.04,0.05,18700.0,0.0040000000000000036
5.0,26.0,0.046,0.055,0.046,0.05,24300.0,0.0040000000000000036
5.0,25.0,0.046,0.055,0.046,0.055,8800.0,0.009000000000000001
5.0,24.0,0.046,0.055,0.046,0.055,18300.0,0.009000000000000001
5.0,21.0,0.046,0.055,0.046,0.055,18800.0,0.009000000000000001
5.0,20.0,0.046,0.055,0.046,0.055,27500.0,0.009000000000000001
5.0,19.0,0.046,0.047,0.045,0.047,81300.0,0.0010000000000000009
5.0,18.0,0.046,0.061,0.046,0.046,120900.0,0.0
5.0,17.0,0.046,0.0611,0.046,0.061,23700.0,0.015
5.0,14.0,0.046,0.07,0.046,0.0611,11500.0,0.015100000000000002
5.0,13.0,0.046,0.072,0.046,0.07,3600.0,0.024000000000000007
5.0,12.0,0.046,0.07,0.046,0.07,38500.0,0.024000000000000007
5.0,11.0,0.046,0.0661,0.046,0.06,49300.0,0.013999999999999999
5.0,10.0,0.046,0.075,0.046,0.066,7200.0,0.020000000000000004
5.0,7.0,0.046,0.075,0.046,0.075,48000.0,0.028999999999999998
5.0,6.0,0.046,0.075,0.046,0.075,17000.0,0.028999999999999998
5.0,5.0,0.046,0.07,0.046,0.07,12200.0,0.024000000000000007
5.0,4.0,0.046,0.075,0.046,0.07,27400.0,0.024000000000000007
5.0,3.0,0.046,0.075,0.046,0.075,21500.0,0.028999999999999998
4.0,30.0,0.046,0.075,0.046,0.075,6100.0,0.028999999999999998
4.0,29.0,0.046,0.08,0.046,0.075,3400.0,0.028999999999999998
4.0,28.0,0.046,0.083,0.046,0.08,16000.0,0.034
4.0,27.0,0.046,0.083,0.046,0.083,11700.0,0.037000000000000005
4.0,26.0,0.046,0.08,0.046,0.08,12200.0,0.034
4.0,23.0,0.046,0.09,0.046,0.08,39000.0,0.034
4.0,21.0,0.046,0.09,0.046,0.08,2000.0,0.034
4.0,20.0,0.046,0.08,0.046,0.08,10000.0,0.034
4.0,19.0,0.046,0.09,0.046,0.085,10100.0,0.03900000000000001
4.0,16.0,0.046,0.09,0.046,0.085,16000.0,0.03900000000000001
4.0,15.0,0.046,0.09,0.046,0.09,107300.0,0.044
4.0,14.0,0.046,0.085,0.046,0.08,16700.0,0.034
4.0,13.0,0.08,0.08,0.08,0.08,16900.0,0.0
4.0,12.0,0.099,0.099,0.08,0.08,47300.0,-0.019000000000000003
4.0,9.0,0.046,0.085,0.046,0.085,12800.0,0.03900000000000001
4.0,8.0,0.046,0.09,0.046,0.06,71100.0,0.013999999999999999
4.0,7.0,0.046,0.08,0.046,0.08,13900.0,0.034
4.0,5.0,0.046,0.08,0.046,0.07,25000.0,0.024000000000000007
4.0,1.0,0.046,0.08,0.046,0.08,10300.0,0.034
3.0,31.0,0.046,0.08,0.046,0.07,41100.0,0.024000000000000007
3.0,30.0,0.046,0.08,0.046,0.065,4800.0,0.019000000000000003
3.0,29.0,0.046,0.08,0.046,0.08,2200.0,0.034
3.0,26.0,0.046,0.065,0.046,0.065,2000.0,0.019000000000000003
3.0,24.0,0.046,0.065,0.046,0.065,100.0,0.019000000000000003
3.0,23.0,0.046,0.065,0.046,0.065,5800.0,0.019000000000000003
3.0,22.0,0.046,0.085,0.046,0.065,55600.0,0.019000000000000003
3.0,19.0,0.08,0.08,0.07,0.074,17900.0,-0.006000000000000005
3.0,18.0,0.046,0.0795,0.046,0.0795,7400.0,0.0335
3.0,17.0,0.046,0.065,0.046,0.065,24700.0,0.019000000000000003
3.0,16.0,0.046,0.068,0.046,0.065,16500.0,0.019000000000000003
3.0,15.0,0.046,0.08,0.046,0.0701,19200.0,0.024099999999999996
3.0,12.0,0.046,0.069,0.046,0.0685,27600.0,0.022500000000000006
3.0,11.0,0.046,0.069,0.046,0.068,13500.0,0.022000000000000006
3.0,10.0,0.046,0.069,0.046,0.069,32300.0,0.023000000000000007
3.0,9.0,0.07,0.07,0.07,0.07,2000.0,0.0
3.0,8.0,0.046,0.07,0.046,0.07,41000.0,0.024000000000000007
3.0,5.0,0.046,0.067,0.046,0.067,400.0,0.021000000000000005
3.0,3.0,0.046,0.067,0.046,0.067,7300.0,0.021000000000000005
3.0,2.0,0.046,0.07,0.046,0.067,19000.0,0.021000000000000005
3.0,1.0,0.046,0.07,0.046,0.07,5900.0,0.024000000000000007
2.0,26.0,0.046,0.067,0.046,0.067,8300.0,0.021000000000000005
2.0,25.0,0.046,0.067,0.046,0.067,400.0,0.021000000000000005
2.0,24.0,0.046,0.067,0.046,0.067,1300.0,0.021000000000000005
2.0,23.0,0.046,0.067,0.046,0.067,4600.0,0.021000000000000005
2.0,22.0,0.046,0.067,0.046,0.067,3300.0,0.021000000000000005
2.0,19.0,0.046,0.07,0.046,0.07,11100.0,0.024000000000000007
2.0,18.0,0.046,0.07,0.046,0.067,20800.0,0.021000000000000005
2.0,17.0,0.046,0.07,0.046,0.07,20000.0,0.024000000000000007
2.0,12.0,0.067,0.067,0.067,0.067,200.0,0.0
2.0,11.0,0.07,0.07,0.067,0.067,9600.0,-0.0030000000000000027
2.0,10.0,0.066,0.07,0.065,0.07,25000.0,0.0040000000000000036
2.0,9.0,0.065,0.07,0.065,0.07,33300.0,0.0050000000000000044
2.0,8.0,0.07,0.07,0.065,0.065,14200.0,-0.0050000000000000044
2.0,5.0,0.07,0.076,0.07,0.07,8200.0,0.0
2.0,4.0,0.075,0.076,0.07,0.076,66800.0,0.0010000000000000009
2.0,3.0,0.075,0.075,0.075,0.075,6400.0,0.0
2.0,2.0,0.075,0.076,0.075,0.076,1800.0,0.0010000000000000009
2.0,1.0,0.076,0.076,0.075,0.076,3200.0,0.0
1.0,29.0,0.076,0.076,0.076,0.076,17900.0,0.0
1.0,28.0,0.078,0.078,0.076,0.076,23400.0,-0.0020000000000000018
1.0,27.0,0.086,0.086,0.077,0.077,6200.0,-0.008999999999999994
1.0,26.0,0.083,0.083,0.076,0.076,23000.0,-0.007000000000000006
1.0,25.0,0.075,0.084,0.075,0.083,30100.0,0.008000000000000007
1.0,22.0,0.07,0.095,0.07,0.075,35500.0,0.0049999999999999906
1.0,21.0,0.1,0.1,0.072,0.072,73100.0,-0.02800000000000001
1.0,20.0,0.101,0.101,0.1,0.1,28200.0,-0.0010000000000000009
1.0,19.0,0.101,0.13,0.085,0.1,221700.0,-0.0010000000000000009
1.0,15.0,0.101,0.13,0.1,0.101,120900.0,0.0
1.0,14.0,0.115,0.135,0.115,0.12,61500.0,0.0049999999999999906
1.0,13.0,0.13,0.15,0.11,0.145,207700.0,0.014999999999999986
1.0,12.0,0.115,0.19,0.09,0.149,345200.0,0.03399999999999999
1.0,11.0,0.1,0.16,0.095,0.15,379000.0,0.04999999999999999
1.0,8.0,0.08,0.1,0.08,0.1,155500.0,0.020000000000000004
1.0,7.0,0.07,0.095,0.07,0.08,295700.0,0.009999999999999995
1.0,6.0,0.04,0.07,0.0379,0.07,268800.0,0.030000000000000006
1.0,5.0,0.03,0.04,0.03,0.0375,24400.0,0.0075
1.0,4.0,0.03,0.03,0.03,0.03,1500.0,0.0
12.0,31.0,0.035,0.04,0.03,0.03,44200.0,-0.0050000000000000044
12.0,30.0,0.035,0.045,0.035,0.035,39900.0,0.0
12.0,29.0,0.04,0.04,0.035,0.035,33100.0,-0.0049999999999999975
12.0,28.0,0.04,0.055,0.04,0.04,32100.0,0.0
12.0,24.0,0.04,0.04,0.04,0.04,11800.0,0.0
12.0,23.0,0.04,0.04,0.04,0.04,41500.0,0.0
12.0,22.0,0.046,0.046,0.04,0.04,23600.0,-0.005999999999999998
12.0,21.0,0.046,0.046,0.046,0.046,2100.0,0.0
12.0,18.0,0.0465,0.0465,0.046,0.046,10900.0,-5.000000000000004E-4
12.0,17.0,0.046,0.0465,0.046,0.0465,1600.0,5.000000000000004E-4
12.0,16.0,0.045,0.046,0.045,0.046,13600.0,0.0010000000000000009
12.0,15.0,0.045,0.045,0.045,0.045,1600.0,0.0
12.0,14.0,0.045,0.05,0.045,0.045,24400.0,0.0
12.0,11.0,0.04,0.05,0.04,0.045,77400.0,0.0049999999999999975
12.0,10.0,0.026,0.04,0.026,0.03,20000.0,0.004
12.0,9.0,0.026,0.026,0.026,0.026,2100.0,0.0
12.0,8.0,0.046,0.046,0.02,0.04,140400.0,-0.005999999999999998
12.0,7.0,0.05,0.05,0.04,0.04,24300.0,-0.010000000000000002
12.0,4.0,0.046,0.05,0.046,0.05,42600.0,0.0040000000000000036
12.0,3.0,0.046,0.046,0.046,0.046,500.0,0.0
12.0,2.0,0.046,0.048,0.046,0.046,41300.0,0.0
12.0,1.0,0.046,0.05,0.046,0.046,25400.0,0.0
11.0,30.0,0.046,0.05,0.046,0.05,21200.0,0.0040000000000000036
11.0,27.0,0.05,0.05,0.05,0.05,16100.0,0.0
11.0,25.0,0.051,0.051,0.05,0.05,9000.0,-9.99999999999994E-4
11.0,24.0,0.051,0.051,0.051,0.051,1400.0,0.0
11.0,23.0,0.052,0.052,0.052,0.052,16000.0,0.0
11.0,20.0,0.055,0.055,0.051,0.051,6800.0,-0.0040000000000000036
11.0,19.0,0.055,0.055,0.051,0.055,17200.0,0.0
11.0,18.0,0.06,0.06,0.055,0.055,72000.0,-0.0049999999999999975
11.0,17.0,0.045,0.06,0.045,0.06,54600.0,0.015
11.0,16.0,0.052,0.052,0.05,0.05,62900.0,-0.001999999999999995
11.0,13.0,0.052,0.052,0.052,0.052,41100.0,0.0
11.0,12.0,0.057,0.06,0.052,0.052,75100.0,-0.0050000000000000044
11.0,11.0,0.06,0.06,0.052,0.052,16800.0,-0.008
11.0,10.0,0.06,0.06,0.06,0.06,58000.0,0.0
11.0,9.0,0.06,0.06,0.06,0.06,21300.0,0.0
11.0,6.0,0.06,0.06,0.06,0.06,2800.0,0.0
11.0,5.0,0.06,0.06,0.06,0.06,23600.0,0.0
11.0,4.0,0.06,0.06,0.06,0.06,4600.0,0.0
11.0,3.0,0.06,0.06,0.06,0.06,3200.0,0.0
11.0,2.0,0.06,0.06,0.06,0.06,4800.0,0.0
10.0,30.0,0.06,0.075,0.06,0.06,7000.0,0.0
10.0,29.0,0.065,0.07,0.065,0.07,39800.0,0.0050000000000000044
10.0,28.0,0.07,0.07,0.06,0.065,44600.0,-0.0050000000000000044
10.0,27.0,0.06,0.07,0.06,0.06,128700.0,0.0
10.0,26.0,0.06,0.065,0.06,0.065,5600.0,0.0050000000000000044
10.0,23.0,0.06,0.06,0.06,0.06,16800.0,0.0
10.0,22.0,0.062,0.062,0.06,0.06,111200.0,-0.0020000000000000018
10.0,21.0,0.062,0.065,0.06,0.062,52900.0,0.0
10.0,20.0,0.06,0.063,0.06,0.06,146600.0,0.0
10.0,19.0,0.07,0.07,0.067,0.067,66400.0,-0.0030000000000000027
10.0,16.0,0.07,0.07,0.07,0.07,11600.0,0.0
10.0,15.0,0.06,0.071,0.06,0.07,27400.0,0.010000000000000009
10.0,14.0,0.07,0.074,0.07,0.07,74000.0,0.0
10.0,13.0,0.067,0.067,0.067,0.067,5800.0,0.0
10.0,12.0,0.048,0.084,0.048,0.066,26200.0,0.018000000000000002
10.0,9.0,0.07,0.077,0.07,0.077,7400.0,0.006999999999999992
10.0,8.0,0.066,0.07,0.065,0.07,28600.0,0.0040000000000000036
10.0,7.0,0.08,0.08,0.07,0.07,16300.0,-0.009999999999999995
10.0,6.0,0.08,0.08,0.065,0.08,37000.0,0.0
10.0,5.0,0.06,0.085,0.06,0.08,113500.0,0.020000000000000004
10.0,2.0,0.07,0.07,0.065,0.07,53700.0,0.0
10.0,1.0,0.095,0.095,0.065,0.07,67900.0,-0.024999999999999994
9.0,30.0,0.085,0.085,0.084,0.084,50400.0,-0.0010000000000000009
9.0,29.0,0.071,0.071,0.065,0.066,43400.0,-0.0049999999999999906
9.0,28.0,0.06,0.071,0.06,0.071,17200.0,0.010999999999999996
9.0,25.0,0.06,0.07,0.06,0.07,8400.0,0.010000000000000009
9.0,24.0,0.075,0.085,0.06,0.0652,67900.0,-0.009800000000000003
9.0,23.0,0.085,0.085,0.075,0.075,46600.0,-0.010000000000000009
9.0,22.0,0.0845,0.085,0.08,0.08,93800.0,-0.004500000000000004
9.0,21.0,0.07,0.0849,0.06,0.08,55700.0,0.009999999999999995
9.0,18.0,0.07,0.07,0.07,0.07,23700.0,0.0
9.0,17.0,0.071,0.075,0.07,0.07,47000.0,-9.99999999999987E-4
9.0,16.0,0.085,0.088,0.075,0.075,58800.0,-0.010000000000000009
9.0,15.0,0.08,0.09,0.075,0.075,59600.0,-0.0050000000000000044
9.0,14.0,0.09,0.09,0.08,0.08,45500.0,-0.009999999999999995
9.0,11.0,0.082,0.09,0.08,0.085,98400.0,0.0030000000000000027
9.0,10.0,0.073,0.085,0.07,0.082,261000.0,0.009000000000000008
9.0,9.0,0.073,0.073,0.065,0.073,50400.0,0.0
9.0,8.0,0.065,0.073,0.065,0.073,26500.0,0.007999999999999993
9.0,4.0,0.065,0.065,0.065,0.065,4300.0,0.0
9.0,3.0,0.07,0.07,0.062,0.07,39500.0,0.0
9.0,2.0,0.07,0.07,0.062,0.07,125300.0,0.0
9.0,1.0,0.08,0.08,0.07,0.072,210100.0,-0.008000000000000007
8.0,31.0,0.1,0.1,0.07,0.089,432100.0,-0.01100000000000001
8.0,28.0,0.09,0.09,0.085,0.09,139300.0,0.0
8.0,27.0,0.1,0.1,0.089,0.089,185400.0,-0.01100000000000001
8.0,26.0,0.09,0.1,0.08,0.097,208600.0,0.007000000000000006
8.0,25.0,0.06,0.09,0.06,0.08,169200.0,0.020000000000000004
8.0,24.0,0.07,0.07,0.06,0.06,57400.0,-0.010000000000000009
8.0,21.0,0.07,0.08,0.07,0.07,41000.0,0.0
8.0,20.0,0.07,0.07,0.07,0.07,7800.0,0.0
8.0,19.0,0.07,0.084,0.06,0.07,172100.0,0.0
8.0,18.0,0.1,0.1,0.07,0.07,8100.0,-0.03
8.0,17.0,0.1,0.1,0.07,0.07,75600.0,-0.03
8.0,14.0,0.1,0.1,0.06,0.1,19200.0,0.0
8.0,13.0,0.05,0.1,0.05,0.06,21700.0,0.009999999999999995
8.0,12.0,0.05,0.1,0.05,0.05,9500.0,0.0
8.0,11.0,0.06,0.1,0.02,0.07,197900.0,0.010000000000000009
8.0,10.0,0.053,0.08,0.049,0.08,348900.0,0.027000000000000003
8.0,7.0,0.07,0.07,0.049,0.051,55500.0,-0.01900000000000001
8.0,6.0,0.06,0.0601,0.06,0.0601,1700.0,1.0000000000000286E-4
8.0,5.0,0.066,0.066,0.06,0.06,48600.0,-0.006000000000000005
8.0,4.0,0.065,0.066,0.05,0.066,154100.0,0.0010000000000000009
8.0,3.0,0.06,0.066,0.0501,0.066,78500.0,0.006000000000000005
7.0,31.0,0.06,0.06,0.05,0.06,27800.0,0.0
7.0,30.0,0.07,0.07,0.05,0.052,46600.0,-0.01800000000000001
7.0,29.0,0.07,0.07,0.05,0.055,114200.0,-0.015000000000000006
7.0,28.0,0.06,0.07,0.055,0.06,384000.0,0.0
7.0,27.0,0.06,0.07,0.05,0.06,164600.0,0.0
7.0,24.0,0.065,0.065,0.048,0.05,816800.0,-0.015
7.0,23.0,0.07,0.07,0.065,0.065,42000.0,-0.0050000000000000044
7.0,22.0,0.09,0.09,0.06,0.07,153200.0,-0.01999999999999999
7.0,21.0,0.07,0.08,0.07,0.07,122100.0,0.0
7.0,20.0,0.07,0.07,0.06,0.07,19700.0,0.0
7.0,17.0,0.07,0.07,0.06,0.07,32900.0,0.0
7.0,16.0,0.09,0.09,0.06,0.07,374400.0,-0.01999999999999999
7.0,15.0,0.06,0.08,0.05,0.08,60200.0,0.020000000000000004
7.0,14.0,0.085,0.085,0.05,0.06,311800.0,-0.02500000000000001
7.0,13.0,0.09,0.09,0.085,0.085,14900.0,-0.0049999999999999906
7.0,10.0,0.1,0.1,0.08,0.09,50100.0,-0.010000000000000009
7.0,9.0,0.12,0.12,0.1,0.1,8700.0,-0.01999999999999999
7.0,8.0,0.1,0.11,0.1,0.11,400.0,0.009999999999999995
7.0,7.0,0.11,0.11,0.1,0.11,111000.0,0.0
7.0,6.0,0.12,0.12,0.11,0.12,103400.0,0.0
7.0,2.0,0.12,0.12,0.11,0.12,81500.0,0.0
7.0,1.0,0.12,0.12,0.11,0.12,86600.0,0.0
6.0,30.0,0.13,0.15,0.12,0.12,34800.0,-0.010000000000000009
6.0,29.0,0.16,0.16,0.13,0.15,16300.0,-0.010000000000000009
6.0,26.0,0.17,0.17,0.14,0.15,16800.0,-0.020000000000000018
6.0,25.0,0.14,0.16,0.14,0.15,6200.0,0.009999999999999981
6.0,24.0,0.14,0.14,0.12,0.14,70300.0,0.0
6.0,23.0,0.16,0.16,0.12,0.14,143000.0,-0.01999999999999999
6.0,22.0,0.17,0.17,0.15,0.15,107900.0,-0.020000000000000018
6.0,19.0,0.17,0.175,0.16,0.17,48400.0,0.0
6.0,18.0,0.17,0.185,0.17,0.18,66300.0,0.009999999999999981
6.0,17.0,0.17,0.19,0.17,0.18,41800.0,0.009999999999999981
6.0,16.0,0.19,0.19,0.19,0.19,500.0,0.0
6.0,15.0,0.21,0.22,0.18,0.18,28600.0,-0.03
6.0,12.0,0.22,0.22,0.19,0.21,62500.0,-0.010000000000000009
6.0,11.0,0.18,0.19,0.18,0.19,28900.0,0.010000000000000009
6.0,10.0,0.19,0.19,0.17,0.179,47800.0,-0.01100000000000001
6.0,9.0,0.2,0.2,0.16,0.17,50800.0,-0.03
6.0,8.0,0.23,0.23,0.2,0.2,45400.0,-0.03
6.0,5.0,0.24,0.24,0.21,0.23,93300.0,-0.009999999999999981
6.0,4.0,0.18,0.23,0.18,0.23,66200.0,0.05000000000000002
6.0,3.0,0.18,0.23,0.18,0.18,13300.0,0.0
6.0,2.0,0.18,0.23,0.14,0.18,163700.0,0.0
6.0,1.0,0.18,0.23,0.18,0.181,45200.0,0.0010000000000000009
5.0,29.0,0.17,0.24,0.17,0.18,84300.0,0.009999999999999981
5.0,28.0,0.2,0.25,0.15,0.22,180600.0,0.01999999999999999
5.0,27.0,0.14,0.2,0.14,0.2,69700.0,0.06
5.0,26.0,0.1,0.18,0.1,0.14,64700.0,0.04000000000000001
5.0,22.0,0.18,0.18,0.13,0.15,24800.0,-0.03
5.0,21.0,0.16,0.18,0.13,0.13,46000.0,-0.03
5.0,20.0,0.21,0.21,0.13,0.16,103400.0,-0.04999999999999999
5.0,19.0,0.1,0.19,0.1,0.18,93900.0,0.07999999999999999
5.0,18.0,0.17,0.18,0.1,0.1,77400.0,-0.07
5.0,15.0,0.17,0.2,0.17,0.18,47800.0,0.009999999999999981
5.0,14.0,0.21,0.245,0.17,0.21,187000.0,0.0
5.0,13.0,0.21,0.25,0.21,0.245,115800.0,0.035
5.0,12.0,0.21,0.29,0.21,0.25,104400.0,0.04000000000000001
5.0,11.0,0.16,0.29,0.16,0.21,164300.0,0.04999999999999999
5.0,8.0,0.35,0.39,0.21,0.29,235600.0,-0.06
5.0,7.0,0.3,0.45,0.3,0.35,358800.0,0.04999999999999999
5.0,6.0,0.16,0.49,0.16,0.35,635500.0,0.18999999999999997
5.0,5.0,0.1,0.16,0.055,0.15,482000.0,0.04999999999999999
5.0,4.0,0.05,0.053,0.04,0.053,303400.0,0.0029999999999999957
5.0,1.0,0.04,0.04,0.03,0.04,118400.0,0.0
4.0,30.0,0.025,0.04,0.025,0.03,35900.0,0.0049999999999999975
4.0,29.0,0.04,0.04,0.027,0.03,52700.0,-0.010000000000000002
4.0,28.0,0.04,0.04,0.027,0.03,12200.0,-0.010000000000000002
4.0,27.0,0.027,0.027,0.027,0.027,1100.0,0.0
4.0,24.0,0.035,0.035,0.03,0.035,33200.0,0.0
4.0,23.0,0.04,0.04,0.035,0.035,98200.0,-0.0049999999999999975
4.0,22.0,0.04,0.04,0.035,0.0375,113500.0,-0.0025000000000000022
4.0,21.0,0.025,0.03,0.025,0.03,149700.0,0.0049999999999999975
4.0,20.0,0.03,0.03,0.027,0.027,23000.0,-0.002999999999999999
4.0,17.0,0.03,0.03,0.03,0.03,100.0,0.0
4.0,16.0,0.03,0.033,0.03,0.03,98000.0,0.0
4.0,15.0,0.03,0.03,0.03,0.03,41300.0,0.0
4.0,14.0,0.03,0.03,0.03,0.03,17400.0,0.0
4.0,13.0,0.033,0.033,0.03,0.03,6200.0,-0.0030000000000000027
4.0,9.0,0.03,0.033,0.03,0.03,78200.0,0.0
4.0,8.0,0.031,0.033,0.03,0.03,71700.0,-0.0010000000000000009
4.0,7.0,0.032,0.033,0.027,0.03,100800.0,-0.0020000000000000018
4.0,6.0,0.03,0.032,0.03,0.032,34000.0,0.0020000000000000018
4.0,3.0,0.025,0.03,0.025,0.025,31400.0,0.0
4.0,2.0,0.03,0.03,0.025,0.03,78200.0,0.0
4.0,1.0,0.0225,0.025,0.02,0.025,119200.0,0.0025000000000000022
3.0,31.0,0.033,0.033,0.025,0.025,47200.0,-0.008
3.0,30.0,0.04,0.04,0.03,0.03,25900.0,-0.010000000000000002
3.0,27.0,0.029,0.033,0.0285,0.03,302000.0,9.999999999999974E-4
3.0,26.0,0.029,0.029,0.028,0.029,40400.0,0.0
3.0,25.0,0.02,0.022,0.02,0.022,900.0,0.0019999999999999983
3.0,24.0,0.02,0.028,0.017,0.019,20200.0,-0.0010000000000000009
3.0,23.0,0.029,0.029,0.016,0.029,56800.0,0.0
3.0,20.0,0.034,0.034,0.028,0.028,126500.0,-0.006000000000000002
3.0,19.0,0.028,0.028,0.02,0.028,38400.0,0.0
3.0,18.0,0.02,0.028,0.016,0.016,46100.0,-0.004
3.0,17.0,0.02,0.023,0.02,0.023,3300.0,0.002999999999999999
3.0,16.0,0.029,0.029,0.024,0.024,33100.0,-0.005000000000000001
3.0,13.0,0.025,0.03,0.02,0.0289,120900.0,0.0038999999999999972
3.0,12.0,0.025,0.025,0.015,0.015,78500.0,-0.010000000000000002
3.0,11.0,0.0155,0.0155,0.0155,0.0155,1400.0,0.0
3.0,10.0,0.02,0.02,0.015,0.0155,74200.0,-0.0045000000000000005
3.0,9.0,0.028,0.03,0.011,0.02,286400.0,-0.008
3.0,6.0,0.03,0.03,0.028,0.03,13500.0,0.0
3.0,5.0,0.036,0.036,0.029,0.03,54000.0,-0.005999999999999998
3.0,4.0,0.03,0.03,0.02,0.029,44000.0,-9.999999999999974E-4
3.0,3.0,0.02,0.03,0.02,0.02,228700.0,0.0
3.0,2.0,0.02,0.02,0.02,0.02,6000.0,0.0
2.0,27.0,0.025,0.025,0.025,0.025,3000.0,0.0
2.0,26.0,0.02,0.025,0.012,0.02,166700.0,0.0
2.0,25.0,0.0175,0.02,0.0175,0.0175,16500.0,0.0
2.0,24.0,0.01,0.025,0.01,0.013,154600.0,0.002999999999999999
2.0,23.0,0.03,0.03,0.016,0.017,26000.0,-0.012999999999999998
2.0,20.0,0.0275,0.0275,0.012,0.013,9400.0,-0.0145
2.0,19.0,0.012,0.02,0.012,0.02,69500.0,0.008
2.0,18.0,0.02,0.02,0.0155,0.0155,89200.0,-0.0045000000000000005
2.0,17.0,0.015,0.02,0.015,0.02,59400.0,0.005000000000000001
2.0,12.0,0.015,0.015,0.015,0.015,2600.0,0.0
2.0,11.0,0.02,0.02,0.0125,0.02,19500.0,0.0
2.0,10.0,0.03,0.03,0.02,0.02,124500.0,-0.009999999999999998
2.0,9.0,0.024,0.028,0.024,0.027,34000.0,0.002999999999999999
2.0,6.0,0.023,0.025,0.023,0.024,37400.0,0.0010000000000000009
2.0,5.0,0.025,0.025,0.025,0.025,6000.0,0.0
2.0,4.0,0.025,0.025,0.023,0.025,7900.0,0.0
2.0,3.0,0.02,0.02,0.02,0.02,26200.0,0.0
2.0,2.0,0.025,0.03,0.02,0.02,57400.0,-0.005000000000000001
1.0,30.0,0.025,0.025,0.02,0.025,17400.0,0.0
1.0,29.0,0.025,0.025,0.02,0.02,28400.0,-0.005000000000000001
1.0,28.0,0.025,0.025,0.0245,0.0245,95000.0,-5.000000000000004E-4
1.0,27.0,0.02,0.02,0.01,0.013,25100.0,-0.007000000000000001
1.0,26.0,0.025,0.025,0.025,0.025,5000.0,0.0
1.0,23.0,0.02,0.025,0.017,0.025,153600.0,0.005000000000000001
1.0,22.0,0.025,0.025,0.02,0.025,19100.0,0.0
1.0,21.0,0.025,0.03,0.016,0.025,168000.0,0.0
1.0,20.0,0.02,0.02,0.01,0.015,211600.0,-0.005000000000000001
1.0,16.0,0.03,0.03,0.017,0.02,8400.0,-0.009999999999999998
1.0,15.0,0.032,0.032,0.017,0.017,94600.0,-0.015
1.0,14.0,0.032,0.032,0.032,0.032,1500.0,0.0
1.0,13.0,0.025,0.025,0.025,0.025,72800.0,0.0
1.0,12.0,0.025,0.025,0.019,0.019,17100.0,-0.006000000000000002
1.0,9.0,0.03,0.036,0.025,0.025,50800.0,-0.0049999999999999975
1.0,8.0,0.025,0.031,0.01,0.025,182200.0,0.0
1.0,7.0,0.031,0.031,0.02,0.025,513300.0,-0.005999999999999998
1.0,6.0,0.013,0.03,0.013,0.03,421900.0,0.017
1.0,5.0,0.009,0.0125,0.009,0.0125,5500.0,0.0035000000000000014
1.0,2.0,0.01,0.01,0.01,0.01,21200.0,0.0
12.0,31.0,0.005,0.011,0.005,0.01,369300.0,0.005
12.0,30.0,0.009,0.009,0.009,0.009,50700.0,0.0
12.0,29.0,0.009,0.009,0.009,0.009,28100.0,0.0
12.0,26.0,0.015,0.015,0.0085,0.009,35500.0,-0.006
12.0,24.0,0.005,0.015,0.005,0.015,125200.0,0.009999999999999998
12.0,23.0,0.01,0.014,0.01,0.014,259100.0,0.004
12.0,22.0,0.01,0.01,0.01,0.01,60000.0,0.0
12.0,19.0,0.011,0.015,0.011,0.012,78500.0,0.0010000000000000009
12.0,18.0,0.011,0.015,0.011,0.011,63000.0,0.0
12.0,17.0,0.01,0.015,0.01,0.011,50900.0,9.999999999999992E-4
12.0,16.0,0.013,0.015,0.013,0.013,32200.0,0.0
12.0,15.0,0.014,0.02,0.013,0.013,49500.0,-0.0010000000000000009
12.0,12.0,0.013,0.014,0.013,0.014,12000.0,0.0010000000000000009
12.0,11.0,0.013,0.02,0.013,0.015,18700.0,0.002
12.0,10.0,0.015,0.015,0.012,0.013,42400.0,-0.002
12.0,9.0,0.015,0.015,0.015,0.015,138800.0,0.0
12.0,8.0,0.015,0.02,0.015,0.015,48700.0,0.0
12.0,5.0,0.01,0.015,0.01,0.015,18900.0,0.004999999999999999
12.0,4.0,0.01,0.022,0.01,0.021,52300.0,0.011000000000000001
12.0,3.0,0.015,0.026,0.009,0.01,113300.0,-0.004999999999999999
12.0,2.0,0.02,0.02,0.008,0.009,88000.0,-0.011000000000000001
12.0,1.0,0.013,0.015,0.006,0.014,313900.0,0.0010000000000000009
11.0,28.0,0.01,0.014,0.005,0.005,27000.0,-0.005
11.0,26.0,0.008,0.012,0.005,0.005,281600.0,-0.003
11.0,25.0,0.005,0.008,0.005,0.005,22600.0,0.0
11.0,24.0,0.01,0.01,0.005,0.005,55100.0,-0.005
11.0,21.0,0.01,0.015,0.005,0.006,368600.0,-0.004
11.0,20.0,0.011,0.016,0.01,0.01,160300.0,-9.999999999999992E-4
11.0,19.0,0.026,0.026,0.01,0.011,181300.0,-0.015
11.0,18.0,0.013,0.013,0.0125,0.013,69700.0,0.0
11.0,17.0,0.015,0.02,0.012,0.0125,115100.0,-0.0024999999999999988
11.0,14.0,0.018,0.026,0.015,0.02,185700.0,0.0020000000000000018
11.0,13.0,0.025,0.03,0.016,0.016,190900.0,-0.009000000000000001
11.0,12.0,0.03,0.033,0.025,0.026,237600.0,-0.004
11.0,11.0,0.03,0.038,0.03,0.03,139700.0,0.0
11.0,10.0,0.04,0.04,0.03,0.03,52900.0,-0.010000000000000002
11.0,7.0,0.031,0.04,0.031,0.032,132500.0,0.0010000000000000009
11.0,6.0,0.06,0.064,0.03,0.04,451800.0,-0.019999999999999997
11.0,5.0,0.05,0.06,0.041,0.06,246100.0,0.009999999999999995
11.0,4.0,0.04,0.07,0.04,0.05,367300.0,0.010000000000000002
11.0,3.0,0.07,0.08,0.03,0.04,702000.0,-0.030000000000000006
10.0,31.0,0.15,0.15,0.02,0.07,1123100.0,-0.07999999999999999
10.0,29.0,0.01,0.01,0.01,0.01,100.0,0.0
10.0,28.0,2.04,2.04,0.16,0.27,6639500.0,-1.77
10.0,27.0,2.07,2.07,1.9,1.9,54000.0,-0.16999999999999993
10.0,24.0,2.34,2.35,1.85,2.0,97600.0,-0.33999999999999986
10.0,23.0,3.05,3.05,2.3,2.39,116800.0,-0.6599999999999997
10.0,22.0,3.5,3.5,3.0,3.5,65200.0,0.0
10.0,21.0,3.7,3.85,3.49,3.6,66100.0,-0.10000000000000009
10.0,20.0,3.2,3.78,3.15,3.7,114200.0,0.5
10.0,17.0,3.3,3.3,3.025,3.14,76600.0,-0.1599999999999997
10.0,16.0,3.3,3.329,3.1,3.24,35600.0,-0.05999999999999961
10.0,15.0,3.99,3.99,3.1,3.2,99500.0,-0.79
10.0,14.0,3.65,4.17,3.65,4.17,233700.0,0.52
10.0,13.0,3.1,3.64,3.1,3.38,98100.0,0.2799999999999998
10.0,10.0,3.05,3.2,2.763,3.2,177600.0,0.15000000000000036
10.0,9.0,3.8,4.05,3.05,3.37,76500.0,-0.4299999999999997
10.0,8.0,3.49,3.8,3.49,3.8,92700.0,0.3099999999999996
10.0,7.0,3.65,3.96,3.48,3.48,63500.0,-0.16999999999999993
10.0,6.0,4.4,4.5,3.53,4.5,192300.0,0.09999999999999964
10.0,3.0,5.32,5.32,4.5,4.55,92000.0,-0.7700000000000005
10.0,2.0,5.54,5.7,4.49,4.6,155900.0,-0.9400000000000004
10.0,1.0,5.4,5.49,5.14,5.49,70000.0,0.08999999999999986
9.0,30.0,5.55,5.717,5.42,5.717,137100.0,0.16699999999999982
9.0,29.0,6.0,6.0,5.36,5.5,53900.0,-0.5
9.0,26.0,6.4,6.4,5.08,5.81,134800.0,-0.5900000000000007
9.0,25.0,6.82,6.82,6.373,6.82,57200.0,0.0
9.0,24.0,6.6,6.64,6.46,6.5,22000.0,-0.09999999999999964
9.0,23.0,7.12,7.12,6.6,6.67,43300.0,-0.4500000000000002
9.0,22.0,7.37,7.93,7.22,7.24,33000.0,-0.1299999999999999
9.0,19.0,7.01,7.6,7.0,7.37,66800.0,0.3600000000000003
9.0,18.0,6.75,6.91,6.3,6.78,54800.0,0.03000000000000025
9.0,17.0,6.5,6.98,6.48,6.73,132100.0,0.23000000000000043
9.0,16.0,6.55,6.62,6.32,6.54,55800.0,-0.009999999999999787
9.0,15.0,7.27,7.38,6.52,6.76,73900.0,-0.5099999999999998
9.0,12.0,7.12,7.74,7.02,7.44,118200.0,0.3200000000000003
9.0,11.0,6.85,7.42,6.56,7.2,89100.0,0.35000000000000053
9.0,10.0,6.02,6.96,5.8,6.94,194100.0,0.9200000000000008
9.0,9.0,6.83,6.83,5.56,6.02,516300.0,-0.8100000000000005
9.0,8.0,7.86,7.9,6.59,6.75,224800.0,-1.1100000000000003
9.0,5.0,7.87,7.88,7.05,7.49,167700.0,-0.3799999999999999
9.0,4.0,8.51,8.58,7.75,7.87,173400.0,-0.6399999999999997
9.0,3.0,9.02,9.26,8.43,8.6,158800.0,-0.41999999999999993
9.0,2.0,9.32,9.32,8.96,9.09,138400.0,-0.23000000000000043
8.0,29.0,9.45,9.5,9.32,9.5,78600.0,0.05000000000000071
8.0,28.0,9.38,9.54,9.38,9.54,80600.0,0.15999999999999837
8.0,27.0,9.4,9.4,9.23,9.32,39300.0,-0.08000000000000007
8.0,26.0,9.01,9.26,9.01,9.26,132800.0,0.25
8.0,25.0,9.15,9.22,8.9,9.055,128900.0,-0.09500000000000064
8.0,22.0,9.36,9.36,9.01,9.13,27600.0,-0.22999999999999865
8.0,21.0,9.4,9.45,8.9,9.14,142100.0,-0.2599999999999998
8.0,20.0,9.11,9.6,9.11,9.43,34200.0,0.3200000000000003
8.0,19.0,9.41,9.6,9.27,9.27,41400.0,-0.14000000000000057
8.0,18.0,9.1,9.73,9.07,9.61,158000.0,0.5099999999999998
8.0,15.0,8.99,9.2,8.99,9.1,55700.0,0.10999999999999943
8.0,14.0,9.54,9.59,8.8,8.98,220200.0,-0.5599999999999987
8.0,13.0,9.2,9.65,9.09,9.19,328300.0,-0.009999999999999787
8.0,12.0,9.5,9.71,8.96,9.1,176100.0,-0.40000000000000036
8.0,11.0,10.02,10.1,9.04,9.25,211300.0,-0.7699999999999996
8.0,8.0,11.14,11.14,9.9,10.01,474700.0,-1.1300000000000008
8.0,7.0,11.2,11.55,11.0,11.55,133100.0,0.3500000000000014
8.0,6.0,12.02,12.04,10.88,11.198,214900.0,-0.8219999999999992
8.0,5.0,13.26,13.26,11.95,12.0,180800.0,-1.2599999999999998
8.0,4.0,13.06,13.18,12.8,12.8,73200.0,-0.2599999999999998
8.0,1.0,13.03,13.32,13.03,13.11,55300.0,0.08000000000000007
7.0,31.0,13.62,13.652,13.17,13.652,169500.0,0.03200000000000003
7.0,30.0,13.84,14.03,13.52,13.59,57000.0,-0.25
7.0,29.0,13.75,13.92,13.75,13.81,20400.0,0.0600000000000005
7.0,28.0,14.05,14.05,13.81,14.05,74600.0,0.0
7.0,25.0,13.75,14.028,13.63,13.99,30200.0,0.2400000000000002
7.0,24.0,13.7,13.74,13.7,13.74,23000.0,0.040000000000000924
7.0,23.0,13.35,13.65,13.31,13.58,41000.0,0.23000000000000043
7.0,22.0,13.14,13.3,13.14,13.3,73300.0,0.16000000000000014
7.0,21.0,13.15,13.39,12.8,13.17,104800.0,0.019999999999999574
7.0,18.0,13.44,13.44,13.0,13.2,120700.0,-0.2400000000000002
7.0,17.0,13.9,13.9,13.51,13.64,53300.0,-0.2599999999999998
7.0,16.0,13.71,14.18,13.71,14.18,139600.0,0.46999999999999886
7.0,15.0,14.0,14.0,13.6,13.83,1200.0,-0.16999999999999993
7.0,14.0,14.33,14.47,13.96,14.07,1500.0,-0.2599999999999998
7.0,11.0,14.08,14.08,13.99,14.08,72800.0,0.0
7.0,10.0,13.75,14.27,13.75,14.27,96200.0,0.5199999999999996
7.0,9.0,13.26,14.19,13.2,13.5,1900.0,0.2400000000000002
7.0,8.0,13.26,13.35,12.95,13.25,1200.0,-0.009999999999999787
7.0,7.0,13.23,13.36,13.0,13.01,900.0,-0.22000000000000064
7.0,3.0,12.93,13.39,12.87,13.0,700.0,0.07000000000000028
7.0,2.0,13.45,13.45,12.96,13.01,500.0,-0.4399999999999995
7.0,1.0,13.3,13.3,12.96,13.25,1300.0,-0.05000000000000071
6.0,30.0,13.02,13.83,12.88,13.5,3400.0,0.4800000000000004
6.0,27.0,12.8,12.8,12.15,12.8,800.0,0.0
6.0,26.0,12.7,12.91,12.5,12.75,1100.0,0.05000000000000071
6.0,25.0,12.32,13.11,12.3,12.96,1300.0,0.6400000000000006
6.0,24.0,12.95,13.02,12.12,12.32,4200.0,-0.629999999999999
6.0,23.0,13.2,13.44,12.72,12.94,2200.0,-0.2599999999999998
6.0,20.0,13.5,13.55,12.95,13.2,4500.0,-0.3000000000000007
6.0,19.0,13.85,14.06,13.53,13.75,4500.0,-0.09999999999999964
6.0,18.0,14.25,14.5,13.75,13.85,36900.0,-0.40000000000000036
