9.0,25.0,14.53,14.56,14.52,14.54,77700.0,0.009999999999999787
9.0,24.0,14.51,14.53,14.46,14.51,106000.0,0.0
9.0,23.0,14.63,14.64,14.53,14.56,101600.0,-0.07000000000000028
9.0,22.0,14.63,14.7,14.61,14.64,83900.0,0.009999999999999787
9.0,21.0,14.85,14.85,14.73,14.73,43600.0,-0.11999999999999922
9.0,18.0,14.87,15.02,14.86,14.95,81600.0,0.08000000000000007
9.0,17.0,14.85,14.96,14.78,14.94,172100.0,0.08999999999999986
9.0,16.0,14.78,14.89,14.78,14.89,51800.0,0.11000000000000121
9.0,15.0,14.73,14.87,14.73,14.8,126200.0,0.07000000000000028
9.0,14.0,14.82,14.82,14.74,14.74,64000.0,-0.08000000000000007
9.0,11.0,14.85,14.86,14.71,14.79,109600.0,-0.0600000000000005
9.0,10.0,14.85,14.93,14.85,14.9,49000.0,0.05000000000000071
9.0,9.0,14.97,14.98,14.85,14.87,120400.0,-0.10000000000000142
9.0,8.0,14.87,15.0,14.85,15.0,142300.0,0.13000000000000078
9.0,4.0,14.71,14.89,14.66,14.87,158100.0,0.15999999999999837
9.0,3.0,14.71,14.85,14.7,14.79,137000.0,0.0799999999999983
9.0,2.0,14.67,14.73,14.62,14.71,83500.0,0.040000000000000924
9.0,1.0,14.48,14.66,14.48,14.66,170700.0,0.17999999999999972
8.0,31.0,14.73,14.75,14.59,14.59,163800.0,-0.14000000000000057
8.0,28.0,14.62,14.73,14.61,14.73,121000.0,0.11000000000000121
8.0,27.0,14.62,14.68,14.59,14.62,142500.0,0.0
8.0,26.0,14.55,14.62,14.43,14.56,266200.0,0.009999999999999787
8.0,25.0,14.39,14.5,14.34,14.46,166600.0,0.07000000000000028
8.0,24.0,14.05,14.36,13.79,14.14,350100.0,0.08999999999999986
8.0,21.0,14.68,14.74,14.48,14.51,262000.0,-0.16999999999999993
8.0,20.0,14.75,14.85,14.69,14.73,149500.0,-0.019999999999999574
8.0,19.0,15.01,15.05,14.93,14.95,302700.0,-0.0600000000000005
8.0,18.0,15.07,15.12,15.05,15.08,81400.0,0.009999999999999787
8.0,17.0,15.08,15.14,15.07,15.07,77400.0,-0.009999999999999787
8.0,14.0,15.12,15.15,15.08,15.08,98900.0,-0.03999999999999915
8.0,13.0,15.08,15.15,15.07,15.1,143900.0,0.019999999999999574
8.0,12.0,15.1,15.16,15.06,15.1,124900.0,0.0
8.0,11.0,15.17,15.19,15.11,15.12,114000.0,-0.05000000000000071
8.0,10.0,15.31,15.32,15.15,15.15,108800.0,-0.16000000000000014
8.0,7.0,15.36,15.36,15.3,15.31,49800.0,-0.049999999999998934
8.0,6.0,15.47,15.47,15.32,15.38,150100.0,-0.08999999999999986
8.0,5.0,15.48,15.51,15.42,15.44,59700.0,-0.040000000000000924
8.0,4.0,15.46,15.51,15.42,15.48,90100.0,0.019999999999999574
8.0,3.0,15.47,15.58,15.46,15.56,163400.0,0.08999999999999986
7.0,31.0,15.39,15.48,15.38,15.43,127100.0,0.03999999999999915
7.0,30.0,15.44,15.47,15.39,15.39,80900.0,-0.049999999999998934
7.0,29.0,15.3,15.48,15.29,15.48,91300.0,0.17999999999999972
7.0,28.0,15.42,15.43,15.32,15.37,116500.0,-0.05000000000000071
7.0,27.0,15.26,15.42,15.11,15.39,252500.0,0.13000000000000078
7.0,24.0,15.4,15.41,15.28,15.31,108700.0,-0.08999999999999986
7.0,23.0,15.44,15.48,15.38,15.38,120800.0,-0.05999999999999872
7.0,22.0,15.52,15.54,15.32,15.5,189800.0,-0.019999999999999574
7.0,21.0,15.68,15.73,15.6,15.65,101000.0,-0.02999999999999936
7.0,20.0,15.86,15.86,15.7,15.7,61000.0,-0.16000000000000014
7.0,17.0,15.93,15.95,15.82,15.87,99000.0,-0.0600000000000005
7.0,16.0,15.84,15.93,15.82,15.92,108800.0,0.08000000000000007
7.0,15.0,15.87,15.87,15.8,15.83,91500.0,-0.03999999999999915
7.0,14.0,15.83,15.85,15.81,15.83,46300.0,0.0
7.0,13.0,15.84,15.86,15.81,15.84,46800.0,0.0
7.0,10.0,15.86,15.88,15.83,15.85,55200.0,-0.009999999999999787
7.0,9.0,15.87,15.92,15.78,15.8,110300.0,-0.06999999999999851
7.0,8.0,15.83,15.86,15.79,15.85,85400.0,0.019999999999999574
7.0,7.0,15.88,15.92,15.81,15.87,113000.0,-0.010000000000001563
7.0,6.0,15.8,15.91,15.77,15.91,109600.0,0.10999999999999943
7.0,2.0,15.83,15.91,15.82,15.89,49100.0,0.0600000000000005
7.0,1.0,15.71,15.86,15.65,15.83,132100.0,0.11999999999999922
6.0,30.0,15.62,15.76,15.57,15.63,248900.0,0.010000000000001563
6.0,29.0,15.75,15.8,15.53,15.53,160000.0,-0.22000000000000064
6.0,26.0,15.95,15.95,15.76,15.78,189400.0,-0.16999999999999993
6.0,25.0,16.049999,16.09,15.93,15.97,191500.0,-0.07999899999999904
6.0,24.0,16.08,16.120001,16.059999,16.1,100700.0,0.020000000000003126
6.0,23.0,16.08,16.129999,16.059999,16.1,60600.0,0.020000000000003126
6.0,22.0,16.030001,16.1,16.01,16.07,92000.0,0.03999900000000167
6.0,19.0,16.110001,16.110001,16.02,16.030001,68600.0,-0.08000000000000185
6.0,18.0,16.17,16.200001,16.129999,16.17,83800.0,0.0
6.0,17.0,16.209999,16.209999,16.139999,16.18,112400.0,-0.02999900000000011
6.0,16.0,16.23,16.23,16.190001,16.209999,41100.0,-0.0200010000000006
6.0,15.0,16.17,16.280001,16.15,16.219999,80500.0,0.04999899999999968
6.0,12.0,16.290001,16.32,16.24,16.24,63500.0,-0.05000100000000174
6.0,11.0,16.309999,16.35,16.24,16.33,134800.0,0.02000099999999705
6.0,10.0,16.290001,16.290001,16.24,16.280001,60400.0,-0.010000000000001563
6.0,9.0,16.35,16.360001,16.25,16.290001,68600.0,-0.059999000000001246
6.0,8.0,16.34,16.389999,16.290001,16.360001,79700.0,0.0200010000000006
6.0,5.0,16.299999,16.360001,16.27,16.35,131300.0,0.05000100000000174
6.0,4.0,16.34,16.360001,16.280001,16.360001,156200.0,0.0200010000000006
6.0,3.0,16.32,16.379999,16.309999,16.360001,141000.0,0.040001000000000175
6.0,2.0,16.139999,16.360001,16.110001,16.35,245100.0,0.21000100000000188
6.0,1.0,16.15,16.190001,16.139999,16.190001,82900.0,0.040001000000000175
5.0,29.0,16.219999,16.26,16.120001,16.120001,107000.0,-0.09999800000000292
5.0,28.0,16.280001,16.290001,16.209999,16.23,123600.0,-0.050000999999998186
5.0,27.0,16.23,16.299999,16.23,16.299999,83400.0,0.06999899999999926
5.0,26.0,16.26,16.280001,16.219999,16.23,120600.0,-0.030000000000001137
5.0,22.0,16.209999,16.280001,16.209999,16.280001,79400.0,0.07000199999999879
5.0,21.0,16.219999,16.27,16.190001,16.27,105000.0,0.050000999999998186
5.0,20.0,16.219999,16.24,16.18,16.209999,95600.0,-0.010000000000001563
5.0,19.0,16.190001,16.23,16.17,16.23,98000.0,0.03999900000000167
5.0,18.0,16.32,16.33,16.280001,16.309999,60700.0,-0.010000999999999038
5.0,15.0,16.32,16.35,16.309999,16.32,65100.0,0.0
5.0,14.0,16.280001,16.35,16.26,16.34,122700.0,0.059999000000001246
5.0,13.0,16.27,16.290001,16.219999,16.26,107400.0,-0.00999999999999801
5.0,12.0,16.24,16.299999,16.200001,16.280001,59800.0,0.040001000000000175
5.0,11.0,16.299999,16.32,16.25,16.27,79600.0,-0.02999900000000011
5.0,8.0,16.26,16.309999,16.219999,16.309999,118500.0,0.04999899999999968
5.0,7.0,16.25,16.280001,16.200001,16.23,56800.0,-0.019999999999999574
5.0,6.0,16.309999,16.34,16.24,16.25,225700.0,-0.059999000000001246
5.0,5.0,16.27,16.33,16.24,16.33,186200.0,0.05999999999999872
5.0,4.0,16.309999,16.33,16.26,16.27,125800.0,-0.03999900000000167
5.0,1.0,16.27,16.34,16.26,16.34,183400.0,0.07000000000000028
4.0,30.0,16.26,16.280001,16.23,16.27,122400.0,0.00999999999999801
4.0,29.0,16.280001,16.290001,16.24,16.280001,318900.0,0.0
4.0,28.0,16.299999,16.309999,16.26,16.290001,122900.0,-0.009997999999999507
4.0,27.0,16.389999,16.389999,16.280001,16.280001,126100.0,-0.10999800000000093
4.0,24.0,16.370001,16.389999,16.35,16.370001,78500.0,0.0
4.0,23.0,16.32,16.379999,16.32,16.370001,85700.0,0.050000999999998186
4.0,22.0,16.32,16.34,16.290001,16.32,64300.0,0.0
4.0,21.0,16.290001,16.35,16.27,16.33,39100.0,0.03999899999999812
4.0,20.0,16.360001,16.41,16.35,16.35,72800.0,-0.010000999999999038
4.0,17.0,16.4,16.41,16.309999,16.35,95300.0,-0.04999999999999716
4.0,16.0,16.379999,16.440001,16.360001,16.42,67200.0,0.040001000000000175
4.0,15.0,16.32,16.4,16.309999,16.379999,89000.0,0.059999000000001246
4.0,14.0,16.290001,16.33,16.280001,16.309999,77600.0,0.01999800000000107
4.0,13.0,16.35,16.379999,16.309999,16.309999,106800.0,-0.040001000000000175
4.0,10.0,16.33,16.370001,16.33,16.35,52000.0,0.020000000000003126
4.0,9.0,16.309999,16.360001,16.309999,16.33,100800.0,0.02000099999999705
4.0,8.0,16.26,16.4,16.25,16.35,158400.0,0.08999999999999986
4.0,7.0,16.209999,16.299999,16.209999,16.23,96100.0,0.0200010000000006
4.0,6.0,16.209999,16.25,16.16,16.25,163800.0,0.040001000000000175
4.0,2.0,16.25,16.26,16.219999,16.25,77100.0,0.0
4.0,1.0,16.18,16.27,16.18,16.24,74600.0,0.05999999999999872
3.0,31.0,16.200001,16.25,16.18,16.18,103700.0,-0.0200010000000006
3.0,30.0,16.27,16.280001,16.219999,16.219999,70200.0,-0.050000999999998186
3.0,27.0,16.26,16.309999,16.23,16.25,111400.0,-0.010000000000001563
3.0,26.0,16.26,16.27,16.209999,16.26,125200.0,0.0
3.0,25.0,16.24,16.280001,16.24,16.26,119500.0,0.020000000000003126
3.0,24.0,16.209999,16.33,16.209999,16.23,234900.0,0.0200010000000006
3.0,23.0,16.280001,16.280001,16.17,16.209999,119600.0,-0.07000199999999879
3.0,20.0,16.26,16.27,16.200001,16.26,88000.0,0.0
3.0,19.0,16.370001,16.370001,16.290001,16.33,55600.0,-0.040001000000000175
3.0,18.0,16.33,16.379999,16.27,16.379999,42800.0,0.049999000000003235
3.0,17.0,16.379999,16.379999,16.290001,16.33,67200.0,-0.049999000000003235
3.0,16.0,16.35,16.389999,16.309999,16.389999,102600.0,0.03999899999999812
3.0,13.0,16.26,16.42,16.209999,16.379999,311600.0,0.11999899999999997
3.0,12.0,16.280001,16.33,16.25,16.26,102300.0,-0.02000099999999705
3.0,11.0,16.290001,16.33,16.280001,16.290001,83100.0,0.0
3.0,10.0,16.280001,16.309999,16.25,16.309999,68300.0,0.029998000000002634
3.0,9.0,16.309999,16.33,16.280001,16.309999,55100.0,0.0
3.0,6.0,16.360001,16.360001,16.24,16.33,72600.0,-0.030001000000002165
3.0,5.0,16.33,16.389999,16.33,16.389999,87900.0,0.059999000000001246
3.0,4.0,16.309999,16.360001,16.280001,16.360001,50900.0,0.050001999999999214
3.0,3.0,16.290001,16.309999,16.25,16.309999,93900.0,0.01999800000000107
3.0,2.0,16.26,16.379999,16.24,16.299999,145900.0,0.03999899999999812
2.0,27.0,16.23,16.309999,16.209999,16.290001,119900.0,0.06000099999999975
2.0,26.0,16.200001,16.280001,16.200001,16.24,131000.0,0.03999899999999812
2.0,25.0,16.24,16.26,16.16,16.23,152200.0,-0.00999999999999801
2.0,24.0,16.09,16.23,16.09,16.23,197000.0,0.14000000000000057
2.0,23.0,16.030001,16.139999,16.030001,16.120001,98600.0,0.08999999999999986
2.0,20.0,15.94,16.040001,15.91,16.040001,108200.0,0.10000100000000067
2.0,19.0,15.98,16.059999,15.91,15.93,187200.0,-0.05000000000000071
2.0,18.0,16.02,16.02,15.94,16.0,99700.0,-0.019999999999999574
2.0,17.0,16.15,16.17,16.049999,16.120001,110900.0,-0.02999900000000011
2.0,13.0,16.17,16.190001,16.139999,16.139999,101000.0,-0.030001000000002165
2.0,12.0,16.200001,16.200001,16.139999,16.139999,67400.0,-0.06000200000000078
2.0,11.0,16.17,16.200001,16.15,16.17,71000.0,0.0
2.0,10.0,16.15,16.200001,16.120001,16.200001,37600.0,0.05000100000000174
2.0,9.0,16.08,16.18,16.08,16.18,104800.0,0.10000000000000142
2.0,6.0,16.120001,16.129999,16.059999,16.1,132500.0,-0.02000099999999705
2.0,5.0,16.049999,16.15,16.030001,16.139999,140200.0,0.08999999999999986
2.0,4.0,15.92,16.09,15.88,16.09,129200.0,0.16999999999999993
2.0,3.0,15.89,16.0,15.89,16.0,49200.0,0.10999999999999943
2.0,2.0,15.85,15.91,15.83,15.88,111100.0,0.030000000000001137
1.0,30.0,15.83,15.93,15.79,15.8,99100.0,-0.02999999999999936
1.0,29.0,15.76,15.88,15.75,15.88,114500.0,0.120000000000001
1.0,28.0,15.87,15.89,15.76,15.81,96200.0,-0.05999999999999872
1.0,27.0,15.83,15.9,15.77,15.86,129400.0,0.02999999999999936
1.0,26.0,16.049999,16.049999,15.84,15.86,167500.0,-0.18999900000000025
1.0,23.0,16.02,16.059999,15.99,16.030001,126000.0,0.010000999999999038
1.0,22.0,16.059999,16.08,16.02,16.030001,106200.0,-0.029998000000002634
1.0,21.0,16.09,16.09,15.99,16.049999,129300.0,-0.040001000000000175
1.0,20.0,16.18,16.18,16.049999,16.16,142700.0,-0.019999999999999574
1.0,16.0,16.0,16.15,15.94,16.15,163400.0,0.14999999999999858
1.0,15.0,16.040001,16.040001,15.91,16.02,102600.0,-0.0200010000000006
1.0,14.0,16.09,16.1,15.94,16.030001,93900.0,-0.059999000000001246
1.0,13.0,16.15,16.209999,16.120001,16.190001,79300.0,0.040001000000000175
1.0,12.0,16.16,16.200001,16.049999,16.15,121100.0,-0.010000000000001563
1.0,9.0,16.110001,16.16,16.049999,16.16,76500.0,0.04999899999999968
1.0,8.0,16.110001,16.129999,16.02,16.129999,97100.0,0.01999800000000107
1.0,7.0,16.08,16.1,15.93,16.08,116500.0,0.0
1.0,6.0,16.040001,16.08,15.97,16.030001,138000.0,-0.010000000000001563
1.0,5.0,16.15,16.15,16.0,16.030001,142900.0,-0.11999899999999997
1.0,2.0,16.4,16.4,16.139999,16.219999,228600.0,-0.1800009999999972
12.0,31.0,16.110001,16.48,16.040001,16.48,951300.0,0.36999899999999997
12.0,30.0,15.92,16.15,15.85,16.120001,904500.0,0.20000099999999854
12.0,29.0,15.89,15.99,15.76,15.95,402700.0,0.05999999999999872
12.0,26.0,15.8,15.95,15.8,15.89,284700.0,0.08999999999999986
12.0,24.0,15.82,15.83,15.74,15.81,125900.0,-0.009999999999999787
12.0,23.0,15.79,15.85,15.71,15.78,424500.0,-0.009999999999999787
12.0,22.0,15.95,15.95,15.65,15.72,369200.0,-0.22999999999999865
12.0,19.0,15.89,15.98,15.84,15.98,211100.0,0.08999999999999986
12.0,18.0,15.92,16.040001,15.79,15.95,365400.0,0.02999999999999936
12.0,17.0,15.64,15.81,15.59,15.79,266900.0,0.14999999999999858
12.0,16.0,15.63,15.69,15.6,15.62,326100.0,-0.010000000000001563
12.0,15.0,15.69,15.74,15.68,15.69,452700.0,0.0
12.0,12.0,15.85,15.88,15.68,15.71,479600.0,-0.1399999999999988
12.0,11.0,16.08,16.08,15.93,15.93,271500.0,-0.14999999999999858
12.0,10.0,16.15,16.200001,16.049999,16.07,400700.0,-0.0799999999999983
12.0,9.0,16.139999,16.17,16.08,16.17,261300.0,0.030001000000002165
12.0,8.0,16.209999,16.209999,16.15,16.190001,414600.0,-0.01999800000000107
12.0,5.0,16.209999,16.24,16.17,16.190001,268700.0,-0.01999800000000107
12.0,4.0,16.219999,16.24,16.190001,16.219999,338500.0,0.0
12.0,3.0,16.209999,16.24,16.15,16.219999,270800.0,0.010000000000001563
12.0,2.0,16.15,16.219999,16.15,16.219999,155300.0,0.06999900000000281
12.0,1.0,16.15,16.209999,16.110001,16.16,194000.0,0.010000000000001563
11.0,28.0,16.25,16.27,16.209999,16.25,141200.0,0.0
11.0,26.0,16.24,16.290001,16.219999,16.280001,239500.0,0.040001000000000175
11.0,25.0,16.25,16.26,16.209999,16.23,286300.0,-0.019999999999999574
11.0,24.0,16.27,16.299999,16.219999,16.23,149400.0,-0.03999999999999915
11.0,21.0,16.26,16.299999,16.24,16.280001,263500.0,0.02000099999999705
11.0,20.0,16.219999,16.33,16.200001,16.23,384600.0,0.010000999999999038
11.0,19.0,16.24,16.299999,16.209999,16.27,188300.0,0.030000000000001137
11.0,18.0,16.32,16.35,16.26,16.27,151400.0,-0.05000000000000071
11.0,17.0,16.379999,16.43,16.370001,16.379999,146100.0,0.0
11.0,14.0,16.41,16.450001,16.41,16.43,111100.0,0.019999999999999574
11.0,13.0,16.42,16.530001,16.389999,16.43,180600.0,0.00999999999999801
11.0,12.0,16.35,16.440001,16.33,16.41,159000.0,0.05999999999999872
11.0,11.0,16.41,16.41,16.370001,16.389999,139100.0,-0.0200010000000006
11.0,10.0,16.450001,16.459999,16.389999,16.440001,149100.0,-0.010000000000001563
11.0,7.0,16.450001,16.450001,16.41,16.43,68000.0,-0.0200010000000006
11.0,6.0,16.41,16.459999,16.41,16.42,93300.0,0.010000000000001563
11.0,5.0,16.469999,16.469999,16.43,16.469999,74300.0,0.0
11.0,4.0,16.530001,16.540001,16.440001,16.459999,79400.0,-0.07000199999999879
11.0,3.0,16.52,16.58,16.5,16.58,90200.0,0.05999999999999872
10.0,31.0,16.51,16.58,16.48,16.51,74300.0,0.0
10.0,30.0,16.5,16.540001,16.440001,16.440001,92400.0,-0.059999000000001246
10.0,29.0,16.59,16.610001,16.459999,16.52,94000.0,-0.07000000000000028
10.0,28.0,16.639999,16.639999,16.5,16.58,161300.0,-0.059999000000001246
10.0,27.0,16.66,16.690001,16.549999,16.58,95800.0,-0.08000000000000185
10.0,24.0,16.629999,16.74,16.59,16.639999,102400.0,0.00999999999999801
10.0,23.0,16.6,16.68,16.559999,16.639999,94400.0,0.03999899999999812
10.0,22.0,16.610001,16.620001,16.49,16.530001,87400.0,-0.08000000000000185
10.0,21.0,16.559999,16.67,16.52,16.67,109900.0,0.11000100000000046
10.0,20.0,16.389999,16.549999,16.389999,16.5,55600.0,0.11000100000000046
10.0,17.0,16.559999,16.58,16.4,16.43,83400.0,-0.12999900000000153
10.0,16.0,16.219999,16.540001,16.16,16.540001,165500.0,0.3200019999999988
10.0,15.0,16.309999,16.309999,16.059999,16.26,185900.0,-0.04999899999999968
10.0,14.0,16.540001,16.559999,16.16,16.4,190200.0,-0.1400010000000016
10.0,13.0,16.629999,16.629999,16.530001,16.540001,52200.0,-0.08999800000000135
10.0,10.0,16.700001,16.700001,16.59,16.6,67900.0,-0.1000009999999989
10.0,9.0,16.790001,16.82,16.65,16.65,71400.0,-0.1400010000000016
10.0,8.0,16.77,16.85,16.700001,16.83,81600.0,0.05999999999999872
10.0,7.0,16.77,16.799999,16.76,16.780001,90900.0,0.010000999999999038
10.0,6.0,16.75,16.82,16.719999,16.809999,117500.0,0.059999000000001246
10.0,3.0,16.74,16.809999,16.709999,16.73,59100.0,-0.00999999999999801
10.0,2.0,16.780001,16.809999,16.690001,16.700001,180600.0,-0.0799999999999983
10.0,1.0,16.74,16.870001,16.73,16.83,192800.0,0.08999999999999986
9.0,30.0,16.77,16.85,16.700001,16.780001,225900.0,0.010000999999999038
9.0,29.0,16.709999,16.809999,16.690001,16.77,177000.0,0.06000099999999975
9.0,26.0,16.77,16.82,16.709999,16.82,94300.0,0.05000000000000071
9.0,25.0,16.790001,16.799999,16.75,16.790001,132100.0,0.0
9.0,24.0,16.799999,16.85,16.780001,16.799999,182900.0,0.0
9.0,23.0,16.75,16.83,16.75,16.809999,195400.0,0.059999000000001246
9.0,22.0,16.950001,16.950001,16.780001,16.790001,139000.0,-0.16000000000000014
9.0,19.0,16.940001,17.0,16.91,16.959999,131900.0,0.01999800000000107
9.0,18.0,17.030001,17.07,17.0,17.030001,129000.0,0.0
9.0,17.0,17.040001,17.049999,16.98,17.030001,113000.0,-0.010000000000001563
9.0,16.0,17.01,17.040001,17.0,17.01,129000.0,0.0
9.0,15.0,17.01,17.040001,17.01,17.02,83000.0,0.00999999999999801
9.0,12.0,17.040001,17.040001,16.959999,17.02,110700.0,-0.0200010000000006
9.0,11.0,17.040001,17.059999,17.0,17.059999,189200.0,0.01999800000000107
9.0,10.0,16.99,17.040001,16.99,17.02,163300.0,0.030000000000001137
9.0,9.0,17.02,17.049999,17.0,17.030001,161000.0,0.010000999999999038
9.0,8.0,17.0,17.049999,16.98,17.040001,159300.0,0.040001000000000175
9.0,5.0,17.16,17.17,16.98,17.030001,353700.0,-0.12999900000000153
9.0,4.0,17.200001,17.219999,17.139999,17.15,163100.0,-0.05000100000000174
9.0,3.0,17.139999,17.23,17.07,17.200001,170100.0,0.06000200000000078
9.0,2.0,17.120001,17.15,17.07,17.129999,129500.0,0.00999800000000306
8.0,29.0,17.16,17.18,17.09,17.15,154900.0,-0.010000000000001563
8.0,28.0,17.08,17.17,17.08,17.15,188100.0,0.07000000000000028
8.0,27.0,17.15,17.17,17.059999,17.1,171700.0,-0.04999999999999716
8.0,26.0,17.059999,17.129999,17.02,17.129999,190500.0,0.07000000000000028
8.0,25.0,17.129999,17.139999,17.02,17.110001,286300.0,-0.01999800000000107
8.0,22.0,17.17,17.209999,17.07,17.129999,149600.0,-0.040001000000000175
8.0,21.0,17.09,17.200001,17.09,17.200001,114200.0,0.11000100000000046
8.0,20.0,17.129999,17.190001,17.08,17.08,146300.0,-0.049999000000003235
8.0,19.0,17.18,17.280001,17.17,17.27,121800.0,0.08999999999999986
8.0,18.0,17.219999,17.25,17.09,17.200001,140200.0,-0.01999800000000107
8.0,15.0,17.219999,17.25,17.129999,17.190001,95900.0,-0.029998000000002634
8.0,14.0,17.110001,17.209999,17.110001,17.190001,108500.0,0.0799999999999983
8.0,13.0,17.110001,17.139999,17.02,17.120001,141700.0,0.00999999999999801
8.0,12.0,17.18,17.200001,17.049999,17.110001,74000.0,-0.06999899999999926
8.0,11.0,17.129999,17.190001,17.129999,17.18,70800.0,0.050000999999998186
8.0,8.0,17.08,17.129999,16.99,17.120001,132800.0,0.040001000000000175
8.0,7.0,17.01,17.129999,17.0,17.1,117700.0,0.08999999999999986
8.0,6.0,16.950001,17.02,16.790001,16.99,241200.0,0.03999899999999812
8.0,5.0,17.049999,17.09,17.02,17.049999,312300.0,0.0
8.0,4.0,17.16,17.18,17.059999,17.08,257400.0,-0.08000000000000185
8.0,1.0,17.07,17.190001,17.07,17.120001,211200.0,0.050000999999998186
7.0,31.0,17.290001,17.32,17.16,17.16,293000.0,-0.13000100000000003
7.0,30.0,17.440001,17.459999,17.34,17.34,223100.0,-0.1000009999999989
7.0,29.0,17.49,17.5,17.35,17.43,299400.0,-0.05999999999999872
7.0,28.0,17.559999,17.58,17.440001,17.49,264700.0,-0.06999900000000281
7.0,25.0,17.549999,17.57,17.52,17.559999,251000.0,0.010000000000001563
7.0,24.0,17.52,17.629999,17.52,17.549999,319500.0,0.02999900000000011
7.0,23.0,17.57,17.58,17.51,17.530001,360700.0,-0.03999900000000167
7.0,22.0,17.559999,17.57,17.530001,17.57,206900.0,0.010000999999999038
7.0,21.0,17.620001,17.620001,17.52,17.6,186300.0,-0.02000099999999705
7.0,18.0,17.620001,17.620001,17.540001,17.6,127000.0,-0.02000099999999705
7.0,17.0,17.629999,17.68,17.58,17.6,224500.0,-0.02999900000000011
7.0,16.0,17.719999,17.73,17.58,17.629999,108100.0,-0.08999999999999986
7.0,15.0,17.799999,17.809999,17.74,17.74,215700.0,-0.059999000000001246
7.0,14.0,17.77,17.870001,17.74,17.85,156500.0,0.08000000000000185
7.0,11.0,17.75,17.780001,17.690001,17.780001,83300.0,0.030000999999998612
7.0,10.0,17.66,17.77,17.66,17.74,163400.0,0.0799999999999983
7.0,9.0,17.66,17.719999,17.65,17.690001,85700.0,0.030000999999998612
7.0,8.0,17.610001,17.719999,17.559999,17.719999,110800.0,0.10999800000000093
7.0,7.0,17.540001,17.639999,17.49,17.6,122200.0,0.059999000000001246
7.0,3.0,17.6,17.6,17.41,17.540001,86900.0,-0.059999000000001246
7.0,2.0,17.620001,17.65,17.549999,17.6,181900.0,-0.02000099999999705
7.0,1.0,17.76,17.77,17.6,17.639999,115500.0,-0.12000100000000202
6.0,30.0,17.67,17.780001,17.6,17.77,190700.0,0.09999999999999787
6.0,27.0,17.59,17.67,17.58,17.65,138700.0,0.05999999999999872
6.0,26.0,17.540001,17.629999,17.52,17.629999,115100.0,0.08999800000000135
6.0,25.0,17.549999,17.6,17.469999,17.549999,203500.0,0.0
6.0,24.0,17.52,17.66,17.450001,17.639999,233700.0,0.11999899999999997
6.0,23.0,17.59,17.610001,17.5,17.530001,129300.0,-0.059999000000001246
6.0,20.0,17.639999,17.65,17.51,17.51,173400.0,-0.12999899999999798
6.0,19.0,17.74,17.75,17.58,17.65,132100.0,-0.08999999999999986
6.0,18.0,17.719999,17.84,17.700001,17.84,134200.0,0.12000099999999847
6.0,17.0,17.66,17.780001,17.629999,17.780001,163700.0,0.12000099999999847
6.0,16.0,17.629999,17.690001,17.629999,17.66,79600.0,0.030000999999998612
6.0,13.0,17.6,17.68,17.57,17.68,122800.0,0.0799999999999983
6.0,12.0,17.52,17.639999,17.51,17.6,112500.0,0.08000000000000185
6.0,11.0,17.48,17.58,17.440001,17.57,121000.0,0.08999999999999986
6.0,10.0,17.48,17.559999,17.459999,17.530001,116700.0,0.050000999999998186
6.0,9.0,17.4,17.530001,17.4,17.51,223000.0,0.11000000000000298
6.0,6.0,17.49,17.5,17.41,17.42,202100.0,-0.06999999999999673
6.0,5.0,17.370001,17.540001,17.360001,17.49,169100.0,0.11999899999999997
6.0,4.0,17.620001,17.620001,17.389999,17.440001,213400.0,-0.17999999999999972
6.0,3.0,17.700001,17.73,17.620001,17.620001,275700.0,-0.08000000000000185
6.0,2.0,17.629999,17.73,17.6,17.73,244800.0,0.1000009999999989
5.0,30.0,17.65,17.65,17.59,17.629999,141200.0,-0.02000099999999705
5.0,29.0,17.559999,17.620001,17.549999,17.59,125300.0,0.030000999999998612
5.0,28.0,17.59,17.629999,17.530001,17.549999,129100.0,-0.040001000000000175
5.0,27.0,17.6,17.6,17.540001,17.559999,207400.0,-0.040001000000000175
5.0,23.0,17.58,17.59,17.52,17.59,154700.0,0.010000000000001563
5.0,22.0,17.559999,17.6,17.540001,17.6,195600.0,0.040001000000000175
5.0,21.0,17.559999,17.6,17.52,17.6,262100.0,0.040001000000000175
5.0,20.0,17.549999,17.549999,17.5,17.549999,194600.0,0.0
5.0,19.0,17.65,17.709999,17.65,17.709999,86400.0,0.059999000000001246
5.0,16.0,17.629999,17.709999,17.6,17.68,82000.0,0.050000999999998186
5.0,15.0,17.690001,17.690001,17.58,17.67,118300.0,-0.02000099999999705
5.0,14.0,17.68,17.709999,17.620001,17.639999,88000.0,-0.040001000000000175
5.0,13.0,17.73,17.82,17.700001,17.700001,146800.0,-0.02999900000000011
5.0,12.0,17.66,17.77,17.65,17.77,126400.0,0.10999999999999943
5.0,9.0,17.68,17.700001,17.610001,17.66,91000.0,-0.019999999999999574
5.0,8.0,17.67,17.73,17.639999,17.66,125300.0,-0.010000000000001563
5.0,7.0,17.68,17.709999,17.620001,17.68,118600.0,0.0
5.0,6.0,17.719999,17.73,17.59,17.73,170800.0,0.010000999999999038
5.0,5.0,17.74,17.75,17.620001,17.700001,167300.0,-0.03999899999999812
5.0,2.0,17.799999,17.799999,17.68,17.690001,116200.0,-0.10999800000000093
5.0,1.0,17.799999,17.879999,17.74,17.85,112000.0,0.05000100000000174
4.0,30.0,17.799999,17.799999,17.690001,17.76,122600.0,-0.03999899999999812
4.0,29.0,17.76,17.76,17.700001,17.74,77700.0,-0.020000000000003126
4.0,28.0,17.690001,17.780001,17.65,17.709999,92600.0,0.01999800000000107
4.0,25.0,17.639999,17.68,17.6,17.68,106900.0,0.040001000000000175
4.0,24.0,17.690001,17.74,17.65,17.66,93100.0,-0.030000999999998612
4.0,23.0,17.58,17.73,17.58,17.73,128700.0,0.15000000000000213
4.0,22.0,17.629999,17.68,17.540001,17.6,170200.0,-0.02999900000000011
4.0,21.0,17.620001,17.629999,17.530001,17.58,105400.0,-0.040001000000000175
4.0,17.0,17.67,17.700001,17.639999,17.67,174600.0,0.0
4.0,16.0,17.65,17.76,17.58,17.629999,125700.0,-0.02000099999999705
4.0,15.0,17.610001,17.65,17.57,17.620001,95900.0,0.00999999999999801
4.0,14.0,17.68,17.73,17.57,17.6,124700.0,-0.0799999999999983
4.0,11.0,17.65,17.73,17.639999,17.68,88100.0,0.030000000000001137
4.0,10.0,17.790001,17.879999,17.73,17.73,55500.0,-0.06000099999999975
4.0,9.0,17.700001,17.799999,17.700001,17.75,72700.0,0.04999899999999968
4.0,8.0,17.68,17.73,17.629999,17.719999,90300.0,0.03999900000000167
4.0,7.0,17.700001,17.700001,17.65,17.700001,118000.0,0.0
4.0,4.0,17.68,17.74,17.65,17.68,82800.0,0.0
4.0,3.0,17.73,17.75,17.67,17.67,98300.0,-0.05999999999999872
4.0,2.0,17.700001,17.780001,17.67,17.709999,122900.0,0.009997999999999507
4.0,1.0,17.73,17.82,17.700001,17.700001,138700.0,-0.02999900000000011
3.0,31.0,17.74,17.75,17.690001,17.719999,133600.0,-0.02000099999999705
3.0,28.0,17.799999,17.84,17.700001,17.719999,121300.0,-0.0799999999999983
3.0,27.0,17.940001,17.940001,17.77,17.799999,93200.0,-0.14000199999999907
3.0,26.0,17.82,17.950001,17.799999,17.91,101000.0,0.08999999999999986
3.0,25.0,17.77,17.889999,17.76,17.790001,113800.0,0.0200010000000006
3.0,24.0,17.860001,17.879999,17.77,17.77,77500.0,-0.09000100000000089
3.0,21.0,17.940001,17.940001,17.76,17.9,125800.0,-0.040001000000000175
3.0,20.0,17.99,18.23,17.83,17.879999,142000.0,-0.1100009999999969
3.0,19.0,18.1,18.139999,18.07,18.139999,153800.0,0.03999899999999812
3.0,18.0,18.0,18.110001,17.98,18.049999,76400.0,0.04999899999999968
3.0,17.0,17.98,18.02,17.950001,18.0,66900.0,0.019999999999999574
3.0,14.0,17.92,17.950001,17.9,17.93,46500.0,0.00999999999999801
3.0,13.0,17.959999,18.01,17.9,17.92,81100.0,-0.03999899999999812
3.0,12.0,17.93,17.99,17.91,17.98,80000.0,0.05000000000000071
3.0,11.0,18.030001,18.08,17.889999,17.99,148500.0,-0.040001000000000175
3.0,10.0,18.1,18.15,17.950001,18.059999,91500.0,-0.040001000000000175
3.0,7.0,18.02,18.18,17.93,18.110001,172600.0,0.09000100000000089
3.0,6.0,18.139999,18.139999,17.969999,18.0,182500.0,-0.13999899999999954
3.0,5.0,18.1,18.190001,18.1,18.15,130000.0,0.04999999999999716
3.0,4.0,18.139999,18.209999,18.059999,18.129999,92100.0,-0.00999999999999801
3.0,3.0,18.27,18.27,18.110001,18.129999,94600.0,-0.14000099999999804
2.0,28.0,18.209999,18.34,18.200001,18.34,102200.0,0.13000100000000003
2.0,27.0,18.200001,18.299999,18.1,18.290001,122400.0,0.08999999999999986
2.0,26.0,17.799999,18.290001,17.799999,18.27,114700.0,0.4700009999999999
2.0,25.0,18.32,18.32,18.059999,18.299999,207100.0,-0.0200010000000006
2.0,24.0,18.08,18.299999,18.030001,18.299999,225400.0,0.2199990000000014
2.0,21.0,18.129999,18.219999,18.08,18.110001,60700.0,-0.01999800000000107
2.0,20.0,18.190001,18.25,18.040001,18.049999,153000.0,-0.14000199999999907
2.0,19.0,18.35,18.370001,18.120001,18.17,94400.0,-0.17999999999999972
2.0,18.0,18.26,18.52,18.200001,18.52,291200.0,0.259999999999998
2.0,14.0,18.18,18.27,18.129999,18.24,86800.0,0.05999999999999872
2.0,13.0,18.030001,18.190001,18.01,18.190001,56700.0,0.16000000000000014
2.0,12.0,18.049999,18.1,18.0,18.049999,113600.0,0.0
2.0,11.0,18.139999,18.17,18.049999,18.09,133600.0,-0.04999899999999968
2.0,10.0,18.129999,18.25,18.1,18.190001,47500.0,0.060001999999997224
2.0,7.0,18.08,18.139999,18.059999,18.129999,45700.0,0.049999000000003235
2.0,6.0,18.0,18.08,17.940001,18.07,103800.0,0.07000000000000028
2.0,5.0,17.98,18.049999,17.780001,18.0,80600.0,0.019999999999999574
2.0,4.0,18.129999,18.139999,17.98,18.01,122500.0,-0.11999899999999997
2.0,3.0,18.02,18.15,17.99,18.15,130900.0,0.129999999999999
1.0,31.0,17.99,18.110001,17.959999,18.030001,74200.0,0.040001000000000175
1.0,30.0,18.129999,18.129999,17.969999,18.040001,198400.0,-0.08999800000000135
1.0,29.0,18.030001,18.23,18.02,18.139999,127000.0,0.10999800000000093
1.0,28.0,18.120001,18.23,18.040001,18.040001,114200.0,-0.0799999999999983
1.0,27.0,18.26,18.280001,18.139999,18.139999,77100.0,-0.12000100000000202
1.0,24.0,18.309999,18.360001,18.18,18.299999,117500.0,-0.010000000000001563
1.0,23.0,18.16,18.299999,18.16,18.290001,103500.0,0.13000100000000003
1.0,22.0,18.32,18.360001,18.139999,18.17,82800.0,-0.14999999999999858
1.0,21.0,18.370001,18.459999,18.299999,18.389999,108500.0,0.01999800000000107
1.0,17.0,18.34,18.389999,18.26,18.32,105600.0,-0.019999999999999574
1.0,16.0,18.200001,18.360001,18.15,18.35,117400.0,0.1499990000000011
1.0,15.0,18.110001,18.209999,18.1,18.190001,70400.0,0.0799999999999983
1.0,14.0,18.129999,18.17,18.08,18.120001,118900.0,-0.00999800000000306
1.0,13.0,18.15,18.23,18.07,18.120001,86900.0,-0.02999900000000011
1.0,10.0,18.139999,18.18,18.049999,18.18,95800.0,0.040001000000000175
1.0,9.0,18.09,18.190001,18.040001,18.15,109600.0,0.05999999999999872
1.0,8.0,17.959999,18.110001,17.93,18.09,152100.0,0.13000100000000003
1.0,7.0,17.82,18.059999,17.799999,18.0,103600.0,0.17999999999999972
1.0,6.0,17.83,17.879999,17.790001,17.82,80100.0,-0.00999999999999801
1.0,3.0,17.9,17.91,17.75,17.83,69100.0,-0.07000000000000028
1.0,2.0,17.780001,17.870001,17.77,17.84,109300.0,0.059999000000001246
12.0,31.0,17.860001,17.940001,17.74,17.799999,326500.0,-0.06000200000000078
12.0,30.0,17.74,17.860001,17.73,17.860001,532800.0,0.12000100000000202
12.0,27.0,17.76,17.85,17.709999,17.790001,203200.0,0.030000999999998612
12.0,26.0,17.83,17.85,17.719999,17.84,365500.0,0.010000000000001563
12.0,24.0,17.790001,17.82,17.700001,17.82,140900.0,0.02999900000000011
12.0,23.0,17.709999,17.85,17.42,17.799999,504000.0,0.08999999999999986
12.0,20.0,17.65,17.780001,17.530001,17.610001,598800.0,-0.03999899999999812
12.0,19.0,17.620001,17.719999,17.549999,17.65,581700.0,0.02999900000000011
12.0,18.0,17.74,17.83,17.68,17.709999,271000.0,-0.030000999999998612
12.0,17.0,17.700001,17.75,17.66,17.690001,282700.0,-0.010000000000001563
12.0,16.0,17.75,17.82,17.700001,17.73,214600.0,-0.019999999999999574
12.0,13.0,17.879999,17.879999,17.68,17.709999,242300.0,-0.1700000000000017
12.0,12.0,17.83,17.950001,17.68,17.940001,235700.0,0.11000100000000046
12.0,11.0,17.889999,17.889999,17.719999,17.799999,227800.0,-0.08999999999999986
12.0,10.0,17.82,17.93,17.700001,17.799999,284600.0,-0.0200010000000006
12.0,9.0,17.77,17.92,17.77,17.85,128800.0,0.08000000000000185
12.0,6.0,17.84,17.99,17.67,17.77,201600.0,-0.07000000000000028
12.0,5.0,17.6,17.74,17.57,17.700001,130600.0,0.1000009999999989
12.0,4.0,17.6,17.74,17.59,17.629999,234800.0,0.02999900000000011
12.0,3.0,17.719999,17.84,17.639999,17.719999,153400.0,0.0
12.0,2.0,17.74,17.74,17.6,17.719999,190600.0,-0.02000099999999705
11.0,29.0,17.68,17.76,17.629999,17.690001,82100.0,0.010000999999999038
11.0,27.0,17.67,17.77,17.65,17.73,141300.0,0.05999999999999872
11.0,26.0,17.73,17.73,17.57,17.68,267700.0,-0.05000000000000071
11.0,25.0,17.790001,17.879999,17.629999,17.68,202100.0,-0.11000100000000046
11.0,22.0,17.629999,17.77,17.530001,17.700001,319100.0,0.07000199999999879
11.0,21.0,17.74,17.879999,17.58,17.66,256800.0,-0.0799999999999983
11.0,20.0,17.98,17.98,17.700001,17.700001,283100.0,-0.2799990000000001
11.0,19.0,18.139999,18.18,17.969999,18.030001,174700.0,-0.10999800000000093
11.0,18.0,18.190001,18.34,18.1,18.18,245300.0,-0.010000999999999038
11.0,15.0,18.219999,18.27,18.16,18.27,173100.0,0.050000999999998186
11.0,14.0,18.16,18.24,18.120001,18.23,353800.0,0.07000000000000028
11.0,13.0,18.17,18.32,18.1,18.290001,103400.0,0.12000099999999847
11.0,12.0,18.1,18.24,18.09,18.16,115900.0,0.05999999999999872
11.0,11.0,18.1,18.24,18.07,18.129999,112600.0,0.02999900000000011
11.0,8.0,18.309999,18.309999,18.08,18.15,179900.0,-0.15999900000000267
11.0,7.0,18.290001,18.4,18.110001,18.209999,165400.0,-0.08000200000000035
11.0,6.0,18.299999,18.450001,18.16,18.299999,168400.0,0.0
11.0,5.0,18.379999,18.4,18.25,18.27,117100.0,-0.10999900000000196
11.0,4.0,18.309999,18.48,18.309999,18.35,144100.0,0.040001000000000175
11.0,1.0,18.299999,18.459999,18.190001,18.379999,147700.0,0.08000000000000185
10.0,31.0,18.389999,18.389999,18.15,18.309999,160400.0,-0.0799999999999983
10.0,30.0,18.4,18.450001,18.24,18.32,170600.0,-0.0799999999999983
10.0,29.0,18.32,18.48,18.299999,18.41,127000.0,0.08999999999999986
10.0,28.0,18.360001,18.469999,18.27,18.370001,115300.0,0.00999999999999801
10.0,25.0,18.190001,18.41,18.15,18.360001,178900.0,0.1700000000000017
10.0,24.0,18.309999,18.309999,18.15,18.209999,187200.0,-0.10000000000000142
10.0,23.0,18.02,18.24,17.98,18.23,201800.0,0.21000000000000085
10.0,22.0,18.15,18.190001,17.959999,17.98,193400.0,-0.16999999999999815
10.0,21.0,18.18,18.25,18.0,18.07,135700.0,-0.10999999999999943
10.0,18.0,18.24,18.24,18.01,18.120001,116000.0,-0.11999899999999997
10.0,17.0,18.040001,18.26,17.969999,18.23,197700.0,0.18999900000000025
10.0,16.0,17.780001,18.040001,17.66,17.99,202800.0,0.20999899999999982
10.0,15.0,17.790001,17.879999,17.67,17.85,180900.0,0.059999000000001246
10.0,14.0,17.98,18.01,17.780001,17.860001,101200.0,-0.11999899999999997
10.0,11.0,18.049999,18.09,17.940001,18.059999,127900.0,0.010000000000001563
10.0,10.0,17.690001,18.08,17.690001,18.0,266000.0,0.30999900000000125
10.0,9.0,17.68,17.809999,17.530001,17.700001,168400.0,0.0200010000000006
10.0,8.0,17.59,17.67,17.59,17.65,103800.0,0.05999999999999872
10.0,7.0,17.6,17.719999,17.540001,17.549999,163000.0,-0.05000100000000174
10.0,4.0,17.65,17.690001,17.559999,17.6,104900.0,-0.04999999999999716
10.0,3.0,17.66,17.719999,17.51,17.66,136800.0,0.0
10.0,2.0,17.67,17.719999,17.620001,17.66,89100.0,-0.010000000000001563
10.0,1.0,17.67,17.76,17.65,17.66,126200.0,-0.010000000000001563
9.0,30.0,17.77,17.85,17.639999,17.690001,136300.0,-0.07999900000000082
9.0,27.0,17.91,17.91,17.690001,17.780001,134700.0,-0.12999900000000153
9.0,26.0,17.83,17.969999,17.780001,17.91,238100.0,0.08000000000000185
9.0,25.0,17.870001,17.889999,17.66,17.809999,222800.0,-0.060001999999997224
9.0,24.0,17.93,17.99,17.799999,17.860001,186200.0,-0.06999899999999926
9.0,23.0,17.9,18.1,17.83,17.870001,114500.0,-0.02999900000000011
9.0,20.0,18.07,18.08,17.83,17.860001,105300.0,-0.20999899999999982
9.0,19.0,18.030001,18.17,18.0,18.030001,122300.0,0.0
9.0,18.0,17.92,18.1,17.82,18.049999,134000.0,0.12999899999999798
9.0,17.0,17.950001,18.18,17.870001,18.09,197300.0,0.13999899999999954
9.0,16.0,18.049999,18.15,17.959999,18.01,168800.0,-0.03999899999999812
9.0,13.0,18.08,18.08,17.9,17.950001,90700.0,-0.12999899999999798
9.0,12.0,18.09,18.16,17.92,18.1,142100.0,0.010000000000001563
9.0,11.0,18.040001,18.16,17.969999,18.129999,154800.0,0.08999800000000135
9.0,10.0,18.0,18.110001,17.84,18.07,113900.0,0.07000000000000028
9.0,9.0,17.780001,17.99,17.76,17.92,83200.0,0.1399990000000031
9.0,6.0,18.110001,18.16,17.700001,17.75,175600.0,-0.36000100000000046
9.0,5.0,18.23,18.23,18.030001,18.07,97200.0,-0.16000000000000014
9.0,4.0,18.049999,18.27,18.01,18.15,78400.0,0.1000009999999989
9.0,3.0,18.08,18.15,17.92,18.02,110700.0,-0.05999999999999872
8.0,30.0,18.09,18.15,17.969999,18.110001,120200.0,0.0200010000000006
8.0,29.0,18.08,18.15,17.9,18.049999,103700.0,-0.030000999999998612
8.0,28.0,18.0,18.1,17.93,18.08,119000.0,0.0799999999999983
8.0,27.0,17.690001,18.02,17.540001,17.92,151000.0,0.22999900000000295
8.0,26.0,17.98,17.99,17.68,17.709999,123500.0,-0.2700010000000006
8.0,23.0,17.860001,17.959999,17.790001,17.879999,138800.0,0.01999800000000107
8.0,22.0,18.0,18.24,17.84,17.84,131100.0,-0.16000000000000014
8.0,21.0,17.809999,18.0,17.709999,17.98,122700.0,0.17000099999999918
8.0,20.0,17.799999,17.93,17.639999,17.84,157400.0,0.040001000000000175
8.0,19.0,17.950001,18.030001,17.700001,17.700001,115300.0,-0.25
8.0,16.0,17.93,18.15,17.66,17.9,186900.0,-0.030000000000001137
8.0,15.0,17.959999,18.01,17.809999,17.99,155000.0,0.030000999999998612
8.0,14.0,18.23,18.23,18.030001,18.09,82200.0,-0.14000000000000057
8.0,13.0,18.24,18.299999,18.129999,18.219999,93000.0,-0.02000099999999705
8.0,12.0,18.24,18.32,18.08,18.26,78100.0,0.020000000000003126
8.0,9.0,18.15,18.290001,18.1,18.24,82400.0,0.08999999999999986
8.0,8.0,18.16,18.23,18.049999,18.16,113400.0,0.0
8.0,7.0,18.120001,18.219999,18.049999,18.120001,131700.0,0.0
8.0,6.0,18.15,18.26,18.030001,18.26,111600.0,0.11000000000000298
8.0,5.0,18.25,18.360001,18.059999,18.129999,83400.0,-0.12000099999999847
8.0,2.0,18.18,18.35,18.120001,18.33,48400.0,0.14999999999999858
8.0,1.0,18.450001,18.48,18.110001,18.139999,105700.0,-0.3100020000000008
7.0,31.0,18.25,18.41,18.15,18.35,109200.0,0.10000000000000142
7.0,30.0,18.379999,18.379999,18.040001,18.1,143900.0,-0.2799990000000001
7.0,29.0,18.41,18.440001,18.23,18.309999,99700.0,-0.1000009999999989
7.0,26.0,18.4,18.52,18.309999,18.35,100600.0,-0.04999999999999716
7.0,25.0,18.540001,18.58,18.209999,18.389999,246900.0,-0.15000200000000063
7.0,24.0,18.549999,18.68,18.4,18.620001,198800.0,0.07000199999999879
7.0,23.0,18.700001,18.74,18.4,18.5,155200.0,-0.20000100000000032
7.0,22.0,18.690001,18.84,18.65,18.66,117000.0,-0.030000999999998612
7.0,19.0,18.700001,18.719999,18.51,18.709999,78100.0,0.009997999999999507
7.0,18.0,18.6,18.74,18.450001,18.74,163200.0,0.13999999999999702
7.0,17.0,18.389999,18.610001,18.389999,18.52,150500.0,0.13000100000000003
7.0,16.0,18.709999,18.719999,18.08,18.23,259700.0,-0.4799989999999994
7.0,15.0,18.91,18.92,18.709999,18.75,156000.0,-0.16000000000000014
7.0,12.0,19.049999,19.049999,18.709999,18.799999,81800.0,-0.25
7.0,11.0,19.059999,19.16,18.74,19.0,126600.0,-0.059999000000001246
7.0,10.0,18.799999,18.92,18.43,18.879999,143200.0,0.08000000000000185
7.0,9.0,18.84,18.85,18.65,18.68,92300.0,-0.16000000000000014
7.0,8.0,18.84,18.860001,18.68,18.780001,152600.0,-0.059999000000001246
7.0,5.0,18.6,18.98,18.360001,18.73,149100.0,0.129999999999999
7.0,3.0,18.4,18.690001,18.4,18.52,50100.0,0.120000000000001
7.0,2.0,18.959999,19.02,18.34,18.450001,81200.0,-0.5099979999999995
7.0,1.0,19.040001,19.200001,18.870001,18.879999,68600.0,-0.16000199999999865
6.0,28.0,19.0,19.129999,18.82,18.860001,110200.0,-0.13999899999999954
6.0,27.0,18.75,19.0,18.59,19.0,146800.0,0.25
6.0,26.0,18.34,18.700001,18.200001,18.57,139400.0,0.23000000000000043
6.0,25.0,18.309999,18.49,18.07,18.139999,191100.0,-0.1700000000000017
6.0,24.0,18.139999,18.17,17.889999,18.16,171900.0,0.0200010000000006
6.0,21.0,18.07,18.379999,17.9,18.209999,166500.0,0.13999899999999954
6.0,20.0,18.16,18.18,17.6,17.99,302700.0,-0.1700000000000017
6.0,19.0,18.32,18.450001,17.950001,18.1,187400.0,-0.21999999999999886
6.0,18.0,18.49,18.59,18.16,18.23,163400.0,-0.259999999999998
6.0,17.0,18.690001,18.73,18.299999,18.42,153700.0,-0.27000099999999705
6.0,14.0,18.559999,18.58,18.23,18.57,130400.0,0.010000999999999038
6.0,13.0,18.65,18.65,18.17,18.469999,160200.0,-0.1800009999999972
6.0,12.0,19.129999,19.129999,17.91,18.59,428800.0,-0.5399990000000017
6.0,11.0,19.360001,19.360001,18.870001,18.940001,167600.0,-0.4200000000000017
6.0,10.0,19.549999,19.57,19.219999,19.389999,90200.0,-0.16000000000000014
6.0,7.0,19.370001,19.610001,19.370001,19.52,114800.0,0.1499990000000011
6.0,6.0,19.42,19.59,19.299999,19.42,97900.0,0.0
6.0,5.0,19.49,19.58,19.33,19.35,137100.0,-0.13999999999999702
6.0,4.0,19.440001,19.629999,19.25,19.6,140400.0,0.15999900000000267
6.0,3.0,19.48,19.5,19.17,19.4,157500.0,-0.08000000000000185
5.0,31.0,19.549999,19.59,19.360001,19.4,220600.0,-0.1499990000000011
5.0,30.0,19.6,19.620001,19.33,19.450001,114300.0,-0.1499990000000011
5.0,29.0,19.68,19.700001,19.440001,19.549999,230500.0,-0.13000100000000003
5.0,28.0,19.6,19.68,19.459999,19.66,154200.0,0.05999999999999872
5.0,24.0,19.629999,19.66,19.49,19.59,97400.0,-0.03999900000000167
5.0,23.0,19.49,19.639999,19.25,19.549999,150100.0,0.059999000000001246
5.0,22.0,19.549999,19.629999,19.4,19.51,281500.0,-0.03999899999999812
5.0,21.0,19.77,19.77,19.42,19.48,267100.0,-0.28999999999999915
5.0,20.0,19.77,19.879999,19.57,19.700001,208300.0,-0.06999899999999926
5.0,17.0,19.559999,19.799999,19.51,19.77,169800.0,0.21000099999999833
5.0,16.0,19.59,19.690001,19.139999,19.450001,373400.0,-0.13999899999999954
5.0,15.0,19.889999,19.889999,19.450001,19.51,188600.0,-0.379998999999998
5.0,14.0,19.959999,19.98,19.870001,19.870001,161100.0,-0.08999800000000135
5.0,13.0,19.99,19.99,19.860001,19.860001,121900.0,-0.12999899999999798
5.0,10.0,19.91,19.99,19.870001,19.99,94800.0,0.0799999999999983
5.0,9.0,19.92,19.92,19.799999,19.860001,133300.0,-0.059999000000001246
5.0,8.0,19.85,19.9,19.799999,19.9,158000.0,0.04999999999999716
5.0,7.0,19.85,19.85,19.74,19.83,131800.0,-0.020000000000003126
5.0,6.0,19.790001,19.83,19.73,19.82,65100.0,0.02999900000000011
5.0,3.0,19.83,19.85,19.709999,19.780001,67500.0,-0.04999899999999968
5.0,2.0,19.780001,19.82,19.700001,19.700001,92800.0,-0.0799999999999983
5.0,1.0,19.790001,19.790001,19.620001,19.65,143800.0,-0.1400010000000016
4.0,30.0,19.83,19.85,19.73,19.77,127800.0,-0.05999999999999872
4.0,29.0,19.74,19.85,19.65,19.73,91500.0,-0.00999999999999801
4.0,26.0,19.73,19.75,19.629999,19.700001,120200.0,-0.02999900000000011
4.0,25.0,19.799999,19.82,19.5,19.66,241500.0,-0.13999899999999954
4.0,24.0,19.700001,19.74,19.59,19.610001,110600.0,-0.08999999999999986
4.0,23.0,19.83,19.83,19.58,19.620001,197200.0,-0.20999899999999982
4.0,22.0,19.889999,19.889999,19.690001,19.700001,196300.0,-0.18999799999999922
4.0,19.0,19.809999,19.9,19.74,19.860001,91500.0,0.050001999999999214
4.0,18.0,19.92,19.92,19.809999,19.860001,57200.0,-0.059999000000001246
4.0,17.0,19.790001,19.889999,19.780001,19.809999,30000.0,0.01999800000000107
4.0,16.0,19.940001,19.969999,19.85,19.91,113900.0,-0.030000999999998612
4.0,15.0,19.879999,19.99,19.799999,19.9,119000.0,0.02000099999999705
4.0,12.0,19.870001,19.889999,19.780001,19.82,86500.0,-0.050000999999998186
4.0,11.0,19.879999,19.879999,19.77,19.809999,117400.0,-0.07000000000000028
4.0,10.0,19.799999,19.870001,19.719999,19.83,73900.0,0.030000999999998612
4.0,9.0,19.799999,19.9,19.58,19.690001,108500.0,-0.10999800000000093
4.0,8.0,19.84,19.950001,19.610001,19.809999,115000.0,-0.030000999999998612
4.0,5.0,19.85,19.85,19.719999,19.85,50800.0,0.0
4.0,4.0,19.84,19.940001,19.58,19.84,100200.0,0.0
4.0,3.0,19.84,19.92,19.5,19.73,158900.0,-0.10999999999999943
4.0,2.0,19.879999,19.93,19.76,19.9,222300.0,0.02000099999999705
4.0,1.0,19.98,19.98,19.82,19.93,134700.0,-0.05000000000000071
3.0,28.0,19.799999,20.08,19.66,20.08,879000.0,0.2800009999999986
3.0,27.0,19.65,19.700001,19.549999,19.6,94200.0,-0.04999999999999716
3.0,26.0,19.559999,19.709999,19.5,19.610001,89700.0,0.050001999999999214
3.0,25.0,19.559999,19.58,19.4,19.450001,155200.0,-0.10999800000000093
3.0,22.0,19.299999,19.530001,19.25,19.42,129700.0,0.12000100000000202
3.0,21.0,19.43,19.52,19.200001,19.299999,130500.0,-0.13000100000000003
3.0,20.0,19.360001,19.469999,19.360001,19.379999,98900.0,0.01999800000000107
3.0,19.0,19.549999,19.59,19.26,19.33,137000.0,-0.2199990000000014
3.0,18.0,19.6,19.620001,19.219999,19.42,84700.0,-0.17999999999999972
3.0,15.0,19.84,19.84,19.42,19.530001,86900.0,-0.30999900000000125
3.0,14.0,19.860001,19.860001,19.610001,19.73,85700.0,-0.13000100000000003
3.0,13.0,19.91,19.940001,19.719999,19.92,177500.0,0.010000000000001563
3.0,12.0,19.85,19.870001,19.66,19.870001,127800.0,0.02000099999999705
3.0,11.0,19.790001,19.84,19.6,19.77,84000.0,-0.0200010000000006
3.0,8.0,19.9,19.9,19.52,19.6,134700.0,-0.29999999999999716
3.0,7.0,19.879999,19.9,19.700001,19.9,205500.0,0.02000099999999705
3.0,6.0,19.889999,19.889999,19.629999,19.799999,164900.0,-0.08999999999999986
3.0,5.0,19.84,19.889999,19.73,19.85,163100.0,0.010000000000001563
3.0,4.0,19.84,19.870001,19.709999,19.76,86400.0,-0.0799999999999983
3.0,1.0,19.6,19.780001,19.559999,19.719999,102200.0,0.11999899999999997
2.0,28.0,19.59,19.74,19.51,19.58,232900.0,-0.010000000000001563
2.0,27.0,19.49,19.58,19.4,19.58,119600.0,0.08999999999999986
2.0,26.0,19.18,19.469999,19.16,19.469999,140200.0,0.28999900000000167
2.0,25.0,19.200001,19.469999,19.030001,19.27,199300.0,0.06999899999999926
2.0,22.0,19.309999,19.35,19.129999,19.25,111800.0,-0.059999000000001246
2.0,21.0,19.370001,19.379999,18.91,19.219999,385500.0,-0.15000199999999708
2.0,20.0,19.6,19.6,19.25,19.33,284700.0,-0.2700000000000031
2.0,19.0,19.5,19.6,19.389999,19.58,124100.0,0.0799999999999983
2.0,15.0,19.540001,19.6,19.32,19.440001,185800.0,-0.10000000000000142
2.0,14.0,19.540001,19.549999,19.309999,19.549999,127700.0,0.009997999999999507
2.0,13.0,19.42,19.59,19.23,19.5,144800.0,0.0799999999999983
2.0,12.0,19.6,19.66,19.450001,19.459999,124000.0,-0.1400010000000016
2.0,11.0,19.66,19.700001,19.42,19.690001,141400.0,0.030000999999998612
2.0,8.0,19.440001,19.67,19.360001,19.639999,126400.0,0.1999980000000008
2.0,7.0,19.57,19.690001,19.440001,19.48,145100.0,-0.08999999999999986
2.0,6.0,19.469999,19.559999,19.450001,19.530001,140800.0,0.060001999999997224
2.0,5.0,19.4,19.549999,19.34,19.5,99000.0,0.10000000000000142
2.0,4.0,19.530001,19.549999,19.299999,19.4,148100.0,-0.13000100000000003
2.0,1.0,19.450001,19.57,19.370001,19.530001,153200.0,0.0799999999999983
1.0,31.0,19.360001,19.43,19.27,19.41,123600.0,0.04999899999999968
1.0,30.0,19.370001,19.389999,19.26,19.33,132300.0,-0.040001000000000175
1.0,29.0,19.16,19.41,19.15,19.34,146700.0,0.17999999999999972
1.0,28.0,19.370001,19.389999,19.219999,19.280001,190500.0,-0.08999999999999986
1.0,25.0,19.35,19.41,19.24,19.35,176300.0,0.0
1.0,24.0,19.209999,19.4,19.18,19.280001,189800.0,0.07000199999999879
1.0,23.0,19.24,19.389999,19.120001,19.27,180000.0,0.030000000000001137
1.0,22.0,19.139999,19.5,19.120001,19.15,121200.0,0.010000999999999038
1.0,18.0,19.24,19.24,19.01,19.110001,151800.0,-0.12999899999999798
1.0,17.0,19.139999,19.27,19.040001,19.129999,179400.0,-0.00999999999999801
1.0,16.0,19.360001,19.360001,19.02,19.040001,61000.0,-0.3200000000000003
1.0,15.0,19.389999,19.440001,18.93,19.43,256800.0,0.040001000000000175
1.0,14.0,19.4,19.459999,19.26,19.43,141100.0,0.030000000000001137
1.0,11.0,19.299999,19.459999,19.27,19.459999,99200.0,0.16000000000000014
1.0,10.0,19.200001,19.370001,19.200001,19.360001,107300.0,0.16000000000000014
1.0,9.0,19.280001,19.35,19.25,19.32,117300.0,0.03999900000000167
1.0,8.0,19.33,19.33,19.120001,19.27,135200.0,-0.05999999999999872
1.0,7.0,19.32,19.35,19.16,19.309999,121700.0,-0.010000999999999038
1.0,4.0,19.190001,19.25,19.17,19.25,116400.0,0.059999000000001246
1.0,3.0,19.09,19.209999,18.83,19.190001,201600.0,0.1000009999999989
1.0,2.0,18.629999,18.940001,18.6,18.91,121300.0,0.2800009999999986
12.0,31.0,18.65,18.790001,18.43,18.549999,353200.0,-0.1000009999999989
12.0,28.0,18.17,18.540001,18.17,18.469999,281100.0,0.2999989999999997
12.0,27.0,18.48,18.48,18.26,18.309999,304200.0,-0.17000099999999918
12.0,26.0,18.309999,18.389999,18.25,18.35,242800.0,0.040001000000000175
12.0,24.0,18.43,18.5,18.25,18.34,187800.0,-0.08999999999999986
12.0,21.0,18.379999,18.389999,18.26,18.34,285000.0,-0.03999900000000167
12.0,20.0,18.42,18.559999,18.299999,18.389999,320100.0,-0.030001000000002165
12.0,19.0,18.4,18.5,18.309999,18.440001,294500.0,0.040001000000000175
12.0,18.0,18.370001,18.66,18.280001,18.4,363000.0,0.02999900000000011
12.0,17.0,18.549999,18.639999,18.360001,18.41,247500.0,-0.13999899999999954
12.0,14.0,18.57,18.690001,18.5,18.639999,230500.0,0.06999899999999926
12.0,13.0,18.67,18.889999,18.450001,18.67,296300.0,0.0
12.0,12.0,19.280001,19.280001,18.57,18.620001,272800.0,-0.6600000000000001
12.0,11.0,18.84,19.190001,18.84,19.049999,155700.0,0.20999899999999982
12.0,10.0,18.950001,19.09,18.74,18.940001,93300.0,-0.010000000000001563
12.0,7.0,18.67,18.99,18.67,18.950001,112500.0,0.2800009999999986
12.0,6.0,18.860001,18.940001,18.610001,18.790001,195700.0,-0.07000000000000028
12.0,5.0,19.07,19.17,18.82,18.9,177200.0,-0.1700000000000017
12.0,4.0,18.91,19.290001,18.91,19.139999,96200.0,0.2299989999999994
12.0,3.0,19.17,19.26,18.870001,19.049999,107400.0,-0.12000100000000202
11.0,30.0,19.370001,19.370001,18.780001,19.280001,115100.0,-0.08999999999999986
11.0,29.0,19.049999,19.219999,19.0,19.110001,136400.0,0.06000200000000078
11.0,28.0,18.85,19.23,18.450001,19.01,204300.0,0.16000000000000014
11.0,27.0,18.870001,18.9,18.219999,18.77,294500.0,-0.1000009999999989
11.0,26.0,18.91,19.1,18.5,18.67,243300.0,-0.23999999999999844
11.0,23.0,19.4,19.4,18.77,18.950001,58200.0,-0.44999899999999826
11.0,21.0,18.620001,19.440001,18.610001,19.35,89400.0,0.729999000000003
11.0,20.0,18.799999,19.1,18.73,18.93,120400.0,0.13000100000000003
11.0,19.0,19.549999,19.549999,18.77,18.82,83500.0,-0.7299989999999994
11.0,16.0,19.01,19.17,18.66,19.01,44800.0,0.0
11.0,15.0,18.98,19.16,18.75,19.1,116700.0,0.120000000000001
11.0,14.0,19.299999,19.450001,18.620001,19.41,205500.0,0.11000100000000046
11.0,13.0,19.950001,19.950001,19.23,19.5,135100.0,-0.4500010000000003
11.0,12.0,19.76,19.879999,19.5,19.709999,92500.0,-0.05000100000000174
11.0,9.0,19.950001,20.01,19.950001,20.0,113800.0,0.04999899999999968
11.0,8.0,19.9,20.07,19.9,19.9,111900.0,0.0
11.0,7.0,19.9,19.940001,19.9,19.9,148900.0,0.0
11.0,6.0,19.959999,20.01,19.9,19.93,295900.0,-0.02999900000000011
11.0,5.0,19.950001,20.0,19.950001,19.950001,121000.0,0.0
11.0,2.0,20.0,20.02,19.92,19.950001,847700.0,-0.04999899999999968
11.0,1.0,20.0,20.09,20.0,20.0,17700.0,0.0
10.0,31.0,20.030001,20.040001,20.0,20.0,115100.0,-0.030000999999998612
10.0,26.0,20.0,20.02,20.0,20.0,91800.0,0.0
10.0,25.0,20.0,20.040001,20.0,20.0,158200.0,0.0
10.0,24.0,20.0,20.190001,20.0,20.01,52100.0,0.010000000000001563
10.0,23.0,20.01,20.01,20.0,20.0,31500.0,-0.010000000000001563
10.0,22.0,20.01,20.01,20.0,20.0,44600.0,-0.010000000000001563
10.0,19.0,20.0,20.01,20.0,20.0,83200.0,0.0
10.0,18.0,20.049999,20.049999,20.0,20.0,152100.0,-0.04999899999999968
10.0,17.0,20.0,20.01,20.0,20.01,44000.0,0.010000000000001563
10.0,16.0,20.01,20.01,20.0,20.0,41400.0,-0.010000000000001563
10.0,15.0,20.0,20.040001,20.0,20.030001,55800.0,0.030000999999998612
10.0,12.0,20.049999,20.049999,20.0,20.0,29400.0,-0.04999899999999968
10.0,11.0,20.09,20.09,20.0,20.0,49300.0,-0.08999999999999986
10.0,10.0,20.0,20.049999,20.0,20.0,115200.0,0.0
10.0,9.0,20.02,20.08,20.0,20.07,24400.0,0.05000000000000071
10.0,8.0,20.0,20.049999,20.0,20.0,102100.0,0.0
10.0,5.0,20.01,20.15,20.0,20.0,79600.0,-0.010000000000001563
10.0,4.0,20.18,20.18,20.0,20.0,51800.0,-0.17999999999999972
10.0,3.0,20.0,20.1,20.0,20.049999,99100.0,0.04999899999999968
10.0,2.0,20.0,20.030001,20.0,20.0,41300.0,0.0
10.0,1.0,20.0,20.049999,19.99,20.0,172700.0,0.0
9.0,28.0,20.0,20.09,20.0,20.049999,119800.0,0.04999899999999968
9.0,27.0,20.0,20.02,19.98,20.0,348400.0,0.0
9.0,26.0,20.0,20.0,19.950001,20.0,1848800.0,0.0
