9.0,25.0,0.05,0.05,0.05,0.05,26000.0,0.0
9.0,24.0,0.06,0.06,0.06,0.06,25000.0,0.0
9.0,23.0,0.065,0.065,0.065,0.065,10100.0,0.0
9.0,22.0,0.065,0.065,0.065,0.065,15000.0,0.0
9.0,21.0,0.065,0.065,0.065,0.065,2200.0,0.0
9.0,18.0,0.07,0.07,0.07,0.07,10100.0,0.0
9.0,17.0,0.07,0.07,0.07,0.07,100.0,0.0
9.0,16.0,0.1,0.1,0.1,0.1,0.0,0.0
9.0,15.0,0.1,0.1,0.1,0.1,0.0,0.0
9.0,14.0,0.1,0.1,0.1,0.1,0.0,0.0
9.0,11.0,0.1,0.1,0.1,0.1,0.0,0.0
9.0,10.0,0.09,0.1,0.09,0.1,27000.0,0.010000000000000009
9.0,9.0,0.07,0.08,0.06,0.08,42100.0,0.009999999999999995
9.0,8.0,0.07,0.07,0.07,0.07,25600.0,0.0
9.0,4.0,0.07,0.07,0.07,0.07,20000.0,0.0
9.0,3.0,0.066,0.066,0.066,0.066,10000.0,0.0
9.0,2.0,0.1,0.1,0.1,0.1,0.0,0.0
9.0,1.0,0.066,0.1,0.065,0.1,21600.0,0.034
8.0,31.0,0.065,0.14,0.065,0.14,12900.0,0.07500000000000001
8.0,28.0,0.065,0.105,0.065,0.1,25800.0,0.035
8.0,27.0,0.14,0.14,0.14,0.14,0.0,0.0
8.0,26.0,0.14,0.14,0.14,0.14,0.0,0.0
8.0,25.0,0.14,0.14,0.1,0.14,5200.0,0.0
8.0,24.0,0.065,0.065,0.065,0.065,10100.0,0.0
8.0,21.0,0.14,0.14,0.14,0.14,0.0,0.0
8.0,20.0,0.14,0.14,0.14,0.14,0.0,0.0
8.0,19.0,0.065,0.14,0.065,0.14,4100.0,0.07500000000000001
8.0,18.0,0.15,0.15,0.14,0.14,6000.0,-0.009999999999999981
8.0,17.0,0.065,0.065,0.065,0.065,0.0,0.0
8.0,14.0,0.065,0.065,0.065,0.065,0.0,0.0
8.0,13.0,0.065,0.065,0.065,0.065,0.0,0.0
8.0,12.0,0.065,0.065,0.065,0.065,10200.0,0.0
8.0,11.0,0.068,0.068,0.065,0.065,21900.0,-0.0030000000000000027
8.0,10.0,0.075,0.075,0.07,0.075,34300.0,0.0
8.0,7.0,0.085,0.085,0.085,0.085,25000.0,0.0
8.0,6.0,0.085,0.112,0.085,0.085,3800.0,0.0
8.0,5.0,0.085,0.085,0.085,0.085,0.0,0.0
8.0,4.0,0.085,0.085,0.085,0.085,0.0,0.0
8.0,3.0,0.14,0.14,0.085,0.085,2600.0,-0.05500000000000001
7.0,31.0,0.13,0.14,0.1,0.14,32200.0,0.010000000000000009
7.0,30.0,0.085,0.085,0.085,0.085,3000.0,0.0
7.0,29.0,0.085,0.085,0.085,0.085,700.0,0.0
7.0,28.0,0.1,0.1,0.085,0.085,5100.0,-0.015
7.0,27.0,0.1,0.1,0.1,0.1,100.0,0.0
7.0,24.0,0.105,0.12,0.085,0.1,105700.0,-0.0049999999999999906
7.0,23.0,0.16,0.16,0.1,0.105,14800.0,-0.05500000000000001
7.0,22.0,0.106,0.106,0.106,0.106,300.0,0.0
7.0,21.0,0.13,0.13,0.11,0.12,10400.0,-0.010000000000000009
7.0,20.0,0.13,0.145,0.106,0.14,76600.0,0.010000000000000009
7.0,17.0,0.13,0.13,0.13,0.13,100.0,0.0
7.0,16.0,0.13,0.16,0.13,0.13,5100.0,0.0
7.0,15.0,0.16,0.16,0.132,0.132,5000.0,-0.027999999999999997
7.0,14.0,0.132,0.16,0.132,0.16,1100.0,0.027999999999999997
7.0,13.0,0.14,0.14,0.14,0.14,0.0,0.0
7.0,10.0,0.14,0.14,0.14,0.14,1000.0,0.0
7.0,9.0,0.14,0.14,0.14,0.14,5000.0,0.0
7.0,8.0,0.14,0.14,0.14,0.14,5100.0,0.0
7.0,7.0,0.141,0.141,0.141,0.141,0.0,0.0
7.0,6.0,0.16,0.16,0.141,0.141,40900.0,-0.019000000000000017
7.0,2.0,0.17,0.17,0.16,0.16,58500.0,-0.010000000000000009
7.0,1.0,0.18,0.182,0.165,0.166,50600.0,-0.013999999999999985
6.0,30.0,0.185,0.185,0.17,0.18,237100.0,-0.0050000000000000044
6.0,29.0,0.2,0.202,0.18,0.182,23300.0,-0.018000000000000016
6.0,26.0,0.22,0.22,0.22,0.22,20700.0,0.0
6.0,25.0,0.23,0.25,0.15,0.22,338400.0,-0.010000000000000009
6.0,24.0,0.19,0.2,0.18,0.2,11700.0,0.010000000000000009
6.0,23.0,0.17,0.17,0.15,0.15,220000.0,-0.020000000000000018
6.0,22.0,0.13,0.18,0.13,0.18,156400.0,0.04999999999999999
6.0,19.0,0.2,0.2,0.2,0.2,0.0,0.0
6.0,18.0,0.2,0.2,0.2,0.2,0.0,0.0
6.0,17.0,0.185,0.2,0.185,0.2,15300.0,0.015000000000000013
6.0,16.0,0.185,0.185,0.185,0.185,150100.0,0.0
6.0,15.0,0.171,0.171,0.171,0.171,0.0,0.0
6.0,12.0,0.171,0.171,0.171,0.171,0.0,0.0
6.0,11.0,0.19,0.19,0.171,0.171,168600.0,-0.01899999999999999
6.0,10.0,0.2,0.2,0.2,0.2,0.0,0.0
6.0,9.0,0.2,0.2,0.2,0.2,0.0,0.0
6.0,8.0,0.2,0.2,0.2,0.2,0.0,0.0
6.0,5.0,0.2,0.2,0.2,0.2,0.0,0.0
6.0,4.0,0.2,0.2,0.2,0.2,0.0,0.0
6.0,3.0,0.2,0.2,0.2,0.2,0.0,0.0
6.0,2.0,0.2,0.2,0.2,0.2,5000.0,0.0
6.0,1.0,0.236,0.29,0.2,0.2,20000.0,-0.035999999999999976
5.0,29.0,0.3,0.3,0.3,0.3,0.0,0.0
5.0,28.0,0.3,0.3,0.3,0.3,400.0,0.0
5.0,27.0,0.28,0.28,0.28,0.28,0.0,0.0
5.0,26.0,0.28,0.28,0.28,0.28,0.0,0.0
5.0,22.0,0.33,0.33,0.28,0.28,5000.0,-0.04999999999999999
5.0,21.0,0.4,0.4,0.33,0.33,8200.0,-0.07
5.0,20.0,0.64,0.65,0.64,0.65,3500.0,0.010000000000000009
5.0,19.0,0.52,0.6,0.52,0.6,7000.0,0.07999999999999996
5.0,18.0,0.25,0.25,0.25,0.25,0.0,0.0
5.0,15.0,0.25,0.25,0.25,0.25,0.0,0.0
5.0,14.0,0.25,0.25,0.25,0.25,0.0,0.0
5.0,13.0,0.25,0.25,0.25,0.25,0.0,0.0
5.0,12.0,0.25,0.25,0.25,0.25,2000.0,0.0
5.0,11.0,0.5,0.5,0.475,0.475,6200.0,-0.025000000000000022
5.0,8.0,0.55,0.55,0.55,0.55,2100.0,0.0
5.0,7.0,0.51,0.54,0.51,0.54,4300.0,0.030000000000000027
5.0,6.0,0.5,0.5,0.5,0.5,5000.0,0.0
5.0,5.0,0.38,0.51,0.38,0.38,22700.0,0.0
5.0,4.0,0.38,0.38,0.38,0.38,0.0,0.0
5.0,1.0,0.2,0.38,0.2,0.38,700.0,0.18
4.0,30.0,0.38,0.38,0.38,0.38,0.0,0.0
4.0,29.0,0.25,0.38,0.25,0.38,2700.0,0.13
4.0,28.0,0.39,0.39,0.39,0.39,2300.0,0.0
4.0,27.0,0.12,0.3,0.12,0.3,14400.0,0.18
4.0,24.0,0.12,0.3,0.12,0.3,400.0,0.18
4.0,23.0,0.2,0.2,0.2,0.2,2500.0,0.0
4.0,22.0,0.2,0.2,0.2,0.2,0.0,0.0
4.0,21.0,0.2,0.2,0.2,0.2,100.0,0.0
4.0,20.0,0.2,0.2,0.2,0.2,0.0,0.0
4.0,17.0,0.2,0.2,0.2,0.2,0.0,0.0
4.0,16.0,0.2,0.2,0.2,0.2,0.0,0.0
4.0,15.0,0.2,0.2,0.2,0.2,0.0,0.0
4.0,14.0,0.2,0.2,0.2,0.2,0.0,0.0
4.0,13.0,0.2,0.2,0.2,0.2,0.0,0.0
4.0,10.0,0.2,0.2,0.2,0.2,0.0,0.0
4.0,9.0,0.2,0.2,0.2,0.2,0.0,0.0
4.0,8.0,0.2,0.2,0.2,0.2,0.0,0.0
4.0,7.0,0.2,0.2,0.2,0.2,0.0,0.0
4.0,6.0,0.2,0.2,0.2,0.2,0.0,0.0
4.0,2.0,0.2,0.2,0.2,0.2,0.0,0.0
4.0,1.0,0.2,0.2,0.2,0.2,0.0,0.0
3.0,31.0,0.2,0.2,0.2,0.2,100.0,0.0
3.0,30.0,0.2,0.2,0.2,0.2,0.0,0.0
3.0,27.0,0.2,0.2,0.2,0.2,400.0,0.0
3.0,26.0,0.23,0.23,0.23,0.23,0.0,0.0
3.0,25.0,0.23,0.23,0.23,0.23,0.0,0.0
3.0,24.0,0.23,0.23,0.23,0.23,0.0,0.0
3.0,23.0,0.23,0.23,0.23,0.23,0.0,0.0
3.0,20.0,0.23,0.23,0.23,0.23,2500.0,0.0
3.0,19.0,0.23,0.23,0.23,0.23,300.0,0.0
3.0,18.0,0.23,0.23,0.23,0.23,0.0,0.0
3.0,17.0,0.23,0.23,0.23,0.23,200.0,0.0
3.0,16.0,0.42,0.42,0.42,0.42,0.0,0.0
3.0,13.0,0.42,0.42,0.42,0.42,600.0,0.0
3.0,12.0,0.42,0.42,0.42,0.42,1000.0,0.0
3.0,11.0,0.45,0.45,0.45,0.45,0.0,0.0
3.0,10.0,0.45,0.45,0.45,0.45,0.0,0.0
3.0,9.0,0.44,0.45,0.44,0.45,1600.0,0.010000000000000009
3.0,6.0,0.4,0.4,0.4,0.4,5000.0,0.0
3.0,5.0,0.28,0.44,0.28,0.44,9500.0,0.15999999999999998
3.0,4.0,0.28,0.28,0.28,0.28,7400.0,0.0
3.0,3.0,0.2,0.2,0.2,0.2,5000.0,0.0
3.0,2.0,0.1,0.15,0.1,0.15,30000.0,0.04999999999999999
2.0,27.0,0.11,0.11,0.11,0.11,16900.0,0.0
2.0,26.0,0.05,0.11,0.05,0.11,31700.0,0.06
2.0,25.0,0.11,0.11,0.11,0.11,0.0,0.0
2.0,24.0,0.11,0.11,0.11,0.11,10000.0,0.0
2.0,23.0,0.03,0.03,0.03,0.03,0.0,0.0
2.0,20.0,0.03,0.03,0.03,0.03,0.0,0.0
2.0,19.0,0.03,0.03,0.03,0.03,300.0,0.0
2.0,18.0,0.03,0.03,0.03,0.03,0.0,0.0
2.0,17.0,0.03,0.03,0.03,0.03,0.0,0.0
2.0,13.0,0.03,0.03,0.03,0.03,0.0,0.0
2.0,12.0,0.03,0.03,0.03,0.03,200.0,0.0
2.0,11.0,0.03,0.03,0.03,0.03,1000.0,0.0
2.0,10.0,0.03,0.03,0.03,0.03,0.0,0.0
2.0,9.0,0.03,0.03,0.03,0.03,0.0,0.0
2.0,6.0,0.03,0.03,0.03,0.03,0.0,0.0
2.0,5.0,0.03,0.03,0.03,0.03,0.0,0.0
2.0,4.0,0.03,0.03,0.03,0.03,2300.0,0.0
2.0,3.0,0.03,0.03,0.03,0.03,0.0,0.0
2.0,2.0,0.03,0.03,0.03,0.03,0.0,0.0
1.0,30.0,0.03,0.03,0.03,0.03,0.0,0.0
1.0,29.0,0.03,0.03,0.03,0.03,0.0,0.0
1.0,28.0,0.03,0.03,0.03,0.03,2400.0,0.0
1.0,27.0,0.03,0.03,0.03,0.03,100.0,0.0
1.0,26.0,0.03,0.03,0.03,0.03,0.0,0.0
1.0,23.0,0.03,0.03,0.03,0.03,0.0,0.0
1.0,22.0,0.03,0.03,0.03,0.03,0.0,0.0
1.0,21.0,0.03,0.03,0.03,0.03,0.0,0.0
1.0,20.0,0.03,0.03,0.03,0.03,0.0,0.0
1.0,16.0,0.03,0.03,0.03,0.03,0.0,0.0
1.0,15.0,0.03,0.03,0.03,0.03,200.0,0.0
1.0,14.0,0.03,0.03,0.03,0.03,0.0,0.0
1.0,13.0,0.03,0.03,0.03,0.03,0.0,0.0
1.0,12.0,0.03,0.03,0.03,0.03,0.0,0.0
1.0,9.0,0.03,0.03,0.03,0.03,0.0,0.0
1.0,8.0,0.03,0.03,0.03,0.03,0.0,0.0
1.0,7.0,0.03,0.03,0.03,0.03,600.0,0.0
1.0,6.0,0.03,0.03,0.03,0.03,0.0,0.0
1.0,5.0,0.03,0.03,0.03,0.03,0.0,0.0
1.0,2.0,0.03,0.03,0.03,0.03,0.0,0.0
12.0,31.0,0.03,0.03,0.03,0.03,200.0,0.0
12.0,30.0,0.03,0.03,0.03,0.03,100.0,0.0
12.0,29.0,0.03,0.03,0.03,0.03,0.0,0.0
12.0,26.0,0.03,0.03,0.03,0.03,0.0,0.0
12.0,24.0,0.03,0.03,0.03,0.03,0.0,0.0
12.0,23.0,0.03,0.03,0.03,0.03,200.0,0.0
12.0,22.0,0.03,0.03,0.03,0.03,0.0,0.0
12.0,19.0,0.03,0.03,0.03,0.03,0.0,0.0
12.0,18.0,0.03,0.03,0.03,0.03,0.0,0.0
12.0,17.0,0.03,0.03,0.03,0.03,7400.0,0.0
12.0,16.0,0.03,0.03,0.03,0.03,1000.0,0.0
12.0,15.0,0.03,0.03,0.03,0.03,0.0,0.0
12.0,12.0,0.03,0.03,0.03,0.03,0.0,0.0
12.0,11.0,0.03,0.03,0.03,0.03,0.0,0.0
12.0,10.0,0.03,0.03,0.03,0.03,400.0,0.0
12.0,9.0,0.03,0.03,0.03,0.03,0.0,0.0
12.0,8.0,0.03,0.03,0.03,0.03,8800.0,0.0
12.0,5.0,0.03,0.03,0.03,0.03,0.0,0.0
12.0,4.0,0.03,0.03,0.03,0.03,900.0,0.0
12.0,3.0,0.06,0.06,0.06,0.06,0.0,0.0
12.0,2.0,0.06,0.06,0.06,0.06,0.0,0.0
12.0,1.0,0.06,0.06,0.06,0.06,10100.0,0.0
11.0,28.0,0.05,0.05,0.05,0.05,0.0,0.0
11.0,26.0,0.05,0.05,0.05,0.05,15700.0,0.0
11.0,25.0,0.11,0.11,0.11,0.11,0.0,0.0
11.0,24.0,0.11,0.11,0.11,0.11,0.0,0.0
11.0,21.0,0.11,0.11,0.11,0.11,1600.0,0.0
11.0,20.0,0.032,0.032,0.03,0.03,32200.0,-0.0020000000000000018
11.0,19.0,0.032,0.032,0.032,0.032,0.0,0.0
11.0,18.0,0.032,0.032,0.032,0.032,0.0,0.0
11.0,17.0,0.032,0.032,0.032,0.032,0.0,0.0
11.0,14.0,0.032,0.032,0.032,0.032,0.0,0.0
11.0,13.0,0.032,0.032,0.032,0.032,30000.0,0.0
11.0,12.0,0.032,0.032,0.032,0.032,200.0,0.0
11.0,11.0,0.032,0.032,0.032,0.032,0.0,0.0
11.0,10.0,0.032,0.032,0.032,0.032,0.0,0.0
11.0,7.0,0.032,0.032,0.032,0.032,0.0,0.0
11.0,6.0,0.032,0.032,0.032,0.032,0.0,0.0
11.0,5.0,0.032,0.032,0.032,0.032,1900.0,0.0
11.0,4.0,0.05,0.05,0.05,0.05,0.0,0.0
11.0,3.0,0.06,0.06,0.05,0.05,40000.0,-0.009999999999999995
10.0,31.0,0.1,0.1,0.1,0.1,0.0,0.0
10.0,30.0,0.1,0.1,0.1,0.1,0.0,0.0
10.0,29.0,0.1,0.1,0.1,0.1,11000.0,0.0
10.0,28.0,0.1,0.1,0.1,0.1,0.0,0.0
10.0,27.0,0.12,0.12,0.1,0.1,11400.0,-0.01999999999999999
10.0,24.0,0.17,0.17,0.17,0.17,20000.0,0.0
10.0,23.0,0.25,0.25,0.25,0.25,0.0,0.0
10.0,22.0,0.25,0.25,0.25,0.25,0.0,0.0
10.0,21.0,0.25,0.25,0.25,0.25,700.0,0.0
10.0,20.0,0.14,0.14,0.14,0.14,15900.0,0.0
10.0,17.0,0.135,0.135,0.135,0.135,0.0,0.0
10.0,16.0,0.135,0.135,0.135,0.135,15600.0,0.0
10.0,15.0,0.15,0.15,0.15,0.15,0.0,0.0
10.0,14.0,0.15,0.15,0.15,0.15,25000.0,0.0
10.0,13.0,0.145,0.145,0.145,0.145,22500.0,0.0
10.0,10.0,0.17,0.17,0.16,0.16,18200.0,-0.010000000000000009
10.0,9.0,0.16,0.16,0.16,0.16,0.0,0.0
10.0,8.0,0.16,0.16,0.16,0.16,0.0,0.0
10.0,7.0,0.16,0.16,0.16,0.16,0.0,0.0
10.0,6.0,0.16,0.16,0.16,0.16,0.0,0.0
10.0,3.0,0.16,0.16,0.16,0.16,1400.0,0.0
10.0,2.0,0.16,0.16,0.16,0.16,0.0,0.0
10.0,1.0,0.16,0.16,0.16,0.16,5600.0,0.0
9.0,30.0,0.16,0.16,0.16,0.16,0.0,0.0
9.0,29.0,0.16,0.16,0.16,0.16,0.0,0.0
9.0,26.0,0.16,0.16,0.16,0.16,0.0,0.0
9.0,25.0,0.16,0.16,0.16,0.16,0.0,0.0
9.0,24.0,0.16,0.16,0.16,0.16,0.0,0.0
9.0,23.0,0.16,0.16,0.16,0.16,0.0,0.0
9.0,22.0,0.16,0.16,0.16,0.16,200.0,0.0
9.0,19.0,0.16,0.16,0.16,0.16,0.0,0.0
9.0,18.0,0.16,0.16,0.16,0.16,1100.0,0.0
9.0,17.0,0.16,0.16,0.16,0.16,1000.0,0.0
9.0,16.0,0.16,0.16,0.16,0.16,200.0,0.0
9.0,15.0,0.16,0.16,0.16,0.16,0.0,0.0
9.0,12.0,0.16,0.16,0.16,0.16,500.0,0.0
9.0,11.0,0.2,0.2,0.2,0.2,0.0,0.0
9.0,10.0,0.2,0.2,0.2,0.2,0.0,0.0
9.0,9.0,0.2,0.2,0.2,0.2,0.0,0.0
9.0,8.0,0.2,0.2,0.2,0.2,0.0,0.0
9.0,5.0,0.2,0.2,0.2,0.2,22200.0,0.0
9.0,4.0,0.2,0.2,0.2,0.2,0.0,0.0
9.0,3.0,0.2,0.2,0.2,0.2,0.0,0.0
9.0,2.0,0.2,0.2,0.2,0.2,800.0,0.0
8.0,29.0,0.2,0.2,0.2,0.2,0.0,0.0
8.0,28.0,0.2,0.2,0.2,0.2,0.0,0.0
8.0,27.0,0.2,0.2,0.2,0.2,0.0,0.0
8.0,26.0,0.2,0.2,0.2,0.2,0.0,0.0
8.0,25.0,0.2,0.2,0.2,0.2,400.0,0.0
8.0,22.0,0.2,0.2,0.2,0.2,0.0,0.0
8.0,21.0,0.21,0.21,0.2,0.2,5000.0,-0.009999999999999981
8.0,20.0,0.255,0.255,0.255,0.255,200.0,0.0
8.0,19.0,0.26,0.26,0.26,0.26,2600.0,0.0
8.0,18.0,0.26,0.26,0.26,0.26,5200.0,0.0
8.0,15.0,0.26,0.26,0.26,0.26,0.0,0.0
8.0,14.0,0.26,0.26,0.26,0.26,0.0,0.0
8.0,13.0,0.26,0.26,0.26,0.26,0.0,0.0
8.0,12.0,0.26,0.26,0.26,0.26,500.0,0.0
8.0,11.0,0.26,0.26,0.26,0.26,0.0,0.0
8.0,8.0,0.26,0.26,0.26,0.26,0.0,0.0
8.0,7.0,0.26,0.26,0.26,0.26,0.0,0.0
8.0,6.0,0.26,0.26,0.26,0.26,0.0,0.0
8.0,5.0,0.26,0.26,0.26,0.26,200.0,0.0
8.0,4.0,0.26,0.26,0.26,0.26,0.0,0.0
8.0,1.0,0.26,0.26,0.26,0.26,0.0,0.0
7.0,31.0,0.26,0.26,0.26,0.26,0.0,0.0
7.0,30.0,0.26,0.26,0.26,0.26,0.0,0.0
7.0,29.0,0.26,0.26,0.26,0.26,100.0,0.0
7.0,28.0,0.26,0.26,0.26,0.26,4800.0,0.0
7.0,25.0,0.26,0.26,0.26,0.26,200.0,0.0
7.0,24.0,0.3,0.3,0.26,0.26,3600.0,-0.03999999999999998
7.0,23.0,0.4,0.4,0.4,0.4,0.0,0.0
7.0,22.0,0.4,0.4,0.4,0.4,0.0,0.0
7.0,21.0,0.4,0.4,0.4,0.4,0.0,0.0
7.0,18.0,0.4,0.4,0.4,0.4,0.0,0.0
7.0,17.0,0.25,0.4,0.25,0.4,22200.0,0.15000000000000002
7.0,16.0,0.25,0.25,0.25,0.25,1000.0,0.0
7.0,15.0,0.3,0.3,0.3,0.3,0.0,0.0
7.0,14.0,0.27,0.5,0.27,0.3,13200.0,0.02999999999999997
7.0,11.0,0.25,0.25,0.25,0.25,0.0,0.0
7.0,10.0,0.25,0.25,0.25,0.25,2500.0,0.0
7.0,9.0,0.25,0.25,0.25,0.25,0.0,0.0
7.0,8.0,0.25,0.25,0.25,0.25,2000.0,0.0
7.0,7.0,0.25,0.25,0.25,0.25,700.0,0.0
7.0,3.0,0.25,0.25,0.25,0.25,0.0,0.0
7.0,2.0,0.25,0.35,0.25,0.25,15400.0,0.0
