9.0,25.0,0.02,0.02,0.02,0.02,0.0,0.0
9.0,24.0,0.02,0.02,0.02,0.02,0.0,0.0
9.0,23.0,0.02,0.02,0.02,0.02,0.0,0.0
9.0,22.0,0.02,0.02,0.02,0.02,0.0,0.0
9.0,21.0,0.02,0.02,0.02,0.02,0.0,0.0
9.0,18.0,0.02,0.02,0.02,0.02,0.0,0.0
9.0,17.0,0.02,0.02,0.02,0.02,0.0,0.0
9.0,16.0,0.02,0.02,0.02,0.02,0.0,0.0
9.0,15.0,0.02,0.02,0.02,0.02,0.0,0.0
9.0,14.0,0.02,0.02,0.02,0.02,0.0,0.0
9.0,11.0,0.02,0.02,0.02,0.02,0.0,0.0
9.0,10.0,0.02,0.02,0.02,0.02,0.0,0.0
9.0,9.0,0.02,0.02,0.02,0.02,0.0,0.0
9.0,8.0,0.02,0.02,0.02,0.02,0.0,0.0
9.0,4.0,0.02,0.02,0.02,0.02,0.0,0.0
9.0,3.0,0.02,0.02,0.02,0.02,0.0,0.0
9.0,2.0,0.02,0.02,0.02,0.02,0.0,0.0
9.0,1.0,0.02,0.02,0.02,0.02,0.0,0.0
8.0,31.0,0.02,0.02,0.02,0.02,0.0,0.0
8.0,28.0,0.02,0.02,0.02,0.02,0.0,0.0
8.0,27.0,0.02,0.02,0.02,0.02,0.0,0.0
8.0,26.0,0.02,0.02,0.02,0.02,0.0,0.0
8.0,25.0,0.02,0.02,0.02,0.02,0.0,0.0
8.0,24.0,0.02,0.02,0.02,0.02,0.0,0.0
8.0,21.0,0.02,0.02,0.02,0.02,0.0,0.0
8.0,20.0,0.02,0.02,0.02,0.02,0.0,0.0
8.0,19.0,0.02,0.02,0.02,0.02,0.0,0.0
8.0,18.0,0.02,0.02,0.02,0.02,0.0,0.0
8.0,17.0,0.02,0.02,0.02,0.02,0.0,0.0
8.0,14.0,0.02,0.02,0.02,0.02,0.0,0.0
8.0,13.0,0.02,0.02,0.02,0.02,0.0,0.0
8.0,12.0,0.02,0.02,0.02,0.02,0.0,0.0
8.0,11.0,0.02,0.02,0.02,0.02,0.0,0.0
8.0,10.0,0.02,0.02,0.02,0.02,0.0,0.0
8.0,7.0,0.02,0.02,0.02,0.02,0.0,0.0
8.0,6.0,0.02,0.02,0.02,0.02,0.0,0.0
8.0,5.0,0.02,0.02,0.02,0.02,0.0,0.0
8.0,4.0,0.02,0.02,0.02,0.02,0.0,0.0
8.0,3.0,0.02,0.02,0.02,0.02,0.0,0.0
7.0,31.0,0.02,0.02,0.02,0.02,0.0,0.0
7.0,30.0,0.02,0.02,0.02,0.02,0.0,0.0
7.0,29.0,0.02,0.02,0.02,0.02,0.0,0.0
7.0,28.0,0.02,0.02,0.02,0.02,0.0,0.0
7.0,27.0,0.02,0.02,0.02,0.02,0.0,0.0
7.0,24.0,0.02,0.02,0.02,0.02,0.0,0.0
7.0,23.0,0.02,0.02,0.02,0.02,0.0,0.0
7.0,22.0,0.02,0.02,0.02,0.02,0.0,0.0
7.0,21.0,0.02,0.02,0.02,0.02,0.0,0.0
7.0,20.0,0.02,0.02,0.02,0.02,0.0,0.0
7.0,17.0,0.02,0.02,0.02,0.02,0.0,0.0
7.0,16.0,0.02,0.02,0.02,0.02,0.0,0.0
7.0,15.0,0.02,0.02,0.02,0.02,0.0,0.0
7.0,14.0,0.02,0.02,0.02,0.02,0.0,0.0
7.0,13.0,0.02,0.02,0.02,0.02,0.0,0.0
7.0,10.0,0.02,0.02,0.02,0.02,0.0,0.0
7.0,9.0,0.02,0.02,0.02,0.02,0.0,0.0
7.0,8.0,0.02,0.02,0.02,0.02,0.0,0.0
7.0,7.0,0.02,0.02,0.02,0.02,0.0,0.0
7.0,6.0,0.02,0.02,0.02,0.02,0.0,0.0
7.0,2.0,0.02,0.02,0.02,0.02,0.0,0.0
7.0,1.0,0.02,0.02,0.02,0.02,0.0,0.0
6.0,30.0,0.02,0.02,0.02,0.02,0.0,0.0
6.0,29.0,0.02,0.02,0.02,0.02,0.0,0.0
6.0,26.0,0.02,0.02,0.02,0.02,0.0,0.0
6.0,25.0,0.02,0.02,0.02,0.02,0.0,0.0
6.0,24.0,0.02,0.02,0.02,0.02,0.0,0.0
6.0,23.0,0.02,0.02,0.02,0.02,0.0,0.0
6.0,22.0,0.02,0.02,0.02,0.02,0.0,0.0
6.0,19.0,0.02,0.02,0.02,0.02,0.0,0.0
6.0,18.0,0.02,0.02,0.02,0.02,0.0,0.0
6.0,17.0,0.02,0.02,0.02,0.02,0.0,0.0
6.0,16.0,0.02,0.02,0.02,0.02,0.0,0.0
6.0,15.0,0.02,0.02,0.02,0.02,0.0,0.0
6.0,12.0,0.02,0.02,0.02,0.02,0.0,0.0
6.0,11.0,0.02,0.02,0.02,0.02,0.0,0.0
6.0,10.0,0.02,0.02,0.02,0.02,0.0,0.0
6.0,9.0,0.02,0.02,0.02,0.02,0.0,0.0
6.0,8.0,0.02,0.02,0.02,0.02,0.0,0.0
6.0,5.0,0.02,0.02,0.02,0.02,0.0,0.0
6.0,4.0,0.02,0.02,0.02,0.02,0.0,0.0
6.0,3.0,0.02,0.02,0.02,0.02,0.0,0.0
6.0,2.0,0.02,0.02,0.02,0.02,0.0,0.0
6.0,1.0,0.02,0.02,0.02,0.02,0.0,0.0
5.0,29.0,0.02,0.02,0.02,0.02,0.0,0.0
5.0,28.0,0.02,0.02,0.02,0.02,0.0,0.0
5.0,27.0,0.02,0.02,0.02,0.02,0.0,0.0
5.0,26.0,0.02,0.02,0.02,0.02,0.0,0.0
5.0,22.0,0.02,0.02,0.02,0.02,0.0,0.0
5.0,21.0,0.02,0.02,0.02,0.02,0.0,0.0
5.0,20.0,0.02,0.02,0.02,0.02,0.0,0.0
5.0,19.0,0.02,0.02,0.02,0.02,0.0,0.0
5.0,18.0,0.02,0.02,0.02,0.02,0.0,0.0
5.0,15.0,0.02,0.02,0.02,0.02,0.0,0.0
5.0,14.0,0.02,0.02,0.02,0.02,0.0,0.0
5.0,13.0,0.02,0.02,0.02,0.02,0.0,0.0
5.0,12.0,0.02,0.02,0.02,0.02,0.0,0.0
5.0,11.0,0.02,0.02,0.02,0.02,0.0,0.0
5.0,8.0,0.02,0.02,0.02,0.02,0.0,0.0
5.0,7.0,0.02,0.02,0.02,0.02,0.0,0.0
5.0,6.0,0.02,0.02,0.02,0.02,0.0,0.0
5.0,5.0,0.02,0.02,0.02,0.02,0.0,0.0
5.0,4.0,0.02,0.02,0.02,0.02,0.0,0.0
5.0,1.0,0.02,0.02,0.02,0.02,0.0,0.0
4.0,30.0,0.02,0.02,0.02,0.02,0.0,0.0
4.0,29.0,0.02,0.02,0.02,0.02,0.0,0.0
4.0,28.0,0.02,0.02,0.02,0.02,0.0,0.0
4.0,27.0,0.02,0.02,0.02,0.02,0.0,0.0
4.0,24.0,0.02,0.02,0.02,0.02,0.0,0.0
4.0,23.0,0.02,0.02,0.02,0.02,0.0,0.0
4.0,22.0,0.02,0.02,0.02,0.02,0.0,0.0
4.0,21.0,0.02,0.02,0.02,0.02,0.0,0.0
4.0,20.0,0.02,0.02,0.02,0.02,0.0,0.0
4.0,17.0,0.02,0.02,0.02,0.02,0.0,0.0
4.0,16.0,0.02,0.02,0.02,0.02,0.0,0.0
4.0,15.0,0.02,0.02,0.02,0.02,0.0,0.0
4.0,14.0,0.02,0.02,0.02,0.02,0.0,0.0
4.0,13.0,0.02,0.02,0.02,0.02,0.0,0.0
4.0,10.0,0.02,0.02,0.02,0.02,0.0,0.0
4.0,9.0,0.02,0.02,0.02,0.02,0.0,0.0
4.0,8.0,0.02,0.02,0.02,0.02,0.0,0.0
4.0,7.0,0.02,0.02,0.02,0.02,0.0,0.0
4.0,6.0,0.02,0.02,0.02,0.02,0.0,0.0
4.0,2.0,0.02,0.02,0.02,0.02,0.0,0.0
4.0,1.0,0.02,0.02,0.02,0.02,0.0,0.0
3.0,31.0,0.02,0.02,0.02,0.02,0.0,0.0
3.0,30.0,0.02,0.02,0.02,0.02,0.0,0.0
3.0,27.0,0.02,0.02,0.02,0.02,0.0,0.0
3.0,26.0,0.02,0.02,0.02,0.02,0.0,0.0
3.0,25.0,0.02,0.02,0.02,0.02,0.0,0.0
3.0,24.0,0.02,0.02,0.02,0.02,0.0,0.0
3.0,23.0,0.02,0.02,0.02,0.02,0.0,0.0
3.0,20.0,0.02,0.02,0.02,0.02,0.0,0.0
3.0,19.0,0.02,0.02,0.02,0.02,0.0,0.0
3.0,18.0,0.02,0.02,0.02,0.02,0.0,0.0
3.0,17.0,0.02,0.02,0.02,0.02,0.0,0.0
3.0,16.0,0.02,0.02,0.02,0.02,0.0,0.0
3.0,13.0,0.02,0.02,0.02,0.02,0.0,0.0
3.0,12.0,0.02,0.02,0.02,0.02,0.0,0.0
3.0,11.0,0.02,0.02,0.02,0.02,0.0,0.0
3.0,10.0,0.02,0.02,0.02,0.02,0.0,0.0
3.0,9.0,0.02,0.02,0.02,0.02,0.0,0.0
3.0,6.0,0.02,0.02,0.02,0.02,0.0,0.0
3.0,5.0,0.02,0.02,0.02,0.02,0.0,0.0
3.0,4.0,0.02,0.02,0.02,0.02,0.0,0.0
3.0,3.0,0.02,0.02,0.02,0.02,0.0,0.0
3.0,2.0,0.02,0.02,0.02,0.02,0.0,0.0
2.0,27.0,0.02,0.02,0.02,0.02,0.0,0.0
2.0,26.0,0.02,0.02,0.02,0.02,0.0,0.0
2.0,25.0,0.02,0.02,0.02,0.02,0.0,0.0
2.0,24.0,0.02,0.02,0.02,0.02,0.0,0.0
2.0,23.0,0.02,0.02,0.02,0.02,0.0,0.0
2.0,20.0,0.02,0.02,0.02,0.02,0.0,0.0
2.0,19.0,0.02,0.02,0.02,0.02,0.0,0.0
2.0,18.0,0.02,0.02,0.02,0.02,0.0,0.0
2.0,17.0,0.02,0.02,0.02,0.02,0.0,0.0
2.0,13.0,0.02,0.02,0.02,0.02,0.0,0.0
2.0,12.0,0.02,0.02,0.02,0.02,0.0,0.0
2.0,11.0,0.02,0.02,0.02,0.02,0.0,0.0
2.0,10.0,0.02,0.02,0.02,0.02,0.0,0.0
2.0,9.0,0.02,0.02,0.02,0.02,0.0,0.0
2.0,6.0,0.02,0.02,0.02,0.02,0.0,0.0
2.0,5.0,0.02,0.02,0.02,0.02,0.0,0.0
2.0,4.0,0.02,0.02,0.02,0.02,0.0,0.0
2.0,3.0,0.02,0.02,0.02,0.02,0.0,0.0
2.0,2.0,0.02,0.02,0.02,0.02,0.0,0.0
1.0,30.0,0.02,0.02,0.02,0.02,0.0,0.0
1.0,29.0,0.02,0.02,0.02,0.02,0.0,0.0
1.0,28.0,0.02,0.02,0.02,0.02,0.0,0.0
1.0,27.0,0.02,0.02,0.02,0.02,0.0,0.0
1.0,26.0,0.02,0.02,0.02,0.02,0.0,0.0
1.0,23.0,0.02,0.02,0.02,0.02,0.0,0.0
1.0,22.0,0.02,0.02,0.02,0.02,0.0,0.0
1.0,21.0,0.02,0.02,0.02,0.02,0.0,0.0
1.0,20.0,0.02,0.02,0.02,0.02,0.0,0.0
1.0,16.0,0.02,0.02,0.02,0.02,0.0,0.0
1.0,15.0,0.02,0.02,0.02,0.02,0.0,0.0
1.0,14.0,0.02,0.02,0.02,0.02,0.0,0.0
1.0,13.0,0.02,0.02,0.02,0.02,0.0,0.0
1.0,12.0,0.02,0.02,0.02,0.02,0.0,0.0
1.0,9.0,0.02,0.02,0.02,0.02,0.0,0.0
1.0,8.0,0.02,0.02,0.02,0.02,0.0,0.0
1.0,7.0,0.02,0.02,0.02,0.02,0.0,0.0
1.0,6.0,0.02,0.02,0.02,0.02,0.0,0.0
1.0,5.0,0.02,0.02,0.02,0.02,0.0,0.0
1.0,2.0,0.02,0.02,0.02,0.02,0.0,0.0
12.0,31.0,0.02,0.02,0.02,0.02,0.0,0.0
12.0,30.0,0.02,0.02,0.02,0.02,0.0,0.0
12.0,29.0,0.02,0.02,0.02,0.02,0.0,0.0
12.0,26.0,0.02,0.02,0.02,0.02,0.0,0.0
12.0,24.0,0.02,0.02,0.02,0.02,0.0,0.0
12.0,23.0,0.02,0.02,0.02,0.02,0.0,0.0
12.0,22.0,0.02,0.02,0.02,0.02,0.0,0.0
12.0,19.0,0.02,0.02,0.02,0.02,0.0,0.0
12.0,18.0,0.02,0.02,0.02,0.02,0.0,0.0
12.0,17.0,0.02,0.02,0.02,0.02,0.0,0.0
12.0,16.0,0.02,0.02,0.02,0.02,0.0,0.0
12.0,15.0,0.02,0.02,0.02,0.02,0.0,0.0
12.0,12.0,0.02,0.02,0.02,0.02,0.0,0.0
12.0,11.0,0.02,0.02,0.02,0.02,0.0,0.0
12.0,10.0,0.02,0.02,0.02,0.02,0.0,0.0
12.0,9.0,0.02,0.02,0.02,0.02,0.0,0.0
12.0,8.0,0.02,0.02,0.02,0.02,0.0,0.0
12.0,5.0,0.02,0.02,0.02,0.02,0.0,0.0
12.0,4.0,0.02,0.02,0.02,0.02,0.0,0.0
12.0,3.0,0.02,0.02,0.02,0.02,0.0,0.0
12.0,2.0,0.02,0.02,0.02,0.02,0.0,0.0
12.0,1.0,0.02,0.02,0.02,0.02,0.0,0.0
11.0,28.0,0.02,0.02,0.02,0.02,0.0,0.0
11.0,26.0,0.02,0.02,0.02,0.02,0.0,0.0
11.0,25.0,0.02,0.02,0.02,0.02,0.0,0.0
11.0,24.0,0.02,0.02,0.02,0.02,0.0,0.0
11.0,21.0,0.02,0.02,0.02,0.02,0.0,0.0
11.0,20.0,0.02,0.02,0.02,0.02,0.0,0.0
11.0,19.0,0.02,0.02,0.02,0.02,0.0,0.0
11.0,18.0,0.02,0.02,0.02,0.02,0.0,0.0
11.0,17.0,0.02,0.02,0.02,0.02,0.0,0.0
11.0,14.0,0.02,0.02,0.02,0.02,0.0,0.0
11.0,13.0,0.02,0.02,0.02,0.02,0.0,0.0
11.0,12.0,0.02,0.02,0.02,0.02,0.0,0.0
11.0,11.0,0.02,0.02,0.02,0.02,0.0,0.0
11.0,10.0,0.02,0.02,0.02,0.02,0.0,0.0
11.0,7.0,0.02,0.02,0.02,0.02,0.0,0.0
11.0,6.0,0.02,0.02,0.02,0.02,0.0,0.0
11.0,5.0,0.02,0.02,0.02,0.02,0.0,0.0
11.0,4.0,0.02,0.02,0.02,0.02,0.0,0.0
11.0,3.0,0.02,0.02,0.02,0.02,0.0,0.0
10.0,31.0,0.02,0.02,0.02,0.02,0.0,0.0
10.0,30.0,0.02,0.02,0.02,0.02,0.0,0.0
10.0,29.0,0.02,0.02,0.02,0.02,0.0,0.0
10.0,28.0,0.02,0.02,0.02,0.02,0.0,0.0
10.0,27.0,0.02,0.02,0.02,0.02,0.0,0.0
10.0,24.0,0.02,0.02,0.02,0.02,0.0,0.0
10.0,23.0,0.02,0.02,0.02,0.02,0.0,0.0
10.0,22.0,0.02,0.02,0.02,0.02,0.0,0.0
10.0,21.0,0.02,0.02,0.02,0.02,0.0,0.0
10.0,20.0,0.02,0.02,0.02,0.02,0.0,0.0
10.0,17.0,0.02,0.02,0.02,0.02,0.0,0.0
10.0,16.0,0.02,0.02,0.02,0.02,0.0,0.0
10.0,15.0,0.02,0.02,0.02,0.02,0.0,0.0
10.0,14.0,0.02,0.02,0.02,0.02,0.0,0.0
10.0,13.0,0.02,0.02,0.02,0.02,0.0,0.0
10.0,10.0,0.02,0.02,0.02,0.02,0.0,0.0
10.0,9.0,0.02,0.02,0.02,0.02,0.0,0.0
10.0,8.0,0.02,0.02,0.02,0.02,0.0,0.0
10.0,7.0,0.02,0.02,0.02,0.02,0.0,0.0
10.0,6.0,0.02,0.02,0.02,0.02,0.0,0.0
10.0,3.0,0.02,0.02,0.02,0.02,0.0,0.0
10.0,2.0,0.02,0.02,0.02,0.02,0.0,0.0
10.0,1.0,0.02,0.02,0.02,0.02,0.0,0.0
9.0,30.0,0.02,0.02,0.02,0.02,0.0,0.0
9.0,29.0,0.02,0.02,0.02,0.02,0.0,0.0
9.0,26.0,0.02,0.02,0.02,0.02,0.0,0.0
9.0,25.0,0.02,0.02,0.02,0.02,0.0,0.0
9.0,24.0,0.02,0.02,0.02,0.02,0.0,0.0
9.0,23.0,0.02,0.02,0.02,0.02,0.0,0.0
9.0,22.0,0.02,0.02,0.02,0.02,0.0,0.0
9.0,19.0,0.02,0.02,0.02,0.02,0.0,0.0
9.0,18.0,0.02,0.02,0.02,0.02,0.0,0.0
9.0,17.0,0.02,0.02,0.02,0.02,0.0,0.0
9.0,16.0,0.02,0.02,0.02,0.02,0.0,0.0
9.0,15.0,0.02,0.02,0.02,0.02,0.0,0.0
9.0,12.0,0.02,0.02,0.02,0.02,0.0,0.0
9.0,11.0,0.02,0.02,0.02,0.02,0.0,0.0
9.0,10.0,0.02,0.02,0.02,0.02,0.0,0.0
9.0,9.0,0.02,0.02,0.02,0.02,0.0,0.0
9.0,8.0,0.02,0.02,0.02,0.02,0.0,0.0
9.0,5.0,0.02,0.02,0.02,0.02,0.0,0.0
9.0,4.0,0.02,0.02,0.02,0.02,0.0,0.0
9.0,3.0,0.02,0.02,0.02,0.02,0.0,0.0
9.0,2.0,0.02,0.02,0.02,0.02,0.0,0.0
8.0,29.0,0.02,0.02,0.02,0.02,0.0,0.0
8.0,28.0,0.02,0.02,0.02,0.02,0.0,0.0
8.0,27.0,0.02,0.02,0.02,0.02,0.0,0.0
8.0,26.0,0.02,0.02,0.02,0.02,0.0,0.0
8.0,25.0,0.02,0.02,0.02,0.02,0.0,0.0
8.0,22.0,0.02,0.02,0.02,0.02,0.0,0.0
8.0,21.0,0.02,0.02,0.02,0.02,0.0,0.0
8.0,20.0,0.02,0.02,0.02,0.02,0.0,0.0
8.0,19.0,0.02,0.02,0.02,0.02,0.0,0.0
8.0,18.0,0.02,0.02,0.02,0.02,0.0,0.0
8.0,15.0,0.02,0.02,0.02,0.02,0.0,0.0
8.0,14.0,0.02,0.02,0.02,0.02,0.0,0.0
8.0,13.0,0.02,0.02,0.02,0.02,0.0,0.0
8.0,12.0,0.02,0.02,0.02,0.02,0.0,0.0
8.0,11.0,0.02,0.02,0.02,0.02,0.0,0.0
8.0,8.0,0.02,0.02,0.02,0.02,0.0,0.0
8.0,7.0,0.02,0.02,0.02,0.02,0.0,0.0
8.0,6.0,0.02,0.02,0.02,0.02,0.0,0.0
8.0,5.0,0.02,0.02,0.02,0.02,0.0,0.0
8.0,4.0,0.02,0.02,0.02,0.02,0.0,0.0
8.0,1.0,0.02,0.02,0.02,0.02,0.0,0.0
7.0,31.0,0.02,0.02,0.02,0.02,0.0,0.0
7.0,30.0,0.02,0.02,0.02,0.02,0.0,0.0
7.0,29.0,0.02,0.02,0.02,0.02,0.0,0.0
7.0,28.0,0.02,0.02,0.02,0.02,0.0,0.0
7.0,25.0,0.02,0.02,0.02,0.02,0.0,0.0
7.0,24.0,0.02,0.02,0.02,0.02,0.0,0.0
7.0,23.0,0.02,0.02,0.02,0.02,0.0,0.0
7.0,22.0,0.02,0.02,0.02,0.02,0.0,0.0
7.0,21.0,0.02,0.02,0.02,0.02,0.0,0.0
7.0,18.0,0.02,0.02,0.02,0.02,0.0,0.0
7.0,17.0,0.02,0.02,0.02,0.02,0.0,0.0
7.0,16.0,0.02,0.02,0.02,0.02,0.0,0.0
7.0,15.0,0.02,0.02,0.02,0.02,0.0,0.0
7.0,14.0,0.02,0.02,0.02,0.02,0.0,0.0
7.0,11.0,0.02,0.02,0.02,0.02,0.0,0.0
7.0,10.0,0.02,0.02,0.02,0.02,0.0,0.0
7.0,9.0,0.02,0.02,0.02,0.02,0.0,0.0
7.0,8.0,0.02,0.02,0.02,0.02,0.0,0.0
7.0,7.0,0.02,0.02,0.02,0.02,0.0,0.0
7.0,3.0,0.02,0.02,0.02,0.02,0.0,0.0
7.0,2.0,0.02,0.02,0.02,0.02,0.0,0.0
7.0,1.0,0.02,0.02,0.02,0.02,0.0,0.0
6.0,30.0,0.02,0.02,0.02,0.02,0.0,0.0
6.0,27.0,0.02,0.02,0.02,0.02,0.0,0.0
6.0,26.0,0.02,0.02,0.02,0.02,0.0,0.0
6.0,25.0,0.02,0.02,0.02,0.02,0.0,0.0
6.0,24.0,0.02,0.02,0.02,0.02,0.0,0.0
6.0,23.0,0.02,0.02,0.02,0.02,0.0,0.0
6.0,20.0,0.02,0.02,0.02,0.02,0.0,0.0
6.0,19.0,0.02,0.02,0.02,0.02,0.0,0.0
6.0,18.0,0.02,0.02,0.02,0.02,0.0,0.0
6.0,17.0,0.02,0.02,0.02,0.02,0.0,0.0
6.0,16.0,0.02,0.02,0.02,0.02,0.0,0.0
6.0,13.0,0.02,0.02,0.02,0.02,0.0,0.0
6.0,12.0,0.02,0.02,0.02,0.02,0.0,0.0
6.0,11.0,0.02,0.02,0.02,0.02,0.0,0.0
6.0,10.0,0.02,0.02,0.02,0.02,0.0,0.0
6.0,9.0,0.02,0.02,0.02,0.02,0.0,0.0
6.0,6.0,0.02,0.02,0.02,0.02,0.0,0.0
6.0,5.0,0.02,0.02,0.02,0.02,0.0,0.0
6.0,4.0,0.02,0.02,0.02,0.02,0.0,0.0
6.0,3.0,0.02,0.02,0.02,0.02,0.0,0.0
6.0,2.0,0.02,0.02,0.02,0.02,0.0,0.0
5.0,30.0,0.02,0.02,0.02,0.02,0.0,0.0
5.0,29.0,0.02,0.02,0.02,0.02,0.0,0.0
5.0,28.0,0.02,0.02,0.02,0.02,0.0,0.0
5.0,27.0,0.02,0.02,0.02,0.02,0.0,0.0
5.0,23.0,0.02,0.02,0.02,0.02,0.0,0.0
5.0,22.0,0.02,0.02,0.02,0.02,0.0,0.0
5.0,21.0,0.02,0.02,0.02,0.02,0.0,0.0
5.0,20.0,0.02,0.02,0.02,0.02,0.0,0.0
5.0,19.0,0.02,0.02,0.02,0.02,0.0,0.0
5.0,16.0,0.02,0.02,0.02,0.02,0.0,0.0
5.0,15.0,0.02,0.02,0.02,0.02,0.0,0.0
5.0,14.0,0.02,0.02,0.02,0.02,0.0,0.0
5.0,13.0,0.02,0.02,0.02,0.02,0.0,0.0
5.0,12.0,0.02,0.02,0.02,0.02,0.0,0.0
5.0,9.0,0.02,0.02,0.02,0.02,0.0,0.0
5.0,8.0,0.02,0.02,0.02,0.02,0.0,0.0
5.0,7.0,0.02,0.02,0.02,0.02,0.0,0.0
5.0,6.0,0.02,0.02,0.02,0.02,0.0,0.0
5.0,5.0,0.02,0.02,0.02,0.02,0.0,0.0
5.0,2.0,0.02,0.02,0.02,0.02,0.0,0.0
5.0,1.0,0.02,0.02,0.02,0.02,0.0,0.0
4.0,30.0,0.02,0.02,0.02,0.02,0.0,0.0
4.0,29.0,0.02,0.02,0.02,0.02,0.0,0.0
4.0,28.0,0.02,0.02,0.02,0.02,0.0,0.0
4.0,25.0,0.02,0.02,0.02,0.02,0.0,0.0
4.0,24.0,0.02,0.02,0.02,0.02,0.0,0.0
4.0,23.0,0.02,0.02,0.02,0.02,0.0,0.0
4.0,22.0,0.02,0.02,0.02,0.02,0.0,0.0
4.0,21.0,0.02,0.02,0.02,0.02,0.0,0.0
4.0,17.0,0.02,0.02,0.02,0.02,0.0,0.0
4.0,16.0,0.02,0.02,0.02,0.02,0.0,0.0
4.0,15.0,0.02,0.02,0.02,0.02,0.0,0.0
4.0,14.0,0.02,0.02,0.02,0.02,0.0,0.0
4.0,11.0,0.02,0.02,0.02,0.02,0.0,0.0
4.0,10.0,0.02,0.02,0.02,0.02,0.0,0.0
4.0,9.0,0.02,0.02,0.02,0.02,0.0,0.0
4.0,8.0,0.02,0.02,0.02,0.02,0.0,0.0
4.0,7.0,0.02,0.02,0.02,0.02,0.0,0.0
4.0,4.0,0.02,0.02,0.02,0.02,0.0,0.0
4.0,3.0,0.02,0.02,0.02,0.02,0.0,0.0
4.0,2.0,0.02,0.02,0.02,0.02,0.0,0.0
4.0,1.0,0.02,0.02,0.02,0.02,0.0,0.0
3.0,31.0,0.02,0.02,0.02,0.02,0.0,0.0
3.0,28.0,0.02,0.02,0.02,0.02,0.0,0.0
3.0,27.0,0.02,0.02,0.02,0.02,0.0,0.0
3.0,26.0,0.02,0.02,0.02,0.02,0.0,0.0
3.0,25.0,0.02,0.02,0.02,0.02,0.0,0.0
3.0,24.0,0.02,0.02,0.02,0.02,0.0,0.0
3.0,21.0,0.02,0.02,0.02,0.02,0.0,0.0
3.0,20.0,0.02,0.02,0.02,0.02,0.0,0.0
3.0,19.0,0.02,0.02,0.02,0.02,0.0,0.0
3.0,18.0,0.02,0.02,0.02,0.02,0.0,0.0
3.0,17.0,0.02,0.02,0.02,0.02,0.0,0.0
3.0,14.0,0.02,0.02,0.02,0.02,0.0,0.0
3.0,13.0,0.02,0.02,0.02,0.02,0.0,0.0
3.0,12.0,0.02,0.02,0.02,0.02,0.0,0.0
3.0,11.0,0.02,0.02,0.02,0.02,0.0,0.0
3.0,10.0,0.02,0.02,0.02,0.02,0.0,0.0
3.0,7.0,0.02,0.02,0.02,0.02,0.0,0.0
3.0,6.0,0.02,0.02,0.02,0.02,0.0,0.0
3.0,5.0,0.02,0.02,0.02,0.02,0.0,0.0
3.0,4.0,0.02,0.02,0.02,0.02,0.0,0.0
3.0,3.0,0.02,0.02,0.02,0.02,0.0,0.0
2.0,28.0,0.02,0.02,0.02,0.02,0.0,0.0
2.0,27.0,0.02,0.02,0.02,0.02,0.0,0.0
2.0,26.0,0.02,0.02,0.02,0.02,0.0,0.0
2.0,25.0,0.02,0.02,0.02,0.02,0.0,0.0
2.0,24.0,0.02,0.02,0.02,0.02,0.0,0.0
2.0,21.0,0.02,0.02,0.02,0.02,0.0,0.0
2.0,20.0,0.02,0.02,0.02,0.02,0.0,0.0
2.0,19.0,0.02,0.02,0.02,0.02,0.0,0.0
2.0,18.0,0.02,0.02,0.02,0.02,0.0,0.0
2.0,14.0,0.02,0.02,0.02,0.02,0.0,0.0
2.0,13.0,0.02,0.02,0.02,0.02,0.0,0.0
2.0,12.0,0.02,0.02,0.02,0.02,0.0,0.0
2.0,11.0,0.02,0.02,0.02,0.02,0.0,0.0
2.0,10.0,0.02,0.02,0.02,0.02,0.0,0.0
2.0,7.0,0.02,0.02,0.02,0.02,0.0,0.0
2.0,6.0,0.02,0.02,0.02,0.02,0.0,0.0
2.0,5.0,0.02,0.02,0.02,0.02,0.0,0.0
2.0,4.0,0.02,0.02,0.02,0.02,0.0,0.0
2.0,3.0,0.02,0.02,0.02,0.02,0.0,0.0
1.0,31.0,0.02,0.02,0.02,0.02,0.0,0.0
1.0,30.0,0.02,0.02,0.02,0.02,0.0,0.0
1.0,29.0,0.02,0.02,0.02,0.02,0.0,0.0
1.0,28.0,0.02,0.02,0.02,0.02,0.0,0.0
1.0,27.0,0.02,0.02,0.02,0.02,0.0,0.0
1.0,24.0,0.02,0.02,0.02,0.02,0.0,0.0
1.0,23.0,0.02,0.02,0.02,0.02,0.0,0.0
1.0,22.0,0.02,0.02,0.02,0.02,0.0,0.0
1.0,21.0,0.02,0.02,0.02,0.02,0.0,0.0
1.0,17.0,0.02,0.02,0.02,0.02,0.0,0.0
1.0,16.0,0.02,0.02,0.02,0.02,0.0,0.0
1.0,15.0,0.02,0.02,0.02,0.02,0.0,0.0
1.0,14.0,0.02,0.02,0.02,0.02,0.0,0.0
1.0,13.0,0.02,0.02,0.02,0.02,0.0,0.0
1.0,10.0,0.02,0.02,0.02,0.02,0.0,0.0
1.0,9.0,0.02,0.02,0.02,0.02,0.0,0.0
1.0,8.0,0.02,0.02,0.02,0.02,0.0,0.0
1.0,7.0,0.02,0.02,0.02,0.02,0.0,0.0
1.0,6.0,0.02,0.02,0.02,0.02,0.0,0.0
1.0,3.0,0.02,0.02,0.02,0.02,0.0,0.0
1.0,2.0,0.02,0.02,0.02,0.02,0.0,0.0
12.0,31.0,0.02,0.02,0.02,0.02,0.0,0.0
12.0,30.0,0.02,0.02,0.02,0.02,0.0,0.0
12.0,27.0,0.02,0.02,0.02,0.02,0.0,0.0
12.0,26.0,0.02,0.02,0.02,0.02,0.0,0.0
12.0,24.0,0.02,0.02,0.02,0.02,0.0,0.0
12.0,23.0,0.02,0.02,0.02,0.02,0.0,0.0
12.0,20.0,0.02,0.02,0.02,0.02,0.0,0.0
12.0,19.0,0.02,0.02,0.02,0.02,0.0,0.0
12.0,18.0,0.02,0.02,0.02,0.02,0.0,0.0
12.0,17.0,0.02,0.02,0.02,0.02,0.0,0.0
12.0,16.0,0.02,0.02,0.02,0.02,0.0,0.0
12.0,13.0,0.02,0.02,0.02,0.02,0.0,0.0
12.0,12.0,0.02,0.02,0.02,0.02,0.0,0.0
12.0,11.0,0.02,0.02,0.02,0.02,0.0,0.0
12.0,10.0,0.02,0.02,0.02,0.02,0.0,0.0
12.0,9.0,0.02,0.02,0.02,0.02,0.0,0.0
12.0,6.0,0.02,0.02,0.02,0.02,0.0,0.0
12.0,5.0,0.02,0.02,0.02,0.02,0.0,0.0
12.0,4.0,0.02,0.02,0.02,0.02,0.0,0.0
12.0,3.0,0.02,0.02,0.02,0.02,0.0,0.0
12.0,2.0,0.02,0.02,0.02,0.02,0.0,0.0
11.0,29.0,0.02,0.02,0.02,0.02,0.0,0.0
11.0,27.0,0.02,0.02,0.02,0.02,0.0,0.0
11.0,26.0,0.02,0.02,0.02,0.02,0.0,0.0
11.0,25.0,0.02,0.02,0.02,0.02,0.0,0.0
11.0,22.0,0.02,0.02,0.02,0.02,0.0,0.0
11.0,21.0,0.02,0.02,0.02,0.02,0.0,0.0
11.0,20.0,0.02,0.02,0.02,0.02,0.0,0.0
11.0,19.0,0.02,0.02,0.02,0.02,0.0,0.0
11.0,18.0,0.02,0.02,0.02,0.02,0.0,0.0
11.0,15.0,0.02,0.02,0.02,0.02,0.0,0.0
11.0,14.0,0.02,0.02,0.02,0.02,0.0,0.0
11.0,13.0,0.02,0.02,0.02,0.02,0.0,0.0
11.0,12.0,0.02,0.02,0.02,0.02,0.0,0.0
11.0,11.0,0.02,0.02,0.02,0.02,0.0,0.0
11.0,8.0,0.02,0.02,0.02,0.02,0.0,0.0
11.0,7.0,0.02,0.02,0.02,0.02,0.0,0.0
11.0,6.0,0.02,0.02,0.02,0.02,0.0,0.0
11.0,5.0,0.02,0.02,0.02,0.02,0.0,0.0
11.0,4.0,0.02,0.02,0.02,0.02,0.0,0.0
11.0,1.0,0.02,0.02,0.02,0.02,0.0,0.0
10.0,31.0,0.02,0.02,0.02,0.02,0.0,0.0
10.0,30.0,0.02,0.02,0.02,0.02,0.0,0.0
10.0,29.0,0.02,0.02,0.02,0.02,0.0,0.0
10.0,28.0,0.02,0.02,0.02,0.02,0.0,0.0
10.0,25.0,0.02,0.02,0.02,0.02,0.0,0.0
10.0,24.0,0.02,0.02,0.02,0.02,0.0,0.0
10.0,23.0,0.02,0.02,0.02,0.02,0.0,0.0
10.0,22.0,0.02,0.02,0.02,0.02,0.0,0.0
10.0,21.0,0.02,0.02,0.02,0.02,0.0,0.0
10.0,18.0,0.02,0.02,0.02,0.02,0.0,0.0
10.0,17.0,0.02,0.02,0.02,0.02,0.0,0.0
10.0,16.0,0.02,0.02,0.02,0.02,0.0,0.0
10.0,15.0,0.02,0.02,0.02,0.02,0.0,0.0
10.0,14.0,0.02,0.02,0.02,0.02,0.0,0.0
10.0,11.0,0.02,0.02,0.02,0.02,0.0,0.0
10.0,10.0,0.02,0.02,0.02,0.02,0.0,0.0
10.0,9.0,0.02,0.02,0.02,0.02,0.0,0.0
10.0,8.0,0.02,0.02,0.02,0.02,0.0,0.0
10.0,7.0,0.02,0.02,0.02,0.02,0.0,0.0
10.0,4.0,0.02,0.02,0.02,0.02,0.0,0.0
10.0,3.0,0.02,0.02,0.02,0.02,0.0,0.0
10.0,2.0,0.02,0.02,0.02,0.02,0.0,0.0
10.0,1.0,0.02,0.02,0.02,0.02,0.0,0.0
9.0,30.0,0.02,0.02,0.02,0.02,0.0,0.0
9.0,27.0,0.02,0.02,0.02,0.02,0.0,0.0
9.0,26.0,0.02,0.02,0.02,0.02,0.0,0.0
9.0,25.0,0.02,0.02,0.02,0.02,0.0,0.0
9.0,24.0,0.02,0.02,0.02,0.02,0.0,0.0
9.0,23.0,0.02,0.02,0.02,0.02,0.0,0.0
9.0,20.0,0.02,0.02,0.02,0.02,0.0,0.0
9.0,19.0,0.02,0.02,0.02,0.02,0.0,0.0
9.0,18.0,0.02,0.02,0.02,0.02,0.0,0.0
9.0,17.0,0.02,0.02,0.02,0.02,0.0,0.0
9.0,16.0,0.02,0.02,0.02,0.02,0.0,0.0
9.0,13.0,0.02,0.02,0.02,0.02,0.0,0.0
9.0,12.0,0.02,0.02,0.02,0.02,0.0,0.0
9.0,11.0,0.02,0.02,0.02,0.02,0.0,0.0
9.0,10.0,0.02,0.02,0.02,0.02,0.0,0.0
9.0,9.0,0.02,0.02,0.02,0.02,0.0,0.0
9.0,6.0,0.02,0.02,0.02,0.02,3000.0,0.0
9.0,5.0,0.02,0.02,0.02,0.02,0.0,0.0
9.0,4.0,0.02,0.02,0.02,0.02,0.0,0.0
9.0,3.0,0.02,0.02,0.02,0.02,0.0,0.0
8.0,30.0,0.02,0.02,0.02,0.02,0.0,0.0
8.0,29.0,0.02,0.02,0.02,0.02,0.0,0.0
8.0,28.0,0.02,0.02,0.02,0.02,0.0,0.0
8.0,27.0,0.02,0.02,0.02,0.02,0.0,0.0
8.0,26.0,0.02,0.02,0.02,0.02,0.0,0.0
8.0,23.0,0.02,0.02,0.02,0.02,0.0,0.0
8.0,22.0,0.02,0.02,0.02,0.02,0.0,0.0
8.0,21.0,0.02,0.02,0.02,0.02,10000.0,0.0
8.0,20.0,0.02,0.02,0.02,0.02,0.0,0.0
8.0,19.0,0.02,0.02,0.02,0.02,0.0,0.0
8.0,16.0,0.02,0.02,0.02,0.02,0.0,0.0
8.0,15.0,0.02,0.02,0.02,0.02,0.0,0.0
8.0,14.0,0.02,0.02,0.02,0.02,0.0,0.0
8.0,13.0,0.02,0.02,0.02,0.02,0.0,0.0
8.0,12.0,0.02,0.02,0.02,0.02,0.0,0.0
8.0,9.0,0.02,0.02,0.02,0.02,0.0,0.0
8.0,8.0,0.02,0.02,0.02,0.02,0.0,0.0
8.0,7.0,0.02,0.02,0.02,0.02,0.0,0.0
8.0,6.0,0.02,0.02,0.02,0.02,0.0,0.0
8.0,5.0,0.02,0.02,0.02,0.02,0.0,0.0
8.0,2.0,0.02,0.02,0.02,0.02,0.0,0.0
8.0,1.0,0.02,0.02,0.02,0.02,0.0,0.0
7.0,31.0,0.02,0.02,0.02,0.02,0.0,0.0
7.0,30.0,0.02,0.02,0.02,0.02,0.0,0.0
7.0,29.0,0.02,0.02,0.02,0.02,0.0,0.0
7.0,26.0,0.02,0.02,0.02,0.02,0.0,0.0
7.0,25.0,0.02,0.02,0.02,0.02,0.0,0.0
7.0,24.0,0.02,0.02,0.02,0.02,0.0,0.0
7.0,23.0,0.02,0.02,0.02,0.02,0.0,0.0
7.0,22.0,0.02,0.02,0.02,0.02,0.0,0.0
7.0,19.0,0.02,0.02,0.02,0.02,0.0,0.0
7.0,18.0,0.02,0.02,0.02,0.02,0.0,0.0
7.0,17.0,0.02,0.02,0.02,0.02,0.0,0.0
7.0,16.0,0.02,0.02,0.02,0.02,0.0,0.0
7.0,15.0,0.02,0.02,0.02,0.02,0.0,0.0
7.0,12.0,0.02,0.02,0.02,0.02,0.0,0.0
7.0,11.0,0.02,0.02,0.02,0.02,0.0,0.0
7.0,10.0,0.02,0.02,0.02,0.02,0.0,0.0
7.0,9.0,0.02,0.02,0.02,0.02,0.0,0.0
7.0,8.0,0.02,0.02,0.02,0.02,0.0,0.0
7.0,5.0,0.02,0.02,0.02,0.02,0.0,0.0
7.0,3.0,0.02,0.02,0.02,0.02,0.0,0.0
7.0,2.0,0.02,0.02,0.02,0.02,8000.0,0.0
7.0,1.0,0.03,0.03,0.03,0.03,0.0,0.0
6.0,28.0,0.03,0.03,0.03,0.03,0.0,0.0
6.0,27.0,0.03,0.03,0.03,0.03,0.0,0.0
6.0,26.0,0.03,0.03,0.03,0.03,0.0,0.0
6.0,25.0,0.03,0.03,0.03,0.03,0.0,0.0
6.0,24.0,0.03,0.03,0.03,0.03,0.0,0.0
6.0,21.0,0.03,0.03,0.03,0.03,0.0,0.0
6.0,20.0,0.03,0.03,0.03,0.03,0.0,0.0
6.0,19.0,0.03,0.03,0.03,0.03,0.0,0.0
6.0,18.0,0.03,0.03,0.03,0.03,0.0,0.0
6.0,17.0,0.03,0.03,0.03,0.03,0.0,0.0
6.0,14.0,0.03,0.03,0.03,0.03,0.0,0.0
6.0,13.0,0.03,0.03,0.03,0.03,0.0,0.0
6.0,12.0,0.03,0.03,0.03,0.03,1000.0,0.0
6.0,11.0,0.03,0.03,0.03,0.03,0.0,0.0
6.0,10.0,0.03,0.03,0.03,0.03,0.0,0.0
6.0,7.0,0.03,0.03,0.03,0.03,0.0,0.0
6.0,6.0,0.03,0.03,0.03,0.03,0.0,0.0
6.0,5.0,0.03,0.03,0.03,0.03,0.0,0.0
6.0,4.0,0.03,0.03,0.03,0.03,0.0,0.0
6.0,3.0,0.03,0.03,0.03,0.03,0.0,0.0
5.0,31.0,0.03,0.03,0.03,0.03,0.0,0.0
5.0,30.0,0.03,0.03,0.03,0.03,0.0,0.0
5.0,29.0,0.03,0.03,0.03,0.03,0.0,0.0
5.0,28.0,0.03,0.03,0.03,0.03,0.0,0.0
5.0,24.0,0.03,0.03,0.03,0.03,0.0,0.0
5.0,23.0,0.03,0.03,0.03,0.03,0.0,0.0
5.0,22.0,0.03,0.03,0.03,0.03,0.0,0.0
5.0,21.0,0.03,0.03,0.03,0.03,0.0,0.0
5.0,20.0,0.03,0.03,0.03,0.03,0.0,0.0
5.0,17.0,0.03,0.03,0.03,0.03,0.0,0.0
5.0,16.0,0.03,0.03,0.03,0.03,0.0,0.0
5.0,15.0,0.03,0.03,0.03,0.03,0.0,0.0
5.0,14.0,0.03,0.03,0.03,0.03,0.0,0.0
5.0,13.0,0.03,0.03,0.03,0.03,0.0,0.0
5.0,10.0,0.03,0.03,0.03,0.03,0.0,0.0
5.0,9.0,0.03,0.03,0.03,0.03,0.0,0.0
5.0,8.0,0.03,0.03,0.03,0.03,0.0,0.0
5.0,7.0,0.03,0.03,0.03,0.03,0.0,0.0
5.0,6.0,0.03,0.03,0.03,0.03,0.0,0.0
5.0,3.0,0.03,0.03,0.03,0.03,0.0,0.0
5.0,2.0,0.03,0.03,0.03,0.03,0.0,0.0
5.0,1.0,0.03,0.03,0.03,0.03,0.0,0.0
4.0,30.0,0.03,0.03,0.03,0.03,0.0,0.0
4.0,29.0,0.03,0.03,0.03,0.03,0.0,0.0
4.0,26.0,0.03,0.03,0.03,0.03,0.0,0.0
4.0,25.0,0.03,0.03,0.03,0.03,0.0,0.0
4.0,24.0,0.03,0.03,0.03,0.03,0.0,0.0
4.0,23.0,0.03,0.03,0.03,0.03,0.0,0.0
4.0,22.0,0.03,0.03,0.03,0.03,0.0,0.0
4.0,19.0,0.03,0.03,0.03,0.03,0.0,0.0
4.0,18.0,0.03,0.03,0.03,0.03,0.0,0.0
4.0,17.0,0.03,0.03,0.03,0.03,0.0,0.0
4.0,16.0,0.03,0.03,0.03,0.03,7500.0,0.0
4.0,15.0,0.06,0.06,0.06,0.06,0.0,0.0
4.0,12.0,0.06,0.06,0.06,0.06,0.0,0.0
4.0,11.0,0.06,0.06,0.06,0.06,0.0,0.0
4.0,10.0,0.06,0.06,0.06,0.06,0.0,0.0
4.0,9.0,0.06,0.06,0.06,0.06,25000.0,0.0
4.0,8.0,0.05,0.05,0.05,0.05,0.0,0.0
4.0,5.0,0.05,0.05,0.05,0.05,0.0,0.0
4.0,4.0,0.05,0.05,0.05,0.05,200.0,0.0
4.0,3.0,0.06,0.06,0.06,0.06,0.0,0.0
4.0,2.0,0.06,0.06,0.06,0.06,0.0,0.0
4.0,1.0,0.06,0.06,0.06,0.06,0.0,0.0
3.0,28.0,0.06,0.06,0.06,0.06,1400.0,0.0
3.0,27.0,0.06,0.06,0.06,0.06,0.0,0.0
3.0,26.0,0.06,0.06,0.06,0.06,0.0,0.0
3.0,25.0,0.06,0.06,0.06,0.06,0.0,0.0
3.0,22.0,0.06,0.06,0.06,0.06,0.0,0.0
3.0,21.0,0.06,0.06,0.06,0.06,0.0,0.0
3.0,20.0,0.06,0.06,0.06,0.06,0.0,0.0
3.0,19.0,0.06,0.06,0.06,0.06,0.0,0.0
3.0,18.0,0.06,0.06,0.06,0.06,0.0,0.0
3.0,15.0,0.06,0.06,0.06,0.06,5200.0,0.0
3.0,14.0,0.03,0.03,0.03,0.03,0.0,0.0
3.0,13.0,0.03,0.03,0.03,0.03,0.0,0.0
3.0,12.0,0.03,0.03,0.03,0.03,0.0,0.0
3.0,11.0,0.03,0.03,0.03,0.03,0.0,0.0
3.0,8.0,0.03,0.03,0.03,0.03,0.0,0.0
3.0,7.0,0.03,0.03,0.03,0.03,0.0,0.0
3.0,6.0,0.03,0.03,0.03,0.03,0.0,0.0
3.0,5.0,0.03,0.03,0.03,0.03,0.0,0.0
3.0,4.0,0.03,0.03,0.03,0.03,0.0,0.0
3.0,1.0,0.03,0.03,0.03,0.03,0.0,0.0
2.0,28.0,0.03,0.03,0.03,0.03,0.0,0.0
2.0,27.0,0.03,0.03,0.03,0.03,0.0,0.0
2.0,26.0,0.03,0.03,0.03,0.03,0.0,0.0
2.0,25.0,0.03,0.03,0.03,0.03,0.0,0.0
2.0,22.0,0.03,0.03,0.03,0.03,0.0,0.0
2.0,21.0,0.03,0.03,0.03,0.03,0.0,0.0
2.0,20.0,0.03,0.03,0.03,0.03,0.0,0.0
2.0,19.0,0.03,0.03,0.03,0.03,0.0,0.0
2.0,15.0,0.03,0.03,0.03,0.03,0.0,0.0
2.0,14.0,0.03,0.03,0.03,0.03,0.0,0.0
2.0,13.0,0.03,0.03,0.03,0.03,0.0,0.0
2.0,12.0,0.03,0.03,0.03,0.03,0.0,0.0
2.0,11.0,0.03,0.03,0.03,0.03,0.0,0.0
2.0,8.0,0.03,0.03,0.03,0.03,0.0,0.0
2.0,7.0,0.03,0.03,0.03,0.03,0.0,0.0
2.0,6.0,0.03,0.03,0.03,0.03,0.0,0.0
2.0,5.0,0.03,0.03,0.03,0.03,0.0,0.0
2.0,4.0,0.03,0.03,0.03,0.03,0.0,0.0
2.0,1.0,0.03,0.03,0.03,0.03,0.0,0.0
1.0,31.0,0.03,0.03,0.03,0.03,0.0,0.0
1.0,30.0,0.03,0.03,0.03,0.03,0.0,0.0
1.0,29.0,0.03,0.03,0.03,0.03,0.0,0.0
1.0,28.0,0.03,0.03,0.03,0.03,0.0,0.0
1.0,25.0,0.03,0.03,0.03,0.03,0.0,0.0
1.0,24.0,0.03,0.03,0.03,0.03,0.0,0.0
1.0,23.0,0.03,0.03,0.03,0.03,0.0,0.0
1.0,22.0,0.03,0.03,0.03,0.03,0.0,0.0
1.0,18.0,0.03,0.03,0.03,0.03,0.0,0.0
1.0,17.0,0.03,0.03,0.03,0.03,0.0,0.0
1.0,16.0,0.03,0.03,0.03,0.03,0.0,0.0
1.0,15.0,0.03,0.03,0.03,0.03,0.0,0.0
1.0,14.0,0.03,0.03,0.03,0.03,0.0,0.0
1.0,11.0,0.03,0.03,0.03,0.03,0.0,0.0
1.0,10.0,0.03,0.03,0.03,0.03,0.0,0.0
1.0,9.0,0.03,0.03,0.03,0.03,0.0,0.0
1.0,8.0,0.03,0.03,0.03,0.03,0.0,0.0
1.0,7.0,0.03,0.03,0.03,0.03,0.0,0.0
1.0,4.0,0.03,0.03,0.03,0.03,0.0,0.0
1.0,3.0,0.03,0.03,0.03,0.03,0.0,0.0
1.0,2.0,0.03,0.03,0.03,0.03,0.0,0.0
12.0,31.0,0.03,0.03,0.03,0.03,0.0,0.0
12.0,28.0,0.03,0.03,0.03,0.03,0.0,0.0
12.0,27.0,0.03,0.03,0.03,0.03,0.0,0.0
12.0,26.0,0.03,0.03,0.03,0.03,0.0,0.0
12.0,24.0,0.03,0.03,0.03,0.03,0.0,0.0
12.0,21.0,0.03,0.03,0.03,0.03,0.0,0.0
12.0,20.0,0.03,0.03,0.03,0.03,0.0,0.0
12.0,19.0,0.03,0.03,0.03,0.03,0.0,0.0
12.0,18.0,0.03,0.03,0.03,0.03,0.0,0.0
12.0,17.0,0.03,0.03,0.03,0.03,0.0,0.0
12.0,14.0,0.03,0.03,0.03,0.03,1500.0,0.0
12.0,13.0,0.04,0.04,0.04,0.04,0.0,0.0
12.0,12.0,0.04,0.04,0.04,0.04,0.0,0.0
12.0,11.0,0.04,0.04,0.04,0.04,0.0,0.0
12.0,10.0,0.04,0.04,0.04,0.04,0.0,0.0
12.0,7.0,0.04,0.04,0.04,0.04,2500.0,0.0
12.0,6.0,0.05,0.05,0.05,0.05,0.0,0.0
12.0,5.0,0.05,0.05,0.05,0.05,0.0,0.0
12.0,4.0,0.05,0.05,0.05,0.05,0.0,0.0
12.0,3.0,0.05,0.05,0.05,0.05,0.0,0.0
11.0,30.0,0.05,0.05,0.05,0.05,0.0,0.0
11.0,29.0,0.05,0.05,0.05,0.05,0.0,0.0
11.0,28.0,0.05,0.05,0.05,0.05,0.0,0.0
11.0,27.0,0.05,0.05,0.05,0.05,0.0,0.0
11.0,26.0,0.05,0.05,0.05,0.05,0.0,0.0
11.0,23.0,0.05,0.05,0.05,0.05,0.0,0.0
11.0,21.0,0.05,0.05,0.05,0.05,0.0,0.0
11.0,20.0,0.05,0.05,0.05,0.05,0.0,0.0
11.0,19.0,0.05,0.05,0.05,0.05,0.0,0.0
11.0,16.0,0.05,0.05,0.05,0.05,0.0,0.0
11.0,15.0,0.05,0.05,0.05,0.05,0.0,0.0
11.0,14.0,0.05,0.05,0.05,0.05,0.0,0.0
11.0,13.0,0.05,0.05,0.05,0.05,0.0,0.0
11.0,12.0,0.05,0.05,0.05,0.05,0.0,0.0
11.0,9.0,0.05,0.05,0.05,0.05,0.0,0.0
11.0,8.0,0.05,0.05,0.05,0.05,0.0,0.0
11.0,7.0,0.05,0.05,0.05,0.05,0.0,0.0
11.0,6.0,0.05,0.05,0.05,0.05,0.0,0.0
11.0,5.0,0.05,0.05,0.05,0.05,0.0,0.0
11.0,2.0,0.05,0.05,0.05,0.05,0.0,0.0
11.0,1.0,0.05,0.05,0.05,0.05,0.0,0.0
10.0,31.0,0.05,0.05,0.05,0.05,0.0,0.0
10.0,26.0,0.05,0.05,0.05,0.05,0.0,0.0
10.0,25.0,0.05,0.05,0.05,0.05,0.0,0.0
10.0,24.0,0.05,0.05,0.05,0.05,0.0,0.0
10.0,23.0,0.05,0.05,0.05,0.05,0.0,0.0
10.0,22.0,0.05,0.05,0.05,0.05,0.0,0.0
10.0,19.0,0.05,0.05,0.05,0.05,0.0,0.0
10.0,18.0,0.05,0.05,0.05,0.05,0.0,0.0
10.0,17.0,0.05,0.05,0.05,0.05,0.0,0.0
10.0,16.0,0.05,0.05,0.05,0.05,0.0,0.0
10.0,15.0,0.05,0.05,0.05,0.05,0.0,0.0
10.0,12.0,0.05,0.05,0.05,0.05,0.0,0.0
10.0,11.0,0.05,0.05,0.05,0.05,0.0,0.0
10.0,10.0,0.05,0.05,0.05,0.05,0.0,0.0
10.0,9.0,0.05,0.05,0.05,0.05,0.0,0.0
10.0,8.0,0.05,0.05,0.05,0.05,0.0,0.0
10.0,5.0,0.05,0.05,0.05,0.05,0.0,0.0
10.0,4.0,0.05,0.05,0.05,0.05,0.0,0.0
10.0,3.0,0.05,0.05,0.05,0.05,0.0,0.0
10.0,2.0,0.05,0.05,0.05,0.05,0.0,0.0
10.0,1.0,0.05,0.05,0.05,0.05,0.0,0.0
9.0,28.0,0.05,0.05,0.05,0.05,0.0,0.0
9.0,27.0,0.05,0.05,0.05,0.05,0.0,0.0
9.0,26.0,0.05,0.05,0.05,0.05,0.0,0.0
9.0,25.0,0.05,0.05,0.05,0.05,0.0,0.0
9.0,24.0,0.05,0.05,0.05,0.05,0.0,0.0
9.0,21.0,0.05,0.05,0.05,0.05,0.0,0.0
9.0,20.0,0.05,0.05,0.05,0.05,0.0,0.0
9.0,19.0,0.05,0.05,0.05,0.05,0.0,0.0
9.0,18.0,0.05,0.05,0.05,0.05,0.0,0.0
9.0,17.0,0.05,0.05,0.05,0.05,0.0,0.0
9.0,14.0,0.05,0.05,0.05,0.05,0.0,0.0
9.0,13.0,0.05,0.05,0.05,0.05,0.0,0.0
9.0,12.0,0.05,0.05,0.05,0.05,0.0,0.0
9.0,11.0,0.05,0.05,0.05,0.05,0.0,0.0
9.0,10.0,0.05,0.05,0.05,0.05,0.0,0.0
9.0,7.0,0.05,0.05,0.05,0.05,0.0,0.0
9.0,6.0,0.05,0.05,0.05,0.05,0.0,0.0
9.0,5.0,0.05,0.05,0.05,0.05,0.0,0.0
9.0,4.0,0.05,0.05,0.05,0.05,0.0,0.0
8.0,31.0,0.05,0.05,0.05,0.05,100.0,0.0
8.0,30.0,0.07,0.07,0.07,0.07,0.0,0.0
8.0,29.0,0.07,0.07,0.07,0.07,0.0,0.0
8.0,28.0,0.07,0.07,0.07,0.07,0.0,0.0
8.0,27.0,0.07,0.07,0.07,0.07,0.0,0.0
8.0,24.0,0.07,0.07,0.07,0.07,0.0,0.0
8.0,23.0,0.07,0.07,0.07,0.07,0.0,0.0
8.0,22.0,0.07,0.07,0.07,0.07,0.0,0.0
8.0,21.0,0.07,0.07,0.07,0.07,0.0,0.0
8.0,20.0,0.07,0.07,0.07,0.07,0.0,0.0
8.0,17.0,0.07,0.07,0.07,0.07,0.0,0.0
8.0,16.0,0.07,0.07,0.07,0.07,0.0,0.0
8.0,15.0,0.07,0.07,0.07,0.07,0.0,0.0
8.0,14.0,0.07,0.07,0.07,0.07,0.0,0.0
8.0,13.0,0.07,0.07,0.07,0.07,250000.0,0.0
8.0,10.0,0.07,0.08,0.07,0.08,100200.0,0.009999999999999995
8.0,9.0,0.08,0.08,0.08,0.08,0.0,0.0
8.0,8.0,0.08,0.08,0.08,0.08,0.0,0.0
8.0,7.0,0.08,0.08,0.08,0.08,20000.0,0.0
8.0,6.0,0.07,0.07,0.07,0.07,0.0,0.0
8.0,3.0,0.07,0.07,0.07,0.07,0.0,0.0
8.0,2.0,0.07,0.07,0.07,0.07,0.0,0.0
8.0,1.0,0.07,0.07,0.07,0.07,50000.0,0.0
7.0,31.0,0.08,0.08,0.08,0.08,0.0,0.0
7.0,30.0,0.07,0.08,0.07,0.08,63000.0,0.009999999999999995
7.0,27.0,0.09,0.09,0.08,0.09,37000.0,0.0
7.0,26.0,0.08,0.08,0.08,0.08,60000.0,0.0
7.0,25.0,0.08,0.08,0.08,0.08,40000.0,0.0
7.0,24.0,0.08,0.08,0.08,0.08,0.0,0.0
7.0,23.0,0.08,0.08,0.08,0.08,0.0,0.0
7.0,20.0,0.08,0.08,0.08,0.08,0.0,0.0
7.0,19.0,0.08,0.08,0.08,0.08,0.0,0.0
7.0,18.0,0.06,0.08,0.06,0.08,20000.0,0.020000000000000004
7.0,17.0,0.06,0.06,0.06,0.06,0.0,0.0
7.0,16.0,0.06,0.06,0.06,0.06,0.0,0.0
7.0,13.0,0.06,0.06,0.06,0.06,0.0,0.0
7.0,12.0,0.06,0.06,0.06,0.06,0.0,0.0
7.0,11.0,0.06,0.06,0.06,0.06,0.0,0.0
7.0,10.0,0.06,0.06,0.06,0.06,0.0,0.0
7.0,9.0,0.06,0.06,0.06,0.06,1200.0,0.0
7.0,6.0,0.08,0.08,0.08,0.08,0.0,0.0
7.0,5.0,0.08,0.08,0.08,0.08,0.0,0.0
7.0,3.0,0.08,0.08,0.08,0.08,0.0,0.0
7.0,2.0,0.08,0.08,0.08,0.08,0.0,0.0
6.0,29.0,0.08,0.08,0.08,0.08,0.0,0.0
6.0,28.0,0.08,0.08,0.08,0.08,0.0,0.0
6.0,27.0,0.08,0.08,0.08,0.08,0.0,0.0
6.0,26.0,0.08,0.08,0.08,0.08,0.0,0.0
6.0,25.0,0.08,0.08,0.08,0.08,0.0,0.0
6.0,22.0,0.08,0.08,0.08,0.08,2400.0,0.0
6.0,21.0,0.07,0.07,0.07,0.07,0.0,0.0
6.0,20.0,0.07,0.07,0.07,0.07,0.0,0.0
6.0,19.0,0.07,0.07,0.07,0.07,0.0,0.0
6.0,18.0,0.07,0.07,0.07,0.07,0.0,0.0
6.0,15.0,0.07,0.07,0.07,0.07,0.0,0.0
6.0,14.0,0.07,0.07,0.07,0.07,0.0,0.0
6.0,13.0,0.07,0.07,0.07,0.07,0.0,0.0
6.0,12.0,0.07,0.07,0.07,0.07,0.0,0.0
6.0,11.0,0.07,0.07,0.07,0.07,0.0,0.0
6.0,8.0,0.07,0.07,0.07,0.07,0.0,0.0
6.0,7.0,0.07,0.07,0.07,0.07,0.0,0.0
6.0,6.0,0.07,0.07,0.07,0.07,0.0,0.0
6.0,5.0,0.07,0.07,0.07,0.07,0.0,0.0
6.0,4.0,0.07,0.07,0.07,0.07,0.0,0.0
6.0,1.0,0.07,0.07,0.07,0.07,1000.0,0.0
5.0,31.0,0.13,0.13,0.13,0.13,0.0,0.0
5.0,30.0,0.13,0.13,0.13,0.13,0.0,0.0
5.0,29.0,0.13,0.13,0.13,0.13,0.0,0.0
5.0,25.0,0.13,0.13,0.13,0.13,0.0,0.0
5.0,24.0,0.13,0.13,0.13,0.13,0.0,0.0
5.0,23.0,0.13,0.13,0.13,0.13,0.0,0.0
5.0,22.0,0.13,0.13,0.13,0.13,0.0,0.0
5.0,21.0,0.13,0.13,0.13,0.13,0.0,0.0
5.0,18.0,0.13,0.13,0.13,0.13,0.0,0.0
5.0,17.0,0.13,0.13,0.13,0.13,0.0,0.0
5.0,16.0,0.13,0.13,0.13,0.13,0.0,0.0
5.0,15.0,0.13,0.13,0.13,0.13,0.0,0.0
5.0,14.0,0.13,0.13,0.13,0.13,0.0,0.0
5.0,11.0,0.13,0.13,0.13,0.13,0.0,0.0
5.0,10.0,0.13,0.13,0.13,0.13,0.0,0.0
5.0,9.0,0.13,0.13,0.13,0.13,0.0,0.0
5.0,8.0,0.13,0.13,0.13,0.13,0.0,0.0
5.0,7.0,0.13,0.13,0.13,0.13,0.0,0.0
5.0,4.0,0.13,0.13,0.13,0.13,0.0,0.0
5.0,3.0,0.13,0.13,0.13,0.13,0.0,0.0
5.0,2.0,0.13,0.13,0.13,0.13,0.0,0.0
5.0,1.0,0.13,0.13,0.13,0.13,0.0,0.0
4.0,30.0,0.13,0.13,0.13,0.13,0.0,0.0
4.0,27.0,0.13,0.13,0.13,0.13,0.0,0.0
4.0,26.0,0.13,0.13,0.13,0.13,0.0,0.0
4.0,25.0,0.13,0.13,0.13,0.13,0.0,0.0
4.0,24.0,0.13,0.13,0.13,0.13,0.0,0.0
4.0,23.0,0.13,0.13,0.13,0.13,0.0,0.0
4.0,20.0,0.13,0.13,0.13,0.13,0.0,0.0
4.0,19.0,0.13,0.13,0.13,0.13,0.0,0.0
4.0,18.0,0.13,0.13,0.13,0.13,0.0,0.0
4.0,17.0,0.13,0.13,0.13,0.13,0.0,0.0
4.0,16.0,0.13,0.13,0.13,0.13,0.0,0.0
4.0,13.0,0.13,0.13,0.13,0.13,0.0,0.0
4.0,12.0,0.13,0.13,0.13,0.13,0.0,0.0
4.0,11.0,0.13,0.13,0.13,0.13,0.0,0.0
4.0,10.0,0.13,0.13,0.13,0.13,0.0,0.0
4.0,9.0,0.13,0.13,0.13,0.13,0.0,0.0
4.0,5.0,0.13,0.13,0.13,0.13,0.0,0.0
4.0,4.0,0.13,0.13,0.13,0.13,500.0,0.0
4.0,3.0,0.17,0.17,0.17,0.17,0.0,0.0
4.0,2.0,0.17,0.17,0.17,0.17,0.0,0.0
3.0,30.0,0.17,0.17,0.17,0.17,0.0,0.0
3.0,29.0,0.17,0.17,0.17,0.17,0.0,0.0
3.0,28.0,0.17,0.17,0.17,0.17,0.0,0.0
3.0,27.0,0.17,0.17,0.17,0.17,0.0,0.0
3.0,26.0,0.17,0.17,0.17,0.17,0.0,0.0
3.0,23.0,0.17,0.17,0.17,0.17,0.0,0.0
3.0,22.0,0.17,0.17,0.17,0.17,0.0,0.0
3.0,21.0,0.17,0.17,0.17,0.17,0.0,0.0
3.0,20.0,0.17,0.17,0.17,0.17,0.0,0.0
3.0,19.0,0.17,0.17,0.17,0.17,0.0,0.0
3.0,16.0,0.17,0.17,0.17,0.17,0.0,0.0
3.0,15.0,0.17,0.17,0.17,0.17,500.0,0.0
3.0,14.0,0.17,0.17,0.17,0.17,0.0,0.0
3.0,13.0,0.17,0.17,0.17,0.17,0.0,0.0
3.0,12.0,0.17,0.17,0.17,0.17,0.0,0.0
3.0,9.0,0.17,0.17,0.17,0.17,7000.0,0.0
3.0,8.0,0.18,0.18,0.18,0.18,0.0,0.0
3.0,7.0,0.18,0.18,0.18,0.18,0.0,0.0
3.0,6.0,0.18,0.18,0.18,0.18,0.0,0.0
3.0,5.0,0.18,0.18,0.18,0.18,0.0,0.0
3.0,2.0,0.18,0.18,0.18,0.18,0.0,0.0
3.0,1.0,0.18,0.18,0.18,0.18,0.0,0.0
2.0,29.0,0.18,0.18,0.18,0.18,5000.0,0.0
2.0,28.0,0.19,0.19,0.19,0.19,2000.0,0.0
2.0,27.0,0.18,0.18,0.18,0.18,0.0,0.0
2.0,24.0,0.18,0.18,0.18,0.18,0.0,0.0
2.0,23.0,0.18,0.18,0.18,0.18,0.0,0.0
2.0,22.0,0.18,0.18,0.18,0.18,0.0,0.0
2.0,21.0,0.18,0.18,0.18,0.18,0.0,0.0
2.0,17.0,0.18,0.18,0.18,0.18,0.0,0.0
2.0,16.0,0.18,0.18,0.18,0.18,1000.0,0.0
2.0,15.0,0.11,0.11,0.11,0.11,0.0,0.0
2.0,14.0,0.11,0.11,0.11,0.11,0.0,0.0
2.0,13.0,0.11,0.11,0.11,0.11,0.0,0.0
2.0,10.0,0.11,0.11,0.11,0.11,0.0,0.0
2.0,9.0,0.11,0.11,0.11,0.11,0.0,0.0
2.0,8.0,0.11,0.11,0.11,0.11,0.0,0.0
2.0,7.0,0.11,0.11,0.11,0.11,0.0,0.0
2.0,6.0,0.11,0.11,0.11,0.11,0.0,0.0
2.0,3.0,0.11,0.11,0.11,0.11,0.0,0.0
2.0,2.0,0.11,0.11,0.11,0.11,0.0,0.0
2.0,1.0,0.11,0.11,0.11,0.11,0.0,0.0
1.0,31.0,0.11,0.11,0.11,0.11,0.0,0.0
1.0,30.0,0.11,0.11,0.11,0.11,0.0,0.0
1.0,27.0,0.11,0.11,0.11,0.11,0.0,0.0
1.0,26.0,0.11,0.11,0.11,0.11,0.0,0.0
1.0,25.0,0.11,0.11,0.11,0.11,0.0,0.0
1.0,24.0,0.11,0.11,0.11,0.11,0.0,0.0
1.0,23.0,0.11,0.11,0.11,0.11,0.0,0.0
1.0,20.0,0.11,0.11,0.11,0.11,0.0,0.0
1.0,19.0,0.11,0.11,0.11,0.11,0.0,0.0
1.0,18.0,0.11,0.11,0.11,0.11,0.0,0.0
1.0,17.0,0.11,0.11,0.11,0.11,0.0,0.0
1.0,13.0,0.11,0.11,0.11,0.11,200.0,0.0
1.0,12.0,0.1,0.1,0.1,0.1,0.0,0.0
1.0,11.0,0.1,0.1,0.1,0.1,0.0,0.0
1.0,10.0,0.1,0.1,0.1,0.1,0.0,0.0
1.0,9.0,0.1,0.1,0.1,0.1,0.0,0.0
1.0,6.0,0.1,0.1,0.1,0.1,0.0,0.0
1.0,5.0,0.1,0.1,0.1,0.1,800.0,0.0
1.0,4.0,0.12,0.12,0.12,0.12,0.0,0.0
1.0,3.0,0.12,0.12,0.12,0.12,0.0,0.0
12.0,30.0,0.12,0.12,0.12,0.12,0.0,0.0
12.0,29.0,0.12,0.12,0.12,0.12,0.0,0.0
12.0,28.0,0.12,0.12,0.12,0.12,0.0,0.0
12.0,27.0,0.12,0.12,0.12,0.12,0.0,0.0
12.0,23.0,0.12,0.12,0.12,0.12,0.0,0.0
12.0,22.0,0.12,0.12,0.12,0.12,0.0,0.0
12.0,21.0,0.12,0.12,0.12,0.12,0.0,0.0
12.0,20.0,0.12,0.12,0.12,0.12,0.0,0.0
12.0,19.0,0.12,0.12,0.12,0.12,0.0,0.0
12.0,16.0,0.12,0.12,0.12,0.12,1100.0,0.0
12.0,15.0,0.1,0.1,0.1,0.1,8000.0,0.0
12.0,14.0,0.13,0.13,0.13,0.13,0.0,0.0
12.0,13.0,0.13,0.13,0.13,0.13,0.0,0.0
12.0,12.0,0.13,0.13,0.13,0.13,0.0,0.0
12.0,9.0,0.13,0.13,0.13,0.13,9000.0,0.0
12.0,8.0,0.11,0.11,0.11,0.11,0.0,0.0
12.0,7.0,0.11,0.11,0.11,0.11,1900.0,0.0
12.0,6.0,0.12,0.12,0.12,0.12,0.0,0.0
12.0,5.0,0.12,0.12,0.12,0.12,0.0,0.0
12.0,2.0,0.12,0.12,0.12,0.12,43000.0,0.0
12.0,1.0,0.1,0.1,0.1,0.1,0.0,0.0
11.0,30.0,0.1,0.1,0.1,0.1,0.0,0.0
11.0,29.0,0.1,0.1,0.1,0.1,0.0,0.0
11.0,28.0,0.1,0.1,0.1,0.1,0.0,0.0
11.0,25.0,0.1,0.1,0.1,0.1,0.0,0.0
11.0,23.0,0.1,0.1,0.1,0.1,0.0,0.0
11.0,22.0,0.1,0.1,0.1,0.1,0.0,0.0
11.0,21.0,0.1,0.1,0.1,0.1,2600.0,0.0
11.0,18.0,0.11,0.11,0.11,0.11,0.0,0.0
11.0,17.0,0.11,0.11,0.11,0.11,0.0,0.0
11.0,16.0,0.11,0.11,0.11,0.11,0.0,0.0
11.0,15.0,0.11,0.11,0.11,0.11,0.0,0.0
11.0,14.0,0.11,0.11,0.11,0.11,0.0,0.0
11.0,11.0,0.11,0.11,0.11,0.11,0.0,0.0
11.0,10.0,0.11,0.11,0.11,0.11,0.0,0.0
11.0,9.0,0.11,0.11,0.11,0.11,0.0,0.0
11.0,8.0,0.11,0.11,0.11,0.11,0.0,0.0
11.0,7.0,0.11,0.11,0.11,0.11,0.0,0.0
11.0,4.0,0.11,0.11,0.11,0.11,0.0,0.0
11.0,3.0,0.11,0.11,0.11,0.11,0.0,0.0
11.0,2.0,0.11,0.11,0.11,0.11,0.0,0.0
11.0,1.0,0.11,0.11,0.11,0.11,0.0,0.0
10.0,31.0,0.11,0.11,0.11,0.11,0.0,0.0
10.0,28.0,0.11,0.11,0.11,0.11,0.0,0.0
10.0,27.0,0.11,0.11,0.11,0.11,0.0,0.0
10.0,26.0,0.11,0.11,0.11,0.11,0.0,0.0
10.0,25.0,0.11,0.11,0.11,0.11,0.0,0.0
10.0,24.0,0.11,0.11,0.11,0.11,0.0,0.0
10.0,21.0,0.11,0.11,0.11,0.11,0.0,0.0
10.0,20.0,0.11,0.11,0.11,0.11,0.0,0.0
10.0,19.0,0.11,0.11,0.11,0.11,0.0,0.0
10.0,18.0,0.11,0.11,0.11,0.11,0.0,0.0
10.0,17.0,0.11,0.11,0.11,0.11,0.0,0.0
10.0,14.0,0.11,0.11,0.11,0.11,0.0,0.0
10.0,13.0,0.11,0.11,0.11,0.11,0.0,0.0
10.0,12.0,0.11,0.11,0.11,0.11,0.0,0.0
10.0,11.0,0.11,0.11,0.11,0.11,0.0,0.0
10.0,10.0,0.11,0.11,0.11,0.11,0.0,0.0
10.0,7.0,0.11,0.11,0.11,0.11,0.0,0.0
10.0,6.0,0.11,0.11,0.11,0.11,0.0,0.0
10.0,5.0,0.11,0.11,0.11,0.11,200.0,0.0
10.0,4.0,0.11,0.11,0.11,0.11,0.0,0.0
10.0,3.0,0.11,0.11,0.11,0.11,0.0,0.0
9.0,30.0,0.11,0.11,0.11,0.11,3400.0,0.0
9.0,29.0,0.11,0.11,0.11,0.11,0.0,0.0
9.0,28.0,0.11,0.11,0.11,0.11,0.0,0.0
9.0,27.0,0.11,0.11,0.11,0.11,0.0,0.0
9.0,26.0,0.11,0.11,0.11,0.11,2300.0,0.0
9.0,23.0,0.12,0.12,0.12,0.12,0.0,0.0
9.0,22.0,0.12,0.12,0.12,0.12,0.0,0.0
9.0,21.0,0.12,0.12,0.12,0.12,0.0,0.0
9.0,20.0,0.12,0.12,0.12,0.12,0.0,0.0
9.0,19.0,0.12,0.12,0.12,0.12,5000.0,0.0
9.0,16.0,0.14,0.14,0.14,0.14,0.0,0.0
9.0,15.0,0.14,0.14,0.14,0.14,0.0,0.0
9.0,14.0,0.14,0.14,0.14,0.14,0.0,0.0
9.0,13.0,0.14,0.14,0.14,0.14,0.0,0.0
9.0,12.0,0.14,0.14,0.14,0.14,0.0,0.0
9.0,9.0,0.14,0.14,0.14,0.14,0.0,0.0
9.0,8.0,0.14,0.14,0.14,0.14,0.0,0.0
9.0,7.0,0.14,0.14,0.14,0.14,0.0,0.0
9.0,6.0,0.14,0.14,0.14,0.14,0.0,0.0
9.0,2.0,0.14,0.14,0.14,0.14,0.0,0.0
9.0,1.0,0.14,0.14,0.14,0.14,2000.0,0.0
8.0,31.0,0.11,0.11,0.11,0.11,0.0,0.0
8.0,30.0,0.11,0.11,0.11,0.11,0.0,0.0
8.0,29.0,0.11,0.11,0.11,0.11,0.0,0.0
8.0,26.0,0.11,0.11,0.11,0.11,0.0,0.0
8.0,25.0,0.11,0.11,0.11,0.11,0.0,0.0
8.0,24.0,0.11,0.11,0.11,0.11,0.0,0.0
8.0,23.0,0.11,0.11,0.11,0.11,0.0,0.0
8.0,22.0,0.11,0.11,0.11,0.11,0.0,0.0
8.0,19.0,0.11,0.11,0.11,0.11,0.0,0.0
8.0,18.0,0.11,0.11,0.11,0.11,0.0,0.0
8.0,17.0,0.11,0.11,0.11,0.11,1000.0,0.0
8.0,16.0,0.13,0.13,0.13,0.13,0.0,0.0
8.0,15.0,0.13,0.13,0.13,0.13,2000.0,0.0
8.0,12.0,0.13,0.13,0.13,0.13,0.0,0.0
8.0,11.0,0.13,0.13,0.13,0.13,5000.0,0.0
8.0,10.0,0.12,0.12,0.12,0.12,0.0,0.0
8.0,9.0,0.11,0.12,0.11,0.12,5300.0,0.009999999999999995
8.0,8.0,0.16,0.16,0.16,0.16,0.0,0.0
8.0,5.0,0.16,0.16,0.16,0.16,0.0,0.0
8.0,4.0,0.16,0.16,0.16,0.16,0.0,0.0
8.0,3.0,0.16,0.16,0.16,0.16,0.0,0.0
8.0,2.0,0.16,0.16,0.16,0.16,0.0,0.0
8.0,1.0,0.16,0.16,0.16,0.16,0.0,0.0
7.0,29.0,0.16,0.16,0.16,0.16,0.0,0.0
7.0,28.0,0.16,0.16,0.16,0.16,0.0,0.0
7.0,27.0,0.16,0.16,0.16,0.16,0.0,0.0
7.0,26.0,0.16,0.16,0.16,0.16,500.0,0.0
7.0,25.0,0.17,0.17,0.17,0.17,0.0,0.0
7.0,22.0,0.17,0.17,0.17,0.17,100.0,0.0
7.0,21.0,0.18,0.18,0.18,0.18,0.0,0.0
7.0,20.0,0.18,0.18,0.18,0.18,10000.0,0.0
7.0,19.0,0.18,0.18,0.18,0.18,2400.0,0.0
7.0,18.0,0.21,0.21,0.2,0.21,13500.0,0.0
7.0,15.0,0.21,0.21,0.21,0.21,5000.0,0.0
7.0,14.0,0.03,0.03,0.03,0.03,0.0,0.0
7.0,13.0,0.03,0.03,0.03,0.03,0.0,0.0
7.0,12.0,0.03,0.03,0.03,0.03,0.0,0.0
7.0,11.0,0.03,0.03,0.03,0.03,0.0,0.0
7.0,8.0,0.03,0.03,0.03,0.03,0.0,0.0
7.0,7.0,0.03,0.03,0.03,0.03,0.0,0.0
7.0,6.0,0.03,0.03,0.03,0.03,0.0,0.0
7.0,5.0,0.03,0.03,0.03,0.03,0.0,0.0
7.0,1.0,0.03,0.03,0.03,0.03,0.0,0.0
6.0,30.0,0.03,0.03,0.03,0.03,0.0,0.0
6.0,29.0,0.03,0.03,0.03,0.03,15000.0,0.0
6.0,28.0,0.03,0.03,0.03,0.03,0.0,0.0
6.0,27.0,0.03,0.03,0.03,0.03,27000.0,0.0
6.0,24.0,0.03,0.03,0.03,0.03,600.0,0.0
6.0,23.0,0.03,0.03,0.03,0.03,5000.0,0.0
6.0,22.0,0.02,0.02,0.02,0.02,0.0,0.0
6.0,21.0,0.03,0.03,0.02,0.02,12000.0,-0.009999999999999998
6.0,20.0,0.03,0.03,0.03,0.03,10000.0,0.0
6.0,17.0,0.03,0.03,0.03,0.03,0.0,0.0
6.0,16.0,0.03,0.03,0.03,0.03,10000.0,0.0
6.0,15.0,0.03,0.03,0.03,0.03,0.0,0.0
6.0,14.0,0.03,0.03,0.03,0.03,0.0,0.0
6.0,13.0,0.03,0.03,0.03,0.03,0.0,0.0
6.0,10.0,0.03,0.03,0.03,0.03,0.0,0.0
6.0,9.0,0.03,0.03,0.03,0.03,0.0,0.0
6.0,8.0,0.03,0.03,0.03,0.03,10000.0,0.0
6.0,7.0,0.04,0.04,0.04,0.04,0.0,0.0
6.0,6.0,0.04,0.04,0.04,0.04,0.0,0.0
6.0,3.0,0.04,0.04,0.04,0.04,9200.0,0.0
6.0,2.0,0.05,0.05,0.05,0.05,0.0,0.0
6.0,1.0,0.05,0.05,0.05,0.05,5000.0,0.0
5.0,31.0,0.05,0.05,0.05,0.05,0.0,0.0
5.0,27.0,0.05,0.05,0.05,0.05,0.0,0.0
5.0,26.0,0.05,0.05,0.05,0.05,1000.0,0.0
5.0,25.0,0.05,0.05,0.05,0.05,102500.0,0.0
5.0,24.0,0.04,0.04,0.04,0.04,2800.0,0.0
5.0,23.0,0.04,0.04,0.04,0.04,0.0,0.0
5.0,20.0,0.04,0.04,0.04,0.04,0.0,0.0
5.0,19.0,0.04,0.04,0.04,0.04,900.0,0.0
5.0,18.0,0.03,0.03,0.03,0.03,0.0,0.0
5.0,17.0,0.03,0.03,0.03,0.03,85000.0,0.0
5.0,16.0,0.04,0.04,0.04,0.04,0.0,0.0
5.0,13.0,0.04,0.04,0.04,0.04,8000.0,0.0
5.0,12.0,0.04,0.04,0.04,0.04,0.0,0.0
5.0,11.0,0.04,0.04,0.04,0.04,0.0,0.0
5.0,10.0,0.04,0.04,0.04,0.04,80000.0,0.0
5.0,9.0,0.03,0.04,0.03,0.04,15300.0,0.010000000000000002
5.0,6.0,0.03,0.03,0.03,0.03,7000.0,0.0
5.0,5.0,0.04,0.04,0.04,0.04,11000.0,0.0
5.0,4.0,0.03,0.04,0.03,0.04,27800.0,0.010000000000000002
5.0,3.0,0.1,0.1,0.09,0.09,10000.0,-0.010000000000000009
5.0,2.0,0.1,0.1,0.09,0.09,90000.0,-0.010000000000000009
4.0,29.0,0.09,0.09,0.09,0.09,0.0,0.0
4.0,28.0,0.09,0.09,0.09,0.09,0.0,0.0
4.0,27.0,0.09,0.09,0.09,0.09,0.0,0.0
4.0,26.0,0.09,0.09,0.09,0.09,5000.0,0.0
4.0,25.0,0.1,0.1,0.1,0.1,1000.0,0.0
4.0,21.0,0.12,0.12,0.12,0.12,0.0,0.0
4.0,20.0,0.12,0.12,0.12,0.12,0.0,0.0
4.0,19.0,0.11,0.12,0.11,0.12,11800.0,0.009999999999999995
4.0,18.0,0.12,0.12,0.12,0.12,0.0,0.0
4.0,15.0,0.12,0.12,0.12,0.12,8100.0,0.0
4.0,14.0,0.12,0.12,0.12,0.12,32000.0,0.0
4.0,13.0,0.11,0.11,0.11,0.11,25000.0,0.0
4.0,12.0,0.11,0.11,0.1,0.1,52700.0,-0.009999999999999995
4.0,11.0,0.12,0.12,0.12,0.12,15500.0,0.0
4.0,8.0,0.12,0.12,0.12,0.12,15100.0,0.0
4.0,7.0,0.12,0.12,0.11,0.11,104000.0,-0.009999999999999995
4.0,6.0,0.12,0.13,0.12,0.13,11700.0,0.010000000000000009
4.0,5.0,0.13,0.13,0.13,0.13,1500.0,0.0
4.0,4.0,0.14,0.14,0.13,0.13,24800.0,-0.010000000000000009
4.0,1.0,0.14,0.14,0.13,0.13,20700.0,-0.010000000000000009
3.0,31.0,0.14,0.14,0.14,0.14,140000.0,0.0
3.0,30.0,0.14,0.14,0.13,0.14,112800.0,0.0
3.0,29.0,0.13,0.13,0.13,0.13,33500.0,0.0
3.0,28.0,0.13,0.13,0.13,0.13,4000.0,0.0
3.0,25.0,0.14,0.14,0.13,0.13,13700.0,-0.010000000000000009
3.0,24.0,0.14,0.14,0.13,0.14,41900.0,0.0
3.0,23.0,0.14,0.14,0.14,0.14,92300.0,0.0
3.0,22.0,0.12,0.13,0.12,0.13,46000.0,0.010000000000000009
3.0,21.0,0.1,0.1,0.1,0.1,0.0,0.0
3.0,18.0,0.1,0.1,0.1,0.1,30000.0,0.0
3.0,17.0,0.1,0.1,0.1,0.1,2000.0,0.0
3.0,16.0,0.1,0.11,0.1,0.11,40000.0,0.009999999999999995
3.0,15.0,0.11,0.11,0.11,0.11,15000.0,0.0
3.0,14.0,0.11,0.11,0.11,0.11,0.0,0.0
3.0,11.0,0.11,0.11,0.11,0.11,2600.0,0.0
3.0,10.0,0.12,0.12,0.12,0.12,4500.0,0.0
3.0,9.0,0.11,0.11,0.11,0.11,0.0,0.0
3.0,8.0,0.11,0.11,0.11,0.11,84000.0,0.0
3.0,7.0,0.11,0.11,0.11,0.11,23000.0,0.0
3.0,4.0,0.12,0.12,0.11,0.11,15500.0,-0.009999999999999995
3.0,3.0,0.12,0.12,0.12,0.12,0.0,0.0
3.0,2.0,0.12,0.12,0.12,0.12,0.0,0.0
3.0,1.0,0.12,0.12,0.12,0.12,0.0,0.0
2.0,28.0,0.12,0.12,0.12,0.12,800.0,0.0
2.0,25.0,0.12,0.12,0.12,0.12,64500.0,0.0
2.0,24.0,0.12,0.12,0.12,0.12,13000.0,0.0
2.0,23.0,0.12,0.12,0.12,0.12,0.0,0.0
2.0,22.0,0.12,0.12,0.12,0.12,25300.0,0.0
2.0,18.0,0.13,0.13,0.13,0.13,0.0,0.0
2.0,17.0,0.13,0.13,0.13,0.13,0.0,0.0
2.0,16.0,0.13,0.13,0.13,0.13,0.0,0.0
2.0,15.0,0.13,0.13,0.13,0.13,515000.0,0.0
2.0,14.0,0.13,0.13,0.13,0.13,0.0,0.0
2.0,11.0,0.13,0.13,0.13,0.13,29000.0,0.0
2.0,10.0,0.14,0.14,0.14,0.14,24700.0,0.0
2.0,9.0,0.14,0.14,0.14,0.14,0.0,0.0
2.0,8.0,0.14,0.14,0.14,0.14,20000.0,0.0
2.0,7.0,0.13,0.14,0.13,0.14,500.0,0.010000000000000009
2.0,4.0,0.12,0.13,0.12,0.13,6400.0,0.010000000000000009
2.0,3.0,0.12,0.12,0.11,0.12,130000.0,0.0
2.0,2.0,0.12,0.12,0.12,0.12,4000.0,0.0
2.0,1.0,0.12,0.12,0.12,0.12,10000.0,0.0
1.0,31.0,0.11,0.11,0.11,0.11,155000.0,0.0
1.0,28.0,0.11,0.11,0.11,0.11,3000.0,0.0
1.0,27.0,0.11,0.11,0.11,0.11,18500.0,0.0
1.0,26.0,0.12,0.12,0.12,0.12,10000.0,0.0
1.0,25.0,0.14,0.14,0.14,0.14,1000.0,0.0
1.0,24.0,0.14,0.14,0.13,0.13,10300.0,-0.010000000000000009
1.0,21.0,0.14,0.14,0.14,0.14,0.0,0.0
1.0,20.0,0.14,0.14,0.14,0.14,0.0,0.0
1.0,19.0,0.14,0.14,0.14,0.14,0.0,0.0
1.0,18.0,0.14,0.14,0.14,0.14,3000.0,0.0
1.0,14.0,0.14,0.15,0.14,0.15,62000.0,0.009999999999999981
1.0,13.0,0.13,0.15,0.13,0.15,30100.0,0.01999999999999999
1.0,12.0,0.14,0.14,0.13,0.13,15000.0,-0.010000000000000009
1.0,11.0,0.13,0.13,0.13,0.13,16000.0,0.0
1.0,10.0,0.13,0.14,0.13,0.14,7000.0,0.010000000000000009
1.0,7.0,0.14,0.14,0.14,0.14,1000.0,0.0
1.0,6.0,0.17,0.17,0.14,0.14,19500.0,-0.03
1.0,5.0,0.16,0.16,0.16,0.16,30000.0,0.0
1.0,4.0,0.11,0.11,0.1,0.1,22500.0,-0.009999999999999995
1.0,3.0,0.1,0.1,0.1,0.1,0.0,0.0
12.0,31.0,0.1,0.1,0.1,0.1,10000.0,0.0
12.0,30.0,0.08,0.09,0.08,0.09,10000.0,0.009999999999999995
12.0,29.0,0.08,0.08,0.08,0.08,0.0,0.0
12.0,28.0,0.08,0.08,0.08,0.08,0.0,0.0
12.0,27.0,0.08,0.08,0.08,0.08,0.0,0.0
12.0,23.0,0.08,0.08,0.08,0.08,3500.0,0.0
12.0,22.0,0.09,0.09,0.09,0.09,0.0,0.0
12.0,21.0,0.09,0.09,0.09,0.09,0.0,0.0
12.0,20.0,0.09,0.09,0.09,0.09,0.0,0.0
12.0,17.0,0.09,0.09,0.09,0.09,0.0,0.0
12.0,16.0,0.09,0.09,0.09,0.09,0.0,0.0
12.0,15.0,0.09,0.09,0.09,0.09,0.0,0.0
12.0,14.0,0.09,0.09,0.09,0.09,0.0,0.0
12.0,13.0,0.09,0.09,0.09,0.09,0.0,0.0
12.0,10.0,0.09,0.09,0.09,0.09,0.0,0.0
12.0,9.0,0.09,0.09,0.09,0.09,0.0,0.0
12.0,8.0,0.09,0.09,0.09,0.09,0.0,0.0
12.0,7.0,0.09,0.09,0.09,0.09,0.0,0.0
12.0,6.0,0.09,0.09,0.09,0.09,0.0,0.0
12.0,3.0,0.09,0.09,0.09,0.09,0.0,0.0
12.0,2.0,0.09,0.09,0.09,0.09,0.0,0.0
12.0,1.0,0.09,0.09,0.09,0.09,0.0,0.0
11.0,30.0,0.09,0.09,0.09,0.09,0.0,0.0
11.0,29.0,0.09,0.09,0.09,0.09,0.0,0.0
11.0,26.0,0.09,0.09,0.09,0.09,0.0,0.0
11.0,24.0,0.09,0.09,0.09,0.09,0.0,0.0
11.0,23.0,0.09,0.09,0.09,0.09,0.0,0.0
11.0,22.0,0.09,0.09,0.09,0.09,0.0,0.0
11.0,19.0,0.09,0.09,0.09,0.09,0.0,0.0
11.0,18.0,0.09,0.09,0.09,0.09,0.0,0.0
11.0,17.0,0.09,0.09,0.09,0.09,0.0,0.0
11.0,16.0,0.09,0.09,0.09,0.09,0.0,0.0
11.0,15.0,0.09,0.09,0.09,0.09,0.0,0.0
11.0,12.0,0.09,0.09,0.09,0.09,0.0,0.0
11.0,11.0,0.09,0.09,0.09,0.09,0.0,0.0
11.0,10.0,0.09,0.09,0.09,0.09,0.0,0.0
11.0,9.0,0.09,0.09,0.09,0.09,0.0,0.0
11.0,8.0,0.09,0.09,0.09,0.09,0.0,0.0
11.0,5.0,0.09,0.09,0.09,0.09,0.0,0.0
11.0,4.0,0.09,0.09,0.09,0.09,0.0,0.0
11.0,3.0,0.09,0.09,0.09,0.09,0.0,0.0
11.0,2.0,0.09,0.09,0.09,0.09,0.0,0.0
11.0,1.0,0.09,0.09,0.09,0.09,0.0,0.0
10.0,29.0,0.09,0.09,0.09,0.09,0.0,0.0
10.0,28.0,0.09,0.09,0.09,0.09,0.0,0.0
10.0,27.0,0.09,0.09,0.09,0.09,0.0,0.0
10.0,26.0,0.09,0.09,0.09,0.09,0.0,0.0
10.0,25.0,0.09,0.09,0.09,0.09,0.0,0.0
10.0,22.0,0.09,0.09,0.09,0.09,0.0,0.0
10.0,21.0,0.09,0.09,0.09,0.09,0.0,0.0
10.0,20.0,0.09,0.09,0.09,0.09,0.0,0.0
10.0,19.0,0.09,0.09,0.09,0.09,0.0,0.0
10.0,18.0,0.09,0.09,0.09,0.09,2000.0,0.0
10.0,15.0,0.09,0.09,0.09,0.09,500.0,0.0
10.0,14.0,0.12,0.12,0.12,0.12,0.0,0.0
10.0,13.0,0.12,0.12,0.12,0.12,0.0,0.0
10.0,12.0,0.12,0.12,0.12,0.12,0.0,0.0
10.0,11.0,0.12,0.12,0.12,0.12,0.0,0.0
10.0,8.0,0.12,0.12,0.12,0.12,0.0,0.0
10.0,7.0,0.12,0.12,0.12,0.12,0.0,0.0
10.0,6.0,0.12,0.12,0.12,0.12,0.0,0.0
10.0,5.0,0.12,0.12,0.12,0.12,0.0,0.0
10.0,4.0,0.12,0.12,0.12,0.12,0.0,0.0
10.0,1.0,0.12,0.12,0.12,0.12,0.0,0.0
9.0,30.0,0.12,0.12,0.12,0.12,0.0,0.0
9.0,29.0,0.12,0.12,0.12,0.12,0.0,0.0
9.0,28.0,0.12,0.12,0.12,0.12,0.0,0.0
9.0,27.0,0.12,0.12,0.12,0.12,0.0,0.0
9.0,24.0,0.12,0.12,0.12,0.12,0.0,0.0
9.0,23.0,0.12,0.12,0.12,0.12,0.0,0.0
9.0,22.0,0.12,0.12,0.12,0.12,0.0,0.0
9.0,21.0,0.12,0.12,0.12,0.12,0.0,0.0
9.0,20.0,0.12,0.12,0.12,0.12,0.0,0.0
9.0,17.0,0.12,0.12,0.12,0.12,0.0,0.0
9.0,16.0,0.12,0.12,0.12,0.12,0.0,0.0
9.0,15.0,0.12,0.12,0.12,0.12,0.0,0.0
9.0,14.0,0.12,0.12,0.12,0.12,0.0,0.0
9.0,13.0,0.12,0.12,0.12,0.12,0.0,0.0
9.0,10.0,0.12,0.12,0.12,0.12,0.0,0.0
9.0,9.0,0.12,0.12,0.12,0.12,0.0,0.0
9.0,8.0,0.12,0.12,0.12,0.12,0.0,0.0
9.0,7.0,0.12,0.12,0.12,0.12,0.0,0.0
9.0,3.0,0.12,0.12,0.12,0.12,0.0,0.0
9.0,2.0,0.12,0.12,0.12,0.12,0.0,0.0
9.0,1.0,0.12,0.12,0.12,0.12,0.0,0.0
8.0,31.0,0.12,0.12,0.12,0.12,0.0,0.0
8.0,30.0,0.12,0.12,0.12,0.12,0.0,0.0
8.0,27.0,0.12,0.12,0.12,0.12,0.0,0.0
8.0,26.0,0.12,0.12,0.12,0.12,0.0,0.0
8.0,25.0,0.12,0.12,0.12,0.12,0.0,0.0
8.0,24.0,0.12,0.12,0.12,0.12,0.0,0.0
8.0,23.0,0.12,0.12,0.12,0.12,0.0,0.0
8.0,20.0,0.12,0.12,0.12,0.12,0.0,0.0
8.0,19.0,0.12,0.12,0.12,0.12,0.0,0.0
8.0,18.0,0.12,0.12,0.12,0.12,0.0,0.0
8.0,17.0,0.12,0.12,0.12,0.12,0.0,0.0
8.0,16.0,0.12,0.12,0.12,0.12,0.0,0.0
8.0,13.0,0.12,0.12,0.12,0.12,0.0,0.0
8.0,12.0,0.12,0.12,0.12,0.12,0.0,0.0
8.0,11.0,0.12,0.12,0.12,0.12,0.0,0.0
8.0,10.0,0.12,0.12,0.12,0.12,0.0,0.0
8.0,9.0,0.12,0.12,0.12,0.12,0.0,0.0
8.0,6.0,0.12,0.12,0.12,0.12,0.0,0.0
8.0,5.0,0.12,0.12,0.12,0.12,0.0,0.0
8.0,4.0,0.12,0.12,0.12,0.12,0.0,0.0
8.0,3.0,0.12,0.12,0.12,0.12,0.0,0.0
8.0,2.0,0.12,0.12,0.12,0.12,0.0,0.0
7.0,30.0,0.12,0.12,0.12,0.12,0.0,0.0
7.0,29.0,0.12,0.12,0.12,0.12,0.0,0.0
7.0,28.0,0.12,0.12,0.12,0.12,0.0,0.0
7.0,27.0,0.12,0.12,0.12,0.12,0.0,0.0
7.0,26.0,0.12,0.12,0.12,0.12,0.0,0.0
7.0,23.0,0.12,0.12,0.12,0.12,0.0,0.0
7.0,22.0,0.12,0.12,0.12,0.12,0.0,0.0
7.0,21.0,0.12,0.12,0.12,0.12,0.0,0.0
7.0,20.0,0.12,0.12,0.12,0.12,0.0,0.0
7.0,19.0,0.12,0.12,0.12,0.12,0.0,0.0
7.0,16.0,0.12,0.12,0.12,0.12,0.0,0.0
7.0,15.0,0.12,0.12,0.12,0.12,0.0,0.0
7.0,14.0,0.12,0.12,0.12,0.12,0.0,0.0
7.0,13.0,0.12,0.12,0.12,0.12,0.0,0.0
7.0,12.0,0.12,0.12,0.12,0.12,5000.0,0.0
7.0,9.0,0.17,0.17,0.17,0.17,0.0,0.0
7.0,8.0,0.17,0.17,0.17,0.17,0.0,0.0
7.0,7.0,0.17,0.17,0.17,0.17,0.0,0.0
7.0,6.0,0.17,0.17,0.17,0.17,0.0,0.0
7.0,2.0,0.17,0.17,0.17,0.17,0.0,0.0
7.0,1.0,0.17,0.17,0.17,0.17,0.0,0.0
6.0,30.0,0.17,0.17,0.17,0.17,0.0,0.0
6.0,29.0,0.17,0.17,0.17,0.17,0.0,0.0
6.0,28.0,0.17,0.17,0.17,0.17,0.0,0.0
6.0,25.0,0.17,0.17,0.17,0.17,0.0,0.0
6.0,24.0,0.17,0.17,0.17,0.17,0.0,0.0
6.0,23.0,0.17,0.17,0.17,0.17,0.0,0.0
6.0,22.0,0.17,0.17,0.17,0.17,0.0,0.0
6.0,21.0,0.17,0.17,0.17,0.17,0.0,0.0
6.0,18.0,0.17,0.17,0.17,0.17,0.0,0.0
6.0,17.0,0.17,0.17,0.17,0.17,500.0,0.0
6.0,16.0,0.15,0.15,0.15,0.15,0.0,0.0
6.0,15.0,0.15,0.15,0.15,0.15,0.0,0.0
6.0,14.0,0.15,0.15,0.15,0.15,0.0,0.0
6.0,11.0,0.15,0.15,0.15,0.15,0.0,0.0
6.0,10.0,0.15,0.15,0.15,0.15,0.0,0.0
6.0,9.0,0.15,0.15,0.15,0.15,500.0,0.0
6.0,8.0,0.15,0.15,0.15,0.15,0.0,0.0
6.0,7.0,0.15,0.15,0.15,0.15,5200.0,0.0
6.0,4.0,0.15,0.15,0.15,0.15,4000.0,0.0
6.0,3.0,0.16,0.16,0.16,0.16,1000.0,0.0
6.0,2.0,0.15,0.15,0.15,0.15,1000.0,0.0
6.0,1.0,0.14,0.14,0.14,0.14,0.0,0.0
5.0,28.0,0.14,0.14,0.14,0.14,0.0,0.0
5.0,27.0,0.14,0.14,0.14,0.14,0.0,0.0
5.0,26.0,0.14,0.14,0.14,0.14,1000.0,0.0
5.0,25.0,0.21,0.21,0.21,0.21,0.0,0.0
5.0,24.0,0.21,0.21,0.21,0.21,0.0,0.0
5.0,21.0,0.21,0.21,0.21,0.21,0.0,0.0
5.0,20.0,0.21,0.21,0.21,0.21,0.0,0.0
5.0,19.0,0.21,0.21,0.21,0.21,0.0,0.0
5.0,18.0,0.21,0.21,0.21,0.21,0.0,0.0
5.0,17.0,0.21,0.21,0.21,0.21,0.0,0.0
5.0,14.0,0.21,0.21,0.21,0.21,0.0,0.0
5.0,13.0,0.21,0.21,0.21,0.21,0.0,0.0
5.0,12.0,0.21,0.21,0.21,0.21,0.0,0.0
5.0,11.0,0.21,0.21,0.21,0.21,0.0,0.0
5.0,10.0,0.21,0.21,0.21,0.21,0.0,0.0
5.0,7.0,0.21,0.21,0.21,0.21,0.0,0.0
5.0,6.0,0.21,0.21,0.21,0.21,0.0,0.0
5.0,5.0,0.21,0.21,0.21,0.21,0.0,0.0
5.0,4.0,0.21,0.21,0.21,0.21,500.0,0.0
5.0,3.0,0.21,0.21,0.21,0.21,0.0,0.0
4.0,30.0,0.21,0.21,0.21,0.21,0.0,0.0
4.0,29.0,0.21,0.21,0.21,0.21,500.0,0.0
4.0,28.0,0.23,0.23,0.23,0.23,0.0,0.0
4.0,27.0,0.22,0.23,0.22,0.23,1500.0,0.010000000000000009
4.0,26.0,0.24,0.24,0.24,0.24,0.0,0.0
4.0,23.0,0.24,0.24,0.24,0.24,3400.0,0.0
4.0,22.0,0.25,0.25,0.25,0.25,0.0,0.0
4.0,21.0,0.23,0.25,0.23,0.25,42500.0,0.01999999999999999
4.0,20.0,0.23,0.23,0.23,0.23,0.0,0.0
4.0,19.0,0.23,0.23,0.23,0.23,0.0,0.0
4.0,16.0,0.23,0.23,0.23,0.23,25000.0,0.0
4.0,15.0,0.2,0.2,0.2,0.2,0.0,0.0
4.0,14.0,0.2,0.2,0.2,0.2,0.0,0.0
4.0,13.0,0.2,0.2,0.2,0.2,0.0,0.0
4.0,12.0,0.2,0.2,0.2,0.2,0.0,0.0
4.0,9.0,0.2,0.2,0.2,0.2,0.0,0.0
4.0,8.0,0.2,0.2,0.2,0.2,0.0,0.0
4.0,7.0,0.2,0.2,0.2,0.2,0.0,0.0
4.0,6.0,0.2,0.2,0.2,0.2,0.0,0.0
4.0,5.0,0.2,0.2,0.2,0.2,0.0,0.0
4.0,1.0,0.2,0.2,0.2,0.2,0.0,0.0
3.0,31.0,0.2,0.2,0.2,0.2,0.0,0.0
3.0,30.0,0.21,0.21,0.2,0.2,11000.0,-0.009999999999999981
3.0,29.0,0.13,0.13,0.13,0.13,0.0,0.0
3.0,26.0,0.13,0.13,0.13,0.13,0.0,0.0
3.0,25.0,0.13,0.13,0.13,0.13,0.0,0.0
3.0,24.0,0.13,0.13,0.13,0.13,0.0,0.0
3.0,23.0,0.13,0.13,0.13,0.13,0.0,0.0
3.0,22.0,0.13,0.13,0.13,0.13,0.0,0.0
3.0,19.0,0.13,0.13,0.13,0.13,0.0,0.0
3.0,18.0,0.13,0.13,0.13,0.13,0.0,0.0
3.0,17.0,0.13,0.13,0.13,0.13,2000.0,0.0
