9.0,25.0,32.349998,32.349998,32.349998,32.349998,0.0,0.0
9.0,24.0,32.349998,32.349998,32.349998,32.349998,0.0,0.0
9.0,23.0,32.349998,32.349998,32.349998,32.349998,0.0,0.0
9.0,22.0,32.349998,32.349998,32.349998,32.349998,0.0,0.0
9.0,21.0,32.349998,32.349998,32.349998,32.349998,0.0,0.0
9.0,18.0,32.349998,32.349998,32.349998,32.349998,500.0,0.0
9.0,17.0,36.709999,36.709999,36.709999,36.709999,0.0,0.0
9.0,16.0,36.709999,36.709999,36.709999,36.709999,0.0,0.0
9.0,15.0,36.709999,36.709999,36.709999,36.709999,0.0,0.0
9.0,14.0,36.709999,36.709999,36.709999,36.709999,0.0,0.0
9.0,11.0,36.709999,36.709999,36.709999,36.709999,0.0,0.0
9.0,10.0,36.709999,36.709999,36.709999,36.709999,0.0,0.0
9.0,9.0,36.709999,36.709999,36.709999,36.709999,0.0,0.0
9.0,8.0,36.709999,36.709999,36.709999,36.709999,0.0,0.0
9.0,4.0,36.709999,36.709999,36.709999,36.709999,0.0,0.0
9.0,3.0,36.709999,36.709999,36.709999,36.709999,0.0,0.0
9.0,2.0,36.709999,36.709999,36.709999,36.709999,0.0,0.0
9.0,1.0,36.709999,36.709999,36.709999,36.709999,0.0,0.0
8.0,31.0,36.709999,36.709999,36.709999,36.709999,0.0,0.0
8.0,28.0,36.709999,36.709999,36.709999,36.709999,0.0,0.0
8.0,27.0,36.709999,36.709999,36.709999,36.709999,0.0,0.0
8.0,26.0,36.709999,36.709999,36.709999,36.709999,100.0,0.0
8.0,25.0,35.0,35.0,35.0,35.0,0.0,0.0
8.0,24.0,35.0,35.0,35.0,35.0,0.0,0.0
8.0,21.0,35.0,35.0,35.0,35.0,0.0,0.0
8.0,20.0,35.0,35.0,35.0,35.0,0.0,0.0
8.0,19.0,35.0,35.0,35.0,35.0,0.0,0.0
8.0,18.0,35.0,35.0,35.0,35.0,0.0,0.0
8.0,17.0,35.0,35.0,35.0,35.0,0.0,0.0
8.0,14.0,35.0,35.0,35.0,35.0,0.0,0.0
8.0,13.0,35.0,35.0,35.0,35.0,0.0,0.0
8.0,12.0,35.0,35.0,35.0,35.0,0.0,0.0
8.0,11.0,35.0,35.0,35.0,35.0,0.0,0.0
8.0,10.0,35.0,35.0,35.0,35.0,0.0,0.0
8.0,7.0,35.0,35.0,35.0,35.0,0.0,0.0
8.0,6.0,35.0,35.0,35.0,35.0,0.0,0.0
8.0,5.0,35.0,35.0,35.0,35.0,0.0,0.0
8.0,4.0,35.0,35.0,35.0,35.0,0.0,0.0
8.0,3.0,35.0,35.0,35.0,35.0,0.0,0.0
7.0,31.0,35.0,35.0,35.0,35.0,0.0,0.0
7.0,30.0,35.0,35.0,35.0,35.0,0.0,0.0
7.0,29.0,35.0,35.0,35.0,35.0,0.0,0.0
7.0,28.0,35.0,35.0,35.0,35.0,0.0,0.0
7.0,27.0,35.0,35.0,35.0,35.0,0.0,0.0
7.0,24.0,35.0,35.0,35.0,35.0,0.0,0.0
7.0,23.0,35.0,35.0,35.0,35.0,0.0,0.0
7.0,22.0,35.0,35.0,35.0,35.0,0.0,0.0
7.0,21.0,35.0,35.0,35.0,35.0,0.0,0.0
7.0,20.0,35.0,35.0,35.0,35.0,0.0,0.0
7.0,17.0,35.0,35.0,35.0,35.0,0.0,0.0
7.0,16.0,35.0,35.0,35.0,35.0,0.0,0.0
7.0,15.0,35.0,35.0,35.0,35.0,0.0,0.0
7.0,14.0,35.0,35.0,35.0,35.0,0.0,0.0
7.0,13.0,35.0,35.0,35.0,35.0,0.0,0.0
7.0,10.0,35.0,35.0,35.0,35.0,0.0,0.0
7.0,9.0,35.0,35.0,35.0,35.0,0.0,0.0
7.0,8.0,35.0,35.0,35.0,35.0,1000.0,0.0
7.0,7.0,35.650002,35.650002,35.650002,35.650002,1200.0,0.0
7.0,6.0,29.35,29.35,29.35,29.35,0.0,0.0
7.0,2.0,29.35,29.35,29.35,29.35,0.0,0.0
7.0,1.0,29.35,29.35,29.35,29.35,0.0,0.0
6.0,30.0,29.35,29.35,29.35,29.35,0.0,0.0
6.0,29.0,29.35,29.35,29.35,29.35,0.0,0.0
6.0,26.0,29.35,29.35,29.35,29.35,0.0,0.0
6.0,25.0,29.35,29.35,29.35,29.35,0.0,0.0
6.0,24.0,29.35,29.35,29.35,29.35,0.0,0.0
6.0,23.0,29.35,29.35,29.35,29.35,0.0,0.0
6.0,22.0,29.35,29.35,29.35,29.35,0.0,0.0
6.0,19.0,29.35,29.35,29.35,29.35,0.0,0.0
6.0,18.0,29.35,29.35,29.35,29.35,0.0,0.0
6.0,17.0,29.35,29.35,29.35,29.35,0.0,0.0
6.0,16.0,29.35,29.35,29.35,29.35,0.0,0.0
6.0,15.0,29.35,29.35,29.35,29.35,0.0,0.0
6.0,12.0,29.35,29.35,29.35,29.35,0.0,0.0
6.0,11.0,29.35,29.35,29.35,29.35,0.0,0.0
6.0,10.0,29.35,29.35,29.35,29.35,0.0,0.0
6.0,9.0,29.35,29.35,29.35,29.35,0.0,0.0
6.0,8.0,29.35,29.35,29.35,29.35,0.0,0.0
6.0,5.0,29.35,29.35,29.35,29.35,0.0,0.0
6.0,4.0,29.35,29.35,29.35,29.35,0.0,0.0
6.0,3.0,29.35,29.35,29.35,29.35,0.0,0.0
6.0,2.0,29.35,29.35,29.35,29.35,0.0,0.0
6.0,1.0,29.35,29.35,29.35,29.35,0.0,0.0
5.0,29.0,29.35,29.35,29.35,29.35,0.0,0.0
5.0,28.0,29.35,29.35,29.35,29.35,0.0,0.0
5.0,27.0,29.35,29.35,29.35,29.35,0.0,0.0
5.0,26.0,29.35,29.35,29.35,29.35,0.0,0.0
5.0,22.0,29.35,29.35,29.35,29.35,0.0,0.0
5.0,21.0,29.35,29.35,29.35,29.35,0.0,0.0
5.0,20.0,29.35,29.35,29.35,29.35,0.0,0.0
5.0,19.0,29.35,29.35,29.35,29.35,0.0,0.0
5.0,18.0,29.35,29.35,29.35,29.35,0.0,0.0
5.0,15.0,29.35,29.35,29.35,29.35,0.0,0.0
5.0,14.0,29.35,29.35,29.35,29.35,0.0,0.0
5.0,13.0,29.35,29.35,29.35,29.35,0.0,0.0
5.0,12.0,29.35,29.35,29.35,29.35,0.0,0.0
5.0,11.0,29.35,29.35,29.35,29.35,0.0,0.0
5.0,8.0,29.35,29.35,29.35,29.35,0.0,0.0
5.0,7.0,29.35,29.35,29.35,29.35,0.0,0.0
5.0,6.0,29.35,29.35,29.35,29.35,0.0,0.0
5.0,5.0,29.35,29.35,29.35,29.35,0.0,0.0
5.0,4.0,29.35,29.35,29.35,29.35,0.0,0.0
5.0,1.0,29.35,29.35,29.35,29.35,0.0,0.0
4.0,30.0,29.35,29.35,29.35,29.35,0.0,0.0
4.0,29.0,29.35,29.35,29.35,29.35,0.0,0.0
4.0,28.0,29.35,29.35,29.35,29.35,0.0,0.0
4.0,27.0,29.35,29.35,29.35,29.35,0.0,0.0
4.0,24.0,29.35,29.35,29.35,29.35,0.0,0.0
4.0,23.0,29.35,29.35,29.35,29.35,0.0,0.0
4.0,22.0,29.35,29.35,29.35,29.35,0.0,0.0
4.0,21.0,29.35,29.35,29.35,29.35,0.0,0.0
4.0,20.0,29.35,29.35,29.35,29.35,0.0,0.0
4.0,17.0,29.35,29.35,29.35,29.35,0.0,0.0
4.0,16.0,29.35,29.35,29.35,29.35,0.0,0.0
4.0,15.0,29.35,29.35,29.35,29.35,0.0,0.0
4.0,14.0,29.35,29.35,29.35,29.35,0.0,0.0
4.0,13.0,29.35,29.35,29.35,29.35,0.0,0.0
4.0,10.0,29.35,29.35,29.35,29.35,0.0,0.0
4.0,9.0,29.35,29.35,29.35,29.35,0.0,0.0
4.0,8.0,29.35,29.35,29.35,29.35,0.0,0.0
4.0,7.0,29.35,29.35,29.35,29.35,0.0,0.0
4.0,6.0,29.35,29.35,29.35,29.35,0.0,0.0
4.0,2.0,29.35,29.35,29.35,29.35,0.0,0.0
4.0,1.0,29.35,29.35,29.35,29.35,0.0,0.0
3.0,31.0,29.35,29.35,29.35,29.35,0.0,0.0
3.0,30.0,29.35,29.35,29.35,29.35,0.0,0.0
3.0,27.0,29.35,29.35,29.35,29.35,0.0,0.0
3.0,26.0,29.35,29.35,29.35,29.35,0.0,0.0
3.0,25.0,29.35,29.35,29.35,29.35,0.0,0.0
3.0,24.0,29.35,29.35,29.35,29.35,0.0,0.0
3.0,23.0,29.35,29.35,29.35,29.35,0.0,0.0
3.0,20.0,29.35,29.35,29.35,29.35,0.0,0.0
3.0,19.0,29.35,29.35,29.35,29.35,0.0,0.0
3.0,18.0,29.35,29.35,29.35,29.35,0.0,0.0
3.0,17.0,29.35,29.35,29.35,29.35,0.0,0.0
3.0,16.0,29.35,29.35,29.35,29.35,0.0,0.0
3.0,13.0,29.35,29.35,29.35,29.35,0.0,0.0
3.0,12.0,29.35,29.35,29.35,29.35,0.0,0.0
3.0,11.0,29.35,29.35,29.35,29.35,0.0,0.0
3.0,10.0,29.35,29.35,29.35,29.35,0.0,0.0
3.0,9.0,29.35,29.35,29.35,29.35,0.0,0.0
3.0,6.0,29.35,29.35,29.35,29.35,0.0,0.0
3.0,5.0,29.35,29.35,29.35,29.35,0.0,0.0
3.0,4.0,29.35,29.35,29.35,29.35,0.0,0.0
3.0,3.0,29.35,29.35,29.35,29.35,0.0,0.0
3.0,2.0,29.35,29.35,29.35,29.35,0.0,0.0
2.0,27.0,29.35,29.35,29.35,29.35,0.0,0.0
2.0,26.0,29.35,29.35,29.35,29.35,0.0,0.0
2.0,25.0,29.35,29.35,29.35,29.35,0.0,0.0
2.0,24.0,29.35,29.35,29.35,29.35,0.0,0.0
2.0,23.0,29.35,29.35,29.35,29.35,0.0,0.0
2.0,20.0,29.35,29.35,29.35,29.35,0.0,0.0
2.0,19.0,29.35,29.35,29.35,29.35,0.0,0.0
2.0,18.0,29.35,29.35,29.35,29.35,0.0,0.0
2.0,17.0,29.35,29.35,29.35,29.35,0.0,0.0
2.0,13.0,29.35,29.35,29.35,29.35,0.0,0.0
2.0,12.0,29.35,29.35,29.35,29.35,0.0,0.0
2.0,11.0,29.35,29.35,29.35,29.35,0.0,0.0
2.0,10.0,29.35,29.35,29.35,29.35,0.0,0.0
2.0,9.0,29.35,29.35,29.35,29.35,0.0,0.0
2.0,6.0,29.35,29.35,29.35,29.35,0.0,0.0
2.0,5.0,29.35,29.35,29.35,29.35,0.0,0.0
2.0,4.0,29.35,29.35,29.35,29.35,100.0,0.0
2.0,3.0,29.200001,29.200001,29.200001,29.200001,0.0,0.0
2.0,2.0,29.200001,29.200001,29.200001,29.200001,0.0,0.0
1.0,30.0,29.200001,29.200001,29.200001,29.200001,0.0,0.0
1.0,29.0,29.200001,29.200001,29.200001,29.200001,0.0,0.0
1.0,28.0,29.200001,29.200001,29.200001,29.200001,0.0,0.0
1.0,27.0,29.200001,29.200001,29.200001,29.200001,0.0,0.0
1.0,26.0,29.200001,29.200001,29.200001,29.200001,0.0,0.0
1.0,23.0,29.200001,29.200001,29.200001,29.200001,0.0,0.0
1.0,22.0,29.200001,29.200001,29.200001,29.200001,0.0,0.0
1.0,21.0,29.200001,29.200001,29.200001,29.200001,0.0,0.0
1.0,20.0,29.200001,29.200001,29.200001,29.200001,0.0,0.0
1.0,16.0,29.200001,29.200001,29.200001,29.200001,0.0,0.0
1.0,15.0,29.200001,29.200001,29.200001,29.200001,0.0,0.0
1.0,14.0,29.200001,29.200001,29.200001,29.200001,0.0,0.0
1.0,13.0,29.200001,29.200001,29.200001,29.200001,0.0,0.0
1.0,12.0,29.200001,29.200001,29.200001,29.200001,0.0,0.0
1.0,9.0,29.200001,29.200001,29.200001,29.200001,0.0,0.0
1.0,8.0,29.200001,29.200001,29.200001,29.200001,0.0,0.0
1.0,7.0,29.200001,29.200001,29.200001,29.200001,0.0,0.0
1.0,6.0,29.200001,29.200001,29.200001,29.200001,0.0,0.0
1.0,5.0,29.200001,29.200001,29.200001,29.200001,0.0,0.0
1.0,2.0,29.200001,29.200001,29.200001,29.200001,0.0,0.0
12.0,31.0,29.200001,29.200001,29.200001,29.200001,0.0,0.0
12.0,30.0,29.200001,29.200001,29.200001,29.200001,0.0,0.0
12.0,29.0,29.200001,29.200001,29.200001,29.200001,0.0,0.0
12.0,26.0,29.200001,29.200001,29.200001,29.200001,0.0,0.0
12.0,24.0,29.200001,29.200001,29.200001,29.200001,0.0,0.0
12.0,23.0,29.200001,29.200001,29.200001,29.200001,0.0,0.0
12.0,22.0,29.200001,29.200001,29.200001,29.200001,0.0,0.0
12.0,19.0,29.200001,29.200001,29.200001,29.200001,0.0,0.0
12.0,18.0,29.200001,29.200001,29.200001,29.200001,0.0,0.0
12.0,17.0,29.200001,29.200001,29.200001,29.200001,0.0,0.0
12.0,16.0,29.200001,29.200001,29.200001,29.200001,0.0,0.0
12.0,15.0,29.200001,29.200001,29.200001,29.200001,0.0,0.0
12.0,12.0,29.200001,29.200001,29.200001,29.200001,0.0,0.0
12.0,11.0,29.200001,29.200001,29.200001,29.200001,0.0,0.0
12.0,10.0,29.200001,29.200001,29.200001,29.200001,0.0,0.0
12.0,9.0,29.200001,29.200001,29.200001,29.200001,0.0,0.0
12.0,8.0,29.200001,29.200001,29.200001,29.200001,0.0,0.0
12.0,5.0,29.200001,29.200001,29.200001,29.200001,0.0,0.0
12.0,4.0,29.200001,29.200001,29.200001,29.200001,0.0,0.0
12.0,3.0,29.200001,29.200001,29.200001,29.200001,0.0,0.0
12.0,2.0,29.200001,29.200001,29.200001,29.200001,0.0,0.0
12.0,1.0,29.200001,29.200001,29.200001,29.200001,0.0,0.0
11.0,28.0,29.200001,29.200001,29.200001,29.200001,0.0,0.0
11.0,26.0,29.200001,29.200001,29.200001,29.200001,0.0,0.0
11.0,25.0,29.200001,29.200001,29.200001,29.200001,0.0,0.0
11.0,24.0,29.200001,29.200001,29.200001,29.200001,0.0,0.0
11.0,21.0,29.200001,29.200001,29.200001,29.200001,0.0,0.0
11.0,20.0,29.200001,29.200001,29.200001,29.200001,0.0,0.0
11.0,19.0,29.200001,29.200001,29.200001,29.200001,0.0,0.0
11.0,18.0,29.200001,29.200001,29.200001,29.200001,0.0,0.0
11.0,17.0,29.200001,29.200001,29.200001,29.200001,0.0,0.0
11.0,14.0,29.200001,29.200001,29.200001,29.200001,100.0,0.0
11.0,13.0,29.25,29.25,29.25,29.25,0.0,0.0
11.0,12.0,29.25,29.25,29.25,29.25,0.0,0.0
11.0,11.0,29.25,29.25,29.25,29.25,0.0,0.0
11.0,10.0,29.25,29.25,29.25,29.25,0.0,0.0
11.0,7.0,29.25,29.25,29.25,29.25,0.0,0.0
11.0,6.0,29.25,29.25,29.25,29.25,1000.0,0.0
11.0,5.0,28.700001,28.700001,28.700001,28.700001,0.0,0.0
11.0,4.0,28.700001,28.700001,28.700001,28.700001,0.0,0.0
11.0,3.0,28.700001,28.700001,28.700001,28.700001,0.0,0.0
10.0,31.0,28.700001,28.700001,28.700001,28.700001,0.0,0.0
10.0,30.0,28.700001,28.700001,28.700001,28.700001,0.0,0.0
10.0,29.0,28.700001,28.700001,28.700001,28.700001,0.0,0.0
10.0,28.0,28.700001,28.700001,28.700001,28.700001,0.0,0.0
10.0,27.0,28.700001,28.700001,28.700001,28.700001,0.0,0.0
10.0,24.0,28.700001,28.700001,28.700001,28.700001,0.0,0.0
10.0,23.0,28.700001,28.700001,28.700001,28.700001,0.0,0.0
10.0,22.0,28.700001,28.700001,28.700001,28.700001,0.0,0.0
10.0,21.0,28.700001,28.700001,28.700001,28.700001,0.0,0.0
10.0,20.0,28.700001,28.700001,28.700001,28.700001,0.0,0.0
10.0,17.0,28.700001,28.700001,28.700001,28.700001,0.0,0.0
10.0,16.0,28.700001,28.700001,28.700001,28.700001,0.0,0.0
10.0,15.0,28.700001,28.700001,28.700001,28.700001,0.0,0.0
10.0,14.0,28.700001,28.700001,28.700001,28.700001,0.0,0.0
10.0,13.0,28.700001,28.700001,28.700001,28.700001,0.0,0.0
10.0,10.0,28.700001,28.700001,28.700001,28.700001,0.0,0.0
10.0,9.0,28.700001,28.700001,28.700001,28.700001,0.0,0.0
10.0,8.0,28.700001,28.700001,28.700001,28.700001,0.0,0.0
10.0,7.0,28.700001,28.700001,28.700001,28.700001,0.0,0.0
10.0,6.0,28.700001,28.700001,28.700001,28.700001,0.0,0.0
10.0,3.0,28.700001,28.700001,28.700001,28.700001,0.0,0.0
10.0,2.0,28.700001,28.700001,28.700001,28.700001,0.0,0.0
10.0,1.0,28.700001,28.700001,28.700001,28.700001,0.0,0.0
9.0,30.0,28.700001,28.700001,28.700001,28.700001,0.0,0.0
9.0,29.0,28.700001,28.700001,28.700001,28.700001,0.0,0.0
9.0,26.0,28.700001,28.700001,28.700001,28.700001,0.0,0.0
9.0,25.0,28.700001,28.700001,28.700001,28.700001,0.0,0.0
9.0,24.0,28.700001,28.700001,28.700001,28.700001,0.0,0.0
9.0,23.0,29.25,29.25,28.700001,28.700001,200.0,-0.5499989999999997
9.0,22.0,28.5,28.5,28.5,28.5,0.0,0.0
9.0,19.0,28.5,28.5,28.5,28.5,0.0,0.0
9.0,18.0,28.5,28.5,28.5,28.5,0.0,0.0
9.0,17.0,28.5,28.5,28.5,28.5,0.0,0.0
9.0,16.0,28.5,28.5,28.5,28.5,0.0,0.0
9.0,15.0,28.5,28.5,28.5,28.5,0.0,0.0
9.0,12.0,28.5,28.5,28.5,28.5,0.0,0.0
9.0,11.0,28.5,28.5,28.5,28.5,0.0,0.0
9.0,10.0,28.5,28.5,28.5,28.5,0.0,0.0
9.0,9.0,28.5,28.5,28.5,28.5,0.0,0.0
9.0,8.0,28.5,28.5,28.5,28.5,0.0,0.0
9.0,5.0,28.5,28.5,28.5,28.5,0.0,0.0
9.0,4.0,28.5,28.5,28.5,28.5,0.0,0.0
9.0,3.0,28.5,28.5,28.5,28.5,0.0,0.0
9.0,2.0,28.5,28.5,28.5,28.5,0.0,0.0
8.0,29.0,28.5,28.5,28.5,28.5,0.0,0.0
8.0,28.0,28.5,28.5,28.5,28.5,0.0,0.0
8.0,27.0,28.5,28.5,28.5,28.5,0.0,0.0
8.0,26.0,28.5,28.5,28.5,28.5,0.0,0.0
8.0,25.0,28.5,28.5,28.5,28.5,0.0,0.0
8.0,22.0,28.5,28.5,28.5,28.5,0.0,0.0
8.0,21.0,28.5,28.5,28.5,28.5,0.0,0.0
8.0,20.0,28.5,28.5,28.5,28.5,0.0,0.0
8.0,19.0,28.5,28.5,28.5,28.5,0.0,0.0
8.0,18.0,28.5,28.5,28.5,28.5,0.0,0.0
8.0,15.0,28.5,28.5,28.5,28.5,0.0,0.0
8.0,14.0,28.5,28.5,28.5,28.5,0.0,0.0
8.0,13.0,28.5,28.5,28.5,28.5,0.0,0.0
8.0,12.0,28.5,28.5,28.5,28.5,0.0,0.0
8.0,11.0,28.5,28.5,28.5,28.5,0.0,0.0
8.0,8.0,28.5,28.5,28.5,28.5,0.0,0.0
8.0,7.0,28.5,28.5,28.5,28.5,0.0,0.0
8.0,6.0,28.5,28.5,28.5,28.5,0.0,0.0
8.0,5.0,28.5,28.5,28.5,28.5,0.0,0.0
8.0,4.0,28.5,28.5,28.5,28.5,0.0,0.0
8.0,1.0,28.5,28.5,28.5,28.5,0.0,0.0
7.0,31.0,28.5,28.5,28.5,28.5,0.0,0.0
7.0,30.0,28.5,28.5,28.5,28.5,0.0,0.0
7.0,29.0,28.5,28.5,28.5,28.5,0.0,0.0
7.0,28.0,28.5,28.5,28.5,28.5,0.0,0.0
7.0,25.0,28.5,28.5,28.5,28.5,0.0,0.0
7.0,24.0,28.5,28.5,28.5,28.5,0.0,0.0
7.0,23.0,28.5,28.5,28.5,28.5,0.0,0.0
7.0,22.0,28.5,28.5,28.5,28.5,0.0,0.0
7.0,21.0,28.5,28.5,28.5,28.5,0.0,0.0
7.0,18.0,28.5,28.5,28.5,28.5,0.0,0.0
7.0,17.0,28.5,28.5,28.5,28.5,900.0,0.0
7.0,16.0,26.0,26.0,26.0,26.0,0.0,0.0
7.0,15.0,26.0,26.0,26.0,26.0,0.0,0.0
7.0,14.0,26.0,26.0,26.0,26.0,0.0,0.0
7.0,11.0,26.0,26.0,26.0,26.0,0.0,0.0
7.0,10.0,26.0,26.0,26.0,26.0,0.0,0.0
7.0,9.0,26.0,26.0,26.0,26.0,0.0,0.0
7.0,8.0,26.0,26.0,26.0,26.0,0.0,0.0
7.0,7.0,26.0,26.0,26.0,26.0,0.0,0.0
7.0,3.0,26.0,26.0,26.0,26.0,0.0,0.0
7.0,2.0,26.0,26.0,26.0,26.0,0.0,0.0
7.0,1.0,26.0,26.0,26.0,26.0,0.0,0.0
6.0,30.0,26.0,26.0,26.0,26.0,0.0,0.0
6.0,27.0,26.0,26.0,26.0,26.0,0.0,0.0
6.0,26.0,26.0,26.0,26.0,26.0,0.0,0.0
6.0,25.0,26.0,26.0,26.0,26.0,0.0,0.0
6.0,24.0,26.0,26.0,26.0,26.0,0.0,0.0
6.0,23.0,26.0,26.0,26.0,26.0,0.0,0.0
6.0,20.0,26.0,26.0,26.0,26.0,0.0,0.0
6.0,19.0,26.0,26.0,26.0,26.0,0.0,0.0
6.0,18.0,26.0,26.0,26.0,26.0,0.0,0.0
6.0,17.0,26.0,26.0,26.0,26.0,0.0,0.0
6.0,16.0,26.0,26.0,26.0,26.0,0.0,0.0
6.0,13.0,26.0,26.0,26.0,26.0,0.0,0.0
6.0,12.0,26.0,26.0,26.0,26.0,0.0,0.0
6.0,11.0,26.0,26.0,26.0,26.0,0.0,0.0
6.0,10.0,26.0,26.0,26.0,26.0,0.0,0.0
6.0,9.0,26.0,26.0,26.0,26.0,0.0,0.0
6.0,6.0,26.0,26.0,26.0,26.0,0.0,0.0
6.0,5.0,26.0,26.0,26.0,26.0,0.0,0.0
6.0,4.0,26.0,26.0,26.0,26.0,0.0,0.0
6.0,3.0,26.0,26.0,26.0,26.0,0.0,0.0
6.0,2.0,26.0,26.0,26.0,26.0,0.0,0.0
5.0,30.0,26.0,26.0,26.0,26.0,0.0,0.0
5.0,29.0,26.0,26.0,26.0,26.0,0.0,0.0
5.0,28.0,26.0,26.0,26.0,26.0,0.0,0.0
5.0,27.0,26.0,26.0,26.0,26.0,0.0,0.0
5.0,23.0,26.0,26.0,26.0,26.0,0.0,0.0
5.0,22.0,26.0,26.0,26.0,26.0,0.0,0.0
5.0,21.0,26.0,26.0,26.0,26.0,0.0,0.0
5.0,20.0,26.0,26.0,26.0,26.0,0.0,0.0
5.0,19.0,26.0,26.0,26.0,26.0,0.0,0.0
5.0,16.0,26.0,26.0,26.0,26.0,0.0,0.0
5.0,15.0,26.0,26.0,26.0,26.0,0.0,0.0
5.0,14.0,26.0,26.0,26.0,26.0,0.0,0.0
5.0,13.0,26.0,26.0,26.0,26.0,0.0,0.0
5.0,12.0,26.0,26.0,26.0,26.0,0.0,0.0
5.0,9.0,26.0,26.0,26.0,26.0,0.0,0.0
5.0,8.0,26.0,26.0,26.0,26.0,0.0,0.0
5.0,7.0,26.0,26.0,26.0,26.0,0.0,0.0
5.0,6.0,26.0,26.0,26.0,26.0,0.0,0.0
5.0,5.0,26.0,26.0,26.0,26.0,0.0,0.0
5.0,2.0,26.0,26.0,26.0,26.0,0.0,0.0
5.0,1.0,26.0,26.0,26.0,26.0,0.0,0.0
4.0,30.0,26.0,26.0,26.0,26.0,0.0,0.0
4.0,29.0,26.0,26.0,26.0,26.0,0.0,0.0
4.0,28.0,26.0,26.0,26.0,26.0,0.0,0.0
4.0,25.0,26.0,26.0,26.0,26.0,0.0,0.0
4.0,24.0,26.0,26.0,26.0,26.0,0.0,0.0
4.0,23.0,26.0,26.0,26.0,26.0,0.0,0.0
4.0,22.0,26.0,26.0,26.0,26.0,0.0,0.0
4.0,21.0,26.0,26.0,26.0,26.0,0.0,0.0
4.0,17.0,26.0,26.0,26.0,26.0,0.0,0.0
4.0,16.0,26.0,26.0,26.0,26.0,0.0,0.0
4.0,15.0,26.0,26.0,26.0,26.0,0.0,0.0
4.0,14.0,26.0,26.0,26.0,26.0,0.0,0.0
4.0,11.0,26.0,26.0,26.0,26.0,0.0,0.0
4.0,10.0,26.0,26.0,26.0,26.0,0.0,0.0
4.0,9.0,26.0,26.0,26.0,26.0,0.0,0.0
4.0,8.0,26.0,26.0,26.0,26.0,0.0,0.0
4.0,7.0,26.0,26.0,26.0,26.0,500.0,0.0
4.0,4.0,22.5,22.5,22.5,22.5,0.0,0.0
4.0,3.0,22.5,22.5,22.5,22.5,0.0,0.0
4.0,2.0,22.5,22.5,22.5,22.5,0.0,0.0
4.0,1.0,22.5,22.5,22.5,22.5,0.0,0.0
3.0,31.0,22.5,22.5,22.5,22.5,0.0,0.0
3.0,28.0,22.5,22.5,22.5,22.5,0.0,0.0
3.0,27.0,22.5,22.5,22.5,22.5,0.0,0.0
3.0,26.0,22.5,22.5,22.5,22.5,0.0,0.0
3.0,25.0,22.5,22.5,22.5,22.5,0.0,0.0
3.0,24.0,22.5,22.5,22.5,22.5,0.0,0.0
3.0,21.0,22.5,22.5,22.5,22.5,0.0,0.0
3.0,20.0,22.5,22.5,22.5,22.5,0.0,0.0
3.0,19.0,22.5,22.5,22.5,22.5,0.0,0.0
3.0,18.0,22.5,22.5,22.5,22.5,0.0,0.0
3.0,17.0,22.5,22.5,22.5,22.5,0.0,0.0
3.0,14.0,22.5,22.5,22.5,22.5,0.0,0.0
3.0,13.0,22.5,22.5,22.5,22.5,0.0,0.0
3.0,12.0,22.5,22.5,22.5,22.5,0.0,0.0
3.0,11.0,22.5,22.5,22.5,22.5,0.0,0.0
3.0,10.0,22.5,22.5,22.5,22.5,0.0,0.0
3.0,7.0,22.5,22.5,22.5,22.5,0.0,0.0
3.0,6.0,22.5,22.5,22.5,22.5,0.0,0.0
3.0,5.0,22.5,22.5,22.5,22.5,0.0,0.0
3.0,4.0,22.5,22.5,22.5,22.5,0.0,0.0
3.0,3.0,22.5,22.5,22.5,22.5,0.0,0.0
2.0,28.0,22.5,22.5,22.5,22.5,0.0,0.0
2.0,27.0,22.5,22.5,22.5,22.5,0.0,0.0
2.0,26.0,22.5,22.5,22.5,22.5,0.0,0.0
2.0,25.0,22.5,22.5,22.5,22.5,0.0,0.0
2.0,24.0,22.5,22.5,22.5,22.5,0.0,0.0
2.0,21.0,22.5,22.5,22.5,22.5,0.0,0.0
2.0,20.0,22.5,22.5,22.5,22.5,0.0,0.0
2.0,19.0,22.5,22.5,22.5,22.5,0.0,0.0
2.0,18.0,22.700001,22.700001,22.700001,22.700001,0.0,0.0
2.0,14.0,22.5,22.5,22.5,22.5,900.0,0.0
2.0,13.0,22.700001,22.700001,22.700001,22.700001,0.0,0.0
2.0,12.0,22.700001,22.700001,22.700001,22.700001,0.0,0.0
2.0,11.0,22.700001,22.700001,22.700001,22.700001,0.0,0.0
2.0,10.0,22.700001,22.700001,22.700001,22.700001,0.0,0.0
2.0,7.0,22.700001,22.700001,22.700001,22.700001,0.0,0.0
2.0,6.0,22.700001,22.700001,22.700001,22.700001,0.0,0.0
2.0,5.0,22.700001,22.700001,22.700001,22.700001,0.0,0.0
2.0,4.0,22.700001,22.700001,22.700001,22.700001,0.0,0.0
2.0,3.0,22.700001,22.700001,22.700001,22.700001,500.0,0.0
1.0,31.0,22.33,22.33,22.33,22.33,0.0,0.0
1.0,30.0,22.33,22.33,22.33,22.33,0.0,0.0
1.0,29.0,22.33,22.33,22.33,22.33,0.0,0.0
1.0,28.0,22.33,22.33,22.33,22.33,0.0,0.0
1.0,27.0,22.33,22.33,22.33,22.33,0.0,0.0
1.0,24.0,22.33,22.33,22.33,22.33,0.0,0.0
1.0,23.0,22.33,22.33,22.33,22.33,0.0,0.0
1.0,22.0,22.33,22.33,22.33,22.33,0.0,0.0
1.0,21.0,22.33,22.33,22.33,22.33,0.0,0.0
1.0,17.0,22.33,22.33,22.33,22.33,0.0,0.0
1.0,16.0,22.33,22.33,22.33,22.33,0.0,0.0
1.0,15.0,22.33,22.33,22.33,22.33,0.0,0.0
1.0,14.0,22.33,22.33,22.33,22.33,0.0,0.0
1.0,13.0,22.33,22.33,22.33,22.33,0.0,0.0
1.0,10.0,22.33,22.33,22.33,22.33,0.0,0.0
1.0,9.0,22.33,22.33,22.33,22.33,0.0,0.0
1.0,8.0,22.33,22.33,22.33,22.33,0.0,0.0
1.0,7.0,22.33,22.33,22.33,22.33,0.0,0.0
1.0,6.0,22.33,22.33,22.33,22.33,0.0,0.0
1.0,3.0,22.33,22.33,22.33,22.33,0.0,0.0
1.0,2.0,22.33,22.33,22.33,22.33,0.0,0.0
12.0,31.0,22.33,22.33,22.33,22.33,0.0,0.0
12.0,30.0,22.33,22.33,22.33,22.33,100.0,0.0
12.0,27.0,22.450001,22.450001,22.450001,22.450001,0.0,0.0
12.0,26.0,22.450001,22.450001,22.450001,22.450001,0.0,0.0
12.0,24.0,22.450001,22.450001,22.450001,22.450001,0.0,0.0
12.0,23.0,22.450001,22.450001,22.450001,22.450001,0.0,0.0
12.0,20.0,22.450001,22.450001,22.450001,22.450001,0.0,0.0
12.0,19.0,22.450001,22.450001,22.450001,22.450001,0.0,0.0
12.0,18.0,22.450001,22.450001,22.450001,22.450001,0.0,0.0
12.0,17.0,22.450001,22.450001,22.450001,22.450001,0.0,0.0
12.0,16.0,22.450001,22.450001,22.450001,22.450001,0.0,0.0
12.0,13.0,22.450001,22.450001,22.450001,22.450001,0.0,0.0
12.0,12.0,22.450001,22.450001,22.450001,22.450001,300.0,0.0
12.0,11.0,24.200001,24.200001,24.200001,24.200001,0.0,0.0
12.0,10.0,24.200001,24.200001,24.200001,24.200001,0.0,0.0
12.0,9.0,24.200001,24.200001,24.200001,24.200001,0.0,0.0
12.0,6.0,24.200001,24.200001,24.200001,24.200001,0.0,0.0
12.0,5.0,24.200001,24.200001,24.200001,24.200001,0.0,0.0
12.0,4.0,24.200001,24.200001,24.200001,24.200001,0.0,0.0
12.0,3.0,24.200001,24.200001,24.200001,24.200001,0.0,0.0
12.0,2.0,24.200001,24.200001,24.200001,24.200001,0.0,0.0
11.0,29.0,24.200001,24.200001,24.200001,24.200001,0.0,0.0
11.0,27.0,24.200001,24.200001,24.200001,24.200001,6800.0,0.0
11.0,26.0,22.6,22.6,22.6,22.6,0.0,0.0
11.0,25.0,22.6,22.6,22.6,22.6,0.0,0.0
11.0,22.0,22.6,22.6,22.6,22.6,0.0,0.0
11.0,21.0,22.6,22.6,22.6,22.6,0.0,0.0
11.0,20.0,22.6,22.6,22.6,22.6,0.0,0.0
11.0,19.0,22.6,22.6,22.6,22.6,0.0,0.0
11.0,18.0,22.6,22.6,22.6,22.6,0.0,0.0
11.0,15.0,22.6,22.6,22.6,22.6,0.0,0.0
11.0,14.0,22.6,22.6,22.6,22.6,0.0,0.0
11.0,13.0,22.6,22.6,22.6,22.6,0.0,0.0
11.0,12.0,22.6,22.6,22.6,22.6,0.0,0.0
11.0,11.0,22.6,22.6,22.6,22.6,0.0,0.0
11.0,8.0,22.6,22.6,22.6,22.6,0.0,0.0
11.0,7.0,22.6,22.6,22.6,22.6,0.0,0.0
11.0,6.0,22.6,22.6,22.6,22.6,0.0,0.0
11.0,5.0,22.6,22.6,22.6,22.6,300.0,0.0
11.0,4.0,22.75,22.75,22.75,22.75,0.0,0.0
11.0,1.0,22.75,22.75,22.75,22.75,0.0,0.0
10.0,31.0,22.75,22.75,22.75,22.75,3200.0,0.0
10.0,30.0,22.299999,22.299999,22.299999,22.299999,100.0,0.0
10.0,29.0,22.0,22.0,22.0,22.0,0.0,0.0
10.0,28.0,22.0,22.0,22.0,22.0,0.0,0.0
10.0,25.0,22.0,22.0,22.0,22.0,0.0,0.0
10.0,24.0,22.0,22.0,22.0,22.0,0.0,0.0
10.0,23.0,22.0,22.0,22.0,22.0,0.0,0.0
10.0,22.0,22.0,22.0,22.0,22.0,1300.0,0.0
10.0,21.0,21.4,21.4,21.4,21.4,500.0,0.0
10.0,18.0,20.75,20.75,20.75,20.75,0.0,0.0
10.0,17.0,20.75,20.75,20.75,20.75,0.0,0.0
10.0,16.0,20.75,20.75,20.75,20.75,1500.0,0.0
10.0,15.0,20.200001,20.200001,20.200001,20.200001,0.0,0.0
10.0,14.0,20.200001,20.200001,20.200001,20.200001,0.0,0.0
10.0,11.0,20.200001,20.200001,20.200001,20.200001,0.0,0.0
10.0,10.0,20.200001,20.200001,20.200001,20.200001,1300.0,0.0
10.0,9.0,19.75,19.75,19.75,19.75,1400.0,0.0
10.0,8.0,21.0,21.0,21.0,21.0,0.0,0.0
10.0,7.0,21.0,21.0,21.0,21.0,0.0,0.0
10.0,4.0,21.0,21.0,21.0,21.0,0.0,0.0
10.0,3.0,21.0,21.0,21.0,21.0,0.0,0.0
10.0,2.0,21.0,21.0,21.0,21.0,0.0,0.0
10.0,1.0,21.0,21.0,21.0,21.0,0.0,0.0
9.0,30.0,21.0,21.0,21.0,21.0,0.0,0.0
9.0,27.0,21.0,21.0,21.0,21.0,0.0,0.0
9.0,26.0,21.0,21.0,21.0,21.0,0.0,0.0
9.0,25.0,21.0,21.0,21.0,21.0,0.0,0.0
9.0,24.0,21.0,21.0,21.0,21.0,0.0,0.0
9.0,23.0,21.0,21.0,21.0,21.0,0.0,0.0
9.0,20.0,21.0,21.0,21.0,21.0,0.0,0.0
9.0,19.0,21.0,21.0,21.0,21.0,0.0,0.0
9.0,18.0,21.0,21.0,21.0,21.0,0.0,0.0
9.0,17.0,21.0,21.0,21.0,21.0,0.0,0.0
9.0,16.0,21.0,21.0,21.0,21.0,0.0,0.0
9.0,13.0,21.0,21.0,21.0,21.0,0.0,0.0
9.0,12.0,21.0,21.0,21.0,21.0,0.0,0.0
9.0,11.0,21.0,21.0,21.0,21.0,0.0,0.0
9.0,10.0,21.0,21.0,21.0,21.0,0.0,0.0
9.0,9.0,21.0,21.0,21.0,21.0,0.0,0.0
9.0,6.0,21.0,21.0,21.0,21.0,0.0,0.0
9.0,5.0,21.0,21.0,21.0,21.0,0.0,0.0
9.0,4.0,21.0,21.0,21.0,21.0,0.0,0.0
9.0,3.0,21.0,21.0,21.0,21.0,0.0,0.0
8.0,30.0,21.0,21.0,21.0,21.0,0.0,0.0
8.0,29.0,21.0,21.0,21.0,21.0,0.0,0.0
8.0,28.0,21.0,21.0,21.0,21.0,0.0,0.0
8.0,27.0,21.0,21.0,21.0,21.0,0.0,0.0
8.0,26.0,21.0,21.0,21.0,21.0,0.0,0.0
8.0,23.0,21.0,21.0,21.0,21.0,0.0,0.0
8.0,22.0,21.0,21.0,21.0,21.0,0.0,0.0
8.0,21.0,21.0,21.0,21.0,21.0,0.0,0.0
8.0,20.0,21.0,21.0,21.0,21.0,0.0,0.0
8.0,19.0,21.0,21.0,21.0,21.0,1200.0,0.0
8.0,16.0,21.459999,21.459999,21.459999,21.459999,0.0,0.0
8.0,15.0,21.459999,21.459999,21.459999,21.459999,0.0,0.0
8.0,14.0,21.459999,21.459999,21.459999,21.459999,0.0,0.0
8.0,13.0,21.459999,21.459999,21.459999,21.459999,0.0,0.0
8.0,12.0,21.459999,21.459999,21.459999,21.459999,0.0,0.0
8.0,9.0,21.459999,21.459999,21.459999,21.459999,0.0,0.0
8.0,8.0,21.459999,21.459999,21.459999,21.459999,0.0,0.0
8.0,7.0,21.459999,21.459999,21.459999,21.459999,0.0,0.0
8.0,6.0,21.459999,21.459999,21.459999,21.459999,0.0,0.0
8.0,5.0,21.459999,21.459999,21.459999,21.459999,0.0,0.0
8.0,2.0,21.459999,21.459999,21.459999,21.459999,0.0,0.0
8.0,1.0,21.459999,21.459999,21.459999,21.459999,0.0,0.0
7.0,31.0,21.459999,21.459999,21.459999,21.459999,0.0,0.0
7.0,30.0,21.459999,21.459999,21.459999,21.459999,0.0,0.0
7.0,29.0,21.459999,21.459999,21.459999,21.459999,0.0,0.0
7.0,26.0,21.459999,21.459999,21.459999,21.459999,0.0,0.0
7.0,25.0,21.459999,21.459999,21.459999,21.459999,0.0,0.0
7.0,24.0,21.459999,21.459999,21.459999,21.459999,100.0,0.0
7.0,23.0,20.700001,20.700001,20.700001,20.700001,0.0,0.0
7.0,22.0,20.700001,20.700001,20.700001,20.700001,0.0,0.0
7.0,19.0,20.700001,20.700001,20.700001,20.700001,0.0,0.0
7.0,18.0,20.700001,20.700001,20.700001,20.700001,0.0,0.0
7.0,17.0,20.700001,20.700001,20.700001,20.700001,0.0,0.0
7.0,16.0,20.700001,20.700001,20.700001,20.700001,0.0,0.0
7.0,15.0,20.700001,20.700001,20.700001,20.700001,0.0,0.0
7.0,12.0,20.700001,20.700001,20.700001,20.700001,0.0,0.0
7.0,11.0,20.700001,20.700001,20.700001,20.700001,0.0,0.0
7.0,10.0,20.700001,20.700001,20.700001,20.700001,0.0,0.0
7.0,9.0,20.700001,20.700001,20.700001,20.700001,0.0,0.0
7.0,8.0,20.700001,20.700001,20.700001,20.700001,0.0,0.0
7.0,5.0,20.700001,20.700001,20.700001,20.700001,0.0,0.0
7.0,3.0,20.700001,20.700001,20.700001,20.700001,0.0,0.0
7.0,2.0,20.700001,20.700001,20.700001,20.700001,100.0,0.0
7.0,1.0,20.41,20.41,20.41,20.41,0.0,0.0
6.0,28.0,20.41,20.41,20.41,20.41,0.0,0.0
6.0,27.0,20.41,20.41,20.41,20.41,200.0,0.0
6.0,26.0,20.309999,20.309999,20.309999,20.309999,0.0,0.0
6.0,25.0,20.309999,20.309999,20.309999,20.309999,0.0,0.0
6.0,24.0,20.309999,20.309999,20.309999,20.309999,300.0,0.0
6.0,21.0,20.1,20.1,20.1,20.1,200.0,0.0
6.0,20.0,23.5,23.5,23.5,23.5,0.0,0.0
6.0,19.0,23.5,23.5,23.5,23.5,0.0,0.0
6.0,18.0,23.5,23.5,23.5,23.5,0.0,0.0
6.0,17.0,23.5,23.5,23.5,23.5,0.0,0.0
6.0,14.0,23.5,23.5,23.5,23.5,0.0,0.0
6.0,13.0,23.5,23.5,23.5,23.5,0.0,0.0
6.0,12.0,23.5,23.5,23.5,23.5,0.0,0.0
6.0,11.0,23.5,23.5,23.5,23.5,0.0,0.0
6.0,10.0,23.5,23.5,23.5,23.5,0.0,0.0
6.0,7.0,23.5,23.5,23.5,23.5,0.0,0.0
6.0,6.0,23.5,23.5,23.5,23.5,0.0,0.0
6.0,5.0,23.5,23.5,23.5,23.5,0.0,0.0
6.0,4.0,23.5,23.5,23.5,23.5,0.0,0.0
6.0,3.0,23.5,23.5,23.5,23.5,0.0,0.0
5.0,31.0,23.5,23.5,23.5,23.5,0.0,0.0
5.0,30.0,23.5,23.5,23.5,23.5,0.0,0.0
5.0,29.0,23.5,23.5,23.5,23.5,0.0,0.0
5.0,28.0,23.5,23.5,23.5,23.5,0.0,0.0
5.0,24.0,23.5,23.5,23.5,23.5,0.0,0.0
5.0,23.0,23.5,23.5,23.5,23.5,0.0,0.0
5.0,22.0,23.5,23.5,23.5,23.5,0.0,0.0
5.0,21.0,23.5,23.5,23.5,23.5,0.0,0.0
5.0,20.0,23.5,23.5,23.5,23.5,0.0,0.0
5.0,17.0,23.5,23.5,23.5,23.5,0.0,0.0
5.0,16.0,23.5,23.5,23.5,23.5,0.0,0.0
5.0,15.0,23.5,23.5,23.5,23.5,0.0,0.0
5.0,14.0,23.5,23.5,23.5,23.5,0.0,0.0
5.0,13.0,23.5,23.5,23.5,23.5,0.0,0.0
5.0,10.0,23.5,23.5,23.5,23.5,900.0,0.0
5.0,9.0,25.0,25.0,25.0,25.0,0.0,0.0
5.0,8.0,25.0,25.0,25.0,25.0,2300.0,0.0
5.0,7.0,24.25,24.25,24.25,24.25,0.0,0.0
5.0,6.0,24.25,24.25,24.25,24.25,0.0,0.0
5.0,3.0,24.25,24.25,24.25,24.25,0.0,0.0
5.0,2.0,24.25,24.25,24.25,24.25,0.0,0.0
5.0,1.0,24.25,24.25,24.25,24.25,200.0,0.0
4.0,30.0,19.1,19.1,19.1,19.1,0.0,0.0
4.0,29.0,19.1,19.1,19.1,19.1,0.0,0.0
4.0,26.0,19.1,19.1,19.1,19.1,0.0,0.0
4.0,25.0,19.1,19.1,19.1,19.1,0.0,0.0
4.0,24.0,19.1,19.1,19.1,19.1,0.0,0.0
4.0,23.0,19.1,19.1,19.1,19.1,0.0,0.0
4.0,22.0,19.1,19.1,19.1,19.1,0.0,0.0
4.0,19.0,19.1,19.1,19.1,19.1,0.0,0.0
4.0,18.0,19.1,19.1,19.1,19.1,0.0,0.0
4.0,17.0,19.1,19.1,19.1,19.1,0.0,0.0
4.0,16.0,19.1,19.1,19.1,19.1,0.0,0.0
4.0,15.0,19.1,19.1,19.1,19.1,0.0,0.0
4.0,12.0,19.1,19.1,19.1,19.1,0.0,0.0
4.0,11.0,19.1,19.1,19.1,19.1,0.0,0.0
4.0,10.0,19.1,19.1,19.1,19.1,0.0,0.0
4.0,9.0,19.1,19.1,19.1,19.1,0.0,0.0
4.0,8.0,19.1,19.1,19.1,19.1,0.0,0.0
4.0,5.0,19.1,19.1,19.1,19.1,0.0,0.0
4.0,4.0,19.1,19.1,19.1,19.1,0.0,0.0
4.0,3.0,19.1,19.1,19.1,19.1,0.0,0.0
4.0,2.0,19.1,19.1,19.1,19.1,0.0,0.0
4.0,1.0,19.1,19.1,19.1,19.1,0.0,0.0
3.0,28.0,19.1,19.1,19.1,19.1,0.0,0.0
3.0,27.0,19.1,19.1,19.1,19.1,0.0,0.0
3.0,26.0,19.1,19.1,19.1,19.1,0.0,0.0
3.0,25.0,19.1,19.1,19.1,19.1,0.0,0.0
3.0,22.0,19.1,19.1,19.1,19.1,0.0,0.0
3.0,21.0,19.1,19.1,19.1,19.1,0.0,0.0
3.0,20.0,19.1,19.1,19.1,19.1,0.0,0.0
3.0,19.0,19.1,19.1,19.1,19.1,0.0,0.0
3.0,18.0,19.1,19.1,19.1,19.1,0.0,0.0
3.0,15.0,19.1,19.1,19.1,19.1,0.0,0.0
3.0,14.0,19.1,19.1,19.1,19.1,0.0,0.0
3.0,13.0,19.1,19.1,19.1,19.1,0.0,0.0
3.0,12.0,19.1,19.1,19.1,19.1,0.0,0.0
3.0,11.0,19.1,19.1,19.1,19.1,0.0,0.0
3.0,8.0,19.1,19.1,19.1,19.1,0.0,0.0
3.0,7.0,19.1,19.1,19.1,19.1,0.0,0.0
3.0,6.0,19.1,19.1,19.1,19.1,0.0,0.0
3.0,5.0,19.1,19.1,19.1,19.1,0.0,0.0
3.0,4.0,19.1,19.1,19.1,19.1,0.0,0.0
3.0,1.0,19.1,19.1,19.1,19.1,0.0,0.0
2.0,28.0,19.1,19.1,19.1,19.1,0.0,0.0
2.0,27.0,19.1,19.1,19.1,19.1,0.0,0.0
2.0,26.0,19.1,19.1,19.1,19.1,0.0,0.0
2.0,25.0,19.1,19.1,19.1,19.1,0.0,0.0
2.0,22.0,19.1,19.1,19.1,19.1,0.0,0.0
2.0,21.0,19.1,19.1,19.1,19.1,0.0,0.0
2.0,20.0,19.1,19.1,19.1,19.1,0.0,0.0
2.0,19.0,19.1,19.1,19.1,19.1,0.0,0.0
2.0,15.0,19.1,19.1,19.1,19.1,0.0,0.0
2.0,14.0,19.1,19.1,19.1,19.1,0.0,0.0
2.0,13.0,19.1,19.1,19.1,19.1,0.0,0.0
2.0,12.0,19.1,19.1,19.1,19.1,0.0,0.0
2.0,11.0,19.1,19.1,19.1,19.1,0.0,0.0
2.0,8.0,19.1,19.1,19.1,19.1,0.0,0.0
2.0,7.0,19.1,19.1,19.1,19.1,0.0,0.0
2.0,6.0,19.1,19.1,19.1,19.1,0.0,0.0
2.0,5.0,19.1,19.1,19.1,19.1,0.0,0.0
2.0,4.0,19.1,19.1,19.1,19.1,0.0,0.0
2.0,1.0,19.1,19.1,19.1,19.1,0.0,0.0
1.0,31.0,19.1,19.1,19.1,19.1,0.0,0.0
1.0,30.0,19.1,19.1,19.1,19.1,0.0,0.0
1.0,29.0,19.1,19.1,19.1,19.1,0.0,0.0
1.0,28.0,19.1,19.1,19.1,19.1,0.0,0.0
1.0,25.0,19.1,19.1,19.1,19.1,0.0,0.0
1.0,24.0,19.1,19.1,19.1,19.1,0.0,0.0
1.0,23.0,19.1,19.1,19.1,19.1,0.0,0.0
1.0,22.0,19.1,19.1,19.1,19.1,0.0,0.0
1.0,18.0,19.1,19.1,19.1,19.1,0.0,0.0
1.0,17.0,19.1,19.1,19.1,19.1,0.0,0.0
1.0,16.0,19.1,19.1,19.1,19.1,0.0,0.0
1.0,15.0,19.1,19.1,19.1,19.1,0.0,0.0
1.0,14.0,19.1,19.1,19.1,19.1,100.0,0.0
1.0,11.0,19.049999,19.049999,19.049999,19.049999,0.0,0.0
1.0,10.0,19.049999,19.049999,19.049999,19.049999,0.0,0.0
1.0,9.0,19.049999,19.049999,19.049999,19.049999,0.0,0.0
1.0,8.0,19.049999,19.049999,19.049999,19.049999,0.0,0.0
1.0,7.0,19.049999,19.049999,19.049999,19.049999,0.0,0.0
1.0,4.0,19.049999,19.049999,19.049999,19.049999,0.0,0.0
1.0,3.0,19.049999,19.049999,19.049999,19.049999,0.0,0.0
1.0,2.0,19.049999,19.049999,19.049999,19.049999,0.0,0.0
12.0,31.0,19.049999,19.049999,19.049999,19.049999,0.0,0.0
12.0,28.0,19.049999,19.049999,19.049999,19.049999,0.0,0.0
12.0,27.0,19.049999,19.049999,19.049999,19.049999,500.0,0.0
12.0,26.0,19.6,19.6,19.6,19.6,0.0,0.0
12.0,24.0,19.6,19.6,19.6,19.6,0.0,0.0
12.0,21.0,19.6,19.6,19.6,19.6,0.0,0.0
12.0,20.0,19.6,19.6,19.6,19.6,0.0,0.0
12.0,19.0,19.6,19.6,19.6,19.6,0.0,0.0
12.0,18.0,19.6,19.6,19.6,19.6,0.0,0.0
12.0,17.0,19.6,19.6,19.6,19.6,0.0,0.0
12.0,14.0,19.6,19.6,19.6,19.6,0.0,0.0
12.0,13.0,19.6,19.6,19.6,19.6,200.0,0.0
12.0,12.0,19.799999,19.799999,19.799999,19.799999,0.0,0.0
12.0,11.0,19.799999,19.799999,19.799999,19.799999,15700.0,0.0
12.0,10.0,19.9,19.9,19.9,19.9,300.0,0.0
12.0,7.0,19.889999,19.889999,19.889999,19.889999,0.0,0.0
12.0,6.0,19.889999,19.889999,19.889999,19.889999,0.0,0.0
12.0,5.0,19.889999,19.889999,19.889999,19.889999,2800.0,0.0
12.0,4.0,19.962,19.962,19.962,19.962,0.0,0.0
12.0,3.0,19.962,19.962,19.962,19.962,0.0,0.0
11.0,30.0,19.962,19.962,19.962,19.962,0.0,0.0
11.0,29.0,19.962,19.962,19.962,19.962,0.0,0.0
11.0,28.0,19.962,19.962,19.962,19.962,0.0,0.0
11.0,27.0,19.962,19.962,19.962,19.962,800.0,0.0
11.0,26.0,19.620001,19.620001,19.620001,19.620001,0.0,0.0
11.0,23.0,19.620001,19.620001,19.620001,19.620001,0.0,0.0
11.0,21.0,19.620001,19.620001,19.620001,19.620001,0.0,0.0
11.0,20.0,19.620001,19.620001,19.620001,19.620001,0.0,0.0
11.0,19.0,19.620001,19.620001,19.620001,19.620001,0.0,0.0
11.0,16.0,19.620001,19.620001,19.620001,19.620001,0.0,0.0
11.0,15.0,19.620001,19.620001,19.620001,19.620001,0.0,0.0
11.0,14.0,19.620001,19.620001,19.620001,19.620001,0.0,0.0
11.0,13.0,19.620001,19.620001,19.620001,19.620001,200.0,0.0
11.0,12.0,20.51,20.51,20.51,20.51,0.0,0.0
11.0,9.0,20.51,20.51,20.51,20.51,0.0,0.0
11.0,8.0,20.51,20.51,20.51,20.51,0.0,0.0
11.0,7.0,20.51,20.51,20.51,20.51,0.0,0.0
11.0,6.0,20.299999,20.51,20.299999,20.51,500.0,0.21000100000000188
11.0,5.0,20.299999,20.299999,20.299999,20.299999,0.0,0.0
11.0,2.0,20.299999,20.299999,20.299999,20.299999,0.0,0.0
11.0,1.0,20.299999,20.299999,20.299999,20.299999,0.0,0.0
10.0,31.0,20.299999,20.299999,20.299999,20.299999,0.0,0.0
10.0,26.0,20.299999,20.299999,20.299999,20.299999,0.0,0.0
10.0,25.0,20.299999,20.299999,20.299999,20.299999,0.0,0.0
10.0,24.0,20.299999,20.299999,20.299999,20.299999,0.0,0.0
10.0,23.0,20.299999,20.299999,20.299999,20.299999,0.0,0.0
10.0,22.0,20.299999,20.299999,20.299999,20.299999,0.0,0.0
10.0,19.0,20.299999,20.299999,20.299999,20.299999,0.0,0.0
10.0,18.0,20.299999,20.299999,20.299999,20.299999,0.0,0.0
10.0,17.0,20.299999,20.299999,20.299999,20.299999,0.0,0.0
10.0,16.0,20.299999,20.299999,20.299999,20.299999,200.0,0.0
10.0,15.0,20.549999,20.549999,20.549999,20.549999,0.0,0.0
10.0,12.0,20.549999,20.549999,20.549999,20.549999,0.0,0.0
10.0,11.0,20.549999,20.549999,20.549999,20.549999,0.0,0.0
10.0,10.0,20.549999,20.549999,20.549999,20.549999,0.0,0.0
10.0,9.0,20.549999,20.549999,20.549999,20.549999,0.0,0.0
10.0,8.0,20.549999,20.549999,20.549999,20.549999,0.0,0.0
10.0,5.0,20.549999,20.549999,20.549999,20.549999,0.0,0.0
10.0,4.0,20.549999,20.549999,20.549999,20.549999,0.0,0.0
10.0,3.0,20.549999,20.549999,20.549999,20.549999,0.0,0.0
10.0,2.0,20.549999,20.549999,20.549999,20.549999,0.0,0.0
10.0,1.0,20.549999,20.549999,20.549999,20.549999,0.0,0.0
9.0,28.0,20.549999,20.549999,20.549999,20.549999,0.0,0.0
9.0,27.0,20.549999,20.549999,20.549999,20.549999,0.0,0.0
9.0,26.0,20.549999,20.549999,20.549999,20.549999,200.0,0.0
9.0,25.0,19.799999,19.799999,19.799999,19.799999,0.0,0.0
9.0,24.0,19.799999,19.799999,19.799999,19.799999,0.0,0.0
9.0,21.0,19.799999,19.799999,19.799999,19.799999,0.0,0.0
9.0,20.0,19.799999,19.799999,19.799999,19.799999,0.0,0.0
9.0,19.0,19.799999,19.799999,19.799999,19.799999,0.0,0.0
9.0,18.0,19.799999,19.799999,19.799999,19.799999,0.0,0.0
9.0,17.0,19.799999,19.799999,19.799999,19.799999,0.0,0.0
9.0,14.0,19.799999,19.799999,19.799999,19.799999,0.0,0.0
9.0,13.0,19.799999,19.799999,19.799999,19.799999,0.0,0.0
9.0,12.0,19.799999,19.799999,19.799999,19.799999,0.0,0.0
9.0,11.0,19.799999,19.799999,19.799999,19.799999,0.0,0.0
9.0,10.0,19.799999,19.799999,19.799999,19.799999,0.0,0.0
9.0,7.0,19.799999,19.799999,19.799999,19.799999,0.0,0.0
9.0,6.0,19.799999,19.799999,19.799999,19.799999,0.0,0.0
9.0,5.0,19.799999,19.799999,19.799999,19.799999,0.0,0.0
9.0,4.0,19.799999,19.799999,19.799999,19.799999,0.0,0.0
8.0,31.0,19.799999,19.799999,19.799999,19.799999,0.0,0.0
8.0,30.0,19.799999,19.799999,19.799999,19.799999,0.0,0.0
8.0,29.0,19.799999,19.799999,19.799999,19.799999,0.0,0.0
8.0,28.0,19.799999,19.799999,19.799999,19.799999,0.0,0.0
8.0,27.0,19.799999,19.799999,19.799999,19.799999,0.0,0.0
8.0,24.0,19.799999,19.799999,19.799999,19.799999,0.0,0.0
8.0,23.0,20.0,20.0,19.799999,19.799999,300.0,-0.20000100000000032
8.0,22.0,19.450001,19.450001,19.450001,19.450001,0.0,0.0
8.0,21.0,19.450001,19.450001,19.450001,19.450001,0.0,0.0
8.0,20.0,19.450001,19.450001,19.450001,19.450001,0.0,0.0
8.0,17.0,19.450001,19.450001,19.450001,19.450001,0.0,0.0
8.0,16.0,19.450001,19.450001,19.450001,19.450001,200.0,0.0
8.0,15.0,19.799999,19.799999,19.799999,19.799999,0.0,0.0
8.0,14.0,19.799999,19.799999,19.799999,19.799999,0.0,0.0
8.0,13.0,19.799999,19.799999,19.799999,19.799999,0.0,0.0
8.0,10.0,19.799999,19.799999,19.799999,19.799999,0.0,0.0
8.0,9.0,19.799999,19.799999,19.799999,19.799999,200.0,0.0
8.0,8.0,19.73,19.73,19.73,19.73,200.0,0.0
8.0,7.0,19.290001,19.290001,19.290001,19.290001,0.0,0.0
8.0,6.0,19.290001,19.290001,19.290001,19.290001,300.0,0.0
8.0,3.0,18.959999,18.959999,18.959999,18.959999,300.0,0.0
