9.0,25.0,0.07,0.07,0.07,0.07,100.0,0.0
9.0,24.0,0.08,0.08,0.08,0.08,0.0,0.0
9.0,23.0,0.08,0.08,0.08,0.08,0.0,0.0
9.0,22.0,0.08,0.08,0.08,0.08,0.0,0.0
9.0,21.0,0.08,0.08,0.08,0.08,0.0,0.0
9.0,18.0,0.08,0.08,0.08,0.08,10000.0,0.0
9.0,17.0,0.06,0.06,0.06,0.06,10000.0,0.0
9.0,16.0,0.05,0.05,0.05,0.05,10000.0,0.0
9.0,15.0,0.04,0.04,0.04,0.04,0.0,0.0
9.0,14.0,0.04,0.04,0.04,0.04,4000.0,0.0
9.0,11.0,0.04,0.04,0.04,0.04,0.0,0.0
9.0,10.0,0.04,0.04,0.04,0.04,0.0,0.0
9.0,9.0,0.04,0.04,0.04,0.04,0.0,0.0
9.0,8.0,0.04,0.04,0.04,0.04,0.0,0.0
9.0,7.0,0.04,0.04,0.04,0.04,0.0,0.0
9.0,4.0,0.04,0.04,0.04,0.04,0.0,0.0
9.0,3.0,0.04,0.04,0.04,0.04,0.0,0.0
9.0,2.0,0.04,0.04,0.04,0.04,0.0,0.0
9.0,1.0,0.035,0.04,0.035,0.04,35000.0,0.0049999999999999975
8.0,31.0,0.055,0.05999,0.04,0.04,90000.0,-0.015
8.0,28.0,0.06,0.06,0.06,0.06,0.0,0.0
8.0,27.0,0.08,0.08,0.06,0.06,60000.0,-0.020000000000000004
8.0,26.0,0.12,0.12,0.09,0.09,70000.0,-0.03
8.0,25.0,0.12,0.12,0.12,0.12,0.0,0.0
8.0,24.0,0.12,0.12,0.12,0.12,0.0,0.0
8.0,21.0,0.12,0.12,0.12,0.12,0.0,0.0
8.0,20.0,0.12,0.12,0.12,0.12,0.0,0.0
8.0,19.0,0.12,0.12,0.12,0.12,0.0,0.0
8.0,18.0,0.12,0.12,0.12,0.12,0.0,0.0
8.0,17.0,0.12,0.12,0.12,0.12,0.0,0.0
8.0,14.0,0.12,0.12,0.12,0.12,0.0,0.0
8.0,13.0,0.12,0.12,0.12,0.12,0.0,0.0
8.0,12.0,0.12,0.12,0.12,0.12,0.0,0.0
8.0,11.0,0.12,0.12,0.12,0.12,0.0,0.0
8.0,10.0,0.12,0.12,0.12,0.12,0.0,0.0
8.0,7.0,0.12,0.12,0.12,0.12,0.0,0.0
8.0,6.0,0.12,0.12,0.12,0.12,0.0,0.0
8.0,5.0,0.12,0.12,0.12,0.12,0.0,0.0
8.0,4.0,0.12,0.12,0.12,0.12,0.0,0.0
8.0,3.0,0.12,0.12,0.12,0.12,0.0,0.0
7.0,31.0,0.12,0.12,0.12,0.12,0.0,0.0
7.0,30.0,0.12,0.12,0.12,0.12,0.0,0.0
7.0,29.0,0.12,0.12,0.12,0.12,0.0,0.0
7.0,28.0,0.12,0.12,0.12,0.12,0.0,0.0
7.0,27.0,0.12,0.12,0.12,0.12,0.0,0.0
7.0,24.0,0.12,0.12,0.12,0.12,0.0,0.0
7.0,23.0,0.12,0.12,0.12,0.12,0.0,0.0
7.0,22.0,0.12,0.12,0.12,0.12,0.0,0.0
7.0,21.0,0.12,0.12,0.12,0.12,0.0,0.0
7.0,20.0,0.12,0.12,0.12,0.12,0.0,0.0
7.0,17.0,0.12,0.12,0.12,0.12,0.0,0.0
7.0,16.0,0.12,0.12,0.12,0.12,0.0,0.0
7.0,15.0,0.12,0.12,0.12,0.12,0.0,0.0
7.0,14.0,0.12,0.12,0.12,0.12,300.0,0.0
7.0,13.0,0.14,0.14,0.14,0.14,0.0,0.0
7.0,10.0,0.14,0.14,0.14,0.14,0.0,0.0
7.0,9.0,0.14,0.14,0.14,0.14,0.0,0.0
7.0,8.0,0.14,0.14,0.14,0.14,0.0,0.0
7.0,7.0,0.14,0.14,0.14,0.14,0.0,0.0
7.0,6.0,0.14,0.14,0.14,0.14,0.0,0.0
7.0,3.0,0.14,0.14,0.14,0.14,0.0,0.0
7.0,2.0,0.14,0.14,0.14,0.14,0.0,0.0
7.0,1.0,0.14,0.14,0.14,0.14,0.0,0.0
6.0,30.0,0.14,0.14,0.14,0.14,0.0,0.0
6.0,29.0,0.14,0.14,0.14,0.14,0.0,0.0
6.0,26.0,0.14,0.14,0.14,0.14,0.0,0.0
6.0,25.0,0.14,0.14,0.14,0.14,0.0,0.0
6.0,24.0,0.14,0.14,0.14,0.14,0.0,0.0
6.0,23.0,0.14,0.14,0.14,0.14,5000.0,0.0
6.0,22.0,0.14,0.14,0.14,0.14,0.0,0.0
6.0,19.0,0.14,0.14,0.14,0.14,0.0,0.0
6.0,18.0,0.14,0.14,0.14,0.14,0.0,0.0
6.0,17.0,0.14,0.14,0.14,0.14,0.0,0.0
6.0,16.0,0.14,0.14,0.14,0.14,0.0,0.0
6.0,15.0,0.14,0.14,0.14,0.14,0.0,0.0
6.0,12.0,0.14,0.14,0.14,0.14,0.0,0.0
6.0,11.0,0.14,0.14,0.14,0.14,0.0,0.0
6.0,10.0,0.14,0.14,0.14,0.14,0.0,0.0
6.0,9.0,0.14,0.14,0.14,0.14,0.0,0.0
6.0,8.0,0.14,0.14,0.14,0.14,0.0,0.0
6.0,5.0,0.14,0.14,0.14,0.14,0.0,0.0
6.0,4.0,0.14,0.14,0.14,0.14,0.0,0.0
6.0,3.0,0.14,0.14,0.14,0.14,100.0,0.0
6.0,2.0,0.23,0.23,0.23,0.23,100.0,0.0
6.0,1.0,0.2,0.23,0.2,0.23,4700.0,0.03
5.0,29.0,0.16,0.16,0.16,0.16,0.0,0.0
5.0,28.0,0.16,0.16,0.16,0.16,0.0,0.0
5.0,27.0,0.16,0.16,0.16,0.16,0.0,0.0
5.0,26.0,0.16,0.16,0.16,0.16,0.0,0.0
5.0,25.0,0.16,0.16,0.16,0.16,0.0,0.0
5.0,22.0,0.16,0.16,0.16,0.16,5000.0,0.0
5.0,21.0,0.16,0.16,0.16,0.16,0.0,0.0
5.0,20.0,0.16,0.16,0.16,0.16,0.0,0.0
5.0,19.0,0.16,0.16,0.16,0.16,0.0,0.0
5.0,18.0,0.16,0.16,0.16,0.16,0.0,0.0
5.0,15.0,0.16,0.16,0.16,0.16,0.0,0.0
5.0,14.0,0.16,0.16,0.16,0.16,0.0,0.0
5.0,13.0,0.16,0.16,0.16,0.16,0.0,0.0
5.0,12.0,0.16,0.16,0.16,0.16,0.0,0.0
5.0,11.0,0.16,0.16,0.16,0.16,0.0,0.0
5.0,8.0,0.16,0.16,0.16,0.16,0.0,0.0
5.0,7.0,0.16,0.16,0.16,0.16,0.0,0.0
5.0,6.0,0.16,0.16,0.16,0.16,0.0,0.0
5.0,5.0,0.16,0.16,0.16,0.16,200.0,0.0
5.0,4.0,0.16,0.16,0.16,0.16,0.0,0.0
5.0,1.0,0.16,0.16,0.16,0.16,0.0,0.0
4.0,30.0,0.16,0.16,0.16,0.16,0.0,0.0
4.0,29.0,0.16,0.16,0.16,0.16,0.0,0.0
4.0,28.0,0.16,0.16,0.16,0.16,0.0,0.0
4.0,27.0,0.16,0.16,0.16,0.16,0.0,0.0
4.0,24.0,0.16,0.16,0.16,0.16,0.0,0.0
4.0,23.0,0.16,0.16,0.16,0.16,0.0,0.0
4.0,22.0,0.16,0.16,0.16,0.16,0.0,0.0
4.0,21.0,0.16,0.16,0.16,0.16,0.0,0.0
4.0,20.0,0.16,0.16,0.16,0.16,0.0,0.0
4.0,17.0,0.16,0.16,0.16,0.16,0.0,0.0
4.0,16.0,0.16,0.16,0.16,0.16,0.0,0.0
4.0,15.0,0.16,0.16,0.16,0.16,0.0,0.0
4.0,14.0,0.16,0.16,0.16,0.16,0.0,0.0
4.0,13.0,0.16,0.16,0.16,0.16,0.0,0.0
4.0,10.0,0.16,0.16,0.16,0.16,0.0,0.0
4.0,9.0,0.16,0.16,0.16,0.16,0.0,0.0
4.0,8.0,0.16,0.16,0.16,0.16,0.0,0.0
4.0,7.0,0.16,0.16,0.16,0.16,0.0,0.0
4.0,6.0,0.16,0.16,0.16,0.16,0.0,0.0
4.0,3.0,0.16,0.16,0.16,0.16,0.0,0.0
4.0,2.0,0.16,0.16,0.16,0.16,0.0,0.0
4.0,1.0,0.16,0.16,0.16,0.16,0.0,0.0
3.0,31.0,0.16,0.16,0.16,0.16,0.0,0.0
3.0,30.0,0.16,0.16,0.16,0.16,0.0,0.0
3.0,27.0,0.16,0.16,0.16,0.16,0.0,0.0
3.0,26.0,0.16,0.16,0.16,0.16,1000.0,0.0
3.0,25.0,0.175,0.175,0.175,0.175,0.0,0.0
3.0,24.0,0.175,0.175,0.175,0.175,0.0,0.0
3.0,23.0,0.175,0.175,0.175,0.175,0.0,0.0
3.0,20.0,0.175,0.175,0.175,0.175,0.0,0.0
3.0,19.0,0.175,0.175,0.175,0.175,0.0,0.0
3.0,18.0,0.175,0.175,0.175,0.175,0.0,0.0
3.0,17.0,0.175,0.175,0.175,0.175,0.0,0.0
3.0,16.0,0.175,0.175,0.175,0.175,4000.0,0.0
3.0,13.0,0.2,0.2,0.2,0.2,0.0,0.0
3.0,12.0,0.2,0.2,0.2,0.2,0.0,0.0
3.0,11.0,0.2,0.2,0.2,0.2,0.0,0.0
3.0,10.0,0.2,0.2,0.2,0.2,0.0,0.0
3.0,9.0,0.2,0.2,0.2,0.2,0.0,0.0
3.0,6.0,0.2,0.2,0.2,0.2,0.0,0.0
3.0,5.0,0.2,0.2,0.2,0.2,0.0,0.0
3.0,4.0,0.2,0.2,0.2,0.2,0.0,0.0
3.0,3.0,0.2,0.2,0.2,0.2,0.0,0.0
3.0,2.0,0.2,0.2,0.2,0.2,10000.0,0.0
2.0,27.0,0.2,0.2,0.2,0.2,0.0,0.0
2.0,26.0,0.2,0.2,0.2,0.2,0.0,0.0
2.0,25.0,0.2,0.2,0.2,0.2,0.0,0.0
2.0,24.0,0.2,0.2,0.2,0.2,2500.0,0.0
2.0,23.0,0.2,0.2,0.2,0.2,0.0,0.0
2.0,20.0,0.2,0.2,0.2,0.2,0.0,0.0
2.0,19.0,0.2,0.2,0.2,0.2,0.0,0.0
2.0,18.0,0.2,0.2,0.2,0.2,0.0,0.0
2.0,17.0,0.2,0.2,0.2,0.2,0.0,0.0
2.0,16.0,0.2,0.2,0.2,0.2,0.0,0.0
2.0,13.0,0.2,0.2,0.2,0.2,0.0,0.0
2.0,12.0,0.2,0.2,0.2,0.2,0.0,0.0
2.0,11.0,0.2,0.2,0.2,0.2,0.0,0.0
2.0,10.0,0.2,0.2,0.2,0.2,1000.0,0.0
2.0,9.0,0.2,0.2,0.2,0.2,0.0,0.0
2.0,6.0,0.2,0.2,0.2,0.2,0.0,0.0
2.0,5.0,0.2,0.2,0.2,0.2,0.0,0.0
2.0,4.0,0.2,0.2,0.2,0.2,0.0,0.0
2.0,3.0,0.2,0.2,0.2,0.2,0.0,0.0
2.0,2.0,0.2,0.2,0.2,0.2,0.0,0.0
1.0,30.0,0.2,0.2,0.2,0.2,0.0,0.0
1.0,29.0,0.2,0.2,0.2,0.2,0.0,0.0
1.0,28.0,0.2,0.2,0.2,0.2,0.0,0.0
1.0,27.0,0.2,0.2,0.2,0.2,0.0,0.0
1.0,26.0,0.2,0.2,0.2,0.2,0.0,0.0
1.0,23.0,0.2,0.2,0.2,0.2,0.0,0.0
1.0,22.0,0.2,0.2,0.2,0.2,0.0,0.0
1.0,21.0,0.2,0.2,0.2,0.2,0.0,0.0
1.0,20.0,0.2,0.2,0.2,0.2,0.0,0.0
1.0,19.0,0.2,0.2,0.2,0.2,0.0,0.0
1.0,16.0,0.2,0.2,0.2,0.2,0.0,0.0
1.0,15.0,0.2,0.2,0.2,0.2,0.0,0.0
1.0,14.0,0.2,0.2,0.2,0.2,0.0,0.0
1.0,13.0,0.2,0.2,0.2,0.2,0.0,0.0
1.0,12.0,0.2,0.2,0.2,0.2,0.0,0.0
1.0,9.0,0.2,0.2,0.2,0.2,0.0,0.0
1.0,8.0,0.2,0.2,0.2,0.2,0.0,0.0
1.0,7.0,0.2,0.2,0.2,0.2,0.0,0.0
1.0,6.0,0.2,0.2,0.2,0.2,0.0,0.0
1.0,5.0,0.23,0.23,0.2,0.2,14500.0,-0.03
1.0,2.0,0.23,0.23,0.23,0.23,0.0,0.0
1.0,1.0,0.23,0.23,0.23,0.23,0.0,0.0
12.0,31.0,0.23,0.23,0.23,0.23,0.0,0.0
12.0,30.0,0.23,0.23,0.23,0.23,0.0,0.0
12.0,29.0,0.23,0.23,0.23,0.23,0.0,0.0
12.0,26.0,0.23,0.23,0.23,0.23,0.0,0.0
12.0,25.0,0.23,0.23,0.23,0.23,0.0,0.0
12.0,24.0,0.23,0.23,0.23,0.23,0.0,0.0
12.0,23.0,0.23,0.23,0.23,0.23,0.0,0.0
12.0,22.0,0.23,0.23,0.23,0.23,100.0,0.0
12.0,19.0,0.23,0.23,0.23,0.23,0.0,0.0
12.0,18.0,0.23,0.23,0.23,0.23,0.0,0.0
12.0,17.0,0.23,0.23,0.23,0.23,0.0,0.0
12.0,16.0,0.23,0.23,0.23,0.23,1000.0,0.0
12.0,15.0,0.3,0.3,0.3,0.3,0.0,0.0
12.0,12.0,0.3,0.3,0.3,0.3,0.0,0.0
12.0,11.0,0.3,0.3,0.3,0.3,0.0,0.0
12.0,10.0,0.3,0.3,0.3,0.3,0.0,0.0
12.0,9.0,0.3,0.3,0.3,0.3,0.0,0.0
12.0,8.0,0.3,0.3,0.3,0.3,0.0,0.0
12.0,5.0,0.3,0.3,0.3,0.3,2000.0,0.0
12.0,4.0,0.5,0.5,0.5,0.5,0.0,0.0
12.0,3.0,0.5,0.5,0.5,0.5,0.0,0.0
12.0,2.0,0.6,0.6,0.5,0.5,5100.0,-0.09999999999999998
12.0,1.0,0.25,0.25,0.25,0.25,0.0,0.0
11.0,28.0,0.25,0.25,0.25,0.25,0.0,0.0
11.0,27.0,0.25,0.25,0.25,0.25,0.0,0.0
11.0,26.0,0.25,0.25,0.25,0.25,0.0,0.0
11.0,25.0,0.25,0.25,0.25,0.25,0.0,0.0
11.0,24.0,0.25,0.25,0.25,0.25,0.0,0.0
11.0,21.0,0.25,0.25,0.25,0.25,0.0,0.0
11.0,20.0,0.25,0.25,0.25,0.25,0.0,0.0
11.0,19.0,0.25,0.25,0.25,0.25,0.0,0.0
11.0,18.0,0.25,0.25,0.25,0.25,0.0,0.0
11.0,17.0,0.25,0.25,0.25,0.25,0.0,0.0
11.0,14.0,0.25,0.25,0.25,0.25,0.0,0.0
11.0,13.0,0.25,0.25,0.25,0.25,0.0,0.0
11.0,12.0,0.25,0.25,0.25,0.25,0.0,0.0
11.0,11.0,0.25,0.25,0.25,0.25,0.0,0.0
11.0,10.0,0.25,0.25,0.25,0.25,0.0,0.0
11.0,7.0,0.25,0.25,0.25,0.25,0.0,0.0
11.0,6.0,0.25,0.25,0.25,0.25,0.0,0.0
11.0,5.0,0.25,0.25,0.25,0.25,0.0,0.0
11.0,4.0,0.25,0.25,0.25,0.25,0.0,0.0
11.0,3.0,0.25,0.25,0.25,0.25,0.0,0.0
10.0,31.0,0.25,0.25,0.25,0.25,0.0,0.0
10.0,30.0,0.25,0.25,0.25,0.25,0.0,0.0
10.0,29.0,0.25,0.25,0.25,0.25,0.0,0.0
10.0,28.0,0.25,0.25,0.25,0.25,0.0,0.0
10.0,27.0,0.25,0.25,0.25,0.25,0.0,0.0
10.0,24.0,0.25,0.25,0.25,0.25,0.0,0.0
10.0,23.0,0.25,0.25,0.25,0.25,0.0,0.0
10.0,22.0,0.25,0.25,0.25,0.25,0.0,0.0
10.0,21.0,0.25,0.25,0.25,0.25,0.0,0.0
10.0,20.0,0.25,0.25,0.25,0.25,0.0,0.0
10.0,17.0,0.25,0.25,0.25,0.25,0.0,0.0
10.0,16.0,0.25,0.25,0.25,0.25,0.0,0.0
10.0,15.0,0.25,0.25,0.25,0.25,0.0,0.0
10.0,14.0,0.25,0.25,0.25,0.25,0.0,0.0
10.0,13.0,0.25,0.25,0.25,0.25,0.0,0.0
10.0,10.0,0.25,0.25,0.25,0.25,0.0,0.0
10.0,9.0,0.25,0.25,0.25,0.25,0.0,0.0
10.0,8.0,0.25,0.25,0.25,0.25,0.0,0.0
10.0,7.0,0.25,0.25,0.25,0.25,0.0,0.0
10.0,6.0,0.25,0.25,0.25,0.25,0.0,0.0
10.0,3.0,0.25,0.25,0.25,0.25,0.0,0.0
10.0,2.0,0.25,0.25,0.25,0.25,0.0,0.0
10.0,1.0,0.25,0.25,0.25,0.25,0.0,0.0
9.0,30.0,0.25,0.25,0.25,0.25,0.0,0.0
9.0,29.0,0.25,0.25,0.25,0.25,0.0,0.0
9.0,26.0,0.25,0.25,0.25,0.25,0.0,0.0
9.0,25.0,0.25,0.25,0.25,0.25,0.0,0.0
9.0,24.0,0.25,0.25,0.25,0.25,0.0,0.0
9.0,23.0,0.25,0.25,0.25,0.25,0.0,0.0
9.0,22.0,0.25,0.25,0.25,0.25,0.0,0.0
9.0,19.0,0.25,0.25,0.25,0.25,0.0,0.0
9.0,18.0,0.25,0.25,0.25,0.25,0.0,0.0
9.0,17.0,0.25,0.25,0.25,0.25,0.0,0.0
9.0,16.0,0.25,0.25,0.25,0.25,0.0,0.0
9.0,15.0,0.25,0.25,0.25,0.25,0.0,0.0
9.0,12.0,0.25,0.25,0.25,0.25,0.0,0.0
9.0,11.0,0.25,0.25,0.25,0.25,0.0,0.0
9.0,10.0,0.25,0.25,0.25,0.25,0.0,0.0
9.0,9.0,0.25,0.25,0.25,0.25,0.0,0.0
9.0,8.0,0.25,0.25,0.25,0.25,0.0,0.0
9.0,5.0,0.25,0.25,0.25,0.25,0.0,0.0
9.0,4.0,0.25,0.25,0.25,0.25,0.0,0.0
9.0,3.0,0.25,0.25,0.25,0.25,0.0,0.0
9.0,2.0,0.25,0.25,0.25,0.25,0.0,0.0
9.0,1.0,0.25,0.25,0.25,0.25,0.0,0.0
8.0,29.0,0.25,0.25,0.25,0.25,0.0,0.0
8.0,28.0,0.25,0.25,0.25,0.25,0.0,0.0
8.0,27.0,0.25,0.25,0.25,0.25,2500.0,0.0
8.0,26.0,0.16,0.16,0.16,0.16,0.0,0.0
8.0,25.0,0.16,0.16,0.16,0.16,0.0,0.0
8.0,22.0,0.16,0.16,0.16,0.16,0.0,0.0
8.0,21.0,0.16,0.16,0.16,0.16,0.0,0.0
8.0,20.0,0.16,0.16,0.16,0.16,4800.0,0.0
8.0,19.0,0.19,0.19,0.17,0.17,8500.0,-0.01999999999999999
8.0,18.0,0.165,0.165,0.165,0.165,0.0,0.0
8.0,15.0,0.165,0.165,0.165,0.165,0.0,0.0
8.0,14.0,0.165,0.165,0.165,0.165,0.0,0.0
8.0,13.0,0.165,0.165,0.165,0.165,0.0,0.0
8.0,12.0,0.165,0.165,0.165,0.165,0.0,0.0
8.0,11.0,0.165,0.165,0.165,0.165,0.0,0.0
8.0,8.0,0.165,0.165,0.165,0.165,0.0,0.0
8.0,7.0,0.165,0.165,0.165,0.165,0.0,0.0
8.0,6.0,0.165,0.165,0.165,0.165,0.0,0.0
8.0,5.0,0.165,0.165,0.165,0.165,0.0,0.0
8.0,4.0,0.165,0.165,0.165,0.165,1600.0,0.0
8.0,1.0,0.165,0.165,0.165,0.165,0.0,0.0
7.0,31.0,0.165,0.165,0.165,0.165,0.0,0.0
7.0,30.0,0.165,0.165,0.165,0.165,0.0,0.0
7.0,29.0,0.165,0.165,0.165,0.165,0.0,0.0
7.0,28.0,0.165,0.165,0.165,0.165,0.0,0.0
7.0,25.0,0.165,0.165,0.165,0.165,0.0,0.0
7.0,24.0,0.165,0.165,0.165,0.165,0.0,0.0
7.0,23.0,0.165,0.165,0.165,0.165,0.0,0.0
7.0,22.0,0.165,0.165,0.165,0.165,0.0,0.0
7.0,21.0,0.165,0.165,0.165,0.165,0.0,0.0
7.0,18.0,0.165,0.165,0.165,0.165,0.0,0.0
7.0,17.0,0.165,0.165,0.165,0.165,0.0,0.0
7.0,16.0,0.165,0.165,0.165,0.165,0.0,0.0
7.0,15.0,0.165,0.165,0.165,0.165,0.0,0.0
7.0,14.0,0.165,0.165,0.165,0.165,0.0,0.0
7.0,11.0,0.165,0.165,0.165,0.165,0.0,0.0
7.0,10.0,0.165,0.165,0.165,0.165,0.0,0.0
7.0,9.0,0.165,0.165,0.165,0.165,0.0,0.0
7.0,8.0,0.165,0.165,0.165,0.165,0.0,0.0
7.0,7.0,0.165,0.165,0.165,0.165,0.0,0.0
7.0,4.0,0.165,0.165,0.165,0.165,0.0,0.0
7.0,3.0,0.165,0.165,0.165,0.165,0.0,0.0
7.0,2.0,0.165,0.165,0.165,0.165,0.0,0.0
7.0,1.0,0.165,0.165,0.165,0.165,0.0,0.0
6.0,30.0,0.165,0.165,0.165,0.165,0.0,0.0
6.0,27.0,0.165,0.165,0.165,0.165,0.0,0.0
6.0,26.0,0.165,0.165,0.165,0.165,0.0,0.0
6.0,25.0,0.165,0.165,0.165,0.165,0.0,0.0
6.0,24.0,0.165,0.165,0.165,0.165,0.0,0.0
6.0,23.0,0.165,0.165,0.165,0.165,0.0,0.0
6.0,20.0,0.165,0.165,0.165,0.165,0.0,0.0
6.0,19.0,0.165,0.165,0.165,0.165,0.0,0.0
6.0,18.0,0.165,0.165,0.165,0.165,0.0,0.0
6.0,17.0,0.165,0.165,0.165,0.165,0.0,0.0
6.0,16.0,0.165,0.165,0.165,0.165,0.0,0.0
6.0,13.0,0.165,0.165,0.165,0.165,0.0,0.0
6.0,12.0,0.165,0.165,0.165,0.165,100.0,0.0
6.0,11.0,0.2,0.2,0.2,0.2,0.0,0.0
6.0,10.0,0.2,0.2,0.2,0.2,0.0,0.0
6.0,9.0,0.2,0.2,0.2,0.2,2500.0,0.0
6.0,6.0,0.1501,0.1501,0.1501,0.1501,0.0,0.0
6.0,5.0,0.1501,0.1501,0.1501,0.1501,0.0,0.0
6.0,4.0,0.1501,0.1501,0.1501,0.1501,0.0,0.0
6.0,3.0,0.1501,0.1501,0.1501,0.1501,0.0,0.0
6.0,2.0,0.1501,0.1501,0.1501,0.1501,0.0,0.0
5.0,30.0,0.2225,0.2225,0.1501,0.1501,8000.0,-0.07239999999999999
5.0,29.0,0.3,0.3,0.3,0.3,0.0,0.0
5.0,28.0,0.3,0.3,0.3,0.3,0.0,0.0
5.0,27.0,0.3,0.3,0.3,0.3,0.0,0.0
5.0,26.0,0.3,0.3,0.3,0.3,0.0,0.0
5.0,23.0,0.3,0.3,0.3,0.3,0.0,0.0
5.0,22.0,0.3,0.3,0.3,0.3,0.0,0.0
5.0,21.0,0.3,0.3,0.3,0.3,0.0,0.0
5.0,20.0,0.3,0.3,0.3,0.3,0.0,0.0
5.0,19.0,0.3,0.3,0.3,0.3,0.0,0.0
5.0,16.0,0.3,0.3,0.3,0.3,0.0,0.0
5.0,15.0,0.3,0.3,0.3,0.3,0.0,0.0
5.0,14.0,0.3,0.3,0.3,0.3,0.0,0.0
5.0,13.0,0.3,0.3,0.3,0.3,0.0,0.0
5.0,12.0,0.3,0.3,0.3,0.3,0.0,0.0
5.0,9.0,0.3,0.3,0.3,0.3,0.0,0.0
5.0,8.0,0.3,0.3,0.3,0.3,0.0,0.0
5.0,7.0,0.3,0.3,0.3,0.3,0.0,0.0
5.0,6.0,0.3,0.3,0.3,0.3,0.0,0.0
5.0,5.0,0.3,0.3,0.3,0.3,0.0,0.0
5.0,2.0,0.3,0.3,0.3,0.3,0.0,0.0
5.0,1.0,0.3,0.3,0.3,0.3,0.0,0.0
4.0,30.0,0.3,0.3,0.3,0.3,0.0,0.0
4.0,29.0,0.3,0.3,0.3,0.3,0.0,0.0
4.0,28.0,0.3,0.3,0.3,0.3,0.0,0.0
4.0,25.0,0.3,0.3,0.3,0.3,0.0,0.0
4.0,24.0,0.3,0.3,0.3,0.3,0.0,0.0
4.0,23.0,0.3,0.3,0.3,0.3,0.0,0.0
4.0,22.0,0.3,0.3,0.3,0.3,0.0,0.0
4.0,21.0,0.3,0.3,0.3,0.3,0.0,0.0
4.0,18.0,0.3,0.3,0.3,0.3,0.0,0.0
4.0,17.0,0.3,0.3,0.3,0.3,0.0,0.0
4.0,16.0,0.3,0.3,0.3,0.3,0.0,0.0
4.0,15.0,0.3,0.3,0.3,0.3,0.0,0.0
4.0,14.0,0.3,0.3,0.3,0.3,0.0,0.0
4.0,11.0,0.3,0.3,0.3,0.3,0.0,0.0
4.0,10.0,0.3,0.3,0.3,0.3,0.0,0.0
4.0,9.0,0.3,0.3,0.3,0.3,500.0,0.0
4.0,8.0,0.29,0.29,0.29,0.29,0.0,0.0
4.0,7.0,0.29,0.29,0.29,0.29,0.0,0.0
4.0,4.0,0.29,0.29,0.29,0.29,0.0,0.0
4.0,3.0,0.29,0.29,0.29,0.29,0.0,0.0
4.0,2.0,0.29,0.29,0.29,0.29,0.0,0.0
4.0,1.0,0.29,0.29,0.29,0.29,0.0,0.0
3.0,31.0,0.29,0.29,0.29,0.29,300.0,0.0
3.0,28.0,0.2275,0.2275,0.2275,0.2275,0.0,0.0
3.0,27.0,0.2275,0.2275,0.2275,0.2275,0.0,0.0
3.0,26.0,0.2275,0.2275,0.2275,0.2275,0.0,0.0
3.0,25.0,0.2275,0.2275,0.2275,0.2275,0.0,0.0
3.0,24.0,0.2275,0.2275,0.2275,0.2275,0.0,0.0
3.0,21.0,0.2275,0.2275,0.2275,0.2275,0.0,0.0
3.0,20.0,0.2275,0.2275,0.2275,0.2275,0.0,0.0
3.0,19.0,0.2275,0.2275,0.2275,0.2275,0.0,0.0
3.0,18.0,0.2275,0.2275,0.2275,0.2275,0.0,0.0
3.0,17.0,0.2275,0.2275,0.2275,0.2275,0.0,0.0
3.0,14.0,0.2275,0.2275,0.2275,0.2275,0.0,0.0
3.0,13.0,0.2275,0.2275,0.2275,0.2275,0.0,0.0
3.0,12.0,0.2275,0.2275,0.2275,0.2275,0.0,0.0
3.0,11.0,0.2275,0.2275,0.2275,0.2275,0.0,0.0
3.0,10.0,0.2275,0.2275,0.2275,0.2275,0.0,0.0
3.0,7.0,0.2275,0.2275,0.2275,0.2275,0.0,0.0
3.0,6.0,0.2275,0.2275,0.2275,0.2275,0.0,0.0
3.0,5.0,0.2275,0.2275,0.2275,0.2275,3500.0,0.0
3.0,4.0,0.22,0.22,0.22,0.22,3700.0,0.0
3.0,3.0,0.2,0.2,0.2,0.2,0.0,0.0
2.0,28.0,0.2,0.2,0.2,0.2,0.0,0.0
2.0,27.0,0.2,0.2,0.2,0.2,0.0,0.0
2.0,26.0,0.2,0.2,0.2,0.2,0.0,0.0
2.0,25.0,0.2,0.2,0.2,0.2,0.0,0.0
2.0,24.0,0.2,0.2,0.2,0.2,0.0,0.0
2.0,21.0,0.2,0.2,0.2,0.2,0.0,0.0
2.0,20.0,0.2,0.2,0.2,0.2,0.0,0.0
2.0,19.0,0.2,0.2,0.2,0.2,0.0,0.0
2.0,18.0,0.2,0.2,0.2,0.2,0.0,0.0
2.0,17.0,0.2,0.2,0.2,0.2,0.0,0.0
2.0,14.0,0.2,0.2,0.2,0.2,500.0,0.0
2.0,13.0,0.2,0.2,0.2,0.2,0.0,0.0
2.0,12.0,0.2,0.2,0.2,0.2,0.0,0.0
2.0,11.0,0.2,0.2,0.2,0.2,0.0,0.0
2.0,10.0,0.2,0.2,0.2,0.2,0.0,0.0
2.0,7.0,0.2,0.2,0.2,0.2,0.0,0.0
2.0,6.0,0.2,0.2,0.2,0.2,0.0,0.0
2.0,5.0,0.2,0.2,0.2,0.2,0.0,0.0
2.0,4.0,0.2,0.2,0.2,0.2,2000.0,0.0
2.0,3.0,0.2145,0.2145,0.2145,0.2145,2500.0,0.0
1.0,31.0,0.2145,0.2145,0.2145,0.2145,0.0,0.0
1.0,30.0,0.2145,0.2145,0.2145,0.2145,0.0,0.0
1.0,29.0,0.2145,0.2145,0.2145,0.2145,0.0,0.0
1.0,28.0,0.2145,0.2145,0.2145,0.2145,0.0,0.0
1.0,27.0,0.2145,0.2145,0.2145,0.2145,5000.0,0.0
1.0,24.0,0.2145,0.2145,0.2145,0.2145,0.0,0.0
1.0,23.0,0.2145,0.2145,0.2145,0.2145,1600.0,0.0
1.0,22.0,0.2145,0.2145,0.2145,0.2145,0.0,0.0
1.0,21.0,0.2145,0.2145,0.2145,0.2145,0.0,0.0
1.0,20.0,0.2145,0.2145,0.2145,0.2145,0.0,0.0
1.0,17.0,0.2145,0.2145,0.2145,0.2145,0.0,0.0
1.0,16.0,0.2145,0.2145,0.2145,0.2145,2000.0,0.0
1.0,15.0,0.2145,0.2145,0.2145,0.2145,0.0,0.0
1.0,14.0,0.2145,0.2145,0.2145,0.2145,0.0,0.0
1.0,13.0,0.2145,0.2145,0.2145,0.2145,0.0,0.0
1.0,10.0,0.2145,0.2145,0.2145,0.2145,0.0,0.0
1.0,9.0,0.2145,0.2145,0.2145,0.2145,0.0,0.0
1.0,8.0,0.2145,0.2145,0.2145,0.2145,0.0,0.0
1.0,7.0,0.2145,0.2145,0.2145,0.2145,0.0,0.0
1.0,6.0,0.2145,0.2145,0.2145,0.2145,0.0,0.0
1.0,3.0,0.2145,0.2145,0.2145,0.2145,0.0,0.0
1.0,2.0,0.2145,0.2145,0.2145,0.2145,0.0,0.0
1.0,1.0,0.2145,0.2145,0.2145,0.2145,0.0,0.0
12.0,31.0,0.2145,0.2145,0.2145,0.2145,0.0,0.0
12.0,30.0,0.2145,0.2145,0.2145,0.2145,0.0,0.0
12.0,27.0,0.2145,0.2145,0.2145,0.2145,0.0,0.0
12.0,26.0,0.2145,0.2145,0.2145,0.2145,0.0,0.0
12.0,25.0,0.2145,0.2145,0.2145,0.2145,0.0,0.0
12.0,24.0,0.2145,0.2145,0.2145,0.2145,0.0,0.0
12.0,23.0,0.2145,0.2145,0.2145,0.2145,0.0,0.0
12.0,20.0,0.2145,0.2145,0.2145,0.2145,1000.0,0.0
12.0,19.0,0.2145,0.2145,0.2145,0.2145,0.0,0.0
12.0,18.0,0.2145,0.2145,0.2145,0.2145,0.0,0.0
12.0,17.0,0.2145,0.2145,0.2145,0.2145,0.0,0.0
12.0,16.0,0.2145,0.2145,0.2145,0.2145,0.0,0.0
12.0,13.0,0.2145,0.2145,0.2145,0.2145,0.0,0.0
12.0,12.0,0.2145,0.2145,0.2145,0.2145,0.0,0.0
12.0,11.0,0.2145,0.2145,0.2145,0.2145,0.0,0.0
12.0,10.0,0.2145,0.2145,0.2145,0.2145,0.0,0.0
12.0,9.0,0.2145,0.2145,0.2145,0.2145,0.0,0.0
12.0,6.0,0.2145,0.2145,0.2145,0.2145,0.0,0.0
12.0,5.0,0.2145,0.2145,0.2145,0.2145,0.0,0.0
12.0,4.0,0.2145,0.2145,0.2145,0.2145,1000.0,0.0
12.0,3.0,0.3,0.3,0.3,0.3,0.0,0.0
12.0,2.0,0.3,0.3,0.3,0.3,0.0,0.0
11.0,29.0,0.3,0.3,0.3,0.3,0.0,0.0
11.0,28.0,0.3,0.3,0.3,0.3,0.0,0.0
11.0,27.0,0.3,0.3,0.3,0.3,0.0,0.0
11.0,26.0,0.3,0.3,0.3,0.3,100.0,0.0
11.0,25.0,0.35,0.35,0.35,0.35,0.0,0.0
11.0,22.0,0.35,0.35,0.35,0.35,0.0,0.0
11.0,21.0,0.35,0.35,0.35,0.35,0.0,0.0
11.0,20.0,0.35,0.35,0.35,0.35,0.0,0.0
11.0,19.0,0.35,0.35,0.35,0.35,0.0,0.0
11.0,18.0,0.35,0.35,0.35,0.35,0.0,0.0
11.0,15.0,0.35,0.35,0.35,0.35,0.0,0.0
11.0,14.0,0.35,0.35,0.35,0.35,0.0,0.0
11.0,13.0,0.35,0.35,0.35,0.35,0.0,0.0
11.0,12.0,0.35,0.35,0.35,0.35,0.0,0.0
11.0,11.0,0.35,0.35,0.35,0.35,0.0,0.0
11.0,8.0,0.35,0.35,0.35,0.35,0.0,0.0
11.0,7.0,0.35,0.35,0.35,0.35,0.0,0.0
11.0,6.0,0.35,0.35,0.35,0.35,0.0,0.0
11.0,5.0,0.35,0.35,0.35,0.35,0.0,0.0
11.0,4.0,0.35,0.35,0.35,0.35,0.0,0.0
11.0,1.0,0.35,0.35,0.35,0.35,0.0,0.0
10.0,31.0,0.35,0.35,0.35,0.35,0.0,0.0
10.0,30.0,0.35,0.35,0.35,0.35,0.0,0.0
10.0,29.0,0.35,0.35,0.35,0.35,0.0,0.0
10.0,28.0,0.35,0.35,0.35,0.35,4000.0,0.0
10.0,25.0,0.21,0.21,0.21,0.21,0.0,0.0
10.0,24.0,0.21,0.21,0.21,0.21,0.0,0.0
10.0,23.0,0.21,0.21,0.21,0.21,0.0,0.0
10.0,22.0,0.21,0.21,0.21,0.21,0.0,0.0
10.0,21.0,0.21,0.21,0.21,0.21,0.0,0.0
10.0,18.0,0.21,0.21,0.21,0.21,0.0,0.0
10.0,17.0,0.21,0.21,0.21,0.21,900.0,0.0
10.0,16.0,0.2,0.2,0.2,0.2,0.0,0.0
10.0,15.0,0.2,0.2,0.2,0.2,0.0,0.0
10.0,14.0,0.2,0.2,0.2,0.2,0.0,0.0
10.0,11.0,0.2,0.2,0.2,0.2,0.0,0.0
10.0,10.0,0.2,0.2,0.2,0.2,0.0,0.0
10.0,9.0,0.2,0.2,0.2,0.2,0.0,0.0
10.0,8.0,0.2,0.2,0.2,0.2,0.0,0.0
10.0,7.0,0.2,0.2,0.2,0.2,0.0,0.0
10.0,4.0,0.2,0.2,0.2,0.2,0.0,0.0
10.0,3.0,0.2,0.2,0.2,0.2,0.0,0.0
10.0,2.0,0.2,0.2,0.2,0.2,0.0,0.0
10.0,1.0,0.2,0.2,0.2,0.2,2500.0,0.0
9.0,30.0,0.5,0.5,0.5,0.5,500.0,0.0
9.0,27.0,0.145,0.145,0.145,0.145,0.0,0.0
9.0,26.0,0.145,0.145,0.145,0.145,0.0,0.0
9.0,25.0,0.145,0.145,0.145,0.145,0.0,0.0
9.0,24.0,0.145,0.145,0.145,0.145,0.0,0.0
9.0,23.0,0.145,0.145,0.145,0.145,0.0,0.0
9.0,20.0,0.3,0.3,0.145,0.145,10000.0,-0.155
9.0,19.0,0.15,0.15,0.15,0.15,0.0,0.0
9.0,18.0,0.15,0.15,0.15,0.15,0.0,0.0
9.0,17.0,0.15,0.15,0.15,0.15,0.0,0.0
4.0,3.0,0.29,0.29,0.29,0.29,0.0,0.0
6.0,15.0,0.15,0.15,0.15,0.15,0.0,0.0
6.0,14.0,0.15,0.15,0.15,0.15,0.0,0.0
6.0,13.0,0.15,0.15,0.15,0.15,0.0,0.0
6.0,12.0,0.15,0.15,0.15,0.15,0.0,0.0
6.0,11.0,0.15,0.15,0.15,0.15,0.0,0.0
6.0,8.0,0.15,0.15,0.15,0.15,0.0,0.0
6.0,7.0,0.15,0.15,0.15,0.15,0.0,0.0
6.0,6.0,0.15,0.15,0.15,0.15,0.0,0.0
6.0,5.0,0.15,0.15,0.15,0.15,0.0,0.0
6.0,4.0,0.15,0.15,0.15,0.15,0.0,0.0
6.0,1.0,0.15,0.15,0.15,0.15,0.0,0.0
5.0,31.0,0.15,0.15,0.15,0.15,1000.0,0.0
5.0,30.0,0.066,0.066,0.066,0.066,0.0,0.0
5.0,29.0,0.066,0.066,0.066,0.066,0.0,0.0
5.0,28.0,0.066,0.066,0.066,0.066,0.0,0.0
5.0,25.0,0.066,0.066,0.066,0.066,0.0,0.0
5.0,24.0,0.066,0.066,0.066,0.066,0.0,0.0
5.0,23.0,0.066,0.066,0.066,0.066,0.0,0.0
5.0,22.0,0.066,0.066,0.066,0.066,0.0,0.0
5.0,21.0,0.066,0.066,0.066,0.066,0.0,0.0
5.0,18.0,0.066,0.066,0.066,0.066,0.0,0.0
5.0,17.0,0.066,0.066,0.066,0.066,0.0,0.0
5.0,16.0,0.066,0.066,0.066,0.066,0.0,0.0
5.0,15.0,0.066,0.066,0.066,0.066,0.0,0.0
5.0,14.0,0.066,0.066,0.066,0.066,0.0,0.0
5.0,11.0,0.066,0.066,0.066,0.066,0.0,0.0
5.0,10.0,0.066,0.066,0.066,0.066,0.0,0.0
5.0,9.0,0.066,0.066,0.066,0.066,0.0,0.0
5.0,8.0,0.066,0.066,0.066,0.066,0.0,0.0
5.0,7.0,0.066,0.066,0.066,0.066,14000.0,0.0
5.0,4.0,0.07,0.07,0.07,0.07,0.0,0.0
5.0,3.0,0.07,0.07,0.07,0.07,0.0,0.0
5.0,2.0,0.07,0.07,0.07,0.07,0.0,0.0
5.0,1.0,0.07,0.07,0.07,0.07,0.0,0.0
4.0,30.0,0.07,0.07,0.07,0.07,0.0,0.0
4.0,27.0,0.07,0.07,0.07,0.07,0.0,0.0
4.0,26.0,0.07,0.07,0.07,0.07,0.0,0.0
4.0,25.0,0.07,0.07,0.07,0.07,0.0,0.0
4.0,24.0,0.07,0.07,0.07,0.07,0.0,0.0
4.0,23.0,0.07,0.07,0.07,0.07,0.0,0.0
4.0,20.0,0.07,0.07,0.07,0.07,0.0,0.0
4.0,19.0,0.07,0.07,0.07,0.07,5000.0,0.0
4.0,18.0,0.0125,0.0125,0.0125,0.0125,0.0,0.0
4.0,17.0,0.0125,0.0125,0.0125,0.0125,0.0,0.0
4.0,16.0,0.0125,0.0125,0.0125,0.0125,10000.0,0.0
4.0,13.0,0.07,0.07,0.07,0.07,0.0,0.0
4.0,12.0,0.07,0.07,0.07,0.07,0.0,0.0
4.0,11.0,0.07,0.07,0.07,0.07,0.0,0.0
4.0,10.0,0.07,0.07,0.07,0.07,0.0,0.0
4.0,9.0,0.07,0.07,0.07,0.07,0.0,0.0
4.0,6.0,0.07,0.07,0.07,0.07,0.0,0.0
4.0,5.0,0.07,0.07,0.07,0.07,0.0,0.0
4.0,4.0,0.07,0.07,0.07,0.07,0.0,0.0
4.0,3.0,0.07,0.07,0.07,0.07,0.0,0.0
4.0,2.0,0.07,0.07,0.07,0.07,0.0,0.0
3.0,30.0,0.07,0.07,0.07,0.07,0.0,0.0
3.0,29.0,0.07,0.07,0.07,0.07,0.0,0.0
3.0,28.0,0.07,0.07,0.07,0.07,0.0,0.0
3.0,27.0,0.07,0.07,0.07,0.07,0.0,0.0
3.0,26.0,0.07,0.07,0.07,0.07,0.0,0.0
3.0,23.0,0.07,0.07,0.07,0.07,0.0,0.0
3.0,22.0,0.07,0.07,0.07,0.07,0.0,0.0
3.0,21.0,0.07,0.07,0.07,0.07,0.0,0.0
3.0,20.0,0.07,0.07,0.07,0.07,0.0,0.0
3.0,19.0,0.07,0.07,0.07,0.07,0.0,0.0
3.0,16.0,0.07,0.07,0.07,0.07,0.0,0.0
3.0,15.0,0.07,0.07,0.07,0.07,0.0,0.0
3.0,14.0,0.07,0.07,0.07,0.07,0.0,0.0
3.0,13.0,0.07,0.07,0.07,0.07,0.0,0.0
3.0,12.0,0.07,0.07,0.07,0.07,0.0,0.0
3.0,9.0,0.07,0.07,0.07,0.07,0.0,0.0
3.0,8.0,0.07,0.07,0.07,0.07,0.0,0.0
3.0,7.0,0.07,0.07,0.07,0.07,0.0,0.0
3.0,6.0,0.07,0.07,0.07,0.07,0.0,0.0
3.0,5.0,0.07,0.07,0.07,0.07,0.0,0.0
3.0,2.0,0.07,0.07,0.07,0.07,0.0,0.0
3.0,1.0,0.07,0.07,0.07,0.07,1000.0,0.0
2.0,29.0,0.04,0.07,0.04,0.07,11000.0,0.030000000000000006
2.0,28.0,0.015,0.015,0.015,0.015,0.0,0.0
2.0,27.0,0.015,0.015,0.015,0.015,0.0,0.0
2.0,24.0,0.015,0.015,0.015,0.015,0.0,0.0
2.0,23.0,0.015,0.015,0.015,0.015,0.0,0.0
2.0,22.0,0.015,0.015,0.015,0.015,400.0,0.0
2.0,21.0,0.02,0.02,0.02,0.02,0.0,0.0
2.0,20.0,0.02,0.02,0.02,0.02,0.0,0.0
2.0,17.0,0.02,0.02,0.02,0.02,0.0,0.0
2.0,16.0,0.02,0.02,0.02,0.02,0.0,0.0
2.0,15.0,0.02,0.02,0.02,0.02,0.0,0.0
2.0,14.0,0.02,0.02,0.02,0.02,0.0,0.0
2.0,13.0,0.02,0.02,0.02,0.02,0.0,0.0
2.0,10.0,0.02,0.02,0.02,0.02,0.0,0.0
2.0,9.0,0.02,0.02,0.02,0.02,0.0,0.0
2.0,8.0,0.02,0.02,0.02,0.02,0.0,0.0
2.0,7.0,0.02,0.02,0.02,0.02,0.0,0.0
2.0,6.0,0.02,0.02,0.02,0.02,0.0,0.0
2.0,3.0,0.02,0.02,0.02,0.02,0.0,0.0
2.0,2.0,0.02,0.02,0.02,0.02,0.0,0.0
2.0,1.0,0.02,0.02,0.02,0.02,0.0,0.0
1.0,31.0,0.02,0.02,0.02,0.02,0.0,0.0
1.0,30.0,0.02,0.02,0.02,0.02,0.0,0.0
1.0,27.0,0.02,0.02,0.02,0.02,0.0,0.0
1.0,26.0,0.02,0.02,0.02,0.02,0.0,0.0
1.0,25.0,0.02,0.02,0.02,0.02,0.0,0.0
1.0,24.0,0.02,0.02,0.02,0.02,0.0,0.0
1.0,23.0,0.02,0.02,0.02,0.02,0.0,0.0
1.0,20.0,0.02,0.02,0.02,0.02,0.0,0.0
1.0,19.0,0.02,0.02,0.02,0.02,0.0,0.0
1.0,18.0,0.02,0.02,0.02,0.02,0.0,0.0
1.0,17.0,0.02,0.02,0.02,0.02,600.0,0.0
1.0,16.0,0.04,0.04,0.04,0.04,0.0,0.0
1.0,13.0,0.04,0.04,0.04,0.04,0.0,0.0
1.0,12.0,0.04,0.04,0.04,0.04,0.0,0.0
1.0,11.0,0.04,0.04,0.04,0.04,0.0,0.0
1.0,10.0,0.04,0.04,0.04,0.04,0.0,0.0
1.0,9.0,0.04,0.04,0.04,0.04,0.0,0.0
1.0,6.0,0.04,0.04,0.04,0.04,0.0,0.0
1.0,5.0,0.04,0.04,0.04,0.04,0.0,0.0
1.0,4.0,0.04,0.04,0.04,0.04,0.0,0.0
1.0,3.0,0.04,0.04,0.04,0.04,0.0,0.0
1.0,2.0,0.04,0.04,0.04,0.04,0.0,0.0
12.0,30.0,0.04,0.04,0.04,0.04,0.0,0.0
12.0,29.0,0.04,0.04,0.04,0.04,0.0,0.0
12.0,28.0,0.04,0.04,0.04,0.04,0.0,0.0
12.0,27.0,0.04,0.04,0.04,0.04,0.0,0.0
12.0,26.0,0.04,0.04,0.04,0.04,0.0,0.0
12.0,23.0,0.04,0.04,0.04,0.04,0.0,0.0
12.0,22.0,0.04,0.04,0.04,0.04,0.0,0.0
12.0,21.0,0.04,0.04,0.04,0.04,0.0,0.0
12.0,20.0,0.04,0.04,0.04,0.04,0.0,0.0
12.0,19.0,0.04,0.04,0.04,0.04,0.0,0.0
12.0,16.0,0.04,0.04,0.04,0.04,0.0,0.0
12.0,15.0,0.04,0.04,0.04,0.04,0.0,0.0
12.0,14.0,0.04,0.04,0.04,0.04,0.0,0.0
12.0,13.0,0.04,0.04,0.04,0.04,0.0,0.0
12.0,12.0,0.04,0.04,0.04,0.04,0.0,0.0
12.0,9.0,0.04,0.04,0.04,0.04,0.0,0.0
12.0,8.0,0.04,0.04,0.04,0.04,0.0,0.0
12.0,7.0,0.04,0.04,0.04,0.04,0.0,0.0
12.0,6.0,0.04,0.04,0.04,0.04,0.0,0.0
12.0,5.0,0.04,0.04,0.04,0.04,0.0,0.0
12.0,2.0,0.04,0.04,0.04,0.04,10000.0,0.0
12.0,1.0,0.04,0.04,0.04,0.04,0.0,0.0
11.0,30.0,0.04,0.04,0.04,0.04,10000.0,0.0
11.0,29.0,0.021,0.021,0.02,0.02,5500.0,-0.0010000000000000009
11.0,28.0,0.05,0.05,0.05,0.05,2600.0,0.0
11.0,25.0,0.04,0.04,0.04,0.04,0.0,0.0
11.0,24.0,0.04,0.04,0.04,0.04,0.0,0.0
11.0,23.0,0.04,0.04,0.04,0.04,0.0,0.0
11.0,22.0,0.04,0.04,0.04,0.04,0.0,0.0
11.0,21.0,0.04,0.04,0.04,0.04,0.0,0.0
11.0,18.0,0.04,0.04,0.04,0.04,0.0,0.0
11.0,17.0,0.04,0.04,0.04,0.04,0.0,0.0
11.0,3.0,0.04,0.04,0.04,0.04,5000.0,0.0
10.0,31.0,0.07,0.07,0.07,0.07,5000.0,0.0
10.0,27.0,0.04,0.055,0.04,0.055,6000.0,0.015
10.0,6.0,0.04,0.04,0.04,0.04,900.0,0.0
8.0,23.0,0.055,0.055,0.031,0.055,15500.0,0.0
7.0,25.0,0.025,0.035,0.025,0.035,10000.0,0.010000000000000002
7.0,22.0,0.025,0.025,0.025,0.025,5000.0,0.0
6.0,3.0,0.05,0.05,0.05,0.05,100.0,0.0
5.0,23.0,0.02,0.02,0.02,0.02,3500.0,0.0
5.0,20.0,0.05,0.09,0.05,0.09,200.0,0.039999999999999994
5.0,19.0,0.02,0.02,0.02,0.02,100.0,0.0
5.0,10.0,0.03,0.03,0.03,0.03,5000.0,0.0
5.0,3.0,0.03,0.03,0.03,0.03,10000.0,0.0
4.0,5.0,0.025,0.025,0.025,0.025,900.0,0.0
1.0,3.0,0.03,0.03,0.03,0.03,1800.0,0.0
12.0,16.0,0.03,0.03,0.03,0.03,1500.0,0.0
12.0,6.0,0.03,0.03,0.03,0.03,7500.0,0.0
12.0,2.0,0.026,0.026,0.026,0.026,1000.0,0.0
11.0,30.0,1.01,1.01,1.01,1.01,200.0,0.0
10.0,27.0,0.02,0.05,0.02,0.05,7000.0,0.030000000000000002
10.0,26.0,0.05,0.05,0.05,0.05,1800.0,0.0
10.0,19.0,0.02,0.05,0.02,0.05,7000.0,0.030000000000000002
10.0,13.0,0.05,0.05,0.05,0.05,5000.0,0.0
10.0,12.0,0.011,0.011,0.011,0.011,2200.0,0.0
10.0,8.0,0.02,0.02,0.02,0.02,10000.0,0.0
10.0,4.0,0.05,0.05,0.05,0.05,2100.0,0.0
9.0,22.0,0.035,0.035,0.035,0.035,600.0,0.0
9.0,16.0,0.035,0.035,0.035,0.035,10000.0,0.0
8.0,9.0,0.035,0.035,0.035,0.035,5000.0,0.0
7.0,23.0,0.04,0.04,0.04,0.04,10000.0,0.0
7.0,19.0,0.04,0.04,0.04,0.04,500.0,0.0
6.0,24.0,0.02,0.03,0.02,0.03,10000.0,0.009999999999999998
5.0,25.0,0.02,0.02,0.01,0.01,100.0,-0.01
4.0,19.0,0.02,0.02,0.01,0.02,6600.0,0.0
3.0,25.0,0.02,0.02,0.01,0.01,10000.0,-0.01
2.0,17.0,0.02,0.03,0.02,0.03,7500.0,0.009999999999999998
2.0,8.0,0.01,0.01,0.01,0.01,5000.0,0.0
2.0,1.0,0.01,0.01,0.01,0.01,3000.0,0.0
12.0,31.0,0.02,0.02,0.02,0.02,10000.0,0.0
12.0,30.0,0.02,0.02,0.02,0.02,5000.0,0.0
11.0,18.0,0.02,0.02,0.02,0.02,5000.0,0.0
10.0,22.0,0.03,0.03,0.03,0.03,5000.0,0.0
10.0,16.0,0.01,0.01,0.01,0.01,600.0,0.0
10.0,9.0,0.01,0.01,0.01,0.01,2500.0,0.0
10.0,1.0,0.01,0.01,0.01,0.01,1300.0,0.0
9.0,4.0,0.005,0.005,0.005,0.005,0.0,0.0
9.0,3.0,0.005,0.005,0.005,0.005,0.0,0.0
9.0,2.0,0.005,0.005,0.005,0.005,0.0,0.0
9.0,1.0,0.005,0.005,0.005,0.005,0.0,0.0
8.0,31.0,0.005,0.005,0.005,0.005,0.0,0.0
8.0,28.0,0.005,0.005,0.005,0.005,0.0,0.0
8.0,27.0,0.005,0.005,0.005,0.005,0.0,0.0
8.0,26.0,0.005,0.005,0.005,0.005,0.0,0.0
8.0,25.0,0.005,0.005,0.005,0.005,0.0,0.0
8.0,24.0,0.005,0.005,0.005,0.005,0.0,0.0
8.0,21.0,0.005,0.005,0.005,0.005,0.0,0.0
8.0,20.0,0.005,0.005,0.005,0.005,0.0,0.0
8.0,19.0,0.005,0.005,0.005,0.005,0.0,0.0
8.0,18.0,0.005,0.005,0.005,0.005,0.0,0.0
8.0,17.0,0.005,0.005,0.005,0.005,0.0,0.0
8.0,14.0,0.005,0.005,0.005,0.005,0.0,0.0
8.0,13.0,0.005,0.005,0.005,0.005,0.0,0.0
8.0,12.0,0.005,0.005,0.005,0.005,0.0,0.0
8.0,11.0,0.005,0.005,0.005,0.005,0.0,0.0
8.0,10.0,0.005,0.005,0.005,0.005,0.0,0.0
8.0,7.0,0.005,0.005,0.005,0.005,0.0,0.0
8.0,6.0,0.005,0.005,0.005,0.005,0.0,0.0
8.0,5.0,0.005,0.005,0.005,0.005,0.0,0.0
8.0,4.0,0.005,0.005,0.005,0.005,0.0,0.0
8.0,3.0,0.005,0.005,0.005,0.005,0.0,0.0
7.0,31.0,0.005,0.005,0.005,0.005,0.0,0.0
7.0,30.0,0.005,0.005,0.005,0.005,0.0,0.0
7.0,29.0,0.005,0.005,0.005,0.005,0.0,0.0
7.0,28.0,0.005,0.005,0.005,0.005,0.0,0.0
7.0,27.0,0.005,0.005,0.005,0.005,0.0,0.0
7.0,24.0,0.005,0.005,0.005,0.005,0.0,0.0
7.0,23.0,0.005,0.005,0.005,0.005,0.0,0.0
7.0,22.0,0.005,0.005,0.005,0.005,0.0,0.0
7.0,21.0,0.005,0.005,0.005,0.005,0.0,0.0
7.0,20.0,0.005,0.005,0.005,0.005,0.0,0.0
7.0,17.0,0.005,0.005,0.005,0.005,0.0,0.0
7.0,16.0,0.005,0.005,0.005,0.005,0.0,0.0
7.0,15.0,0.005,0.005,0.005,0.005,0.0,0.0
7.0,14.0,0.005,0.005,0.005,0.005,0.0,0.0
7.0,13.0,0.005,0.005,0.005,0.005,0.0,0.0
7.0,7.0,0.01,0.01,0.005,0.005,15000.0,-0.005
6.0,16.0,0.01,0.01,0.01,0.01,5000.0,0.0
6.0,12.0,0.08,0.08,0.08,0.08,600.0,0.0
6.0,9.0,0.05,0.05,0.05,0.05,10000.0,0.0
5.0,21.0,0.05,0.05,0.05,0.05,5000.0,0.0
4.0,21.0,0.02,0.02,0.02,0.02,5000.0,0.0
4.0,20.0,0.02,0.02,0.02,0.02,20000.0,0.0
3.0,24.0,0.005,0.005,0.005,0.005,4500.0,0.0
2.0,10.0,0.005,0.005,0.005,0.005,500.0,0.0
1.0,27.0,0.005,0.005,0.005,0.005,300.0,0.0
1.0,12.0,0.005,0.005,0.005,0.005,3000.0,0.0
1.0,5.0,0.005,0.005,0.005,0.005,5000.0,0.0
12.0,9.0,0.005,0.005,0.005,0.005,5000.0,0.0
11.0,17.0,0.005,0.005,0.005,0.005,600.0,0.0
10.0,28.0,0.02,0.02,0.02,0.02,1500.0,0.0
10.0,9.0,0.03,0.03,0.03,0.03,5000.0,0.0
10.0,7.0,0.01,0.01,0.01,0.01,10000.0,0.0
10.0,1.0,0.01,0.01,0.01,0.01,18000.0,0.0
7.0,30.0,0.022,0.022,0.01,0.01,20000.0,-0.011999999999999999
7.0,23.0,0.025,0.025,0.025,0.025,10000.0,0.0
7.0,18.0,0.022,0.022,0.022,0.022,200.0,0.0
7.0,10.0,0.022,0.022,0.022,0.022,2000.0,0.0
7.0,2.0,0.022,0.022,0.022,0.022,1000.0,0.0
6.0,18.0,0.025,0.025,0.025,0.025,5000.0,0.0
6.0,3.0,0.025,0.025,0.025,0.025,20000.0,0.0
5.0,30.0,0.025,0.025,0.025,0.025,10000.0,0.0
5.0,29.0,0.015,0.015,0.015,0.015,28000.0,0.0
5.0,20.0,0.015,0.015,0.015,0.015,100.0,0.0
4.0,29.0,0.025,0.025,0.025,0.025,10000.0,0.0
4.0,14.0,0.015,0.015,0.015,0.015,1000.0,0.0
4.0,9.0,0.02,0.02,0.02,0.02,20000.0,0.0
4.0,3.0,0.02,0.02,0.015,0.015,25000.0,-0.005000000000000001
3.0,24.0,0.025,0.025,0.025,0.025,5000.0,0.0
3.0,7.0,0.025,0.025,0.025,0.025,10000.0,0.0
2.0,25.0,0.02,0.02,0.02,0.02,0.0,0.0
2.0,15.0,0.025,0.025,0.02,0.025,15000.0,0.0
1.0,31.0,0.025,0.025,0.02,0.02,5000.0,-0.005000000000000001
1.0,9.0,0.03,0.03,0.03,0.03,16200.0,0.0
12.0,31.0,0.03,0.03,0.025,0.03,20900.0,0.0
12.0,28.0,0.025,0.025,0.025,0.025,400.0,0.0
12.0,27.0,0.025,0.025,0.025,0.025,400.0,0.0
12.0,20.0,0.025,0.025,0.025,0.025,200.0,0.0
12.0,19.0,0.025,0.025,0.025,0.025,200.0,0.0
12.0,18.0,0.025,0.025,0.025,0.025,5600.0,0.0
12.0,12.0,0.035,0.035,0.035,0.035,200.0,0.0
12.0,11.0,0.035,0.035,0.035,0.035,200.0,0.0
12.0,7.0,0.035,0.035,0.035,0.035,5000.0,0.0
12.0,6.0,0.035,0.035,0.035,0.035,5000.0,0.0
11.0,21.0,0.03,0.03,0.03,0.03,10000.0,0.0
11.0,16.0,0.035,0.035,0.035,0.035,5000.0,0.0
10.0,30.0,0.04,0.04,0.04,0.04,200.0,0.0
10.0,22.0,0.035,0.035,0.03,0.03,10000.0,-0.0050000000000000044
10.0,17.0,0.04,0.04,0.04,0.04,5100.0,0.0
10.0,5.0,0.04,0.04,0.04,0.04,5000.0,0.0
9.0,27.0,0.035,0.035,0.035,0.035,500.0,0.0
9.0,26.0,0.035,0.035,0.035,0.035,700.0,0.0
9.0,21.0,0.04,0.04,0.04,0.04,700.0,0.0
9.0,20.0,0.04,0.04,0.04,0.04,700.0,0.0
9.0,14.0,0.035,0.035,0.035,0.035,5000.0,0.0
9.0,13.0,0.03,0.03,0.03,0.03,1000.0,0.0
9.0,12.0,0.03,0.03,0.03,0.03,1000.0,0.0
8.0,28.0,0.03,0.035,0.03,0.035,13000.0,0.0050000000000000044
8.0,24.0,0.023,0.023,0.023,0.023,3400.0,0.0
8.0,23.0,0.023,0.023,0.023,0.023,3400.0,0.0
8.0,15.0,0.04,0.04,0.04,0.04,3000.0,0.0
8.0,9.0,0.023,0.023,0.023,0.023,0.0,0.0
5.0,31.0,0.023,0.023,0.02,0.02,5300.0,-0.002999999999999999
5.0,25.0,0.023,0.023,0.023,0.023,5000.0,0.0
5.0,10.0,0.023,0.023,0.023,0.023,1500.0,0.0
5.0,9.0,0.023,0.023,0.023,0.023,1500.0,0.0
5.0,4.0,0.03,0.03,0.03,0.03,10000.0,0.0
4.0,23.0,0.023,0.023,0.023,0.023,5000.0,0.0
4.0,19.0,0.011,0.011,0.011,0.011,10000.0,0.0
4.0,18.0,0.011,0.011,0.011,0.011,1000.0,0.0
3.0,14.0,0.011,0.011,0.011,0.011,1000.0,0.0
12.0,28.0,0.011,0.011,0.011,0.011,600.0,0.0
12.0,22.0,0.011,0.011,0.011,0.011,5000.0,0.0
12.0,12.0,0.011,0.011,0.011,0.011,700.0,0.0
12.0,7.0,0.01,0.01,0.01,0.01,500.0,0.0
12.0,6.0,0.01,0.01,0.01,0.01,500.0,0.0
11.0,15.0,0.026,0.026,0.01,0.01,100000.0,-0.016
11.0,1.0,0.0275,0.0275,0.025,0.025,16200.0,-0.0024999999999999988
10.0,11.0,0.0275,0.0275,0.0275,0.0275,1000.0,0.0
9.0,29.0,0.05,0.05,0.05,0.05,900.0,0.0
9.0,28.0,0.025,0.025,0.025,0.025,2500.0,0.0
9.0,8.0,0.03,0.03,0.025,0.025,16100.0,-0.0049999999999999975
8.0,15.0,0.025,0.025,0.025,0.025,2500.0,0.0
7.0,24.0,0.025,0.025,0.025,0.025,1100.0,0.0
7.0,19.0,0.03,0.03,0.025,0.025,16100.0,-0.0049999999999999975
7.0,7.0,0.04,0.045,0.04,0.045,8900.0,0.0049999999999999975
7.0,6.0,0.03,0.03,0.03,0.03,10300.0,0.0
6.0,28.0,0.04,0.04,0.035,0.035,10000.0,-0.0049999999999999975
6.0,16.0,0.04,0.04,0.04,0.04,15000.0,0.0
6.0,7.0,0.035,0.04,0.035,0.04,30000.0,0.0049999999999999975
5.0,31.0,0.04,0.04,0.035,0.04,44100.0,0.0
5.0,26.0,0.03,0.04,0.03,0.04,17500.0,0.010000000000000002
5.0,24.0,0.03,0.03,0.03,0.03,7500.0,0.0
5.0,23.0,0.03,0.03,0.03,0.03,2500.0,0.0
5.0,19.0,0.035,0.035,0.035,0.035,18300.0,0.0
5.0,18.0,0.035,0.035,0.035,0.035,33000.0,0.0
5.0,11.0,0.035,0.035,0.035,0.035,8000.0,0.0
5.0,10.0,0.03,0.035,0.03,0.035,13000.0,0.0050000000000000044
5.0,9.0,0.035,0.035,0.035,0.035,8000.0,0.0
5.0,5.0,0.03,0.03,0.03,0.03,15000.0,0.0
5.0,1.0,0.03,0.03,0.03,0.03,8000.0,0.0
4.0,28.0,0.03,0.03,0.03,0.03,10000.0,0.0
4.0,27.0,0.03,0.03,0.03,0.03,2000.0,0.0
4.0,21.0,0.03,0.03,0.03,0.03,25000.0,0.0
4.0,17.0,0.04,0.04,0.04,0.04,1000.0,0.0
4.0,12.0,0.04,0.04,0.04,0.04,1000.0,0.0
4.0,10.0,0.03,0.03,0.03,0.03,38500.0,0.0
4.0,3.0,0.03,0.03,0.03,0.03,500.0,0.0
3.0,30.0,0.03,0.03,0.03,0.03,100.0,0.0
3.0,28.0,0.04,0.04,0.04,0.04,10000.0,0.0
3.0,14.0,0.03,0.03,0.03,0.03,2000.0,0.0
3.0,2.0,0.03,0.03,0.03,0.03,100.0,0.0
2.0,28.0,0.03,0.03,0.03,0.03,20000.0,0.0
2.0,22.0,0.035,0.035,0.035,0.035,10000.0,0.0
2.0,17.0,0.035,0.035,0.035,0.035,10000.0,0.0
2.0,15.0,0.03,0.03,0.03,0.03,3000.0,0.0
2.0,1.0,0.03,0.03,0.03,0.03,6500.0,0.0
1.0,20.0,0.035,0.035,0.035,0.035,13900.0,0.0
1.0,19.0,0.035,0.035,0.035,0.035,13900.0,0.0
1.0,18.0,0.035,0.035,0.035,0.035,13900.0,0.0
1.0,17.0,0.035,0.035,0.035,0.035,13900.0,0.0
1.0,16.0,0.035,0.035,0.035,0.035,0.0,0.0
1.0,13.0,0.035,0.035,0.035,0.035,13900.0,0.0
1.0,2.0,0.035,0.035,0.035,0.035,0.0,0.0
12.0,29.0,0.035,0.035,0.035,0.035,11100.0,0.0
12.0,28.0,0.035,0.035,0.035,0.035,4000.0,0.0
12.0,26.0,0.035,0.035,0.035,0.035,0.0,0.0
12.0,15.0,0.035,0.035,0.035,0.035,5000.0,0.0
12.0,14.0,0.035,0.035,0.035,0.035,300.0,0.0
12.0,8.0,0.035,0.035,0.035,0.035,8000.0,0.0
12.0,7.0,0.045,0.045,0.045,0.045,10000.0,0.0
12.0,1.0,0.035,0.035,0.035,0.035,1000.0,0.0
11.0,30.0,0.04,0.04,0.035,0.04,37000.0,0.0
11.0,29.0,0.035,0.035,0.035,0.035,4000.0,0.0
11.0,28.0,0.04,0.04,0.03,0.04,40000.0,0.0
11.0,24.0,0.028,0.028,0.028,0.028,0.0,0.0
11.0,22.0,0.028,0.028,0.028,0.028,20000.0,0.0
11.0,21.0,0.028,0.028,0.028,0.028,10000.0,0.0
11.0,17.0,0.028,0.028,0.028,0.028,5000.0,0.0
11.0,16.0,0.028,0.028,0.028,0.028,10000.0,0.0
11.0,15.0,0.028,0.028,0.028,0.028,17500.0,0.0
11.0,14.0,0.025,0.03,0.025,0.025,85000.0,0.0
11.0,7.0,0.03,0.03,0.03,0.03,8100.0,0.0
10.0,18.0,0.03,0.03,0.03,0.03,15000.0,0.0
10.0,13.0,0.03,0.03,0.03,0.03,10000.0,0.0
10.0,11.0,0.025,0.025,0.025,0.025,500.0,0.0
10.0,4.0,0.025,0.025,0.025,0.025,500.0,0.0
9.0,13.0,0.03,0.033,0.03,0.03,75000.0,0.0
9.0,8.0,0.03,0.03,0.029,0.03,6600.0,0.0
9.0,7.0,0.02,0.02,0.02,0.02,1000.0,0.0
9.0,5.0,0.02,0.02,0.02,0.02,0.0,0.0
8.0,25.0,0.02,0.02,0.02,0.02,800.0,0.0
8.0,12.0,0.02,0.02,0.02,0.02,5300.0,0.0
7.0,26.0,0.02,0.02,0.02,0.02,2000.0,0.0
7.0,13.0,0.03,0.03,0.03,0.03,34000.0,0.0
7.0,5.0,0.02,0.02,0.02,0.02,500.0,0.0
7.0,4.0,0.02,0.02,0.02,0.02,0.0,0.0
5.0,30.0,0.02,0.02,0.02,0.02,0.0,0.0
5.0,5.0,0.02,0.02,0.02,0.02,1000.0,0.0
5.0,2.0,0.02,0.02,0.02,0.02,17100.0,0.0
4.0,8.0,0.02,0.02,0.02,0.02,2000.0,0.0
4.0,7.0,0.02,0.02,0.02,0.02,500.0,0.0
3.0,28.0,0.02,0.02,0.02,0.02,5000.0,0.0
3.0,25.0,0.02,0.02,0.02,0.02,0.0,0.0
3.0,24.0,0.02,0.02,0.02,0.02,1600.0,0.0
3.0,4.0,0.02,0.04,0.02,0.02,44200.0,0.0
2.0,28.0,0.03,0.03,0.03,0.03,6600.0,0.0
2.0,24.0,0.03,0.03,0.03,0.03,5000.0,0.0
2.0,21.0,0.03,0.03,0.03,0.03,0.0,0.0
2.0,17.0,0.03,0.03,0.03,0.03,7000.0,0.0
2.0,14.0,0.05,0.05,0.05,0.05,1000.0,0.0
2.0,10.0,0.04,0.04,0.04,0.04,25000.0,0.0
2.0,7.0,0.035,0.035,0.035,0.035,11200.0,0.0
2.0,3.0,0.04,0.04,0.04,0.04,15000.0,0.0
2.0,2.0,0.04,0.04,0.015,0.04,118000.0,0.0
1.0,27.0,0.009,0.009,0.009,0.009,1000.0,0.0
1.0,17.0,0.009,0.009,0.009,0.009,0.0,0.0
12.0,31.0,0.009,0.009,0.009,0.009,11000.0,0.0
12.0,29.0,0.009,0.009,0.009,0.009,2000.0,0.0
12.0,24.0,0.009,0.009,0.009,0.009,0.0,0.0
12.0,20.0,0.009,0.009,0.009,0.009,200.0,0.0
12.0,6.0,0.009,0.009,0.009,0.009,100.0,0.0
11.0,30.0,0.009,0.009,0.009,0.009,400.0,0.0
11.0,29.0,0.009,0.009,0.009,0.009,500.0,0.0
11.0,25.0,0.009,0.009,0.009,0.009,0.0,0.0
11.0,19.0,0.009,0.009,0.009,0.009,29900.0,0.0
10.0,27.0,0.007,0.007,0.007,0.007,2000.0,0.0
10.0,26.0,0.007,0.007,0.007,0.007,2000.0,0.0
10.0,25.0,0.007,0.007,0.007,0.007,7500.0,0.0
10.0,4.0,0.007,0.007,0.007,0.007,200.0,0.0
9.0,23.0,0.007,0.007,0.007,0.007,1000.0,0.0
9.0,6.0,0.007,0.007,0.007,0.007,0.0,0.0
8.0,23.0,0.007,0.007,0.007,0.007,11000.0,0.0
7.0,8.0,0.007,0.007,0.007,0.007,1000.0,0.0
7.0,5.0,0.007,0.007,0.007,0.007,0.0,0.0
6.0,29.0,0.007,0.007,0.007,0.007,1200.0,0.0
6.0,11.0,0.015,0.015,0.015,0.015,0.0,0.0
6.0,9.0,0.015,0.015,0.015,0.015,500.0,0.0
5.0,31.0,0.009,0.009,0.009,0.009,0.0,0.0
5.0,21.0,0.009,0.009,0.009,0.009,5000.0,0.0
5.0,19.0,0.009,0.009,0.009,0.009,500.0,0.0
4.0,29.0,0.01,0.01,0.01,0.01,5000.0,0.0
4.0,26.0,0.009,0.009,0.009,0.009,29500.0,0.0
4.0,9.0,0.007,0.007,0.007,0.007,0.0,0.0
3.0,18.0,0.007,0.007,0.007,0.007,7000.0,0.0
2.0,23.0,0.007,0.007,0.007,0.007,1000.0,0.0
2.0,20.0,0.007,0.007,0.007,0.007,1000.0,0.0
2.0,16.0,0.007,0.007,0.007,0.007,0.0,0.0
2.0,10.0,0.007,0.007,0.007,0.007,1000.0,0.0
2.0,6.0,0.007,0.007,0.007,0.007,1000.0,0.0
1.0,19.0,0.007,0.007,0.007,0.007,0.0,0.0
1.0,14.0,0.007,0.01,0.007,0.007,30000.0,0.0
1.0,1.0,0.01,0.01,0.01,0.01,0.0,0.0
12.0,31.0,0.01,0.01,0.01,0.01,1000.0,0.0
12.0,29.0,0.01,0.01,0.01,0.01,3700.0,0.0
12.0,26.0,0.01,0.01,0.01,0.01,13000.0,0.0
12.0,25.0,0.006,0.006,0.006,0.006,0.0,0.0
12.0,19.0,0.006,0.006,0.006,0.006,4500.0,0.0
12.0,16.0,0.006,0.006,0.006,0.006,19200.0,0.0
12.0,15.0,0.015,0.015,0.006,0.015,11500.0,0.0
12.0,12.0,0.006,0.006,0.006,0.006,4500.0,0.0
12.0,11.0,0.006,0.006,0.006,0.006,2500.0,0.0
12.0,9.0,0.01,0.01,0.01,0.01,2000.0,0.0
12.0,8.0,0.01,0.01,0.01,0.01,1200.0,0.0
11.0,27.0,0.005,0.005,0.005,0.005,0.0,0.0
11.0,25.0,0.005,0.005,0.005,0.005,500.0,0.0
11.0,5.0,0.005,0.005,0.005,0.005,2000.0,0.0
11.0,4.0,0.005,0.005,0.005,0.005,300.0,0.0
10.0,29.0,0.005,0.005,0.005,0.005,22500.0,0.0
10.0,28.0,0.005,0.005,0.005,0.005,32200.0,0.0
10.0,23.0,0.005,0.005,0.005,0.005,1000.0,0.0
10.0,20.0,0.005,0.005,0.005,0.005,4400.0,0.0
10.0,8.0,0.01,0.01,0.01,0.01,300.0,0.0
9.0,11.0,0.01,0.01,0.01,0.01,1100.0,0.0
9.0,1.0,0.01,0.01,0.01,0.01,0.0,0.0
8.0,25.0,0.01,0.01,0.01,0.01,2000.0,0.0
8.0,18.0,0.01,0.01,0.01,0.01,10000.0,0.0
7.0,18.0,0.005,0.005,0.005,0.005,2500.0,0.0
7.0,15.0,0.005,0.005,0.005,0.005,20000.0,0.0
7.0,14.0,0.005,0.005,0.005,0.005,6000.0,0.0
7.0,11.0,0.005,0.005,0.005,0.005,6000.0,0.0
7.0,10.0,0.005,0.005,0.005,0.005,6000.0,0.0
7.0,9.0,0.005,0.005,0.005,0.005,6000.0,0.0
7.0,4.0,0.005,0.005,0.005,0.005,0.0,0.0
6.0,27.0,0.005,0.005,0.005,0.005,1000.0,0.0
6.0,23.0,0.005,0.005,0.005,0.005,6000.0,0.0
6.0,3.0,0.002,0.002,0.002,0.002,600.0,0.0
6.0,2.0,0.002,0.002,0.002,0.002,9000.0,0.0
5.0,30.0,0.002,0.002,0.002,0.002,9000.0,0.0
5.0,29.0,0.002,0.002,0.002,0.002,9000.0,0.0
5.0,28.0,0.002,0.002,0.002,0.002,9000.0,0.0
5.0,27.0,0.002,0.002,0.002,0.002,9000.0,0.0
5.0,26.0,0.002,0.002,0.002,0.002,0.0,0.0
5.0,23.0,0.002,0.002,0.002,0.002,9000.0,0.0
5.0,22.0,0.002,0.002,0.002,0.002,9000.0,0.0
5.0,15.0,0.002,0.002,0.002,0.002,24300.0,0.0
5.0,14.0,0.002,0.002,0.002,0.002,11700.0,0.0
4.0,28.0,0.002,0.002,0.002,0.002,10000.0,0.0
4.0,21.0,0.002,0.002,0.002,0.002,2300.0,0.0
4.0,18.0,0.002,0.002,0.002,0.002,0.0,0.0
4.0,9.0,0.002,0.002,0.002,0.002,4000.0,0.0
4.0,4.0,0.002,0.002,0.002,0.002,82000.0,0.0
3.0,20.0,0.002,0.002,0.002,0.002,11300.0,0.0
3.0,7.0,0.002,0.002,0.001,0.002,1200.0,0.0
3.0,6.0,0.001,0.001,0.001,0.001,800.0,0.0
3.0,5.0,0.001,0.001,0.001,0.001,800.0,0.0
3.0,4.0,0.001,0.001,0.001,0.001,800.0,0.0
3.0,3.0,0.001,0.001,0.001,0.001,800.0,0.0
2.0,28.0,0.001,0.001,0.001,0.001,800.0,0.0
2.0,27.0,0.001,0.001,0.001,0.001,800.0,0.0
2.0,26.0,0.001,0.001,0.001,0.001,800.0,0.0
2.0,25.0,0.001,0.001,0.001,0.001,800.0,0.0
2.0,24.0,0.001,0.001,0.001,0.001,800.0,0.0
2.0,21.0,0.001,0.001,0.001,0.001,800.0,0.0
2.0,20.0,0.001,0.001,0.001,0.001,800.0,0.0
2.0,19.0,0.001,0.001,0.001,0.001,800.0,0.0
2.0,18.0,0.001,0.001,0.001,0.001,800.0,0.0
2.0,17.0,0.001,0.001,0.001,0.001,0.0,0.0
2.0,14.0,0.001,0.001,0.001,0.001,800.0,0.0
2.0,13.0,0.001,0.001,0.001,0.001,800.0,0.0
2.0,12.0,0.001,0.001,0.001,0.001,800.0,0.0
2.0,11.0,0.001,0.001,0.001,0.001,800.0,0.0
2.0,10.0,0.001,0.001,0.001,0.001,800.0,0.0
2.0,7.0,0.001,0.001,0.001,0.001,800.0,0.0
2.0,6.0,0.001,0.001,0.001,0.001,800.0,0.0
2.0,5.0,0.001,0.001,0.001,0.001,800.0,0.0
2.0,4.0,0.001,0.001,0.001,0.001,800.0,0.0
2.0,3.0,0.001,0.001,0.001,0.001,800.0,0.0
1.0,31.0,0.001,0.001,0.001,0.001,800.0,0.0
1.0,29.0,0.001,0.001,0.001,0.001,5000.0,0.0
1.0,27.0,0.001,0.001,0.001,0.001,5000.0,0.0
1.0,20.0,0.001,0.001,0.001,0.001,0.0,0.0
1.0,8.0,0.001,0.001,0.001,0.001,1000.0,0.0
1.0,2.0,0.002,0.009,0.002,0.002,11300.0,0.0
1.0,1.0,0.006,0.006,0.006,0.006,0.0,0.0
12.0,26.0,0.006,0.006,0.005,0.006,44800.0,0.0
12.0,25.0,0.006,0.006,0.006,0.006,0.0,0.0
12.0,24.0,0.006,0.006,0.006,0.006,500.0,0.0
12.0,23.0,0.009,0.009,0.009,0.009,1000.0,0.0
12.0,19.0,0.009,0.009,0.009,0.009,300.0,0.0
12.0,17.0,0.009,0.009,0.009,0.009,500.0,0.0
12.0,6.0,0.01,0.01,0.01,0.01,4000.0,0.0
12.0,4.0,0.01,0.013,0.01,0.01,363000.0,0.0
11.0,28.0,0.025,0.025,0.025,0.025,0.0,0.0
11.0,20.0,0.025,0.025,0.025,0.025,10000.0,0.0
11.0,19.0,0.02,0.02,0.02,0.02,15000.0,0.0
11.0,18.0,0.02,0.05,0.02,0.02,93500.0,0.0
11.0,12.0,0.06,0.07,0.06,0.06,6200.0,0.0
10.0,30.0,0.06,0.06,0.06,0.06,3600.0,0.0
10.0,21.0,0.065,0.065,0.065,0.065,1000.0,0.0
10.0,9.0,0.065,0.065,0.065,0.065,1000.0,0.0
10.0,8.0,0.07,0.07,0.065,0.07,30000.0,0.0
10.0,7.0,0.065,0.065,0.065,0.065,700.0,0.0
9.0,30.0,0.065,0.065,0.065,0.065,1000.0,0.0
9.0,27.0,0.09,0.09,0.09,0.09,10000.0,0.0
9.0,26.0,0.1,0.1,0.09,0.1,21900.0,0.0
9.0,25.0,0.09,0.1,0.08,0.09,129000.0,0.0
9.0,24.0,0.08,0.08,0.07,0.08,31000.0,0.0
9.0,13.0,0.05,0.05,0.05,0.05,5000.0,0.0
9.0,10.0,0.03,0.03,0.03,0.03,10000.0,0.0
9.0,2.0,0.05,0.05,0.05,0.05,0.0,0.0
8.0,21.0,0.05,0.05,0.05,0.05,10000.0,0.0
8.0,19.0,0.06,0.06,0.06,0.06,5800.0,0.0
8.0,13.0,0.06,0.07,0.06,0.06,87500.0,0.0
8.0,2.0,0.07,0.07,0.07,0.07,17000.0,0.0
7.0,31.0,0.07,0.08,0.07,0.07,51000.0,0.0
7.0,15.0,0.06,0.06,0.06,0.06,1000.0,0.0
7.0,12.0,0.07,0.07,0.07,0.07,5000.0,0.0
7.0,11.0,0.07,0.07,0.06,0.07,57000.0,0.0
7.0,4.0,0.09,0.09,0.09,0.09,0.0,0.0
7.0,3.0,0.09,0.09,0.07,0.09,10800.0,0.0
7.0,2.0,0.075,0.08,0.075,0.075,27500.0,0.0
6.0,26.0,0.09,0.09,0.09,0.09,20000.0,0.0
6.0,25.0,0.085,0.085,0.085,0.085,5000.0,0.0
6.0,24.0,0.095,0.095,0.09,0.095,45000.0,0.0
6.0,21.0,0.095,0.1,0.07,0.095,52000.0,0.0
6.0,17.0,0.07,0.07,0.07,0.07,5000.0,0.0
6.0,13.0,0.06,0.06,0.06,0.06,15000.0,0.0
6.0,12.0,0.07,0.07,0.06,0.07,17000.0,0.0
6.0,7.0,0.06,0.06,0.05,0.06,38500.0,0.0
6.0,6.0,0.05,0.07,0.05,0.05,25000.0,0.0
5.0,30.0,0.12,0.12,0.12,0.12,2000.0,0.0
5.0,27.0,0.11,0.11,0.11,0.11,0.0,0.0
5.0,21.0,0.11,0.12,0.1,0.11,26300.0,0.0
5.0,2.0,0.11,0.11,0.1,0.11,16500.0,0.0
4.0,30.0,0.14,0.14,0.14,0.14,1800.0,0.0
4.0,29.0,0.11,0.12,0.11,0.11,13000.0,0.0
4.0,26.0,0.14,0.15,0.12,0.14,11200.0,0.0
4.0,25.0,0.14,0.15,0.13,0.14,6500.0,0.0
4.0,12.0,0.14,0.14,0.14,0.14,9300.0,0.0
4.0,11.0,0.14,0.15,0.14,0.14,19300.0,0.0
4.0,5.0,0.13,0.13,0.13,0.13,600.0,0.0
4.0,4.0,0.13,0.13,0.13,0.13,1000.0,0.0
3.0,29.0,0.22,0.22,0.22,0.22,0.0,0.0
3.0,28.0,0.22,0.22,0.22,0.22,100.0,0.0
3.0,25.0,0.13,0.13,0.13,0.13,1000.0,0.0
3.0,12.0,0.13,0.13,0.13,0.13,100.0,0.0
3.0,8.0,0.22,0.22,0.13,0.22,900.0,0.0
3.0,4.0,0.15,0.17,0.15,0.15,30000.0,0.0
3.0,1.0,0.17,0.17,0.17,0.17,5000.0,0.0
2.0,28.0,0.17,0.17,0.17,0.17,6200.0,0.0
2.0,27.0,0.18,0.25,0.17,0.18,61000.0,0.0
2.0,26.0,0.15,0.17,0.15,0.15,72000.0,0.0
2.0,25.0,0.113,0.12,0.105,0.113,73900.0,0.0
2.0,22.0,0.11,0.11,0.11,0.11,5100.0,0.0
2.0,20.0,0.1,0.1,0.1,0.1,27500.0,0.0
2.0,19.0,0.075,0.075,0.075,0.075,700.0,0.0
2.0,18.0,0.1,0.1,0.1,0.1,0.0,0.0
2.0,15.0,0.1,0.1,0.1,0.1,2000.0,0.0
2.0,13.0,0.075,0.075,0.075,0.075,3400.0,0.0
1.0,24.0,0.08,0.08,0.08,0.08,14500.0,0.0
1.0,21.0,0.07,0.07,0.07,0.07,0.0,0.0
1.0,18.0,0.07,0.07,0.07,0.07,10000.0,0.0
1.0,9.0,0.07,0.09,0.07,0.07,16800.0,0.0
1.0,4.0,0.07,0.07,0.07,0.07,4500.0,0.0
1.0,2.0,0.07,0.07,0.07,0.07,400.0,0.0
1.0,1.0,0.07,0.07,0.07,0.07,0.0,0.0
12.0,31.0,0.07,0.07,0.07,0.07,200.0,0.0
12.0,28.0,0.07,0.07,0.07,0.07,2100.0,0.0
12.0,27.0,0.09,0.09,0.09,0.09,13300.0,0.0
12.0,26.0,0.09,0.09,0.09,0.09,3000.0,0.0
12.0,25.0,0.09,0.09,0.09,0.09,0.0,0.0
12.0,20.0,0.09,0.09,0.09,0.09,1000.0,0.0
12.0,13.0,0.12,0.12,0.09,0.12,7300.0,0.0
12.0,11.0,0.12,0.12,0.12,0.12,100.0,0.0
12.0,10.0,0.09,0.09,0.09,0.09,400.0,0.0
11.0,22.0,0.11,0.11,0.11,0.11,0.0,0.0
11.0,9.0,0.11,0.11,0.11,0.11,5000.0,0.0
11.0,8.0,0.09,0.09,0.09,0.09,5000.0,0.0
11.0,7.0,0.09,0.09,0.09,0.09,2000.0,0.0
11.0,2.0,0.09,0.09,0.09,0.09,1000.0,0.0
10.0,24.0,0.09,0.09,0.09,0.09,4200.0,0.0
10.0,11.0,0.12,0.12,0.12,0.12,1800.0,0.0
9.0,28.0,0.09,0.09,0.09,0.09,3000.0,0.0
9.0,24.0,0.1,0.1,0.1,0.1,4000.0,0.0
9.0,21.0,0.1,0.11,0.1,0.1,20000.0,0.0
9.0,18.0,0.12,0.12,0.12,0.12,5000.0,0.0
9.0,14.0,0.15,0.15,0.15,0.15,0.0,0.0
9.0,13.0,0.15,0.15,0.15,0.15,0.0,0.0
9.0,12.0,0.15,0.15,0.15,0.15,0.0,0.0
9.0,11.0,0.15,0.15,0.15,0.15,0.0,0.0
9.0,10.0,0.15,0.18,0.15,0.15,19100.0,0.0
9.0,4.0,0.14,0.14,0.14,0.14,3200.0,0.0
9.0,3.0,0.19,0.19,0.19,0.19,0.0,0.0
8.0,31.0,0.19,0.19,0.19,0.19,1000.0,0.0
8.0,30.0,0.14,0.14,0.14,0.14,1500.0,0.0
8.0,29.0,0.15,0.17,0.15,0.15,20500.0,0.0
8.0,28.0,0.17,0.17,0.17,0.17,1000.0,0.0
8.0,27.0,0.18,0.25,0.18,0.18,36500.0,0.0
8.0,24.0,0.23,0.23,0.19,0.23,8900.0,0.0
8.0,23.0,0.18,0.19,0.179,0.18,26800.0,0.0
8.0,22.0,0.19,0.19,0.18,0.19,12500.0,0.0
8.0,21.0,0.13,0.13,0.13,0.13,1000.0,0.0
8.0,20.0,0.14,0.14,0.14,0.14,6800.0,0.0
8.0,17.0,0.14,0.15,0.14,0.14,8500.0,0.0
8.0,16.0,0.15,0.15,0.1,0.15,2000.0,0.0
8.0,13.0,0.125,0.125,0.125,0.125,10000.0,0.0
8.0,10.0,0.11,0.11,0.11,0.11,1200.0,0.0
8.0,6.0,0.15,0.15,0.15,0.15,2500.0,0.0
8.0,2.0,0.1,0.15,0.1,0.1,3400.0,0.0
7.0,25.0,0.1,0.1,0.1,0.1,600.0,0.0
7.0,13.0,0.1,0.1,0.1,0.1,1600.0,0.0
7.0,12.0,0.1,0.1,0.1,0.1,2000.0,0.0
7.0,4.0,0.12,0.12,0.12,0.12,0.0,0.0
7.0,3.0,0.12,0.14,0.105,0.12,30900.0,0.0
7.0,2.0,0.09,0.09,0.09,0.09,15000.0,0.0
6.0,28.0,0.1,0.1,0.1,0.1,4000.0,0.0
6.0,13.0,0.1,0.1,0.09,0.1,20000.0,0.0
6.0,12.0,0.09,0.09,0.09,0.09,4500.0,0.0
6.0,6.0,0.14,0.14,0.14,0.14,1400.0,0.0
6.0,4.0,0.14,0.14,0.14,0.14,1000.0,0.0
6.0,1.0,0.1,0.1,0.1,0.1,12300.0,0.0
5.0,31.0,0.15,0.15,0.15,0.15,1000.0,0.0
5.0,28.0,0.1,0.1,0.1,0.1,0.0,0.0
5.0,25.0,0.1,0.1,0.1,0.1,1000.0,0.0
5.0,16.0,0.13,0.13,0.13,0.13,5000.0,0.0
5.0,11.0,0.1,0.1,0.1,0.1,5000.0,0.0
5.0,10.0,0.115,0.115,0.115,0.115,6000.0,0.0
5.0,8.0,0.105,0.105,0.105,0.105,5900.0,0.0
5.0,4.0,0.14,0.14,0.105,0.14,75900.0,0.0
5.0,3.0,0.12,0.12,0.12,0.12,16400.0,0.0
4.0,27.0,0.12,0.12,0.12,0.12,1800.0,0.0
4.0,20.0,0.12,0.12,0.12,0.12,3000.0,0.0
4.0,19.0,0.15,0.15,0.12,0.15,5000.0,0.0
4.0,13.0,0.11,0.11,0.11,0.11,0.0,0.0
4.0,11.0,0.11,0.11,0.11,0.11,4000.0,0.0
4.0,10.0,0.18,0.18,0.18,0.18,5000.0,0.0
4.0,5.0,0.188,0.188,0.125,0.188,58300.0,0.0
4.0,4.0,0.094,0.094,0.094,0.094,500.0,0.0
3.0,30.0,0.14,0.14,0.14,0.14,2000.0,0.0
3.0,22.0,0.14,0.14,0.14,0.14,4200.0,0.0
3.0,19.0,0.094,0.094,0.094,0.094,10100.0,0.0
3.0,16.0,0.093,0.095,0.093,0.093,13400.0,0.0
3.0,14.0,0.125,0.125,0.125,0.125,5000.0,0.0
3.0,12.0,0.125,0.15,0.11,0.125,32500.0,0.0
3.0,9.0,0.125,0.125,0.11,0.125,10000.0,0.0
3.0,6.0,0.15,0.15,0.15,0.15,1000.0,0.0
3.0,1.0,0.15,0.15,0.15,0.15,15000.0,0.0
2.0,27.0,0.125,0.125,0.125,0.125,500.0,0.0
2.0,20.0,0.125,0.156,0.125,0.125,16300.0,0.0
2.0,19.0,0.156,0.156,0.156,0.156,0.0,0.0
2.0,16.0,0.156,0.187,0.156,0.156,28500.0,0.0
2.0,15.0,0.218,0.312,0.218,0.218,16000.0,0.0
2.0,9.0,0.312,0.312,0.312,0.312,100.0,0.0
2.0,2.0,0.25,0.25,0.25,0.25,5000.0,0.0
1.0,26.0,0.281,0.281,0.281,0.281,6000.0,0.0
1.0,25.0,0.312,0.312,0.25,0.312,8700.0,0.0
1.0,23.0,0.187,0.187,0.187,0.187,2900.0,0.0
1.0,22.0,0.25,0.25,0.187,0.25,14500.0,0.0
1.0,19.0,0.187,0.25,0.187,0.187,107500.0,0.0
1.0,17.0,0.187,0.187,0.187,0.187,15000.0,0.0
1.0,16.0,0.13,0.13,0.13,0.13,4600.0,0.0
1.0,15.0,0.15,0.15,0.15,0.15,0.0,0.0
1.0,10.0,0.15,0.15,0.15,0.15,400.0,0.0
1.0,5.0,0.187,0.187,0.125,0.187,28600.0,0.0
1.0,3.0,0.25,0.25,0.187,0.25,7000.0,0.0
1.0,2.0,0.15,0.15,0.15,0.15,10000.0,0.0
1.0,1.0,0.125,0.125,0.125,0.125,0.0,0.0
12.0,29.0,0.125,0.125,0.12,0.125,112200.0,0.0
12.0,28.0,0.125,0.156,0.125,0.125,12000.0,0.0
12.0,27.0,0.15,0.15,0.125,0.15,3600.0,0.0
12.0,26.0,0.125,0.125,0.125,0.125,11200.0,0.0
12.0,25.0,0.125,0.125,0.125,0.125,0.0,0.0
12.0,22.0,0.125,0.125,0.125,0.125,3200.0,0.0
12.0,21.0,0.125,0.125,0.125,0.125,4600.0,0.0
12.0,20.0,0.156,0.187,0.11,0.156,78200.0,0.0
12.0,19.0,0.13,0.13,0.13,0.13,17600.0,0.0
12.0,14.0,0.156,0.312,0.156,0.156,18000.0,0.0
12.0,8.0,0.23,0.25,0.23,0.23,52100.0,0.0
12.0,7.0,0.126,0.126,0.125,0.126,5400.0,0.0
12.0,4.0,0.187,0.187,0.187,0.187,2000.0,0.0
12.0,1.0,0.25,0.25,0.25,0.25,5000.0,0.0
11.0,30.0,0.125,0.156,0.125,0.125,27400.0,0.0
11.0,29.0,0.281,0.281,0.156,0.281,3600.0,0.0
11.0,28.0,0.312,0.312,0.312,0.312,1100.0,0.0
11.0,27.0,0.187,0.187,0.187,0.187,1000.0,0.0
11.0,24.0,0.312,0.312,0.187,0.312,104500.0,0.0
11.0,23.0,0.156,0.156,0.156,0.156,0.0,0.0
11.0,22.0,0.156,0.156,0.156,0.156,10500.0,0.0
11.0,21.0,0.156,0.156,0.156,0.156,5600.0,0.0
11.0,20.0,0.125,0.125,0.125,0.125,5000.0,0.0
11.0,16.0,0.125,0.125,0.125,0.125,5000.0,0.0
11.0,14.0,0.125,0.125,0.125,0.125,1000.0,0.0
11.0,13.0,0.125,0.156,0.125,0.125,9000.0,0.0
11.0,9.0,0.156,0.187,0.156,0.156,22000.0,0.0
11.0,7.0,0.156,0.187,0.156,0.156,16500.0,0.0
11.0,6.0,0.125,0.187,0.125,0.125,31700.0,0.0
11.0,1.0,0.125,0.125,0.125,0.125,10000.0,0.0
10.0,30.0,0.125,0.156,0.125,0.125,33300.0,0.0
10.0,26.0,0.187,0.187,0.156,0.187,23000.0,0.0
10.0,25.0,0.187,0.187,0.187,0.187,5000.0,0.0
10.0,23.0,0.187,0.187,0.187,0.187,5000.0,0.0
10.0,20.0,0.156,0.156,0.156,0.156,1700.0,0.0
10.0,19.0,0.156,0.156,0.156,0.156,1700.0,0.0
10.0,18.0,0.156,0.187,0.156,0.156,27700.0,0.0
10.0,17.0,0.187,0.187,0.187,0.187,4500.0,0.0
10.0,11.0,0.187,0.187,0.187,0.187,2000.0,0.0
10.0,10.0,0.187,0.25,0.187,0.187,40000.0,0.0
10.0,5.0,0.3,0.3,0.281,0.3,75000.0,0.0
10.0,3.0,0.296,0.296,0.296,0.296,4000.0,0.0
10.0,2.0,0.281,0.281,0.281,0.281,4000.0,0.0
9.0,29.0,0.281,0.281,0.281,0.281,1300.0,0.0
9.0,28.0,0.312,0.312,0.312,0.312,10500.0,0.0
9.0,26.0,0.312,0.312,0.312,0.312,1100.0,0.0
9.0,25.0,0.312,0.312,0.312,0.312,400.0,0.0
9.0,19.0,0.437,0.437,0.437,0.437,2600.0,0.0
9.0,15.0,0.312,0.312,0.312,0.312,3500.0,0.0
9.0,14.0,0.437,0.437,0.437,0.437,600.0,0.0
9.0,13.0,0.312,0.437,0.281,0.312,150000.0,0.0
9.0,8.0,0.312,0.312,0.312,0.312,500.0,0.0
9.0,7.0,0.312,0.312,0.281,0.312,14500.0,0.0
9.0,5.0,0.281,0.281,0.281,0.281,23200.0,0.0
9.0,4.0,0.281,0.281,0.281,0.281,0.0,0.0
9.0,1.0,0.281,0.281,0.281,0.281,400.0,0.0
8.0,30.0,0.281,0.281,0.281,0.281,14800.0,0.0
8.0,29.0,0.312,0.312,0.312,0.312,4100.0,0.0
8.0,28.0,0.312,0.312,0.281,0.312,1000.0,0.0
8.0,22.0,0.281,0.281,0.281,0.281,500.0,0.0
8.0,21.0,0.281,0.281,0.281,0.281,100.0,0.0
8.0,17.0,0.5,0.5,0.5,0.5,200.0,0.0
8.0,15.0,0.281,0.281,0.281,0.281,2000.0,0.0
8.0,14.0,0.468,0.5,0.468,0.468,3400.0,0.0
8.0,9.0,0.281,0.281,0.281,0.281,200.0,0.0
8.0,3.0,0.312,0.312,0.312,0.312,4200.0,0.0
8.0,1.0,0.312,0.5,0.312,0.312,21000.0,0.0
7.0,31.0,0.35,0.375,0.312,0.35,34900.0,0.0
7.0,26.0,0.312,0.5,0.312,0.312,2500.0,0.0
7.0,25.0,0.312,0.312,0.312,0.312,2000.0,0.0
7.0,24.0,0.468,0.468,0.312,0.468,2000.0,0.0
7.0,21.0,0.312,0.437,0.312,0.312,26400.0,0.0
7.0,20.0,0.5,0.5,0.437,0.5,10000.0,0.0
7.0,19.0,0.625,0.625,0.625,0.625,100.0,0.0
7.0,18.0,0.437,0.437,0.437,0.437,1000.0,0.0
7.0,17.0,0.5,0.5,0.437,0.5,26300.0,0.0
7.0,13.0,0.437,0.437,0.437,0.437,10000.0,0.0
7.0,12.0,0.562,0.562,0.562,0.562,5800.0,0.0
7.0,11.0,0.437,0.437,0.437,0.437,12500.0,0.0
7.0,7.0,0.625,0.625,0.625,0.625,100.0,0.0
7.0,5.0,0.531,0.531,0.468,0.531,38000.0,0.0
7.0,4.0,0.468,0.468,0.468,0.468,0.0,0.0
6.0,28.0,0.468,0.468,0.468,0.468,6400.0,0.0
6.0,27.0,0.625,0.625,0.625,0.625,2500.0,0.0
6.0,26.0,0.625,0.625,0.625,0.625,500.0,0.0
6.0,23.0,0.468,0.468,0.468,0.468,9600.0,0.0
6.0,22.0,0.468,0.468,0.468,0.468,500.0,0.0
6.0,20.0,0.468,0.468,0.468,0.468,500.0,0.0
6.0,19.0,0.468,0.468,0.468,0.468,1600.0,0.0
6.0,16.0,0.875,0.875,0.875,0.875,500.0,0.0
6.0,15.0,0.875,0.875,0.875,0.875,2000.0,0.0
6.0,12.0,0.781,0.781,0.781,0.781,500.0,0.0
6.0,8.0,0.75,0.75,0.75,0.75,1000.0,0.0
6.0,6.0,0.5,0.5,0.5,0.5,2500.0,0.0
6.0,5.0,0.625,0.625,0.625,0.625,1200.0,0.0
6.0,2.0,0.437,0.562,0.437,0.437,10600.0,0.0
6.0,1.0,0.562,0.562,0.562,0.562,5300.0,0.0
5.0,30.0,0.562,0.562,0.5,0.562,27400.0,0.0
5.0,29.0,0.5,0.5,0.5,0.5,0.0,0.0
5.0,26.0,0.5,0.625,0.5,0.5,8900.0,0.0
5.0,23.0,0.562,0.687,0.562,0.562,5100.0,0.0
5.0,22.0,0.562,0.625,0.562,0.562,11000.0,0.0
5.0,19.0,0.75,0.75,0.656,0.75,10600.0,0.0
5.0,18.0,0.781,0.781,0.656,0.781,1100.0,0.0
5.0,17.0,0.781,0.82,0.75,0.781,28100.0,0.0
5.0,16.0,0.8,1.0,0.781,0.8,8000.0,0.0
5.0,15.0,0.812,1.031,0.687,0.812,48100.0,0.0
5.0,12.0,0.812,0.812,0.75,0.812,11700.0,0.0
5.0,9.0,0.625,0.625,0.625,0.625,1000.0,0.0
5.0,8.0,0.625,0.625,0.625,0.625,1000.0,0.0
5.0,5.0,0.625,0.625,0.625,0.625,800.0,0.0
5.0,4.0,0.87,0.87,0.87,0.87,1000.0,0.0
5.0,3.0,0.75,0.75,0.75,0.75,4000.0,0.0
5.0,2.0,0.625,0.625,0.625,0.625,5000.0,0.0
5.0,1.0,0.625,0.625,0.625,0.625,1000.0,0.0
4.0,26.0,0.75,0.75,0.75,0.75,1100.0,0.0
4.0,25.0,0.75,1.031,0.75,0.75,15500.0,0.0
4.0,24.0,0.875,0.875,0.75,0.875,6500.0,0.0
4.0,21.0,0.875,0.875,0.875,0.875,0.0,0.0
4.0,19.0,0.875,0.875,0.75,0.875,10300.0,0.0
4.0,18.0,0.75,0.75,0.75,0.75,10400.0,0.0
4.0,17.0,0.687,0.812,0.687,0.687,12100.0,0.0
4.0,14.0,0.75,0.875,0.75,0.75,22000.0,0.0
4.0,13.0,0.812,1.0,0.812,0.812,8500.0,0.0
4.0,12.0,1.125,1.125,1.125,1.125,3800.0,0.0
4.0,11.0,0.75,1.0,0.75,0.75,63000.0,0.0
4.0,10.0,1.01,1.01,1.01,1.01,500.0,0.0
4.0,7.0,1.0,1.125,0.937,1.0,28900.0,0.0
4.0,6.0,1.031,1.093,0.937,1.031,52800.0,0.0
4.0,5.0,1.062,1.07,1.031,1.062,20800.0,0.0
4.0,4.0,1.062,1.25,1.062,1.062,23100.0,0.0
4.0,3.0,1.218,1.25,1.218,1.218,27000.0,0.0
3.0,31.0,1.312,1.312,1.062,1.312,35100.0,0.0
3.0,30.0,1.125,1.25,1.125,1.125,41000.0,0.0
3.0,29.0,1.312,1.437,1.187,1.312,34100.0,0.0
3.0,28.0,1.375,1.437,1.25,1.375,40600.0,0.0
3.0,27.0,1.25,1.375,1.25,1.25,51400.0,0.0
3.0,24.0,1.375,1.375,1.125,1.375,59900.0,0.0
3.0,23.0,1.062,1.312,1.062,1.062,6100.0,0.0
3.0,22.0,1.125,1.312,1.125,1.125,37800.0,0.0
3.0,21.0,1.062,1.375,1.062,1.062,6100.0,0.0
3.0,20.0,1.25,1.343,1.25,1.25,21500.0,0.0
3.0,17.0,1.125,1.25,1.062,1.125,21100.0,0.0
3.0,16.0,1.25,1.312,1.125,1.25,62700.0,0.0
3.0,15.0,1.125,1.25,1.125,1.125,6300.0,0.0
3.0,14.0,1.125,1.187,1.062,1.125,35700.0,0.0
3.0,13.0,1.187,1.187,1.062,1.187,36000.0,0.0
3.0,10.0,1.125,1.125,1.093,1.125,16300.0,0.0
3.0,9.0,1.093,1.093,1.0,1.093,17100.0,0.0
3.0,8.0,1.125,1.187,1.0,1.125,20800.0,0.0
3.0,7.0,1.0,1.25,1.0,1.0,37000.0,0.0
3.0,3.0,0.875,1.25,0.875,0.875,4500.0,0.0
3.0,2.0,1.25,1.25,0.875,1.25,11200.0,0.0
3.0,1.0,1.25,1.312,1.125,1.25,25100.0,0.0
2.0,29.0,1.125,1.156,0.875,1.125,22500.0,0.0
2.0,28.0,1.187,1.25,1.125,1.187,15300.0,0.0
2.0,25.0,1.125,1.25,1.031,1.125,48800.0,0.0
2.0,23.0,1.125,1.125,1.031,1.125,9300.0,0.0
2.0,22.0,1.125,1.125,0.937,1.125,43500.0,0.0
2.0,21.0,1.125,1.125,1.125,1.125,0.0,0.0
2.0,18.0,1.125,1.375,0.937,1.125,258100.0,0.0
2.0,17.0,1.25,1.375,1.125,1.25,11500.0,0.0
2.0,16.0,1.375,1.5,1.25,1.375,31800.0,0.0
2.0,15.0,1.5,1.5,1.437,1.5,47100.0,0.0
2.0,14.0,1.375,1.5,1.375,1.375,13300.0,0.0
2.0,11.0,1.25,1.5,1.25,1.25,39600.0,0.0
2.0,10.0,1.5,1.625,1.437,1.5,44300.0,0.0
2.0,9.0,1.5,2.0,1.312,1.5,209900.0,0.0
2.0,8.0,1.468,1.5,1.468,1.468,14400.0,0.0
2.0,7.0,1.125,1.125,1.125,1.125,7300.0,0.0
2.0,4.0,1.5,1.5,1.125,1.5,29200.0,0.0
2.0,3.0,1.375,1.5,1.312,1.375,74400.0,0.0
2.0,2.0,1.25,1.375,1.25,1.25,16000.0,0.0
2.0,1.0,1.312,1.5,1.312,1.312,14600.0,0.0
1.0,31.0,1.312,1.5,1.31,1.312,124800.0,0.0
1.0,28.0,1.437,1.5,1.25,1.437,159200.0,0.0
1.0,27.0,1.187,1.25,0.875,1.187,46000.0,0.0
1.0,26.0,1.15,1.375,1.06,1.15,161400.0,0.0
1.0,25.0,1.25,1.562,1.01,1.25,318400.0,0.0
1.0,24.0,1.125,1.25,0.562,1.125,255600.0,0.0
1.0,21.0,0.75,0.78,0.625,0.75,148800.0,0.0
1.0,20.0,0.75,0.78,0.625,0.75,91400.0,0.0
1.0,19.0,0.6,0.75,0.55,0.6,151900.0,0.0
1.0,18.0,0.562,0.562,0.562,0.562,6800.0,0.0
1.0,17.0,0.531,0.531,0.531,0.531,0.0,0.0
1.0,14.0,0.531,0.531,0.406,0.531,27900.0,0.0
1.0,13.0,0.437,0.531,0.406,0.437,30000.0,0.0
1.0,12.0,0.406,0.531,0.406,0.406,13100.0,0.0
1.0,11.0,0.5,0.5,0.406,0.5,74900.0,0.0
1.0,10.0,0.437,0.531,0.437,0.437,34600.0,0.0
1.0,7.0,0.406,0.59,0.406,0.406,4900.0,0.0
1.0,6.0,0.437,0.437,0.437,0.437,4900.0,0.0
1.0,5.0,0.59,0.59,0.51,0.59,29500.0,0.0
1.0,4.0,0.55,0.62,0.55,0.55,21800.0,0.0
1.0,3.0,0.62,0.63,0.51,0.62,133700.0,0.0
12.0,31.0,0.54,0.56,0.49,0.54,54900.0,0.0
12.0,30.0,0.531,0.63,0.53,0.531,269400.0,0.0
12.0,29.0,0.54,0.54,0.45,0.54,18800.0,0.0
12.0,28.0,0.475,0.54,0.475,0.475,139900.0,0.0
12.0,27.0,0.58,0.68,0.55,0.58,305400.0,0.0
12.0,24.0,0.6,0.6,0.6,0.6,0.0,0.0
12.0,23.0,0.6,0.6,0.45,0.6,478100.0,0.0
12.0,22.0,0.375,0.375,0.375,0.375,1000.0,0.0
12.0,21.0,0.4,0.5,0.4,0.4,63500.0,0.0
12.0,16.0,0.5,0.5,0.437,0.5,3800.0,0.0
12.0,15.0,0.6,0.6,0.562,0.6,13100.0,0.0
12.0,14.0,0.562,0.65,0.562,0.562,17100.0,0.0
12.0,13.0,0.6,0.6,0.46,0.6,29900.0,0.0
12.0,10.0,0.46,0.52,0.46,0.46,24800.0,0.0
12.0,9.0,0.52,0.62,0.345,0.52,328200.0,0.0
12.0,8.0,0.35,0.37,0.31,0.35,106100.0,0.0
12.0,7.0,0.26,0.37,0.26,0.26,33300.0,0.0
12.0,6.0,0.3,0.3,0.25,0.3,49000.0,0.0
12.0,3.0,0.25,0.25,0.25,0.25,1100.0,0.0
12.0,2.0,0.3,0.3,0.25,0.3,4000.0,0.0
12.0,1.0,0.27,0.34,0.27,0.27,21500.0,0.0
11.0,30.0,0.25,0.25,0.25,0.25,21100.0,0.0
11.0,29.0,0.24,0.24,0.23,0.24,19000.0,0.0
11.0,25.0,0.2,0.2,0.2,0.2,0.0,0.0
11.0,24.0,0.2,0.23,0.2,0.2,3500.0,0.0
11.0,17.0,0.218,0.24,0.218,0.218,19500.0,0.0
11.0,15.0,0.24,0.281,0.22,0.24,54000.0,0.0
11.0,10.0,0.22,0.22,0.22,0.22,4000.0,0.0
11.0,9.0,0.19,0.19,0.19,0.19,2000.0,0.0
11.0,8.0,0.22,0.22,0.22,0.22,2000.0,0.0
11.0,5.0,0.22,0.22,0.22,0.22,5000.0,0.0
11.0,4.0,0.22,0.22,0.22,0.22,2000.0,0.0
11.0,3.0,0.17,0.18,0.17,0.17,226000.0,0.0
11.0,2.0,0.156,0.156,0.156,0.156,30000.0,0.0
11.0,1.0,0.156,0.25,0.156,0.156,36000.0,0.0
10.0,29.0,0.281,0.281,0.25,0.281,15000.0,0.0
10.0,28.0,0.281,0.281,0.281,0.281,1000.0,0.0
10.0,27.0,0.312,0.312,0.312,0.312,2000.0,0.0
10.0,26.0,0.187,0.25,0.187,0.187,71000.0,0.0
10.0,25.0,0.281,0.312,0.281,0.281,30000.0,0.0
10.0,19.0,0.312,0.312,0.312,0.312,2000.0,0.0
10.0,14.0,0.343,0.562,0.312,0.343,31500.0,0.0
10.0,13.0,0.531,0.531,0.5,0.531,1500.0,0.0
10.0,11.0,0.437,0.437,0.437,0.437,8000.0,0.0
10.0,8.0,0.375,0.375,0.375,0.375,7000.0,0.0
10.0,7.0,0.343,0.343,0.25,0.343,27000.0,0.0
10.0,6.0,0.218,0.312,0.125,0.218,147800.0,0.0
10.0,5.0,0.25,0.25,0.218,0.25,25000.0,0.0
10.0,1.0,0.25,0.25,0.25,0.25,14400.0,0.0
9.0,30.0,0.187,0.187,0.187,0.187,4000.0,0.0
9.0,29.0,0.187,0.25,0.187,0.187,10500.0,0.0
9.0,28.0,0.187,0.312,0.187,0.187,9000.0,0.0
9.0,23.0,0.312,0.312,0.312,0.312,2400.0,0.0
9.0,17.0,0.25,0.25,0.25,0.25,26200.0,0.0
9.0,15.0,0.312,0.312,0.312,0.312,20000.0,0.0
9.0,14.0,0.187,0.312,0.156,0.187,109200.0,0.0
9.0,13.0,0.187,0.25,0.187,0.187,25000.0,0.0
9.0,10.0,0.25,0.25,0.25,0.25,5000.0,0.0
9.0,9.0,0.375,0.406,0.375,0.375,31000.0,0.0
9.0,7.0,0.5,0.5,0.5,0.5,10000.0,0.0
9.0,6.0,0.531,0.531,0.531,0.531,0.0,0.0
9.0,1.0,0.531,0.531,0.531,0.531,9500.0,0.0
8.0,27.0,0.531,0.531,0.531,0.531,1100.0,0.0
8.0,25.0,0.562,0.562,0.562,0.562,2000.0,0.0
8.0,13.0,0.625,0.625,0.625,0.625,7500.0,0.0
8.0,4.0,0.625,0.625,0.625,0.625,2500.0,0.0
7.0,27.0,0.75,0.875,0.75,0.75,16700.0,0.0
7.0,23.0,0.687,0.875,0.687,0.687,2500.0,0.0
7.0,22.0,0.875,0.875,0.875,0.875,300.0,0.0
7.0,21.0,0.875,0.875,0.875,0.875,1100.0,0.0
7.0,20.0,0.75,0.75,0.75,0.75,5500.0,0.0
7.0,19.0,0.75,0.781,0.75,0.75,5000.0,0.0
7.0,16.0,0.75,0.781,0.75,0.75,5000.0,0.0
7.0,15.0,0.812,0.875,0.812,0.812,10000.0,0.0
7.0,13.0,0.937,1.0,0.937,0.937,21000.0,0.0
7.0,12.0,1.0,1.062,0.968,1.0,11500.0,0.0
7.0,9.0,1.062,1.062,1.062,1.062,1000.0,0.0
7.0,8.0,1.0,1.062,1.062,1.0,5000.0,0.0
7.0,7.0,1.0,1.0,0.875,1.0,6300.0,0.0
7.0,6.0,1.062,1.062,1.062,1.062,4000.0,0.0
7.0,5.0,1.125,1.125,1.125,1.125,0.0,0.0
7.0,1.0,1.125,1.125,1.125,1.125,2700.0,0.0
6.0,25.0,2.625,2.625,2.625,2.625,0.0,0.0
6.0,23.0,0.656,0.688,0.656,0.656,4000.0,0.0
6.0,22.0,0.781,0.781,0.75,0.781,8800.0,0.0
6.0,18.0,0.813,0.813,0.719,0.813,23200.0,0.0
6.0,16.0,0.688,0.688,0.688,0.688,11600.0,0.0
6.0,15.0,0.656,0.656,0.656,0.656,12000.0,0.0
6.0,14.0,0.656,0.688,0.656,0.656,12000.0,0.0
6.0,11.0,0.688,0.75,0.688,0.688,345200.0,0.0
6.0,10.0,0.75,0.75,0.563,0.75,141600.0,0.0
5.0,31.0,0.875,0.875,0.875,0.875,0.0,0.0
5.0,17.0,0.875,0.875,0.75,0.875,52000.0,0.0
5.0,13.0,0.875,0.875,0.75,0.875,39200.0,0.0
5.0,12.0,0.781,0.781,0.781,0.781,4000.0,0.0
5.0,11.0,0.813,0.813,0.813,0.813,4000.0,0.0
5.0,10.0,1.0,1.0,0.813,1.0,12000.0,0.0
5.0,7.0,0.875,1.25,0.75,0.875,26000.0,0.0
5.0,5.0,1.0,1.25,1.0,1.0,20400.0,0.0
4.0,22.0,1.344,1.344,1.125,1.344,3600.0,0.0
4.0,21.0,1.156,1.156,1.156,1.156,800.0,0.0
4.0,20.0,1.656,1.656,1.25,1.656,7600.0,0.0
4.0,16.0,1.75,1.875,1.5,1.75,10800.0,0.0
4.0,15.0,1.531,1.75,1.531,1.531,166800.0,0.0
4.0,14.0,1.5,1.5,1.5,1.5,1600.0,0.0
4.0,13.0,1.938,1.938,1.5,1.938,2400.0,0.0
4.0,9.0,1.938,2.0,1.938,1.938,4400.0,0.0
4.0,8.0,1.813,2.063,1.703,1.813,154400.0,0.0
4.0,7.0,1.75,1.875,1.75,1.75,17600.0,0.0
4.0,6.0,1.0,1.469,1.0,1.0,24000.0,0.0
4.0,2.0,1.5,1.5,1.5,1.5,0.0,0.0
3.0,30.0,1.5,1.5,1.5,1.5,4000.0,0.0
3.0,26.0,1.5,1.5,1.5,1.5,2000.0,0.0
3.0,9.0,1.0,1.0,1.0,1.0,20000.0,0.0
2.0,17.0,1.0,1.0,1.0,1.0,20000.0,0.0
2.0,15.0,0.875,0.875,0.875,0.875,0.0,0.0
2.0,8.0,0.875,0.875,0.875,0.875,4000.0,0.0
1.0,22.0,0.344,0.344,0.344,0.344,400.0,0.0
1.0,11.0,0.375,0.375,0.375,0.375,0.0,0.0
1.0,6.0,0.563,0.563,0.5,0.563,8000.0,0.0
1.0,5.0,0.469,0.625,0.438,0.469,22000.0,0.0
1.0,4.0,0.625,0.625,0.594,0.625,6000.0,0.0
1.0,1.0,1.25,1.25,1.25,1.25,0.0,0.0
12.0,30.0,1.25,1.25,1.25,1.25,0.0,0.0
1.0,1.0,0.063,0.063,0.063,0.063,0.0,0.0
12.0,25.0,0.063,0.063,0.063,0.063,0.0,0.0
12.0,19.0,0.063,0.063,0.063,0.063,8800.0,0.0
12.0,17.0,0.047,0.047,0.047,0.047,1600.0,0.0
12.0,16.0,0.063,0.063,0.063,0.063,8800.0,0.0
12.0,12.0,0.063,0.063,0.047,0.063,27200.0,0.0
12.0,11.0,0.047,0.047,0.047,0.047,8000.0,0.0
11.0,29.0,0.078,0.078,0.078,0.078,0.0,0.0
9.0,3.0,0.141,0.156,0.141,0.141,8000.0,0.0
9.0,2.0,0.156,0.156,0.156,0.156,0.0,0.0
8.0,8.0,0.156,0.156,0.156,0.156,4000.0,0.0
7.0,4.0,0.125,0.125,0.125,0.125,0.0,0.0
6.0,28.0,0.125,0.125,0.125,0.125,24000.0,0.0
6.0,25.0,0.125,0.125,0.125,0.125,8000.0,0.0
6.0,11.0,0.125,0.125,0.125,0.125,8000.0,0.0
5.0,27.0,0.047,0.047,0.047,0.047,0.0,0.0
4.0,12.0,0.047,0.047,0.047,0.047,28000.0,0.0
4.0,5.0,0.031,0.031,0.031,0.031,0.0,0.0
4.0,2.0,0.031,0.031,0.031,0.031,0.0,0.0
2.0,19.0,0.016,0.016,0.016,0.016,0.0,0.0
1.0,8.0,0.016,0.016,0.016,0.016,24000.0,0.0
1.0,1.0,0.125,0.125,0.125,0.125,0.0,0.0
12.0,26.0,0.125,0.125,0.125,0.125,8000.0,0.0
4.0,14.0,0.069,0.069,0.069,0.069,0.0,0.0
3.0,17.0,0.069,0.069,0.069,0.069,14400.0,0.0
3.0,14.0,0.063,0.063,0.063,0.063,28800.0,0.0
2.0,20.0,0.069,0.069,0.069,0.069,0.0,0.0
1.0,23.0,0.069,0.069,0.069,0.069,0.0,0.0
1.0,13.0,0.063,0.063,0.063,0.063,16000.0,0.0
1.0,2.0,0.063,0.063,0.063,0.063,0.0,0.0
12.0,26.0,0.063,0.063,0.063,0.063,0.0,0.0
11.0,24.0,0.063,0.063,0.063,0.063,0.0,0.0
11.0,17.0,0.063,0.063,0.063,0.063,400.0,0.0
11.0,16.0,0.047,0.047,0.047,0.047,400.0,0.0
10.0,31.0,0.047,0.047,0.047,0.047,0.0,0.0
