9.0,25.0,0.0015,0.0015,0.0015,0.0015,0.0,0.0
9.0,24.0,0.0015,0.0015,0.0015,0.0015,0.0,0.0
9.0,23.0,0.0015,0.0015,0.0015,0.0015,0.0,0.0
9.0,22.0,0.0015,0.0015,0.0015,0.0015,0.0,0.0
9.0,21.0,0.0015,0.0015,0.0015,0.0015,0.0,0.0
9.0,18.0,0.0015,0.0015,0.0015,0.0015,0.0,0.0
9.0,17.0,0.0015,0.0015,0.0015,0.0015,0.0,0.0
9.0,16.0,0.0015,0.0015,0.0015,0.0015,0.0,0.0
9.0,15.0,0.0015,0.0015,0.0015,0.0015,0.0,0.0
9.0,14.0,0.0015,0.0015,0.0015,0.0015,0.0,0.0
9.0,11.0,0.0015,0.0015,0.0015,0.0015,0.0,0.0
9.0,10.0,0.0015,0.0015,0.0015,0.0015,0.0,0.0
9.0,9.0,0.0015,0.0015,0.0015,0.0015,0.0,0.0
9.0,8.0,0.0015,0.0015,0.0015,0.0015,0.0,0.0
9.0,7.0,0.0015,0.0015,0.0015,0.0015,0.0,0.0
9.0,4.0,0.0015,0.0015,0.0015,0.0015,0.0,0.0
9.0,3.0,0.0015,0.0015,0.0015,0.0015,0.0,0.0
9.0,2.0,0.0015,0.0015,0.0015,0.0015,0.0,0.0
9.0,1.0,0.0015,0.0015,0.0015,0.0015,0.0,0.0
8.0,31.0,0.0015,0.0015,0.0015,0.0015,0.0,0.0
8.0,28.0,0.0015,0.0015,0.0015,0.0015,0.0,0.0
8.0,27.0,0.0015,0.0015,0.0015,0.0015,0.0,0.0
8.0,26.0,0.0015,0.0015,0.0015,0.0015,0.0,0.0
8.0,25.0,0.0015,0.0015,0.0015,0.0015,0.0,0.0
8.0,24.0,0.0015,0.0015,0.0015,0.0015,0.0,0.0
8.0,21.0,0.0015,0.0015,0.0015,0.0015,0.0,0.0
8.0,20.0,0.0015,0.0015,0.0015,0.0015,0.0,0.0
8.0,19.0,0.0015,0.0015,0.0015,0.0015,0.0,0.0
8.0,18.0,0.0015,0.0015,0.0015,0.0015,20000.0,0.0
8.0,17.0,0.002,0.002,0.002,0.002,0.0,0.0
8.0,14.0,0.002,0.002,0.002,0.002,0.0,0.0
8.0,13.0,0.002,0.002,0.002,0.002,0.0,0.0
8.0,12.0,0.002,0.002,0.002,0.002,0.0,0.0
8.0,11.0,0.002,0.002,0.002,0.002,0.0,0.0
8.0,10.0,0.002,0.002,0.002,0.002,0.0,0.0
8.0,7.0,0.002,0.002,0.002,0.002,0.0,0.0
8.0,6.0,0.002,0.002,0.002,0.002,0.0,0.0
8.0,5.0,0.002,0.002,0.002,0.002,0.0,0.0
8.0,4.0,0.002,0.002,0.002,0.002,0.0,0.0
8.0,3.0,0.002,0.002,0.002,0.002,0.0,0.0
7.0,31.0,0.002,0.002,0.002,0.002,0.0,0.0
7.0,30.0,0.002,0.002,0.002,0.002,0.0,0.0
7.0,29.0,0.002,0.002,0.002,0.002,0.0,0.0
7.0,28.0,0.002,0.002,0.002,0.002,0.0,0.0
7.0,27.0,0.002,0.002,0.002,0.002,0.0,0.0
7.0,24.0,0.002,0.002,0.002,0.002,0.0,0.0
7.0,23.0,0.002,0.002,0.002,0.002,0.0,0.0
7.0,22.0,0.002,0.002,0.002,0.002,0.0,0.0
7.0,21.0,0.002,0.002,0.002,0.002,0.0,0.0
7.0,20.0,0.002,0.002,0.002,0.002,0.0,0.0
7.0,17.0,0.002,0.002,0.002,0.002,0.0,0.0
7.0,16.0,0.002,0.002,0.002,0.002,0.0,0.0
7.0,15.0,0.002,0.002,0.002,0.002,0.0,0.0
7.0,14.0,0.002,0.002,0.002,0.002,0.0,0.0
7.0,13.0,0.002,0.002,0.002,0.002,0.0,0.0
7.0,10.0,0.002,0.002,0.002,0.002,0.0,0.0
7.0,9.0,0.002,0.002,0.002,0.002,0.0,0.0
7.0,8.0,0.002,0.002,0.002,0.002,0.0,0.0
7.0,7.0,0.002,0.002,0.002,0.002,0.0,0.0
7.0,6.0,0.002,0.002,0.002,0.002,0.0,0.0
7.0,3.0,0.002,0.002,0.002,0.002,0.0,0.0
7.0,2.0,0.002,0.002,0.002,0.002,0.0,0.0
7.0,1.0,0.002,0.002,0.002,0.002,0.0,0.0
6.0,30.0,0.002,0.002,0.002,0.002,0.0,0.0
6.0,29.0,0.002,0.002,0.002,0.002,0.0,0.0
6.0,26.0,0.002,0.002,0.002,0.002,0.0,0.0
6.0,25.0,0.002,0.002,0.002,0.002,0.0,0.0
6.0,24.0,0.002,0.002,0.002,0.002,0.0,0.0
6.0,23.0,0.002,0.002,0.002,0.002,0.0,0.0
6.0,22.0,0.002,0.002,0.002,0.002,0.0,0.0
6.0,19.0,0.002,0.002,0.002,0.002,10000.0,0.0
6.0,18.0,0.0014,0.0014,0.0014,0.0014,0.0,0.0
6.0,17.0,0.0014,0.0014,0.0014,0.0014,0.0,0.0
6.0,16.0,0.0014,0.0014,0.0014,0.0014,0.0,0.0
6.0,15.0,0.0014,0.0014,0.0014,0.0014,0.0,0.0
6.0,12.0,0.0014,0.0014,0.0014,0.0014,0.0,0.0
6.0,11.0,0.0014,0.0014,0.0014,0.0014,0.0,0.0
6.0,10.0,0.0014,0.0014,0.0014,0.0014,0.0,0.0
6.0,9.0,0.0014,0.0014,0.0014,0.0014,0.0,0.0
6.0,8.0,0.0014,0.0014,0.0014,0.0014,0.0,0.0
6.0,5.0,0.0014,0.0014,0.0014,0.0014,0.0,0.0
6.0,4.0,0.0014,0.0014,0.0014,0.0014,0.0,0.0
6.0,3.0,0.0014,0.0014,0.0014,0.0014,0.0,0.0
6.0,2.0,0.0014,0.0014,0.0014,0.0014,0.0,0.0
6.0,1.0,0.0014,0.0014,0.0014,0.0014,0.0,0.0
5.0,29.0,0.0014,0.0014,0.0014,0.0014,0.0,0.0
5.0,28.0,0.0014,0.0014,0.0014,0.0014,0.0,0.0
5.0,27.0,0.0014,0.0014,0.0014,0.0014,0.0,0.0
5.0,26.0,0.0014,0.0014,0.0014,0.0014,0.0,0.0
5.0,25.0,0.0014,0.0014,0.0014,0.0014,0.0,0.0
5.0,22.0,0.0014,0.0014,0.0014,0.0014,0.0,0.0
5.0,21.0,0.0014,0.0014,0.0014,0.0014,0.0,0.0
5.0,20.0,0.0014,0.0014,0.0014,0.0014,0.0,0.0
5.0,19.0,0.0014,0.0014,0.0014,0.0014,0.0,0.0
5.0,18.0,0.0014,0.0014,0.0014,0.0014,0.0,0.0
5.0,15.0,0.0014,0.0014,0.0014,0.0014,0.0,0.0
5.0,14.0,0.0014,0.0014,0.0014,0.0014,0.0,0.0
5.0,13.0,0.0014,0.0014,0.0014,0.0014,0.0,0.0
5.0,12.0,0.0014,0.0014,0.0014,0.0014,0.0,0.0
5.0,11.0,0.0014,0.0014,0.0014,0.0014,0.0,0.0
5.0,8.0,0.0014,0.0014,0.0014,0.0014,0.0,0.0
5.0,7.0,0.0014,0.0014,0.0014,0.0014,0.0,0.0
5.0,6.0,0.0014,0.0014,0.0014,0.0014,0.0,0.0
5.0,5.0,0.0014,0.0014,0.0014,0.0014,0.0,0.0
5.0,4.0,0.0014,0.0014,0.0014,0.0014,0.0,0.0
5.0,1.0,0.0014,0.0014,0.0014,0.0014,5500.0,0.0
4.0,30.0,2.0E-4,2.0E-4,2.0E-4,2.0E-4,0.0,0.0
4.0,29.0,2.0E-4,2.0E-4,2.0E-4,2.0E-4,0.0,0.0
4.0,28.0,2.0E-4,2.0E-4,2.0E-4,2.0E-4,0.0,0.0
4.0,27.0,2.0E-4,2.0E-4,2.0E-4,2.0E-4,0.0,0.0
4.0,24.0,2.0E-4,2.0E-4,2.0E-4,2.0E-4,0.0,0.0
4.0,23.0,2.0E-4,2.0E-4,2.0E-4,2.0E-4,0.0,0.0
4.0,22.0,2.0E-4,2.0E-4,2.0E-4,2.0E-4,0.0,0.0
4.0,21.0,2.0E-4,2.0E-4,2.0E-4,2.0E-4,0.0,0.0
4.0,20.0,2.0E-4,2.0E-4,2.0E-4,2.0E-4,0.0,0.0
4.0,17.0,2.0E-4,2.0E-4,2.0E-4,2.0E-4,0.0,0.0
4.0,16.0,2.0E-4,2.0E-4,2.0E-4,2.0E-4,0.0,0.0
4.0,15.0,2.0E-4,2.0E-4,2.0E-4,2.0E-4,0.0,0.0
4.0,14.0,2.0E-4,2.0E-4,2.0E-4,2.0E-4,0.0,0.0
4.0,13.0,2.0E-4,2.0E-4,2.0E-4,2.0E-4,0.0,0.0
4.0,10.0,2.0E-4,2.0E-4,2.0E-4,2.0E-4,0.0,0.0
4.0,9.0,2.0E-4,2.0E-4,2.0E-4,2.0E-4,0.0,0.0
4.0,8.0,2.0E-4,2.0E-4,2.0E-4,2.0E-4,100000.0,0.0
4.0,7.0,0.0099,0.0099,0.0099,0.0099,0.0,0.0
4.0,6.0,0.0099,0.0099,0.0099,0.0099,0.0,0.0
4.0,3.0,0.0099,0.0099,0.0099,0.0099,0.0,0.0
4.0,2.0,0.0099,0.0099,0.0099,0.0099,0.0,0.0
4.0,1.0,0.0099,0.0099,0.0099,0.0099,0.0,0.0
3.0,31.0,0.0099,0.0099,0.0099,0.0099,0.0,0.0
3.0,30.0,0.0099,0.0099,0.0099,0.0099,0.0,0.0
3.0,27.0,0.0099,0.0099,0.0099,0.0099,0.0,0.0
3.0,26.0,0.0099,0.0099,0.0099,0.0099,0.0,0.0
3.0,25.0,0.0099,0.0099,0.0099,0.0099,0.0,0.0
3.0,24.0,0.0099,0.0099,0.0099,0.0099,0.0,0.0
3.0,23.0,0.0099,0.0099,0.0099,0.0099,0.0,0.0
3.0,20.0,0.0099,0.0099,0.0099,0.0099,0.0,0.0
3.0,19.0,0.0099,0.0099,0.0099,0.0099,0.0,0.0
3.0,18.0,0.0099,0.0099,0.0099,0.0099,0.0,0.0
3.0,17.0,0.0099,0.0099,0.0099,0.0099,0.0,0.0
3.0,16.0,0.0099,0.0099,0.0099,0.0099,0.0,0.0
3.0,13.0,0.0099,0.0099,0.0099,0.0099,0.0,0.0
3.0,12.0,0.0099,0.0099,0.0099,0.0099,0.0,0.0
3.0,11.0,0.0099,0.0099,0.0099,0.0099,0.0,0.0
3.0,10.0,0.0099,0.0099,0.0099,0.0099,0.0,0.0
3.0,9.0,0.0099,0.0099,0.0099,0.0099,0.0,0.0
3.0,6.0,0.0099,0.0099,0.0099,0.0099,0.0,0.0
3.0,5.0,0.0099,0.0099,0.0099,0.0099,0.0,0.0
3.0,4.0,0.0099,0.0099,0.0099,0.0099,0.0,0.0
3.0,3.0,0.0099,0.0099,0.0099,0.0099,0.0,0.0
3.0,2.0,0.0099,0.0099,0.0099,0.0099,0.0,0.0
2.0,27.0,0.0099,0.0099,0.0099,0.0099,0.0,0.0
2.0,26.0,0.0099,0.0099,0.0099,0.0099,0.0,0.0
2.0,25.0,0.0099,0.0099,0.0099,0.0099,0.0,0.0
2.0,24.0,0.0099,0.0099,0.0099,0.0099,0.0,0.0
2.0,23.0,0.0099,0.0099,0.0099,0.0099,0.0,0.0
2.0,20.0,0.0099,0.0099,0.0099,0.0099,0.0,0.0
2.0,19.0,0.0099,0.0099,0.0099,0.0099,0.0,0.0
2.0,18.0,0.0099,0.0099,0.0099,0.0099,0.0,0.0
2.0,17.0,0.0099,0.0099,0.0099,0.0099,0.0,0.0
2.0,16.0,0.0099,0.0099,0.0099,0.0099,0.0,0.0
2.0,13.0,0.0099,0.0099,0.0099,0.0099,0.0,0.0
2.0,12.0,0.0099,0.0099,0.0099,0.0099,0.0,0.0
2.0,11.0,0.0099,0.0099,0.0099,0.0099,0.0,0.0
2.0,10.0,0.0099,0.0099,0.0099,0.0099,500.0,0.0
2.0,9.0,0.006,0.006,0.006,0.006,0.0,0.0
2.0,6.0,0.006,0.006,0.006,0.006,0.0,0.0
2.0,5.0,0.006,0.006,0.006,0.006,0.0,0.0
2.0,4.0,0.006,0.006,0.006,0.006,4000.0,0.0
2.0,3.0,0.009,0.009,0.009,0.009,0.0,0.0
2.0,2.0,0.009,0.009,0.009,0.009,0.0,0.0
1.0,30.0,0.009,0.009,0.009,0.009,0.0,0.0
1.0,29.0,0.009,0.009,0.009,0.009,0.0,0.0
1.0,28.0,0.009,0.009,0.009,0.009,0.0,0.0
1.0,27.0,0.009,0.009,0.009,0.009,0.0,0.0
1.0,26.0,0.009,0.009,0.009,0.009,0.0,0.0
1.0,23.0,0.009,0.009,0.009,0.009,0.0,0.0
1.0,22.0,0.009,0.009,0.009,0.009,0.0,0.0
1.0,21.0,0.009,0.009,0.009,0.009,0.0,0.0
1.0,20.0,0.009,0.009,0.009,0.009,0.0,0.0
1.0,19.0,0.009,0.009,0.009,0.009,0.0,0.0
1.0,16.0,0.009,0.009,0.009,0.009,0.0,0.0
1.0,15.0,0.009,0.009,0.009,0.009,0.0,0.0
1.0,14.0,0.009,0.009,0.009,0.009,0.0,0.0
1.0,13.0,0.0084,0.009,0.007,0.009,37900.0,5.999999999999998E-4
1.0,12.0,0.009,0.009,0.009,0.009,0.0,0.0
1.0,9.0,0.009,0.009,0.009,0.009,0.0,0.0
1.0,8.0,0.009,0.009,0.009,0.009,0.0,0.0
1.0,7.0,0.009,0.009,0.009,0.009,0.0,0.0
1.0,6.0,0.009,0.009,0.009,0.009,0.0,0.0
1.0,5.0,0.009,0.009,0.009,0.009,0.0,0.0
1.0,2.0,0.009,0.009,0.009,0.009,0.0,0.0
1.0,1.0,0.009,0.009,0.009,0.009,0.0,0.0
12.0,31.0,0.009,0.009,0.009,0.009,0.0,0.0
12.0,30.0,0.009,0.009,0.009,0.009,0.0,0.0
12.0,29.0,0.009,0.009,0.009,0.009,0.0,0.0
12.0,26.0,0.009,0.009,0.009,0.009,0.0,0.0
12.0,25.0,0.009,0.009,0.009,0.009,0.0,0.0
12.0,24.0,0.009,0.009,0.009,0.009,0.0,0.0
12.0,23.0,0.009,0.009,0.009,0.009,0.0,0.0
12.0,22.0,0.009,0.009,0.009,0.009,0.0,0.0
12.0,19.0,0.009,0.009,0.009,0.009,0.0,0.0
12.0,18.0,0.009,0.009,0.009,0.009,0.0,0.0
12.0,17.0,0.009,0.009,0.009,0.009,0.0,0.0
12.0,16.0,0.009,0.009,0.009,0.009,0.0,0.0
12.0,15.0,0.009,0.009,0.009,0.009,0.0,0.0
12.0,12.0,0.009,0.009,0.009,0.009,0.0,0.0
12.0,11.0,0.009,0.009,0.009,0.009,0.0,0.0
12.0,10.0,0.009,0.009,0.009,0.009,0.0,0.0
12.0,9.0,0.009,0.009,0.009,0.009,0.0,0.0
12.0,8.0,0.009,0.009,0.009,0.009,0.0,0.0
12.0,5.0,0.009,0.009,0.009,0.009,0.0,0.0
12.0,4.0,0.009,0.009,0.009,0.009,0.0,0.0
12.0,3.0,0.009,0.009,0.009,0.009,0.0,0.0
12.0,2.0,0.009,0.009,0.009,0.009,0.0,0.0
12.0,1.0,0.009,0.009,0.009,0.009,0.0,0.0
11.0,28.0,0.009,0.009,0.009,0.009,0.0,0.0
11.0,27.0,0.009,0.009,0.009,0.009,0.0,0.0
11.0,26.0,0.009,0.009,0.009,0.009,0.0,0.0
11.0,25.0,0.009,0.009,0.009,0.009,0.0,0.0
11.0,24.0,0.009,0.009,0.009,0.009,0.0,0.0
11.0,21.0,0.009,0.009,0.009,0.009,0.0,0.0
11.0,20.0,0.009,0.009,0.009,0.009,0.0,0.0
11.0,19.0,0.009,0.009,0.009,0.009,0.0,0.0
11.0,18.0,0.009,0.009,0.009,0.009,0.0,0.0
11.0,17.0,0.009,0.009,0.009,0.009,0.0,0.0
11.0,14.0,0.009,0.009,0.009,0.009,0.0,0.0
11.0,13.0,0.009,0.009,0.009,0.009,0.0,0.0
11.0,12.0,0.009,0.009,0.009,0.009,0.0,0.0
11.0,11.0,0.009,0.009,0.009,0.009,0.0,0.0
11.0,10.0,0.009,0.009,0.009,0.009,0.0,0.0
11.0,7.0,0.009,0.009,0.009,0.009,0.0,0.0
11.0,6.0,0.009,0.009,0.009,0.009,0.0,0.0
11.0,5.0,0.009,0.009,0.009,0.009,0.0,0.0
11.0,4.0,0.009,0.009,0.009,0.009,0.0,0.0
11.0,3.0,0.009,0.009,0.009,0.009,0.0,0.0
10.0,31.0,0.009,0.009,0.009,0.009,0.0,0.0
10.0,30.0,0.009,0.009,0.009,0.009,0.0,0.0
10.0,29.0,0.009,0.009,0.009,0.009,0.0,0.0
10.0,28.0,0.009,0.009,0.009,0.009,0.0,0.0
10.0,27.0,0.009,0.009,0.009,0.009,0.0,0.0
10.0,24.0,0.009,0.009,0.009,0.009,0.0,0.0
10.0,23.0,0.009,0.009,0.009,0.009,0.0,0.0
10.0,22.0,0.009,0.009,0.009,0.009,48000.0,0.0
10.0,21.0,0.02,0.02,0.02,0.02,0.0,0.0
10.0,20.0,0.02,0.02,0.02,0.02,0.0,0.0
10.0,17.0,0.02,0.02,0.02,0.02,0.0,0.0
10.0,16.0,0.02,0.02,0.02,0.02,0.0,0.0
10.0,15.0,0.02,0.02,0.02,0.02,0.0,0.0
10.0,14.0,0.02,0.02,0.02,0.02,0.0,0.0
10.0,13.0,0.02,0.02,0.02,0.02,0.0,0.0
10.0,10.0,0.02,0.02,0.02,0.02,0.0,0.0
10.0,9.0,0.02,0.02,0.02,0.02,0.0,0.0
10.0,8.0,0.02,0.02,0.02,0.02,0.0,0.0
10.0,7.0,0.02,0.02,0.02,0.02,0.0,0.0
10.0,6.0,0.02,0.02,0.02,0.02,0.0,0.0
10.0,3.0,0.02,0.02,0.02,0.02,0.0,0.0
10.0,2.0,0.02,0.02,0.02,0.02,0.0,0.0
10.0,1.0,0.02,0.02,0.02,0.02,0.0,0.0
9.0,30.0,0.02,0.02,0.02,0.02,0.0,0.0
9.0,29.0,0.02,0.02,0.02,0.02,0.0,0.0
9.0,26.0,0.02,0.02,0.02,0.02,0.0,0.0
9.0,25.0,0.02,0.02,0.02,0.02,0.0,0.0
9.0,24.0,0.02,0.02,0.02,0.02,0.0,0.0
9.0,23.0,0.02,0.02,0.02,0.02,0.0,0.0
9.0,22.0,0.02,0.02,0.02,0.02,0.0,0.0
9.0,19.0,0.02,0.02,0.02,0.02,10000.0,0.0
9.0,18.0,0.009,0.009,0.009,0.009,0.0,0.0
9.0,17.0,0.009,0.009,0.009,0.009,0.0,0.0
9.0,16.0,0.009,0.009,0.009,0.009,0.0,0.0
9.0,15.0,0.009,0.009,0.009,0.009,0.0,0.0
9.0,12.0,0.009,0.009,0.009,0.009,0.0,0.0
9.0,11.0,0.009,0.009,0.009,0.009,0.0,0.0
9.0,10.0,0.009,0.009,0.009,0.009,0.0,0.0
9.0,9.0,0.009,0.009,0.009,0.009,0.0,0.0
9.0,8.0,0.009,0.009,0.009,0.009,0.0,0.0
9.0,5.0,0.009,0.009,0.009,0.009,0.0,0.0
9.0,4.0,0.009,0.009,0.009,0.009,0.0,0.0
9.0,3.0,0.009,0.009,0.009,0.009,0.0,0.0
9.0,2.0,0.009,0.009,0.009,0.009,1000.0,0.0
9.0,1.0,0.009,0.009,0.009,0.009,0.0,0.0
8.0,29.0,0.009,0.009,0.009,0.009,0.0,0.0
8.0,28.0,0.009,0.009,0.009,0.009,0.0,0.0
8.0,27.0,0.009,0.009,0.009,0.009,0.0,0.0
8.0,26.0,0.009,0.009,0.009,0.009,0.0,0.0
8.0,25.0,0.009,0.009,0.009,0.009,0.0,0.0
8.0,22.0,0.009,0.009,0.009,0.009,0.0,0.0
8.0,21.0,0.009,0.009,0.009,0.009,0.0,0.0
8.0,20.0,0.009,0.009,0.009,0.009,0.0,0.0
8.0,19.0,0.009,0.009,0.009,0.009,1000.0,0.0
8.0,18.0,0.01,0.01,0.01,0.01,0.0,0.0
8.0,15.0,0.01,0.01,0.01,0.01,0.0,0.0
8.0,14.0,0.01,0.01,0.01,0.01,0.0,0.0
8.0,13.0,0.01,0.01,0.01,0.01,0.0,0.0
8.0,12.0,0.01,0.01,0.01,0.01,0.0,0.0
8.0,11.0,0.01,0.01,0.01,0.01,0.0,0.0
8.0,8.0,0.01,0.01,0.01,0.01,0.0,0.0
8.0,7.0,0.01,0.01,0.01,0.01,0.0,0.0
8.0,6.0,0.01,0.01,0.01,0.01,0.0,0.0
8.0,5.0,0.01,0.01,0.01,0.01,0.0,0.0
8.0,4.0,0.01,0.01,0.01,0.01,0.0,0.0
8.0,1.0,0.01,0.01,0.01,0.01,0.0,0.0
7.0,31.0,0.01,0.01,0.01,0.01,0.0,0.0
7.0,30.0,0.01,0.01,0.01,0.01,0.0,0.0
7.0,29.0,0.01,0.01,0.01,0.01,0.0,0.0
7.0,28.0,0.01,0.01,0.01,0.01,0.0,0.0
7.0,25.0,0.01,0.01,0.01,0.01,0.0,0.0
7.0,24.0,0.01,0.01,0.01,0.01,0.0,0.0
7.0,23.0,0.01,0.01,0.01,0.01,0.0,0.0
7.0,22.0,0.01,0.01,0.01,0.01,0.0,0.0
7.0,21.0,0.01,0.01,0.01,0.01,0.0,0.0
7.0,18.0,0.01,0.01,0.01,0.01,0.0,0.0
7.0,17.0,0.01,0.01,0.01,0.01,0.0,0.0
7.0,16.0,0.01,0.01,0.01,0.01,0.0,0.0
7.0,15.0,0.01,0.01,0.01,0.01,0.0,0.0
7.0,14.0,0.01,0.01,0.01,0.01,0.0,0.0
7.0,11.0,0.01,0.01,0.01,0.01,0.0,0.0
7.0,10.0,0.01,0.01,0.01,0.01,10000.0,0.0
7.0,9.0,0.0108,0.0108,0.0108,0.0108,0.0,0.0
7.0,8.0,0.0108,0.0108,0.0108,0.0108,0.0,0.0
7.0,7.0,0.0108,0.0108,0.0108,0.0108,0.0,0.0
7.0,4.0,0.0108,0.0108,0.0108,0.0108,0.0,0.0
7.0,3.0,0.0108,0.0108,0.0108,0.0108,0.0,0.0
7.0,2.0,0.0108,0.0108,0.0108,0.0108,0.0,0.0
7.0,1.0,0.0108,0.0108,0.0108,0.0108,0.0,0.0
6.0,30.0,0.0108,0.0108,0.0108,0.0108,0.0,0.0
6.0,27.0,0.0108,0.0108,0.0108,0.0108,0.0,0.0
6.0,26.0,0.0108,0.0108,0.0108,0.0108,0.0,0.0
6.0,25.0,0.0108,0.0108,0.0108,0.0108,0.0,0.0
6.0,24.0,0.0108,0.0108,0.0108,0.0108,0.0,0.0
6.0,23.0,0.0108,0.0108,0.0108,0.0108,0.0,0.0
6.0,20.0,0.0108,0.0108,0.0108,0.0108,0.0,0.0
6.0,19.0,0.0108,0.0108,0.0108,0.0108,2000.0,0.0
6.0,18.0,0.0088,0.0088,0.0088,0.0088,0.0,0.0
6.0,17.0,0.0088,0.0088,0.0088,0.0088,0.0,0.0
6.0,16.0,0.0088,0.0088,0.0088,0.0088,0.0,0.0
6.0,13.0,0.0088,0.0088,0.0088,0.0088,0.0,0.0
6.0,12.0,0.0088,0.0088,0.0088,0.0088,0.0,0.0
6.0,11.0,0.0088,0.0088,0.0088,0.0088,0.0,0.0
6.0,10.0,0.0088,0.0088,0.0088,0.0088,0.0,0.0
6.0,9.0,0.0088,0.0088,0.0088,0.0088,0.0,0.0
6.0,6.0,0.0088,0.0088,0.0088,0.0088,0.0,0.0
6.0,5.0,0.0088,0.0088,0.0088,0.0088,0.0,0.0
6.0,4.0,0.0088,0.0088,0.0088,0.0088,0.0,0.0
6.0,3.0,0.0088,0.0088,0.0088,0.0088,0.0,0.0
6.0,2.0,0.0088,0.0088,0.0088,0.0088,0.0,0.0
5.0,30.0,0.0088,0.0088,0.0088,0.0088,0.0,0.0
5.0,29.0,0.0088,0.0088,0.0088,0.0088,0.0,0.0
5.0,28.0,0.0088,0.0088,0.0088,0.0088,0.0,0.0
5.0,27.0,0.0088,0.0088,0.0088,0.0088,0.0,0.0
5.0,26.0,0.0088,0.0088,0.0088,0.0088,0.0,0.0
5.0,23.0,0.0088,0.0088,0.0088,0.0088,0.0,0.0
5.0,22.0,0.0088,0.0088,0.0088,0.0088,0.0,0.0
5.0,21.0,0.0088,0.0088,0.0088,0.0088,0.0,0.0
5.0,20.0,0.0088,0.0088,0.0088,0.0088,0.0,0.0
5.0,19.0,0.0088,0.0088,0.0088,0.0088,0.0,0.0
5.0,16.0,0.0088,0.0088,0.0088,0.0088,0.0,0.0
5.0,15.0,0.0088,0.0088,0.0088,0.0088,0.0,0.0
5.0,14.0,0.0088,0.0088,0.0088,0.0088,0.0,0.0
5.0,13.0,0.0088,0.0088,0.0088,0.0088,0.0,0.0
5.0,12.0,0.0088,0.0088,0.0088,0.0088,0.0,0.0
5.0,9.0,0.0088,0.0088,0.0088,0.0088,0.0,0.0
5.0,8.0,0.0088,0.0088,0.0088,0.0088,10000.0,0.0
5.0,7.0,0.0224,0.0224,0.0224,0.0224,0.0,0.0
5.0,6.0,0.0224,0.0224,0.0224,0.0224,0.0,0.0
5.0,5.0,0.0224,0.0224,0.0224,0.0224,0.0,0.0
5.0,2.0,0.0224,0.0224,0.0224,0.0224,0.0,0.0
5.0,1.0,0.0224,0.0224,0.0224,0.0224,0.0,0.0
4.0,30.0,0.0224,0.0224,0.0224,0.0224,0.0,0.0
4.0,29.0,0.0224,0.0224,0.0224,0.0224,0.0,0.0
4.0,28.0,0.0224,0.0224,0.0224,0.0224,0.0,0.0
4.0,25.0,0.0224,0.0224,0.0224,0.0224,0.0,0.0
4.0,24.0,0.0224,0.0224,0.0224,0.0224,0.0,0.0
4.0,23.0,0.0224,0.0224,0.0224,0.0224,0.0,0.0
4.0,22.0,0.0224,0.0224,0.0224,0.0224,0.0,0.0
4.0,21.0,0.0224,0.0224,0.0224,0.0224,0.0,0.0
4.0,18.0,0.0224,0.0224,0.0224,0.0224,0.0,0.0
4.0,17.0,0.0224,0.0224,0.0224,0.0224,0.0,0.0
4.0,16.0,0.0224,0.0224,0.0224,0.0224,0.0,0.0
4.0,15.0,0.0224,0.0224,0.0224,0.0224,0.0,0.0
4.0,14.0,0.0224,0.0224,0.0224,0.0224,0.0,0.0
4.0,11.0,0.0224,0.0224,0.0224,0.0224,0.0,0.0
4.0,10.0,0.0224,0.0224,0.0224,0.0224,0.0,0.0
4.0,9.0,0.0224,0.0224,0.0224,0.0224,0.0,0.0
4.0,8.0,0.0224,0.0224,0.0224,0.0224,0.0,0.0
4.0,7.0,0.0224,0.0224,0.0224,0.0224,0.0,0.0
4.0,4.0,0.0224,0.0224,0.0224,0.0224,0.0,0.0
4.0,3.0,0.0224,0.0224,0.0224,0.0224,0.0,0.0
4.0,2.0,0.0224,0.0224,0.0224,0.0224,0.0,0.0
4.0,1.0,0.0224,0.0224,0.0224,0.0224,0.0,0.0
3.0,31.0,0.0224,0.0224,0.0224,0.0224,0.0,0.0
3.0,28.0,0.0224,0.0224,0.0224,0.0224,0.0,0.0
3.0,27.0,0.0224,0.0224,0.0224,0.0224,0.0,0.0
3.0,26.0,0.0224,0.0224,0.0224,0.0224,0.0,0.0
3.0,25.0,0.0224,0.0224,0.0224,0.0224,0.0,0.0
3.0,24.0,0.0224,0.0224,0.0224,0.0224,0.0,0.0
3.0,21.0,0.0224,0.0224,0.0224,0.0224,0.0,0.0
3.0,20.0,0.0224,0.0224,0.0224,0.0224,0.0,0.0
3.0,19.0,0.0224,0.0224,0.0224,0.0224,0.0,0.0
3.0,18.0,0.0224,0.0224,0.0224,0.0224,0.0,0.0
3.0,17.0,0.0224,0.0224,0.0224,0.0224,0.0,0.0
3.0,14.0,0.0224,0.0224,0.0224,0.0224,0.0,0.0
3.0,13.0,0.017,0.0224,0.017,0.0224,221000.0,0.0053999999999999986
3.0,12.0,0.011,0.011,0.011,0.011,0.0,0.0
3.0,11.0,0.011,0.011,0.011,0.011,0.0,0.0
3.0,10.0,0.011,0.011,0.011,0.011,0.0,0.0
3.0,7.0,0.011,0.011,0.011,0.011,0.0,0.0
3.0,6.0,0.011,0.011,0.011,0.011,0.0,0.0
3.0,5.0,0.011,0.011,0.011,0.011,0.0,0.0
3.0,4.0,0.011,0.011,0.011,0.011,0.0,0.0
3.0,3.0,0.011,0.011,0.011,0.011,0.0,0.0
2.0,28.0,0.011,0.011,0.011,0.011,0.0,0.0
2.0,27.0,0.011,0.011,0.011,0.011,0.0,0.0
2.0,26.0,0.011,0.011,0.011,0.011,0.0,0.0
2.0,25.0,0.011,0.011,0.011,0.011,0.0,0.0
2.0,24.0,0.011,0.011,0.011,0.011,0.0,0.0
2.0,21.0,0.011,0.011,0.011,0.011,0.0,0.0
2.0,20.0,0.011,0.011,0.011,0.011,0.0,0.0
2.0,19.0,0.011,0.011,0.011,0.011,0.0,0.0
2.0,18.0,0.011,0.011,0.011,0.011,0.0,0.0
2.0,17.0,0.011,0.011,0.011,0.011,0.0,0.0
2.0,14.0,0.011,0.011,0.011,0.011,0.0,0.0
2.0,13.0,0.011,0.011,0.011,0.011,0.0,0.0
2.0,12.0,0.011,0.011,0.011,0.011,0.0,0.0
2.0,11.0,0.011,0.011,0.011,0.011,0.0,0.0
2.0,10.0,0.011,0.011,0.011,0.011,0.0,0.0
2.0,7.0,0.011,0.011,0.011,0.011,10000.0,0.0
2.0,6.0,0.013,0.013,0.013,0.013,0.0,0.0
2.0,5.0,0.013,0.013,0.013,0.013,0.0,0.0
2.0,4.0,0.013,0.013,0.013,0.013,0.0,0.0
2.0,3.0,0.013,0.013,0.013,0.013,0.0,0.0
1.0,31.0,0.013,0.013,0.013,0.013,0.0,0.0
1.0,30.0,0.013,0.013,0.013,0.013,0.0,0.0
1.0,29.0,0.013,0.013,0.013,0.013,0.0,0.0
1.0,28.0,0.013,0.013,0.013,0.013,0.0,0.0
1.0,27.0,0.013,0.013,0.013,0.013,0.0,0.0
1.0,24.0,0.013,0.013,0.013,0.013,0.0,0.0
1.0,23.0,0.013,0.013,0.013,0.013,0.0,0.0
1.0,22.0,0.013,0.013,0.013,0.013,0.0,0.0
1.0,21.0,0.013,0.013,0.013,0.013,0.0,0.0
1.0,20.0,0.013,0.013,0.013,0.013,0.0,0.0
1.0,17.0,0.013,0.013,0.013,0.013,0.0,0.0
1.0,16.0,0.013,0.013,0.013,0.013,0.0,0.0
1.0,15.0,0.013,0.013,0.013,0.013,0.0,0.0
1.0,14.0,0.013,0.013,0.013,0.013,0.0,0.0
1.0,13.0,0.013,0.013,0.013,0.013,0.0,0.0
1.0,10.0,0.013,0.013,0.013,0.013,0.0,0.0
1.0,9.0,0.013,0.013,0.013,0.013,0.0,0.0
1.0,8.0,0.013,0.013,0.013,0.013,50000.0,0.0
1.0,7.0,0.01,0.01,0.01,0.01,0.0,0.0
1.0,6.0,0.01,0.01,0.01,0.01,0.0,0.0
1.0,3.0,0.01,0.01,0.01,0.01,0.0,0.0
1.0,2.0,0.01,0.01,0.01,0.01,0.0,0.0
1.0,1.0,0.01,0.01,0.01,0.01,0.0,0.0
12.0,31.0,0.01,0.01,0.01,0.01,0.0,0.0
12.0,30.0,0.01,0.01,0.01,0.01,0.0,0.0
12.0,27.0,0.01,0.01,0.01,0.01,2000.0,0.0
12.0,26.0,0.006,0.006,0.006,0.006,0.0,0.0
12.0,25.0,0.006,0.006,0.006,0.006,0.0,0.0
12.0,24.0,0.006,0.006,0.006,0.006,0.0,0.0
12.0,23.0,0.006,0.006,0.006,0.006,0.0,0.0
12.0,20.0,0.006,0.006,0.006,0.006,200000.0,0.0
12.0,19.0,0.0051,0.0051,0.0051,0.0051,0.0,0.0
12.0,18.0,0.0051,0.0051,0.0051,0.0051,0.0,0.0
12.0,17.0,0.0051,0.0051,0.0051,0.0051,0.0,0.0
12.0,16.0,0.0051,0.0051,0.0051,0.0051,0.0,0.0
12.0,13.0,0.0051,0.0051,0.0051,0.0051,0.0,0.0
12.0,12.0,0.0051,0.0051,0.0051,0.0051,0.0,0.0
12.0,11.0,0.0051,0.0051,0.0051,0.0051,0.0,0.0
12.0,10.0,0.0051,0.0051,0.0051,0.0051,0.0,0.0
12.0,9.0,0.0051,0.0051,0.0051,0.0051,0.0,0.0
12.0,6.0,0.0051,0.0051,0.0051,0.0051,0.0,0.0
12.0,5.0,0.0051,0.0051,0.0051,0.0051,0.0,0.0
12.0,4.0,0.0051,0.0051,0.0051,0.0051,0.0,0.0
12.0,3.0,0.0051,0.0051,0.0051,0.0051,0.0,0.0
12.0,2.0,0.0051,0.0051,0.0051,0.0051,0.0,0.0
11.0,29.0,0.0051,0.0051,0.0051,0.0051,0.0,0.0
11.0,28.0,0.0051,0.0051,0.0051,0.0051,0.0,0.0
11.0,27.0,0.0051,0.0051,0.0051,0.0051,0.0,0.0
11.0,26.0,0.0051,0.0051,0.0051,0.0051,0.0,0.0
11.0,25.0,0.0051,0.0051,0.0051,0.0051,0.0,0.0
11.0,22.0,0.0051,0.0051,0.0051,0.0051,0.0,0.0
11.0,21.0,0.0051,0.0051,0.0051,0.0051,0.0,0.0
11.0,20.0,0.0051,0.0051,0.0051,0.0051,0.0,0.0
11.0,19.0,0.0051,0.0051,0.0051,0.0051,0.0,0.0
11.0,18.0,0.0051,0.0051,0.0051,0.0051,0.0,0.0
11.0,15.0,0.0051,0.0051,0.0051,0.0051,0.0,0.0
11.0,14.0,0.0051,0.0051,0.0051,0.0051,10000.0,0.0
11.0,13.0,0.0051,0.0051,0.0051,0.0051,0.0,0.0
11.0,12.0,0.0051,0.0051,0.0051,0.0051,0.0,0.0
11.0,11.0,0.0051,0.0051,0.0051,0.0051,0.0,0.0
11.0,8.0,0.0051,0.0051,0.0051,0.0051,0.0,0.0
11.0,7.0,0.0051,0.0051,0.0051,0.0051,0.0,0.0
11.0,6.0,0.0051,0.0051,0.0051,0.0051,0.0,0.0
11.0,5.0,0.0051,0.0051,0.0051,0.0051,0.0,0.0
11.0,4.0,0.0051,0.0051,0.0051,0.0051,0.0,0.0
11.0,1.0,0.0051,0.0051,0.0051,0.0051,0.0,0.0
10.0,31.0,0.0051,0.0051,0.0051,0.0051,0.0,0.0
10.0,30.0,0.0051,0.0051,0.0051,0.0051,0.0,0.0
10.0,29.0,0.0051,0.0051,0.0051,0.0051,0.0,0.0
10.0,28.0,0.0051,0.0051,0.0051,0.0051,0.0,0.0
10.0,25.0,0.0051,0.0051,0.0051,0.0051,0.0,0.0
10.0,24.0,0.0051,0.0051,0.0051,0.0051,0.0,0.0
10.0,23.0,0.0051,0.0051,0.0051,0.0051,0.0,0.0
10.0,22.0,0.0051,0.0051,0.0051,0.0051,0.0,0.0
10.0,21.0,0.0051,0.0051,0.0051,0.0051,0.0,0.0
10.0,18.0,0.0051,0.0051,0.0051,0.0051,0.0,0.0
10.0,17.0,0.0051,0.0051,0.0051,0.0051,1500.0,0.0
10.0,16.0,0.0051,0.0051,0.0051,0.0051,0.0,0.0
10.0,15.0,0.0051,0.0051,0.0051,0.0051,0.0,0.0
10.0,14.0,0.0051,0.0051,0.0051,0.0051,0.0,0.0
10.0,11.0,0.0051,0.0051,0.0051,0.0051,0.0,0.0
10.0,10.0,0.0051,0.0051,0.0051,0.0051,0.0,0.0
10.0,9.0,0.0051,0.0051,0.0051,0.0051,0.0,0.0
10.0,8.0,0.0051,0.0051,0.0051,0.0051,0.0,0.0
10.0,7.0,0.0051,0.0051,0.0051,0.0051,0.0,0.0
10.0,4.0,0.0051,0.0051,0.0051,0.0051,0.0,0.0
10.0,3.0,0.0051,0.0051,0.0051,0.0051,0.0,0.0
10.0,2.0,0.0051,0.0051,0.0051,0.0051,0.0,0.0
10.0,1.0,0.0051,0.0051,0.0051,0.0051,0.0,0.0
9.0,30.0,0.0051,0.0051,0.0051,0.0051,0.0,0.0
9.0,27.0,0.0051,0.0051,0.0051,0.0051,0.0,0.0
9.0,26.0,0.0051,0.0051,0.0051,0.0051,0.0,0.0
9.0,25.0,0.0051,0.0051,0.0051,0.0051,0.0,0.0
9.0,24.0,0.0051,0.0051,0.0051,0.0051,0.0,0.0
9.0,23.0,0.0051,0.0051,0.0051,0.0051,0.0,0.0
9.0,20.0,0.0051,0.0051,0.0051,0.0051,0.0,0.0
9.0,19.0,0.0051,0.0051,0.0051,0.0051,0.0,0.0
9.0,18.0,0.0051,0.0051,0.0051,0.0051,0.0,0.0
9.0,17.0,0.0051,0.0051,0.0051,0.0051,0.0,0.0
9.0,16.0,0.0051,0.0051,0.0051,0.0051,0.0,0.0
9.0,13.0,0.0051,0.0051,0.0051,0.0051,0.0,0.0
9.0,12.0,0.0051,0.0051,0.0051,0.0051,0.0,0.0
9.0,11.0,0.0051,0.0051,0.0051,0.0051,94000.0,0.0
9.0,10.0,0.008,0.008,0.008,0.008,0.0,0.0
9.0,9.0,0.008,0.008,0.008,0.008,0.0,0.0
9.0,6.0,0.008,0.008,0.008,0.008,0.0,0.0
9.0,5.0,0.008,0.008,0.008,0.008,0.0,0.0
9.0,4.0,0.008,0.008,0.008,0.008,0.0,0.0
9.0,3.0,0.008,0.008,0.008,0.008,0.0,0.0
9.0,2.0,0.008,0.008,0.008,0.008,0.0,0.0
8.0,30.0,0.008,0.008,0.008,0.008,0.0,0.0
8.0,29.0,0.008,0.008,0.008,0.008,0.0,0.0
8.0,28.0,0.008,0.008,0.008,0.008,0.0,0.0
8.0,27.0,0.008,0.008,0.008,0.008,0.0,0.0
8.0,26.0,0.008,0.008,0.008,0.008,0.0,0.0
8.0,23.0,0.008,0.008,0.008,0.008,0.0,0.0
8.0,22.0,0.008,0.008,0.008,0.008,10000.0,0.0
8.0,21.0,0.008,0.008,0.008,0.008,0.0,0.0
8.0,20.0,0.008,0.008,0.008,0.008,0.0,0.0
8.0,19.0,0.008,0.008,0.008,0.008,0.0,0.0
8.0,16.0,0.008,0.008,0.008,0.008,0.0,0.0
8.0,15.0,0.008,0.008,0.008,0.008,0.0,0.0
8.0,14.0,0.008,0.008,0.008,0.008,0.0,0.0
8.0,13.0,0.008,0.008,0.008,0.008,0.0,0.0
8.0,12.0,0.008,0.008,0.008,0.008,0.0,0.0
8.0,9.0,0.008,0.008,0.008,0.008,0.0,0.0
8.0,8.0,0.008,0.008,0.008,0.008,0.0,0.0
8.0,7.0,0.008,0.008,0.008,0.008,0.0,0.0
8.0,6.0,0.008,0.008,0.008,0.008,0.0,0.0
8.0,5.0,0.01,0.01,0.008,0.008,125000.0,-0.002
8.0,2.0,0.0119,0.0119,0.0119,0.0119,0.0,0.0
8.0,1.0,0.0119,0.0119,0.0119,0.0119,70000.0,0.0
7.0,31.0,0.01,0.01,0.01,0.01,0.0,0.0
7.0,30.0,0.01,0.01,0.01,0.01,0.0,0.0
7.0,29.0,0.01,0.01,0.01,0.01,0.0,0.0
7.0,26.0,0.01,0.01,0.01,0.01,40000.0,0.0
7.0,25.0,0.0245,0.0245,0.0245,0.0245,0.0,0.0
7.0,24.0,0.0245,0.0245,0.0245,0.0245,0.0,0.0
7.0,23.0,0.0245,0.0245,0.0245,0.0245,0.0,0.0
7.0,22.0,0.0245,0.0245,0.0245,0.0245,0.0,0.0
7.0,19.0,0.0245,0.0245,0.0245,0.0245,0.0,0.0
7.0,18.0,0.0245,0.0245,0.0245,0.0245,0.0,0.0
7.0,17.0,0.0245,0.0245,0.0245,0.0245,0.0,0.0
7.0,16.0,0.0245,0.0245,0.0245,0.0245,0.0,0.0
7.0,15.0,0.0245,0.0245,0.0245,0.0245,0.0,0.0
7.0,12.0,0.0245,0.0245,0.0245,0.0245,0.0,0.0
7.0,11.0,0.0245,0.0245,0.0245,0.0245,0.0,0.0
7.0,10.0,0.0245,0.0245,0.0245,0.0245,0.0,0.0
7.0,9.0,0.0245,0.0245,0.0245,0.0245,0.0,0.0
7.0,8.0,0.0245,0.0245,0.0245,0.0245,0.0,0.0
7.0,5.0,0.0245,0.0245,0.0245,0.0245,0.0,0.0
7.0,4.0,0.0245,0.0245,0.0245,0.0245,0.0,0.0
7.0,3.0,0.0245,0.0245,0.0245,0.0245,0.0,0.0
7.0,2.0,0.0245,0.0245,0.0245,0.0245,0.0,0.0
7.0,1.0,0.0245,0.0245,0.0245,0.0245,0.0,0.0
6.0,28.0,0.0245,0.0245,0.0245,0.0245,0.0,0.0
6.0,27.0,0.0245,0.0245,0.0245,0.0245,0.0,0.0
6.0,26.0,0.0245,0.0245,0.0245,0.0245,0.0,0.0
6.0,25.0,0.0245,0.0245,0.0245,0.0245,0.0,0.0
6.0,24.0,0.0245,0.0245,0.0245,0.0245,0.0,0.0
6.0,21.0,0.0245,0.0245,0.0245,0.0245,0.0,0.0
6.0,20.0,0.0245,0.0245,0.0245,0.0245,0.0,0.0
6.0,19.0,0.0245,0.0245,0.0245,0.0245,0.0,0.0
6.0,18.0,0.0245,0.0245,0.0245,0.0245,0.0,0.0
6.0,17.0,0.0245,0.0245,0.0245,0.0245,0.0,0.0
6.0,14.0,0.0245,0.0245,0.0245,0.0245,0.0,0.0
6.0,13.0,0.0245,0.0245,0.0245,0.0245,0.0,0.0
6.0,12.0,0.0245,0.0245,0.0245,0.0245,0.0,0.0
6.0,11.0,0.0245,0.0245,0.0245,0.0245,0.0,0.0
6.0,10.0,0.0245,0.0245,0.0245,0.0245,0.0,0.0
6.0,7.0,0.0245,0.0245,0.0245,0.0245,0.0,0.0
6.0,6.0,0.0245,0.0245,0.0245,0.0245,0.0,0.0
6.0,5.0,0.0245,0.0245,0.0245,0.0245,0.0,0.0
6.0,4.0,0.0245,0.0245,0.0245,0.0245,0.0,0.0
6.0,3.0,0.0245,0.0245,0.0245,0.0245,0.0,0.0
5.0,31.0,0.0245,0.0245,0.0245,0.0245,0.0,0.0
5.0,30.0,0.0245,0.0245,0.0245,0.0245,0.0,0.0
5.0,29.0,0.0245,0.0245,0.0245,0.0245,0.0,0.0
5.0,28.0,0.0245,0.0245,0.0245,0.0245,0.0,0.0
5.0,27.0,0.0245,0.0245,0.0245,0.0245,0.0,0.0
5.0,24.0,0.0245,0.0245,0.0245,0.0245,0.0,0.0
5.0,23.0,0.0245,0.0245,0.0245,0.0245,0.0,0.0
5.0,22.0,0.0245,0.0245,0.0245,0.0245,0.0,0.0
5.0,21.0,0.0245,0.0245,0.0245,0.0245,5000.0,0.0
5.0,20.0,0.019,0.019,0.019,0.019,0.0,0.0
5.0,17.0,0.019,0.019,0.019,0.019,0.0,0.0
5.0,16.0,0.019,0.019,0.019,0.019,0.0,0.0
5.0,15.0,0.019,0.019,0.019,0.019,0.0,0.0
5.0,14.0,0.019,0.019,0.019,0.019,0.0,0.0
5.0,13.0,0.019,0.019,0.019,0.019,0.0,0.0
5.0,10.0,0.019,0.019,0.019,0.019,0.0,0.0
5.0,9.0,0.019,0.019,0.019,0.019,0.0,0.0
5.0,8.0,0.019,0.019,0.019,0.019,0.0,0.0
5.0,7.0,0.019,0.019,0.019,0.019,0.0,0.0
5.0,6.0,0.019,0.019,0.019,0.019,0.0,0.0
5.0,3.0,0.019,0.019,0.019,0.019,0.0,0.0
5.0,2.0,0.019,0.019,0.019,0.019,0.0,0.0
5.0,1.0,0.019,0.019,0.019,0.019,0.0,0.0
4.0,30.0,0.019,0.019,0.019,0.019,0.0,0.0
4.0,29.0,0.019,0.019,0.019,0.019,0.0,0.0
4.0,26.0,0.019,0.019,0.019,0.019,0.0,0.0
4.0,25.0,0.019,0.019,0.019,0.019,0.0,0.0
4.0,24.0,0.019,0.019,0.019,0.019,0.0,0.0
4.0,23.0,0.019,0.019,0.019,0.019,0.0,0.0
4.0,22.0,0.019,0.019,0.019,0.019,0.0,0.0
4.0,19.0,0.019,0.019,0.019,0.019,0.0,0.0
4.0,18.0,0.019,0.019,0.019,0.019,24700.0,0.0
4.0,17.0,0.019,0.019,0.019,0.019,0.0,0.0
4.0,16.0,0.019,0.019,0.019,0.019,0.0,0.0
4.0,15.0,0.019,0.019,0.019,0.019,0.0,0.0
4.0,12.0,0.019,0.019,0.019,0.019,0.0,0.0
4.0,11.0,0.019,0.019,0.019,0.019,0.0,0.0
4.0,10.0,0.019,0.019,0.019,0.019,0.0,0.0
4.0,9.0,0.019,0.019,0.019,0.019,0.0,0.0
4.0,8.0,0.019,0.019,0.019,0.019,0.0,0.0
4.0,5.0,0.019,0.019,0.019,0.019,110000.0,0.0
4.0,4.0,0.015,0.02,0.015,0.02,220000.0,0.005000000000000001
4.0,3.0,0.015,0.015,0.015,0.015,145000.0,0.0
4.0,2.0,0.02,0.02,0.02,0.02,10000.0,0.0
4.0,1.0,0.02,0.02,0.02,0.02,0.0,0.0
3.0,29.0,0.02,0.02,0.02,0.02,0.0,0.0
3.0,28.0,0.02,0.02,0.02,0.02,0.0,0.0
3.0,27.0,0.02,0.02,0.02,0.02,0.0,0.0
3.0,26.0,0.02,0.02,0.02,0.02,0.0,0.0
3.0,25.0,0.02,0.02,0.02,0.02,0.0,0.0
3.0,22.0,0.02,0.02,0.02,0.02,0.0,0.0
3.0,21.0,0.02,0.02,0.02,0.02,0.0,0.0
3.0,20.0,0.02,0.02,0.02,0.02,0.0,0.0
3.0,19.0,0.02,0.02,0.02,0.02,0.0,0.0
3.0,18.0,0.02,0.02,0.02,0.02,0.0,0.0
3.0,15.0,0.02,0.02,0.02,0.02,0.0,0.0
3.0,14.0,0.02,0.02,0.02,0.02,0.0,0.0
3.0,13.0,0.02,0.02,0.02,0.02,0.0,0.0
3.0,12.0,0.02,0.02,0.02,0.02,0.0,0.0
3.0,11.0,0.02,0.02,0.02,0.02,0.0,0.0
3.0,8.0,0.02,0.02,0.02,0.02,0.0,0.0
3.0,7.0,0.02,0.02,0.02,0.02,10000.0,0.0
3.0,6.0,0.036,0.036,0.036,0.036,0.0,0.0
3.0,5.0,0.036,0.036,0.036,0.036,0.0,0.0
3.0,4.0,0.036,0.036,0.036,0.036,0.0,0.0
3.0,1.0,0.036,0.036,0.036,0.036,1000.0,0.0
2.0,28.0,0.024,0.024,0.024,0.024,0.0,0.0
2.0,27.0,0.024,0.024,0.024,0.024,0.0,0.0
2.0,26.0,0.024,0.024,0.024,0.024,0.0,0.0
2.0,25.0,0.024,0.024,0.024,0.024,0.0,0.0
2.0,22.0,0.024,0.024,0.024,0.024,0.0,0.0
2.0,21.0,0.024,0.024,0.024,0.024,5400.0,0.0
2.0,20.0,0.037,0.037,0.037,0.037,130000.0,0.0
2.0,19.0,0.0227,0.0227,0.0227,0.0227,0.0,0.0
2.0,18.0,0.0227,0.0227,0.0227,0.0227,0.0,0.0
2.0,15.0,0.0227,0.0227,0.0227,0.0227,0.0,0.0
2.0,14.0,0.0227,0.0227,0.0227,0.0227,0.0,0.0
2.0,13.0,0.0227,0.0227,0.0227,0.0227,0.0,0.0
2.0,12.0,0.0227,0.0227,0.0227,0.0227,0.0,0.0
2.0,11.0,0.0227,0.0227,0.0227,0.0227,0.0,0.0
2.0,8.0,0.0227,0.0227,0.0227,0.0227,0.0,0.0
2.0,7.0,0.0227,0.0227,0.0227,0.0227,0.0,0.0
2.0,6.0,0.0227,0.0227,0.0227,0.0227,0.0,0.0
2.0,5.0,0.0227,0.0227,0.0227,0.0227,0.0,0.0
2.0,4.0,0.0227,0.0227,0.0227,0.0227,0.0,0.0
2.0,1.0,0.0227,0.0227,0.0227,0.0227,0.0,0.0
1.0,31.0,0.0227,0.0227,0.0227,0.0227,0.0,0.0
1.0,30.0,0.0227,0.0227,0.0227,0.0227,0.0,0.0
1.0,29.0,0.0227,0.0227,0.0227,0.0227,0.0,0.0
1.0,28.0,0.0227,0.0227,0.0227,0.0227,0.0,0.0
1.0,25.0,0.0227,0.0227,0.0227,0.0227,0.0,0.0
1.0,24.0,0.0227,0.0227,0.0227,0.0227,0.0,0.0
1.0,23.0,0.0227,0.0227,0.0227,0.0227,0.0,0.0
1.0,22.0,0.0227,0.0227,0.0227,0.0227,0.0,0.0
1.0,21.0,0.0227,0.0227,0.0227,0.0227,0.0,0.0
1.0,18.0,0.0227,0.0227,0.0227,0.0227,20000.0,0.0
1.0,17.0,0.0228,0.0228,0.0228,0.0228,0.0,0.0
1.0,16.0,0.0228,0.0228,0.0228,0.0228,0.0,0.0
1.0,15.0,0.0228,0.0228,0.0228,0.0228,0.0,0.0
1.0,14.0,0.0228,0.0228,0.016,0.0228,98500.0,0.0
1.0,11.0,0.0228,0.0228,0.0228,0.0228,15000.0,0.0
1.0,10.0,0.02,0.02,0.02,0.02,81000.0,0.0
1.0,9.0,0.0232,0.0232,0.019,0.0195,97000.0,-0.0036999999999999984
1.0,8.0,0.026,0.03,0.026,0.03,445000.0,0.004
1.0,7.0,0.03,0.03,0.03,0.03,0.0,0.0
1.0,4.0,0.03,0.03,0.03,0.03,0.0,0.0
1.0,3.0,0.029,0.03,0.029,0.03,10000.0,9.999999999999974E-4
1.0,2.0,0.0251,0.0251,0.0251,0.0251,0.0,0.0
1.0,1.0,0.0251,0.0251,0.0251,0.0251,0.0,0.0
12.0,31.0,0.0251,0.0251,0.0251,0.0251,0.0,0.0
12.0,28.0,0.025,0.0251,0.025,0.0251,12500.0,9.99999999999994E-5
12.0,27.0,0.021,0.021,0.021,0.021,0.0,0.0
12.0,26.0,0.021,0.021,0.021,0.021,2000.0,0.0
12.0,25.0,0.028,0.028,0.028,0.028,0.0,0.0
12.0,24.0,0.028,0.028,0.028,0.028,0.0,0.0
12.0,21.0,0.028,0.028,0.028,0.028,0.0,0.0
12.0,20.0,0.028,0.028,0.028,0.028,0.0,0.0
12.0,19.0,0.028,0.028,0.028,0.028,0.0,0.0
12.0,18.0,0.028,0.028,0.028,0.028,0.0,0.0
12.0,17.0,0.028,0.028,0.028,0.028,40000.0,0.0
12.0,14.0,0.028,0.028,0.028,0.028,0.0,0.0
12.0,13.0,0.028,0.028,0.028,0.028,0.0,0.0
12.0,12.0,0.028,0.028,0.028,0.028,0.0,0.0
12.0,11.0,0.028,0.028,0.028,0.028,0.0,0.0
12.0,10.0,0.0228,0.028,0.0228,0.028,451000.0,0.0052
12.0,7.0,0.0227,0.0227,0.0227,0.0227,40000.0,0.0
12.0,6.0,0.0277,0.0277,0.0277,0.0277,0.0,0.0
12.0,5.0,0.0277,0.0277,0.0277,0.0277,0.0,0.0
12.0,4.0,0.023,0.0277,0.023,0.0277,188000.0,0.004699999999999999
12.0,3.0,0.0277,0.0277,0.0277,0.0277,0.0,0.0
11.0,30.0,0.0277,0.0277,0.0277,0.0277,0.0,0.0
11.0,29.0,0.0277,0.033,0.0277,0.0277,56000.0,0.0
11.0,28.0,0.038,0.038,0.038,0.038,0.0,0.0
11.0,27.0,0.038,0.038,0.038,0.038,5700.0,0.0
11.0,26.0,0.038,0.038,0.038,0.038,35000.0,0.0
11.0,23.0,0.028,0.028,0.028,0.028,0.0,0.0
11.0,22.0,0.028,0.028,0.028,0.028,0.0,0.0
11.0,21.0,0.028,0.0325,0.028,0.028,13000.0,0.0
11.0,20.0,0.028,0.028,0.028,0.028,23000.0,0.0
11.0,19.0,0.0275,0.0275,0.0275,0.0275,0.0,0.0
11.0,16.0,0.0275,0.0275,0.0275,0.0275,0.0,0.0
11.0,15.0,0.0275,0.0275,0.0275,0.0275,0.0,0.0
11.0,14.0,0.0275,0.0275,0.0275,0.0275,15000.0,0.0
11.0,13.0,0.0275,0.0275,0.022,0.0275,50000.0,0.0
11.0,12.0,0.0275,0.0275,0.0275,0.0275,0.0,0.0
11.0,9.0,0.0275,0.0275,0.0275,0.0275,14000.0,0.0
11.0,8.0,0.028,0.0325,0.0275,0.0275,70000.0,-5.000000000000004E-4
11.0,7.0,0.035,0.035,0.035,0.035,0.0,0.0
11.0,6.0,0.035,0.035,0.035,0.035,0.0,0.0
11.0,5.0,0.035,0.035,0.035,0.035,0.0,0.0
11.0,2.0,0.035,0.035,0.035,0.035,0.0,0.0
11.0,1.0,0.035,0.035,0.035,0.035,0.0,0.0
10.0,31.0,0.035,0.035,0.035,0.035,100000.0,0.0
10.0,30.0,0.033,0.033,0.033,0.033,0.0,0.0
10.0,29.0,0.033,0.033,0.033,0.033,0.0,0.0
10.0,26.0,0.033,0.033,0.033,0.033,0.0,0.0
10.0,25.0,0.033,0.033,0.033,0.033,0.0,0.0
10.0,24.0,0.033,0.033,0.033,0.033,10000.0,0.0
10.0,23.0,0.034,0.034,0.034,0.034,0.0,0.0
10.0,22.0,0.034,0.034,0.034,0.034,0.0,0.0
10.0,19.0,0.034,0.034,0.034,0.034,0.0,0.0
10.0,18.0,0.034,0.034,0.034,0.034,0.0,0.0
10.0,17.0,0.034,0.034,0.034,0.034,0.0,0.0
10.0,16.0,0.034,0.034,0.034,0.034,0.0,0.0
10.0,15.0,0.034,0.034,0.034,0.034,150000.0,0.0
10.0,12.0,0.033,0.033,0.033,0.033,0.0,0.0
10.0,11.0,0.033,0.033,0.033,0.033,0.0,0.0
10.0,10.0,0.033,0.033,0.033,0.033,0.0,0.0
10.0,9.0,0.033,0.033,0.033,0.033,0.0,0.0
10.0,8.0,0.033,0.033,0.033,0.033,0.0,0.0
10.0,4.0,0.033,0.033,0.033,0.033,0.0,0.0
10.0,3.0,0.033,0.033,0.033,0.033,0.0,0.0
10.0,2.0,0.033,0.033,0.033,0.033,0.0,0.0
10.0,1.0,0.033,0.033,0.033,0.033,0.0,0.0
9.0,28.0,0.033,0.033,0.033,0.033,0.0,0.0
9.0,27.0,0.033,0.033,0.033,0.033,0.0,0.0
9.0,26.0,0.033,0.033,0.033,0.033,0.0,0.0
9.0,25.0,0.033,0.033,0.033,0.033,0.0,0.0
9.0,24.0,0.033,0.033,0.033,0.033,0.0,0.0
9.0,21.0,0.042,0.042,0.033,0.033,13000.0,-0.009000000000000001
9.0,20.0,0.045,0.045,0.045,0.045,0.0,0.0
9.0,19.0,0.045,0.045,0.045,0.045,0.0,0.0
9.0,18.0,0.045,0.045,0.045,0.045,0.0,0.0
9.0,17.0,0.045,0.045,0.045,0.045,0.0,0.0
9.0,14.0,0.045,0.045,0.045,0.045,0.0,0.0
9.0,13.0,0.045,0.045,0.045,0.045,0.0,0.0
9.0,12.0,0.045,0.045,0.045,0.045,0.0,0.0
9.0,11.0,0.045,0.045,0.045,0.045,0.0,0.0
9.0,10.0,0.045,0.045,0.045,0.045,0.0,0.0
9.0,7.0,0.045,0.045,0.045,0.045,0.0,0.0
9.0,6.0,0.045,0.045,0.045,0.045,15000.0,0.0
9.0,5.0,0.041,0.041,0.041,0.041,1000.0,0.0
9.0,4.0,0.043,0.043,0.043,0.043,1000.0,0.0
9.0,3.0,0.038,0.038,0.038,0.038,0.0,0.0
8.0,31.0,0.04,0.04,0.038,0.038,185000.0,-0.0020000000000000018
8.0,30.0,0.041,0.041,0.041,0.041,4400.0,0.0
8.0,29.0,0.025,0.025,0.025,0.025,0.0,0.0
8.0,28.0,0.025,0.025,0.025,0.025,0.0,0.0
8.0,27.0,0.025,0.025,0.025,0.025,100000.0,0.0
8.0,24.0,0.031,0.031,0.028,0.028,239800.0,-0.002999999999999999
8.0,23.0,0.0225,0.0225,0.0225,0.0225,0.0,0.0
8.0,22.0,0.0225,0.0225,0.0225,0.0225,0.0,0.0
8.0,21.0,0.0225,0.0225,0.0225,0.0225,0.0,0.0
8.0,20.0,0.0225,0.0225,0.0225,0.0225,0.0,0.0
8.0,17.0,0.0225,0.0225,0.0225,0.0225,0.0,0.0
8.0,16.0,0.0225,0.0225,0.0225,0.0225,0.0,0.0
8.0,15.0,0.0225,0.0225,0.0225,0.0225,0.0,0.0
8.0,14.0,0.0225,0.0225,0.0225,0.0225,5000.0,0.0
8.0,13.0,0.033,0.033,0.033,0.033,2000.0,0.0
8.0,10.0,0.0325,0.0325,0.0325,0.0325,9000.0,0.0
8.0,9.0,0.0325,0.0325,0.0325,0.0325,0.0,0.0
8.0,8.0,0.0325,0.0325,0.0325,0.0325,0.0,0.0
8.0,7.0,0.0325,0.0325,0.0325,0.0325,0.0,0.0
8.0,6.0,0.0325,0.0325,0.0325,0.0325,0.0,0.0
8.0,3.0,0.0325,0.0325,0.0325,0.0325,100000.0,0.0
8.0,2.0,0.0325,0.0325,0.0325,0.0325,0.0,0.0
8.0,1.0,0.0325,0.0325,0.0325,0.0325,200000.0,0.0
7.0,31.0,0.028,0.028,0.028,0.028,0.0,0.0
7.0,30.0,0.028,0.028,0.028,0.028,0.0,0.0
7.0,27.0,0.028,0.028,0.028,0.028,0.0,0.0
7.0,26.0,0.028,0.028,0.028,0.028,0.0,0.0
7.0,25.0,0.028,0.028,0.028,0.028,0.0,0.0
7.0,24.0,0.028,0.028,0.028,0.028,0.0,0.0
7.0,23.0,0.028,0.028,0.028,0.028,0.0,0.0
7.0,20.0,0.028,0.028,0.028,0.028,0.0,0.0
7.0,19.0,0.028,0.028,0.028,0.028,0.0,0.0
7.0,18.0,0.028,0.028,0.028,0.028,0.0,0.0
7.0,17.0,0.028,0.028,0.028,0.028,0.0,0.0
7.0,16.0,0.028,0.028,0.028,0.028,0.0,0.0
7.0,13.0,0.028,0.028,0.028,0.028,0.0,0.0
7.0,12.0,0.028,0.028,0.028,0.028,0.0,0.0
7.0,11.0,0.028,0.028,0.028,0.028,0.0,0.0
7.0,10.0,0.028,0.028,0.028,0.028,0.0,0.0
7.0,9.0,0.028,0.028,0.028,0.028,0.0,0.0
7.0,6.0,0.028,0.028,0.028,0.028,0.0,0.0
7.0,5.0,0.028,0.028,0.028,0.028,0.0,0.0
7.0,4.0,0.028,0.028,0.028,0.028,0.0,0.0
7.0,3.0,0.028,0.028,0.028,0.028,0.0,0.0
7.0,2.0,0.028,0.028,0.028,0.028,0.0,0.0
6.0,29.0,0.028,0.028,0.028,0.028,0.0,0.0
6.0,28.0,0.028,0.028,0.028,0.028,100000.0,0.0
6.0,27.0,0.05,0.05,0.05,0.05,0.0,0.0
6.0,26.0,0.05,0.05,0.05,0.05,0.0,0.0
6.0,25.0,0.05,0.05,0.05,0.05,0.0,0.0
6.0,22.0,0.05,0.05,0.05,0.05,0.0,0.0
6.0,21.0,0.05,0.05,0.05,0.05,0.0,0.0
6.0,20.0,0.05,0.05,0.05,0.05,0.0,0.0
6.0,19.0,0.05,0.05,0.05,0.05,0.0,0.0
6.0,18.0,0.05,0.05,0.05,0.05,0.0,0.0
6.0,15.0,0.05,0.05,0.05,0.05,0.0,0.0
6.0,14.0,0.05,0.05,0.05,0.05,0.0,0.0
6.0,13.0,0.05,0.05,0.05,0.05,0.0,0.0
6.0,12.0,0.05,0.05,0.05,0.05,0.0,0.0
6.0,11.0,0.05,0.05,0.05,0.05,0.0,0.0
6.0,8.0,0.05,0.05,0.05,0.05,0.0,0.0
6.0,7.0,0.05,0.05,0.05,0.05,0.0,0.0
6.0,6.0,0.05,0.05,0.05,0.05,0.0,0.0
6.0,5.0,0.05,0.05,0.05,0.05,20000.0,0.0
6.0,4.0,0.036,0.039,0.036,0.039,4600.0,0.0030000000000000027
6.0,1.0,0.033,0.033,0.033,0.033,0.0,0.0
5.0,31.0,0.033,0.033,0.033,0.033,5000.0,0.0
5.0,30.0,0.05,0.05,0.05,0.05,0.0,0.0
5.0,29.0,0.05,0.05,0.05,0.05,0.0,0.0
5.0,28.0,0.05,0.05,0.05,0.05,0.0,0.0
5.0,25.0,0.05,0.05,0.05,0.05,0.0,0.0
5.0,24.0,0.05,0.05,0.05,0.05,0.0,0.0
5.0,23.0,0.05,0.05,0.05,0.05,5000.0,0.0
5.0,22.0,0.066,0.066,0.066,0.066,0.0,0.0
5.0,21.0,0.066,0.066,0.066,0.066,0.0,0.0
5.0,18.0,0.066,0.066,0.066,0.066,0.0,0.0
5.0,17.0,0.066,0.066,0.066,0.066,0.0,0.0
5.0,16.0,0.066,0.066,0.066,0.066,0.0,0.0
5.0,15.0,0.066,0.066,0.066,0.066,0.0,0.0
5.0,14.0,0.066,0.066,0.066,0.066,0.0,0.0
5.0,11.0,0.066,0.066,0.066,0.066,0.0,0.0
5.0,10.0,0.066,0.066,0.066,0.066,0.0,0.0
5.0,9.0,0.066,0.066,0.066,0.066,0.0,0.0
5.0,8.0,0.066,0.066,0.066,0.066,0.0,0.0
5.0,7.0,0.066,0.066,0.066,0.066,0.0,0.0
5.0,4.0,0.066,0.066,0.066,0.066,0.0,0.0
5.0,3.0,0.066,0.066,0.066,0.066,0.0,0.0
5.0,2.0,0.066,0.066,0.066,0.066,0.0,0.0
5.0,1.0,0.066,0.066,0.066,0.066,0.0,0.0
4.0,30.0,0.066,0.066,0.066,0.066,5000.0,0.0
4.0,27.0,0.068,0.068,0.068,0.068,0.0,0.0
4.0,26.0,0.068,0.068,0.068,0.068,0.0,0.0
4.0,25.0,0.068,0.068,0.068,0.068,0.0,0.0
4.0,24.0,0.068,0.068,0.068,0.068,0.0,0.0
4.0,23.0,0.068,0.068,0.068,0.068,0.0,0.0
4.0,20.0,0.068,0.068,0.068,0.068,0.0,0.0
4.0,19.0,0.068,0.068,0.068,0.068,0.0,0.0
4.0,18.0,0.068,0.068,0.068,0.068,0.0,0.0
4.0,17.0,0.068,0.068,0.068,0.068,0.0,0.0
4.0,16.0,0.068,0.068,0.068,0.068,0.0,0.0
4.0,13.0,0.068,0.068,0.068,0.068,0.0,0.0
4.0,12.0,0.068,0.068,0.068,0.068,0.0,0.0
4.0,11.0,0.068,0.068,0.068,0.068,0.0,0.0
4.0,10.0,0.068,0.068,0.068,0.068,0.0,0.0
4.0,9.0,0.06,0.068,0.06,0.068,20200.0,0.008000000000000007
4.0,6.0,0.053,0.053,0.053,0.053,0.0,0.0
4.0,5.0,0.053,0.053,0.053,0.053,0.0,0.0
4.0,4.0,0.053,0.053,0.053,0.053,0.0,0.0
4.0,3.0,0.053,0.053,0.053,0.053,0.0,0.0
4.0,2.0,0.053,0.053,0.053,0.053,0.0,0.0
3.0,30.0,0.053,0.053,0.053,0.053,0.0,0.0
3.0,29.0,0.063,0.063,0.053,0.053,105000.0,-0.010000000000000002
3.0,28.0,0.076,0.076,0.076,0.076,0.0,0.0
3.0,27.0,0.076,0.076,0.076,0.076,0.0,0.0
3.0,26.0,0.076,0.076,0.076,0.076,0.0,0.0
3.0,23.0,0.076,0.076,0.076,0.076,5000.0,0.0
3.0,22.0,0.066,0.066,0.066,0.066,0.0,0.0
3.0,21.0,0.066,0.066,0.066,0.066,0.0,0.0
3.0,20.0,0.066,0.066,0.066,0.066,2700.0,0.0
3.0,19.0,0.0885,0.0885,0.0885,0.0885,0.0,0.0
3.0,16.0,0.0885,0.0885,0.0885,0.0885,0.0,0.0
3.0,15.0,0.068,0.089,0.065,0.0885,157000.0,0.02049999999999999
3.0,14.0,0.066,0.066,0.066,0.066,15000.0,0.0
3.0,13.0,0.089,0.089,0.089,0.089,0.0,0.0
3.0,12.0,0.089,0.089,0.089,0.089,0.0,0.0
3.0,9.0,0.089,0.089,0.089,0.089,142500.0,0.0
3.0,8.0,0.079,0.088,0.079,0.088,71300.0,0.008999999999999994
3.0,7.0,0.086,0.086,0.086,0.086,0.0,0.0
3.0,6.0,0.075,0.075,0.075,0.075,55000.0,0.0
3.0,5.0,0.086,0.086,0.086,0.086,0.0,0.0
3.0,2.0,0.086,0.086,0.086,0.086,0.0,0.0
3.0,1.0,0.086,0.086,0.086,0.086,0.0,0.0
2.0,29.0,0.086,0.086,0.086,0.086,18400.0,0.0
2.0,28.0,0.073,0.073,0.073,0.073,0.0,0.0
2.0,27.0,0.073,0.073,0.073,0.073,0.0,0.0
2.0,24.0,0.073,0.073,0.073,0.073,0.0,0.0
2.0,23.0,0.073,0.073,0.073,0.073,0.0,0.0
2.0,22.0,0.073,0.073,0.073,0.073,0.0,0.0
2.0,21.0,0.073,0.073,0.073,0.073,0.0,0.0
2.0,20.0,0.073,0.073,0.073,0.073,0.0,0.0
2.0,17.0,0.073,0.073,0.073,0.073,33000.0,0.0
2.0,16.0,0.075,0.075,0.075,0.075,0.0,0.0
2.0,15.0,0.075,0.075,0.075,0.075,0.0,0.0
2.0,14.0,0.075,0.075,0.075,0.075,0.0,0.0
2.0,13.0,0.075,0.075,0.075,0.075,0.0,0.0
2.0,10.0,0.075,0.075,0.075,0.075,20000.0,0.0
2.0,9.0,0.0794,0.0794,0.0794,0.0794,0.0,0.0
2.0,8.0,0.0794,0.0794,0.0794,0.0794,0.0,0.0
2.0,7.0,0.0794,0.0794,0.0794,0.0794,0.0,0.0
12.0,7.0,0.0795,0.0795,0.0794,0.0794,113000.0,-1.0000000000000286E-4
12.0,6.0,0.0695,0.0695,0.0695,0.0695,0.0,0.0
12.0,5.0,0.0695,0.0695,0.0695,0.0695,0.0,0.0
12.0,2.0,0.0695,0.0695,0.0695,0.0695,0.0,0.0
12.0,1.0,0.0614,0.079,0.0614,0.0695,104300.0,0.008100000000000003
11.0,30.0,0.0587,0.0587,0.0587,0.0587,4100.0,0.0
11.0,29.0,0.0885,0.0885,0.0885,0.0885,0.0,0.0
11.0,28.0,0.0885,0.0885,0.0885,0.0885,0.0,0.0
11.0,25.0,0.0885,0.0885,0.0885,0.0885,0.0,0.0
11.0,24.0,0.0885,0.0885,0.0885,0.0885,0.0,0.0
11.0,23.0,0.0885,0.0885,0.0885,0.0885,0.0,0.0
11.0,22.0,0.0885,0.0885,0.0885,0.0885,0.0,0.0
11.0,21.0,0.0885,0.0885,0.0885,0.0885,0.0,0.0
11.0,18.0,0.0885,0.0885,0.0885,0.0885,0.0,0.0
11.0,17.0,0.0885,0.0885,0.0885,0.0885,0.0,0.0
11.0,9.0,0.0885,0.0885,0.0885,0.0885,5000.0,0.0
11.0,8.0,0.0893,0.0895,0.0893,0.0895,17000.0,1.9999999999999185E-4
10.0,31.0,0.0702,0.0702,0.0702,0.0702,4000.0,0.0
10.0,28.0,0.0704,0.0906,0.0704,0.0906,15000.0,0.020199999999999996
10.0,27.0,0.07,0.07,0.07,0.07,20000.0,0.0
10.0,25.0,0.0865,0.0915,0.0865,0.0915,160000.0,0.0050000000000000044
10.0,24.0,0.0825,0.0825,0.0825,0.0825,40000.0,0.0
10.0,19.0,0.0867,0.0867,0.0867,0.0867,3400.0,0.0
10.0,18.0,0.0883,0.0883,0.0882,0.0882,4000.0,-1.0000000000000286E-4
10.0,17.0,0.0938,0.0938,0.0938,0.0938,5000.0,0.0
10.0,11.0,0.0751,0.0751,0.065,0.065,60000.0,-0.010099999999999998
10.0,6.0,0.077,0.082,0.077,0.0813,24000.0,0.004299999999999998
10.0,5.0,0.0725,0.077,0.0696,0.0696,34300.0,-0.0029
10.0,3.0,0.0598,0.0598,0.0521,0.0521,37500.0,-0.0076999999999999985
9.0,29.0,0.0699,0.0699,0.0699,0.0699,5000.0,0.0
9.0,28.0,0.0735,0.0735,0.0735,0.0735,10000.0,0.0
9.0,22.0,0.0924,0.0925,0.0924,0.0925,40900.0,1.0000000000000286E-4
9.0,21.0,0.0905,0.0948,0.0905,0.0948,33500.0,0.004299999999999998
9.0,20.0,0.0857,0.0882,0.0832,0.0882,18000.0,0.0025000000000000022
9.0,19.0,0.091,0.096,0.091,0.096,75000.0,0.0050000000000000044
9.0,16.0,0.0865,0.0915,0.0842,0.0842,26600.0,-0.0022999999999999965
9.0,14.0,0.076,0.086,0.076,0.086,15000.0,0.009999999999999995
9.0,8.0,0.0759,0.0759,0.0759,0.0759,50000.0,0.0
9.0,7.0,0.0709,0.0709,0.0709,0.0709,2400.0,0.0
9.0,6.0,0.0677,0.0707,0.0677,0.0707,60000.0,0.0030000000000000027
8.0,31.0,0.0742,0.0742,0.0742,0.0742,2000.0,0.0
8.0,24.0,0.0557,0.0557,0.0557,0.0557,900.0,0.0
8.0,19.0,0.0809,0.0809,0.0809,0.0809,400.0,0.0
8.0,15.0,0.0612,0.0612,0.0612,0.0612,1000.0,0.0
8.0,9.0,0.0857,0.0857,0.0857,0.0857,1000.0,0.0
8.0,3.0,0.068,0.0881,0.068,0.0881,43500.0,0.020099999999999993
7.0,29.0,0.0654,0.0654,0.0654,0.0654,4000.0,0.0
7.0,22.0,0.0632,0.0632,0.0632,0.0632,33700.0,0.0
7.0,15.0,0.0994,0.0994,0.0994,0.0994,50000.0,0.0
7.0,14.0,0.104,0.104,0.104,0.104,2400.0,0.0
7.0,12.0,0.1038,0.1038,0.1038,0.1038,100.0,0.0
7.0,11.0,0.0982,0.0982,0.0982,0.0982,20000.0,0.0
6.0,30.0,0.0931,0.0931,0.0931,0.0931,5000.0,0.0
6.0,27.0,0.0963,0.0963,0.0963,0.0963,26000.0,0.0
6.0,24.0,0.0967,0.1069,0.0967,0.1069,8100.0,0.0102
6.0,22.0,0.103,0.103,0.0875,0.0875,109900.0,-0.0155
6.0,14.0,0.1083,0.1083,0.1083,0.1083,3000.0,0.0
6.0,7.0,0.1284,0.1284,0.1233,0.1233,58600.0,-0.0050999999999999795
6.0,3.0,0.129,0.129,0.129,0.129,100.0,0.0
6.0,2.0,0.112,0.1124,0.112,0.1124,26800.0,3.999999999999976E-4
5.0,31.0,0.1342,0.1342,0.1342,0.1342,7000.0,0.0
5.0,24.0,0.1278,0.1278,0.1278,0.1278,500.0,0.0
5.0,17.0,0.1075,0.1075,0.1075,0.1075,2500.0,0.0
5.0,16.0,0.108,0.1105,0.108,0.1105,17800.0,0.0025000000000000022
5.0,12.0,0.1238,0.1238,0.1238,0.1238,300.0,0.0
5.0,10.0,0.1248,0.1248,0.1248,0.1248,25000.0,0.0
5.0,6.0,0.125,0.125,0.125,0.125,500.0,0.0
5.0,5.0,0.1345,0.1345,0.1345,0.1345,500.0,0.0
4.0,29.0,0.1322,0.1425,0.1322,0.1425,2200.0,0.010299999999999976
4.0,25.0,0.1367,0.1569,0.1364,0.1569,80500.0,0.020200000000000023
4.0,20.0,0.1205,0.1205,0.12,0.12,13000.0,-5.000000000000004E-4
4.0,19.0,0.1255,0.1255,0.1255,0.1255,4900.0,0.0
4.0,13.0,0.1505,0.1505,0.1505,0.1505,5500.0,0.0
4.0,8.0,0.1513,0.1513,0.1513,0.1513,5000.0,0.0
4.0,7.0,0.1409,0.1409,0.1409,0.1409,25000.0,0.0
4.0,6.0,0.1355,0.1511,0.1355,0.1511,48500.0,0.015600000000000003
4.0,5.0,0.135,0.1452,0.135,0.1452,22200.0,0.010199999999999987
3.0,31.0,0.1493,0.1493,0.1493,0.1493,17000.0,0.0
3.0,30.0,0.139,0.1492,0.139,0.1492,136100.0,0.010199999999999987
3.0,29.0,0.1436,0.1436,0.123,0.123,34000.0,-0.020600000000000007
3.0,25.0,0.1435,0.1435,0.1435,0.1435,3000.0,0.0
3.0,24.0,0.1387,0.1387,0.1387,0.1387,500.0,0.0
3.0,23.0,0.1426,0.1426,0.1426,0.1426,4500.0,0.0
3.0,22.0,0.1429,0.1429,0.1429,0.1429,5500.0,0.0
3.0,17.0,0.1519,0.1519,0.1519,0.1519,7000.0,0.0
3.0,14.0,0.1488,0.1489,0.1488,0.1488,70200.0,0.0
3.0,11.0,0.1431,0.1431,0.1431,0.1431,13500.0,0.0
3.0,10.0,0.1514,0.159,0.1514,0.159,19500.0,0.007599999999999996
3.0,9.0,0.1526,0.1526,0.1526,0.1526,9000.0,0.0
3.0,8.0,0.1594,0.1594,0.1594,0.1594,15000.0,0.0
3.0,7.0,0.1598,0.1598,0.1442,0.15,108600.0,-0.009800000000000003
3.0,4.0,0.1494,0.1494,0.1494,0.1494,10000.0,0.0
3.0,3.0,0.1491,0.1491,0.1338,0.1338,8000.0,-0.015300000000000008
3.0,1.0,0.1489,0.1489,0.1489,0.1489,7000.0,0.0
2.0,24.0,0.1625,0.1625,0.1625,0.1625,3000.0,0.0
2.0,22.0,0.1666,0.1666,0.1666,0.1666,5000.0,0.0
2.0,18.0,0.1626,0.1626,0.1626,0.1626,9500.0,0.0
2.0,15.0,0.1668,0.1668,0.1668,0.1668,5000.0,0.0
2.0,14.0,0.167,0.1775,0.1667,0.1668,29600.0,-2.0000000000000573E-4
2.0,11.0,0.172,0.172,0.172,0.172,4500.0,0.0
2.0,10.0,0.171,0.1759,0.1656,0.1759,28000.0,0.004899999999999988
2.0,8.0,0.1615,0.182,0.1615,0.182,65500.0,0.02049999999999999
2.0,4.0,0.1618,0.1721,0.1618,0.1721,4000.0,0.010300000000000004
2.0,3.0,0.167,0.167,0.167,0.167,3000.0,0.0
2.0,2.0,0.1675,0.1675,0.1675,0.1675,6500.0,0.0
2.0,1.0,0.1665,0.1665,0.1665,0.1665,3500.0,0.0
1.0,14.0,0.1615,0.177,0.1615,0.177,9000.0,0.015499999999999986
1.0,12.0,0.1777,0.1777,0.1777,0.1777,1000.0,0.0
1.0,4.0,0.1964,0.1964,0.1605,0.19,6700.0,-0.006399999999999989
12.0,30.0,0.1749,0.1749,0.1748,0.1748,24000.0,-9.999999999998899E-5
12.0,29.0,0.1648,0.1648,0.1648,0.1648,5500.0,0.0
12.0,22.0,0.1824,0.1926,0.1824,0.1926,35000.0,0.010199999999999987
12.0,21.0,0.1814,0.1917,0.1814,0.1917,10000.0,0.010300000000000004
12.0,20.0,0.167,0.1675,0.167,0.1675,4000.0,5.000000000000004E-4
12.0,17.0,0.1641,0.1641,0.1641,0.1641,6000.0,0.0
12.0,14.0,0.1893,0.1893,0.1893,0.1893,15000.0,0.0
12.0,13.0,0.159,0.1696,0.1585,0.1696,22600.0,0.010599999999999998
12.0,10.0,0.1632,0.1632,0.1632,0.1632,1000.0,0.0
12.0,9.0,0.2035,0.2035,0.1532,0.1532,54100.0,-0.050299999999999984
12.0,8.0,0.2035,0.2035,0.2035,0.2035,15000.0,0.0
12.0,7.0,0.2144,0.2144,0.2035,0.2035,8100.0,-0.01090000000000002
12.0,6.0,0.1933,0.2136,0.1837,0.1837,32500.0,-0.009599999999999997
12.0,3.0,0.1791,0.1841,0.1691,0.1795,67500.0,3.999999999999837E-4
12.0,1.0,0.1811,0.1811,0.1811,0.1811,5000.0,0.0
11.0,29.0,0.1662,0.1716,0.1662,0.1716,21000.0,0.005400000000000016
11.0,24.0,0.163,0.163,0.163,0.163,29500.0,0.0
11.0,19.0,0.1715,0.1715,0.1715,0.1715,10000.0,0.0
11.0,16.0,0.1916,0.1916,0.1512,0.1709,8500.0,-0.020699999999999996
11.0,15.0,0.191,0.191,0.191,0.191,8300.0,0.0
11.0,11.0,0.1798,0.1798,0.179,0.179,4700.0,-7.999999999999952E-4
11.0,10.0,0.1698,0.1698,0.1698,0.1698,13000.0,0.0
11.0,9.0,0.1448,0.1448,0.1448,0.1448,10000.0,0.0
11.0,4.0,0.1545,0.1545,0.1395,0.1444,18500.0,-0.010099999999999998
11.0,1.0,0.1427,0.1427,0.1427,0.1427,500.0,0.0
10.0,21.0,0.139,0.1467,0.134,0.134,53600.0,-0.0050000000000000044
10.0,18.0,0.155,0.155,0.155,0.155,4000.0,0.0
10.0,15.0,0.1531,0.1531,0.1531,0.1531,4000.0,0.0
10.0,12.0,0.166,0.166,0.166,0.166,1000.0,0.0
10.0,8.0,0.1727,0.1727,0.1727,0.1727,5000.0,0.0
10.0,7.0,0.1918,0.1918,0.171,0.171,20300.0,-0.020799999999999985
9.0,27.0,0.1905,0.1905,0.1905,0.1905,25000.0,0.0
9.0,24.0,0.171,0.1905,0.171,0.1905,25000.0,0.01949999999999999
9.0,23.0,0.1592,0.1592,0.1592,0.1592,500.0,0.0
9.0,20.0,0.1754,0.1754,0.1754,0.1754,3500.0,0.0
9.0,14.0,0.1706,0.1807,0.1706,0.1807,63500.0,0.010099999999999998
9.0,13.0,0.1455,0.1455,0.1405,0.1408,5900.0,-0.004699999999999982
9.0,10.0,0.1494,0.1495,0.1494,0.1495,5500.0,9.999999999998899E-5
9.0,7.0,0.1692,0.1692,0.148,0.148,15000.0,-0.021199999999999997
8.0,27.0,0.189,0.189,0.189,0.189,10000.0,0.0
8.0,25.0,0.1889,0.1889,0.1889,0.1889,3000.0,0.0
8.0,24.0,0.1465,0.1465,0.1465,0.1465,4500.0,0.0
8.0,19.0,0.1785,0.1785,0.1785,0.1785,5000.0,0.0
8.0,13.0,0.1295,0.1295,0.1295,0.1295,1000.0,0.0
8.0,11.0,0.1295,0.13,0.1295,0.13,20000.0,5.000000000000004E-4
8.0,6.0,0.127,0.127,0.1117,0.1117,7000.0,-0.015300000000000008
8.0,5.0,0.1182,0.1182,0.1182,0.1182,3000.0,0.0
8.0,4.0,0.122,0.1323,0.118,0.123,22600.0,0.0010000000000000009
8.0,3.0,0.132,0.132,0.132,0.132,500.0,0.0
7.0,30.0,0.121,0.121,0.121,0.121,20000.0,0.0
7.0,26.0,0.121,0.121,0.121,0.121,7000.0,0.0
7.0,21.0,0.1191,0.1191,0.1191,0.1191,8000.0,0.0
7.0,19.0,0.118,0.1475,0.118,0.1475,14000.0,0.0295
7.0,16.0,0.1183,0.1473,0.118,0.118,27000.0,-3.000000000000086E-4
7.0,15.0,0.149,0.149,0.12,0.1201,12500.0,-0.028899999999999995
7.0,14.0,0.125,0.125,0.125,0.125,11500.0,0.0
7.0,8.0,0.168,0.168,0.168,0.168,1000.0,0.0
6.0,28.0,0.1692,0.1795,0.1692,0.179,44500.0,0.009800000000000003
6.0,24.0,0.1692,0.1692,0.1677,0.1677,100.0,-0.0015000000000000013
6.0,23.0,0.1692,0.1692,0.1679,0.1679,1000.0,-0.0012999999999999956
6.0,21.0,0.1692,0.1871,0.1692,0.1871,33200.0,0.0179
6.0,1.0,0.1692,0.1875,0.1692,0.1875,16000.0,0.01830000000000001
5.0,28.0,0.1692,0.196,0.1692,0.196,20000.0,0.026800000000000018
5.0,26.0,0.1692,0.1829,0.1692,0.1829,4000.0,0.013700000000000018
5.0,25.0,0.1692,0.185,0.1692,0.1823,30300.0,0.0131
5.0,21.0,0.1692,0.1792,0.1692,0.1792,5000.0,0.010000000000000009
5.0,20.0,0.1692,0.1833,0.1692,0.1833,10000.0,0.014100000000000001
5.0,19.0,0.1692,0.1757,0.1692,0.1757,2500.0,0.006500000000000006
5.0,18.0,0.1692,0.2026,0.1692,0.2026,200.0,0.03340000000000001
5.0,14.0,0.1692,0.2031,0.1692,0.2031,1000.0,0.03390000000000001
5.0,13.0,0.1692,0.2069,0.1692,0.2069,3800.0,0.03770000000000001
5.0,10.0,0.1692,0.1801,0.1692,0.1801,10000.0,0.01090000000000002
5.0,6.0,0.1692,0.1846,0.1692,0.1846,4500.0,0.015399999999999997
5.0,4.0,0.1692,0.1805,0.1692,0.1805,1000.0,0.011300000000000004
5.0,3.0,0.1692,0.198,0.1692,0.1877,13500.0,0.018500000000000016
4.0,30.0,0.1692,0.187,0.1692,0.187,10000.0,0.01780000000000001
4.0,26.0,0.1692,0.1999,0.1692,0.1998,7500.0,0.030600000000000016
4.0,23.0,0.1692,0.195,0.1692,0.195,46800.0,0.025800000000000017
4.0,21.0,0.1692,0.2005,0.1692,0.1852,106200.0,0.016000000000000014
4.0,19.0,0.1692,0.2312,0.1692,0.2205,45000.0,0.05130000000000001
4.0,15.0,0.1692,0.2303,0.1692,0.2295,13100.0,0.06030000000000002
4.0,14.0,0.1692,0.2454,0.1692,0.2454,56800.0,0.07620000000000002
4.0,13.0,0.2344,0.24,0.2344,0.2396,68200.0,0.00520000000000001
4.0,12.0,0.2138,0.22,0.204,0.2046,67000.0,-0.009199999999999986
4.0,9.0,0.1692,0.1939,0.1692,0.1938,9600.0,0.02460000000000001
4.0,8.0,0.1692,0.2,0.1692,0.2,12500.0,0.030800000000000022
4.0,7.0,0.1692,0.21,0.1692,0.202,29800.0,0.032800000000000024
4.0,5.0,0.1692,0.1843,0.1692,0.1843,10000.0,0.015100000000000002
4.0,1.0,0.1692,0.1735,0.1692,0.1735,1000.0,0.004299999999999998
3.0,31.0,0.1692,0.1774,0.1692,0.1774,8500.0,0.008200000000000013
3.0,29.0,0.1692,0.1814,0.1664,0.1664,23900.0,-0.002799999999999997
3.0,25.0,0.1692,0.1912,0.1692,0.1912,5000.0,0.02200000000000002
3.0,24.0,0.1692,0.1957,0.1692,0.1902,13000.0,0.02100000000000002
3.0,23.0,0.1692,0.1965,0.1692,0.1965,27400.0,0.02730000000000002
3.0,22.0,0.1692,0.201,0.1692,0.201,21000.0,0.03180000000000002
3.0,18.0,0.1692,0.2073,0.1692,0.2073,28000.0,0.03810000000000002
3.0,17.0,0.1692,0.2029,0.1692,0.1934,41000.0,0.0242
3.0,16.0,0.1692,0.2019,0.1692,0.2018,20000.0,0.03260000000000002
3.0,15.0,0.1692,0.2012,0.1692,0.1912,6200.0,0.02200000000000002
3.0,12.0,0.1692,0.2016,0.1692,0.2016,5000.0,0.03240000000000001
3.0,11.0,0.1692,0.1999,0.1692,0.1805,38000.0,0.011300000000000004
3.0,10.0,0.1692,0.1806,0.1692,0.1806,5000.0,0.011400000000000021
3.0,9.0,0.1854,0.1854,0.1854,0.1854,3000.0,0.0
3.0,8.0,0.1692,0.1754,0.1602,0.1604,60700.0,-0.008800000000000002
3.0,5.0,0.1692,0.1702,0.1692,0.1702,500.0,0.0010000000000000009
3.0,4.0,0.1692,0.1845,0.1692,0.1695,21200.0,3.0000000000002247E-4
3.0,3.0,0.1692,0.1898,0.1692,0.1695,97100.0,3.0000000000002247E-4
3.0,2.0,0.1692,0.1938,0.169,0.1788,57000.0,0.009599999999999997
3.0,1.0,0.1692,0.1961,0.1692,0.1953,65300.0,0.026100000000000012
2.0,26.0,0.1692,0.1806,0.1692,0.1806,5000.0,0.011400000000000021
2.0,25.0,0.1692,0.1924,0.1692,0.1836,17500.0,0.014400000000000024
2.0,24.0,0.1692,0.1899,0.1692,0.1853,85000.0,0.016100000000000003
2.0,23.0,0.1692,0.1756,0.1692,0.1756,10700.0,0.006400000000000017
2.0,19.0,0.1692,0.1826,0.1692,0.1826,25000.0,0.013400000000000023
2.0,17.0,0.1692,0.1721,0.1692,0.1721,1000.0,0.0029000000000000137
2.0,16.0,0.1692,0.2016,0.1692,0.2016,20000.0,0.03240000000000001
2.0,11.0,0.1998,0.2,0.1998,0.2,4000.0,2.0000000000000573E-4
2.0,10.0,0.1973,0.1979,0.1973,0.1979,3900.0,5.999999999999894E-4
2.0,9.0,0.1875,0.2013,0.1773,0.1876,74900.0,9.999999999998899E-5
2.0,8.0,0.1872,0.1872,0.1868,0.1868,51000.0,-4.0000000000001146E-4
2.0,3.0,0.2028,0.2028,0.2028,0.2028,4000.0,0.0
2.0,2.0,0.2171,0.2171,0.2123,0.2123,58300.0,-0.004799999999999999
2.0,1.0,0.2064,0.212,0.1964,0.212,16000.0,0.005599999999999994
1.0,29.0,0.1922,0.1922,0.191,0.1914,70000.0,-8.000000000000229E-4
1.0,27.0,0.2163,0.2165,0.2163,0.2165,9500.0,2.0000000000000573E-4
1.0,26.0,0.22,0.2245,0.22,0.2245,40000.0,0.004500000000000004
1.0,25.0,0.2174,0.2177,0.2174,0.2177,20000.0,2.999999999999947E-4
1.0,20.0,0.1859,0.1859,0.1859,0.1859,3000.0,0.0
1.0,14.0,0.2103,0.2103,0.2053,0.2053,8000.0,-0.004999999999999977
1.0,13.0,0.2223,0.2223,0.2127,0.2127,10900.0,-0.009599999999999997
1.0,12.0,0.2264,0.2265,0.2166,0.2166,122000.0,-0.009800000000000003
1.0,11.0,0.2277,0.2277,0.2277,0.2277,100.0,0.0
1.0,7.0,0.2369,0.2369,0.2369,0.2369,5000.0,0.0
1.0,4.0,0.2311,0.2311,0.221,0.2259,15500.0,-0.00520000000000001
12.0,29.0,0.216,0.216,0.216,0.216,3000.0,0.0
12.0,24.0,0.2149,0.2149,0.2149,0.2149,5000.0,0.0
12.0,23.0,0.2148,0.2148,0.19,0.19,7200.0,-0.02479999999999999
12.0,22.0,0.2031,0.2129,0.2026,0.2029,36000.0,-2.0000000000000573E-4
12.0,21.0,0.2129,0.2216,0.199,0.2216,26700.0,0.008699999999999986
12.0,18.0,0.2137,0.216,0.1928,0.1928,22200.0,-0.020900000000000002
12.0,16.0,0.1692,0.1986,0.1645,0.1986,114500.0,0.02940000000000001
12.0,11.0,0.1983,0.1983,0.1983,0.1983,1000.0,0.0
12.0,10.0,0.2137,0.2137,0.2137,0.2137,4900.0,0.0
12.0,9.0,0.1983,0.1983,0.1936,0.1936,1800.0,-0.00470000000000001
12.0,7.0,0.204,0.204,0.204,0.204,3400.0,0.0
12.0,4.0,0.2129,0.213,0.202,0.2128,22500.0,-1.0000000000001674E-4
12.0,3.0,0.2281,0.2328,0.2281,0.2328,5000.0,0.00470000000000001
12.0,2.0,0.1996,0.2044,0.1996,0.2044,32000.0,0.004799999999999999
12.0,1.0,0.2253,0.2253,0.2253,0.2253,25000.0,0.0
11.0,30.0,0.1983,0.2278,0.1983,0.2278,51500.0,0.0295
11.0,27.0,0.2068,0.2068,0.1878,0.1878,13000.0,-0.019000000000000017
11.0,25.0,0.2243,0.2243,0.1853,0.1956,37000.0,-0.028700000000000003
11.0,24.0,0.1751,0.203,0.1749,0.1935,79500.0,0.0184
11.0,23.0,0.2036,0.2266,0.2036,0.2221,449100.0,0.01849999999999999
11.0,20.0,0.1777,0.1777,0.1725,0.1725,68500.0,-0.00520000000000001
11.0,19.0,0.176,0.176,0.1735,0.1735,20300.0,-0.0025000000000000022
11.0,18.0,0.1719,0.1719,0.1481,0.1718,10900.0,-9.999999999998899E-5
11.0,17.0,0.1715,0.1715,0.1715,0.1715,10000.0,0.0
10.0,28.0,0.2014,0.2014,0.1998,0.1998,12800.0,-0.0015999999999999903
10.0,21.0,0.1769,0.1769,0.1626,0.1626,25000.0,-0.014300000000000007
10.0,15.0,0.1842,0.1842,0.1842,0.1842,400.0,0.0
10.0,9.0,0.19,0.19,0.1773,0.19,22000.0,0.0
10.0,8.0,0.1758,0.1758,0.1567,0.1567,9200.0,-0.019100000000000006
10.0,7.0,0.1842,0.1842,0.1842,0.1842,15000.0,0.0
10.0,6.0,0.1945,0.2035,0.1838,0.1842,23000.0,-0.010300000000000004
10.0,2.0,0.1605,0.176,0.1605,0.17,31000.0,0.009500000000000008
10.0,1.0,0.1896,0.1896,0.1896,0.1896,2300.0,0.0
9.0,30.0,0.2003,0.2003,0.1998,0.1998,11000.0,-5.000000000000004E-4
9.0,29.0,0.1558,0.1705,0.1558,0.1705,28000.0,0.014700000000000019
9.0,28.0,0.1751,0.1751,0.1518,0.1518,25000.0,-0.023300000000000015
9.0,24.0,0.1702,0.1702,0.1702,0.1702,5000.0,0.0
9.0,23.0,0.1821,0.1821,0.1821,0.1821,2000.0,0.0
9.0,18.0,0.1827,0.1827,0.1826,0.1826,17500.0,-9.999999999998899E-5
9.0,17.0,0.1841,0.1925,0.1832,0.1832,72000.0,-9.000000000000119E-4
9.0,16.0,0.192,0.1926,0.188,0.188,176500.0,-0.0040000000000000036
9.0,15.0,0.194,0.194,0.194,0.194,8000.0,0.0
9.0,14.0,0.168,0.1748,0.1656,0.1748,14300.0,0.0068000000000000005
