9.0,25.0,0.03,0.03,0.03,0.03,0.0,0.0
9.0,24.0,0.03,0.03,0.03,0.03,1400.0,0.0
9.0,23.0,0.03,0.03,0.03,0.03,0.0,0.0
9.0,22.0,0.03,0.03,0.03,0.03,0.0,0.0
9.0,21.0,0.03,0.03,0.03,0.03,0.0,0.0
9.0,18.0,0.03,0.03,0.03,0.03,2200.0,0.0
9.0,17.0,0.0311,0.0311,0.0311,0.0311,2100.0,0.0
9.0,16.0,0.085,0.085,0.085,0.085,0.0,0.0
9.0,15.0,0.085,0.085,0.085,0.085,0.0,0.0
9.0,14.0,0.085,0.085,0.085,0.085,0.0,0.0
9.0,11.0,0.085,0.085,0.085,0.085,0.0,0.0
9.0,10.0,0.085,0.085,0.085,0.085,0.0,0.0
9.0,9.0,0.085,0.085,0.085,0.085,0.0,0.0
9.0,8.0,0.085,0.085,0.085,0.085,0.0,0.0
9.0,7.0,0.085,0.085,0.085,0.085,0.0,0.0
9.0,4.0,0.085,0.085,0.085,0.085,0.0,0.0
9.0,3.0,0.085,0.085,0.085,0.085,0.0,0.0
9.0,2.0,0.085,0.085,0.085,0.085,0.0,0.0
9.0,1.0,0.085,0.085,0.085,0.085,0.0,0.0
8.0,31.0,0.085,0.085,0.085,0.085,0.0,0.0
8.0,28.0,0.085,0.085,0.085,0.085,0.0,0.0
8.0,27.0,0.085,0.085,0.085,0.085,0.0,0.0
8.0,26.0,0.085,0.085,0.085,0.085,0.0,0.0
8.0,25.0,0.085,0.085,0.085,0.085,0.0,0.0
8.0,24.0,0.085,0.085,0.085,0.085,0.0,0.0
8.0,21.0,0.085,0.085,0.085,0.085,0.0,0.0
8.0,20.0,0.085,0.085,0.085,0.085,0.0,0.0
8.0,19.0,0.085,0.085,0.085,0.085,0.0,0.0
8.0,18.0,0.085,0.085,0.085,0.085,0.0,0.0
8.0,17.0,0.085,0.085,0.085,0.085,0.0,0.0
8.0,14.0,0.085,0.085,0.085,0.085,0.0,0.0
8.0,13.0,0.085,0.085,0.085,0.085,0.0,0.0
8.0,12.0,0.085,0.085,0.085,0.085,0.0,0.0
8.0,11.0,0.085,0.085,0.085,0.085,0.0,0.0
8.0,10.0,0.085,0.085,0.085,0.085,0.0,0.0
8.0,7.0,0.085,0.085,0.085,0.085,0.0,0.0
8.0,6.0,0.085,0.085,0.085,0.085,0.0,0.0
8.0,5.0,0.085,0.085,0.085,0.085,0.0,0.0
8.0,4.0,0.085,0.085,0.085,0.085,0.0,0.0
8.0,3.0,0.085,0.085,0.085,0.085,0.0,0.0
7.0,31.0,0.085,0.085,0.085,0.085,0.0,0.0
7.0,30.0,0.085,0.085,0.085,0.085,0.0,0.0
7.0,29.0,0.085,0.085,0.085,0.085,0.0,0.0
7.0,28.0,0.085,0.085,0.085,0.085,2000.0,0.0
7.0,27.0,0.1,0.1,0.1,0.1,0.0,0.0
7.0,24.0,0.1,0.1,0.1,0.1,0.0,0.0
7.0,23.0,0.1,0.1,0.1,0.1,0.0,0.0
7.0,22.0,0.1,0.1,0.1,0.1,0.0,0.0
7.0,21.0,0.1,0.1,0.1,0.1,0.0,0.0
7.0,20.0,0.1,0.1,0.1,0.1,100.0,0.0
7.0,17.0,0.1,0.1,0.1,0.1,0.0,0.0
7.0,16.0,0.1,0.1,0.1,0.1,1000.0,0.0
7.0,15.0,0.015,0.015,0.015,0.015,0.0,0.0
7.0,14.0,0.015,0.015,0.015,0.015,0.0,0.0
7.0,13.0,0.015,0.015,0.015,0.015,0.0,0.0
7.0,10.0,0.015,0.015,0.015,0.015,0.0,0.0
7.0,9.0,0.015,0.015,0.015,0.015,0.0,0.0
7.0,8.0,0.015,0.015,0.015,0.015,0.0,0.0
7.0,7.0,0.015,0.015,0.015,0.015,0.0,0.0
7.0,6.0,0.015,0.015,0.015,0.015,0.0,0.0
7.0,3.0,0.015,0.015,0.015,0.015,0.0,0.0
7.0,2.0,0.015,0.015,0.015,0.015,0.0,0.0
7.0,1.0,0.015,0.015,0.015,0.015,0.0,0.0
6.0,30.0,0.015,0.015,0.015,0.015,0.0,0.0
6.0,29.0,0.015,0.015,0.015,0.015,100.0,0.0
6.0,26.0,0.015,0.015,0.015,0.015,0.0,0.0
6.0,25.0,0.015,0.015,0.015,0.015,0.0,0.0
6.0,24.0,0.015,0.015,0.015,0.015,0.0,0.0
6.0,23.0,0.015,0.015,0.015,0.015,0.0,0.0
6.0,22.0,0.015,0.015,0.015,0.015,0.0,0.0
6.0,19.0,0.015,0.015,0.015,0.015,0.0,0.0
6.0,18.0,0.015,0.015,0.015,0.015,100.0,0.0
6.0,17.0,0.015,0.015,0.015,0.015,0.0,0.0
6.0,16.0,0.015,0.015,0.015,0.015,0.0,0.0
6.0,15.0,0.015,0.015,0.015,0.015,0.0,0.0
6.0,12.0,0.015,0.015,0.015,0.015,100.0,0.0
6.0,11.0,0.0811,0.0811,0.0811,0.0811,2000.0,0.0
6.0,10.0,0.0811,0.0811,0.0811,0.0811,0.0,0.0
6.0,9.0,0.0811,0.0811,0.0811,0.0811,0.0,0.0
6.0,8.0,0.0811,0.0811,0.0811,0.0811,0.0,0.0
6.0,5.0,0.0811,0.0811,0.0811,0.0811,0.0,0.0
6.0,4.0,0.0811,0.0811,0.0811,0.0811,0.0,0.0
6.0,3.0,0.0811,0.0811,0.0811,0.0811,0.0,0.0
6.0,2.0,0.0811,0.0811,0.0811,0.0811,0.0,0.0
6.0,1.0,0.0811,0.0811,0.0811,0.0811,0.0,0.0
5.0,29.0,0.0811,0.0811,0.0811,0.0811,0.0,0.0
5.0,28.0,0.0811,0.0811,0.0811,0.0811,0.0,0.0
5.0,27.0,0.0811,0.0811,0.0811,0.0811,0.0,0.0
5.0,26.0,0.0811,0.0811,0.0811,0.0811,0.0,0.0
5.0,25.0,0.0811,0.0811,0.0811,0.0811,0.0,0.0
5.0,22.0,0.0811,0.0811,0.0811,0.0811,0.0,0.0
5.0,21.0,0.0811,0.0811,0.0811,0.0811,100.0,0.0
5.0,20.0,0.08,0.08,0.08,0.08,0.0,0.0
5.0,19.0,0.08,0.08,0.08,0.08,0.0,0.0
5.0,18.0,0.08,0.08,0.08,0.08,0.0,0.0
5.0,15.0,0.08,0.08,0.08,0.08,0.0,0.0
5.0,14.0,0.08,0.08,0.08,0.08,0.0,0.0
5.0,13.0,0.08,0.08,0.08,0.08,0.0,0.0
5.0,12.0,0.08,0.08,0.08,0.08,2000.0,0.0
5.0,11.0,0.0119,0.0119,0.0119,0.0119,300.0,0.0
5.0,8.0,0.0119,0.0119,0.0119,0.0119,0.0,0.0
5.0,7.0,0.0119,0.0119,0.0119,0.0119,0.0,0.0
5.0,6.0,0.0119,0.0119,0.0119,0.0119,0.0,0.0
5.0,5.0,0.0119,0.0119,0.0119,0.0119,0.0,0.0
5.0,4.0,0.0119,0.0119,0.0119,0.0119,100.0,0.0
5.0,1.0,0.08,0.08,0.08,0.08,0.0,0.0
4.0,30.0,0.08,0.08,0.08,0.08,0.0,0.0
4.0,29.0,0.08,0.08,0.08,0.08,0.0,0.0
4.0,28.0,0.08,0.08,0.08,0.08,0.0,0.0
4.0,27.0,0.08,0.08,0.08,0.08,300.0,0.0
4.0,24.0,0.08,0.08,0.08,0.08,0.0,0.0
4.0,23.0,0.0105,0.08,0.0105,0.08,7000.0,0.0695
4.0,22.0,0.09,0.09,0.09,0.09,0.0,0.0
4.0,21.0,0.09,0.09,0.09,0.09,0.0,0.0
4.0,20.0,0.09,0.09,0.09,0.09,4000.0,0.0
4.0,17.0,0.0116,0.0116,0.0116,0.0116,100.0,0.0
4.0,16.0,0.0116,0.0116,0.0116,0.0116,0.0,0.0
4.0,15.0,0.0116,0.0116,0.0116,0.0116,0.0,0.0
4.0,14.0,0.0116,0.0116,0.0116,0.0116,0.0,0.0
4.0,13.0,0.0116,0.0116,0.0116,0.0116,0.0,0.0
4.0,10.0,0.0116,0.0116,0.0116,0.0116,0.0,0.0
4.0,9.0,0.0116,0.0116,0.0116,0.0116,0.0,0.0
4.0,8.0,0.0116,0.0116,0.0116,0.0116,0.0,0.0
4.0,7.0,0.0116,0.0116,0.0116,0.0116,0.0,0.0
4.0,6.0,0.0116,0.0116,0.0116,0.0116,0.0,0.0
4.0,3.0,0.0116,0.0116,0.0116,0.0116,0.0,0.0
4.0,2.0,0.0116,0.0116,0.0116,0.0116,0.0,0.0
4.0,1.0,0.0116,0.0116,0.0116,0.0116,0.0,0.0
3.0,31.0,0.0116,0.0116,0.0116,0.0116,100.0,0.0
3.0,30.0,0.0145,0.0145,0.0145,0.0145,0.0,0.0
3.0,27.0,0.0145,0.0145,0.0145,0.0145,0.0,0.0
3.0,26.0,0.0145,0.0145,0.0145,0.0145,0.0,0.0
3.0,25.0,0.0145,0.0145,0.0145,0.0145,1200.0,0.0
3.0,24.0,0.0145,0.0145,0.0145,0.0145,0.0,0.0
3.0,23.0,0.0145,0.0145,0.0145,0.0145,0.0,0.0
3.0,20.0,0.0145,0.0145,0.0145,0.0145,0.0,0.0
3.0,19.0,0.0145,0.0145,0.0145,0.0145,0.0,0.0
3.0,18.0,0.0145,0.0145,0.0145,0.0145,0.0,0.0
3.0,17.0,0.0145,0.0145,0.0145,0.0145,0.0,0.0
3.0,16.0,0.01809,0.01809,0.0145,0.0145,6000.0,-0.0035899999999999977
3.0,13.0,0.014,0.014,0.014,0.014,0.0,0.0
3.0,12.0,0.014,0.014,0.014,0.014,0.0,0.0
3.0,11.0,0.014,0.014,0.014,0.014,0.0,0.0
3.0,10.0,0.014,0.014,0.014,0.014,0.0,0.0
3.0,9.0,0.014,0.014,0.014,0.014,0.0,0.0
3.0,6.0,0.014,0.014,0.014,0.014,0.0,0.0
3.0,5.0,0.014,0.014,0.014,0.014,0.0,0.0
3.0,4.0,0.014,0.014,0.014,0.014,0.0,0.0
3.0,3.0,0.014,0.014,0.014,0.014,0.0,0.0
3.0,2.0,0.014,0.014,0.014,0.014,0.0,0.0
2.0,27.0,0.014,0.014,0.014,0.014,0.0,0.0
2.0,26.0,0.014,0.014,0.014,0.014,0.0,0.0
2.0,25.0,0.014,0.014,0.014,0.014,0.0,0.0
2.0,24.0,0.014,0.014,0.014,0.014,64000.0,0.0
2.0,23.0,0.09,0.09,0.09,0.09,0.0,0.0
2.0,20.0,0.09,0.09,0.09,0.09,0.0,0.0
2.0,19.0,0.09,0.09,0.09,0.09,0.0,0.0
2.0,18.0,0.09,0.09,0.09,0.09,0.0,0.0
2.0,17.0,0.09,0.09,0.09,0.09,0.0,0.0
2.0,16.0,0.09,0.09,0.09,0.09,0.0,0.0
2.0,13.0,0.09,0.09,0.09,0.09,0.0,0.0
2.0,12.0,0.09,0.09,0.09,0.09,3000.0,0.0
2.0,11.0,0.0122,0.0122,0.0122,0.0122,0.0,0.0
2.0,10.0,0.0122,0.0122,0.0122,0.0122,0.0,0.0
2.0,9.0,0.0122,0.0122,0.0122,0.0122,0.0,0.0
2.0,6.0,0.0122,0.0122,0.0122,0.0122,0.0,0.0
2.0,5.0,0.0122,0.0122,0.0122,0.0122,0.0,0.0
2.0,4.0,0.0122,0.0122,0.0122,0.0122,0.0,0.0
2.0,3.0,0.0122,0.0122,0.0122,0.0122,0.0,0.0
2.0,2.0,0.0122,0.0122,0.0122,0.0122,0.0,0.0
1.0,30.0,0.0122,0.0122,0.0122,0.0122,0.0,0.0
1.0,29.0,0.0122,0.0122,0.0122,0.0122,0.0,0.0
1.0,28.0,0.0122,0.0122,0.0122,0.0122,0.0,0.0
1.0,27.0,0.0122,0.0122,0.0122,0.0122,0.0,0.0
1.0,26.0,0.0122,0.0122,0.0122,0.0122,0.0,0.0
1.0,23.0,0.0122,0.0122,0.0122,0.0122,0.0,0.0
1.0,22.0,0.0122,0.0122,0.0122,0.0122,0.0,0.0
1.0,21.0,0.0122,0.0122,0.0122,0.0122,0.0,0.0
1.0,20.0,0.0122,0.0122,0.0122,0.0122,0.0,0.0
1.0,19.0,0.0122,0.0122,0.0122,0.0122,0.0,0.0
1.0,16.0,0.0122,0.0122,0.0122,0.0122,0.0,0.0
1.0,15.0,0.0122,0.0122,0.0122,0.0122,0.0,0.0
1.0,14.0,0.0122,0.0122,0.0122,0.0122,0.0,0.0
1.0,13.0,0.0122,0.0122,0.0122,0.0122,100.0,0.0
1.0,12.0,0.025,0.025,0.025,0.025,0.0,0.0
1.0,9.0,0.025,0.025,0.025,0.025,0.0,0.0
1.0,8.0,0.025,0.025,0.025,0.025,0.0,0.0
1.0,7.0,0.025,0.025,0.025,0.025,0.0,0.0
1.0,6.0,0.025,0.025,0.025,0.025,0.0,0.0
1.0,5.0,0.025,0.025,0.025,0.025,0.0,0.0
1.0,2.0,0.025,0.025,0.025,0.025,0.0,0.0
1.0,1.0,0.025,0.025,0.025,0.025,0.0,0.0
12.0,31.0,0.025,0.025,0.025,0.025,0.0,0.0
12.0,30.0,0.025,0.025,0.025,0.025,0.0,0.0
12.0,29.0,0.025,0.025,0.025,0.025,0.0,0.0
12.0,26.0,0.02639,0.02639,0.0105,0.025,2200.0,-0.0013899999999999989
12.0,25.0,0.0105,0.0105,0.0105,0.0105,0.0,0.0
12.0,24.0,0.0105,0.0105,0.0105,0.0105,0.0,0.0
12.0,23.0,0.0105,0.0105,0.0105,0.0105,100.0,0.0
12.0,22.0,0.0105,0.0105,0.0105,0.0105,0.0,0.0
12.0,19.0,0.0105,0.0105,0.0105,0.0105,0.0,0.0
12.0,18.0,0.0105,0.0105,0.0105,0.0105,0.0,0.0
12.0,17.0,0.0105,0.0105,0.0105,0.0105,100.0,0.0
12.0,16.0,0.0105,0.0105,0.0105,0.0105,0.0,0.0
12.0,15.0,0.0105,0.0105,0.0105,0.0105,0.0,0.0
12.0,12.0,0.0105,0.0105,0.0105,0.0105,0.0,0.0
12.0,11.0,0.0105,0.0105,0.0105,0.0105,100.0,0.0
12.0,10.0,0.0096,0.0096,0.0096,0.0096,1200.0,0.0
12.0,9.0,0.0088,0.0088,0.0088,0.0088,0.0,0.0
12.0,8.0,0.0088,0.0088,0.0088,0.0088,0.0,0.0
12.0,5.0,0.0088,0.0088,0.0088,0.0088,0.0,0.0
12.0,4.0,0.0088,0.0088,0.0088,0.0088,0.0,0.0
12.0,3.0,0.0088,0.0088,0.0088,0.0088,2000.0,0.0
12.0,2.0,0.008,0.008,0.008,0.008,0.0,0.0
12.0,1.0,0.008,0.008,0.008,0.008,0.0,0.0
11.0,28.0,0.008,0.008,0.008,0.008,0.0,0.0
11.0,27.0,0.008,0.008,0.008,0.008,0.0,0.0
11.0,26.0,0.008,0.008,0.008,0.008,0.0,0.0
11.0,25.0,0.008,0.008,0.008,0.008,0.0,0.0
11.0,24.0,0.008,0.008,0.008,0.008,1000.0,0.0
11.0,21.0,0.0162,0.0162,0.0162,0.0162,0.0,0.0
11.0,20.0,0.0162,0.0162,0.0162,0.0162,0.0,0.0
11.0,19.0,0.0162,0.0162,0.0162,0.0162,0.0,0.0
11.0,18.0,0.0162,0.0162,0.0162,0.0162,0.0,0.0
11.0,17.0,0.0162,0.0162,0.0162,0.0162,0.0,0.0
11.0,14.0,0.0162,0.0162,0.0162,0.0162,0.0,0.0
11.0,13.0,0.0162,0.0162,0.0162,0.0162,35000.0,0.0
11.0,12.0,0.0076,0.0076,0.0076,0.0076,0.0,0.0
11.0,11.0,0.0076,0.0076,0.0076,0.0076,0.0,0.0
11.0,10.0,0.0076,0.0076,0.0076,0.0076,0.0,0.0
11.0,7.0,0.0076,0.0076,0.0076,0.0076,0.0,0.0
11.0,6.0,0.0076,0.0076,0.0076,0.0076,100.0,0.0
11.0,5.0,0.0162,0.0162,0.0162,0.0162,0.0,0.0
11.0,4.0,0.0162,0.0162,0.0162,0.0162,9900.0,0.0
11.0,3.0,0.05,0.05,0.0116,0.012,155200.0,-0.038000000000000006
10.0,31.0,0.05,0.05,0.05,0.05,0.0,0.0
10.0,30.0,0.05,0.05,0.05,0.05,0.0,0.0
10.0,29.0,0.05,0.05,0.05,0.05,0.0,0.0
10.0,28.0,0.05,0.05,0.05,0.05,0.0,0.0
10.0,27.0,0.05,0.05,0.05,0.05,0.0,0.0
10.0,24.0,0.05,0.05,0.05,0.05,200.0,0.0
10.0,23.0,0.05,0.05,0.05,0.05,0.0,0.0
10.0,22.0,0.05,0.05,0.05,0.05,0.0,0.0
10.0,21.0,0.05,0.05,0.05,0.05,0.0,0.0
10.0,20.0,0.05,0.05,0.05,0.05,0.0,0.0
10.0,17.0,0.05,0.05,0.05,0.05,0.0,0.0
10.0,16.0,0.05,0.05,0.05,0.05,0.0,0.0
10.0,15.0,0.026,0.05,0.026,0.05,5100.0,0.024000000000000004
10.0,14.0,0.026,0.026,0.026,0.026,0.0,0.0
10.0,13.0,0.026,0.026,0.026,0.026,0.0,0.0
10.0,10.0,0.026,0.026,0.026,0.026,200.0,0.0
10.0,9.0,0.026,0.026,0.026,0.026,0.0,0.0
10.0,8.0,0.026,0.026,0.026,0.026,100.0,0.0
10.0,7.0,0.026,0.026,0.026,0.026,0.0,0.0
10.0,6.0,0.026,0.026,0.026,0.026,100.0,0.0
10.0,3.0,0.022,0.022,0.022,0.022,0.0,0.0
10.0,2.0,0.022,0.022,0.022,0.022,0.0,0.0
10.0,1.0,0.022,0.022,0.022,0.022,0.0,0.0
9.0,30.0,0.022,0.022,0.022,0.022,0.0,0.0
9.0,29.0,0.022,0.022,0.022,0.022,100.0,0.0
9.0,26.0,0.145,0.145,0.145,0.145,0.0,0.0
9.0,25.0,0.145,0.145,0.145,0.145,0.0,0.0
9.0,24.0,0.145,0.145,0.145,0.145,0.0,0.0
9.0,23.0,0.145,0.145,0.145,0.145,0.0,0.0
9.0,22.0,0.145,0.145,0.145,0.145,0.0,0.0
9.0,19.0,0.145,0.145,0.145,0.145,0.0,0.0
9.0,18.0,0.145,0.145,0.145,0.145,0.0,0.0
9.0,17.0,0.022,0.145,0.022,0.145,1100.0,0.123
9.0,16.0,0.145,0.145,0.145,0.145,0.0,0.0
9.0,15.0,0.145,0.145,0.145,0.145,0.0,0.0
9.0,12.0,0.022,0.145,0.022,0.145,1100.0,0.123
9.0,11.0,0.15,0.15,0.15,0.15,0.0,0.0
9.0,10.0,0.15,0.15,0.15,0.15,0.0,0.0
9.0,9.0,0.15,0.15,0.15,0.15,0.0,0.0
9.0,8.0,0.15,0.15,0.15,0.15,0.0,0.0
9.0,5.0,0.15,0.15,0.15,0.15,0.0,0.0
9.0,4.0,0.15,0.15,0.15,0.15,0.0,0.0
9.0,3.0,0.15,0.15,0.15,0.15,0.0,0.0
9.0,2.0,0.15,0.15,0.15,0.15,0.0,0.0
9.0,1.0,0.15,0.15,0.15,0.15,0.0,0.0
8.0,29.0,0.15,0.15,0.15,0.15,0.0,0.0
8.0,28.0,0.15,0.15,0.15,0.15,0.0,0.0
8.0,27.0,0.15,0.15,0.15,0.15,0.0,0.0
8.0,26.0,0.15,0.15,0.15,0.15,0.0,0.0
8.0,25.0,0.15,0.15,0.15,0.15,0.0,0.0
8.0,22.0,0.15,0.15,0.15,0.15,0.0,0.0
8.0,21.0,0.15,0.15,0.15,0.15,0.0,0.0
8.0,20.0,0.15,0.15,0.15,0.15,0.0,0.0
8.0,19.0,0.15,0.15,0.15,0.15,0.0,0.0
8.0,18.0,0.15,0.15,0.15,0.15,100.0,0.0
8.0,15.0,0.18,0.18,0.18,0.18,0.0,0.0
8.0,14.0,0.18,0.18,0.18,0.18,0.0,0.0
8.0,13.0,0.18,0.18,0.18,0.18,300.0,0.0
8.0,12.0,0.0092,0.0092,0.0092,0.0092,0.0,0.0
8.0,11.0,0.0092,0.0092,0.0092,0.0092,0.0,0.0
8.0,8.0,0.0092,0.0092,0.0092,0.0092,0.0,0.0
8.0,7.0,0.0092,0.0092,0.0092,0.0092,0.0,0.0
8.0,6.0,0.0092,0.0092,0.0092,0.0092,0.0,0.0
8.0,5.0,0.0092,0.0092,0.0092,0.0092,0.0,0.0
8.0,4.0,0.0092,0.0092,0.0092,0.0092,0.0,0.0
8.0,1.0,0.18,0.18,0.0092,0.0092,5300.0,-0.1708
7.0,31.0,0.0052,0.0052,0.0052,0.0052,0.0,0.0
7.0,30.0,0.0052,0.0052,0.0052,0.0052,0.0,0.0
7.0,29.0,0.0052,0.0052,0.0052,0.0052,0.0,0.0
7.0,28.0,0.0052,0.0052,0.0052,0.0052,0.0,0.0
7.0,25.0,0.0052,0.0052,0.0052,0.0052,0.0,0.0
7.0,24.0,0.0052,0.0052,0.0052,0.0052,0.0,0.0
7.0,23.0,0.0052,0.0052,0.0052,0.0052,0.0,0.0
7.0,22.0,0.0052,0.0052,0.0052,0.0052,0.0,0.0
7.0,21.0,0.0052,0.0052,0.0052,0.0052,100.0,0.0
7.0,18.0,0.005,0.005,0.005,0.005,0.0,0.0
7.0,17.0,0.005,0.005,0.005,0.005,0.0,0.0
7.0,16.0,0.005,0.005,0.005,0.005,0.0,0.0
7.0,15.0,0.005,0.005,0.005,0.005,0.0,0.0
7.0,14.0,0.005,0.005,0.005,0.005,100.0,0.0
7.0,11.0,0.05,0.05,0.05,0.05,0.0,0.0
7.0,10.0,0.05,0.05,0.05,0.05,0.0,0.0
7.0,9.0,0.05,0.05,0.05,0.05,0.0,0.0
7.0,8.0,0.05,0.05,0.05,0.05,0.0,0.0
7.0,7.0,0.05,0.05,0.05,0.05,1000.0,0.0
7.0,4.0,0.1,0.1,0.1,0.1,0.0,0.0
7.0,3.0,0.1,0.1,0.1,0.1,0.0,0.0
7.0,2.0,0.1,0.1,0.1,0.1,1000.0,0.0
7.0,1.0,0.05,0.05,0.05,0.05,0.0,0.0
6.0,30.0,0.05,0.05,0.05,0.05,100.0,0.0
6.0,27.0,0.1,0.1,0.1,0.1,0.0,0.0
6.0,26.0,0.1,0.1,0.1,0.1,0.0,0.0
6.0,25.0,0.1,0.1,0.1,0.1,1000.0,0.0
6.0,24.0,0.11,0.11,0.05,0.05,2500.0,-0.06
6.0,23.0,0.05,0.05,0.05,0.05,0.0,0.0
6.0,20.0,0.05,0.05,0.05,0.05,0.0,0.0
6.0,19.0,0.05,0.05,0.05,0.05,0.0,0.0
6.0,18.0,0.05,0.05,0.05,0.05,0.0,0.0
6.0,17.0,0.05,0.05,0.05,0.05,0.0,0.0
6.0,16.0,0.05,0.05,0.05,0.05,0.0,0.0
6.0,13.0,0.05,0.05,0.05,0.05,0.0,0.0
6.0,12.0,0.05,0.05,0.05,0.05,0.0,0.0
6.0,11.0,0.05,0.05,0.05,0.05,0.0,0.0
6.0,10.0,0.05,0.05,0.05,0.05,0.0,0.0
6.0,9.0,0.05,0.05,0.05,0.05,0.0,0.0
6.0,6.0,0.05,0.05,0.05,0.05,100.0,0.0
6.0,5.0,0.05,0.05,0.05,0.05,0.0,0.0
6.0,4.0,0.05,0.05,0.05,0.05,0.0,0.0
6.0,3.0,0.05,0.05,0.05,0.05,0.0,0.0
6.0,2.0,0.05,0.05,0.05,0.05,0.0,0.0
5.0,30.0,0.05,0.05,0.05,0.05,0.0,0.0
5.0,29.0,0.05,0.05,0.05,0.05,0.0,0.0
5.0,28.0,0.05,0.05,0.05,0.05,500.0,0.0
5.0,27.0,0.05,0.05,0.05,0.05,0.0,0.0
5.0,26.0,0.05,0.05,0.05,0.05,0.0,0.0
5.0,23.0,0.05,0.05,0.05,0.05,0.0,0.0
5.0,22.0,0.05,0.05,0.05,0.05,0.0,0.0
5.0,21.0,0.05,0.05,0.05,0.05,200.0,0.0
5.0,20.0,0.05,0.05,0.05,0.05,0.0,0.0
5.0,19.0,0.05,0.05,0.05,0.05,0.0,0.0
5.0,16.0,0.05,0.05,0.05,0.05,0.0,0.0
5.0,15.0,0.05,0.05,0.05,0.05,0.0,0.0
5.0,14.0,0.05,0.05,0.05,0.05,0.0,0.0
5.0,13.0,0.05,0.05,0.05,0.05,0.0,0.0
5.0,12.0,0.05,0.05,0.05,0.05,0.0,0.0
5.0,9.0,0.05,0.05,0.05,0.05,0.0,0.0
5.0,8.0,0.05,0.05,0.05,0.05,0.0,0.0
5.0,7.0,0.05,0.05,0.05,0.05,0.0,0.0
5.0,6.0,0.05,0.05,0.05,0.05,0.0,0.0
5.0,5.0,0.05,0.05,0.05,0.05,100.0,0.0
5.0,2.0,0.05,0.05,0.05,0.05,300.0,0.0
5.0,1.0,0.07,0.07,0.07,0.07,0.0,0.0
4.0,30.0,0.07,0.07,0.07,0.07,0.0,0.0
4.0,29.0,0.07,0.07,0.07,0.07,0.0,0.0
4.0,28.0,0.07,0.07,0.07,0.07,0.0,0.0
4.0,25.0,0.07,0.07,0.07,0.07,0.0,0.0
4.0,24.0,0.07,0.07,0.07,0.07,0.0,0.0
4.0,23.0,0.07,0.07,0.07,0.07,0.0,0.0
4.0,22.0,0.07,0.07,0.07,0.07,0.0,0.0
4.0,21.0,0.07,0.07,0.07,0.07,0.0,0.0
4.0,18.0,0.07,0.07,0.07,0.07,0.0,0.0
4.0,17.0,0.07,0.07,0.07,0.07,0.0,0.0
4.0,16.0,0.07,0.07,0.07,0.07,0.0,0.0
4.0,15.0,0.07,0.07,0.07,0.07,0.0,0.0
4.0,14.0,0.07,0.07,0.07,0.07,0.0,0.0
4.0,11.0,0.07,0.07,0.07,0.07,0.0,0.0
4.0,10.0,0.07,0.07,0.07,0.07,700.0,0.0
4.0,9.0,0.08,0.08,0.08,0.08,0.0,0.0
4.0,8.0,0.08,0.08,0.08,0.08,0.0,0.0
4.0,7.0,0.08,0.08,0.08,0.08,0.0,0.0
4.0,4.0,0.08,0.08,0.08,0.08,0.0,0.0
4.0,3.0,0.08,0.08,0.08,0.08,0.0,0.0
4.0,2.0,0.08,0.08,0.08,0.08,0.0,0.0
4.0,1.0,0.08,0.08,0.08,0.08,0.0,0.0
3.0,31.0,0.08,0.08,0.08,0.08,0.0,0.0
3.0,28.0,0.08,0.08,0.08,0.08,0.0,0.0
3.0,27.0,0.08,0.08,0.08,0.08,0.0,0.0
3.0,26.0,0.08,0.08,0.08,0.08,0.0,0.0
3.0,25.0,0.08,0.08,0.08,0.08,0.0,0.0
3.0,24.0,0.08,0.08,0.08,0.08,0.0,0.0
3.0,21.0,0.08,0.08,0.08,0.08,0.0,0.0
3.0,20.0,0.08,0.08,0.08,0.08,0.0,0.0
3.0,19.0,0.08,0.08,0.08,0.08,18900.0,0.0
3.0,18.0,0.08,0.08,0.08,0.08,0.0,0.0
3.0,17.0,0.08,0.08,0.08,0.08,0.0,0.0
3.0,14.0,0.08,0.08,0.08,0.08,0.0,0.0
3.0,13.0,0.08,0.08,0.08,0.08,0.0,0.0
3.0,12.0,0.08,0.08,0.08,0.08,0.0,0.0
3.0,11.0,0.08,0.08,0.08,0.08,0.0,0.0
3.0,10.0,0.08,0.08,0.08,0.08,0.0,0.0
3.0,7.0,0.08,0.08,0.08,0.08,0.0,0.0
3.0,6.0,0.08,0.08,0.08,0.08,0.0,0.0
3.0,5.0,0.08,0.08,0.08,0.08,0.0,0.0
3.0,4.0,0.08,0.08,0.08,0.08,0.0,0.0
3.0,3.0,0.08,0.08,0.08,0.08,200.0,0.0
2.0,28.0,0.1172,0.1172,0.1172,0.1172,6000.0,0.0
2.0,27.0,0.08,0.08,0.08,0.08,0.0,0.0
2.0,26.0,0.08,0.08,0.08,0.08,0.0,0.0
2.0,25.0,0.08,0.08,0.08,0.08,0.0,0.0
2.0,24.0,0.08,0.08,0.08,0.08,0.0,0.0
2.0,21.0,0.08,0.08,0.08,0.08,0.0,0.0
2.0,20.0,0.08,0.08,0.08,0.08,0.0,0.0
2.0,19.0,0.08,0.08,0.08,0.08,100.0,0.0
2.0,18.0,0.08,0.08,0.08,0.08,11200.0,0.0
2.0,17.0,0.08,0.08,0.08,0.08,0.0,0.0
2.0,14.0,0.08,0.08,0.08,0.08,0.0,0.0
2.0,13.0,0.08,0.08,0.08,0.08,0.0,0.0
2.0,12.0,0.08,0.08,0.08,0.08,0.0,0.0
2.0,11.0,0.08,0.08,0.08,0.08,0.0,0.0
2.0,10.0,0.08,0.08,0.08,0.08,2100.0,0.0
2.0,7.0,0.08,0.08,0.08,0.08,900.0,0.0
2.0,6.0,0.08,0.08,0.08,0.08,0.0,0.0
2.0,5.0,0.08,0.08,0.08,0.08,0.0,0.0
2.0,4.0,0.08,0.08,0.08,0.08,0.0,0.0
2.0,3.0,0.08,0.08,0.08,0.08,0.0,0.0
1.0,31.0,0.08,0.08,0.08,0.08,0.0,0.0
1.0,30.0,0.08,0.08,0.08,0.08,0.0,0.0
1.0,29.0,0.08,0.08,0.08,0.08,0.0,0.0
1.0,28.0,0.08,0.08,0.08,0.08,0.0,0.0
1.0,27.0,0.08,0.08,0.08,0.08,0.0,0.0
1.0,24.0,0.08,0.08,0.08,0.08,0.0,0.0
1.0,23.0,0.08,0.08,0.08,0.08,0.0,0.0
1.0,22.0,0.08,0.08,0.08,0.08,400.0,0.0
1.0,21.0,0.092,0.092,0.092,0.092,0.0,0.0
1.0,20.0,0.092,0.092,0.092,0.092,0.0,0.0
1.0,17.0,0.092,0.092,0.092,0.092,0.0,0.0
1.0,16.0,0.092,0.092,0.092,0.092,11000.0,0.0
1.0,15.0,0.092,0.092,0.092,0.092,0.0,0.0
1.0,14.0,0.092,0.092,0.092,0.092,0.0,0.0
1.0,13.0,0.092,0.092,0.092,0.092,0.0,0.0
1.0,10.0,0.092,0.092,0.092,0.092,0.0,0.0
1.0,9.0,0.092,0.092,0.092,0.092,2000.0,0.0
1.0,8.0,0.092,0.092,0.092,0.092,0.0,0.0
1.0,7.0,0.092,0.092,0.092,0.092,0.0,0.0
1.0,6.0,0.092,0.092,0.092,0.092,0.0,0.0
1.0,3.0,0.092,0.092,0.092,0.092,0.0,0.0
1.0,2.0,0.092,0.092,0.092,0.092,0.0,0.0
1.0,1.0,0.092,0.092,0.092,0.092,0.0,0.0
12.0,31.0,0.092,0.092,0.092,0.092,0.0,0.0
12.0,30.0,0.092,0.092,0.092,0.092,500.0,0.0
12.0,27.0,0.08,0.08,0.08,0.08,0.0,0.0
12.0,26.0,0.08,0.08,0.08,0.08,0.0,0.0
12.0,25.0,0.08,0.08,0.08,0.08,0.0,0.0
12.0,24.0,0.08,0.08,0.08,0.08,0.0,0.0
12.0,23.0,0.08,0.08,0.08,0.08,100.0,0.0
12.0,20.0,0.11,0.11,0.11,0.11,0.0,0.0
12.0,19.0,0.11,0.11,0.11,0.11,0.0,0.0
12.0,18.0,0.11,0.11,0.11,0.11,5000.0,0.0
12.0,17.0,0.11,0.11,0.11,0.11,0.0,0.0
12.0,16.0,0.11,0.11,0.11,0.11,0.0,0.0
12.0,13.0,0.11,0.11,0.11,0.11,0.0,0.0
12.0,12.0,0.11,0.11,0.11,0.11,600.0,0.0
12.0,11.0,0.11,0.11,0.11,0.11,0.0,0.0
12.0,10.0,0.11,0.11,0.11,0.11,0.0,0.0
12.0,9.0,0.11,0.11,0.11,0.11,11500.0,0.0
12.0,6.0,0.11,0.11,0.11,0.11,0.0,0.0
12.0,5.0,0.11,0.11,0.11,0.11,0.0,0.0
12.0,4.0,0.11,0.11,0.11,0.11,0.0,0.0
12.0,3.0,0.11,0.11,0.11,0.11,0.0,0.0
12.0,2.0,0.11,0.11,0.11,0.11,500.0,0.0
11.0,29.0,0.11,0.11,0.11,0.11,0.0,0.0
11.0,28.0,0.11,0.11,0.11,0.11,0.0,0.0
11.0,27.0,0.11,0.11,0.11,0.11,0.0,0.0
11.0,26.0,0.11,0.11,0.11,0.11,0.0,0.0
11.0,25.0,0.11,0.11,0.11,0.11,0.0,0.0
11.0,22.0,0.11,0.11,0.11,0.11,0.0,0.0
11.0,21.0,0.11,0.11,0.11,0.11,200.0,0.0
11.0,20.0,0.1171,0.1171,0.1171,0.1171,0.0,0.0
11.0,19.0,0.1171,0.1171,0.1171,0.1171,0.0,0.0
11.0,18.0,0.1171,0.1171,0.1171,0.1171,10000.0,0.0
11.0,15.0,0.11,0.11,0.11,0.11,0.0,0.0
11.0,14.0,0.11,0.11,0.11,0.11,0.0,0.0
11.0,13.0,0.11,0.11,0.11,0.11,3000.0,0.0
11.0,12.0,0.105,0.105,0.105,0.105,3200.0,0.0
11.0,11.0,0.105,0.105,0.105,0.105,7500.0,0.0
11.0,8.0,0.105,0.105,0.105,0.105,3000.0,0.0
11.0,7.0,0.085,0.085,0.085,0.085,0.0,0.0
11.0,6.0,0.085,0.085,0.085,0.085,4900.0,0.0
11.0,5.0,0.085,0.085,0.085,0.085,22800.0,0.0
11.0,4.0,0.22,0.22,0.22,0.22,0.0,0.0
11.0,1.0,0.23,0.23,0.22,0.22,4800.0,-0.010000000000000009
10.0,31.0,0.23,0.23,0.075,0.075,2000.0,-0.15500000000000003
10.0,30.0,0.19,0.19,0.19,0.19,0.0,0.0
10.0,29.0,0.19,0.19,0.19,0.19,0.0,0.0
10.0,28.0,0.19,0.19,0.19,0.19,1000.0,0.0
10.0,25.0,0.23,0.23,0.072,0.072,5200.0,-0.15800000000000003
10.0,24.0,0.23,0.23,0.072,0.072,1100.0,-0.15800000000000003
10.0,23.0,0.072,0.23,0.072,0.072,3000.0,0.0
10.0,22.0,0.072,0.23,0.072,0.23,1100.0,0.15800000000000003
10.0,21.0,0.23,0.23,0.23,0.23,0.0,0.0
10.0,18.0,0.23,0.23,0.23,0.23,0.0,0.0
10.0,17.0,0.072,0.23,0.072,0.23,1100.0,0.15800000000000003
10.0,16.0,0.072,0.23,0.072,0.23,2800.0,0.15800000000000003
10.0,15.0,0.23,0.23,0.23,0.23,0.0,0.0
10.0,14.0,0.23,0.23,0.23,0.23,0.0,0.0
10.0,11.0,0.23,0.23,0.23,0.23,0.0,0.0
10.0,10.0,0.23,0.23,0.23,0.23,1000.0,0.0
10.0,9.0,0.12,0.12,0.12,0.12,0.0,0.0
10.0,8.0,0.12,0.12,0.12,0.12,0.0,0.0
10.0,7.0,0.12,0.12,0.12,0.12,0.0,0.0
10.0,4.0,0.12,0.12,0.12,0.12,2000.0,0.0
10.0,3.0,0.12,0.12,0.12,0.12,0.0,0.0
10.0,2.0,0.12,0.12,0.12,0.12,0.0,0.0
10.0,1.0,0.12,0.12,0.12,0.12,4000.0,0.0
9.0,30.0,0.072,0.12,0.072,0.12,2000.0,0.048
9.0,27.0,0.125,0.125,0.125,0.125,0.0,0.0
9.0,26.0,0.125,0.125,0.125,0.125,0.0,0.0
9.0,25.0,0.125,0.125,0.125,0.125,1000.0,0.0
9.0,24.0,0.12,0.185,0.12,0.185,2000.0,0.065
9.0,23.0,0.072,0.235,0.072,0.235,1100.0,0.16299999999999998
9.0,20.0,0.148,0.148,0.148,0.148,0.0,0.0
9.0,19.0,0.148,0.148,0.148,0.148,0.0,0.0
9.0,18.0,0.148,0.148,0.148,0.148,0.0,0.0
9.0,17.0,0.148,0.148,0.148,0.148,0.0,0.0
9.0,16.0,0.0803,0.148,0.0803,0.148,13100.0,0.0677
9.0,13.0,0.15,0.15,0.15,0.15,0.0,0.0
9.0,12.0,0.15,0.15,0.15,0.15,7000.0,0.0
9.0,11.0,0.12,0.12,0.12,0.12,1000.0,0.0
9.0,10.0,0.24,0.24,0.24,0.24,0.0,0.0
9.0,9.0,0.24,0.24,0.24,0.24,0.0,0.0
9.0,6.0,0.24,0.24,0.24,0.24,0.0,0.0
9.0,5.0,0.065,0.24,0.065,0.24,1100.0,0.175
9.0,4.0,0.125,0.125,0.125,0.125,0.0,0.0
9.0,3.0,0.125,0.125,0.125,0.125,0.0,0.0
9.0,2.0,0.125,0.125,0.125,0.125,0.0,0.0
8.0,30.0,0.125,0.125,0.125,0.125,0.0,0.0
8.0,29.0,0.125,0.125,0.125,0.125,0.0,0.0
8.0,28.0,0.125,0.125,0.125,0.125,0.0,0.0
8.0,27.0,0.125,0.125,0.125,0.125,1000.0,0.0
8.0,26.0,0.205,0.205,0.205,0.205,0.0,0.0
8.0,23.0,0.07,0.205,0.07,0.205,1100.0,0.13499999999999998
8.0,22.0,0.125,0.125,0.125,0.125,0.0,0.0
8.0,21.0,0.125,0.125,0.125,0.125,1000.0,0.0
8.0,20.0,0.22,0.22,0.22,0.22,0.0,0.0
8.0,19.0,0.07,0.22,0.07,0.22,1100.0,0.15
8.0,16.0,0.155,0.155,0.155,0.155,0.0,0.0
8.0,15.0,0.155,0.155,0.155,0.155,0.0,0.0
8.0,14.0,0.155,0.155,0.155,0.155,0.0,0.0
8.0,13.0,0.155,0.155,0.155,0.155,0.0,0.0
8.0,12.0,0.155,0.155,0.155,0.155,0.0,0.0
8.0,9.0,0.155,0.155,0.155,0.155,0.0,0.0
8.0,8.0,0.155,0.155,0.155,0.155,0.0,0.0
8.0,7.0,0.155,0.155,0.155,0.155,0.0,0.0
8.0,6.0,0.155,0.155,0.155,0.155,0.0,0.0
8.0,5.0,0.065,0.155,0.065,0.155,1300.0,0.09
8.0,2.0,0.175,0.175,0.175,0.175,0.0,0.0
8.0,1.0,0.175,0.175,0.175,0.175,0.0,0.0
7.0,31.0,0.175,0.175,0.175,0.175,0.0,0.0
7.0,30.0,0.175,0.175,0.175,0.175,0.0,0.0
7.0,29.0,0.175,0.175,0.175,0.175,0.0,0.0
7.0,26.0,0.175,0.175,0.175,0.175,0.0,0.0
7.0,25.0,0.175,0.175,0.175,0.175,2000.0,0.0
7.0,24.0,0.06,0.061,0.06,0.061,500.0,0.0010000000000000009
7.0,23.0,0.25,0.25,0.25,0.25,0.0,0.0
7.0,22.0,0.25,0.25,0.25,0.25,1000.0,0.0
7.0,19.0,0.055,0.055,0.055,0.055,50000.0,0.0
7.0,18.0,0.173,0.173,0.173,0.173,0.0,0.0
7.0,17.0,0.173,0.173,0.173,0.173,0.0,0.0
7.0,16.0,0.173,0.173,0.173,0.173,13000.0,0.0
7.0,15.0,0.1771,0.1771,0.1771,0.1771,6000.0,0.0
7.0,12.0,0.0515,0.0515,0.0515,0.0515,0.0,0.0
7.0,11.0,0.0515,0.0515,0.0515,0.0515,0.0,0.0
7.0,10.0,0.0515,0.0515,0.0515,0.0515,0.0,0.0
7.0,9.0,0.0515,0.0515,0.0515,0.0515,100.0,0.0
7.0,8.0,0.0515,0.0515,0.0515,0.0515,100.0,0.0
7.0,5.0,0.0515,0.0515,0.0515,0.0515,0.0,0.0
7.0,4.0,0.0515,0.0515,0.0515,0.0515,0.0,0.0
7.0,3.0,0.0515,0.0515,0.0515,0.0515,0.0,0.0
7.0,2.0,0.0515,0.0515,0.0515,0.0515,0.0,0.0
7.0,1.0,0.0515,0.0515,0.0515,0.0515,0.0,0.0
6.0,28.0,0.0515,0.0515,0.0515,0.0515,0.0,0.0
6.0,27.0,0.0515,0.0515,0.0515,0.0515,0.0,0.0
6.0,26.0,0.0515,0.0515,0.0515,0.0515,0.0,0.0
6.0,25.0,0.0515,0.0515,0.0515,0.0515,0.0,0.0
6.0,24.0,0.0515,0.0515,0.0515,0.0515,0.0,0.0
6.0,21.0,0.0515,0.0515,0.0515,0.0515,200.0,0.0
6.0,20.0,0.0515,0.0515,0.0515,0.0515,0.0,0.0
6.0,19.0,0.0515,0.0515,0.0515,0.0515,2000.0,0.0
6.0,18.0,0.0505,0.0505,0.0505,0.0505,0.0,0.0
6.0,17.0,0.202,0.202,0.0505,0.0505,4200.0,-0.15150000000000002
6.0,14.0,0.05,0.05,0.05,0.05,1700.0,0.0
6.0,13.0,0.03,0.03,0.03,0.03,0.0,0.0
6.0,12.0,0.03,0.03,0.03,0.03,0.0,0.0
6.0,11.0,0.03,0.03,0.03,0.03,0.0,0.0
6.0,10.0,0.03,0.03,0.03,0.03,0.0,0.0
6.0,7.0,0.03,0.03,0.03,0.03,0.0,0.0
6.0,6.0,0.03,0.03,0.03,0.03,0.0,0.0
6.0,5.0,0.03,0.03,0.03,0.03,0.0,0.0
6.0,4.0,0.03,0.03,0.03,0.03,0.0,0.0
6.0,3.0,0.03,0.03,0.03,0.03,0.0,0.0
5.0,31.0,0.03,0.03,0.03,0.03,0.0,0.0
5.0,30.0,0.03,0.03,0.03,0.03,0.0,0.0
5.0,29.0,0.03,0.03,0.03,0.03,0.0,0.0
5.0,28.0,0.03,0.03,0.03,0.03,0.0,0.0
5.0,27.0,0.03,0.03,0.03,0.03,0.0,0.0
5.0,24.0,0.03,0.03,0.03,0.03,0.0,0.0
5.0,23.0,0.03,0.03,0.03,0.03,0.0,0.0
5.0,22.0,0.03,0.03,0.03,0.03,0.0,0.0
5.0,21.0,0.03,0.03,0.03,0.03,0.0,0.0
5.0,20.0,0.03,0.03,0.03,0.03,0.0,0.0
5.0,17.0,0.03,0.03,0.03,0.03,0.0,0.0
5.0,16.0,0.03,0.03,0.03,0.03,100.0,0.0
5.0,15.0,0.18,0.18,0.18,0.18,0.0,0.0
5.0,14.0,0.18,0.18,0.18,0.18,0.0,0.0
5.0,13.0,0.18,0.18,0.18,0.18,0.0,0.0
5.0,10.0,0.18,0.18,0.18,0.18,0.0,0.0
5.0,9.0,0.18,0.18,0.18,0.18,0.0,0.0
5.0,8.0,0.18,0.18,0.18,0.18,0.0,0.0
5.0,7.0,0.18,0.18,0.18,0.18,0.0,0.0
5.0,6.0,0.18,0.18,0.18,0.18,0.0,0.0
5.0,3.0,0.18,0.18,0.18,0.18,0.0,0.0
5.0,2.0,0.18,0.18,0.18,0.18,0.0,0.0
5.0,1.0,0.18,0.18,0.18,0.18,0.0,0.0
4.0,30.0,0.18,0.18,0.18,0.18,0.0,0.0
4.0,29.0,0.18,0.18,0.18,0.18,0.0,0.0
4.0,26.0,0.18,0.18,0.18,0.18,0.0,0.0
4.0,25.0,0.18,0.18,0.18,0.18,0.0,0.0
4.0,24.0,0.18,0.18,0.18,0.18,0.0,0.0
4.0,23.0,0.18,0.18,0.18,0.18,0.0,0.0
4.0,22.0,0.18,0.18,0.18,0.18,0.0,0.0
4.0,19.0,0.18,0.18,0.18,0.18,0.0,0.0
4.0,18.0,0.18,0.18,0.18,0.18,0.0,0.0
4.0,17.0,0.18,0.18,0.18,0.18,0.0,0.0
4.0,16.0,0.18,0.18,0.18,0.18,0.0,0.0
4.0,15.0,0.18,0.18,0.18,0.18,29700.0,0.0
4.0,12.0,0.15,0.15,0.15,0.15,0.0,0.0
4.0,11.0,0.15,0.15,0.15,0.15,100.0,0.0
4.0,10.0,0.19,0.19,0.19,0.19,0.0,0.0
4.0,9.0,0.19,0.19,0.19,0.19,0.0,0.0
4.0,8.0,0.19,0.19,0.19,0.19,0.0,0.0
4.0,5.0,0.19,0.19,0.19,0.19,300.0,0.0
4.0,4.0,0.19,0.19,0.19,0.19,0.0,0.0
4.0,3.0,0.19,0.19,0.19,0.19,0.0,0.0
4.0,2.0,0.19,0.19,0.19,0.19,100.0,0.0
4.0,1.0,0.19,0.19,0.19,0.19,0.0,0.0
3.0,29.0,0.19,0.19,0.19,0.19,0.0,0.0
3.0,28.0,0.19,0.19,0.19,0.19,0.0,0.0
3.0,27.0,0.19,0.19,0.19,0.19,0.0,0.0
3.0,26.0,0.19,0.19,0.19,0.19,0.0,0.0
3.0,25.0,0.19,0.19,0.19,0.19,100.0,0.0
3.0,22.0,0.1922,0.1922,0.1922,0.1922,0.0,0.0
3.0,21.0,0.1922,0.1922,0.1922,0.1922,0.0,0.0
3.0,20.0,0.1922,0.1922,0.1922,0.1922,0.0,0.0
3.0,19.0,0.1922,0.1922,0.1922,0.1922,0.0,0.0
3.0,18.0,0.19,0.1922,0.19,0.1922,1900.0,0.0022000000000000075
3.0,15.0,0.19,0.19,0.19,0.19,400.0,0.0
3.0,14.0,0.2,0.2,0.2,0.2,0.0,0.0
3.0,13.0,0.2,0.2,0.2,0.2,0.0,0.0
3.0,12.0,0.2,0.2,0.2,0.2,0.0,0.0
3.0,11.0,0.2,0.2,0.2,0.2,0.0,0.0
3.0,8.0,0.2,0.2,0.2,0.2,0.0,0.0
3.0,7.0,0.2,0.2,0.2,0.2,0.0,0.0
3.0,6.0,0.2,0.2,0.2,0.2,400.0,0.0
3.0,5.0,0.2,0.2,0.2,0.2,0.0,0.0
3.0,4.0,0.2,0.2,0.2,0.2,100.0,0.0
3.0,1.0,0.19,0.19,0.19,0.19,0.0,0.0
2.0,28.0,0.19,0.19,0.19,0.19,0.0,0.0
2.0,27.0,0.19,0.19,0.19,0.19,0.0,0.0
2.0,26.0,0.19,0.19,0.19,0.19,0.0,0.0
2.0,25.0,0.19,0.19,0.19,0.19,0.0,0.0
2.0,22.0,0.19,0.19,0.19,0.19,100.0,0.0
2.0,21.0,0.19,0.19,0.19,0.19,0.0,0.0
2.0,20.0,0.19,0.19,0.19,0.19,0.0,0.0
2.0,19.0,0.2,0.2,0.19,0.19,10100.0,-0.010000000000000009
2.0,18.0,0.2,0.2,0.2,0.2,0.0,0.0
2.0,15.0,0.2,0.2,0.2,0.2,0.0,0.0
2.0,14.0,0.2,0.2,0.2,0.2,0.0,0.0
2.0,13.0,0.2,0.2,0.2,0.2,0.0,0.0
2.0,12.0,0.2,0.2,0.2,0.2,0.0,0.0
2.0,11.0,0.2,0.2,0.2,0.2,0.0,0.0
2.0,8.0,0.2,0.2,0.2,0.2,10000.0,0.0
2.0,7.0,0.2,0.2,0.2,0.2,0.0,0.0
2.0,6.0,0.2,0.2,0.2,0.2,0.0,0.0
2.0,5.0,0.2,0.2,0.2,0.2,100.0,0.0
2.0,4.0,0.2,0.2,0.2,0.2,0.0,0.0
2.0,1.0,0.2,0.2,0.2,0.2,0.0,0.0
1.0,31.0,0.2,0.2,0.2,0.2,0.0,0.0
1.0,30.0,0.2,0.2,0.2,0.2,0.0,0.0
1.0,29.0,0.2,0.2,0.2,0.2,0.0,0.0
1.0,28.0,0.2,0.2,0.2,0.2,200.0,0.0
1.0,25.0,0.2,0.2,0.2,0.2,0.0,0.0
1.0,24.0,0.2,0.2,0.2,0.2,0.0,0.0
1.0,23.0,0.2,0.2,0.2,0.2,600.0,0.0
1.0,22.0,0.2,0.2,0.2,0.2,100.0,0.0
1.0,21.0,0.28,0.28,0.28,0.28,0.0,0.0
1.0,18.0,0.28,0.28,0.28,0.28,0.0,0.0
1.0,17.0,0.28,0.28,0.28,0.28,0.0,0.0
1.0,16.0,0.28,0.28,0.28,0.28,200.0,0.0
1.0,15.0,0.24,0.24,0.24,0.24,4100.0,0.0
1.0,14.0,0.24,0.24,0.24,0.24,0.0,0.0
1.0,11.0,0.24,0.24,0.24,0.24,1500.0,0.0
1.0,10.0,0.24,0.24,0.24,0.24,0.0,0.0
1.0,9.0,0.24,0.24,0.24,0.24,0.0,0.0
1.0,8.0,0.24,0.24,0.24,0.24,0.0,0.0
1.0,7.0,0.24,0.24,0.24,0.24,500.0,0.0
1.0,4.0,0.25,0.25,0.24,0.24,3700.0,-0.010000000000000009
1.0,3.0,0.25,0.25,0.25,0.25,0.0,0.0
1.0,2.0,0.25,0.25,0.25,0.25,0.0,0.0
1.0,1.0,0.25,0.25,0.25,0.25,0.0,0.0
12.0,31.0,0.25,0.25,0.25,0.25,0.0,0.0
12.0,28.0,0.25,0.25,0.25,0.25,500.0,0.0
12.0,27.0,0.25,0.25,0.25,0.25,0.0,0.0
12.0,26.0,0.25,0.25,0.25,0.25,0.0,0.0
12.0,25.0,0.25,0.25,0.25,0.25,0.0,0.0
12.0,24.0,0.25,0.25,0.25,0.25,0.0,0.0
12.0,21.0,0.25,0.25,0.25,0.25,100.0,0.0
12.0,20.0,0.24,0.24,0.24,0.24,100.0,0.0
12.0,19.0,0.2,0.2,0.2,0.2,0.0,0.0
12.0,18.0,0.2,0.2,0.2,0.2,0.0,0.0
12.0,17.0,0.2,0.2,0.2,0.2,1100.0,0.0
12.0,14.0,0.2,0.2,0.2,0.2,100.0,0.0
12.0,13.0,0.25,0.25,0.25,0.25,20000.0,0.0
12.0,12.0,0.2,0.2,0.2,0.2,0.0,0.0
12.0,11.0,0.2,0.2,0.2,0.2,100.0,0.0
12.0,10.0,0.25,0.25,0.25,0.25,0.0,0.0
12.0,7.0,0.25,0.25,0.25,0.25,0.0,0.0
12.0,6.0,0.25,0.25,0.25,0.25,0.0,0.0
12.0,5.0,0.25,0.25,0.25,0.25,200.0,0.0
12.0,4.0,0.25,0.25,0.25,0.25,0.0,0.0
12.0,3.0,0.25,0.25,0.25,0.25,10100.0,0.0
11.0,30.0,0.25,0.25,0.25,0.25,2400.0,0.0
11.0,29.0,0.2,0.2,0.2,0.2,0.0,0.0
11.0,28.0,0.2,0.2,0.2,0.2,0.0,0.0
11.0,27.0,0.2,0.2,0.2,0.2,13500.0,0.0
11.0,26.0,0.25,0.25,0.25,0.25,2500.0,0.0
11.0,23.0,0.25,0.25,0.25,0.25,0.0,0.0
11.0,22.0,0.25,0.25,0.25,0.25,0.0,0.0
11.0,21.0,0.25,0.25,0.25,0.25,0.0,0.0
11.0,20.0,0.25,0.25,0.25,0.25,5100.0,0.0
11.0,19.0,0.25,0.25,0.25,0.25,500.0,0.0
11.0,16.0,0.25,0.25,0.25,0.25,0.0,0.0
11.0,15.0,0.25,0.25,0.25,0.25,0.0,0.0
11.0,14.0,0.25,0.25,0.25,0.25,0.0,0.0
11.0,13.0,0.25,0.25,0.25,0.25,1000.0,0.0
11.0,12.0,0.25,0.25,0.25,0.25,0.0,0.0
11.0,9.0,0.25,0.25,0.25,0.25,0.0,0.0
11.0,8.0,0.25,0.25,0.25,0.25,0.0,0.0
11.0,7.0,0.25,0.25,0.25,0.25,0.0,0.0
11.0,6.0,0.25,0.25,0.25,0.25,0.0,0.0
11.0,5.0,0.25,0.25,0.25,0.25,0.0,0.0
11.0,2.0,0.25,0.25,0.25,0.25,0.0,0.0
11.0,1.0,0.25,0.25,0.25,0.25,0.0,0.0
10.0,31.0,0.25,0.25,0.25,0.25,0.0,0.0
10.0,30.0,0.25,0.25,0.25,0.25,0.0,0.0
10.0,29.0,0.25,0.25,0.25,0.25,0.0,0.0
10.0,26.0,0.25,0.25,0.25,0.25,0.0,0.0
10.0,25.0,0.25,0.25,0.25,0.25,0.0,0.0
10.0,24.0,0.25,0.25,0.25,0.25,1500.0,0.0
10.0,23.0,0.25,0.25,0.25,0.25,25600.0,0.0
10.0,22.0,0.3,0.3,0.3,0.3,200.0,0.0
10.0,19.0,0.25,0.25,0.25,0.25,0.0,0.0
10.0,18.0,0.25,0.25,0.25,0.25,0.0,0.0
10.0,17.0,0.25,0.25,0.25,0.25,1100.0,0.0
10.0,16.0,0.25,0.25,0.25,0.25,100.0,0.0
10.0,15.0,0.25,0.25,0.25,0.25,0.0,0.0
10.0,12.0,0.25,0.25,0.25,0.25,100.0,0.0
10.0,11.0,0.25,0.25,0.25,0.25,0.0,0.0
10.0,10.0,0.25,0.25,0.25,0.25,0.0,0.0
10.0,9.0,0.25,0.25,0.25,0.25,0.0,0.0
10.0,8.0,0.25,0.25,0.25,0.25,0.0,0.0
10.0,5.0,0.25,0.25,0.25,0.25,400.0,0.0
10.0,4.0,0.25,0.25,0.25,0.25,300.0,0.0
10.0,3.0,0.25,0.25,0.25,0.25,1000.0,0.0
10.0,2.0,0.25,0.25,0.25,0.25,200.0,0.0
10.0,1.0,0.34,0.34,0.25,0.34,5100.0,0.0
9.0,28.0,0.35,0.35,0.35,0.35,0.0,0.0
9.0,27.0,0.25,0.35,0.25,0.35,2900.0,0.09999999999999998
9.0,26.0,0.25,0.25,0.25,0.25,0.0,0.0
9.0,25.0,0.25,0.25,0.25,0.25,0.0,0.0
9.0,24.0,0.25,0.25,0.25,0.25,100.0,0.0
9.0,21.0,0.25,0.25,0.25,0.25,400.0,0.0
9.0,20.0,0.25,0.25,0.25,0.25,15000.0,0.0
9.0,19.0,0.25,0.25,0.25,0.25,2000.0,0.0
9.0,18.0,0.25,0.25,0.25,0.25,1300.0,0.0
9.0,17.0,0.374,0.374,0.374,0.374,0.0,0.0
9.0,14.0,0.374,0.374,0.374,0.374,0.0,0.0
9.0,13.0,0.374,0.374,0.374,0.374,0.0,0.0
9.0,12.0,0.38,0.38,0.25,0.374,2400.0,-0.006000000000000005
9.0,11.0,0.3,0.3,0.3,0.3,0.0,0.0
9.0,10.0,0.3,0.3,0.3,0.3,29000.0,0.0
9.0,7.0,0.35,0.35,0.35,0.35,100.0,0.0
9.0,6.0,0.26,0.3,0.26,0.3,21800.0,0.03999999999999998
9.0,5.0,0.25,0.25,0.25,0.25,6200.0,0.0
9.0,4.0,0.232,0.232,0.232,0.232,100.0,0.0
9.0,3.0,0.232,0.232,0.232,0.232,0.0,0.0
8.0,31.0,0.232,0.232,0.232,0.232,0.0,0.0
8.0,30.0,0.232,0.232,0.232,0.232,0.0,0.0
8.0,29.0,0.232,0.232,0.232,0.232,100.0,0.0
8.0,28.0,0.3,0.3,0.3,0.3,0.0,0.0
8.0,27.0,0.3,0.3,0.3,0.3,0.0,0.0
8.0,24.0,0.3,0.3,0.3,0.3,4100.0,0.0
8.0,23.0,0.3,0.3,0.25,0.25,23500.0,-0.04999999999999999
8.0,22.0,0.394,0.394,0.394,0.394,0.0,0.0
8.0,21.0,0.3,0.394,0.3,0.394,2800.0,0.09400000000000003
8.0,20.0,0.3,0.3,0.3,0.3,0.0,0.0
8.0,17.0,0.3,0.3,0.3,0.3,0.0,0.0
8.0,16.0,0.3,0.3,0.3,0.3,3000.0,0.0
8.0,15.0,0.236,0.3,0.236,0.3,9400.0,0.064
8.0,14.0,0.232,0.232,0.232,0.232,4000.0,0.0
8.0,13.0,0.35,0.35,0.35,0.35,0.0,0.0
8.0,10.0,0.35,0.35,0.35,0.35,0.0,0.0
8.0,9.0,0.35,0.35,0.35,0.35,0.0,0.0
8.0,8.0,0.35,0.35,0.35,0.35,0.0,0.0
8.0,7.0,0.35,0.35,0.35,0.35,0.0,0.0
8.0,6.0,0.35,0.35,0.35,0.35,3500.0,0.0
8.0,3.0,0.37,0.37,0.37,0.37,0.0,0.0
8.0,2.0,0.37,0.37,0.37,0.37,0.0,0.0
8.0,1.0,0.37,0.37,0.37,0.37,0.0,0.0
7.0,31.0,0.37,0.37,0.37,0.37,0.0,0.0
7.0,30.0,0.37,0.37,0.37,0.37,0.0,0.0
7.0,27.0,0.37,0.37,0.37,0.37,0.0,0.0
7.0,26.0,0.37,0.37,0.37,0.37,0.0,0.0
7.0,25.0,0.37,0.37,0.37,0.37,0.0,0.0
7.0,24.0,0.37,0.37,0.37,0.37,0.0,0.0
7.0,23.0,0.37,0.37,0.37,0.37,0.0,0.0
7.0,20.0,0.37,0.37,0.37,0.37,0.0,0.0
7.0,19.0,0.38,0.38,0.37,0.37,8000.0,-0.010000000000000009
7.0,18.0,0.4,0.4,0.4,0.4,0.0,0.0
7.0,17.0,0.4,0.4,0.4,0.4,37400.0,0.0
7.0,16.0,0.4,0.4,0.4,0.4,30000.0,0.0
7.0,13.0,0.4,0.4,0.4,0.4,0.0,0.0
7.0,12.0,0.4,0.4,0.4,0.4,4000.0,0.0
7.0,11.0,0.39,0.39,0.39,0.39,3200.0,0.0
7.0,10.0,0.39,0.39,0.39,0.39,5000.0,0.0
7.0,9.0,0.39,0.39,0.39,0.39,0.0,0.0
7.0,6.0,0.39,0.39,0.39,0.39,2700.0,0.0
7.0,5.0,0.39,0.39,0.39,0.39,3200.0,0.0
7.0,4.0,0.42,0.42,0.42,0.42,0.0,0.0
7.0,3.0,0.42,0.42,0.42,0.42,0.0,0.0
7.0,2.0,0.42,0.42,0.42,0.42,0.0,0.0
6.0,29.0,0.4,0.42,0.4,0.42,5900.0,0.019999999999999962
6.0,28.0,0.41,0.41,0.41,0.41,0.0,0.0
6.0,27.0,0.41,0.41,0.41,0.41,200.0,0.0
6.0,26.0,0.38,0.38,0.38,0.38,0.0,0.0
6.0,25.0,0.38,0.38,0.38,0.38,2600.0,0.0
6.0,22.0,0.42,0.42,0.42,0.42,0.0,0.0
6.0,21.0,0.45,0.45,0.42,0.42,2200.0,-0.030000000000000027
6.0,20.0,0.43,0.43,0.43,0.43,0.0,0.0
6.0,19.0,0.43,0.43,0.43,0.43,100.0,0.0
6.0,18.0,0.46,0.46,0.46,0.46,0.0,0.0
6.0,15.0,0.46,0.46,0.46,0.46,0.0,0.0
6.0,14.0,0.37,0.46,0.37,0.46,5500.0,0.09000000000000002
6.0,13.0,0.37,0.37,0.37,0.37,100.0,0.0
6.0,12.0,0.37,0.37,0.37,0.37,0.0,0.0
6.0,11.0,0.37,0.37,0.37,0.37,100.0,0.0
6.0,8.0,0.45,0.45,0.45,0.45,0.0,0.0
6.0,7.0,0.45,0.45,0.45,0.45,0.0,0.0
6.0,6.0,0.45,0.45,0.45,0.45,0.0,0.0
6.0,5.0,0.45,0.45,0.45,0.45,0.0,0.0
6.0,4.0,0.45,0.45,0.45,0.45,100.0,0.0
6.0,1.0,0.46,0.46,0.37,0.37,1100.0,-0.09000000000000002
5.0,31.0,0.38,0.38,0.38,0.38,25500.0,0.0
5.0,30.0,0.4,0.4,0.4,0.4,0.0,0.0
5.0,29.0,0.4,0.4,0.4,0.4,5000.0,0.0
5.0,28.0,0.46,0.46,0.46,0.46,0.0,0.0
5.0,25.0,0.3,0.46,0.3,0.46,400.0,0.16000000000000003
5.0,24.0,0.46,0.46,0.46,0.46,0.0,0.0
5.0,23.0,0.39,0.46,0.39,0.46,11600.0,0.07
5.0,22.0,0.29,0.29,0.29,0.29,0.0,0.0
5.0,21.0,0.29,0.29,0.29,0.29,100.0,0.0
5.0,18.0,0.39,0.39,0.39,0.39,5000.0,0.0
5.0,17.0,0.39,0.44,0.39,0.44,20200.0,0.04999999999999999
5.0,16.0,0.43,0.43,0.43,0.43,0.0,0.0
5.0,15.0,0.43,0.43,0.43,0.43,6000.0,0.0
5.0,14.0,0.41,0.41,0.41,0.41,0.0,0.0
5.0,11.0,0.41,0.41,0.41,0.41,25000.0,0.0
5.0,10.0,0.42,0.42,0.4,0.4,105000.0,-0.019999999999999962
5.0,9.0,0.42,0.42,0.41,0.41,3000.0,-0.010000000000000009
5.0,8.0,0.42,0.42,0.42,0.42,5000.0,0.0
5.0,7.0,0.42,0.42,0.42,0.42,0.0,0.0
5.0,4.0,0.42,0.42,0.42,0.42,0.0,0.0
5.0,3.0,0.41,0.42,0.41,0.42,2300.0,0.010000000000000009
5.0,2.0,0.47,0.47,0.47,0.47,100.0,0.0
5.0,1.0,0.47,0.47,0.47,0.47,1100.0,0.0
4.0,30.0,0.41,0.41,0.41,0.41,0.0,0.0
4.0,27.0,0.41,0.41,0.41,0.41,0.0,0.0
4.0,26.0,0.41,0.41,0.41,0.41,0.0,0.0
4.0,25.0,0.41,0.41,0.41,0.41,5000.0,0.0
4.0,24.0,0.47,0.47,0.47,0.47,1000.0,0.0
4.0,23.0,0.41,0.47,0.41,0.47,12200.0,0.06
4.0,20.0,0.41,0.41,0.41,0.41,0.0,0.0
4.0,19.0,0.42,0.42,0.41,0.41,51300.0,-0.010000000000000009
4.0,18.0,0.41,0.41,0.41,0.41,0.0,0.0
4.0,17.0,0.4043,0.41,0.39,0.41,11000.0,0.005699999999999983
4.0,16.0,0.42,0.42,0.42,0.42,50000.0,0.0
4.0,13.0,0.41,0.44,0.41,0.42,15300.0,0.010000000000000009
4.0,12.0,0.41,0.41,0.41,0.41,10000.0,0.0
4.0,11.0,0.41,0.41,0.41,0.41,10000.0,0.0
4.0,10.0,0.42,0.42,0.42,0.42,5000.0,0.0
4.0,9.0,0.44,0.44,0.42,0.42,12200.0,-0.020000000000000018
4.0,6.0,0.44,0.44,0.44,0.44,0.0,0.0
4.0,5.0,0.44,0.44,0.42,0.44,25000.0,0.0
4.0,4.0,0.44,0.44,0.44,0.44,1000.0,0.0
4.0,3.0,0.47,0.47,0.47,0.47,0.0,0.0
4.0,2.0,0.47,0.47,0.47,0.47,0.0,0.0
3.0,30.0,0.47,0.47,0.47,0.47,0.0,0.0
3.0,29.0,0.47,0.47,0.47,0.47,0.0,0.0
3.0,28.0,0.4,0.47,0.4,0.47,500.0,0.06999999999999995
3.0,27.0,0.46,0.46,0.46,0.46,5000.0,0.0
3.0,26.0,0.45,0.45,0.45,0.45,31400.0,0.0
3.0,23.0,0.39,0.39,0.39,0.39,0.0,0.0
3.0,22.0,0.39,0.39,0.39,0.39,5000.0,0.0
3.0,21.0,0.39,0.39,0.39,0.39,0.0,0.0
3.0,20.0,0.45,0.45,0.39,0.39,9000.0,-0.06
3.0,19.0,0.45,0.45,0.45,0.45,100.0,0.0
3.0,16.0,0.371,0.371,0.371,0.371,500.0,0.0
3.0,15.0,0.352,0.45,0.352,0.45,200.0,0.09800000000000003
3.0,14.0,0.45,0.45,0.36,0.36,3800.0,-0.09000000000000002
3.0,13.0,0.45,0.45,0.45,0.45,2000.0,0.0
3.0,12.0,0.45,0.45,0.45,0.45,0.0,0.0
3.0,9.0,0.45,0.45,0.45,0.45,0.0,0.0
3.0,8.0,0.42,0.45,0.42,0.45,31700.0,0.030000000000000027
3.0,7.0,0.4,0.4,0.4,0.4,20100.0,0.0
3.0,6.0,0.43,0.43,0.34,0.34,12500.0,-0.08999999999999997
3.0,5.0,0.43,0.43,0.399,0.43,300.0,0.0
3.0,2.0,0.42,0.45,0.42,0.42,10100.0,0.0
3.0,1.0,0.44,0.44,0.4,0.43,5100.0,-0.010000000000000009
2.0,29.0,0.43,0.44,0.4,0.44,2100.0,0.010000000000000009
2.0,28.0,0.4,0.43,0.39,0.39,7100.0,-0.010000000000000009
2.0,27.0,0.42,0.44,0.42,0.44,27800.0,0.020000000000000018
2.0,24.0,0.39,0.39,0.39,0.39,3500.0,0.0
2.0,23.0,0.39,0.39,0.39,0.39,0.0,0.0
2.0,22.0,0.325,0.39,0.325,0.39,11600.0,0.065
2.0,21.0,0.34,0.34,0.34,0.34,9600.0,0.0
2.0,20.0,0.34,0.34,0.34,0.34,0.0,0.0
2.0,17.0,0.34,0.34,0.34,0.34,0.0,0.0
2.0,16.0,0.4,0.42,0.34,0.34,18600.0,-0.06
2.0,15.0,0.4,0.4,0.32,0.32,22600.0,-0.08000000000000002
2.0,14.0,0.26,0.39,0.26,0.39,19300.0,0.13
2.0,13.0,0.36,0.36,0.3,0.3,27600.0,-0.06
2.0,10.0,0.304,0.304,0.304,0.304,500.0,0.0
2.0,9.0,0.36,0.36,0.36,0.36,0.0,0.0
2.0,8.0,0.3,0.36,0.3,0.36,48300.0,0.06
2.0,7.0,0.32,0.32,0.28,0.28,64800.0,-0.03999999999999998
2.0,6.0,0.33,0.35,0.33,0.35,8000.0,0.019999999999999962
2.0,3.0,0.29,0.29,0.29,0.29,500.0,0.0
2.0,2.0,0.29,0.29,0.29,0.29,20000.0,0.0
2.0,1.0,0.29,0.29,0.29,0.29,10000.0,0.0
1.0,31.0,0.29,0.29,0.29,0.29,9400.0,0.0
1.0,30.0,0.282,0.282,0.282,0.282,0.0,0.0
1.0,27.0,0.28,0.29,0.28,0.282,16100.0,0.0019999999999999463
1.0,26.0,0.31,0.32,0.31,0.32,22500.0,0.010000000000000009
1.0,25.0,0.29,0.29,0.271,0.271,14900.0,-0.01899999999999996
1.0,24.0,0.35,0.35,0.271,0.29,36500.0,-0.06
1.0,23.0,0.32,0.35,0.25,0.35,18200.0,0.02999999999999997
1.0,20.0,0.26,0.26,0.24,0.24,6400.0,-0.020000000000000018
1.0,19.0,0.25,0.31,0.25,0.31,13300.0,0.06
1.0,18.0,0.24,0.24,0.24,0.24,1000.0,0.0
1.0,17.0,0.31,0.32,0.215,0.215,12400.0,-0.095
1.0,16.0,0.22,0.22,0.22,0.22,0.0,0.0
1.0,13.0,0.165,0.25,0.165,0.22,31400.0,0.05499999999999999
1.0,12.0,0.16,0.165,0.16,0.165,39500.0,0.0050000000000000044
1.0,11.0,0.155,0.155,0.155,0.155,0.0,0.0
1.0,10.0,0.158,0.162,0.155,0.155,7100.0,-0.0030000000000000027
1.0,9.0,0.158,0.158,0.158,0.158,0.0,0.0
1.0,6.0,0.175,0.175,0.158,0.158,3100.0,-0.016999999999999987
1.0,5.0,0.157,0.157,0.157,0.157,6100.0,0.0
1.0,4.0,0.157,0.157,0.157,0.157,0.0,0.0
1.0,3.0,0.157,0.157,0.157,0.157,0.0,0.0
1.0,2.0,0.157,0.157,0.157,0.157,0.0,0.0
12.0,30.0,0.157,0.157,0.157,0.157,400.0,0.0
12.0,29.0,0.157,0.157,0.157,0.157,100.0,0.0
12.0,28.0,0.157,0.157,0.157,0.157,0.0,0.0
12.0,27.0,0.17,0.175,0.157,0.157,8500.0,-0.013000000000000012
12.0,26.0,0.17,0.17,0.17,0.17,0.0,0.0
12.0,23.0,0.18,0.18,0.17,0.17,5300.0,-0.009999999999999981
12.0,22.0,0.157,0.157,0.155,0.155,3600.0,-0.0020000000000000018
12.0,21.0,0.16,0.17,0.15,0.15,24400.0,-0.010000000000000009
12.0,20.0,0.1651,0.1652,0.1501,0.1501,31100.0,-0.014999999999999986
12.0,19.0,0.18,0.18,0.1651,0.172,32300.0,-0.008000000000000007
12.0,16.0,0.165,0.185,0.161,0.18,55700.0,0.014999999999999986
12.0,15.0,0.165,0.17,0.165,0.165,22700.0,0.0
12.0,14.0,0.18,0.18,0.165,0.165,77800.0,-0.014999999999999986
12.0,13.0,0.18,0.19,0.18,0.18,29700.0,0.0
12.0,12.0,0.195,0.195,0.168,0.17,35700.0,-0.024999999999999994
12.0,9.0,0.2,0.2,0.1701,0.1701,23000.0,-0.02990000000000001
12.0,8.0,0.195,0.2053,0.19,0.2,58400.0,0.0050000000000000044
12.0,7.0,0.214,0.214,0.175,0.195,77300.0,-0.01899999999999999
12.0,6.0,0.205,0.24,0.16,0.16,68800.0,-0.044999999999999984
12.0,5.0,0.29,0.29,0.21,0.211,78800.0,-0.07899999999999999
12.0,2.0,0.3,0.3,0.3,0.3,1100.0,0.0
12.0,1.0,0.275,0.275,0.275,0.275,6000.0,0.0
11.0,30.0,0.3,0.3,0.27,0.275,29700.0,-0.024999999999999967
11.0,29.0,0.3,0.3,0.3,0.3,1000.0,0.0
11.0,28.0,0.38,0.38,0.3,0.35,10700.0,-0.030000000000000027
11.0,25.0,0.281,0.282,0.281,0.282,3900.0,9.999999999999454E-4
11.0,24.0,0.32,0.32,0.32,0.32,0.0,0.0
11.0,23.0,0.2801,0.32,0.2801,0.32,15300.0,0.03989999999999999
11.0,22.0,0.2801,0.285,0.27,0.285,13300.0,0.00489999999999996
11.0,21.0,0.349,0.349,0.285,0.285,22900.0,-0.064
11.0,18.0,0.345,0.43,0.32,0.369,202000.0,0.02400000000000002
11.0,17.0,0.42,0.42,0.32,0.325,185200.0,-0.09499999999999997
11.0,16.0,0.4,0.41,0.38,0.4,238800.0,0.0
11.0,15.0,0.28,0.46,0.25,0.37,114600.0,0.08999999999999997
11.0,14.0,0.25,0.25,0.22,0.22,5400.0,-0.03
11.0,11.0,0.2,0.2,0.2,0.2,30000.0,0.0
11.0,10.0,0.25,0.25,0.2,0.2,20300.0,-0.04999999999999999
11.0,9.0,0.25,0.25,0.25,0.25,3000.0,0.0
11.0,8.0,0.25,0.25,0.25,0.25,21400.0,0.0
11.0,4.0,0.3,0.3,0.3,0.3,5000.0,0.0
11.0,1.0,0.26,0.26,0.25,0.25,11000.0,-0.010000000000000009
10.0,31.0,0.28,0.28,0.28,0.28,2600.0,0.0
10.0,28.0,0.29,0.3,0.29,0.3,10000.0,0.010000000000000009
10.0,27.0,0.3,0.3,0.26,0.26,10400.0,-0.03999999999999998
10.0,21.0,0.33,0.33,0.31,0.31,15100.0,-0.020000000000000018
10.0,20.0,0.43,0.43,0.43,0.43,2400.0,0.0
10.0,19.0,0.34,0.34,0.34,0.34,3000.0,0.0
10.0,18.0,0.4,0.4,0.4,0.4,4900.0,0.0
10.0,10.0,0.38,0.3838,0.38,0.3838,19200.0,0.00379999999999997
10.0,7.0,0.38,0.4,0.38,0.4,8500.0,0.020000000000000018
10.0,6.0,0.38,0.38,0.38,0.38,5000.0,0.0
10.0,5.0,0.4,0.49,0.4,0.49,7300.0,0.08999999999999997
10.0,4.0,0.38,0.45,0.36,0.45,46000.0,0.07
10.0,3.0,0.45,0.45,0.4,0.4,17600.0,-0.04999999999999999
9.0,30.0,0.41,0.5,0.37,0.43,15800.0,0.020000000000000018
9.0,29.0,0.4,0.7,0.37,0.37,83600.0,-0.030000000000000027
9.0,28.0,0.4,0.4,0.4,0.4,16000.0,0.0
9.0,22.0,0.36,0.36,0.36,0.36,100.0,0.0
9.0,21.0,0.5,0.5,0.5,0.5,400.0,0.0
9.0,20.0,0.6,0.6,0.55,0.55,10100.0,-0.04999999999999993
9.0,19.0,0.6,0.6,0.6,0.6,5000.0,0.0
9.0,14.0,0.6,0.8,0.6,0.7,38100.0,0.09999999999999998
9.0,12.0,0.75,0.75,0.75,0.75,400.0,0.0
9.0,9.0,0.7,0.75,0.55,0.75,20900.0,0.050000000000000044
9.0,8.0,0.7,0.7,0.7,0.7,10000.0,0.0
9.0,6.0,1.0,1.0,0.72,0.72,1900.0,-0.28
9.0,2.0,0.85,0.85,0.85,0.85,6000.0,0.0
8.0,31.0,0.95,0.95,0.75,0.75,32500.0,-0.19999999999999996
8.0,30.0,0.95,1.0,0.95,1.0,20200.0,0.050000000000000044
8.0,29.0,1.0,1.0,1.0,1.0,3700.0,0.0
8.0,26.0,1.0,1.03,1.0,1.0,33700.0,0.0
8.0,25.0,1.0,1.05,1.0,1.0,120000.0,0.0
8.0,24.0,1.05,1.05,1.01,1.01,40000.0,-0.040000000000000036
8.0,23.0,1.0,1.05,0.95,1.05,106300.0,0.050000000000000044
8.0,22.0,0.95,1.0,0.95,1.0,48000.0,0.050000000000000044
8.0,19.0,0.9,0.9,0.9,0.9,20000.0,0.0
8.0,18.0,0.9,0.95,0.9,0.9,30100.0,0.0
8.0,17.0,0.95,0.99,0.9,0.95,90200.0,0.0
8.0,16.0,0.85,0.95,0.85,0.95,22500.0,0.09999999999999998
8.0,15.0,0.85,0.85,0.85,0.85,1100.0,0.0
8.0,12.0,0.78,0.95,0.78,0.78,4500.0,0.0
8.0,11.0,0.8,1.0,0.8,1.0,21900.0,0.19999999999999996
8.0,10.0,0.65,0.8,0.65,0.75,193500.0,0.09999999999999998
8.0,9.0,0.65,0.78,0.65,0.707,54000.0,0.05699999999999994
8.0,8.0,0.74,0.75,0.74,0.75,2000.0,0.010000000000000009
8.0,5.0,0.65,0.65,0.65,0.65,1100.0,0.0
8.0,2.0,0.65,0.65,0.65,0.65,100.0,0.0
7.0,29.0,0.65,0.65,0.65,0.65,100.0,0.0
7.0,28.0,0.7,0.7,0.7,0.7,5000.0,0.0
7.0,26.0,0.65,0.65,0.65,0.65,5000.0,0.0
7.0,25.0,0.55,0.55,0.55,0.55,12700.0,0.0
7.0,22.0,0.55,0.55,0.55,0.55,5000.0,0.0
7.0,21.0,0.6,0.6,0.6,0.6,2300.0,0.0
7.0,20.0,0.6,0.6,0.6,0.6,5100.0,0.0
7.0,19.0,0.62,0.62,0.62,0.62,6000.0,0.0
7.0,15.0,0.65,0.65,0.65,0.65,10000.0,0.0
7.0,14.0,0.65,0.65,0.65,0.65,7100.0,0.0
7.0,12.0,0.7,0.7,0.7,0.7,5400.0,0.0
7.0,11.0,0.8,0.8,0.8,0.8,4000.0,0.0
7.0,7.0,0.65,0.65,0.6,0.6,11100.0,-0.050000000000000044
7.0,6.0,0.75,0.75,0.7,0.707,25100.0,-0.04300000000000004
7.0,5.0,0.75,0.75,0.75,0.75,3400.0,0.0
7.0,1.0,0.7,0.75,0.7,0.75,5700.0,0.050000000000000044
6.0,30.0,0.96,0.96,0.7,0.7,6100.0,-0.26
6.0,29.0,0.65,0.7,0.65,0.7,10000.0,0.04999999999999993
6.0,28.0,0.6,0.6,0.6,0.6,5600.0,0.0
6.0,27.0,0.9,0.9,0.9,0.9,15000.0,0.0
6.0,24.0,0.95,0.95,0.95,0.95,100.0,0.0
6.0,23.0,0.65,0.65,0.55,0.65,52100.0,0.0
6.0,22.0,0.92,0.92,0.92,0.92,2000.0,0.0
6.0,14.0,0.95,0.95,0.95,0.95,10200.0,0.0
6.0,13.0,1.1,1.1,1.01,1.01,1000.0,-0.09000000000000008
6.0,10.0,1.1,1.1,1.1,1.1,100.0,0.0
6.0,9.0,1.18,1.18,1.18,1.18,500.0,0.0
6.0,8.0,1.4,1.4,1.15,1.15,700.0,-0.25
6.0,7.0,1.4,1.4,1.4,1.4,200.0,0.0
6.0,1.0,1.2,1.2,1.2,1.2,4700.0,0.0
5.0,31.0,1.2,1.2,1.2,1.2,5000.0,0.0
5.0,26.0,1.6,1.6,1.2,1.2,1700.0,-0.40000000000000013
5.0,25.0,1.2,1.65,1.2,1.6,11000.0,0.40000000000000013
5.0,24.0,1.25,1.4,1.25,1.4,600.0,0.1499999999999999
5.0,23.0,1.35,1.35,1.25,1.25,3400.0,-0.10000000000000009
5.0,20.0,1.7,1.7,1.2,1.39,6800.0,-0.31000000000000005
5.0,19.0,1.07,1.85,1.07,1.85,11600.0,0.78
5.0,18.0,1.05,1.08,1.03,1.03,31000.0,-0.020000000000000018
5.0,17.0,1.01,1.08,1.01,1.07,26500.0,0.06000000000000005
5.0,16.0,0.89,0.9,0.89,0.9,12400.0,0.010000000000000009
5.0,13.0,0.88,0.88,0.85,0.85,5600.0,-0.030000000000000027
5.0,11.0,0.83,0.83,0.83,0.83,2400.0,0.0
5.0,10.0,0.51,0.65,0.51,0.65,7900.0,0.14
5.0,9.0,0.7,0.71,0.52,0.52,6300.0,-0.17999999999999994
5.0,6.0,0.7,0.7,0.7,0.7,900.0,0.0
5.0,5.0,0.76,0.76,0.45,0.69,22000.0,-0.07000000000000006
5.0,4.0,1.1,1.1,1.0,1.0,1500.0,-0.10000000000000009
5.0,3.0,1.1,1.2,1.01,1.05,4200.0,-0.050000000000000044
5.0,2.0,1.35,1.35,1.1,1.1,9500.0,-0.25
4.0,29.0,1.4,1.4,1.25,1.25,21400.0,-0.1499999999999999
4.0,28.0,1.5,1.5,1.35,1.35,11000.0,-0.1499999999999999
4.0,27.0,2.5,2.5,1.25,1.4,26200.0,-1.1
4.0,26.0,2.87,2.87,1.5,1.7,26800.0,-1.1700000000000002
4.0,25.0,2.85,2.85,2.85,2.85,100.0,0.0
4.0,21.0,3.27,3.27,3.27,3.27,1200.0,0.0
4.0,19.0,2.9,2.9,2.9,2.9,1200.0,0.0
4.0,18.0,3.1,3.27,3.1,3.27,3700.0,0.16999999999999993
4.0,14.0,3.09,3.09,3.09,3.09,2200.0,0.0
4.0,13.0,3.25,3.25,2.9,2.9,2300.0,-0.3500000000000001
4.0,12.0,3.24,3.24,3.24,3.24,2500.0,0.0
4.0,8.0,3.4,3.49,3.3,3.3,11000.0,-0.10000000000000009
4.0,7.0,3.05,3.05,2.9,2.9,2000.0,-0.1499999999999999
4.0,6.0,3.0,4.2,3.0,3.63,10800.0,0.6299999999999999
4.0,4.0,2.5,2.7,2.5,2.7,200.0,0.20000000000000018
4.0,1.0,2.88,2.88,2.88,2.88,25000.0,0.0
3.0,31.0,2.4,3.0,2.4,3.0,200.0,0.6000000000000001
3.0,28.0,3.0,3.0,3.0,3.0,700.0,0.0
3.0,22.0,2.55,3.5,2.55,2.55,600.0,0.0
3.0,15.0,2.4,2.4,2.4,2.4,400.0,0.0
3.0,11.0,4.24,4.25,4.24,4.25,1200.0,0.009999999999999787
3.0,10.0,2.5,5.1,2.5,4.25,4200.0,1.75
3.0,9.0,3.0,5.1,2.85,5.1,5400.0,2.0999999999999996
3.0,4.0,2.15,2.15,2.15,2.15,300.0,0.0
2.0,28.0,3.0,3.0,3.0,3.0,200.0,0.0
2.0,18.0,3.0,3.0,3.0,3.0,100.0,0.0
2.0,16.0,2.15,2.15,2.15,2.15,100.0,0.0
2.0,10.0,2.14,2.14,2.14,2.14,100.0,0.0
2.0,1.0,2.14,2.14,2.14,2.14,700.0,0.0
1.0,21.0,2.14,2.14,2.14,2.14,300.0,0.0
1.0,14.0,2.14,2.14,2.14,2.14,100.0,0.0
1.0,13.0,2.1,2.3,2.1,2.15,800.0,0.04999999999999982
1.0,12.0,2.25,2.45,2.1,2.45,900.0,0.20000000000000018
1.0,11.0,2.5,2.5,2.45,2.45,600.0,-0.04999999999999982
1.0,10.0,2.05,2.05,2.05,2.05,100.0,0.0
1.0,6.0,2.5,2.5,2.5,2.5,300.0,0.0
12.0,31.0,2.61,2.61,2.61,2.61,100.0,0.0
12.0,23.0,2.5,2.5,2.5,2.5,100.0,0.0
12.0,20.0,2.5,2.5,2.5,2.5,100.0,0.0
12.0,16.0,3.0,3.0,3.0,3.0,100.0,0.0
12.0,10.0,3.0,3.0,2.0,3.0,1300.0,0.0
12.0,9.0,3.0,3.0,3.0,3.0,100.0,0.0
12.0,3.0,2.9,2.9,2.9,2.9,200.0,0.0
12.0,1.0,2.9,2.9,2.9,2.9,100.0,0.0
11.0,29.0,4.1,4.1,4.1,4.1,600.0,0.0
11.0,24.0,4.1,4.1,4.1,4.1,100.0,0.0
11.0,2.0,2.8,2.8,2.8,2.8,100.0,0.0
10.0,26.0,2.75,2.75,2.75,2.75,100.0,0.0
10.0,19.0,2.7,2.7,2.7,2.7,100.0,0.0
10.0,18.0,2.66,2.66,2.66,2.66,200.0,0.0
9.0,30.0,5.18,5.18,2.65,5.1,500.0,-0.08000000000000007
9.0,27.0,5.18,5.18,2.6,5.18,400.0,0.0
9.0,24.0,2.6,2.6,2.6,2.6,900.0,0.0
9.0,22.0,5.18,5.18,5.18,5.18,100.0,0.0
9.0,20.0,2.5,2.5,2.5,2.5,100.0,0.0
8.0,30.0,1.1,6.0,1.1,5.18,2900.0,4.08
8.0,16.0,3.5,5.1,3.5,5.1,300.0,1.5999999999999996
8.0,11.0,5.0,5.0,5.0,5.0,100.0,0.0
8.0,10.0,3.25,3.25,3.25,3.25,100.0,0.0
8.0,4.0,4.5,4.5001,4.5,4.5001,400.0,9.999999999976694E-5
7.0,29.0,5.0,5.0,5.0,5.0,200.0,0.0
7.0,26.0,3.51,5.0,3.51,4.99,500.0,1.4800000000000004
7.0,23.0,4.26,4.26,4.26,4.26,100.0,0.0
7.0,22.0,3.51,4.251,2.51,3.21,2100.0,-0.2999999999999998
7.0,21.0,5.5,5.5,5.49,5.49,300.0,-0.009999999999999787
7.0,20.0,3.51,3.51,3.51,3.51,500.0,0.0
7.0,19.0,3.51,4.25,3.51,4.25,200.0,0.7400000000000002
7.0,12.0,4.75,4.75,4.75,4.75,1200.0,0.0
7.0,9.0,4.0,5.0,4.0,4.75,1100.0,0.75
7.0,7.0,6.15,6.15,5.0,6.15,500.0,0.0
6.0,29.0,6.15,6.15,6.15,6.15,200.0,0.0
6.0,28.0,3.28,4.8,3.28,4.8,100.0,1.52
6.0,24.0,3.28,4.8,3.28,4.8,100.0,1.52
6.0,23.0,3.28,7.8,3.28,7.8,200.0,4.52
6.0,22.0,3.28,7.9,3.28,7.9,300.0,4.620000000000001
6.0,18.0,3.28,6.0,3.28,5.99,800.0,2.7100000000000004
6.0,15.0,3.28,6.51,3.28,6.51,1000.0,3.23
6.0,11.0,3.28,6.0,3.28,5.25,1500.0,1.9700000000000002
6.0,10.0,3.28,7.61,3.28,7.61,2000.0,4.33
6.0,9.0,3.28,6.5,3.28,6.5,500.0,3.22
6.0,8.0,3.28,6.09,3.28,4.15,900.0,0.8700000000000006
6.0,4.0,3.28,5.6,3.28,5.6,100.0,2.32
6.0,2.0,3.28,5.6,3.28,5.6,100.0,2.32
6.0,1.0,3.28,5.6,3.28,5.6,100.0,2.32
5.0,17.0,3.28,8.0,3.28,8.0,2100.0,4.720000000000001
5.0,13.0,3.28,6.5,3.28,6.5,700.0,3.22
5.0,10.0,3.28,7.5,3.28,7.5,100.0,4.220000000000001
5.0,7.0,3.28,6.01,3.28,6.01,100.0,2.73
5.0,6.0,3.28,6.05,3.28,6.05,500.0,2.77
5.0,5.0,3.28,7.0,3.28,7.0,4800.0,3.72
5.0,4.0,3.28,6.01,3.28,6.01,100.0,2.73
5.0,3.0,3.28,6.0,3.28,6.0,1500.0,2.72
4.0,30.0,3.28,5.75,3.28,5.75,700.0,2.47
4.0,27.0,3.28,5.5,3.28,5.5,100.0,2.22
4.0,26.0,3.28,5.5,3.28,5.5,200.0,2.22
4.0,23.0,3.28,6.0,3.28,6.0,200.0,2.72
4.0,22.0,3.28,5.5,3.28,5.5,100.0,2.22
4.0,21.0,3.28,6.0,3.28,5.5,300.0,2.22
4.0,20.0,3.28,6.5,3.28,6.5,300.0,3.22
4.0,16.0,5.5,5.5,5.5,5.5,100.0,0.0
4.0,12.0,5.55,5.55,5.55,5.55,200.0,0.0
4.0,9.0,3.28,6.5,3.28,5.55,2900.0,2.27
4.0,8.0,3.28,6.0,3.28,6.0,2100.0,2.72
4.0,7.0,3.28,5.75,3.28,5.5,2400.0,2.22
4.0,6.0,3.28,5.0,3.28,5.0,100.0,1.7200000000000002
4.0,5.0,3.28,4.15,3.28,4.15,200.0,0.8700000000000006
4.0,1.0,3.28,4.0,3.28,4.0,500.0,0.7200000000000002
3.0,29.0,3.28,4.2,3.28,4.2,200.0,0.9200000000000004
3.0,26.0,3.28,3.95,3.28,3.95,5000.0,0.6700000000000004
3.0,19.0,4.5,4.5,4.5,4.5,100.0,0.0
3.0,18.0,3.28,4.3,3.28,4.3,500.0,1.02
3.0,16.0,3.28,4.3,3.28,4.3,500.0,1.02
3.0,12.0,3.28,4.3,3.28,4.3,100.0,1.02
3.0,11.0,3.28,5.05,3.28,5.05,200.0,1.77
3.0,10.0,3.28,5.05,3.28,5.05,700.0,1.77
3.0,8.0,3.28,5.05,3.28,5.05,200.0,1.77
3.0,5.0,3.28,5.05,3.28,5.05,100.0,1.77
3.0,4.0,3.28,5.05,3.28,5.05,500.0,1.77
3.0,3.0,3.28,6.5,3.28,6.5,1700.0,3.22
2.0,19.0,3.28,8.25,3.28,8.1,1700.0,4.82
2.0,18.0,3.28,9.0,3.28,9.0,1100.0,5.720000000000001
2.0,16.0,3.28,7.1,3.28,7.1,2200.0,3.82
2.0,12.0,4.8,6.9,4.8,6.9,1500.0,2.1000000000000005
2.0,9.0,4.1,4.1,4.1,4.1,100.0,0.0
2.0,8.0,6.9,6.9,4.16,4.16,700.0,-2.74
2.0,5.0,4.05,4.1,4.05,4.1,200.0,0.04999999999999982
2.0,4.0,3.0,9.05,3.0,9.05,2200.0,6.050000000000001
2.0,3.0,4.6,4.6,3.0,3.16,1000.0,-1.4399999999999995
2.0,2.0,4.62,4.62,4.6,4.6,1600.0,-0.020000000000000462
1.0,29.0,4.6,4.62,4.6,4.62,1300.0,0.020000000000000462
1.0,28.0,6.25,6.25,4.4,5.55,2500.0,-0.7000000000000002
1.0,27.0,7.1,7.1,7.05,7.05,1500.0,-0.04999999999999982
1.0,26.0,8.0,9.05,7.05,7.1,3600.0,-0.9000000000000004
1.0,25.0,10.25,10.65,10.25,10.65,1100.0,0.40000000000000036
1.0,22.0,9.15,10.9,9.15,10.9,4300.0,1.75
1.0,21.0,7.01,10.25,7.01,9.0,1100.0,1.9900000000000002
1.0,20.0,6.1,8.0,6.1,7.01,3800.0,0.9100000000000001
1.0,19.0,4.0,8.0,4.0,7.48,5400.0,3.4800000000000004
1.0,15.0,3.19,3.88,3.19,3.85,3800.0,0.6600000000000001
1.0,14.0,2.8,3.0,2.8,3.0,2600.0,0.20000000000000018
1.0,13.0,2.51,2.51,2.51,2.51,100.0,0.0
1.0,12.0,2.4,3.0,2.4,3.0,4700.0,0.6000000000000001
1.0,11.0,2.0,2.05,2.0,2.05,1800.0,0.04999999999999982
1.0,8.0,3.0,3.0,2.0,2.0,2300.0,-1.0
1.0,5.0,3.0,3.0,3.0,3.0,100.0,0.0
1.0,4.0,2.49,3.0,2.49,2.5,1700.0,0.009999999999999787
12.0,31.0,1.6,1.6,1.58,1.58,900.0,-0.020000000000000018
12.0,29.0,2.0,2.0,2.0,2.0,300.0,0.0
12.0,28.0,2.0,2.0,2.0,2.0,300.0,0.0
12.0,24.0,2.0,2.0,2.0,2.0,300.0,0.0
12.0,22.0,2.0,2.0,2.0,2.0,300.0,0.0
12.0,21.0,1.6,2.0,1.6,2.0,1900.0,0.3999999999999999
12.0,18.0,2.25,2.25,2.25,2.25,700.0,0.0
12.0,17.0,3.28,3.28,2.75,2.75,1600.0,-0.5299999999999998
12.0,16.0,3.28,3.28,3.28,3.28,200.0,0.0
12.0,10.0,3.28,3.28,3.28,3.28,100.0,0.0
12.0,7.0,3.28,3.28,3.28,3.28,100.0,0.0
11.0,25.0,3.28,3.28,3.28,3.28,100.0,0.0
11.0,5.0,3.59,3.59,3.59,3.59,100.0,0.0
11.0,3.0,3.6,3.6,3.6,3.6,100.0,0.0
11.0,2.0,3.65,3.65,3.65,3.65,600.0,0.0
10.0,30.0,3.6,3.6,3.6,3.6,300.0,0.0
10.0,26.0,0.4,0.4,0.3,0.3,400.0,-0.10000000000000003
10.0,22.0,0.45,0.45,0.45,0.45,200.0,0.0
10.0,21.0,0.4,0.4,0.4,0.4,0.0,0.0
10.0,19.0,0.26,0.35,0.26,0.35,300.0,0.08999999999999997
10.0,16.0,0.37,0.41,0.2,0.2,1700.0,-0.16999999999999998
10.0,15.0,0.800001,0.800001,0.36,0.36,1300.0,-0.440001
10.0,14.0,0.35,0.690001,0.34,0.650001,3200.0,0.3000010000000001
10.0,13.0,0.21,0.36,0.21,0.35,600.0,0.13999999999999999
10.0,5.0,0.2,0.2,0.2,0.2,0.0,0.0
9.0,24.0,0.25,0.25,0.15,0.15,0.0,-0.1
9.0,23.0,0.25,0.25,0.25,0.25,300.0,0.0
9.0,22.0,0.3,0.3,0.3,0.3,0.0,0.0
9.0,16.0,0.35,0.35,0.3,0.3,0.0,-0.04999999999999999
9.0,10.0,0.25,0.35,0.25,0.35,300.0,0.09999999999999998
9.0,4.0,0.25,0.25,0.25,0.25,0.0,0.0
9.0,3.0,0.25,0.25,0.25,0.25,0.0,0.0
9.0,2.0,0.45,0.45,0.45,0.45,0.0,0.0
9.0,1.0,0.45,0.45,0.45,0.45,0.0,0.0
8.0,31.0,0.45,0.45,0.45,0.45,0.0,0.0
8.0,28.0,0.3,0.45,0.3,0.44,700.0,0.14
8.0,27.0,0.15,0.4,0.15,0.3,100.0,0.15
8.0,26.0,0.31,0.31,0.31,0.31,0.0,0.0
8.0,25.0,0.31,0.31,0.31,0.31,0.0,0.0
8.0,24.0,0.31,0.31,0.31,0.31,0.0,0.0
8.0,21.0,0.5,0.5,0.31,0.31,100.0,-0.19
8.0,20.0,0.51,0.51,0.51,0.51,0.0,0.0
8.0,19.0,0.51,0.51,0.51,0.51,0.0,0.0
8.0,18.0,0.31,0.47,0.31,0.47,200.0,0.15999999999999998
8.0,17.0,0.3,0.3,0.3,0.3,300.0,0.0
8.0,14.0,1.010001,1.010001,0.27,0.51,2900.0,-0.5000009999999999
8.0,13.0,1.750001,1.900002,1.600001,1.900002,200.0,0.15000100000000005
8.0,12.0,1.750001,1.750001,1.750001,1.750001,0.0,0.0
8.0,11.0,1.750001,1.750001,1.750001,1.750001,0.0,0.0
8.0,10.0,1.750001,1.750001,1.750001,1.750001,0.0,0.0
8.0,7.0,1.750001,1.750001,1.750001,1.750001,0.0,0.0
8.0,6.0,1.750001,1.750001,1.750001,1.750001,0.0,0.0
8.0,5.0,0.45,0.45,0.45,0.45,0.0,0.0
8.0,4.0,0.45,0.45,0.45,0.45,0.0,0.0
8.0,3.0,0.45,0.45,0.45,0.45,0.0,0.0
7.0,31.0,0.45,0.45,0.45,0.45,0.0,0.0
7.0,30.0,0.45,0.45,0.45,0.45,0.0,0.0
7.0,29.0,0.35,0.35,0.35,0.35,0.0,0.0
7.0,28.0,0.35,0.35,0.35,0.35,0.0,0.0
7.0,27.0,0.35,0.35,0.35,0.35,0.0,0.0
7.0,24.0,0.35,0.35,0.35,0.35,0.0,0.0
7.0,23.0,0.35,0.35,0.35,0.35,0.0,0.0
7.0,22.0,0.35,0.35,0.35,0.35,0.0,0.0
7.0,21.0,0.35,0.35,0.35,0.35,0.0,0.0
7.0,20.0,0.35,0.35,0.35,0.35,0.0,0.0
7.0,17.0,0.35,0.35,0.35,0.35,0.0,0.0
7.0,16.0,0.35,0.35,0.35,0.35,0.0,0.0
7.0,15.0,0.35,0.35,0.35,0.35,0.0,0.0
7.0,14.0,0.165,0.165,0.165,0.165,0.0,0.0
7.0,13.0,0.165,0.165,0.165,0.165,0.0,0.0
5.0,20.0,0.165,0.165,0.165,0.165,200.0,0.0
5.0,6.0,0.13,0.13,0.13,0.13,0.0,0.0
3.0,27.0,0.06,0.06,0.06,0.06,0.0,0.0
3.0,23.0,0.25,0.25,0.25,0.25,200.0,0.0
3.0,19.0,0.05,0.05,0.05,0.05,0.0,0.0
3.0,12.0,0.25,0.25,0.25,0.25,0.0,0.0
3.0,10.0,0.25,0.25,0.25,0.25,0.0,0.0
1.0,20.0,0.750001,0.850001,0.750001,0.850001,100.0,0.09999999999999998
12.0,31.0,0.35,0.35,0.35,0.35,0.0,0.0
12.0,23.0,0.35,0.35,0.35,0.35,0.0,0.0
12.0,12.0,0.51,0.51,0.35,0.35,100.0,-0.16000000000000003
12.0,10.0,1.050001,1.050001,1.050001,1.050001,0.0,0.0
12.0,9.0,1.010001,1.250001,1.010001,1.010001,200.0,0.0
12.0,3.0,0.750001,1.010001,0.750001,1.010001,0.0,0.2599999999999999
12.0,1.0,0.55,0.55,0.55,0.55,200.0,0.0
11.0,25.0,0.55,0.55,0.55,0.55,0.0,0.0
11.0,19.0,0.54,0.54,0.54,0.54,200.0,0.0
11.0,18.0,0.35,0.35,0.25,0.35,500.0,0.0
11.0,17.0,0.35,0.35,0.35,0.35,0.0,0.0
11.0,4.0,0.750001,0.750001,0.750001,0.750001,0.0,0.0
11.0,3.0,0.55,0.55,0.55,0.55,300.0,0.0
10.0,31.0,0.55,0.55,0.55,0.55,0.0,0.0
10.0,30.0,0.55,0.55,0.55,0.55,0.0,0.0
10.0,29.0,0.55,0.55,0.55,0.55,0.0,0.0
10.0,28.0,0.55,0.55,0.55,0.55,0.0,0.0
10.0,27.0,0.55,0.55,0.55,0.55,0.0,0.0
10.0,24.0,0.55,0.55,0.55,0.55,0.0,0.0
10.0,23.0,0.55,0.55,0.55,0.55,100.0,0.0
10.0,22.0,0.55,0.55,0.55,0.55,0.0,0.0
10.0,21.0,0.55,0.55,0.55,0.55,0.0,0.0
10.0,20.0,0.55,0.55,0.55,0.55,0.0,0.0
10.0,17.0,0.55,0.55,0.55,0.55,200.0,0.0
10.0,16.0,0.750001,0.750001,0.750001,0.750001,0.0,0.0
10.0,15.0,0.750001,0.750001,0.750001,0.750001,0.0,0.0
10.0,14.0,0.55,0.55,0.55,0.55,0.0,0.0
10.0,13.0,0.25,0.25,0.25,0.25,0.0,0.0
10.0,10.0,0.25,0.25,0.25,0.25,0.0,0.0
10.0,9.0,0.25,0.25,0.25,0.25,0.0,0.0
10.0,8.0,0.25,0.25,0.25,0.25,0.0,0.0
10.0,7.0,0.25,0.25,0.25,0.25,0.0,0.0
10.0,6.0,0.25,0.25,0.25,0.25,0.0,0.0
10.0,3.0,0.25,0.25,0.25,0.25,0.0,0.0
10.0,2.0,0.25,0.25,0.25,0.25,800.0,0.0
10.0,1.0,1.010001,1.010001,1.010001,1.010001,0.0,0.0
9.0,30.0,1.010001,1.010001,1.010001,1.010001,0.0,0.0
9.0,29.0,1.010001,1.010001,1.010001,1.010001,0.0,0.0
9.0,26.0,1.010001,1.010001,1.010001,1.010001,0.0,0.0
9.0,25.0,1.010001,1.010001,1.010001,1.010001,0.0,0.0
9.0,24.0,0.850001,0.850001,0.850001,0.850001,0.0,0.0
9.0,23.0,0.850001,0.850001,0.850001,0.850001,0.0,0.0
9.0,22.0,0.850001,0.850001,0.850001,0.850001,0.0,0.0
9.0,19.0,0.850001,0.850001,0.850001,0.850001,0.0,0.0
9.0,18.0,0.850001,0.850001,0.850001,0.850001,0.0,0.0
9.0,17.0,0.850001,0.850001,0.850001,0.850001,0.0,0.0
9.0,16.0,1.010001,1.010001,1.010001,1.010001,0.0,0.0
9.0,15.0,1.010001,1.010001,1.010001,1.010001,0.0,0.0
9.0,12.0,1.010001,1.010001,1.010001,1.010001,0.0,0.0
9.0,11.0,0.720001,1.010001,0.720001,1.010001,0.0,0.2899999999999999
9.0,10.0,1.010001,1.010001,1.010001,1.010001,0.0,0.0
9.0,9.0,1.010001,1.150001,1.010001,1.150001,100.0,0.14000000000000012
9.0,8.0,0.720001,0.750001,0.720001,0.750001,0.0,0.030000000000000027
9.0,5.0,0.680001,0.680001,0.680001,0.680001,0.0,0.0
9.0,4.0,0.650001,0.650001,0.650001,0.650001,0.0,0.0
9.0,3.0,0.650001,0.650001,0.650001,0.650001,0.0,0.0
9.0,2.0,0.650001,0.650001,0.650001,0.650001,0.0,0.0
8.0,29.0,0.650001,0.650001,0.650001,0.650001,0.0,0.0
8.0,28.0,0.650001,0.650001,0.650001,0.650001,0.0,0.0
8.0,27.0,0.650001,0.650001,0.650001,0.650001,0.0,0.0
8.0,26.0,0.650001,0.650001,0.650001,0.650001,0.0,0.0
8.0,25.0,0.970001,0.970001,0.970001,0.970001,0.0,0.0
8.0,22.0,0.970001,0.970001,0.970001,0.970001,0.0,0.0
8.0,21.0,0.900001,0.970001,0.900001,0.970001,400.0,0.06999999999999995
8.0,20.0,0.770001,0.770001,0.770001,0.770001,0.0,0.0
8.0,19.0,0.770001,0.770001,0.770001,0.770001,0.0,0.0
8.0,18.0,0.800001,0.800001,0.750001,0.770001,400.0,-0.029999999999999916
8.0,15.0,0.920001,0.920001,0.920001,0.920001,0.0,0.0
8.0,14.0,0.920001,0.920001,0.920001,0.920001,0.0,0.0
8.0,13.0,0.910001,0.920001,0.910001,0.920001,0.0,0.010000000000000009
8.0,12.0,0.970001,0.970001,0.970001,0.970001,0.0,0.0
8.0,11.0,0.900001,0.920001,0.900001,0.920001,600.0,0.019999999999999907
8.0,8.0,0.850001,0.850001,0.850001,0.850001,0.0,0.0
8.0,7.0,0.850001,0.850001,0.850001,0.850001,0.0,0.0
8.0,6.0,0.800001,0.800001,0.800001,0.800001,0.0,0.0
8.0,5.0,0.800001,0.800001,0.800001,0.800001,0.0,0.0
8.0,4.0,0.850001,0.850001,0.800001,0.800001,100.0,-0.050000000000000044
8.0,1.0,0.800001,0.800001,0.800001,0.800001,100.0,0.0
7.0,31.0,0.750001,0.750001,0.750001,0.750001,0.0,0.0
7.0,30.0,0.750001,0.750001,0.750001,0.750001,0.0,0.0
7.0,29.0,0.750001,0.750001,0.750001,0.750001,0.0,0.0
7.0,28.0,0.750001,0.750001,0.750001,0.750001,0.0,0.0
7.0,25.0,0.750001,0.750001,0.750001,0.750001,0.0,0.0
7.0,24.0,0.750001,0.750001,0.750001,0.750001,0.0,0.0
7.0,23.0,0.750001,0.750001,0.750001,0.750001,0.0,0.0
7.0,22.0,0.750001,0.750001,0.750001,0.750001,0.0,0.0
7.0,21.0,0.800001,0.800001,0.750001,0.750001,200.0,-0.04999999999999993
7.0,18.0,0.970001,0.970001,0.970001,0.970001,0.0,0.0
7.0,17.0,0.970001,0.970001,0.970001,0.970001,0.0,0.0
7.0,16.0,0.970001,0.970001,0.970001,0.970001,0.0,0.0
7.0,15.0,0.970001,0.970001,0.970001,0.970001,0.0,0.0
7.0,14.0,0.820001,0.970001,0.820001,0.970001,0.0,0.15000000000000002
7.0,11.0,0.990001,0.990001,0.990001,0.990001,0.0,0.0
7.0,10.0,0.990001,0.990001,0.990001,0.990001,0.0,0.0
7.0,9.0,0.990001,0.990001,0.990001,0.990001,0.0,0.0
7.0,8.0,1.010001,1.010001,1.010001,1.010001,0.0,0.0
7.0,7.0,1.050001,1.050001,1.010001,1.010001,0.0,-0.040000000000000036
7.0,3.0,1.090001,1.090001,1.090001,1.090001,0.0,0.0
7.0,2.0,1.090001,1.090001,1.090001,1.090001,0.0,0.0
7.0,1.0,1.090001,1.090001,1.090001,1.090001,0.0,0.0
6.0,30.0,1.090001,1.090001,1.090001,1.090001,0.0,0.0
6.0,27.0,1.090001,1.090001,1.090001,1.090001,0.0,0.0
6.0,26.0,1.090001,1.090001,1.090001,1.090001,0.0,0.0
6.0,25.0,1.090001,1.090001,1.090001,1.090001,0.0,0.0
6.0,24.0,1.090001,1.090001,1.090001,1.090001,0.0,0.0
6.0,23.0,1.090001,1.090001,1.090001,1.090001,0.0,0.0
6.0,20.0,1.090001,1.090001,1.090001,1.090001,0.0,0.0
6.0,19.0,1.130001,1.130001,1.100001,1.130001,200.0,0.0
6.0,18.0,1.200001,1.200001,1.200001,1.200001,0.0,0.0
6.0,17.0,1.200001,1.200001,1.200001,1.200001,0.0,0.0
6.0,16.0,1.200001,1.200001,1.200001,1.200001,0.0,0.0
6.0,13.0,1.275001,1.275001,1.200001,1.200001,100.0,-0.07499999999999996
6.0,12.0,1.250001,1.250001,1.250001,1.250001,0.0,0.0
6.0,11.0,1.300001,1.300001,1.300001,1.300001,0.0,0.0
6.0,10.0,1.300001,1.350001,1.200001,1.300001,200.0,0.0
6.0,9.0,1.350001,1.350001,1.300001,1.300001,0.0,-0.050000000000000044
6.0,6.0,1.350001,1.350001,1.350001,1.350001,0.0,0.0
6.0,5.0,1.350001,1.350001,1.350001,1.350001,0.0,0.0
6.0,4.0,1.350001,1.350001,1.350001,1.350001,0.0,0.0
6.0,3.0,1.350001,1.350001,1.350001,1.350001,0.0,0.0
6.0,2.0,1.350001,1.350001,1.350001,1.350001,0.0,0.0
5.0,30.0,1.600001,1.600001,1.600001,1.600001,0.0,0.0
5.0,29.0,1.600001,1.600001,1.600001,1.600001,0.0,0.0
5.0,28.0,1.600001,1.600001,1.600001,1.600001,0.0,0.0
5.0,27.0,1.600001,1.600001,1.600001,1.600001,0.0,0.0
5.0,23.0,1.500001,1.500001,1.500001,1.500001,0.0,0.0
5.0,22.0,1.230001,1.500001,1.230001,1.500001,100.0,0.27
5.0,21.0,1.250001,1.250001,1.200001,1.230001,100.0,-0.020000000000000018
5.0,20.0,0.820001,0.820001,0.820001,0.820001,200.0,0.0
5.0,19.0,0.800001,0.800001,0.800001,0.800001,0.0,0.0
5.0,16.0,0.800001,0.800001,0.800001,0.800001,0.0,0.0
5.0,15.0,0.800001,0.800001,0.800001,0.800001,0.0,0.0
5.0,14.0,0.850001,0.850001,0.800001,0.800001,800.0,-0.050000000000000044
5.0,13.0,0.850001,0.850001,0.850001,0.850001,0.0,0.0
5.0,12.0,1.010001,1.010001,1.010001,1.010001,0.0,0.0
5.0,9.0,1.010001,1.010001,1.010001,1.010001,0.0,0.0
5.0,8.0,1.010001,1.010001,1.010001,1.010001,0.0,0.0
5.0,7.0,1.010001,1.010001,1.010001,1.010001,0.0,0.0
5.0,6.0,1.010001,1.010001,1.010001,1.010001,0.0,0.0
5.0,5.0,1.010001,1.010001,1.010001,1.010001,0.0,0.0
5.0,2.0,1.010001,1.010001,1.010001,1.010001,0.0,0.0
5.0,1.0,1.010001,1.010001,1.010001,1.010001,0.0,0.0
4.0,30.0,1.010001,1.010001,1.010001,1.010001,0.0,0.0
4.0,29.0,1.010001,1.010001,1.010001,1.010001,0.0,0.0
4.0,28.0,1.010001,1.010001,1.010001,1.010001,0.0,0.0
4.0,25.0,1.010001,1.010001,1.010001,1.010001,100.0,0.0
4.0,24.0,0.750001,0.800001,0.680001,0.800001,1000.0,0.04999999999999993
4.0,23.0,0.6,0.6,0.6,0.6,0.0,0.0
4.0,22.0,0.6,0.6,0.6,0.6,0.0,0.0
4.0,21.0,0.6,0.6,0.6,0.6,0.0,0.0
4.0,18.0,0.6,0.6,0.6,0.6,0.0,0.0
4.0,17.0,0.6,0.6,0.6,0.6,0.0,0.0
4.0,16.0,0.6,0.6,0.6,0.6,0.0,0.0
4.0,15.0,0.6,0.6,0.6,0.6,0.0,0.0
4.0,14.0,0.6,0.6,0.6,0.6,0.0,0.0
4.0,11.0,0.6,0.6,0.6,0.6,0.0,0.0
4.0,10.0,0.6,0.6,0.6,0.6,0.0,0.0
4.0,9.0,0.650001,0.650001,0.650001,0.650001,0.0,0.0
4.0,8.0,0.6,0.6,0.6,0.6,0.0,0.0
4.0,7.0,0.6,0.6,0.6,0.6,0.0,0.0
4.0,4.0,0.6,0.6,0.6,0.6,0.0,0.0
4.0,3.0,0.6,0.6,0.6,0.6,0.0,0.0
4.0,2.0,0.6,0.6,0.6,0.6,0.0,0.0
4.0,1.0,0.6,0.6,0.6,0.6,0.0,0.0
3.0,31.0,0.6,0.6,0.6,0.6,0.0,0.0
3.0,28.0,0.6,0.6,0.6,0.6,0.0,0.0
3.0,27.0,0.6,0.6,0.6,0.6,0.0,0.0
3.0,26.0,0.6,0.6,0.6,0.6,0.0,0.0
3.0,25.0,0.6,0.6,0.6,0.6,0.0,0.0
3.0,24.0,0.6,0.6,0.6,0.6,0.0,0.0
3.0,20.0,0.6,0.6,0.6,0.6,0.0,0.0
3.0,19.0,0.6,0.6,0.6,0.6,0.0,0.0
3.0,18.0,0.6,0.6,0.6,0.6,0.0,0.0
3.0,17.0,0.6,0.6,0.6,0.6,0.0,0.0
3.0,14.0,0.610001,0.610001,0.610001,0.610001,0.0,0.0
3.0,13.0,0.610001,0.610001,0.610001,0.610001,0.0,0.0
3.0,12.0,0.610001,0.610001,0.610001,0.610001,0.0,0.0
3.0,11.0,0.610001,0.610001,0.610001,0.610001,0.0,0.0
3.0,10.0,0.610001,0.610001,0.610001,0.610001,0.0,0.0
3.0,7.0,0.610001,0.610001,0.610001,0.610001,0.0,0.0
3.0,6.0,0.610001,0.610001,0.610001,0.610001,0.0,0.0
3.0,5.0,0.610001,0.610001,0.610001,0.610001,0.0,0.0
3.0,4.0,0.610001,0.610001,0.610001,0.610001,0.0,0.0
3.0,3.0,0.610001,0.610001,0.610001,0.610001,0.0,0.0
2.0,29.0,0.610001,0.610001,0.610001,0.610001,0.0,0.0
2.0,28.0,0.610001,0.610001,0.610001,0.610001,0.0,0.0
2.0,27.0,0.610001,0.610001,0.610001,0.610001,0.0,0.0
2.0,26.0,0.610001,0.610001,0.610001,0.610001,0.0,0.0
2.0,25.0,0.610001,0.610001,0.610001,0.610001,0.0,0.0
2.0,22.0,0.610001,0.610001,0.610001,0.610001,0.0,0.0
2.0,21.0,0.610001,0.610001,0.610001,0.610001,0.0,0.0
2.0,20.0,0.610001,0.610001,0.610001,0.610001,0.0,0.0
2.0,19.0,0.610001,0.610001,0.610001,0.610001,0.0,0.0
2.0,15.0,0.610001,0.610001,0.610001,0.610001,0.0,0.0
2.0,14.0,0.610001,0.610001,0.610001,0.610001,0.0,0.0
2.0,13.0,0.610001,0.610001,0.610001,0.610001,0.0,0.0
2.0,12.0,0.610001,0.610001,0.610001,0.610001,0.0,0.0
2.0,11.0,0.610001,0.610001,0.610001,0.610001,0.0,0.0
2.0,8.0,0.610001,0.610001,0.610001,0.610001,0.0,0.0
2.0,7.0,0.610001,0.610001,0.610001,0.610001,0.0,0.0
2.0,6.0,0.610001,0.610001,0.610001,0.610001,0.0,0.0
2.0,5.0,0.610001,0.610001,0.610001,0.610001,0.0,0.0
2.0,4.0,0.990001,0.990001,0.990001,0.990001,0.0,0.0
2.0,1.0,0.990001,0.990001,0.990001,0.990001,0.0,0.0
1.0,31.0,0.990001,0.990001,0.990001,0.990001,0.0,0.0
1.0,30.0,0.990001,0.990001,0.990001,0.990001,0.0,0.0
1.0,29.0,0.990001,0.990001,0.990001,0.990001,0.0,0.0
1.0,28.0,0.990001,0.990001,0.990001,0.990001,0.0,0.0
1.0,25.0,0.990001,0.990001,0.990001,0.990001,0.0,0.0
1.0,24.0,0.990001,0.990001,0.990001,0.990001,0.0,0.0
1.0,23.0,0.990001,0.990001,0.990001,0.990001,0.0,0.0
1.0,22.0,0.990001,0.990001,0.990001,0.990001,0.0,0.0
1.0,18.0,0.990001,0.990001,0.990001,0.990001,0.0,0.0
1.0,17.0,0.990001,0.990001,0.990001,0.990001,0.0,0.0
1.0,16.0,0.990001,0.990001,0.990001,0.990001,0.0,0.0
1.0,15.0,0.990001,0.990001,0.990001,0.990001,0.0,0.0
1.0,14.0,0.990001,0.990001,0.990001,0.990001,0.0,0.0
1.0,11.0,1.000001,1.000001,1.000001,1.000001,0.0,0.0
1.0,10.0,1.000001,1.000001,1.000001,1.000001,0.0,0.0
1.0,9.0,1.000001,1.000001,1.000001,1.000001,0.0,0.0
1.0,8.0,1.000001,1.000001,1.000001,1.000001,0.0,0.0
1.0,7.0,0.013,0.03,0.013,0.02,100.0,0.007000000000000001
1.0,4.0,0.011,0.011,0.011,0.011,0.0,0.0
1.0,3.0,0.011,0.011,0.011,0.011,0.0,0.0
1.0,2.0,0.011,0.011,0.011,0.011,0.0,0.0
12.0,31.0,0.012,0.012,0.01,0.011,100.0,-0.0010000000000000009
12.0,28.0,0.015,0.015,0.015,0.015,0.0,0.0
12.0,27.0,0.015,0.015,0.015,0.015,0.0,0.0
12.0,26.0,0.015,0.015,0.015,0.015,0.0,0.0
12.0,24.0,0.015,0.015,0.015,0.015,0.0,0.0
12.0,21.0,0.015,0.015,0.015,0.015,0.0,0.0
12.0,20.0,0.015,0.015,0.015,0.015,0.0,0.0
12.0,19.0,0.015,0.016,0.01,0.015,0.0,0.0
12.0,18.0,0.015,0.015,0.015,0.015,0.0,0.0
12.0,17.0,0.015,0.015,0.015,0.015,0.0,0.0
12.0,14.0,0.015,0.015,0.015,0.015,0.0,0.0
12.0,13.0,0.015,0.015,0.015,0.015,0.0,0.0
12.0,12.0,0.017,0.017,0.017,0.017,0.0,0.0
12.0,11.0,0.02,0.02,0.02,0.02,0.0,0.0
12.0,10.0,0.02,0.02,0.02,0.02,0.0,0.0
12.0,7.0,0.02,0.02,0.011,0.02,0.0,0.0
12.0,6.0,0.03,0.03,0.02,0.025,0.0,-0.0049999999999999975
12.0,5.0,0.03,0.03,0.03,0.03,0.0,0.0
12.0,4.0,0.03,0.03,0.03,0.03,0.0,0.0
12.0,3.0,0.04,0.044,0.03,0.03,0.0,-0.010000000000000002
11.0,30.0,0.04,0.04,0.04,0.04,0.0,0.0
11.0,29.0,0.025,0.04,0.025,0.04,0.0,0.015
11.0,28.0,0.025,0.04,0.025,0.027,300.0,0.0019999999999999983
11.0,23.0,0.02,0.02,0.02,0.02,0.0,0.0
11.0,21.0,0.015,0.025,0.015,0.02,0.0,0.005000000000000001
11.0,20.0,0.025,0.025,0.02,0.02,0.0,-0.005000000000000001
11.0,19.0,0.011,0.011,0.011,0.011,0.0,0.0
11.0,16.0,0.011,0.012,0.011,0.012,0.0,0.0010000000000000009
11.0,13.0,0.01,0.01,0.01,0.01,0.0,0.0
11.0,12.0,0.01,0.01,0.01,0.01,0.0,0.0
11.0,8.0,0.012,0.012,0.01,0.01,0.0,-0.002
11.0,6.0,0.015,0.015,0.015,0.015,0.0,0.0
11.0,5.0,0.015,0.015,0.015,0.015,0.0,0.0
11.0,2.0,0.015,0.015,0.015,0.015,0.0,0.0
11.0,1.0,0.02,0.02,0.017,0.017,0.0,-0.002999999999999999
10.0,31.0,0.02,0.025,0.02,0.025,0.0,0.005000000000000001
10.0,30.0,0.03,0.03,0.03,0.03,0.0,0.0
10.0,26.0,0.025,0.03,0.025,0.03,0.0,0.0049999999999999975
10.0,25.0,0.015,0.015,0.013,0.015,0.0,0.0
10.0,24.0,0.015,0.015,0.015,0.015,0.0,0.0
10.0,23.0,0.015,0.015,0.015,0.015,0.0,0.0
10.0,22.0,0.016,0.016,0.016,0.016,0.0,0.0
10.0,19.0,0.015,0.015,0.015,0.015,100.0,0.0
10.0,17.0,0.025,0.025,0.015,0.015,0.0,-0.010000000000000002
10.0,16.0,0.027,0.027,0.025,0.025,0.0,-0.0019999999999999983
10.0,15.0,0.032,0.04,0.02,0.03,0.0,-0.0020000000000000018
10.0,12.0,0.035,0.04,0.035,0.04,0.0,0.0049999999999999975
10.0,11.0,0.03,0.033,0.0295,0.03,0.0,0.0
10.0,10.0,0.0275,0.0275,0.0275,0.0275,0.0,0.0
10.0,9.0,0.033,0.033,0.03,0.03,0.0,-0.0030000000000000027
10.0,8.0,0.035,0.035,0.0325,0.0325,0.0,-0.0025000000000000022
10.0,5.0,0.03,0.03,0.03,0.03,0.0,0.0
10.0,4.0,0.032,0.04,0.03,0.03,0.0,-0.0020000000000000018
10.0,3.0,0.024,0.025,0.022,0.025,0.0,0.0010000000000000009
10.0,2.0,0.024,0.024,0.02,0.02,0.0,-0.004
10.0,1.0,0.019,0.019,0.019,0.019,0.0,0.0
9.0,28.0,0.02,0.02,0.02,0.02,0.0,0.0
9.0,27.0,0.015,0.015,0.015,0.015,0.0,0.0
9.0,25.0,0.02,0.02,0.015,0.015,0.0,-0.005000000000000001
9.0,24.0,0.02,0.02,0.015,0.015,0.0,-0.005000000000000001
9.0,20.0,0.02,0.02,0.02,0.02,0.0,0.0
9.0,19.0,0.012,0.015,0.012,0.015,0.0,0.002999999999999999
9.0,18.0,0.011,0.011,0.01,0.01,0.0,-9.999999999999992E-4
9.0,17.0,0.012,0.012,0.012,0.012,0.0,0.0
9.0,14.0,0.011,0.012,0.01,0.012,100.0,0.0010000000000000009
9.0,13.0,0.013,0.013,0.011,0.011,100.0,-0.002
9.0,12.0,0.016,0.016,0.014,0.014,0.0,-0.002
9.0,11.0,0.016,0.016,0.016,0.016,100.0,0.0
9.0,10.0,0.016,0.02,0.016,0.016,0.0,0.0
9.0,7.0,0.015,0.015,0.0125,0.014,100.0,-9.999999999999992E-4
9.0,6.0,0.015,0.015,0.015,0.015,0.0,0.0
9.0,5.0,0.016,0.017,0.015,0.015,0.0,-0.0010000000000000009
9.0,4.0,0.015,0.02,0.01,0.02,100.0,0.005000000000000001
8.0,31.0,0.02,0.02,0.015,0.015,100.0,-0.005000000000000001
8.0,30.0,0.04,0.04,0.017,0.025,300.0,-0.015
8.0,29.0,0.02,0.04,0.007,0.035,3800.0,0.015000000000000003
8.0,28.0,0.002,0.02,0.002,0.014,1500.0,0.012
8.0,24.0,7.0E-4,7.0E-4,7.0E-4,7.0E-4,0.0,0.0
7.0,5.0,7.0E-4,7.0E-4,7.0E-4,7.0E-4,0.0,0.0
6.0,20.0,7.0E-4,7.0E-4,7.0E-4,7.0E-4,0.0,0.0
6.0,12.0,7.0E-4,7.0E-4,7.0E-4,7.0E-4,0.0,0.0
6.0,11.0,7.0E-4,7.0E-4,7.0E-4,7.0E-4,0.0,0.0
5.0,22.0,7.0E-4,7.0E-4,7.0E-4,7.0E-4,0.0,0.0
5.0,21.0,7.0E-4,7.0E-4,7.0E-4,7.0E-4,0.0,0.0
5.0,15.0,7.0E-4,7.0E-4,7.0E-4,7.0E-4,0.0,0.0
5.0,1.0,7.0E-4,7.0E-4,7.0E-4,7.0E-4,0.0,0.0
4.0,5.0,0.002,0.002,0.002,0.002,0.0,0.0
4.0,2.0,7.0E-4,7.0E-4,7.0E-4,7.0E-4,0.0,0.0
3.0,23.0,7.0E-4,7.0E-4,7.0E-4,7.0E-4,0.0,0.0
3.0,9.0,7.0E-4,7.0E-4,7.0E-4,7.0E-4,0.0,0.0
3.0,7.0,7.0E-4,7.0E-4,7.0E-4,7.0E-4,0.0,0.0
2.0,27.0,7.0E-4,7.0E-4,7.0E-4,7.0E-4,0.0,0.0
1.0,29.0,6.0E-4,6.0E-4,6.0E-4,6.0E-4,0.0,0.0
1.0,12.0,6.0E-4,6.0E-4,6.0E-4,6.0E-4,0.0,0.0
1.0,5.0,5.0E-4,5.0E-4,5.0E-4,5.0E-4,0.0,0.0
1.0,4.0,5.0E-4,5.0E-4,5.0E-4,5.0E-4,0.0,0.0
12.0,21.0,5.0E-4,6.0E-4,5.0E-4,5.0E-4,200.0,0.0
12.0,20.0,5.0E-4,5.0E-4,5.0E-4,5.0E-4,0.0,0.0
12.0,19.0,5.0E-4,5.0E-4,5.0E-4,5.0E-4,0.0,0.0
12.0,15.0,5.0E-4,5.0E-4,5.0E-4,5.0E-4,0.0,0.0
12.0,13.0,5.0E-4,5.0E-4,5.0E-4,5.0E-4,0.0,0.0
12.0,12.0,0.002,0.002,0.002,0.002,0.0,0.0
12.0,11.0,5.0E-4,5.0E-4,5.0E-4,5.0E-4,0.0,0.0
12.0,6.0,5.0E-4,5.0E-4,5.0E-4,5.0E-4,0.0,0.0
11.0,29.0,5.0E-4,5.0E-4,5.0E-4,5.0E-4,0.0,0.0
11.0,28.0,5.0E-4,5.0E-4,5.0E-4,5.0E-4,0.0,0.0
11.0,27.0,5.0E-4,5.0E-4,5.0E-4,5.0E-4,100.0,0.0
11.0,3.0,5.0E-4,5.0E-4,5.0E-4,5.0E-4,0.0,0.0
10.0,27.0,6.0E-4,6.0E-4,5.0E-4,5.0E-4,200.0,-9.999999999999994E-5
10.0,25.0,0.001,0.001,0.001,0.001,0.0,0.0
10.0,23.0,0.001,0.001,0.001,0.001,0.0,0.0
10.0,16.0,0.002,0.002,0.002,0.002,0.0,0.0
10.0,11.0,0.002,0.002,0.002,0.002,0.0,0.0
10.0,6.0,0.002,0.002,0.002,0.002,0.0,0.0
9.0,21.0,0.0021,0.0021,0.002,0.002,0.0,-9.999999999999983E-5
9.0,20.0,0.0035,0.0035,0.003,0.003,0.0,-5.0E-4
9.0,12.0,0.0035,0.0035,0.0035,0.0035,0.0,0.0
9.0,11.0,0.005,0.005,0.005,0.005,0.0,0.0
8.0,30.0,0.0035,0.0035,0.0035,0.0035,0.0,0.0
8.0,28.0,0.003,0.003,0.003,0.003,0.0,0.0
8.0,21.0,0.003,0.003,0.003,0.003,0.0,0.0
8.0,18.0,0.005,0.005,0.005,0.005,0.0,0.0
8.0,15.0,0.005,0.005,0.005,0.005,0.0,0.0
8.0,14.0,0.005,0.005,0.005,0.005,0.0,0.0
7.0,28.0,0.003,0.003,0.003,0.003,0.0,0.0
7.0,21.0,0.003,0.003,0.003,0.003,0.0,0.0
7.0,17.0,0.003,0.003,0.003,0.003,0.0,0.0
7.0,14.0,0.003,0.003,0.003,0.003,0.0,0.0
6.0,29.0,0.003,0.003,0.003,0.003,0.0,0.0
6.0,28.0,0.004,0.004,0.004,0.004,0.0,0.0
6.0,27.0,0.004,0.004,0.004,0.004,0.0,0.0
6.0,26.0,0.004,0.004,0.002,0.002,0.0,-0.002
6.0,19.0,0.005,0.005,0.005,0.005,0.0,0.0
6.0,9.0,0.005,0.0055,0.005,0.005,0.0,0.0
6.0,7.0,0.004,0.005,0.004,0.005,0.0,0.001
6.0,6.0,0.006,0.006,0.005,0.005,0.0,-0.001
6.0,5.0,0.007,0.007,0.005,0.007,300.0,0.0
6.0,2.0,0.015,0.015,0.006,0.007,500.0,-0.008
6.0,1.0,0.003,0.012,0.003,0.012,1100.0,0.009000000000000001
5.0,30.0,0.001,0.001,0.001,0.001,0.0,0.0
5.0,22.0,0.001,0.001,0.001,0.001,0.0,0.0
5.0,2.0,5.0E-4,5.0E-4,5.0E-4,5.0E-4,0.0,0.0
4.0,21.0,5.0E-4,5.0E-4,5.0E-4,5.0E-4,0.0,0.0
4.0,20.0,5.0E-4,5.0E-4,5.0E-4,5.0E-4,0.0,0.0
4.0,5.0,0.002,0.002,0.002,0.002,0.0,0.0
3.0,20.0,5.0E-4,5.0E-4,5.0E-4,5.0E-4,0.0,0.0
3.0,13.0,5.0E-4,5.0E-4,5.0E-4,5.0E-4,0.0,0.0
3.0,7.0,5.0E-4,0.001,5.0E-4,0.001,0.0,5.0E-4
2.0,23.0,5.0E-4,0.001,5.0E-4,0.001,0.0,5.0E-4
2.0,9.0,5.0E-4,0.001,5.0E-4,0.001,0.0,5.0E-4
1.0,30.0,5.0E-4,0.001,5.0E-4,0.001,0.0,5.0E-4
1.0,23.0,0.001,0.001,0.001,0.001,0.0,0.0
1.0,19.0,0.001,0.001,0.001,0.001,0.0,0.0
1.0,18.0,0.001,0.001,0.001,0.001,100.0,0.0
1.0,17.0,0.001,0.001,0.001,0.001,100.0,0.0
1.0,13.0,0.001,0.001,0.001,0.001,100.0,0.0
12.0,28.0,0.001,0.001,0.001,0.001,0.0,0.0
12.0,13.0,0.001,0.001,0.001,0.001,0.0,0.0
12.0,8.0,0.001,0.001,0.001,0.001,0.0,0.0
12.0,1.0,0.001,0.001,0.001,0.001,0.0,0.0
11.0,30.0,0.001,0.001,0.001,0.001,0.0,0.0
11.0,22.0,0.001,0.001,0.001,0.001,0.0,0.0
11.0,1.0,0.001,0.001,0.001,0.001,0.0,0.0
9.0,26.0,0.001,0.001,0.001,0.001,0.0,0.0
9.0,20.0,0.001,0.001,0.001,0.001,0.0,0.0
9.0,9.0,0.001,0.001,0.001,0.001,0.0,0.0
8.0,25.0,0.001,0.001,0.001,0.001,0.0,0.0
7.0,5.0,0.001,0.001,0.001,0.001,400.0,0.0
6.0,30.0,0.001,0.001,0.001,0.001,0.0,0.0
6.0,29.0,0.001,0.001,0.001,0.001,0.0,0.0
6.0,23.0,0.002,0.002,0.002,0.002,0.0,0.0
6.0,21.0,0.001,0.001,0.001,0.001,0.0,0.0
6.0,13.0,0.001,0.001,0.001,0.001,0.0,0.0
6.0,10.0,0.001,0.001,0.001,0.001,0.0,0.0
6.0,6.0,0.001,0.001,0.001,0.001,0.0,0.0
6.0,1.0,0.001,0.001,0.001,0.001,0.0,0.0
5.0,31.0,0.001,0.001,0.001,0.001,0.0,0.0
5.0,26.0,0.001,0.001,0.001,0.001,0.0,0.0
5.0,24.0,0.003,0.003,0.003,0.003,0.0,0.0
5.0,17.0,0.001,0.001,0.001,0.001,0.0,0.0
4.0,27.0,0.001,0.001,0.001,0.001,0.0,0.0
4.0,26.0,0.001,0.001,0.001,0.001,0.0,0.0
4.0,19.0,0.001,0.001,0.001,0.001,0.0,0.0
4.0,8.0,0.001,0.002,0.001,0.001,0.0,0.0
3.0,29.0,0.001,0.001,0.001,0.001,0.0,0.0
3.0,22.0,0.001,0.001,0.001,0.001,0.0,0.0
3.0,14.0,0.002,0.002,0.002,0.002,0.0,0.0
3.0,7.0,0.002,0.002,0.002,0.002,0.0,0.0
3.0,3.0,0.002,0.002,0.002,0.002,0.0,0.0
3.0,1.0,0.002,0.002,0.002,0.002,0.0,0.0
2.0,28.0,0.002,0.01,0.002,0.002,600.0,0.0
12.0,15.0,0.001,0.001,0.001,0.001,0.0,0.0
12.0,10.0,0.001,0.001,0.001,0.001,0.0,0.0
12.0,7.0,0.001,0.001,0.001,0.001,0.0,0.0
12.0,1.0,0.001,0.001,0.001,0.001,0.0,0.0
11.0,26.0,0.001,0.001,0.001,0.001,0.0,0.0
11.0,23.0,0.001,0.001,0.001,0.001,0.0,0.0
11.0,9.0,0.001,0.001,0.001,0.001,0.0,0.0
11.0,1.0,0.001,0.001,0.001,0.001,0.0,0.0
10.0,28.0,0.001,0.001,0.001,0.001,0.0,0.0
10.0,18.0,0.001,0.001,0.001,0.001,0.0,0.0
10.0,14.0,0.001,0.001,0.001,0.001,0.0,0.0
10.0,13.0,0.001,0.001,0.001,0.001,0.0,0.0
10.0,12.0,0.001,0.001,0.001,0.001,0.0,0.0
10.0,8.0,0.001,0.001,0.001,0.001,0.0,0.0
9.0,30.0,0.001,0.001,0.001,0.001,0.0,0.0
9.0,14.0,0.001,0.001,0.001,0.001,0.0,0.0
9.0,2.0,0.001,0.001,0.001,0.001,0.0,0.0
8.0,6.0,0.001,0.001,0.001,0.001,0.0,0.0
8.0,4.0,0.001,0.001,0.001,0.001,0.0,0.0
8.0,2.0,0.001,0.001,0.001,0.001,0.0,0.0
7.0,22.0,0.001,0.001,0.001,0.001,0.0,0.0
7.0,21.0,0.001,0.001,0.001,0.001,0.0,0.0
7.0,13.0,0.001,0.001,0.001,0.001,0.0,0.0
7.0,12.0,0.001,0.001,0.001,0.001,0.0,0.0
6.0,29.0,0.001,0.001,0.001,0.001,0.0,0.0
6.0,16.0,0.001,0.001,0.001,0.001,0.0,0.0
6.0,2.0,0.001,0.001,0.001,0.001,0.0,0.0
5.0,28.0,0.001,0.001,0.001,0.001,0.0,0.0
5.0,27.0,0.001,0.001,0.001,0.001,0.0,0.0
5.0,25.0,0.001,0.001,0.001,0.001,0.0,0.0
5.0,19.0,0.001,0.001,0.001,0.001,0.0,0.0
5.0,11.0,0.001,0.001,0.001,0.001,0.0,0.0
4.0,23.0,0.001,0.001,0.001,0.001,0.0,0.0
4.0,19.0,0.001,0.001,0.001,0.001,0.0,0.0
4.0,14.0,0.001,0.001,0.001,0.001,0.0,0.0
4.0,1.0,0.001,0.001,0.001,0.001,0.0,0.0
3.0,31.0,0.001,0.001,0.001,0.001,0.0,0.0
3.0,26.0,0.001,0.001,0.001,0.001,0.0,0.0
3.0,24.0,0.001,0.001,0.001,0.001,0.0,0.0
3.0,11.0,0.001,0.001,0.001,0.001,0.0,0.0
2.0,23.0,0.001,0.001,0.001,0.001,0.0,0.0
2.0,19.0,0.001,0.001,0.001,0.001,0.0,0.0
2.0,12.0,0.001,0.001,0.001,0.001,0.0,0.0
2.0,11.0,0.001,0.001,0.001,0.001,0.0,0.0
2.0,10.0,0.001,0.001,0.001,0.001,0.0,0.0
2.0,3.0,0.001,0.001,0.001,0.001,0.0,0.0
2.0,2.0,0.001,0.001,0.001,0.001,0.0,0.0
1.0,27.0,0.001,0.001,0.001,0.001,0.0,0.0
1.0,8.0,0.001,0.001,0.001,0.001,0.0,0.0
12.0,29.0,0.001,0.001,0.001,0.001,0.0,0.0
12.0,24.0,0.001,0.001,0.001,0.001,0.0,0.0
12.0,23.0,0.001,0.001,0.001,0.001,0.0,0.0
12.0,12.0,0.001,0.001,0.001,0.001,0.0,0.0
12.0,9.0,0.001,0.001,0.001,0.001,0.0,0.0
12.0,5.0,0.001,0.001,0.001,0.001,0.0,0.0
12.0,2.0,0.001,0.001,0.001,0.001,0.0,0.0
11.0,26.0,0.001,0.001,0.001,0.001,0.0,0.0
11.0,21.0,0.001,0.001,0.001,0.001,0.0,0.0
11.0,19.0,0.001,0.001,0.001,0.001,0.0,0.0
11.0,17.0,0.001,0.001,0.001,0.001,0.0,0.0
11.0,4.0,0.001,0.001,0.001,0.001,0.0,0.0
10.0,29.0,0.001,0.001,0.001,0.001,0.0,0.0
10.0,27.0,0.001,0.001,0.001,0.001,0.0,0.0
10.0,21.0,0.001,0.001,0.001,0.001,0.0,0.0
10.0,20.0,0.001,0.001,0.001,0.001,0.0,0.0
10.0,16.0,0.001,0.001,0.001,0.001,0.0,0.0
10.0,14.0,0.001,0.001,0.001,0.001,0.0,0.0
10.0,10.0,0.001,0.001,0.001,0.001,0.0,0.0
10.0,9.0,0.001,0.001,0.001,0.001,200.0,0.0
9.0,26.0,0.001,0.001,0.001,0.001,0.0,0.0
9.0,19.0,0.001,0.001,0.001,0.001,0.0,0.0
9.0,16.0,0.001,0.001,0.001,0.001,0.0,0.0
9.0,2.0,0.001,0.001,0.001,0.001,0.0,0.0
8.0,29.0,0.001,0.001,0.001,0.001,0.0,0.0
8.0,26.0,0.001,0.001,0.001,0.001,0.0,0.0
8.0,25.0,0.001,0.001,0.001,0.001,0.0,0.0
8.0,21.0,0.001,0.001,0.001,0.001,0.0,0.0
8.0,19.0,0.001,0.001,0.001,0.001,0.0,0.0
8.0,6.0,0.001,0.001,0.001,0.001,0.0,0.0
8.0,1.0,0.001,0.001,0.001,0.001,0.0,0.0
7.0,14.0,0.001,0.001,0.001,0.001,0.0,0.0
7.0,10.0,0.001,0.001,0.001,0.001,0.0,0.0
6.0,27.0,0.001,0.001,0.001,0.001,0.0,0.0
6.0,26.0,0.001,0.001,0.001,0.001,0.0,0.0
6.0,25.0,0.001,0.001,0.001,0.001,0.0,0.0
6.0,5.0,0.001,0.001,0.001,0.001,0.0,0.0
5.0,27.0,0.001,0.001,0.001,0.001,200.0,0.0
5.0,23.0,0.001,0.001,0.001,0.001,0.0,0.0
5.0,21.0,0.001,0.001,0.001,0.001,0.0,0.0
4.0,14.0,0.001,0.001,0.001,0.001,0.0,0.0
4.0,1.0,0.001,0.001,0.001,0.001,0.0,0.0
3.0,20.0,0.001,0.001,0.001,0.001,0.0,0.0
3.0,6.0,0.001,0.001,0.001,0.001,0.0,0.0
2.0,27.0,0.001,0.001,0.001,0.001,0.0,0.0
2.0,26.0,0.001,0.001,0.001,0.001,0.0,0.0
2.0,11.0,0.001,0.001,0.001,0.001,0.0,0.0
1.0,8.0,0.001,0.001,0.001,0.001,0.0,0.0
1.0,3.0,0.001,0.001,0.001,0.001,0.0,0.0
12.0,31.0,0.001,0.001,0.001,0.001,0.0,0.0
12.0,26.0,0.001,0.001,0.001,0.001,0.0,0.0
12.0,20.0,0.001,0.001,0.001,0.001,0.0,0.0
12.0,19.0,0.001,0.001,0.001,0.001,100.0,0.0
12.0,18.0,0.001,0.001,0.001,0.001,0.0,0.0
12.0,5.0,0.001,0.001,0.001,0.001,0.0,0.0
11.0,19.0,0.001,0.001,0.001,0.001,0.0,0.0
11.0,1.0,0.001,0.002,0.001,0.001,0.0,0.0
10.0,28.0,0.001,0.001,0.001,0.001,0.0,0.0
10.0,14.0,0.001,0.001,0.001,0.001,300.0,0.0
10.0,9.0,0.001,0.001,0.001,0.001,0.0,0.0
10.0,8.0,0.001,0.001,0.001,0.001,0.0,0.0
10.0,4.0,0.001,0.001,0.001,0.001,0.0,0.0
10.0,1.0,0.001,0.001,0.001,0.001,0.0,0.0
9.0,19.0,0.001,0.001,0.001,0.001,0.0,0.0
9.0,18.0,0.001,0.001,0.001,0.001,0.0,0.0
9.0,17.0,0.001,0.001,0.001,0.001,0.0,0.0
9.0,10.0,0.001,0.001,0.001,0.001,0.0,0.0
9.0,5.0,0.001,0.001,0.001,0.001,0.0,0.0
8.0,21.0,0.001,0.001,0.001,0.001,0.0,0.0
8.0,13.0,0.001,0.001,0.001,0.001,0.0,0.0
8.0,2.0,0.001,0.001,0.001,0.001,0.0,0.0
7.0,22.0,0.001,0.001,0.001,0.001,0.0,0.0
7.0,18.0,0.001,0.001,0.001,0.001,0.0,0.0
7.0,16.0,0.001,0.001,0.001,0.001,0.0,0.0
7.0,11.0,0.001,0.001,0.001,0.001,0.0,0.0
7.0,9.0,0.001,0.001,0.001,0.001,0.0,0.0
7.0,3.0,0.001,0.001,0.001,0.001,0.0,0.0
6.0,20.0,0.001,0.001,0.001,0.001,100.0,0.0
5.0,29.0,0.001,0.001,0.001,0.001,0.0,0.0
5.0,15.0,0.001,0.001,0.001,0.001,0.0,0.0
5.0,14.0,0.001,0.001,0.001,0.001,0.0,0.0
5.0,1.0,0.001,0.001,0.001,0.001,0.0,0.0
4.0,17.0,0.001,0.001,0.001,0.001,0.0,0.0
4.0,11.0,0.001,0.001,0.001,0.001,0.0,0.0
3.0,22.0,0.001,0.001,0.001,0.001,0.0,0.0
3.0,12.0,0.001,0.001,0.001,0.001,0.0,0.0
3.0,4.0,0.001,0.001,0.001,0.001,0.0,0.0
2.0,26.0,0.001,0.001,0.001,0.001,0.0,0.0
1.0,25.0,0.001,0.001,0.001,0.001,0.0,0.0
1.0,18.0,0.001,0.001,0.001,0.001,0.0,0.0
1.0,16.0,0.001,0.001,0.001,0.001,0.0,0.0
12.0,31.0,0.001,0.001,0.001,0.001,0.0,0.0
12.0,28.0,0.001,0.001,0.001,0.001,0.0,0.0
12.0,21.0,0.001,0.001,0.001,0.001,0.0,0.0
12.0,20.0,0.001,0.001,0.001,0.001,0.0,0.0
12.0,18.0,0.001,0.001,0.001,0.001,0.0,0.0
12.0,10.0,0.001,0.001,0.001,0.001,0.0,0.0
12.0,5.0,0.001,0.001,0.001,0.001,0.0,0.0
12.0,4.0,0.001,0.001,0.001,0.001,0.0,0.0
12.0,3.0,0.001,0.001,0.001,0.001,0.0,0.0
11.0,30.0,0.001,0.001,0.001,0.001,0.0,0.0
11.0,27.0,0.001,0.001,0.001,0.001,0.0,0.0
11.0,21.0,0.001,0.001,0.001,0.001,0.0,0.0
11.0,20.0,0.001,0.001,0.001,0.001,0.0,0.0
11.0,19.0,0.001,0.001,0.001,0.001,0.0,0.0
11.0,16.0,0.001,0.001,0.001,0.001,0.0,0.0
11.0,8.0,0.001,0.001,0.001,0.001,100.0,0.0
10.0,24.0,0.001,0.001,0.001,0.001,0.0,0.0
10.0,15.0,0.001,0.001,0.001,0.001,0.0,0.0
10.0,10.0,0.001,0.001,0.001,0.001,0.0,0.0
10.0,1.0,0.001,0.001,0.001,0.001,0.0,0.0
9.0,27.0,0.001,0.001,0.001,0.001,0.0,0.0
9.0,21.0,0.001,0.001,0.001,0.001,0.0,0.0
9.0,20.0,0.001,0.001,0.001,0.001,0.0,0.0
9.0,17.0,0.001,0.001,0.001,0.001,0.0,0.0
9.0,14.0,0.001,0.001,0.001,0.001,0.0,0.0
9.0,13.0,0.001,0.001,0.001,0.001,0.0,0.0
9.0,12.0,0.001,0.001,0.001,0.001,0.0,0.0
9.0,11.0,0.001,0.001,0.001,0.001,0.0,0.0
9.0,10.0,0.001,0.001,0.001,0.001,0.0,0.0
8.0,13.0,0.001,0.001,0.001,0.001,0.0,0.0
6.0,28.0,0.003,0.003,0.003,0.003,0.0,0.0
6.0,19.0,0.003,0.003,0.003,0.003,0.0,0.0
10.0,2.0,0.017,0.017,0.017,0.017,0.0,0.0
9.0,29.0,0.017,0.017,0.017,0.017,0.0,0.0
9.0,28.0,0.017,0.017,0.017,0.017,0.0,0.0
9.0,27.0,0.017,0.017,0.017,0.017,0.0,0.0
9.0,26.0,0.017,0.017,0.017,0.017,0.0,0.0
7.0,14.0,0.01,0.01,0.01,0.01,0.0,0.0
1.0,14.0,0.001,0.001,0.001,0.001,0.0,0.0
12.0,30.0,0.001,0.001,0.001,0.001,0.0,0.0
12.0,29.0,0.001,0.001,0.001,0.001,0.0,0.0
12.0,22.0,0.001,0.001,0.001,0.001,0.0,0.0
12.0,15.0,0.001,0.001,0.001,0.001,0.0,0.0
12.0,12.0,0.001,0.001,0.001,0.001,0.0,0.0
10.0,29.0,0.001,0.001,0.001,0.001,0.0,0.0
10.0,24.0,0.001,0.001,0.001,0.001,0.0,0.0
10.0,1.0,0.001,0.001,0.001,0.001,0.0,0.0
9.0,9.0,0.001,0.001,0.001,0.001,0.0,0.0
6.0,9.0,0.001,0.001,0.001,0.001,0.0,0.0
6.0,6.0,0.001,0.001,0.001,0.001,0.0,0.0
5.0,9.0,0.001,0.001,0.001,0.001,0.0,0.0
5.0,1.0,0.001,0.001,0.001,0.001,0.0,0.0
4.0,18.0,0.001,0.001,0.001,0.001,0.0,0.0
4.0,10.0,0.001,0.001,0.001,0.001,0.0,0.0
4.0,4.0,0.001,0.001,0.001,0.001,0.0,0.0
4.0,1.0,0.001,0.001,0.001,0.001,0.0,0.0
3.0,31.0,0.03,0.03,0.03,0.03,0.0,0.0
12.0,31.0,0.001,0.001,0.001,0.001,0.0,0.0
12.0,30.0,0.001,0.001,0.001,0.001,0.0,0.0
12.0,27.0,0.001,0.001,0.001,0.001,0.0,0.0
12.0,26.0,0.001,0.001,0.001,0.001,0.0,0.0
12.0,12.0,0.001,0.001,0.001,0.001,0.0,0.0
12.0,3.0,1.001,1.001,1.001,1.001,0.0,0.0
11.0,5.0,0.001,0.001,0.001,0.001,0.0,0.0
10.0,11.0,0.001,0.001,0.001,0.001,0.0,0.0
9.0,12.0,0.001,0.001,0.001,0.001,0.0,0.0
9.0,11.0,0.001,0.001,0.001,0.001,0.0,0.0
9.0,4.0,0.001,0.001,0.001,0.001,0.0,0.0
1.0,30.0,0.016,0.016,0.016,0.016,0.0,0.0
1.0,26.0,0.016,0.016,0.016,0.016,0.0,0.0
1.0,25.0,0.016,0.016,0.016,0.016,0.0,0.0
1.0,24.0,0.016,0.016,0.016,0.016,0.0,0.0
1.0,23.0,0.031,0.031,0.016,0.031,100.0,0.0
1.0,20.0,0.031,0.031,0.031,0.031,0.0,0.0
1.0,3.0,0.031,0.031,0.031,0.031,0.0,0.0
12.0,30.0,0.016,0.016,0.016,0.016,0.0,0.0
12.0,21.0,0.031,0.031,0.031,0.031,0.0,0.0
12.0,20.0,0.016,0.016,0.016,0.016,0.0,0.0
12.0,19.0,0.016,0.063,0.016,0.016,0.0,0.0
12.0,16.0,0.016,0.016,0.016,0.016,100.0,0.0
12.0,15.0,0.047,0.047,0.016,0.047,0.0,0.0
12.0,12.0,0.031,0.047,0.031,0.031,0.0,0.0
12.0,9.0,0.031,0.031,0.016,0.031,0.0,0.0
12.0,8.0,0.031,0.031,0.031,0.031,0.0,0.0
12.0,7.0,0.063,0.063,0.031,0.063,0.0,0.0
12.0,6.0,0.031,0.063,0.031,0.031,0.0,0.0
12.0,5.0,0.063,0.063,0.047,0.063,100.0,0.0
12.0,2.0,0.031,0.063,0.031,0.031,0.0,0.0
12.0,1.0,0.031,0.063,0.031,0.031,0.0,0.0
11.0,30.0,0.063,0.063,0.031,0.063,0.0,0.0
11.0,29.0,0.063,0.063,0.031,0.063,100.0,0.0
11.0,28.0,0.063,0.063,0.047,0.063,0.0,0.0
11.0,25.0,0.047,0.094,0.031,0.047,200.0,0.0
11.0,23.0,0.063,0.094,0.063,0.063,100.0,0.0
11.0,22.0,0.078,0.125,0.063,0.078,0.0,0.0
11.0,21.0,0.094,0.125,0.094,0.094,200.0,0.0
11.0,18.0,0.125,0.156,0.125,0.125,100.0,0.0
11.0,17.0,0.125,0.156,0.125,0.125,200.0,0.0
11.0,16.0,0.125,0.125,0.094,0.125,100.0,0.0
11.0,15.0,0.094,0.125,0.063,0.094,0.0,0.0
11.0,14.0,0.063,0.094,0.031,0.063,100.0,0.0
11.0,11.0,0.063,0.125,0.031,0.063,500.0,0.0
11.0,10.0,0.063,0.125,0.063,0.063,0.0,0.0
11.0,9.0,0.063,0.156,0.063,0.063,100.0,0.0
11.0,8.0,0.125,0.125,0.094,0.125,0.0,0.0
11.0,7.0,0.094,0.094,0.094,0.094,0.0,0.0
11.0,4.0,0.125,0.156,0.125,0.125,0.0,0.0
11.0,3.0,0.156,0.188,0.156,0.156,0.0,0.0
11.0,2.0,0.172,0.188,0.156,0.172,0.0,0.0
11.0,1.0,0.188,0.219,0.156,0.188,0.0,0.0
10.0,31.0,0.188,0.219,0.188,0.188,0.0,0.0
