9.0,25.0,15.49,15.53,14.91,15.09,249000.0,-0.40000000000000036
9.0,24.0,15.18,15.36,14.89,15.36,279600.0,0.17999999999999972
9.0,23.0,15.7,15.7,15.3,15.3,264800.0,-0.3999999999999986
9.0,22.0,15.69,15.77,15.55,15.58,162400.0,-0.10999999999999943
9.0,21.0,15.95,15.95,15.73,15.85,175700.0,-0.09999999999999964
9.0,18.0,16.0,16.02,15.8,15.91,137800.0,-0.08999999999999986
9.0,17.0,15.98,16.43,15.67,16.190001,421800.0,0.21000099999999833
9.0,16.0,15.76,16.07,15.73,15.99,260100.0,0.23000000000000043
9.0,15.0,15.58,15.82,15.56,15.63,206300.0,0.05000000000000071
9.0,14.0,15.62,15.64,15.39,15.58,255400.0,-0.03999999999999915
9.0,11.0,15.59,15.79,15.46,15.74,238600.0,0.15000000000000036
9.0,10.0,15.85,16.0,15.75,15.77,100300.0,-0.08000000000000007
9.0,9.0,16.41,16.440001,15.77,15.93,90200.0,-0.4800000000000004
9.0,8.0,16.290001,16.5,16.280001,16.35,109200.0,0.059999000000001246
9.0,4.0,15.93,16.27,15.9,16.27,109100.0,0.33999999999999986
9.0,3.0,15.92,16.25,15.92,16.110001,121300.0,0.19000100000000053
9.0,2.0,16.0,16.209999,15.85,15.96,213200.0,-0.03999999999999915
9.0,1.0,15.56,15.84,15.5,15.83,137000.0,0.2699999999999996
8.0,31.0,16.02,16.34,15.66,15.87,221700.0,-0.15000000000000036
8.0,28.0,15.65,16.209999,15.56,16.15,460700.0,0.4999999999999982
8.0,27.0,15.32,15.92,15.22,15.7,286200.0,0.379999999999999
8.0,26.0,14.92,15.28,14.67,15.27,225100.0,0.34999999999999964
8.0,25.0,15.04,15.04,14.62,14.67,339000.0,-0.3699999999999992
8.0,24.0,14.62,15.32,14.6,14.6,306000.0,-0.019999999999999574
8.0,21.0,15.84,15.93,15.39,15.49,219900.0,-0.34999999999999964
8.0,20.0,16.049999,16.139999,15.8,15.87,147900.0,-0.17999900000000046
8.0,19.0,16.51,16.59,16.030001,16.110001,216700.0,-0.3999990000000011
8.0,18.0,16.65,16.879999,16.49,16.870001,225500.0,0.2200009999999999
8.0,17.0,16.68,16.74,16.389999,16.6,341800.0,-0.0799999999999983
8.0,14.0,16.360001,16.9,16.33,16.879999,208000.0,0.5199980000000011
8.0,13.0,16.629999,16.629999,16.389999,16.450001,318500.0,-0.1799980000000012
8.0,12.0,15.9,16.620001,15.76,16.6,273200.0,0.7000000000000011
8.0,11.0,15.61,15.92,15.56,15.9,229500.0,0.2900000000000009
8.0,10.0,15.53,15.94,15.46,15.93,513200.0,0.40000000000000036
8.0,7.0,15.55,15.7,15.35,15.52,278200.0,-0.030000000000001137
8.0,6.0,15.64,15.7,15.12,15.55,395300.0,-0.08999999999999986
8.0,5.0,16.65,16.700001,15.77,15.8,265100.0,-0.8499999999999979
8.0,4.0,16.58,16.809999,16.43,16.5,203800.0,-0.0799999999999983
8.0,3.0,16.889999,16.950001,16.68,16.690001,190500.0,-0.1999980000000008
7.0,31.0,17.01,17.1,16.99,17.02,165500.0,0.00999999999999801
7.0,30.0,17.309999,17.35,16.93,17.02,424100.0,-0.28999900000000167
7.0,29.0,16.950001,17.450001,16.870001,17.41,292000.0,0.4599989999999998
7.0,28.0,16.5,16.99,16.5,16.969999,217800.0,0.4699990000000014
7.0,27.0,16.35,16.59,16.190001,16.469999,308500.0,0.11999899999999997
7.0,24.0,16.32,16.52,16.25,16.459999,268100.0,0.13999899999999954
7.0,23.0,16.200001,16.49,16.200001,16.299999,206100.0,0.09999799999999937
7.0,22.0,16.700001,16.700001,16.18,16.299999,338200.0,-0.40000200000000063
7.0,21.0,16.799999,17.0,16.549999,16.73,312800.0,-0.06999899999999926
7.0,20.0,17.360001,17.450001,16.75,16.77,333100.0,-0.5900010000000009
7.0,17.0,17.75,17.809999,17.42,17.469999,240300.0,-0.2800009999999986
7.0,16.0,17.93,17.969999,17.73,17.75,151700.0,-0.17999999999999972
7.0,15.0,18.23,18.290001,17.9,17.940001,158500.0,-0.28999900000000167
7.0,14.0,18.120001,18.379999,18.08,18.34,172700.0,0.2199990000000014
7.0,13.0,18.18,18.23,18.059999,18.17,175900.0,-0.00999999999999801
7.0,10.0,17.889999,18.09,17.82,18.059999,114000.0,0.1700000000000017
7.0,9.0,17.969999,18.07,17.709999,17.799999,156700.0,-0.1700000000000017
7.0,8.0,17.959999,18.139999,17.76,17.76,131900.0,-0.19999899999999826
7.0,7.0,17.780001,18.280001,17.469999,18.280001,151400.0,0.5
7.0,6.0,17.790001,17.870001,17.700001,17.77,154700.0,-0.0200010000000006
7.0,2.0,17.99,18.23,17.940001,17.98,201400.0,-0.00999999999999801
7.0,1.0,18.309999,18.309999,17.98,17.99,175700.0,-0.3199990000000028
6.0,30.0,18.0,18.309999,17.719999,18.280001,241400.0,0.2800009999999986
6.0,29.0,18.299999,18.299999,17.9,17.92,201700.0,-0.379998999999998
6.0,26.0,18.67,18.73,18.41,18.440001,117500.0,-0.22999900000000295
6.0,25.0,18.879999,19.01,18.67,18.690001,133500.0,-0.18999800000000278
6.0,24.0,18.84,19.01,18.799999,18.93,174200.0,0.08999999999999986
6.0,23.0,18.74,18.9,18.719999,18.790001,130200.0,0.05000100000000174
6.0,22.0,18.93,18.93,18.709999,18.75,132300.0,-0.17999999999999972
6.0,19.0,18.9,18.940001,18.799999,18.84,83000.0,-0.05999999999999872
6.0,18.0,19.24,19.24,18.950001,18.99,103900.0,-0.25
6.0,17.0,19.17,19.23,19.049999,19.18,109300.0,0.00999999999999801
6.0,16.0,19.15,19.209999,19.01,19.129999,85700.0,-0.02000099999999705
6.0,15.0,18.9,19.190001,18.83,19.190001,131600.0,0.2900010000000002
6.0,12.0,19.01,19.030001,18.83,18.93,159800.0,-0.08000000000000185
6.0,11.0,19.120001,19.219999,18.959999,19.16,83300.0,0.03999900000000167
6.0,10.0,19.290001,19.34,19.16,19.18,106600.0,-0.11000100000000046
6.0,9.0,19.360001,19.42,19.120001,19.219999,64800.0,-0.14000199999999907
6.0,8.0,19.48,19.51,19.209999,19.34,76200.0,-0.14000000000000057
6.0,5.0,19.370001,19.530001,19.24,19.5,78600.0,0.12999900000000153
6.0,4.0,19.57,19.65,19.34,19.42,129900.0,-0.14999999999999858
6.0,3.0,20.040001,20.040001,19.690001,19.74,87900.0,-0.30000100000000174
6.0,2.0,20.01,20.02,19.92,20.01,50400.0,0.0
6.0,1.0,20.15,20.219999,19.98,19.99,96300.0,-0.16000000000000014
5.0,29.0,20.24,20.24,20.09,20.139999,132800.0,-0.1000009999999989
5.0,28.0,20.09,20.17,20.030001,20.15,82400.0,0.05999999999999872
5.0,27.0,20.139999,20.23,20.049999,20.219999,130600.0,0.08000000000000185
5.0,26.0,20.280001,20.280001,20.01,20.110001,102900.0,-0.16999999999999815
5.0,22.0,20.290001,20.33,20.219999,20.32,48600.0,0.02999900000000011
5.0,21.0,20.35,20.370001,20.26,20.290001,73600.0,-0.059999000000001246
5.0,20.0,20.389999,20.4,20.24,20.26,82800.0,-0.12999899999999798
5.0,19.0,20.700001,20.700001,20.59,20.67,64300.0,-0.030000999999998612
5.0,18.0,20.620001,20.780001,20.58,20.77,77300.0,0.1499990000000011
5.0,15.0,20.52,20.66,20.469999,20.639999,118000.0,0.11999899999999997
5.0,14.0,20.51,20.65,20.469999,20.57,69400.0,0.05999999999999872
5.0,13.0,20.33,20.59,20.309999,20.43,75000.0,0.10000000000000142
5.0,12.0,20.049999,20.26,19.99,20.17,65800.0,0.12000100000000202
5.0,11.0,20.139999,20.15,20.01,20.08,102900.0,-0.059999000000001246
5.0,8.0,20.309999,20.389999,20.17,20.25,93600.0,-0.059999000000001246
5.0,7.0,20.6,20.6,20.209999,20.209999,67300.0,-0.3900010000000016
5.0,6.0,20.969999,20.98,20.49,20.620001,96100.0,-0.3499980000000029
5.0,5.0,20.889999,20.93,20.77,20.91,44300.0,0.0200010000000006
5.0,4.0,20.889999,20.940001,20.790001,20.860001,98600.0,-0.02999799999999908
5.0,1.0,20.85,20.98,20.74,20.940001,80300.0,0.09000099999999733
4.0,30.0,20.76,20.959999,20.75,20.879999,94200.0,0.11999899999999997
4.0,29.0,20.4,20.870001,20.4,20.860001,119300.0,0.4600010000000019
4.0,28.0,20.52,20.59,20.459999,20.559999,77800.0,0.03999900000000167
4.0,27.0,20.629999,20.75,20.549999,20.57,61300.0,-0.059999000000001246
4.0,24.0,20.59,20.65,20.57,20.629999,54100.0,0.03999900000000167
4.0,23.0,20.4,20.610001,20.4,20.58,59000.0,0.17999999999999972
4.0,22.0,20.379999,20.5,20.35,20.370001,64800.0,-0.00999800000000306
4.0,21.0,20.43,20.48,20.309999,20.389999,98200.0,-0.040001000000000175
4.0,20.0,20.4,20.59,20.360001,20.43,93600.0,0.030000000000001137
4.0,17.0,20.41,20.469999,20.299999,20.34,96800.0,-0.07000000000000028
4.0,16.0,20.49,20.620001,20.459999,20.52,101900.0,0.030000000000001137
4.0,15.0,20.360001,20.6,20.33,20.540001,130100.0,0.17999999999999972
4.0,14.0,20.08,20.33,20.059999,20.309999,91400.0,0.22999900000000295
4.0,13.0,20.110001,20.219999,19.98,20.0,81100.0,-0.11000100000000046
4.0,10.0,20.209999,20.209999,20.040001,20.110001,91200.0,-0.09999799999999937
4.0,9.0,20.059999,20.139999,19.98,20.07,84300.0,0.010000999999999038
4.0,8.0,20.129999,20.209999,20.049999,20.07,80200.0,-0.059999000000001246
4.0,7.0,20.049999,20.219999,20.0,20.129999,91800.0,0.08000000000000185
4.0,6.0,20.049999,20.07,20.0,20.059999,83900.0,0.010000000000001563
4.0,2.0,19.92,20.01,19.889999,19.99,45300.0,0.06999999999999673
4.0,1.0,19.969999,20.030001,19.9,19.950001,76300.0,-0.01999800000000107
3.0,31.0,19.91,20.09,19.870001,19.889999,86600.0,-0.0200010000000006
3.0,30.0,19.790001,19.99,19.790001,19.969999,96400.0,0.1799980000000012
3.0,27.0,19.74,19.83,19.620001,19.73,158000.0,-0.00999999999999801
3.0,26.0,19.75,19.870001,19.629999,19.690001,160900.0,-0.059999000000001246
3.0,25.0,19.709999,19.809999,19.65,19.690001,175400.0,-0.01999800000000107
3.0,24.0,20.02,20.040001,19.700001,19.75,108300.0,-0.2699999999999996
3.0,23.0,19.75,19.969999,19.68,19.969999,160600.0,0.2199990000000014
3.0,20.0,19.74,19.77,19.66,19.690001,92000.0,-0.04999899999999968
3.0,19.0,19.559999,19.610001,19.440001,19.59,89800.0,0.030000999999998612
3.0,18.0,19.190001,19.82,19.1,19.74,119800.0,0.5499989999999997
3.0,17.0,19.219999,19.360001,19.0,19.360001,191400.0,0.14000199999999907
3.0,16.0,19.57,19.57,19.17,19.34,186500.0,-0.23000000000000043
3.0,13.0,19.700001,19.75,19.440001,19.57,149600.0,-0.13000100000000003
3.0,12.0,19.799999,19.9,19.690001,19.77,143600.0,-0.02999900000000011
3.0,11.0,20.129999,20.18,19.75,19.76,135200.0,-0.36999899999999997
3.0,10.0,20.110001,20.23,19.99,20.15,157000.0,0.03999899999999812
3.0,9.0,20.620001,20.690001,20.32,20.32,66800.0,-0.3000009999999982
3.0,6.0,20.799999,20.85,20.530001,20.65,79500.0,-0.1499990000000011
3.0,5.0,20.790001,20.969999,20.790001,20.91,89800.0,0.11999899999999997
3.0,4.0,20.799999,20.799999,20.58,20.76,132300.0,-0.03999899999999812
3.0,3.0,20.700001,20.84,20.58,20.74,242300.0,0.03999899999999812
3.0,2.0,21.02,21.09,20.77,20.799999,177800.0,-0.2200009999999999
2.0,27.0,21.23,21.26,21.02,21.09,144200.0,-0.14000000000000057
2.0,26.0,21.33,21.35,20.99,21.09,116900.0,-0.23999999999999844
2.0,25.0,21.129999,21.450001,21.129999,21.360001,121500.0,0.23000199999999893
2.0,24.0,21.139999,21.23,20.99,21.209999,146100.0,0.07000000000000028
2.0,23.0,21.23,21.360001,21.01,21.01,179800.0,-0.21999999999999886
2.0,20.0,21.049999,21.440001,21.040001,21.32,95500.0,0.2700010000000006
2.0,19.0,20.639999,21.040001,20.57,20.969999,95800.0,0.33000000000000185
2.0,18.0,20.799999,20.84,20.719999,20.83,66800.0,0.030000999999998612
2.0,17.0,21.08,21.16,20.870001,21.139999,87200.0,0.059999000000001246
2.0,13.0,21.049999,21.18,21.049999,21.129999,46200.0,0.08000000000000185
2.0,12.0,20.879999,21.059999,20.83,20.93,75000.0,0.050000999999998186
2.0,11.0,20.870001,21.01,20.709999,20.780001,99100.0,-0.08999999999999986
2.0,10.0,21.26,21.280001,20.9,21.030001,105500.0,-0.22999900000000295
2.0,9.0,21.32,21.51,21.18,21.24,64400.0,-0.08000000000000185
2.0,6.0,21.43,21.459999,21.25,21.35,125700.0,-0.0799999999999983
2.0,5.0,21.190001,21.48,21.17,21.280001,104700.0,0.08999999999999986
2.0,4.0,20.889999,21.120001,20.85,21.049999,120200.0,0.16000000000000014
2.0,3.0,20.809999,21.16,20.74,21.08,118000.0,0.27000099999999705
2.0,2.0,20.469999,20.690001,20.379999,20.690001,95400.0,0.22000199999999737
1.0,30.0,20.299999,20.58,20.01,20.41,121400.0,0.11000100000000046
1.0,29.0,20.379999,20.4,19.98,20.389999,102100.0,0.00999999999999801
1.0,28.0,20.75,20.75,20.25,20.32,120800.0,-0.4299999999999997
1.0,27.0,20.559999,20.73,20.389999,20.690001,91400.0,0.1300019999999975
1.0,26.0,20.690001,20.799999,20.6,20.700001,120300.0,0.010000000000001563
1.0,23.0,20.5,20.75,20.32,20.639999,117200.0,0.13999899999999954
1.0,22.0,20.9,20.93,20.450001,20.559999,179200.0,-0.34000099999999733
1.0,21.0,20.27,20.709999,20.26,20.690001,105600.0,0.4200009999999992
1.0,20.0,20.07,20.35,19.83,20.24,131800.0,0.16999999999999815
1.0,16.0,19.690001,20.25,19.690001,20.25,143400.0,0.5599990000000012
1.0,15.0,19.74,19.940001,19.469999,19.540001,178300.0,-0.19999899999999826
1.0,14.0,19.549999,19.66,19.07,19.6,332700.0,0.05000100000000174
1.0,13.0,19.99,20.16,19.6,19.66,187500.0,-0.3299999999999983
1.0,12.0,20.43,20.440001,19.77,19.959999,211800.0,-0.4700009999999999
1.0,9.0,20.6,20.860001,20.360001,20.59,84300.0,-0.010000000000001563
1.0,8.0,20.48,20.879999,20.48,20.639999,80900.0,0.15999899999999911
1.0,7.0,20.530001,20.780001,20.25,20.35,110100.0,-0.1800009999999972
1.0,6.0,20.940001,21.1,20.23,20.309999,191100.0,-0.6300019999999975
1.0,5.0,21.52,21.52,20.879999,21.07,103200.0,-0.4499999999999993
1.0,2.0,21.440001,21.690001,21.42,21.690001,53400.0,0.25
12.0,31.0,21.440001,21.52,21.27,21.389999,132500.0,-0.050001999999999214
12.0,30.0,21.25,21.370001,21.16,21.35,74300.0,0.10000000000000142
12.0,29.0,21.110001,21.42,21.09,21.23,193000.0,0.11999899999999997
12.0,26.0,21.33,21.620001,21.15,21.190001,67400.0,-0.13999899999999954
12.0,24.0,21.33,21.52,21.129999,21.299999,102700.0,-0.030000999999998612
12.0,23.0,20.75,21.559999,20.75,21.360001,198700.0,0.6100010000000005
12.0,22.0,21.17,21.309999,20.860001,21.26,163300.0,0.08999999999999986
12.0,19.0,21.360001,21.559999,21.23,21.24,237600.0,-0.12000100000000202
12.0,18.0,21.299999,21.9,20.700001,21.32,267800.0,0.0200010000000006
12.0,17.0,19.67,20.92,19.67,20.84,349800.0,1.1699999999999982
12.0,16.0,19.1,20.040001,18.889999,19.780001,326600.0,0.6800009999999972
12.0,15.0,19.82,19.959999,19.299999,19.43,187500.0,-0.39000000000000057
12.0,12.0,19.74,19.959999,19.530001,19.690001,274900.0,-0.04999899999999968
12.0,11.0,20.280001,20.709999,19.959999,19.969999,179800.0,-0.3100019999999972
12.0,10.0,20.469999,20.52,20.15,20.299999,246900.0,-0.1700000000000017
12.0,9.0,20.280001,20.84,20.120001,20.76,401500.0,0.47999900000000295
12.0,8.0,21.43,21.43,20.440001,20.639999,223900.0,-0.7900010000000002
12.0,5.0,21.610001,21.75,21.559999,21.6,174100.0,-0.010000999999999038
12.0,4.0,21.48,21.85,21.469999,21.67,225400.0,0.19000000000000128
12.0,3.0,21.379999,21.709999,21.379999,21.620001,140600.0,0.24000199999999694
12.0,2.0,20.940001,21.5,20.9,21.309999,228100.0,0.3699980000000025
12.0,1.0,21.870001,21.9,20.969999,21.030001,278200.0,-0.8399999999999999
11.0,28.0,22.99,22.99,22.030001,22.07,151000.0,-0.9199999999999982
11.0,26.0,23.1,23.139999,22.9,23.139999,163000.0,0.03999899999999812
11.0,25.0,23.059999,23.190001,22.870001,23.07,223000.0,0.010000999999999038
11.0,24.0,23.18,23.18,22.860001,22.99,108200.0,-0.19000000000000128
11.0,21.0,23.309999,23.35,23.01,23.040001,95300.0,-0.26999800000000107
11.0,20.0,22.84,23.059999,22.77,23.01,78900.0,0.1700000000000017
11.0,19.0,22.639999,23.049999,22.639999,22.940001,106100.0,0.3000019999999992
11.0,18.0,22.940001,23.110001,22.889999,23.01,88700.0,0.06999900000000281
11.0,17.0,22.709999,22.99,22.709999,22.9,78300.0,0.19000099999999875
11.0,14.0,22.469999,22.790001,22.379999,22.790001,83700.0,0.3200019999999988
11.0,13.0,22.379999,22.59,22.280001,22.43,115000.0,0.050000999999998186
11.0,12.0,22.25,22.49,22.16,22.450001,122100.0,0.20000100000000032
11.0,11.0,22.370001,22.43,22.120001,22.360001,161200.0,-0.00999999999999801
11.0,10.0,22.49,22.57,22.27,22.41,85700.0,-0.0799999999999983
11.0,7.0,22.08,22.5,22.08,22.5,63300.0,0.4200000000000017
11.0,6.0,22.129999,22.200001,21.950001,22.16,88400.0,0.030000999999998612
11.0,5.0,21.969999,22.15,21.799999,22.139999,111600.0,0.16999999999999815
11.0,4.0,22.16,22.16,21.75,22.0,166200.0,-0.16000000000000014
11.0,3.0,22.389999,22.450001,22.190001,22.25,139900.0,-0.13999899999999954
10.0,31.0,22.370001,22.440001,22.24,22.41,134600.0,0.03999900000000167
10.0,30.0,22.48,22.559999,22.190001,22.290001,112400.0,-0.18999900000000025
10.0,29.0,22.59,22.719999,22.23,22.49,116200.0,-0.10000000000000142
10.0,28.0,22.540001,22.65,22.440001,22.59,87000.0,0.04999899999999968
10.0,27.0,22.58,22.629999,22.34,22.530001,111400.0,-0.04999899999999968
10.0,24.0,22.309999,22.780001,22.27,22.66,212400.0,0.3500009999999989
10.0,23.0,22.25,22.48,22.219999,22.299999,112700.0,0.04999899999999968
10.0,22.0,22.360001,22.48,21.959999,22.01,106700.0,-0.3500009999999989
10.0,21.0,22.01,22.41,22.01,22.26,179800.0,0.25
10.0,20.0,21.48,21.92,21.459999,21.9,162300.0,0.41999999999999815
10.0,17.0,21.629999,21.91,21.309999,21.620001,249700.0,-0.00999800000000306
10.0,16.0,19.99,21.42,19.9,21.290001,350000.0,1.3000010000000017
10.0,15.0,19.48,20.41,18.82,20.33,660700.0,0.8499999999999979
10.0,14.0,20.139999,20.34,19.07,19.92,426500.0,-0.21999899999999784
10.0,13.0,21.15,21.34,20.07,20.139999,225900.0,-1.010000999999999
10.0,10.0,21.610001,21.610001,20.4,21.18,462200.0,-0.43000100000000074
10.0,9.0,22.27,22.290001,21.51,21.610001,470700.0,-0.6599989999999991
10.0,8.0,22.33,22.379999,21.870001,22.360001,277400.0,0.030001000000002165
10.0,7.0,22.389999,22.530001,22.32,22.33,105700.0,-0.059999000000001246
10.0,6.0,22.73,22.790001,22.48,22.530001,148100.0,-0.19999900000000181
10.0,3.0,22.83,22.879999,22.610001,22.700001,108300.0,-0.12999899999999798
10.0,2.0,22.780001,22.93,22.379999,22.74,123600.0,-0.040001000000000175
10.0,1.0,23.049999,23.120001,22.719999,22.82,208200.0,-0.2299989999999994
9.0,30.0,22.889999,23.059999,22.690001,23.040001,124400.0,0.15000200000000063
9.0,29.0,22.549999,22.84,22.49,22.84,81400.0,0.2900010000000002
9.0,26.0,22.49,22.74,22.34,22.690001,133500.0,0.20000100000000032
9.0,25.0,22.51,22.639999,22.219999,22.41,142600.0,-0.10000000000000142
9.0,24.0,22.6,22.639999,22.26,22.559999,181600.0,-0.040001000000000175
9.0,23.0,22.76,22.84,22.48,22.58,193100.0,-0.18000000000000327
9.0,22.0,23.27,23.27,22.700001,22.82,174200.0,-0.4499999999999993
9.0,19.0,23.16,23.280001,23.110001,23.280001,88400.0,0.12000099999999847
9.0,18.0,22.98,23.139999,22.85,23.139999,185500.0,0.15999899999999911
9.0,17.0,22.93,23.049999,22.889999,23.0,151800.0,0.07000000000000028
9.0,16.0,22.75,23.1,22.700001,22.889999,170500.0,0.13999899999999954
9.0,15.0,23.1,23.1,22.6,22.799999,166800.0,-0.30000100000000174
9.0,12.0,23.43,23.43,22.84,23.09,127500.0,-0.33999999999999986
9.0,11.0,23.42,23.5,23.27,23.5,108400.0,0.0799999999999983
9.0,10.0,23.51,23.58,23.379999,23.540001,137000.0,0.030000999999998612
9.0,9.0,23.469999,23.629999,23.42,23.5,127000.0,0.030000999999998612
9.0,8.0,23.639999,23.690001,23.42,23.57,133600.0,-0.06999899999999926
9.0,5.0,23.83,23.879999,23.620001,23.66,149700.0,-0.16999999999999815
9.0,4.0,24.1,24.1,23.809999,23.889999,89100.0,-0.21000100000000188
9.0,3.0,24.15,24.18,23.969999,24.1,71900.0,-0.04999999999999716
9.0,2.0,24.190001,24.190001,24.02,24.1,120200.0,-0.09000099999999733
8.0,29.0,24.200001,24.25,24.110001,24.139999,86700.0,-0.06000200000000078
8.0,28.0,23.959999,24.16,23.92,24.09,85000.0,0.13000100000000003
8.0,27.0,24.08,24.1,23.950001,24.09,106500.0,0.010000000000001563
8.0,26.0,23.790001,23.98,23.780001,23.969999,107000.0,0.1799980000000012
8.0,25.0,23.82,23.860001,23.629999,23.85,127100.0,0.030000000000001137
8.0,22.0,23.950001,23.950001,23.75,23.82,58600.0,-0.13000100000000003
8.0,21.0,23.92,24.02,23.809999,23.940001,92100.0,0.02000099999999705
8.0,20.0,23.67,23.969999,23.67,23.91,100400.0,0.23999999999999844
8.0,19.0,23.879999,24.110001,23.879999,24.059999,89500.0,0.17999999999999972
8.0,18.0,24.07,24.07,23.82,23.91,83400.0,-0.16000000000000014
8.0,15.0,23.809999,23.950001,23.76,23.92,65800.0,0.11000100000000046
8.0,14.0,23.629999,23.780001,23.559999,23.77,46700.0,0.14000099999999804
8.0,13.0,23.49,23.530001,23.290001,23.52,70700.0,0.030000000000001137
8.0,12.0,23.35,23.459999,23.190001,23.43,141100.0,0.0799999999999983
8.0,11.0,23.02,23.530001,23.02,23.35,84200.0,0.33000000000000185
8.0,8.0,22.82,22.83,22.639999,22.780001,47200.0,-0.03999900000000167
8.0,7.0,22.790001,22.870001,22.58,22.709999,61800.0,-0.08000200000000035
8.0,6.0,22.67,22.809999,22.530001,22.700001,69900.0,0.030000999999998612
8.0,5.0,22.879999,22.950001,22.68,22.780001,66500.0,-0.09999800000000292
8.0,4.0,22.780001,22.959999,22.559999,22.940001,50500.0,0.16000000000000014
8.0,1.0,22.860001,22.940001,22.540001,22.75,65500.0,-0.11000100000000046
7.0,31.0,23.110001,23.110001,22.690001,22.82,122000.0,-0.2900010000000002
7.0,30.0,23.530001,23.559999,23.190001,23.26,71600.0,-0.27000099999999705
7.0,29.0,23.59,23.639999,23.41,23.450001,73400.0,-0.13999899999999954
7.0,28.0,23.75,23.75,23.5,23.530001,55700.0,-0.2199990000000014
7.0,25.0,23.85,23.85,23.639999,23.77,48500.0,-0.08000000000000185
7.0,24.0,23.92,23.940001,23.780001,23.84,58700.0,-0.08000000000000185
7.0,23.0,23.84,24.07,23.84,23.92,99800.0,0.08000000000000185
7.0,22.0,23.780001,23.85,23.74,23.83,57700.0,0.04999899999999968
7.0,21.0,23.67,23.709999,23.629999,23.709999,54200.0,0.03999899999999812
7.0,18.0,23.629999,23.75,23.629999,23.74,68500.0,0.1100009999999969
7.0,17.0,23.65,23.77,23.540001,23.66,105000.0,0.010000000000001563
7.0,16.0,23.559999,23.67,23.530001,23.6,115900.0,0.040001000000000175
7.0,15.0,23.58,23.65,23.459999,23.549999,92900.0,-0.030000999999998612
7.0,14.0,23.690001,23.709999,23.5,23.549999,51500.0,-0.14000199999999907
7.0,11.0,23.549999,23.65,23.459999,23.6,55400.0,0.05000100000000174
7.0,10.0,23.83,23.889999,23.389999,23.6,128500.0,-0.22999999999999687
7.0,9.0,23.59,23.860001,23.51,23.860001,79900.0,0.2700010000000006
7.0,8.0,23.6,23.629999,23.379999,23.58,79400.0,-0.020000000000003126
7.0,7.0,23.84,23.870001,23.35,23.549999,69800.0,-0.2900010000000002
7.0,3.0,23.99,24.02,23.73,23.82,54000.0,-0.16999999999999815
7.0,2.0,24.08,24.09,23.889999,23.959999,56900.0,-0.12000099999999847
7.0,1.0,24.040001,24.09,23.940001,24.049999,92000.0,0.009997999999999507
6.0,30.0,23.889999,23.940001,23.85,23.940001,70400.0,0.050001999999999214
6.0,27.0,23.780001,23.85,23.75,23.84,73300.0,0.059999000000001246
6.0,26.0,23.639999,23.74,23.559999,23.74,97500.0,0.1000009999999989
6.0,25.0,23.35,23.58,23.35,23.559999,134200.0,0.20999899999999982
6.0,24.0,23.32,23.450001,23.280001,23.360001,145700.0,0.040001000000000175
6.0,23.0,23.379999,23.379999,23.200001,23.25,129500.0,-0.12999900000000153
6.0,20.0,23.139999,23.25,23.120001,23.219999,75100.0,0.08000000000000185
6.0,19.0,22.91,23.059999,22.91,23.059999,65300.0,0.1499990000000011
6.0,18.0,23.030001,23.049999,22.809999,22.93,76900.0,-0.1000009999999989
6.0,17.0,23.0,23.040001,22.91,22.969999,99600.0,-0.030000999999998612
6.0,16.0,22.93,22.99,22.870001,22.950001,57000.0,0.0200010000000006
6.0,13.0,22.92,22.93,22.809999,22.889999,76900.0,-0.030001000000002165
6.0,12.0,23.02,23.040001,22.77,22.879999,76200.0,-0.14000099999999804
6.0,11.0,23.0,23.030001,22.9,23.0,90200.0,0.0
6.0,10.0,22.98,23.08,22.940001,22.99,85900.0,0.00999999999999801
6.0,9.0,22.98,23.0,22.92,22.940001,79300.0,-0.03999900000000167
6.0,6.0,23.030001,23.040001,22.940001,23.040001,48300.0,0.010000000000001563
6.0,5.0,22.950001,23.049999,22.91,22.940001,71400.0,-0.010000000000001563
6.0,4.0,22.889999,22.98,22.889999,22.98,106900.0,0.09000100000000089
6.0,3.0,22.93,22.98,22.879999,22.91,84600.0,-0.019999999999999574
6.0,2.0,22.82,22.93,22.780001,22.92,103700.0,0.10000000000000142
5.0,30.0,22.879999,22.92,22.799999,22.82,92600.0,-0.059999000000001246
5.0,29.0,22.82,22.84,22.76,22.83,92000.0,0.00999999999999801
5.0,28.0,22.610001,22.77,22.559999,22.77,111700.0,0.15999899999999911
5.0,27.0,22.629999,22.709999,22.49,22.540001,85600.0,-0.08999800000000135
5.0,23.0,22.790001,22.799999,22.540001,22.65,66700.0,-0.1400010000000016
5.0,22.0,22.629999,22.690001,22.559999,22.690001,69100.0,0.060001999999997224
5.0,21.0,22.549999,22.709999,22.51,22.549999,79900.0,0.0
5.0,20.0,22.860001,22.860001,22.629999,22.76,49900.0,-0.1000009999999989
5.0,19.0,22.83,22.92,22.76,22.860001,39400.0,0.030001000000002165
5.0,16.0,22.68,23.030001,22.629999,22.780001,94700.0,0.1000009999999989
5.0,15.0,22.690001,22.709999,22.49,22.540001,56200.0,-0.14999999999999858
5.0,14.0,22.52,22.719999,22.52,22.65,63000.0,0.129999999999999
5.0,13.0,22.620001,22.68,22.51,22.6,34900.0,-0.02000099999999705
5.0,12.0,22.59,22.700001,22.59,22.620001,44600.0,0.030000999999998612
5.0,9.0,22.719999,22.77,22.52,22.59,55600.0,-0.12999900000000153
5.0,8.0,22.690001,22.75,22.6,22.73,107900.0,0.03999900000000167
5.0,7.0,22.530001,22.709999,22.51,22.67,74800.0,0.1399990000000031
5.0,6.0,22.59,22.700001,22.440001,22.52,67000.0,-0.07000000000000028
5.0,5.0,22.41,22.629999,22.370001,22.620001,66600.0,0.21000099999999833
5.0,2.0,22.540001,22.540001,22.389999,22.440001,53600.0,-0.10000000000000142
5.0,1.0,22.549999,22.59,22.49,22.549999,55400.0,0.0
4.0,30.0,22.4,22.58,22.35,22.549999,74600.0,0.1499990000000011
4.0,29.0,22.290001,22.4,22.280001,22.379999,54700.0,0.08999800000000135
4.0,28.0,22.299999,22.34,22.209999,22.309999,53200.0,0.010000000000001563
4.0,25.0,22.32,22.34,22.17,22.25,49600.0,-0.07000000000000028
4.0,24.0,22.34,22.43,22.26,22.34,71700.0,0.0
4.0,23.0,22.209999,22.34,22.120001,22.299999,80200.0,0.08999999999999986
4.0,22.0,22.139999,22.24,22.1,22.200001,66700.0,0.06000200000000078
4.0,21.0,22.07,22.15,22.02,22.120001,108900.0,0.050000999999998186
4.0,17.0,21.959999,22.120001,21.940001,22.1,58000.0,0.1400010000000016
4.0,16.0,21.940001,22.0,21.809999,21.969999,52700.0,0.029998000000002634
4.0,15.0,21.870001,21.91,21.68,21.799999,76000.0,-0.07000199999999879
4.0,14.0,21.77,21.9,21.74,21.780001,52000.0,0.010000999999999038
4.0,11.0,21.540001,21.76,21.469999,21.700001,50400.0,0.16000000000000014
4.0,10.0,21.85,21.879999,21.450001,21.559999,128200.0,-0.2900010000000002
4.0,9.0,21.77,21.860001,21.719999,21.84,90000.0,0.07000000000000028
4.0,8.0,21.700001,21.860001,21.68,21.84,68800.0,0.13999899999999954
4.0,7.0,21.870001,21.879999,21.58,21.690001,44600.0,-0.17999999999999972
4.0,4.0,21.99,21.99,21.790001,21.870001,54400.0,-0.11999899999999997
4.0,3.0,21.879999,21.92,21.82,21.889999,41200.0,0.00999999999999801
4.0,2.0,21.709999,21.9,21.68,21.870001,95200.0,0.16000199999999865
4.0,1.0,21.6,21.719999,21.549999,21.709999,69200.0,0.1099989999999984
3.0,31.0,21.51,21.57,21.459999,21.5,86600.0,-0.010000000000001563
3.0,28.0,21.33,21.48,21.309999,21.48,70100.0,0.15000000000000213
3.0,27.0,21.16,21.23,20.99,21.23,119100.0,0.07000000000000028
3.0,26.0,21.1,21.16,21.07,21.1,80800.0,0.0
3.0,25.0,21.049999,21.120001,20.969999,21.120001,128100.0,0.07000199999999879
3.0,24.0,21.34,21.34,20.959999,21.01,195300.0,-0.3299999999999983
3.0,21.0,21.379999,21.469999,21.23,21.23,54400.0,-0.1499990000000011
3.0,20.0,21.379999,21.379999,21.209999,21.32,62000.0,-0.059999000000001246
3.0,19.0,21.57,21.620001,21.309999,21.35,186100.0,-0.21999999999999886
3.0,18.0,21.450001,21.540001,21.43,21.5,76500.0,0.04999899999999968
3.0,17.0,21.35,21.41,21.23,21.370001,121900.0,0.02000099999999705
3.0,14.0,21.059999,21.309999,21.049999,21.200001,57900.0,0.14000199999999907
3.0,13.0,21.280001,21.42,21.09,21.129999,89900.0,-0.15000199999999708
3.0,12.0,21.309999,21.32,21.23,21.27,59300.0,-0.03999900000000167
3.0,11.0,21.58,21.58,21.27,21.309999,115100.0,-0.27000099999999705
3.0,10.0,21.58,21.58,21.4,21.52,81700.0,-0.05999999999999872
3.0,7.0,21.77,21.809999,21.540001,21.549999,79200.0,-0.2200009999999999
3.0,6.0,21.780001,21.870001,21.780001,21.82,39700.0,0.03999900000000167
3.0,5.0,21.66,21.889999,21.66,21.77,60800.0,0.10999999999999943
3.0,4.0,21.700001,21.82,21.639999,21.67,70600.0,-0.030000999999998612
3.0,3.0,21.559999,21.76,21.52,21.67,51100.0,0.11000100000000046
2.0,28.0,21.780001,21.780001,21.540001,21.620001,75300.0,-0.16000000000000014
2.0,27.0,21.629999,21.68,21.57,21.65,65400.0,0.02000099999999705
2.0,26.0,21.440001,21.66,21.32,21.65,111100.0,0.20999899999999982
2.0,25.0,21.450001,21.52,21.25,21.440001,125300.0,-0.010000000000001563
2.0,24.0,21.620001,21.639999,21.389999,21.4,96500.0,-0.2200009999999999
2.0,21.0,21.790001,21.82,21.67,21.74,51500.0,-0.05000100000000174
2.0,20.0,21.709999,21.76,21.65,21.68,105500.0,-0.02999900000000011
2.0,19.0,21.85,21.860001,21.690001,21.700001,96600.0,-0.1499990000000011
2.0,18.0,22.200001,22.200001,22.08,22.139999,88900.0,-0.06000200000000078
2.0,14.0,22.34,22.530001,22.120001,22.15,122200.0,-0.19000000000000128
2.0,13.0,22.26,22.57,22.219999,22.280001,84900.0,0.02000099999999705
2.0,12.0,22.5,22.549999,22.35,22.35,45000.0,-0.14999999999999858
2.0,11.0,22.440001,22.57,22.309999,22.4,60300.0,-0.040001000000000175
2.0,10.0,22.440001,22.440001,22.200001,22.4,62800.0,-0.040001000000000175
2.0,7.0,22.1,22.370001,22.030001,22.34,90600.0,0.23999999999999844
2.0,6.0,22.02,22.040001,21.889999,22.040001,48100.0,0.0200010000000006
2.0,5.0,21.959999,21.959999,21.83,21.91,58500.0,-0.04999899999999968
2.0,4.0,21.940001,21.98,21.82,21.91,67100.0,-0.030000999999998612
2.0,3.0,21.870001,22.02,21.469999,21.969999,193600.0,0.09999800000000292
1.0,31.0,21.75,21.93,21.700001,21.84,47500.0,0.08999999999999986
1.0,30.0,21.59,21.860001,21.59,21.809999,63400.0,0.2199990000000014
1.0,29.0,21.65,21.709999,21.48,21.57,57000.0,-0.0799999999999983
1.0,28.0,21.709999,21.879999,21.690001,21.73,55900.0,0.0200010000000006
1.0,27.0,21.9,21.950001,21.549999,21.709999,121700.0,-0.19000099999999875
1.0,24.0,22.040001,22.040001,21.709999,21.780001,69700.0,-0.26000000000000156
1.0,23.0,21.969999,22.09,21.860001,22.040001,63300.0,0.07000199999999879
1.0,22.0,21.84,22.0,21.76,22.0,68600.0,0.16000000000000014
1.0,21.0,21.85,21.950001,21.690001,21.83,55100.0,-0.020000000000003126
1.0,17.0,21.709999,21.82,21.549999,21.690001,72500.0,-0.01999800000000107
1.0,16.0,21.469999,21.68,21.41,21.68,84000.0,0.21000099999999833
1.0,15.0,21.27,21.450001,21.18,21.450001,68600.0,0.18000100000000074
1.0,14.0,21.33,21.379999,21.26,21.299999,85700.0,-0.030000999999998612
1.0,13.0,21.43,21.620001,21.309999,21.35,72200.0,-0.0799999999999983
1.0,10.0,21.57,21.57,21.309999,21.389999,107600.0,-0.18000100000000074
1.0,9.0,21.309999,21.459999,21.309999,21.43,71700.0,0.12000099999999847
1.0,8.0,21.52,21.52,21.25,21.309999,134300.0,-0.21000099999999833
1.0,7.0,21.48,21.68,21.360001,21.530001,153700.0,0.050000999999998186
1.0,6.0,21.540001,21.65,21.35,21.42,106000.0,-0.12000099999999847
1.0,3.0,21.83,21.860001,21.290001,21.469999,212900.0,-0.3600009999999969
1.0,2.0,22.07,22.15,21.440001,21.639999,129600.0,-0.43000100000000074
12.0,31.0,21.870001,22.08,21.83,22.049999,92200.0,0.1799980000000012
12.0,30.0,22.120001,22.120001,21.799999,21.9,63900.0,-0.2200009999999999
12.0,27.0,21.76,22.02,21.66,22.02,43900.0,0.259999999999998
12.0,26.0,22.0,22.0,21.690001,21.799999,66700.0,-0.20000100000000032
12.0,24.0,21.799999,22.0,21.639999,22.0,65300.0,0.20000100000000032
12.0,23.0,21.620001,21.82,21.450001,21.719999,86800.0,0.09999800000000292
12.0,20.0,21.08,21.379999,21.030001,21.35,156800.0,0.2700000000000031
12.0,19.0,20.93,21.07,20.549999,21.059999,117700.0,0.12999900000000153
12.0,18.0,20.82,21.01,20.719999,20.889999,112000.0,0.06999899999999926
12.0,17.0,20.98,20.98,20.719999,20.91,132500.0,-0.07000000000000028
12.0,16.0,21.0,21.0,20.799999,20.92,50800.0,-0.0799999999999983
12.0,13.0,20.67,20.879999,20.51,20.879999,105800.0,0.20999899999999982
12.0,12.0,20.74,20.790001,20.540001,20.66,88100.0,-0.0799999999999983
12.0,11.0,20.99,21.07,20.6,20.709999,98300.0,-0.2800009999999986
12.0,10.0,20.540001,20.950001,20.51,20.950001,245200.0,0.41000000000000014
12.0,9.0,21.09,21.09,20.48,20.629999,241200.0,-0.46000099999999833
12.0,6.0,21.190001,21.290001,21.0,21.049999,63100.0,-0.14000199999999907
12.0,5.0,21.23,21.290001,21.02,21.139999,70300.0,-0.09000100000000089
12.0,4.0,21.41,21.450001,21.059999,21.33,72800.0,-0.08000000000000185
12.0,3.0,21.629999,21.629999,21.190001,21.43,100200.0,-0.19999900000000181
12.0,2.0,21.950001,21.950001,21.559999,21.58,65900.0,-0.370001000000002
11.0,29.0,21.969999,21.969999,21.799999,21.9,77100.0,-0.06999900000000281
11.0,27.0,21.51,21.690001,21.42,21.690001,102200.0,0.1800009999999972
11.0,26.0,21.26,21.5,21.15,21.450001,138200.0,0.19000099999999875
11.0,25.0,21.379999,21.49,21.16,21.24,171700.0,-0.1399990000000031
11.0,22.0,21.57,21.57,21.26,21.379999,125500.0,-0.19000099999999875
11.0,21.0,21.860001,21.93,21.35,21.440001,327000.0,-0.4200000000000017
11.0,20.0,21.77,22.09,21.709999,21.75,81400.0,-0.019999999999999574
11.0,19.0,22.889999,22.889999,21.969999,22.16,124600.0,-0.7299989999999994
11.0,18.0,22.969999,23.0,22.76,22.83,44600.0,-0.1399990000000031
11.0,15.0,22.99,22.99,22.809999,22.91,65400.0,-0.0799999999999983
11.0,14.0,22.92,22.93,22.719999,22.83,75600.0,-0.09000000000000341
11.0,13.0,22.68,22.879999,22.58,22.73,56800.0,0.05000000000000071
11.0,12.0,22.629999,22.85,22.559999,22.76,50100.0,0.13000100000000003
11.0,11.0,22.639999,22.799999,22.549999,22.75,60100.0,0.11000100000000046
11.0,8.0,22.77,22.799999,22.530001,22.73,47000.0,-0.03999999999999915
11.0,7.0,22.83,22.9,22.620001,22.73,63700.0,-0.09999999999999787
11.0,6.0,22.9,23.040001,22.74,22.860001,86200.0,-0.03999899999999812
11.0,5.0,22.790001,22.92,22.700001,22.91,45700.0,0.11999899999999997
11.0,4.0,22.98,22.99,22.610001,22.85,45500.0,-0.129999999999999
11.0,1.0,22.870001,22.92,22.690001,22.889999,35900.0,0.01999800000000107
10.0,31.0,23.01,23.01,22.530001,22.889999,74300.0,-0.12000100000000202
10.0,30.0,22.700001,22.969999,22.700001,22.969999,89100.0,0.26999800000000107
10.0,29.0,22.540001,22.690001,22.48,22.67,69500.0,0.12999900000000153
10.0,28.0,22.85,22.889999,22.389999,22.530001,52900.0,-0.3199990000000028
10.0,25.0,22.77,22.860001,22.73,22.790001,55400.0,0.0200010000000006
10.0,24.0,22.879999,22.91,22.58,22.66,90300.0,-0.2199990000000014
10.0,23.0,22.49,22.74,22.42,22.74,89900.0,0.25
10.0,22.0,22.5,22.559999,22.290001,22.469999,70500.0,-0.030000999999998612
10.0,21.0,22.190001,22.32,22.049999,22.299999,57900.0,0.10999800000000093
10.0,18.0,22.01,22.129999,21.959999,22.120001,70200.0,0.1100009999999969
10.0,17.0,21.780001,22.01,21.66,22.01,80500.0,0.22999900000000295
10.0,16.0,21.959999,21.959999,21.65,21.82,84400.0,-0.13999899999999954
10.0,15.0,22.059999,22.059999,21.76,21.809999,60300.0,-0.25
10.0,14.0,21.790001,21.99,21.790001,21.98,53400.0,0.18999900000000025
10.0,11.0,21.82,22.0,21.6,21.950001,68100.0,0.13000100000000003
10.0,10.0,21.84,21.879999,21.639999,21.780001,66700.0,-0.059999000000001246
10.0,9.0,21.75,21.75,21.42,21.6,74600.0,-0.14999999999999858
10.0,8.0,21.93,21.93,21.52,21.610001,65700.0,-0.31999899999999926
10.0,7.0,21.9,22.01,21.83,21.879999,56600.0,-0.02000099999999705
10.0,4.0,21.99,22.09,21.879999,22.0,80500.0,0.010000000000001563
10.0,3.0,22.209999,22.209999,21.690001,21.83,69100.0,-0.37999900000000153
10.0,2.0,22.219999,22.219999,21.950001,22.16,47900.0,-0.059999000000001246
10.0,1.0,21.9,22.23,21.790001,22.219999,141600.0,0.3199990000000028
9.0,30.0,21.41,21.82,21.280001,21.82,78600.0,0.41000000000000014
9.0,27.0,21.440001,21.73,21.379999,21.469999,88000.0,0.029998000000002634
9.0,26.0,21.700001,21.950001,21.5,21.540001,162700.0,-0.16000000000000014
9.0,25.0,21.860001,21.879999,21.549999,21.700001,97000.0,-0.16000000000000014
9.0,24.0,21.92,21.98,21.629999,21.85,97000.0,-0.07000000000000028
9.0,23.0,22.139999,22.139999,21.74,21.9,85600.0,-0.23999900000000096
9.0,20.0,22.24,22.24,21.82,22.110001,71800.0,-0.12999899999999798
9.0,19.0,22.07,22.25,21.93,22.190001,90400.0,0.12000099999999847
9.0,18.0,21.370001,22.0,21.219999,21.950001,117500.0,0.5800000000000018
9.0,17.0,21.67,21.719999,21.200001,21.34,96400.0,-0.33000000000000185
9.0,16.0,21.629999,21.83,21.49,21.57,68900.0,-0.059999000000001246
9.0,13.0,21.530001,21.780001,21.379999,21.450001,190000.0,-0.0799999999999983
9.0,12.0,21.879999,22.040001,21.5,21.58,120100.0,-0.29999900000000324
9.0,11.0,22.25,22.25,21.91,21.99,170100.0,-0.26000000000000156
9.0,10.0,22.389999,22.41,22.1,22.219999,69500.0,-0.16999999999999815
9.0,9.0,22.280001,22.450001,22.209999,22.280001,55400.0,0.0
9.0,6.0,22.639999,22.639999,22.200001,22.280001,57200.0,-0.35999800000000093
9.0,5.0,22.35,22.52,22.27,22.309999,99900.0,-0.040001000000000175
9.0,4.0,22.67,22.799999,22.42,22.51,76800.0,-0.16000000000000014
9.0,3.0,23.15,23.290001,22.18,22.799999,81100.0,-0.3500009999999989
8.0,30.0,23.24,23.26,22.860001,22.940001,85500.0,-0.2999989999999997
8.0,29.0,22.860001,22.93,22.74,22.93,58000.0,0.06999899999999926
8.0,28.0,22.780001,22.879999,22.719999,22.84,83300.0,0.059999000000001246
8.0,27.0,22.709999,22.889999,22.440001,22.57,127800.0,-0.13999899999999954
8.0,26.0,23.18,23.549999,22.780001,22.790001,85100.0,-0.38999899999999954
8.0,23.0,23.0,23.190001,22.940001,23.08,52800.0,0.0799999999999983
8.0,22.0,23.27,23.32,22.940001,23.07,104000.0,-0.1999999999999993
8.0,21.0,23.26,23.370001,22.66,22.950001,64000.0,-0.30999900000000125
8.0,20.0,22.92,23.4,22.75,23.25,77100.0,0.3299999999999983
8.0,19.0,23.16,23.370001,22.85,22.940001,72300.0,-0.2199990000000014
8.0,16.0,23.48,23.559999,22.91,23.120001,69800.0,-0.35999900000000196
8.0,15.0,23.700001,23.700001,22.879999,23.24,112300.0,-0.4600010000000019
8.0,14.0,23.34,23.43,23.08,23.23,65300.0,-0.10999999999999943
8.0,13.0,23.879999,23.940001,23.219999,23.360001,99700.0,-0.5199980000000011
8.0,12.0,24.040001,24.190001,23.73,23.889999,55100.0,-0.15000200000000063
8.0,9.0,24.0,24.15,23.77,24.09,49100.0,0.08999999999999986
8.0,8.0,23.700001,23.940001,23.559999,23.93,58700.0,0.2299989999999994
8.0,7.0,23.49,23.639999,23.25,23.629999,85000.0,0.1399990000000031
8.0,6.0,23.629999,23.700001,23.27,23.41,62400.0,-0.2199990000000014
8.0,5.0,23.690001,23.690001,23.290001,23.469999,55700.0,-0.22000199999999737
8.0,2.0,23.77,23.780001,23.33,23.469999,61700.0,-0.3000009999999982
8.0,1.0,23.540001,23.57,23.41,23.5,87800.0,-0.040001000000000175
7.0,31.0,23.790001,23.790001,23.450001,23.5,134000.0,-0.2900010000000002
7.0,30.0,23.530001,23.799999,23.299999,23.690001,79400.0,0.16000000000000014
7.0,29.0,23.540001,23.6,23.25,23.34,16800.0,-0.20000100000000032
7.0,26.0,23.9,23.93,23.42,23.530001,81000.0,-0.36999899999999997
7.0,25.0,23.85,23.940001,23.389999,23.530001,114500.0,-0.3199990000000028
7.0,24.0,23.940001,24.209999,23.629999,23.85,142300.0,-0.09000099999999733
7.0,23.0,23.950001,24.120001,23.83,23.940001,91900.0,-0.010000000000001563
7.0,22.0,24.110001,24.110001,23.75,23.950001,108100.0,-0.16000000000000014
7.0,19.0,23.74,24.209999,23.629999,24.08,114300.0,0.33999999999999986
7.0,18.0,23.98,24.129999,23.610001,23.77,112900.0,-0.21000000000000085
7.0,17.0,24.0,24.219999,23.809999,23.969999,112600.0,-0.030000999999998612
7.0,16.0,24.35,24.35,23.75,23.9,95200.0,-0.45000000000000284
7.0,15.0,24.0,24.35,23.84,24.34,211200.0,0.33999999999999986
7.0,12.0,24.0,24.09,23.780001,24.0,69000.0,0.0
7.0,11.0,24.0,24.200001,23.83,24.0,81500.0,0.0
7.0,10.0,24.110001,24.110001,23.799999,23.950001,117200.0,-0.16000000000000014
7.0,9.0,23.92,24.049999,23.68,23.92,73400.0,0.0
7.0,8.0,23.75,23.870001,23.34,23.639999,82500.0,-0.11000100000000046
7.0,5.0,23.209999,23.6,23.209999,23.6,122100.0,0.3900010000000016
7.0,3.0,23.35,23.49,23.1,23.26,56400.0,-0.08999999999999986
7.0,2.0,24.0,24.389999,23.200001,23.34,284200.0,-0.6600000000000001
7.0,1.0,23.950001,24.42,23.889999,24.0,306000.0,0.04999899999999968
6.0,28.0,22.99,24.790001,22.5,24.059999,701300.0,1.0699990000000028
6.0,27.0,22.799999,22.950001,22.459999,22.84,208900.0,0.040001000000000175
6.0,26.0,22.08,22.68,22.07,22.57,157100.0,0.490000000000002
6.0,25.0,21.629999,21.93,21.57,21.879999,245200.0,0.25
6.0,24.0,21.719999,21.790001,20.809999,21.43,222200.0,-0.28999900000000167
6.0,21.0,22.43,22.58,21.559999,21.950001,217400.0,-0.4799989999999994
6.0,20.0,22.690001,22.690001,21.68,22.209999,165100.0,-0.48000199999999893
6.0,19.0,23.299999,23.299999,22.66,22.84,133100.0,-0.4599989999999998
6.0,18.0,22.76,23.02,22.6,23.02,122200.0,0.259999999999998
6.0,17.0,22.67,22.73,22.290001,22.68,137500.0,0.00999999999999801
6.0,14.0,22.49,22.540001,22.27,22.42,123400.0,-0.06999999999999673
6.0,13.0,22.18,22.48,21.66,22.440001,255500.0,0.26000099999999904
6.0,12.0,22.58,22.58,21.93,22.16,178400.0,-0.41999999999999815
6.0,11.0,22.309999,22.469999,22.110001,22.33,152900.0,0.02000099999999705
6.0,10.0,22.59,22.59,21.969999,22.379999,158600.0,-0.21000099999999833
6.0,7.0,21.77,22.48,21.77,22.469999,157000.0,0.6999990000000018
6.0,6.0,21.48,21.809999,20.870001,21.780001,318300.0,0.3000009999999982
6.0,5.0,22.07,22.07,21.200001,21.379999,273700.0,-0.6900009999999988
6.0,4.0,22.34,22.49,21.889999,21.959999,202900.0,-0.38000100000000003
6.0,3.0,23.209999,23.25,21.92,22.24,241000.0,-0.9699990000000014
5.0,31.0,23.549999,23.700001,22.93,23.049999,125100.0,-0.5
5.0,30.0,23.66,23.799999,23.059999,23.24,162900.0,-0.4200000000000017
5.0,29.0,24.49,24.52,22.99,23.469999,270800.0,-1.020000999999997
5.0,28.0,24.5,24.5,24.07,24.360001,112300.0,-0.13999899999999954
5.0,24.0,23.99,24.389999,23.83,24.32,98500.0,0.33000000000000185
5.0,23.0,24.23,24.35,23.610001,23.959999,167800.0,-0.2700010000000006
5.0,22.0,24.709999,25.0,24.209999,24.32,55200.0,-0.38999899999999954
5.0,21.0,24.549999,24.91,24.35,24.68,171000.0,0.13000100000000003
5.0,20.0,24.450001,25.129999,24.450001,24.700001,184400.0,0.25
5.0,17.0,24.879999,24.879999,24.15,24.5,155700.0,-0.37999900000000153
5.0,16.0,24.15,24.42,23.950001,24.389999,179700.0,0.23999900000000096
5.0,15.0,23.83,23.98,23.5,23.969999,161600.0,0.1399990000000031
5.0,14.0,23.809999,23.91,23.4,23.700001,154000.0,-0.10999800000000093
5.0,13.0,23.84,23.889999,23.540001,23.66,139100.0,-0.17999999999999972
5.0,10.0,23.360001,23.75,23.360001,23.65,127900.0,0.2899989999999981
5.0,9.0,23.370001,23.559999,23.26,23.49,133700.0,0.11999899999999997
5.0,8.0,23.440001,23.559999,23.059999,23.299999,143100.0,-0.14000199999999907
5.0,7.0,23.16,23.440001,23.049999,23.41,106600.0,0.25
5.0,6.0,23.34,23.34,22.959999,23.17,96000.0,-0.16999999999999815
5.0,3.0,23.299999,23.530001,22.76,23.17,139000.0,-0.12999899999999798
5.0,2.0,23.469999,23.950001,23.02,23.18,148600.0,-0.28999900000000167
5.0,1.0,23.33,23.48,23.15,23.48,136100.0,0.15000000000000213
4.0,30.0,23.49,23.610001,22.84,23.23,255600.0,-0.259999999999998
4.0,29.0,23.120001,23.4,22.959999,23.379999,101500.0,0.25999800000000306
4.0,26.0,22.66,23.059999,22.66,23.049999,130800.0,0.38999899999999954
4.0,25.0,23.09,23.09,22.549999,22.67,213100.0,-0.41999999999999815
4.0,24.0,22.809999,22.879999,22.66,22.879999,216000.0,0.07000000000000028
4.0,23.0,23.129999,23.299999,22.66,22.91,220500.0,-0.2199990000000014
4.0,22.0,23.290001,23.35,22.9,23.15,154400.0,-0.1400010000000016
4.0,19.0,23.219999,23.299999,22.98,23.209999,137900.0,-0.010000000000001563
4.0,18.0,23.290001,23.33,22.799999,23.040001,163500.0,-0.25
4.0,17.0,23.059999,23.07,22.65,22.959999,158800.0,-0.10000000000000142
4.0,16.0,23.08,23.139999,22.860001,23.09,149800.0,0.010000000000001563
4.0,15.0,22.98,22.99,22.51,22.73,121600.0,-0.25
4.0,12.0,23.219999,23.27,22.84,22.99,161500.0,-0.22999900000000295
4.0,11.0,22.860001,23.16,22.82,23.16,137800.0,0.2999989999999997
4.0,10.0,22.93,23.120001,22.629999,23.110001,202900.0,0.18000100000000074
4.0,9.0,22.67,22.719999,22.48,22.719999,164200.0,0.04999899999999968
4.0,8.0,22.540001,22.93,22.530001,22.6,150300.0,0.059999000000001246
4.0,5.0,21.969999,22.559999,21.780001,22.559999,125500.0,0.5899999999999999
4.0,4.0,22.290001,22.290001,21.780001,22.110001,123100.0,-0.17999999999999972
4.0,3.0,22.67,22.67,21.790001,22.24,149100.0,-0.43000000000000327
4.0,2.0,22.75,22.75,22.389999,22.530001,145300.0,-0.2199990000000014
4.0,1.0,22.5,22.68,22.290001,22.68,151900.0,0.17999999999999972
3.0,28.0,22.219999,22.370001,22.01,22.370001,154700.0,0.15000199999999708
3.0,27.0,21.83,22.1,21.700001,22.049999,179200.0,0.2199990000000014
3.0,26.0,21.6,21.940001,21.6,21.940001,178900.0,0.34000099999999733
3.0,25.0,21.75,21.889999,21.41,21.58,252100.0,-0.1700000000000017
3.0,22.0,21.59,21.77,21.5,21.639999,241300.0,0.04999899999999968
3.0,21.0,21.440001,21.59,21.35,21.49,228800.0,0.04999899999999968
3.0,20.0,21.32,21.440001,21.27,21.370001,225900.0,0.050000999999998186
3.0,19.0,21.459999,21.540001,21.27,21.299999,149800.0,-0.16000000000000014
3.0,18.0,21.26,21.49,21.26,21.49,197700.0,0.22999999999999687
3.0,15.0,21.66,21.719999,21.379999,21.43,173600.0,-0.23000000000000043
3.0,14.0,21.780001,21.780001,21.51,21.59,154800.0,-0.19000099999999875
3.0,13.0,21.790001,21.790001,21.530001,21.639999,134400.0,-0.15000200000000063
3.0,12.0,21.85,22.0,21.52,21.74,159400.0,-0.11000000000000298
3.0,11.0,21.82,21.92,21.52,21.74,154900.0,-0.08000000000000185
3.0,8.0,21.799999,21.889999,21.65,21.719999,156300.0,-0.0799999999999983
3.0,7.0,21.5,21.709999,21.440001,21.709999,225900.0,0.20999899999999982
3.0,6.0,21.84,21.84,21.26,21.59,231800.0,-0.25
3.0,5.0,21.370001,21.780001,21.299999,21.639999,206400.0,0.26999800000000107
3.0,4.0,21.5,21.59,21.209999,21.41,218000.0,-0.08999999999999986
3.0,1.0,21.5,21.67,21.389999,21.48,219700.0,-0.019999999999999574
2.0,28.0,21.5,21.68,21.440001,21.450001,312700.0,-0.04999899999999968
2.0,27.0,21.389999,21.5,21.16,21.48,265600.0,0.09000100000000089
2.0,26.0,21.08,21.209999,20.889999,21.17,172000.0,0.09000000000000341
2.0,25.0,21.27,21.27,20.84,20.860001,200800.0,-0.4099989999999991
2.0,22.0,20.73,20.98,20.700001,20.82,172500.0,0.08999999999999986
2.0,21.0,20.76,20.799999,20.440001,20.66,290400.0,-0.10000000000000142
2.0,20.0,21.309999,21.41,20.879999,20.879999,212900.0,-0.4299999999999997
2.0,19.0,21.299999,21.450001,21.139999,21.219999,193200.0,-0.0799999999999983
2.0,15.0,21.4,21.49,21.139999,21.190001,140200.0,-0.20999899999999982
2.0,14.0,21.17,21.440001,21.17,21.34,170300.0,0.16999999999999815
2.0,13.0,21.639999,21.639999,21.26,21.280001,166400.0,-0.35999800000000093
2.0,12.0,21.5,21.690001,21.370001,21.690001,205400.0,0.19000099999999875
2.0,11.0,21.26,21.5,21.209999,21.450001,135500.0,0.19000099999999875
2.0,8.0,21.299999,21.389999,21.17,21.360001,138200.0,0.06000200000000078
2.0,7.0,21.51,21.780001,21.26,21.32,206300.0,-0.19000000000000128
2.0,6.0,21.34,21.690001,21.23,21.530001,200600.0,0.19000099999999875
2.0,5.0,21.139999,21.299999,21.049999,21.219999,152900.0,0.08000000000000185
2.0,4.0,21.030001,21.200001,20.950001,20.950001,144700.0,-0.0799999999999983
2.0,1.0,21.299999,21.370001,21.110001,21.25,146700.0,-0.04999899999999968
1.0,31.0,21.219999,21.299999,21.01,21.190001,146800.0,-0.029998000000002634
1.0,30.0,21.35,21.35,21.0,21.07,262700.0,-0.28000000000000114
1.0,29.0,20.51,21.23,20.51,21.1,355700.0,0.5899999999999999
1.0,28.0,20.43,20.65,20.43,20.65,118300.0,0.21999999999999886
1.0,25.0,20.51,20.639999,20.469999,20.549999,131100.0,0.03999899999999812
1.0,24.0,20.73,20.82,20.5,20.559999,199000.0,-0.17000099999999918
1.0,23.0,20.690001,20.9,20.52,20.639999,229900.0,-0.050001999999999214
1.0,22.0,20.6,20.799999,20.51,20.709999,193300.0,0.1099989999999984
1.0,18.0,20.57,20.709999,20.389999,20.530001,111300.0,-0.03999900000000167
1.0,17.0,20.57,20.66,20.48,20.629999,140200.0,0.059999000000001246
1.0,16.0,20.780001,20.790001,20.450001,20.559999,113100.0,-0.22000199999999737
1.0,15.0,20.309999,20.6,20.309999,20.559999,135300.0,0.25
1.0,14.0,20.540001,20.799999,20.35,20.5,73600.0,-0.040001000000000175
1.0,11.0,20.4,20.549999,20.35,20.530001,105900.0,0.13000100000000003
1.0,10.0,20.450001,20.559999,20.32,20.5,113400.0,0.04999899999999968
1.0,9.0,20.440001,20.49,20.34,20.4,105600.0,-0.040001000000000175
1.0,8.0,20.129999,20.440001,20.129999,20.35,122300.0,0.2200009999999999
1.0,7.0,20.15,20.25,19.9,20.25,126300.0,0.10000000000000142
1.0,4.0,19.85,20.33,19.68,20.139999,184100.0,0.2899989999999981
1.0,3.0,19.92,20.190001,19.57,19.66,201500.0,-0.26000000000000156
1.0,2.0,19.190001,19.950001,19.190001,19.879999,153700.0,0.6899980000000028
12.0,31.0,18.83,19.190001,18.83,19.040001,104600.0,0.21000100000000188
12.0,28.0,18.959999,19.200001,18.809999,18.93,115200.0,-0.02999900000000011
12.0,27.0,19.16,19.4,18.809999,19.0,191900.0,-0.16000000000000014
12.0,26.0,19.200001,19.290001,18.91,19.200001,195600.0,0.0
12.0,24.0,18.969999,19.49,18.969999,19.299999,59100.0,0.3299999999999983
12.0,21.0,18.9,19.15,18.76,19.059999,147300.0,0.15999900000000267
12.0,20.0,19.049999,19.309999,18.83,18.85,157400.0,-0.19999899999999826
12.0,19.0,19.25,19.469999,18.860001,18.9,541900.0,-0.3500000000000014
12.0,18.0,19.75,19.950001,19.15,19.15,144800.0,-0.6000000000000014
12.0,17.0,19.42,19.549999,18.969999,19.219999,138300.0,-0.20000100000000032
12.0,14.0,19.700001,19.77,19.360001,19.370001,88400.0,-0.33000000000000185
12.0,13.0,19.700001,19.950001,19.43,19.67,109000.0,-0.030000999999998612
12.0,12.0,20.09,20.129999,19.700001,19.83,104100.0,-0.26000000000000156
12.0,11.0,19.879999,19.969999,19.65,19.950001,55700.0,0.07000199999999879
12.0,10.0,19.65,19.969999,19.639999,19.73,82500.0,0.08000000000000185
12.0,7.0,19.73,19.809999,19.549999,19.719999,66100.0,-0.010000999999999038
12.0,6.0,19.73,19.77,19.450001,19.66,80500.0,-0.07000000000000028
12.0,5.0,19.549999,19.719999,19.5,19.610001,97700.0,0.06000200000000078
12.0,4.0,19.43,19.620001,19.299999,19.620001,86600.0,0.19000099999999875
12.0,3.0,19.799999,20.0,19.440001,19.51,100100.0,-0.2899989999999981
11.0,30.0,19.700001,19.870001,19.52,19.82,147500.0,0.11999899999999997
11.0,29.0,19.42,19.559999,19.309999,19.4,112800.0,-0.020000000000003126
11.0,28.0,18.959999,19.549999,18.92,19.209999,153900.0,0.25
11.0,27.0,18.76,19.040001,18.74,18.959999,277400.0,0.19999899999999826
11.0,26.0,19.16,19.16,18.75,18.82,118100.0,-0.33999999999999986
11.0,23.0,19.25,19.25,18.93,19.049999,80200.0,-0.20000100000000032
11.0,21.0,19.120001,19.190001,18.9,19.049999,106900.0,-0.07000199999999879
11.0,20.0,19.200001,19.200001,18.879999,19.02,138800.0,-0.18000100000000074
11.0,19.0,19.25,19.43,19.049999,19.200001,177900.0,-0.04999899999999968
11.0,16.0,18.940001,19.17,18.799999,18.950001,141200.0,0.010000000000001563
11.0,15.0,19.4,19.559999,18.530001,19.02,155000.0,-0.379999999999999
11.0,14.0,19.940001,19.98,19.16,19.33,128900.0,-0.6100010000000005
11.0,13.0,20.0,20.120001,19.68,20.049999,166600.0,0.04999899999999968
11.0,12.0,20.08,20.389999,20.01,20.030001,103000.0,-0.04999899999999968
11.0,9.0,20.08,20.23,20.059999,20.07,76300.0,-0.00999999999999801
11.0,8.0,20.280001,20.43,20.09,20.16,111900.0,-0.12000099999999847
11.0,7.0,20.26,20.5,20.040001,20.299999,112700.0,0.03999899999999812
11.0,6.0,20.209999,20.4,20.209999,20.309999,102400.0,0.10000000000000142
11.0,5.0,20.379999,20.379999,20.200001,20.27,72500.0,-0.10999900000000196
11.0,2.0,20.43,20.469999,20.290001,20.370001,72600.0,-0.059999000000001246
11.0,1.0,20.41,20.76,20.290001,20.35,95600.0,-0.05999999999999872
10.0,31.0,20.25,20.75,20.23,20.309999,108700.0,0.059999000000001246
10.0,26.0,20.200001,20.389999,20.110001,20.24,85800.0,0.03999899999999812
10.0,25.0,20.34,20.370001,20.08,20.15,128600.0,-0.19000000000000128
10.0,24.0,20.379999,20.459999,20.190001,20.25,145000.0,-0.12999900000000153
10.0,23.0,20.48,20.57,20.360001,20.379999,88800.0,-0.1000009999999989
10.0,22.0,20.74,20.76,20.450001,20.58,101000.0,-0.16000000000000014
10.0,19.0,20.58,20.799999,20.42,20.690001,114400.0,0.11000100000000046
10.0,18.0,20.74,20.790001,20.440001,20.540001,156500.0,-0.19999899999999826
10.0,17.0,20.49,20.889999,20.440001,20.639999,101500.0,0.1499990000000011
10.0,16.0,20.6,20.75,20.5,20.530001,117500.0,-0.06999900000000281
10.0,15.0,20.709999,20.75,20.42,20.719999,89300.0,0.010000000000001563
10.0,12.0,20.610001,20.75,20.43,20.709999,99400.0,0.09999799999999937
10.0,11.0,20.690001,20.75,20.459999,20.65,77700.0,-0.040001000000000175
10.0,10.0,20.65,20.75,20.290001,20.6,95700.0,-0.04999999999999716
10.0,9.0,20.59,20.75,20.530001,20.540001,160600.0,-0.04999899999999968
10.0,8.0,20.27,20.700001,20.27,20.65,145700.0,0.379999999999999
10.0,5.0,20.360001,20.51,20.15,20.360001,166000.0,0.0
10.0,4.0,20.27,20.469999,20.23,20.35,146400.0,0.08000000000000185
10.0,3.0,20.370001,20.4,20.16,20.35,112300.0,-0.02000099999999705
10.0,2.0,20.34,20.4,20.17,20.34,118800.0,0.0
10.0,1.0,20.24,20.549999,20.16,20.4,178000.0,0.16000000000000014
9.0,28.0,20.049999,20.219999,20.01,20.16,82300.0,0.11000100000000046
9.0,27.0,20.190001,20.24,20.01,20.120001,97000.0,-0.07000000000000028
9.0,26.0,19.950001,20.26,19.879999,20.110001,140100.0,0.16000000000000014
9.0,25.0,20.02,20.309999,19.940001,20.02,163400.0,0.0
9.0,24.0,20.1,20.18,20.0,20.01,130100.0,-0.08999999999999986
9.0,21.0,20.190001,20.27,20.08,20.08,82000.0,-0.11000100000000046
9.0,20.0,20.25,20.4,20.08,20.1,107900.0,-0.14999999999999858
9.0,19.0,20.1,20.27,20.07,20.25,110600.0,0.14999999999999858
9.0,18.0,20.18,20.200001,20.08,20.16,74500.0,-0.019999999999999574
9.0,17.0,20.129999,20.15,20.049999,20.08,45100.0,-0.049999000000003235
9.0,14.0,20.120001,20.190001,20.059999,20.17,49200.0,0.049999000000003235
9.0,13.0,20.18,20.25,20.0,20.049999,82300.0,-0.13000100000000003
9.0,12.0,20.200001,20.25,20.059999,20.190001,86100.0,-0.010000000000001563
9.0,11.0,20.15,20.200001,20.07,20.190001,77600.0,0.040001000000000175
9.0,10.0,20.27,20.27,20.049999,20.23,114800.0,-0.03999999999999915
9.0,7.0,20.16,20.27,20.07,20.23,65700.0,0.07000000000000028
9.0,6.0,20.1,20.200001,20.040001,20.059999,60800.0,-0.040001000000000175
9.0,5.0,20.08,20.25,20.059999,20.15,68900.0,0.07000000000000028
9.0,4.0,20.059999,20.25,20.02,20.02,86700.0,-0.03999900000000167
8.0,31.0,20.120001,20.120001,20.0,20.059999,51400.0,-0.060001999999997224
8.0,30.0,20.040001,20.190001,19.98,20.120001,94400.0,0.0799999999999983
8.0,29.0,20.049999,20.16,19.9,20.09,95400.0,0.040001000000000175
8.0,28.0,20.0,20.1,19.9,19.950001,75400.0,-0.04999899999999968
8.0,27.0,20.059999,20.18,20.0,20.1,63900.0,0.040001000000000175
8.0,24.0,20.34,20.34,20.0,20.08,91600.0,-0.26000000000000156
8.0,23.0,20.0,20.35,19.950001,20.190001,106200.0,0.19000099999999875
8.0,22.0,20.129999,20.200001,19.950001,19.950001,111700.0,-0.1799980000000012
8.0,21.0,20.219999,20.25,20.049999,20.08,87700.0,-0.1399990000000031
8.0,20.0,20.110001,20.280001,20.030001,20.190001,44200.0,0.0799999999999983
8.0,17.0,20.1,20.299999,19.969999,20.209999,60300.0,0.1099989999999984
8.0,16.0,20.299999,20.299999,19.950001,20.139999,109200.0,-0.16000000000000014
8.0,15.0,20.17,20.280001,20.049999,20.24,125100.0,0.06999999999999673
8.0,14.0,20.4,20.4,20.01,20.18,108800.0,-0.21999999999999886
8.0,13.0,20.4,20.459999,20.040001,20.379999,82900.0,-0.02000099999999705
8.0,10.0,20.309999,20.48,20.209999,20.33,83600.0,0.02000099999999705
8.0,9.0,20.450001,20.5,20.299999,20.41,54300.0,-0.040001000000000175
8.0,8.0,20.57,20.57,20.25,20.360001,68200.0,-0.20999899999999982
8.0,7.0,20.41,20.65,20.110001,20.6,126100.0,0.19000000000000128
8.0,6.0,20.16,20.33,20.1,20.25,92500.0,0.08999999999999986
8.0,3.0,20.07,20.25,20.02,20.040001,67600.0,-0.02999900000000011
