9.0,25.0,0.45,0.45,0.45,0.45,0.0,0.0
9.0,24.0,0.45,0.45,0.45,0.45,0.0,0.0
9.0,23.0,0.45,0.45,0.45,0.45,0.0,0.0
9.0,22.0,0.45,0.45,0.45,0.45,0.0,0.0
9.0,21.0,0.45,0.45,0.45,0.45,0.0,0.0
9.0,18.0,0.45,0.45,0.45,0.45,0.0,0.0
9.0,17.0,0.45,0.45,0.45,0.45,0.0,0.0
9.0,16.0,0.45,0.45,0.45,0.45,0.0,0.0
9.0,15.0,0.45,0.45,0.45,0.45,0.0,0.0
9.0,14.0,0.45,0.45,0.45,0.45,0.0,0.0
9.0,11.0,0.45,0.45,0.45,0.45,0.0,0.0
9.0,10.0,0.45,0.45,0.45,0.45,0.0,0.0
9.0,9.0,0.45,0.45,0.45,0.45,0.0,0.0
9.0,8.0,0.45,0.45,0.45,0.45,0.0,0.0
9.0,4.0,0.45,0.45,0.45,0.45,0.0,0.0
9.0,3.0,0.45,0.45,0.45,0.45,0.0,0.0
9.0,2.0,0.45,0.45,0.45,0.45,0.0,0.0
9.0,1.0,0.45,0.45,0.45,0.45,0.0,0.0
8.0,31.0,0.45,0.45,0.45,0.45,0.0,0.0
8.0,28.0,0.45,0.45,0.45,0.45,0.0,0.0
8.0,27.0,0.45,0.45,0.45,0.45,0.0,0.0
8.0,26.0,0.45,0.45,0.45,0.45,0.0,0.0
8.0,25.0,0.45,0.45,0.45,0.45,0.0,0.0
8.0,24.0,0.45,0.45,0.45,0.45,0.0,0.0
8.0,21.0,0.45,0.45,0.45,0.45,0.0,0.0
8.0,20.0,0.45,0.45,0.45,0.45,0.0,0.0
8.0,19.0,0.45,0.45,0.45,0.45,0.0,0.0
8.0,18.0,0.45,0.45,0.45,0.45,0.0,0.0
8.0,17.0,0.45,0.45,0.45,0.45,0.0,0.0
8.0,14.0,0.45,0.45,0.45,0.45,0.0,0.0
8.0,13.0,0.45,0.45,0.45,0.45,0.0,0.0
8.0,12.0,0.45,0.45,0.45,0.45,0.0,0.0
8.0,11.0,0.45,0.45,0.45,0.45,0.0,0.0
8.0,10.0,0.45,0.45,0.45,0.45,0.0,0.0
8.0,7.0,0.45,0.45,0.45,0.45,0.0,0.0
8.0,6.0,0.45,0.45,0.45,0.45,0.0,0.0
8.0,5.0,0.45,0.45,0.45,0.45,0.0,0.0
8.0,4.0,0.45,0.45,0.45,0.45,0.0,0.0
8.0,3.0,0.45,0.45,0.45,0.45,0.0,0.0
7.0,31.0,0.45,0.45,0.45,0.45,0.0,0.0
7.0,30.0,0.45,0.45,0.45,0.45,0.0,0.0
7.0,29.0,0.45,0.45,0.45,0.45,0.0,0.0
7.0,28.0,0.45,0.45,0.45,0.45,0.0,0.0
7.0,27.0,0.45,0.45,0.45,0.45,0.0,0.0
7.0,24.0,0.45,0.45,0.45,0.45,0.0,0.0
7.0,23.0,0.45,0.45,0.45,0.45,0.0,0.0
7.0,22.0,0.45,0.45,0.45,0.45,0.0,0.0
7.0,21.0,0.45,0.45,0.45,0.45,0.0,0.0
7.0,20.0,0.45,0.45,0.45,0.45,0.0,0.0
7.0,17.0,0.45,0.45,0.45,0.45,0.0,0.0
7.0,16.0,0.45,0.45,0.45,0.45,0.0,0.0
7.0,15.0,0.45,0.45,0.45,0.45,0.0,0.0
7.0,14.0,0.45,0.45,0.45,0.45,0.0,0.0
7.0,13.0,0.45,0.45,0.45,0.45,0.0,0.0
7.0,10.0,0.45,0.45,0.45,0.45,0.0,0.0
7.0,9.0,0.45,0.45,0.45,0.45,0.0,0.0
7.0,8.0,0.45,0.45,0.45,0.45,0.0,0.0
7.0,7.0,0.45,0.45,0.45,0.45,0.0,0.0
7.0,6.0,0.45,0.45,0.45,0.45,0.0,0.0
7.0,2.0,0.45,0.45,0.45,0.45,0.0,0.0
7.0,1.0,0.45,0.45,0.45,0.45,0.0,0.0
6.0,30.0,0.45,0.45,0.45,0.45,0.0,0.0
6.0,29.0,0.45,0.45,0.45,0.45,0.0,0.0
6.0,26.0,0.45,0.45,0.45,0.45,0.0,0.0
6.0,25.0,0.45,0.45,0.45,0.45,0.0,0.0
6.0,24.0,0.45,0.45,0.45,0.45,0.0,0.0
6.0,23.0,0.45,0.45,0.45,0.45,0.0,0.0
6.0,22.0,0.45,0.45,0.45,0.45,0.0,0.0
6.0,19.0,0.45,0.45,0.45,0.45,0.0,0.0
6.0,18.0,0.45,0.45,0.45,0.45,0.0,0.0
6.0,17.0,0.45,0.45,0.45,0.45,0.0,0.0
6.0,16.0,0.45,0.45,0.45,0.45,0.0,0.0
6.0,15.0,0.45,0.45,0.45,0.45,0.0,0.0
6.0,12.0,0.45,0.45,0.45,0.45,0.0,0.0
6.0,11.0,0.45,0.45,0.45,0.45,0.0,0.0
6.0,10.0,0.45,0.45,0.45,0.45,0.0,0.0
6.0,9.0,0.45,0.45,0.45,0.45,0.0,0.0
6.0,8.0,0.45,0.45,0.45,0.45,0.0,0.0
6.0,5.0,0.45,0.45,0.45,0.45,0.0,0.0
6.0,4.0,0.45,0.45,0.45,0.45,0.0,0.0
6.0,3.0,0.45,0.45,0.45,0.45,0.0,0.0
6.0,2.0,0.45,0.45,0.45,0.45,0.0,0.0
6.0,1.0,0.45,0.45,0.45,0.45,0.0,0.0
5.0,29.0,0.45,0.45,0.45,0.45,0.0,0.0
5.0,28.0,0.45,0.45,0.45,0.45,7000.0,0.0
5.0,27.0,0.38,0.38,0.38,0.38,0.0,0.0
5.0,26.0,0.38,0.38,0.38,0.38,0.0,0.0
5.0,22.0,0.38,0.38,0.38,0.38,0.0,0.0
5.0,21.0,0.38,0.38,0.38,0.38,0.0,0.0
5.0,20.0,0.38,0.38,0.38,0.38,0.0,0.0
5.0,19.0,0.38,0.38,0.38,0.38,0.0,0.0
5.0,18.0,0.38,0.38,0.38,0.38,1000.0,0.0
5.0,15.0,0.42,0.42,0.42,0.42,0.0,0.0
5.0,14.0,0.42,0.42,0.42,0.42,0.0,0.0
5.0,13.0,0.42,0.42,0.42,0.42,0.0,0.0
5.0,12.0,0.42,0.42,0.42,0.42,0.0,0.0
5.0,11.0,0.42,0.42,0.42,0.42,0.0,0.0
5.0,8.0,0.42,0.42,0.42,0.42,0.0,0.0
5.0,7.0,0.42,0.42,0.42,0.42,0.0,0.0
5.0,6.0,0.42,0.42,0.42,0.42,0.0,0.0
5.0,5.0,0.42,0.42,0.42,0.42,0.0,0.0
5.0,4.0,0.42,0.42,0.42,0.42,0.0,0.0
5.0,1.0,0.42,0.42,0.42,0.42,0.0,0.0
4.0,30.0,0.42,0.42,0.42,0.42,0.0,0.0
4.0,29.0,0.42,0.42,0.42,0.42,0.0,0.0
4.0,28.0,0.42,0.42,0.42,0.42,0.0,0.0
4.0,27.0,0.42,0.42,0.42,0.42,0.0,0.0
4.0,24.0,0.42,0.42,0.42,0.42,0.0,0.0
4.0,23.0,0.42,0.42,0.42,0.42,0.0,0.0
4.0,22.0,0.42,0.42,0.42,0.42,0.0,0.0
4.0,21.0,0.42,0.42,0.42,0.42,0.0,0.0
4.0,20.0,0.42,0.42,0.42,0.42,0.0,0.0
4.0,17.0,0.42,0.42,0.42,0.42,0.0,0.0
4.0,16.0,0.42,0.42,0.42,0.42,0.0,0.0
4.0,15.0,0.42,0.42,0.42,0.42,0.0,0.0
4.0,14.0,0.42,0.42,0.42,0.42,0.0,0.0
4.0,13.0,0.42,0.42,0.42,0.42,0.0,0.0
4.0,10.0,0.42,0.42,0.42,0.42,0.0,0.0
4.0,9.0,0.42,0.42,0.42,0.42,2000.0,0.0
4.0,8.0,0.31,0.31,0.31,0.31,0.0,0.0
4.0,7.0,0.31,0.31,0.31,0.31,0.0,0.0
4.0,6.0,0.31,0.31,0.31,0.31,0.0,0.0
4.0,2.0,0.31,0.31,0.31,0.31,0.0,0.0
4.0,1.0,0.31,0.31,0.31,0.31,0.0,0.0
3.0,31.0,0.31,0.31,0.31,0.31,0.0,0.0
3.0,30.0,0.31,0.31,0.31,0.31,0.0,0.0
3.0,27.0,0.31,0.31,0.31,0.31,0.0,0.0
3.0,26.0,0.31,0.31,0.31,0.31,0.0,0.0
3.0,25.0,0.31,0.31,0.31,0.31,0.0,0.0
3.0,24.0,0.31,0.31,0.31,0.31,0.0,0.0
3.0,23.0,0.31,0.31,0.31,0.31,0.0,0.0
3.0,20.0,0.31,0.31,0.31,0.31,0.0,0.0
3.0,19.0,0.31,0.31,0.31,0.31,300.0,0.0
3.0,18.0,0.42,0.42,0.42,0.42,0.0,0.0
3.0,17.0,0.42,0.42,0.42,0.42,0.0,0.0
3.0,16.0,0.42,0.42,0.42,0.42,0.0,0.0
3.0,13.0,0.42,0.42,0.42,0.42,0.0,0.0
3.0,12.0,0.42,0.42,0.42,0.42,0.0,0.0
3.0,11.0,0.42,0.42,0.42,0.42,0.0,0.0
3.0,10.0,0.42,0.42,0.42,0.42,0.0,0.0
3.0,9.0,0.42,0.42,0.42,0.42,0.0,0.0
3.0,6.0,0.42,0.42,0.42,0.42,0.0,0.0
3.0,5.0,0.42,0.42,0.42,0.42,0.0,0.0
3.0,4.0,0.42,0.42,0.42,0.42,0.0,0.0
3.0,3.0,0.42,0.42,0.42,0.42,0.0,0.0
3.0,2.0,0.42,0.42,0.42,0.42,0.0,0.0
2.0,27.0,0.42,0.42,0.42,0.42,0.0,0.0
2.0,26.0,0.42,0.42,0.42,0.42,0.0,0.0
2.0,25.0,0.42,0.42,0.42,0.42,0.0,0.0
2.0,24.0,0.42,0.42,0.42,0.42,0.0,0.0
2.0,23.0,0.42,0.42,0.42,0.42,0.0,0.0
2.0,20.0,0.42,0.42,0.42,0.42,0.0,0.0
2.0,19.0,0.42,0.42,0.42,0.42,0.0,0.0
2.0,18.0,0.42,0.42,0.42,0.42,0.0,0.0
2.0,17.0,0.42,0.42,0.42,0.42,0.0,0.0
2.0,13.0,0.42,0.42,0.42,0.42,0.0,0.0
2.0,12.0,0.42,0.42,0.42,0.42,0.0,0.0
2.0,11.0,0.42,0.42,0.42,0.42,0.0,0.0
2.0,10.0,0.42,0.42,0.42,0.42,0.0,0.0
2.0,9.0,0.42,0.42,0.42,0.42,0.0,0.0
2.0,6.0,0.42,0.42,0.42,0.42,0.0,0.0
2.0,5.0,0.42,0.42,0.42,0.42,0.0,0.0
2.0,4.0,0.42,0.42,0.42,0.42,0.0,0.0
2.0,3.0,0.42,0.42,0.42,0.42,0.0,0.0
2.0,2.0,0.42,0.42,0.42,0.42,0.0,0.0
1.0,30.0,0.42,0.42,0.42,0.42,0.0,0.0
1.0,29.0,0.42,0.42,0.42,0.42,0.0,0.0
1.0,28.0,0.42,0.42,0.42,0.42,0.0,0.0
1.0,27.0,0.42,0.42,0.42,0.42,0.0,0.0
1.0,26.0,0.42,0.42,0.42,0.42,0.0,0.0
1.0,23.0,0.42,0.42,0.42,0.42,0.0,0.0
1.0,22.0,0.42,0.42,0.42,0.42,0.0,0.0
1.0,21.0,0.42,0.42,0.42,0.42,0.0,0.0
1.0,20.0,0.42,0.42,0.42,0.42,0.0,0.0
1.0,16.0,0.42,0.42,0.42,0.42,0.0,0.0
1.0,15.0,0.42,0.42,0.42,0.42,0.0,0.0
1.0,14.0,0.42,0.42,0.42,0.42,0.0,0.0
1.0,13.0,0.42,0.42,0.42,0.42,0.0,0.0
1.0,12.0,0.42,0.42,0.42,0.42,0.0,0.0
1.0,9.0,0.42,0.42,0.42,0.42,0.0,0.0
1.0,8.0,0.42,0.42,0.42,0.42,0.0,0.0
1.0,7.0,0.42,0.42,0.42,0.42,0.0,0.0
1.0,6.0,0.42,0.42,0.42,0.42,0.0,0.0
1.0,5.0,0.42,0.42,0.42,0.42,0.0,0.0
1.0,2.0,0.42,0.42,0.42,0.42,0.0,0.0
12.0,31.0,0.42,0.42,0.42,0.42,0.0,0.0
12.0,30.0,0.42,0.42,0.42,0.42,0.0,0.0
12.0,29.0,0.42,0.42,0.42,0.42,0.0,0.0
12.0,26.0,0.42,0.42,0.42,0.42,0.0,0.0
12.0,24.0,0.42,0.42,0.42,0.42,0.0,0.0
12.0,23.0,0.42,0.42,0.42,0.42,0.0,0.0
12.0,22.0,0.42,0.42,0.42,0.42,0.0,0.0
12.0,19.0,0.42,0.42,0.42,0.42,0.0,0.0
12.0,18.0,0.42,0.42,0.42,0.42,0.0,0.0
12.0,17.0,0.42,0.42,0.42,0.42,0.0,0.0
12.0,16.0,0.42,0.42,0.42,0.42,0.0,0.0
12.0,15.0,0.42,0.42,0.42,0.42,0.0,0.0
12.0,12.0,0.42,0.42,0.42,0.42,0.0,0.0
12.0,11.0,0.42,0.42,0.42,0.42,0.0,0.0
12.0,10.0,0.42,0.42,0.42,0.42,0.0,0.0
12.0,9.0,0.42,0.42,0.42,0.42,0.0,0.0
12.0,8.0,0.42,0.42,0.42,0.42,0.0,0.0
12.0,5.0,0.42,0.42,0.42,0.42,0.0,0.0
12.0,4.0,0.42,0.42,0.42,0.42,0.0,0.0
12.0,3.0,0.42,0.42,0.42,0.42,0.0,0.0
12.0,2.0,0.42,0.42,0.42,0.42,0.0,0.0
12.0,1.0,0.42,0.42,0.42,0.42,1000.0,0.0
11.0,28.0,0.46,0.46,0.46,0.46,0.0,0.0
11.0,26.0,0.46,0.46,0.46,0.46,0.0,0.0
11.0,25.0,0.46,0.46,0.46,0.46,0.0,0.0
11.0,24.0,0.46,0.46,0.46,0.46,0.0,0.0
11.0,21.0,0.46,0.46,0.46,0.46,0.0,0.0
11.0,20.0,0.46,0.46,0.46,0.46,0.0,0.0
11.0,19.0,0.46,0.46,0.46,0.46,0.0,0.0
11.0,18.0,0.46,0.46,0.46,0.46,0.0,0.0
11.0,17.0,0.46,0.46,0.46,0.46,0.0,0.0
11.0,14.0,0.46,0.46,0.46,0.46,0.0,0.0
11.0,13.0,0.46,0.46,0.46,0.46,0.0,0.0
11.0,12.0,0.46,0.46,0.46,0.46,0.0,0.0
11.0,11.0,0.46,0.46,0.46,0.46,0.0,0.0
11.0,10.0,0.46,0.46,0.46,0.46,0.0,0.0
11.0,7.0,0.46,0.46,0.46,0.46,0.0,0.0
11.0,6.0,0.46,0.46,0.46,0.46,0.0,0.0
11.0,5.0,0.46,0.46,0.46,0.46,0.0,0.0
11.0,4.0,0.46,0.46,0.46,0.46,0.0,0.0
11.0,3.0,0.46,0.46,0.46,0.46,0.0,0.0
10.0,31.0,0.46,0.46,0.46,0.46,0.0,0.0
10.0,30.0,0.46,0.46,0.46,0.46,0.0,0.0
10.0,29.0,0.46,0.46,0.46,0.46,0.0,0.0
10.0,28.0,0.46,0.46,0.46,0.46,0.0,0.0
10.0,27.0,0.46,0.46,0.46,0.46,0.0,0.0
10.0,24.0,0.46,0.46,0.46,0.46,0.0,0.0
10.0,23.0,0.46,0.46,0.46,0.46,0.0,0.0
10.0,22.0,0.46,0.46,0.46,0.46,0.0,0.0
10.0,21.0,0.46,0.46,0.46,0.46,0.0,0.0
10.0,20.0,0.46,0.46,0.46,0.46,0.0,0.0
10.0,17.0,0.46,0.46,0.46,0.46,0.0,0.0
10.0,16.0,0.46,0.46,0.46,0.46,0.0,0.0
10.0,15.0,0.46,0.46,0.46,0.46,0.0,0.0
10.0,14.0,0.46,0.46,0.46,0.46,0.0,0.0
10.0,13.0,0.46,0.46,0.46,0.46,0.0,0.0
10.0,10.0,0.46,0.46,0.46,0.46,0.0,0.0
10.0,9.0,0.46,0.46,0.46,0.46,0.0,0.0
10.0,8.0,0.46,0.46,0.46,0.46,0.0,0.0
10.0,7.0,0.46,0.46,0.46,0.46,1400.0,0.0
10.0,6.0,0.46,0.46,0.46,0.46,0.0,0.0
10.0,3.0,0.46,0.46,0.46,0.46,0.0,0.0
10.0,2.0,0.46,0.46,0.46,0.46,0.0,0.0
10.0,1.0,0.46,0.46,0.46,0.46,0.0,0.0
9.0,30.0,0.46,0.46,0.46,0.46,0.0,0.0
9.0,29.0,0.46,0.46,0.46,0.46,0.0,0.0
9.0,26.0,0.46,0.46,0.46,0.46,0.0,0.0
9.0,25.0,0.46,0.46,0.46,0.46,0.0,0.0
9.0,24.0,0.46,0.46,0.46,0.46,0.0,0.0
9.0,23.0,0.46,0.46,0.46,0.46,0.0,0.0
9.0,22.0,0.46,0.46,0.46,0.46,0.0,0.0
9.0,19.0,0.46,0.46,0.46,0.46,0.0,0.0
9.0,18.0,0.46,0.46,0.46,0.46,0.0,0.0
9.0,17.0,0.46,0.46,0.46,0.46,0.0,0.0
9.0,16.0,0.46,0.46,0.46,0.46,0.0,0.0
9.0,15.0,0.46,0.46,0.46,0.46,0.0,0.0
9.0,12.0,0.46,0.46,0.46,0.46,0.0,0.0
9.0,11.0,0.46,0.46,0.46,0.46,0.0,0.0
9.0,10.0,0.46,0.46,0.46,0.46,0.0,0.0
9.0,9.0,0.46,0.46,0.46,0.46,0.0,0.0
9.0,8.0,0.46,0.46,0.46,0.46,0.0,0.0
9.0,5.0,0.46,0.46,0.46,0.46,0.0,0.0
9.0,4.0,0.46,0.46,0.46,0.46,0.0,0.0
9.0,3.0,0.46,0.46,0.46,0.46,0.0,0.0
9.0,2.0,0.46,0.46,0.46,0.46,0.0,0.0
8.0,29.0,0.46,0.46,0.46,0.46,0.0,0.0
8.0,28.0,0.46,0.46,0.46,0.46,0.0,0.0
8.0,27.0,0.46,0.46,0.46,0.46,0.0,0.0
8.0,26.0,0.46,0.46,0.46,0.46,0.0,0.0
8.0,25.0,0.46,0.46,0.46,0.46,0.0,0.0
8.0,22.0,0.46,0.46,0.46,0.46,0.0,0.0
8.0,21.0,0.46,0.46,0.46,0.46,0.0,0.0
8.0,20.0,0.46,0.46,0.46,0.46,0.0,0.0
8.0,19.0,0.46,0.46,0.46,0.46,0.0,0.0
8.0,18.0,0.46,0.46,0.46,0.46,0.0,0.0
8.0,15.0,0.46,0.46,0.46,0.46,0.0,0.0
8.0,14.0,0.46,0.46,0.46,0.46,0.0,0.0
8.0,13.0,0.46,0.46,0.46,0.46,0.0,0.0
8.0,12.0,0.46,0.46,0.46,0.46,0.0,0.0
8.0,11.0,0.46,0.46,0.46,0.46,0.0,0.0
8.0,8.0,0.46,0.46,0.46,0.46,0.0,0.0
8.0,7.0,0.46,0.46,0.46,0.46,0.0,0.0
8.0,6.0,0.46,0.46,0.46,0.46,0.0,0.0
8.0,5.0,0.46,0.46,0.46,0.46,0.0,0.0
8.0,4.0,0.46,0.46,0.46,0.46,0.0,0.0
8.0,1.0,0.46,0.46,0.46,0.46,0.0,0.0
7.0,31.0,0.46,0.46,0.46,0.46,0.0,0.0
7.0,30.0,0.46,0.46,0.46,0.46,0.0,0.0
7.0,29.0,0.46,0.46,0.46,0.46,0.0,0.0
7.0,28.0,0.46,0.46,0.46,0.46,0.0,0.0
7.0,25.0,0.46,0.46,0.46,0.46,0.0,0.0
7.0,24.0,0.46,0.46,0.46,0.46,0.0,0.0
7.0,23.0,0.46,0.46,0.46,0.46,0.0,0.0
7.0,22.0,0.46,0.46,0.46,0.46,0.0,0.0
7.0,21.0,0.46,0.46,0.46,0.46,0.0,0.0
7.0,18.0,0.46,0.46,0.46,0.46,0.0,0.0
7.0,17.0,0.46,0.46,0.46,0.46,0.0,0.0
7.0,16.0,0.46,0.46,0.46,0.46,0.0,0.0
7.0,15.0,0.46,0.46,0.46,0.46,15000.0,0.0
7.0,14.0,0.42,0.42,0.42,0.42,0.0,0.0
7.0,11.0,0.42,0.42,0.42,0.42,0.0,0.0
7.0,10.0,0.42,0.42,0.42,0.42,0.0,0.0
7.0,9.0,0.42,0.42,0.42,0.42,0.0,0.0
7.0,8.0,0.42,0.42,0.42,0.42,0.0,0.0
7.0,7.0,0.42,0.42,0.42,0.42,0.0,0.0
7.0,3.0,0.42,0.42,0.42,0.42,0.0,0.0
7.0,2.0,0.42,0.42,0.42,0.42,0.0,0.0
7.0,1.0,0.42,0.42,0.42,0.42,6400.0,0.0
6.0,30.0,0.47,0.47,0.47,0.47,0.0,0.0
6.0,27.0,0.47,0.47,0.47,0.47,0.0,0.0
6.0,26.0,0.47,0.47,0.47,0.47,3800.0,0.0
6.0,25.0,0.52,0.52,0.52,0.52,0.0,0.0
6.0,24.0,0.52,0.52,0.52,0.52,0.0,0.0
6.0,23.0,0.52,0.52,0.52,0.52,0.0,0.0
6.0,20.0,0.52,0.52,0.52,0.52,0.0,0.0
6.0,19.0,0.52,0.52,0.52,0.52,0.0,0.0
6.0,18.0,0.52,0.52,0.52,0.52,0.0,0.0
6.0,17.0,0.52,0.52,0.52,0.52,0.0,0.0
6.0,16.0,0.52,0.52,0.52,0.52,0.0,0.0
6.0,13.0,0.52,0.52,0.52,0.52,0.0,0.0
6.0,12.0,0.52,0.52,0.52,0.52,0.0,0.0
6.0,11.0,0.52,0.52,0.52,0.52,0.0,0.0
6.0,10.0,0.52,0.52,0.52,0.52,0.0,0.0
6.0,9.0,0.52,0.52,0.52,0.52,0.0,0.0
6.0,6.0,0.52,0.52,0.52,0.52,0.0,0.0
6.0,5.0,0.52,0.52,0.52,0.52,0.0,0.0
6.0,4.0,0.52,0.52,0.52,0.52,0.0,0.0
6.0,3.0,0.52,0.52,0.52,0.52,0.0,0.0
6.0,2.0,0.52,0.52,0.52,0.52,0.0,0.0
5.0,30.0,0.52,0.52,0.52,0.52,0.0,0.0
5.0,29.0,0.52,0.52,0.52,0.52,0.0,0.0
5.0,28.0,0.52,0.52,0.52,0.52,0.0,0.0
5.0,27.0,0.52,0.52,0.52,0.52,0.0,0.0
5.0,23.0,0.52,0.52,0.52,0.52,0.0,0.0
5.0,22.0,0.52,0.52,0.52,0.52,0.0,0.0
5.0,21.0,0.52,0.52,0.52,0.52,0.0,0.0
5.0,20.0,0.52,0.52,0.52,0.52,0.0,0.0
5.0,19.0,0.52,0.52,0.52,0.52,0.0,0.0
5.0,16.0,0.52,0.52,0.52,0.52,0.0,0.0
5.0,15.0,0.52,0.52,0.52,0.52,0.0,0.0
5.0,14.0,0.52,0.52,0.52,0.52,0.0,0.0
5.0,13.0,0.52,0.52,0.52,0.52,0.0,0.0
5.0,12.0,0.52,0.52,0.52,0.52,0.0,0.0
5.0,9.0,0.52,0.52,0.52,0.52,0.0,0.0
5.0,8.0,0.52,0.52,0.52,0.52,0.0,0.0
5.0,7.0,0.52,0.52,0.52,0.52,0.0,0.0
5.0,6.0,0.52,0.52,0.52,0.52,0.0,0.0
5.0,5.0,0.52,0.52,0.52,0.52,0.0,0.0
5.0,2.0,0.52,0.52,0.52,0.52,0.0,0.0
5.0,1.0,0.52,0.52,0.52,0.52,0.0,0.0
4.0,30.0,0.52,0.52,0.52,0.52,0.0,0.0
4.0,29.0,0.52,0.52,0.52,0.52,0.0,0.0
4.0,28.0,0.52,0.52,0.52,0.52,0.0,0.0
4.0,25.0,0.52,0.52,0.52,0.52,0.0,0.0
4.0,24.0,0.52,0.52,0.52,0.52,0.0,0.0
4.0,23.0,0.52,0.52,0.52,0.52,0.0,0.0
4.0,22.0,0.52,0.52,0.52,0.52,0.0,0.0
4.0,21.0,0.52,0.52,0.52,0.52,0.0,0.0
4.0,17.0,0.52,0.52,0.52,0.52,0.0,0.0
4.0,16.0,0.52,0.52,0.52,0.52,0.0,0.0
4.0,15.0,0.52,0.52,0.52,0.52,0.0,0.0
4.0,14.0,0.52,0.52,0.52,0.52,0.0,0.0
4.0,11.0,0.52,0.52,0.52,0.52,0.0,0.0
4.0,10.0,0.52,0.52,0.52,0.52,0.0,0.0
4.0,9.0,0.52,0.52,0.52,0.52,0.0,0.0
4.0,8.0,0.52,0.52,0.52,0.52,0.0,0.0
4.0,7.0,0.52,0.52,0.52,0.52,0.0,0.0
4.0,4.0,0.52,0.52,0.52,0.52,0.0,0.0
4.0,3.0,0.52,0.52,0.52,0.52,1000.0,0.0
4.0,2.0,0.6,0.6,0.6,0.6,0.0,0.0
4.0,1.0,0.6,0.6,0.6,0.6,0.0,0.0
3.0,31.0,0.6,0.6,0.6,0.6,0.0,0.0
3.0,28.0,0.6,0.6,0.6,0.6,0.0,0.0
3.0,27.0,0.6,0.6,0.6,0.6,0.0,0.0
3.0,26.0,0.6,0.6,0.6,0.6,0.0,0.0
3.0,25.0,0.6,0.6,0.6,0.6,0.0,0.0
3.0,24.0,0.6,0.6,0.6,0.6,0.0,0.0
3.0,21.0,0.6,0.6,0.6,0.6,0.0,0.0
3.0,20.0,0.6,0.6,0.6,0.6,0.0,0.0
3.0,19.0,0.6,0.6,0.6,0.6,0.0,0.0
3.0,18.0,0.6,0.6,0.6,0.6,0.0,0.0
3.0,17.0,0.6,0.6,0.6,0.6,0.0,0.0
3.0,14.0,0.6,0.6,0.6,0.6,0.0,0.0
3.0,13.0,0.6,0.6,0.6,0.6,0.0,0.0
3.0,12.0,0.6,0.6,0.6,0.6,0.0,0.0
3.0,11.0,0.6,0.6,0.6,0.6,0.0,0.0
3.0,10.0,0.6,0.6,0.6,0.6,0.0,0.0
3.0,7.0,0.6,0.6,0.6,0.6,0.0,0.0
3.0,6.0,0.6,0.6,0.6,0.6,0.0,0.0
3.0,5.0,0.6,0.6,0.6,0.6,0.0,0.0
3.0,4.0,0.6,0.6,0.6,0.6,0.0,0.0
3.0,3.0,0.6,0.6,0.6,0.6,0.0,0.0
2.0,28.0,0.6,0.6,0.6,0.6,0.0,0.0
2.0,27.0,0.6,0.6,0.6,0.6,0.0,0.0
2.0,26.0,0.6,0.6,0.6,0.6,0.0,0.0
2.0,25.0,0.6,0.6,0.6,0.6,0.0,0.0
2.0,24.0,0.6,0.6,0.6,0.6,0.0,0.0
2.0,21.0,0.6,0.6,0.6,0.6,0.0,0.0
2.0,20.0,0.6,0.6,0.6,0.6,0.0,0.0
2.0,19.0,0.6,0.6,0.6,0.6,0.0,0.0
2.0,18.0,0.6,0.6,0.6,0.6,0.0,0.0
2.0,14.0,0.6,0.6,0.6,0.6,0.0,0.0
2.0,13.0,0.6,0.6,0.6,0.6,0.0,0.0
2.0,12.0,0.6,0.6,0.6,0.6,16600.0,0.0
2.0,11.0,0.56,0.56,0.56,0.56,0.0,0.0
2.0,10.0,0.56,0.56,0.56,0.56,0.0,0.0
2.0,7.0,0.56,0.56,0.56,0.56,0.0,0.0
2.0,6.0,0.56,0.56,0.56,0.56,0.0,0.0
2.0,5.0,0.56,0.56,0.56,0.56,0.0,0.0
2.0,4.0,0.56,0.56,0.56,0.56,0.0,0.0
2.0,3.0,0.56,0.56,0.56,0.56,0.0,0.0
1.0,31.0,0.56,0.56,0.56,0.56,0.0,0.0
1.0,30.0,0.56,0.56,0.56,0.56,0.0,0.0
1.0,29.0,0.56,0.56,0.56,0.56,0.0,0.0
1.0,28.0,0.56,0.56,0.56,0.56,0.0,0.0
1.0,27.0,0.56,0.56,0.56,0.56,500.0,0.0
1.0,24.0,0.68,0.68,0.68,0.68,0.0,0.0
1.0,23.0,0.68,0.68,0.68,0.68,0.0,0.0
1.0,22.0,0.68,0.68,0.68,0.68,0.0,0.0
1.0,21.0,0.68,0.68,0.68,0.68,0.0,0.0
1.0,17.0,0.68,0.68,0.68,0.68,0.0,0.0
1.0,16.0,0.68,0.68,0.68,0.68,0.0,0.0
1.0,15.0,0.68,0.68,0.68,0.68,0.0,0.0
1.0,14.0,0.68,0.68,0.68,0.68,0.0,0.0
1.0,13.0,0.68,0.68,0.68,0.68,0.0,0.0
1.0,10.0,0.68,0.68,0.68,0.68,0.0,0.0
1.0,9.0,0.68,0.68,0.68,0.68,0.0,0.0
1.0,8.0,0.68,0.68,0.68,0.68,0.0,0.0
1.0,7.0,0.68,0.68,0.68,0.68,0.0,0.0
1.0,6.0,0.68,0.68,0.68,0.68,0.0,0.0
1.0,3.0,0.68,0.68,0.68,0.68,0.0,0.0
1.0,2.0,0.68,0.68,0.68,0.68,0.0,0.0
12.0,31.0,0.68,0.68,0.68,0.68,0.0,0.0
12.0,30.0,0.68,0.68,0.68,0.68,0.0,0.0
12.0,27.0,0.68,0.68,0.68,0.68,0.0,0.0
12.0,26.0,0.68,0.68,0.68,0.68,0.0,0.0
12.0,24.0,0.68,0.68,0.68,0.68,0.0,0.0
12.0,23.0,0.68,0.68,0.68,0.68,0.0,0.0
12.0,20.0,0.68,0.68,0.68,0.68,0.0,0.0
12.0,19.0,0.68,0.68,0.68,0.68,0.0,0.0
12.0,18.0,0.68,0.68,0.68,0.68,0.0,0.0
12.0,17.0,0.68,0.68,0.68,0.68,0.0,0.0
12.0,16.0,0.68,0.68,0.68,0.68,0.0,0.0
12.0,13.0,0.68,0.68,0.68,0.68,0.0,0.0
12.0,12.0,0.68,0.68,0.68,0.68,0.0,0.0
12.0,11.0,0.68,0.68,0.68,0.68,0.0,0.0
12.0,10.0,0.68,0.68,0.68,0.68,0.0,0.0
12.0,9.0,0.68,0.68,0.68,0.68,0.0,0.0
12.0,6.0,0.68,0.68,0.68,0.68,0.0,0.0
12.0,5.0,0.68,0.68,0.68,0.68,7500.0,0.0
12.0,4.0,0.62,0.62,0.62,0.62,0.0,0.0
12.0,3.0,0.62,0.62,0.62,0.62,0.0,0.0
12.0,2.0,0.62,0.62,0.62,0.62,0.0,0.0
11.0,29.0,0.62,0.62,0.62,0.62,0.0,0.0
11.0,27.0,0.62,0.62,0.62,0.62,0.0,0.0
11.0,26.0,0.62,0.62,0.62,0.62,0.0,0.0
11.0,25.0,0.62,0.62,0.62,0.62,0.0,0.0
11.0,22.0,0.62,0.62,0.62,0.62,0.0,0.0
11.0,21.0,0.62,0.62,0.62,0.62,0.0,0.0
11.0,20.0,0.62,0.62,0.62,0.62,0.0,0.0
11.0,19.0,0.62,0.62,0.62,0.62,0.0,0.0
11.0,18.0,0.62,0.62,0.62,0.62,0.0,0.0
11.0,15.0,0.62,0.62,0.62,0.62,0.0,0.0
11.0,14.0,0.62,0.62,0.62,0.62,0.0,0.0
11.0,13.0,0.62,0.62,0.62,0.62,0.0,0.0
11.0,12.0,0.62,0.62,0.62,0.62,0.0,0.0
11.0,11.0,0.62,0.62,0.62,0.62,0.0,0.0
11.0,8.0,0.62,0.62,0.62,0.62,0.0,0.0
11.0,7.0,0.62,0.62,0.62,0.62,0.0,0.0
11.0,6.0,0.62,0.62,0.62,0.62,0.0,0.0
11.0,5.0,0.62,0.62,0.62,0.62,0.0,0.0
11.0,4.0,0.62,0.62,0.62,0.62,0.0,0.0
11.0,1.0,0.62,0.62,0.62,0.62,0.0,0.0
10.0,31.0,0.62,0.62,0.62,0.62,0.0,0.0
10.0,30.0,0.62,0.62,0.62,0.62,0.0,0.0
10.0,29.0,0.62,0.62,0.62,0.62,0.0,0.0
10.0,28.0,0.62,0.62,0.62,0.62,0.0,0.0
10.0,25.0,0.62,0.62,0.62,0.62,0.0,0.0
10.0,24.0,0.62,0.62,0.62,0.62,0.0,0.0
10.0,23.0,0.62,0.62,0.62,0.62,0.0,0.0
10.0,22.0,0.62,0.62,0.62,0.62,0.0,0.0
10.0,21.0,0.62,0.62,0.62,0.62,0.0,0.0
10.0,18.0,0.62,0.62,0.62,0.62,0.0,0.0
10.0,17.0,0.62,0.62,0.62,0.62,0.0,0.0
10.0,16.0,0.62,0.62,0.62,0.62,0.0,0.0
10.0,15.0,0.62,0.62,0.62,0.62,0.0,0.0
10.0,14.0,0.62,0.62,0.62,0.62,0.0,0.0
10.0,11.0,0.62,0.62,0.62,0.62,0.0,0.0
10.0,10.0,0.62,0.62,0.62,0.62,0.0,0.0
10.0,9.0,0.62,0.62,0.62,0.62,0.0,0.0
10.0,8.0,0.62,0.62,0.62,0.62,0.0,0.0
10.0,7.0,0.62,0.62,0.62,0.62,0.0,0.0
10.0,4.0,0.62,0.62,0.62,0.62,0.0,0.0
10.0,3.0,0.62,0.62,0.62,0.62,0.0,0.0
10.0,2.0,0.62,0.62,0.62,0.62,2000.0,0.0
10.0,1.0,0.64,0.64,0.64,0.64,0.0,0.0
9.0,30.0,0.64,0.64,0.64,0.64,0.0,0.0
9.0,27.0,0.64,0.64,0.64,0.64,0.0,0.0
9.0,26.0,0.64,0.64,0.64,0.64,0.0,0.0
9.0,25.0,0.64,0.64,0.64,0.64,0.0,0.0
9.0,24.0,0.64,0.64,0.64,0.64,0.0,0.0
9.0,23.0,0.64,0.64,0.64,0.64,0.0,0.0
9.0,20.0,0.64,0.64,0.64,0.64,0.0,0.0
9.0,19.0,0.64,0.64,0.64,0.64,0.0,0.0
9.0,18.0,0.64,0.64,0.64,0.64,0.0,0.0
9.0,17.0,0.64,0.64,0.64,0.64,0.0,0.0
9.0,16.0,0.64,0.64,0.64,0.64,0.0,0.0
9.0,13.0,0.64,0.64,0.64,0.64,0.0,0.0
9.0,12.0,0.64,0.64,0.64,0.64,0.0,0.0
9.0,11.0,0.64,0.64,0.64,0.64,0.0,0.0
9.0,10.0,0.64,0.64,0.64,0.64,0.0,0.0
9.0,9.0,0.64,0.64,0.64,0.64,0.0,0.0
9.0,6.0,0.64,0.64,0.64,0.64,0.0,0.0
9.0,5.0,0.64,0.64,0.64,0.64,0.0,0.0
9.0,4.0,0.64,0.64,0.64,0.64,0.0,0.0
9.0,3.0,0.64,0.64,0.64,0.64,0.0,0.0
8.0,30.0,0.64,0.64,0.64,0.64,0.0,0.0
8.0,29.0,0.64,0.64,0.64,0.64,0.0,0.0
8.0,28.0,0.64,0.64,0.64,0.64,0.0,0.0
8.0,27.0,0.64,0.64,0.64,0.64,0.0,0.0
8.0,26.0,0.64,0.64,0.64,0.64,0.0,0.0
8.0,23.0,0.64,0.64,0.64,0.64,1000.0,0.0
8.0,22.0,0.64,0.64,0.64,0.64,0.0,0.0
8.0,21.0,0.64,0.64,0.64,0.64,0.0,0.0
8.0,20.0,0.64,0.64,0.64,0.64,0.0,0.0
8.0,19.0,0.64,0.64,0.64,0.64,2600.0,0.0
8.0,16.0,0.7,0.7,0.7,0.7,0.0,0.0
8.0,15.0,0.7,0.7,0.7,0.7,0.0,0.0
8.0,14.0,0.7,0.7,0.7,0.7,0.0,0.0
8.0,13.0,0.7,0.7,0.7,0.7,0.0,0.0
8.0,12.0,0.7,0.7,0.7,0.7,0.0,0.0
8.0,9.0,0.7,0.7,0.7,0.7,0.0,0.0
8.0,8.0,0.7,0.7,0.7,0.7,0.0,0.0
8.0,7.0,0.7,0.7,0.7,0.7,2000.0,0.0
8.0,6.0,0.74,0.74,0.74,0.74,0.0,0.0
8.0,5.0,0.74,0.74,0.74,0.74,0.0,0.0
8.0,2.0,0.74,0.74,0.74,0.74,0.0,0.0
8.0,1.0,0.74,0.74,0.74,0.74,0.0,0.0
7.0,31.0,0.74,0.74,0.74,0.74,0.0,0.0
7.0,30.0,0.74,0.74,0.74,0.74,0.0,0.0
7.0,29.0,0.74,0.74,0.74,0.74,0.0,0.0
7.0,26.0,0.75,0.75,0.75,0.75,0.0,0.0
7.0,25.0,0.75,0.75,0.75,0.75,0.0,0.0
7.0,24.0,0.75,0.75,0.75,0.75,0.0,0.0
7.0,23.0,0.75,0.75,0.75,0.75,0.0,0.0
7.0,22.0,0.75,0.75,0.75,0.75,0.0,0.0
7.0,19.0,0.75,0.75,0.75,0.75,0.0,0.0
7.0,18.0,0.75,0.75,0.75,0.75,0.0,0.0
7.0,17.0,0.75,0.75,0.75,0.75,0.0,0.0
7.0,16.0,0.75,0.75,0.75,0.75,0.0,0.0
7.0,15.0,0.75,0.75,0.75,0.75,0.0,0.0
7.0,12.0,0.75,0.75,0.75,0.75,0.0,0.0
7.0,11.0,0.75,0.75,0.75,0.75,0.0,0.0
7.0,10.0,0.75,0.75,0.75,0.75,0.0,0.0
7.0,9.0,0.75,0.75,0.75,0.75,0.0,0.0
7.0,8.0,0.75,0.75,0.75,0.75,0.0,0.0
7.0,5.0,0.75,0.75,0.75,0.75,0.0,0.0
7.0,3.0,0.75,0.75,0.75,0.75,0.0,0.0
7.0,2.0,0.75,0.75,0.75,0.75,0.0,0.0
7.0,1.0,0.75,0.75,0.75,0.75,0.0,0.0
6.0,28.0,0.75,0.75,0.75,0.75,0.0,0.0
6.0,27.0,0.75,0.75,0.75,0.75,0.0,0.0
6.0,26.0,0.75,0.75,0.75,0.75,0.0,0.0
6.0,25.0,0.75,0.75,0.75,0.75,0.0,0.0
6.0,24.0,0.75,0.75,0.75,0.75,0.0,0.0
6.0,21.0,0.75,0.75,0.75,0.75,0.0,0.0
6.0,20.0,0.75,0.75,0.75,0.75,0.0,0.0
6.0,19.0,0.75,0.75,0.75,0.75,0.0,0.0
6.0,18.0,0.75,0.75,0.75,0.75,0.0,0.0
6.0,17.0,0.75,0.75,0.75,0.75,0.0,0.0
6.0,14.0,0.75,0.75,0.75,0.75,0.0,0.0
6.0,13.0,0.75,0.75,0.75,0.75,0.0,0.0
6.0,12.0,0.75,0.75,0.75,0.75,0.0,0.0
6.0,11.0,0.75,0.75,0.75,0.75,0.0,0.0
6.0,10.0,0.75,0.75,0.75,0.75,0.0,0.0
6.0,7.0,0.75,0.75,0.75,0.75,0.0,0.0
6.0,6.0,0.75,0.75,0.75,0.75,0.0,0.0
6.0,5.0,0.75,0.75,0.75,0.75,0.0,0.0
6.0,4.0,0.75,0.75,0.75,0.75,0.0,0.0
6.0,3.0,0.75,0.75,0.75,0.75,0.0,0.0
5.0,31.0,0.75,0.75,0.75,0.75,0.0,0.0
5.0,30.0,0.75,0.75,0.75,0.75,0.0,0.0
5.0,29.0,0.75,0.75,0.75,0.75,0.0,0.0
5.0,28.0,0.75,0.75,0.75,0.75,0.0,0.0
5.0,24.0,0.75,0.75,0.75,0.75,0.0,0.0
5.0,23.0,0.75,0.75,0.75,0.75,0.0,0.0
5.0,22.0,0.75,0.75,0.75,0.75,0.0,0.0
5.0,21.0,0.75,0.75,0.75,0.75,0.0,0.0
5.0,20.0,0.75,0.75,0.75,0.75,0.0,0.0
5.0,17.0,0.75,0.75,0.75,0.75,0.0,0.0
5.0,16.0,0.75,0.75,0.75,0.75,0.0,0.0
5.0,15.0,0.75,0.75,0.75,0.75,0.0,0.0
5.0,14.0,0.75,0.75,0.75,0.75,0.0,0.0
5.0,13.0,0.75,0.75,0.75,0.75,0.0,0.0
5.0,10.0,0.74,0.75,0.74,0.75,18000.0,0.010000000000000009
5.0,9.0,0.7,0.7,0.7,0.7,0.0,0.0
5.0,8.0,0.7,0.7,0.7,0.7,0.0,0.0
5.0,7.0,0.7,0.7,0.7,0.7,0.0,0.0
5.0,6.0,0.7,0.7,0.7,0.7,0.0,0.0
5.0,3.0,0.7,0.7,0.7,0.7,0.0,0.0
5.0,2.0,0.7,0.7,0.7,0.7,0.0,0.0
5.0,1.0,0.7,0.7,0.7,0.7,0.0,0.0
4.0,30.0,0.7,0.7,0.7,0.7,0.0,0.0
4.0,29.0,0.7,0.7,0.7,0.7,0.0,0.0
4.0,26.0,0.7,0.7,0.7,0.7,0.0,0.0
4.0,25.0,0.7,0.7,0.7,0.7,0.0,0.0
4.0,24.0,0.7,0.7,0.7,0.7,0.0,0.0
4.0,23.0,0.7,0.7,0.7,0.7,0.0,0.0
4.0,22.0,0.7,0.7,0.7,0.7,0.0,0.0
4.0,19.0,0.7,0.7,0.7,0.7,0.0,0.0
4.0,18.0,0.7,0.7,0.7,0.7,0.0,0.0
4.0,17.0,0.7,0.7,0.7,0.7,0.0,0.0
4.0,16.0,0.7,0.7,0.7,0.7,0.0,0.0
4.0,15.0,0.7,0.7,0.7,0.7,0.0,0.0
4.0,12.0,0.7,0.7,0.7,0.7,0.0,0.0
4.0,11.0,0.7,0.7,0.7,0.7,0.0,0.0
4.0,10.0,0.7,0.7,0.7,0.7,0.0,0.0
4.0,9.0,0.7,0.7,0.7,0.7,0.0,0.0
4.0,8.0,0.7,0.7,0.7,0.7,0.0,0.0
4.0,5.0,0.7,0.7,0.7,0.7,0.0,0.0
4.0,4.0,0.7,0.7,0.7,0.7,0.0,0.0
4.0,3.0,0.7,0.7,0.7,0.7,0.0,0.0
4.0,2.0,0.7,0.7,0.7,0.7,0.0,0.0
4.0,1.0,0.7,0.7,0.7,0.7,0.0,0.0
3.0,28.0,0.7,0.7,0.7,0.7,0.0,0.0
3.0,27.0,0.7,0.7,0.7,0.7,0.0,0.0
3.0,26.0,0.7,0.7,0.7,0.7,0.0,0.0
3.0,25.0,0.7,0.7,0.7,0.7,0.0,0.0
3.0,22.0,0.7,0.7,0.7,0.7,0.0,0.0
3.0,21.0,0.7,0.7,0.7,0.7,0.0,0.0
3.0,20.0,0.7,0.7,0.7,0.7,0.0,0.0
3.0,19.0,0.7,0.7,0.7,0.7,0.0,0.0
3.0,18.0,0.7,0.7,0.7,0.7,0.0,0.0
3.0,15.0,0.7,0.7,0.7,0.7,0.0,0.0
3.0,14.0,0.7,0.7,0.7,0.7,0.0,0.0
3.0,13.0,0.7,0.7,0.7,0.7,0.0,0.0
3.0,12.0,0.7,0.7,0.7,0.7,0.0,0.0
3.0,11.0,0.7,0.7,0.7,0.7,0.0,0.0
3.0,8.0,0.7,0.7,0.7,0.7,0.0,0.0
3.0,7.0,0.7,0.7,0.7,0.7,195900.0,0.0
3.0,6.0,0.73,0.73,0.73,0.73,0.0,0.0
3.0,5.0,0.73,0.73,0.73,0.73,0.0,0.0
3.0,4.0,0.73,0.73,0.73,0.73,0.0,0.0
3.0,1.0,0.73,0.73,0.73,0.73,0.0,0.0
2.0,28.0,0.73,0.73,0.73,0.73,0.0,0.0
2.0,27.0,0.73,0.73,0.73,0.73,0.0,0.0
2.0,26.0,0.73,0.73,0.73,0.73,0.0,0.0
2.0,25.0,0.73,0.73,0.73,0.73,0.0,0.0
2.0,22.0,0.73,0.73,0.73,0.73,0.0,0.0
2.0,21.0,0.73,0.73,0.73,0.73,0.0,0.0
2.0,20.0,0.73,0.73,0.73,0.73,0.0,0.0
2.0,19.0,0.73,0.73,0.73,0.73,0.0,0.0
2.0,15.0,0.73,0.73,0.73,0.73,200.0,0.0
2.0,14.0,0.67,0.67,0.67,0.67,1000.0,0.0
2.0,13.0,0.76,0.76,0.76,0.76,0.0,0.0
2.0,12.0,0.76,0.76,0.76,0.76,0.0,0.0
2.0,11.0,0.76,0.76,0.76,0.76,0.0,0.0
2.0,8.0,0.76,0.76,0.76,0.76,0.0,0.0
2.0,7.0,0.76,0.76,0.76,0.76,0.0,0.0
2.0,6.0,0.76,0.76,0.76,0.76,0.0,0.0
2.0,5.0,0.76,0.76,0.76,0.76,0.0,0.0
2.0,4.0,0.76,0.76,0.76,0.76,0.0,0.0
2.0,1.0,0.76,0.76,0.76,0.76,0.0,0.0
1.0,31.0,0.76,0.76,0.76,0.76,10000.0,0.0
1.0,30.0,0.7,0.7,0.7,0.7,0.0,0.0
1.0,29.0,0.7,0.7,0.7,0.7,0.0,0.0
1.0,28.0,0.7,0.7,0.7,0.7,0.0,0.0
1.0,25.0,0.7,0.7,0.7,0.7,0.0,0.0
1.0,24.0,0.7,0.7,0.7,0.7,0.0,0.0
1.0,23.0,0.7,0.7,0.7,0.7,0.0,0.0
1.0,22.0,0.7,0.7,0.7,0.7,0.0,0.0
1.0,18.0,0.7,0.7,0.7,0.7,0.0,0.0
1.0,17.0,0.7,0.7,0.7,0.7,0.0,0.0
1.0,16.0,0.7,0.7,0.7,0.7,0.0,0.0
1.0,15.0,0.7,0.7,0.7,0.7,0.0,0.0
1.0,14.0,0.7,0.7,0.7,0.7,0.0,0.0
1.0,11.0,0.7,0.7,0.7,0.7,0.0,0.0
1.0,10.0,0.7,0.7,0.7,0.7,0.0,0.0
1.0,9.0,0.7,0.7,0.7,0.7,0.0,0.0
1.0,8.0,0.7,0.7,0.7,0.7,0.0,0.0
1.0,7.0,0.7,0.7,0.7,0.7,0.0,0.0
1.0,4.0,0.7,0.7,0.7,0.7,0.0,0.0
1.0,3.0,0.7,0.7,0.7,0.7,0.0,0.0
1.0,2.0,0.7,0.7,0.7,0.7,0.0,0.0
12.0,31.0,0.7,0.7,0.7,0.7,0.0,0.0
12.0,28.0,0.7,0.7,0.7,0.7,4000.0,0.0
12.0,27.0,0.68,0.68,0.68,0.68,0.0,0.0
12.0,26.0,0.68,0.68,0.68,0.68,0.0,0.0
12.0,24.0,0.68,0.68,0.68,0.68,0.0,0.0
12.0,21.0,0.68,0.68,0.68,0.68,0.0,0.0
12.0,20.0,0.68,0.68,0.68,0.68,0.0,0.0
12.0,19.0,0.68,0.68,0.68,0.68,0.0,0.0
12.0,18.0,0.68,0.68,0.68,0.68,0.0,0.0
12.0,17.0,0.68,0.68,0.68,0.68,0.0,0.0
12.0,14.0,0.68,0.68,0.68,0.68,0.0,0.0
12.0,13.0,0.68,0.68,0.68,0.68,2000.0,0.0
12.0,12.0,0.65,0.65,0.65,0.65,0.0,0.0
12.0,11.0,0.65,0.65,0.65,0.65,0.0,0.0
12.0,10.0,0.65,0.65,0.65,0.65,0.0,0.0
12.0,7.0,0.65,0.65,0.65,0.65,3100.0,0.0
12.0,6.0,0.7,0.7,0.7,0.7,0.0,0.0
12.0,5.0,0.7,0.7,0.7,0.7,0.0,0.0
12.0,4.0,0.7,0.7,0.7,0.7,0.0,0.0
12.0,3.0,0.7,0.7,0.7,0.7,0.0,0.0
11.0,30.0,0.7,0.7,0.7,0.7,0.0,0.0
11.0,29.0,0.7,0.7,0.7,0.7,0.0,0.0
11.0,28.0,0.7,0.7,0.7,0.7,0.0,0.0
11.0,27.0,0.7,0.7,0.7,0.7,0.0,0.0
11.0,26.0,0.7,0.7,0.7,0.7,0.0,0.0
11.0,23.0,0.7,0.7,0.7,0.7,0.0,0.0
11.0,21.0,0.7,0.7,0.7,0.7,0.0,0.0
11.0,20.0,0.7,0.7,0.7,0.7,0.0,0.0
11.0,19.0,0.7,0.7,0.7,0.7,0.0,0.0
11.0,16.0,0.7,0.7,0.7,0.7,0.0,0.0
11.0,15.0,0.7,0.7,0.7,0.7,0.0,0.0
11.0,14.0,0.7,0.7,0.7,0.7,0.0,0.0
11.0,13.0,0.7,0.7,0.7,0.7,0.0,0.0
11.0,12.0,0.7,0.7,0.7,0.7,0.0,0.0
11.0,9.0,0.7,0.7,0.7,0.7,0.0,0.0
11.0,8.0,0.7,0.7,0.7,0.7,0.0,0.0
11.0,7.0,0.7,0.7,0.7,0.7,0.0,0.0
11.0,6.0,0.7,0.7,0.7,0.7,0.0,0.0
11.0,5.0,0.7,0.7,0.7,0.7,0.0,0.0
11.0,2.0,0.7,0.7,0.7,0.7,0.0,0.0
11.0,1.0,0.7,0.7,0.7,0.7,0.0,0.0
10.0,31.0,0.7,0.7,0.7,0.7,0.0,0.0
10.0,26.0,0.7,0.7,0.7,0.7,0.0,0.0
10.0,25.0,0.7,0.7,0.7,0.7,0.0,0.0
10.0,24.0,0.7,0.7,0.7,0.7,0.0,0.0
10.0,23.0,0.7,0.7,0.7,0.7,0.0,0.0
10.0,22.0,0.7,0.7,0.7,0.7,0.0,0.0
10.0,19.0,0.7,0.7,0.7,0.7,0.0,0.0
10.0,18.0,0.7,0.7,0.7,0.7,0.0,0.0
10.0,17.0,0.7,0.7,0.7,0.7,0.0,0.0
10.0,16.0,0.7,0.7,0.7,0.7,0.0,0.0
10.0,15.0,0.7,0.7,0.7,0.7,0.0,0.0
10.0,12.0,0.7,0.7,0.7,0.7,0.0,0.0
10.0,11.0,0.7,0.7,0.7,0.7,0.0,0.0
10.0,10.0,0.7,0.7,0.7,0.7,0.0,0.0
10.0,9.0,0.7,0.7,0.7,0.7,0.0,0.0
10.0,8.0,0.7,0.7,0.7,0.7,0.0,0.0
10.0,5.0,0.7,0.7,0.7,0.7,0.0,0.0
10.0,4.0,0.7,0.7,0.7,0.7,0.0,0.0
10.0,3.0,0.7,0.7,0.7,0.7,0.0,0.0
10.0,2.0,0.7,0.7,0.7,0.7,0.0,0.0
10.0,1.0,0.7,0.7,0.7,0.7,0.0,0.0
9.0,28.0,0.7,0.7,0.7,0.7,0.0,0.0
9.0,27.0,0.7,0.7,0.7,0.7,0.0,0.0
9.0,26.0,0.7,0.7,0.7,0.7,0.0,0.0
9.0,25.0,0.7,0.7,0.7,0.7,0.0,0.0
9.0,24.0,0.7,0.7,0.7,0.7,0.0,0.0
9.0,21.0,0.7,0.7,0.7,0.7,0.0,0.0
9.0,20.0,0.7,0.7,0.7,0.7,0.0,0.0
9.0,19.0,0.7,0.7,0.7,0.7,0.0,0.0
9.0,18.0,0.7,0.7,0.7,0.7,0.0,0.0
9.0,17.0,0.7,0.7,0.7,0.7,0.0,0.0
9.0,14.0,0.7,0.7,0.7,0.7,0.0,0.0
9.0,13.0,0.7,0.7,0.7,0.7,0.0,0.0
9.0,12.0,0.7,0.7,0.7,0.7,0.0,0.0
9.0,11.0,0.7,0.7,0.7,0.7,0.0,0.0
9.0,10.0,0.7,0.7,0.7,0.7,0.0,0.0
9.0,7.0,0.7,0.7,0.7,0.7,0.0,0.0
9.0,6.0,0.7,0.7,0.7,0.7,0.0,0.0
9.0,5.0,0.7,0.7,0.7,0.7,0.0,0.0
9.0,4.0,0.7,0.7,0.7,0.7,0.0,0.0
8.0,31.0,0.7,0.7,0.7,0.7,0.0,0.0
8.0,30.0,0.7,0.7,0.7,0.7,0.0,0.0
8.0,29.0,0.7,0.7,0.7,0.7,0.0,0.0
8.0,28.0,0.7,0.7,0.7,0.7,0.0,0.0
8.0,27.0,0.7,0.7,0.7,0.7,0.0,0.0
8.0,24.0,0.7,0.7,0.7,0.7,0.0,0.0
8.0,23.0,0.7,0.7,0.7,0.7,0.0,0.0
8.0,22.0,0.7,0.7,0.7,0.7,0.0,0.0
8.0,21.0,0.7,0.7,0.7,0.7,0.0,0.0
8.0,20.0,0.7,0.7,0.7,0.7,0.0,0.0
8.0,17.0,0.7,0.7,0.7,0.7,0.0,0.0
8.0,16.0,0.7,0.7,0.7,0.7,0.0,0.0
8.0,15.0,0.7,0.7,0.7,0.7,1000.0,0.0
8.0,14.0,0.6,0.6,0.6,0.6,0.0,0.0
8.0,13.0,0.6,0.6,0.6,0.6,0.0,0.0
8.0,10.0,0.6,0.6,0.6,0.6,0.0,0.0
8.0,9.0,0.6,0.6,0.6,0.6,0.0,0.0
8.0,8.0,0.6,0.6,0.6,0.6,0.0,0.0
8.0,7.0,0.6,0.6,0.6,0.6,0.0,0.0
8.0,6.0,0.6,0.6,0.6,0.6,0.0,0.0
8.0,3.0,0.6,0.6,0.6,0.6,0.0,0.0
8.0,2.0,0.6,0.6,0.6,0.6,0.0,0.0
8.0,1.0,0.6,0.6,0.6,0.6,0.0,0.0
7.0,31.0,0.6,0.6,0.6,0.6,0.0,0.0
7.0,30.0,0.59,0.6,0.58,0.6,40000.0,0.010000000000000009
7.0,27.0,0.72,0.72,0.72,0.72,0.0,0.0
7.0,26.0,0.72,0.72,0.72,0.72,0.0,0.0
7.0,25.0,0.72,0.72,0.72,0.72,0.0,0.0
7.0,24.0,0.72,0.72,0.72,0.72,0.0,0.0
7.0,23.0,0.72,0.72,0.72,0.72,0.0,0.0
7.0,20.0,0.72,0.72,0.72,0.72,0.0,0.0
7.0,19.0,0.72,0.72,0.72,0.72,0.0,0.0
7.0,18.0,0.72,0.72,0.72,0.72,0.0,0.0
7.0,17.0,0.72,0.72,0.72,0.72,0.0,0.0
7.0,16.0,0.72,0.72,0.72,0.72,3000.0,0.0
7.0,13.0,0.75,0.75,0.75,0.75,2000.0,0.0
7.0,12.0,0.82,0.82,0.82,0.82,0.0,0.0
7.0,11.0,0.82,0.82,0.82,0.82,4000.0,0.0
7.0,10.0,0.84,0.84,0.84,0.84,0.0,0.0
7.0,9.0,0.84,0.84,0.84,0.84,3200.0,0.0
7.0,6.0,0.89,0.89,0.89,0.89,4000.0,0.0
7.0,5.0,0.84,0.84,0.84,0.84,0.0,0.0
7.0,3.0,0.84,0.84,0.84,0.84,0.0,0.0
7.0,2.0,0.84,0.84,0.84,0.84,4000.0,0.0
6.0,29.0,0.96,0.96,0.96,0.96,0.0,0.0
6.0,28.0,0.96,0.96,0.96,0.96,0.0,0.0
6.0,27.0,0.96,0.96,0.96,0.96,0.0,0.0
6.0,26.0,0.96,0.96,0.96,0.96,0.0,0.0
6.0,25.0,0.96,0.96,0.96,0.96,0.0,0.0
6.0,22.0,0.96,0.96,0.96,0.96,0.0,0.0
6.0,21.0,0.96,0.96,0.96,0.96,16000.0,0.0
6.0,20.0,1.01,1.01,1.01,1.01,0.0,0.0
6.0,19.0,1.01,1.01,1.01,1.01,0.0,0.0
6.0,18.0,1.01,1.01,1.01,1.01,0.0,0.0
6.0,15.0,1.01,1.01,1.01,1.01,0.0,0.0
6.0,14.0,1.01,1.01,1.01,1.01,0.0,0.0
6.0,13.0,1.01,1.01,1.01,1.01,0.0,0.0
6.0,12.0,1.01,1.01,1.01,1.01,0.0,0.0
6.0,11.0,1.01,1.01,1.01,1.01,0.0,0.0
6.0,8.0,1.01,1.01,1.01,1.01,0.0,0.0
6.0,7.0,1.01,1.01,1.01,1.01,3000.0,0.0
6.0,6.0,1.05,1.05,1.05,1.05,0.0,0.0
6.0,5.0,1.05,1.05,1.05,1.05,0.0,0.0
6.0,4.0,1.05,1.05,1.05,1.05,0.0,0.0
6.0,1.0,1.05,1.05,1.05,1.05,0.0,0.0
5.0,31.0,1.05,1.05,1.05,1.05,0.0,0.0
5.0,30.0,1.05,1.05,1.05,1.05,0.0,0.0
5.0,29.0,1.05,1.05,1.05,1.05,0.0,0.0
5.0,25.0,1.05,1.05,1.05,1.05,0.0,0.0
5.0,24.0,1.05,1.05,1.05,1.05,0.0,0.0
5.0,23.0,1.05,1.05,1.05,1.05,0.0,0.0
5.0,22.0,1.05,1.05,1.05,1.05,1000.0,0.0
5.0,21.0,1.45,1.45,1.45,1.45,0.0,0.0
5.0,18.0,1.45,1.45,1.45,1.45,0.0,0.0
5.0,17.0,1.45,1.45,1.45,1.45,0.0,0.0
5.0,16.0,1.45,1.45,1.45,1.45,0.0,0.0
5.0,15.0,1.45,1.45,1.45,1.45,0.0,0.0
5.0,14.0,1.45,1.45,1.45,1.45,0.0,0.0
5.0,11.0,1.45,1.45,1.45,1.45,0.0,0.0
5.0,10.0,1.45,1.45,1.45,1.45,0.0,0.0
5.0,9.0,1.45,1.45,1.45,1.45,0.0,0.0
5.0,8.0,1.45,1.45,1.45,1.45,0.0,0.0
5.0,7.0,1.45,1.45,1.45,1.45,0.0,0.0
5.0,4.0,1.45,1.45,1.45,1.45,0.0,0.0
5.0,3.0,1.45,1.45,1.45,1.45,0.0,0.0
5.0,2.0,1.45,1.45,1.45,1.45,0.0,0.0
5.0,1.0,1.45,1.45,1.45,1.45,0.0,0.0
4.0,30.0,1.45,1.45,1.45,1.45,0.0,0.0
4.0,27.0,1.45,1.45,1.45,1.45,0.0,0.0
4.0,26.0,1.45,1.45,1.45,1.45,0.0,0.0
4.0,25.0,1.45,1.45,1.45,1.45,0.0,0.0
4.0,24.0,1.45,1.45,1.45,1.45,0.0,0.0
4.0,23.0,1.45,1.45,1.45,1.45,0.0,0.0
4.0,20.0,1.45,1.45,1.45,1.45,0.0,0.0
4.0,19.0,1.45,1.45,1.45,1.45,0.0,0.0
4.0,18.0,1.45,1.45,1.45,1.45,0.0,0.0
4.0,17.0,1.45,1.45,1.45,1.45,0.0,0.0
4.0,16.0,1.45,1.45,1.45,1.45,0.0,0.0
4.0,13.0,1.45,1.45,1.45,1.45,0.0,0.0
4.0,12.0,1.45,1.45,1.45,1.45,0.0,0.0
4.0,11.0,1.45,1.45,1.45,1.45,0.0,0.0
4.0,10.0,1.45,1.45,1.45,1.45,0.0,0.0
4.0,9.0,1.45,1.45,1.45,1.45,0.0,0.0
4.0,5.0,1.45,1.45,1.45,1.45,0.0,0.0
4.0,4.0,1.45,1.45,1.45,1.45,0.0,0.0
4.0,3.0,1.45,1.45,1.45,1.45,0.0,0.0
4.0,2.0,1.45,1.45,1.45,1.45,0.0,0.0
3.0,30.0,1.45,1.45,1.45,1.45,0.0,0.0
3.0,29.0,1.45,1.45,1.45,1.45,0.0,0.0
3.0,28.0,1.45,1.45,1.45,1.45,0.0,0.0
3.0,27.0,1.45,1.45,1.45,1.45,0.0,0.0
3.0,26.0,1.45,1.45,1.45,1.45,0.0,0.0
3.0,23.0,1.45,1.45,1.45,1.45,0.0,0.0
3.0,22.0,1.45,1.45,1.45,1.45,0.0,0.0
3.0,21.0,1.45,1.45,1.45,1.45,0.0,0.0
3.0,20.0,1.45,1.45,1.45,1.45,0.0,0.0
3.0,19.0,1.45,1.45,1.45,1.45,600.0,0.0
3.0,16.0,1.47,1.47,1.47,1.47,0.0,0.0
3.0,15.0,1.47,1.47,1.47,1.47,0.0,0.0
3.0,14.0,1.47,1.47,1.47,1.47,0.0,0.0
3.0,13.0,1.47,1.47,1.47,1.47,0.0,0.0
3.0,12.0,1.47,1.47,1.47,1.47,0.0,0.0
3.0,9.0,1.47,1.47,1.47,1.47,0.0,0.0
3.0,8.0,1.47,1.47,1.47,1.47,0.0,0.0
3.0,7.0,1.47,1.47,1.47,1.47,800.0,0.0
3.0,6.0,1.39,1.39,1.39,1.39,0.0,0.0
3.0,5.0,1.39,1.39,1.39,1.39,0.0,0.0
3.0,2.0,1.39,1.39,1.39,1.39,0.0,0.0
3.0,1.0,1.39,1.39,1.39,1.39,0.0,0.0
2.0,29.0,1.39,1.39,1.39,1.39,0.0,0.0
2.0,28.0,1.39,1.39,1.39,1.39,0.0,0.0
2.0,27.0,1.39,1.39,1.39,1.39,0.0,0.0
2.0,24.0,1.39,1.39,1.39,1.39,0.0,0.0
2.0,23.0,1.39,1.39,1.39,1.39,0.0,0.0
2.0,22.0,1.39,1.39,1.39,1.39,0.0,0.0
2.0,21.0,1.39,1.39,1.39,1.39,2600.0,0.0
2.0,17.0,1.4,1.4,1.4,1.4,2000.0,0.0
2.0,16.0,1.47,1.47,1.47,1.47,0.0,0.0
2.0,15.0,1.47,1.47,1.47,1.47,10000.0,0.0
2.0,14.0,1.73,1.73,1.73,1.73,0.0,0.0
2.0,13.0,1.73,1.73,1.73,1.73,0.0,0.0
2.0,10.0,1.73,1.73,1.73,1.73,2000.0,0.0
2.0,9.0,1.72,1.72,1.72,1.72,0.0,0.0
2.0,8.0,1.72,1.72,1.72,1.72,0.0,0.0
2.0,7.0,1.72,1.72,1.72,1.72,0.0,0.0
2.0,6.0,1.72,1.72,1.72,1.72,0.0,0.0
2.0,3.0,1.72,1.72,1.72,1.72,100.0,0.0
2.0,2.0,1.72,1.72,1.72,1.72,0.0,0.0
2.0,1.0,1.72,1.72,1.72,1.72,0.0,0.0
1.0,31.0,1.72,1.72,1.72,1.72,0.0,0.0
1.0,30.0,1.72,1.72,1.72,1.72,0.0,0.0
1.0,27.0,1.72,1.72,1.72,1.72,2000.0,0.0
1.0,26.0,1.69,1.69,1.69,1.69,0.0,0.0
1.0,25.0,1.69,1.69,1.69,1.69,1000.0,0.0
1.0,24.0,1.75,1.75,1.75,1.75,6500.0,0.0
1.0,23.0,1.75,1.75,1.75,1.75,12700.0,0.0
1.0,20.0,1.75,1.76,1.75,1.75,5500.0,0.0
1.0,19.0,1.58,1.58,1.58,1.58,0.0,0.0
1.0,18.0,1.58,1.58,1.58,1.58,0.0,0.0
1.0,17.0,1.58,1.58,1.58,1.58,0.0,0.0
1.0,13.0,1.58,1.58,1.58,1.58,1000.0,0.0
1.0,12.0,1.27,1.27,1.27,1.27,0.0,0.0
1.0,11.0,1.27,1.27,1.27,1.27,0.0,0.0
1.0,10.0,1.27,1.27,1.27,1.27,0.0,0.0
1.0,9.0,1.27,1.27,1.27,1.27,0.0,0.0
1.0,6.0,1.27,1.27,1.27,1.27,0.0,0.0
1.0,5.0,1.27,1.27,1.27,1.27,0.0,0.0
1.0,4.0,1.27,1.27,1.27,1.27,0.0,0.0
1.0,3.0,1.27,1.27,1.27,1.27,0.0,0.0
12.0,30.0,1.27,1.27,1.27,1.27,0.0,0.0
12.0,29.0,1.27,1.27,1.27,1.27,10000.0,0.0
12.0,28.0,1.27,1.27,1.27,1.27,0.0,0.0
12.0,27.0,1.27,1.27,1.27,1.27,0.0,0.0
12.0,23.0,1.27,1.27,1.27,1.27,0.0,0.0
12.0,22.0,1.27,1.27,1.27,1.27,0.0,0.0
12.0,21.0,1.27,1.27,1.27,1.27,0.0,0.0
12.0,20.0,1.35,1.35,1.26,1.27,7600.0,-0.08000000000000007
12.0,19.0,1.37,1.37,1.37,1.37,0.0,0.0
12.0,16.0,1.37,1.37,1.37,1.37,0.0,0.0
12.0,15.0,1.37,1.37,1.37,1.37,0.0,0.0
12.0,14.0,1.37,1.37,1.37,1.37,0.0,0.0
12.0,13.0,1.37,1.37,1.37,1.37,0.0,0.0
12.0,12.0,1.37,1.37,1.37,1.37,300.0,0.0
12.0,9.0,1.7,1.7,1.7,1.7,0.0,0.0
12.0,8.0,1.7,1.7,1.7,1.7,0.0,0.0
12.0,7.0,1.7,1.7,1.7,1.7,0.0,0.0
12.0,6.0,1.7,1.7,1.7,1.7,0.0,0.0
12.0,5.0,1.7,1.7,1.7,1.7,0.0,0.0
12.0,2.0,1.7,1.7,1.7,1.7,0.0,0.0
12.0,1.0,1.7,1.7,1.7,1.7,0.0,0.0
11.0,30.0,1.7,1.7,1.7,1.7,0.0,0.0
11.0,29.0,1.7,1.7,1.7,1.7,0.0,0.0
11.0,28.0,1.7,1.7,1.7,1.7,0.0,0.0
11.0,25.0,1.7,1.7,1.7,1.7,0.0,0.0
11.0,23.0,1.7,1.7,1.7,1.7,0.0,0.0
11.0,22.0,1.7,1.7,1.7,1.7,0.0,0.0
11.0,21.0,1.7,1.7,1.7,1.7,0.0,0.0
11.0,18.0,1.7,1.7,1.7,1.7,0.0,0.0
11.0,17.0,1.7,1.7,1.7,1.7,0.0,0.0
11.0,16.0,1.7,1.7,1.7,1.7,0.0,0.0
11.0,15.0,1.7,1.7,1.7,1.7,0.0,0.0
11.0,14.0,1.7,1.7,1.7,1.7,0.0,0.0
11.0,11.0,1.7,1.7,1.7,1.7,0.0,0.0
11.0,10.0,1.7,1.7,1.7,1.7,0.0,0.0
11.0,9.0,1.7,1.7,1.7,1.7,0.0,0.0
11.0,8.0,1.7,1.7,1.7,1.7,0.0,0.0
11.0,7.0,1.7,1.7,1.7,1.7,0.0,0.0
11.0,4.0,1.7,1.7,1.7,1.7,0.0,0.0
11.0,3.0,1.7,1.7,1.7,1.7,0.0,0.0
11.0,2.0,1.7,1.7,1.7,1.7,0.0,0.0
11.0,1.0,1.7,1.7,1.7,1.7,0.0,0.0
10.0,31.0,1.7,1.7,1.7,1.7,0.0,0.0
10.0,28.0,1.7,1.7,1.7,1.7,0.0,0.0
10.0,27.0,1.7,1.7,1.7,1.7,1000.0,0.0
10.0,26.0,1.44,1.44,1.44,1.44,0.0,0.0
10.0,25.0,1.44,1.44,1.44,1.44,0.0,0.0
10.0,24.0,1.44,1.44,1.44,1.44,0.0,0.0
10.0,21.0,1.44,1.44,1.44,1.44,1000.0,0.0
10.0,20.0,1.39,1.39,1.39,1.39,0.0,0.0
10.0,19.0,1.39,1.39,1.39,1.39,0.0,0.0
10.0,18.0,1.39,1.39,1.39,1.39,600.0,0.0
10.0,17.0,1.11,1.11,1.11,1.11,0.0,0.0
10.0,14.0,1.11,1.11,1.11,1.11,0.0,0.0
10.0,13.0,1.11,1.11,1.11,1.11,0.0,0.0
10.0,12.0,1.11,1.11,1.11,1.11,0.0,0.0
10.0,11.0,1.11,1.11,1.11,1.11,0.0,0.0
10.0,10.0,1.11,1.11,1.11,1.11,0.0,0.0
10.0,7.0,1.11,1.11,1.11,1.11,0.0,0.0
10.0,6.0,1.11,1.11,1.11,1.11,0.0,0.0
10.0,5.0,1.11,1.11,1.11,1.11,0.0,0.0
10.0,4.0,1.11,1.11,1.11,1.11,0.0,0.0
10.0,3.0,1.11,1.11,1.11,1.11,0.0,0.0
9.0,30.0,1.14,1.14,1.11,1.11,269000.0,-0.029999999999999805
9.0,29.0,0.97,0.97,0.97,0.97,0.0,0.0
9.0,28.0,0.97,0.97,0.97,0.97,800.0,0.0
9.0,27.0,0.93,0.93,0.93,0.93,0.0,0.0
9.0,26.0,0.93,0.93,0.93,0.93,10000.0,0.0
9.0,23.0,1.37,1.37,1.37,1.37,800.0,0.0
9.0,22.0,1.81,1.81,1.81,1.81,0.0,0.0
9.0,21.0,1.81,1.81,1.81,1.81,0.0,0.0
9.0,20.0,1.81,1.81,1.81,1.81,5000.0,0.0
9.0,19.0,1.8,1.8,1.8,1.8,0.0,0.0
9.0,16.0,1.65,1.8,1.65,1.8,4800.0,0.15000000000000013
9.0,15.0,1.75,1.75,1.75,1.75,500.0,0.0
9.0,14.0,2.24,2.24,2.24,2.24,0.0,0.0
9.0,13.0,2.24,2.24,2.24,2.24,0.0,0.0
9.0,12.0,2.24,2.24,2.24,2.24,0.0,0.0
9.0,9.0,2.24,2.24,2.24,2.24,0.0,0.0
9.0,8.0,2.24,2.24,2.24,2.24,0.0,0.0
9.0,7.0,2.24,2.24,2.24,2.24,0.0,0.0
9.0,6.0,2.24,2.24,2.24,2.24,0.0,0.0
9.0,2.0,2.24,2.35,2.24,2.24,5500.0,0.0
9.0,1.0,2.6,2.6,2.6,2.6,0.0,0.0
8.0,31.0,2.6,2.6,2.6,2.6,0.0,0.0
8.0,30.0,2.6,2.6,2.6,2.6,0.0,0.0
8.0,29.0,2.6,2.6,2.6,2.6,0.0,0.0
8.0,26.0,2.6,2.6,2.6,2.6,0.0,0.0
8.0,25.0,2.6,2.6,2.6,2.6,0.0,0.0
8.0,24.0,2.6,2.6,2.6,2.6,0.0,0.0
8.0,23.0,2.6,2.6,2.6,2.6,0.0,0.0
8.0,22.0,2.6,2.6,2.6,2.6,0.0,0.0
8.0,19.0,2.6,2.6,2.6,2.6,0.0,0.0
8.0,18.0,2.58,2.6,2.58,2.6,10000.0,0.020000000000000018
8.0,17.0,2.69,2.69,2.69,2.69,7000.0,0.0
8.0,16.0,2.57,2.57,2.57,2.57,0.0,0.0
8.0,15.0,2.57,2.57,2.57,2.57,6000.0,0.0
8.0,12.0,2.86,2.86,2.86,2.86,0.0,0.0
8.0,11.0,2.86,2.86,2.86,2.86,0.0,0.0
8.0,10.0,2.86,2.86,2.86,2.86,0.0,0.0
8.0,9.0,2.86,2.86,2.86,2.86,0.0,0.0
8.0,8.0,2.86,2.86,2.86,2.86,0.0,0.0
8.0,5.0,2.86,2.86,2.86,2.86,0.0,0.0
8.0,4.0,2.86,2.86,2.86,2.86,10000.0,0.0
8.0,3.0,2.87,2.87,2.87,2.87,0.0,0.0
8.0,2.0,2.87,2.87,2.87,2.87,0.0,0.0
8.0,1.0,2.87,2.87,2.87,2.87,0.0,0.0
7.0,29.0,2.87,2.87,2.87,2.87,0.0,0.0
7.0,28.0,2.87,2.87,2.87,2.87,0.0,0.0
7.0,27.0,2.87,2.87,2.87,2.87,0.0,0.0
7.0,26.0,2.87,2.87,2.87,2.87,0.0,0.0
7.0,25.0,2.87,2.87,2.87,2.87,0.0,0.0
7.0,22.0,2.87,2.87,2.87,2.87,0.0,0.0
7.0,21.0,2.87,2.87,2.87,2.87,0.0,0.0
7.0,20.0,2.87,2.87,2.87,2.87,0.0,0.0
7.0,19.0,2.87,2.87,2.87,2.87,0.0,0.0
7.0,18.0,2.87,2.87,2.87,2.87,0.0,0.0
7.0,15.0,2.87,2.87,2.87,2.87,0.0,0.0
7.0,14.0,2.87,2.87,2.87,2.87,0.0,0.0
7.0,13.0,2.87,2.87,2.87,2.87,1000.0,0.0
7.0,12.0,2.82,2.85,2.82,2.85,10000.0,0.03000000000000025
7.0,11.0,2.75,2.75,2.75,2.75,0.0,0.0
7.0,8.0,2.75,2.75,2.75,2.75,0.0,0.0
7.0,7.0,2.75,2.75,2.75,2.75,0.0,0.0
7.0,6.0,2.75,2.75,2.75,2.75,0.0,0.0
7.0,5.0,2.75,2.75,2.75,2.75,600.0,0.0
7.0,1.0,2.55,2.55,2.55,2.55,0.0,0.0
6.0,30.0,2.55,2.55,2.55,2.55,0.0,0.0
6.0,29.0,2.55,2.55,2.55,2.55,0.0,0.0
6.0,28.0,2.55,2.55,2.55,2.55,10000.0,0.0
6.0,27.0,2.64,2.64,2.64,2.64,2000.0,0.0
6.0,24.0,3.68,3.68,3.68,3.68,0.0,0.0
6.0,23.0,3.68,3.68,3.68,3.68,0.0,0.0
6.0,22.0,3.68,3.68,3.68,3.68,0.0,0.0
6.0,21.0,3.68,3.68,3.68,3.68,0.0,0.0
6.0,20.0,3.68,3.68,3.68,3.68,0.0,0.0
6.0,17.0,3.68,3.68,3.68,3.68,0.0,0.0
6.0,16.0,3.68,3.68,3.68,3.68,0.0,0.0
6.0,15.0,3.68,3.68,3.68,3.68,300.0,0.0
6.0,14.0,3.44,3.44,3.44,3.44,0.0,0.0
6.0,13.0,3.44,3.44,3.44,3.44,0.0,0.0
6.0,10.0,3.44,3.44,3.44,3.44,0.0,0.0
6.0,9.0,3.44,3.44,3.44,3.44,0.0,0.0
6.0,8.0,3.44,3.44,3.44,3.44,1000.0,0.0
6.0,7.0,3.37,3.37,3.37,3.37,1000.0,0.0
6.0,6.0,3.22,3.22,3.22,3.22,0.0,0.0
6.0,3.0,3.22,3.22,3.22,3.22,0.0,0.0
6.0,2.0,3.22,3.22,3.22,3.22,0.0,0.0
6.0,1.0,3.22,3.22,3.22,3.22,0.0,0.0
5.0,31.0,3.22,3.22,3.22,3.22,2000.0,0.0
5.0,27.0,3.3,3.3,3.3,3.3,0.0,0.0
5.0,26.0,3.3,3.3,3.3,3.3,0.0,0.0
5.0,25.0,3.3,3.3,3.3,3.3,0.0,0.0
5.0,24.0,3.3,3.3,3.3,3.3,0.0,0.0
5.0,23.0,3.3,3.3,3.3,3.3,2500.0,0.0
5.0,20.0,3.53,3.53,3.53,3.53,0.0,0.0
5.0,19.0,3.53,3.53,3.53,3.53,0.0,0.0
5.0,18.0,3.53,3.53,3.53,3.53,0.0,0.0
5.0,17.0,3.42,3.53,3.42,3.53,6600.0,0.10999999999999988
5.0,16.0,3.85,3.85,3.85,3.85,0.0,0.0
5.0,13.0,3.85,3.85,3.85,3.85,0.0,0.0
5.0,12.0,3.85,3.85,3.85,3.85,0.0,0.0
5.0,11.0,3.85,3.85,3.85,3.85,0.0,0.0
5.0,10.0,3.85,3.85,3.85,3.85,0.0,0.0
5.0,9.0,3.85,3.85,3.85,3.85,0.0,0.0
5.0,6.0,3.85,3.85,3.85,3.85,0.0,0.0
5.0,5.0,3.85,3.85,3.85,3.85,0.0,0.0
5.0,4.0,3.85,3.85,3.85,3.85,0.0,0.0
5.0,3.0,3.85,3.85,3.85,3.85,0.0,0.0
5.0,2.0,3.85,3.85,3.85,3.85,0.0,0.0
4.0,29.0,3.85,3.85,3.85,3.85,0.0,0.0
4.0,28.0,3.85,3.85,3.85,3.85,0.0,0.0
4.0,27.0,3.85,3.85,3.85,3.85,1800.0,0.0
4.0,26.0,3.63,3.63,3.63,3.63,0.0,0.0
4.0,25.0,3.63,3.63,3.63,3.63,0.0,0.0
4.0,21.0,3.63,3.63,3.63,3.63,0.0,0.0
4.0,20.0,3.63,3.63,3.63,3.63,0.0,0.0
4.0,19.0,3.63,3.63,3.63,3.63,0.0,0.0
4.0,18.0,3.63,3.63,3.63,3.63,0.0,0.0
4.0,15.0,3.63,3.63,3.63,3.63,5800.0,0.0
4.0,14.0,3.66,3.66,3.66,3.66,0.0,0.0
4.0,13.0,3.66,3.66,3.66,3.66,0.0,0.0
4.0,12.0,3.66,3.66,3.66,3.66,800.0,0.0
4.0,11.0,3.57,3.57,3.57,3.57,2000.0,0.0
4.0,8.0,3.5,3.5,3.5,3.5,0.0,0.0
4.0,7.0,3.5,3.5,3.5,3.5,0.0,0.0
4.0,6.0,3.5,3.5,3.5,3.5,2000.0,0.0
4.0,5.0,3.3,3.3,3.3,3.3,0.0,0.0
4.0,4.0,3.3,3.3,3.3,3.3,0.0,0.0
4.0,1.0,3.3,3.3,3.3,3.3,0.0,0.0
3.0,31.0,3.3,3.3,3.3,3.3,100.0,0.0
3.0,30.0,3.39,3.39,3.39,3.39,7000.0,0.0
3.0,29.0,3.03,3.03,3.03,3.03,0.0,0.0
3.0,28.0,3.03,3.03,3.03,3.03,0.0,0.0
3.0,25.0,3.03,3.03,3.03,3.03,0.0,0.0
3.0,24.0,3.03,3.03,3.03,3.03,0.0,0.0
3.0,23.0,3.03,3.03,3.03,3.03,0.0,0.0
3.0,22.0,3.03,3.03,3.03,3.03,0.0,0.0
3.0,21.0,3.03,3.03,3.03,3.03,0.0,0.0
3.0,18.0,3.03,3.03,3.03,3.03,0.0,0.0
3.0,17.0,3.03,3.03,3.03,3.03,0.0,0.0
3.0,16.0,3.03,3.03,3.03,3.03,0.0,0.0
3.0,15.0,3.03,3.03,3.03,3.03,5000.0,0.0
3.0,14.0,3.35,3.35,3.35,3.35,0.0,0.0
3.0,11.0,3.35,3.35,3.35,3.35,0.0,0.0
3.0,10.0,3.35,3.35,3.35,3.35,0.0,0.0
3.0,9.0,3.35,3.35,3.35,3.35,0.0,0.0
3.0,8.0,3.35,3.35,3.35,3.35,0.0,0.0
3.0,7.0,3.35,3.35,3.35,3.35,0.0,0.0
3.0,4.0,3.35,3.35,3.35,3.35,0.0,0.0
3.0,3.0,3.27,3.35,3.27,3.35,13300.0,0.08000000000000007
3.0,2.0,3.2,3.2,3.2,3.2,0.0,0.0
3.0,1.0,3.2,3.2,3.2,3.2,800.0,0.0
2.0,28.0,3.2,3.2,3.2,3.2,4000.0,0.0
2.0,25.0,3.08,3.08,3.08,3.08,0.0,0.0
2.0,24.0,3.08,3.08,3.08,3.08,0.0,0.0
2.0,23.0,3.08,3.08,3.08,3.08,1000.0,0.0
2.0,22.0,3.07,3.07,3.07,3.07,0.0,0.0
2.0,18.0,3.07,3.07,3.07,3.07,0.0,0.0
2.0,17.0,3.07,3.07,3.07,3.07,2000.0,0.0
2.0,16.0,2.9,2.9,2.9,2.9,0.0,0.0
2.0,15.0,2.9,2.9,2.9,2.9,0.0,0.0
2.0,14.0,2.9,2.9,2.9,2.9,0.0,0.0
2.0,11.0,2.9,2.9,2.9,2.9,0.0,0.0
2.0,10.0,2.9,2.9,2.9,2.9,0.0,0.0
2.0,9.0,2.9,2.9,2.9,2.9,1000.0,0.0
2.0,8.0,3.17,3.17,3.17,3.17,0.0,0.0
2.0,7.0,3.17,3.17,3.17,3.17,400.0,0.0
2.0,4.0,3.26,3.26,3.26,3.26,0.0,0.0
2.0,3.0,3.26,3.26,3.26,3.26,0.0,0.0
2.0,2.0,3.26,3.26,3.26,3.26,0.0,0.0
2.0,1.0,3.26,3.26,3.26,3.26,0.0,0.0
1.0,31.0,3.26,3.26,3.26,3.26,3000.0,0.0
1.0,28.0,3.32,3.32,3.32,3.32,0.0,0.0
1.0,27.0,3.32,3.32,3.32,3.32,2000.0,0.0
1.0,26.0,3.59,3.59,3.59,3.59,0.0,0.0
1.0,25.0,3.59,3.59,3.59,3.59,0.0,0.0
1.0,24.0,3.59,3.59,3.59,3.59,0.0,0.0
1.0,21.0,3.59,3.59,3.59,3.59,0.0,0.0
1.0,20.0,3.59,3.59,3.59,3.59,0.0,0.0
1.0,19.0,3.59,3.59,3.59,3.59,0.0,0.0
1.0,18.0,3.59,3.59,3.59,3.59,0.0,0.0
1.0,14.0,3.54,3.59,3.54,3.59,5000.0,0.04999999999999982
1.0,13.0,3.44,3.44,3.44,3.44,0.0,0.0
1.0,12.0,3.44,3.44,3.44,3.44,0.0,0.0
1.0,11.0,3.44,3.44,3.44,3.44,0.0,0.0
1.0,10.0,3.44,3.44,3.44,3.44,0.0,0.0
1.0,7.0,3.44,3.44,3.44,3.44,300.0,0.0
1.0,6.0,3.33,3.33,3.33,3.33,0.0,0.0
1.0,5.0,3.33,3.33,3.33,3.33,0.0,0.0
1.0,4.0,3.33,3.33,3.33,3.33,0.0,0.0
1.0,3.0,3.33,3.33,3.33,3.33,0.0,0.0
12.0,31.0,3.33,3.33,3.33,3.33,0.0,0.0
12.0,30.0,3.33,3.33,3.33,3.33,0.0,0.0
12.0,29.0,3.33,3.33,3.33,3.33,0.0,0.0
12.0,28.0,3.33,3.33,3.33,3.33,0.0,0.0
12.0,27.0,3.33,3.33,3.33,3.33,0.0,0.0
12.0,23.0,3.33,3.33,3.33,3.33,0.0,0.0
12.0,22.0,3.33,3.33,3.33,3.33,0.0,0.0
12.0,21.0,3.33,3.33,3.33,3.33,0.0,0.0
12.0,20.0,3.33,3.33,3.33,3.33,200.0,0.0
12.0,17.0,3.4,3.4,3.4,3.4,0.0,0.0
12.0,16.0,3.4,3.4,3.4,3.4,0.0,0.0
12.0,15.0,3.4,3.4,3.4,3.4,0.0,0.0
12.0,14.0,3.4,3.4,3.4,3.4,0.0,0.0
12.0,13.0,3.4,3.4,3.4,3.4,0.0,0.0
12.0,10.0,3.4,3.4,3.4,3.4,0.0,0.0
12.0,9.0,3.4,3.4,3.4,3.4,2000.0,0.0
12.0,8.0,3.47,3.47,3.47,3.47,0.0,0.0
12.0,7.0,3.47,3.47,3.47,3.47,0.0,0.0
12.0,6.0,3.47,3.47,3.47,3.47,0.0,0.0
12.0,3.0,3.47,3.47,3.47,3.47,0.0,0.0
12.0,2.0,3.47,3.47,3.47,3.47,0.0,0.0
12.0,1.0,3.47,3.47,3.47,3.47,0.0,0.0
11.0,30.0,3.47,3.47,3.47,3.47,0.0,0.0
11.0,29.0,3.47,3.47,3.47,3.47,0.0,0.0
11.0,26.0,3.47,3.47,3.47,3.47,0.0,0.0
11.0,24.0,3.47,3.47,3.47,3.47,0.0,0.0
11.0,23.0,3.47,3.47,3.47,3.47,0.0,0.0
11.0,22.0,3.47,3.47,3.47,3.47,0.0,0.0
11.0,19.0,3.47,3.47,3.47,3.47,0.0,0.0
11.0,18.0,3.47,3.47,3.47,3.47,100.0,0.0
11.0,17.0,3.4,3.4,3.4,3.4,100.0,0.0
11.0,16.0,3.62,3.62,3.62,3.62,0.0,0.0
11.0,15.0,3.62,3.62,3.62,3.62,1000.0,0.0
11.0,12.0,3.85,3.85,3.85,3.85,100.0,0.0
11.0,11.0,3.97,3.97,3.97,3.97,0.0,0.0
11.0,10.0,3.97,3.97,3.97,3.97,0.0,0.0
11.0,9.0,3.97,3.97,3.97,3.97,0.0,0.0
11.0,8.0,3.97,3.97,3.97,3.97,0.0,0.0
11.0,5.0,3.97,3.97,3.97,3.97,8000.0,0.0
11.0,4.0,4.0,4.0,4.0,4.0,1000.0,0.0
11.0,3.0,4.08,4.08,4.08,4.08,0.0,0.0
11.0,2.0,4.08,4.08,4.08,4.08,0.0,0.0
11.0,1.0,4.09,4.09,4.08,4.08,4100.0,-0.009999999999999787
10.0,29.0,3.84,3.95,3.84,3.92,5200.0,0.08000000000000007
10.0,28.0,3.75,3.75,3.75,3.75,0.0,0.0
10.0,27.0,3.75,3.75,3.75,3.75,0.0,0.0
10.0,26.0,3.75,3.75,3.75,3.75,0.0,0.0
10.0,25.0,3.75,3.75,3.75,3.75,0.0,0.0
10.0,22.0,3.75,3.75,3.75,3.75,0.0,0.0
10.0,21.0,3.75,3.75,3.75,3.75,0.0,0.0
10.0,20.0,3.75,3.75,3.75,3.75,0.0,0.0
10.0,19.0,3.75,3.75,3.75,3.75,0.0,0.0
10.0,18.0,3.75,3.75,3.75,3.75,0.0,0.0
10.0,15.0,3.75,3.75,3.75,3.75,0.0,0.0
10.0,14.0,3.75,3.75,3.75,3.75,0.0,0.0
10.0,13.0,3.75,3.75,3.75,3.75,0.0,0.0
10.0,12.0,3.75,3.75,3.75,3.75,0.0,0.0
10.0,11.0,3.75,3.75,3.75,3.75,1000.0,0.0
10.0,8.0,3.78,3.78,3.78,3.78,0.0,0.0
10.0,7.0,3.78,3.78,3.78,3.78,0.0,0.0
10.0,6.0,3.78,3.78,3.78,3.78,0.0,0.0
10.0,5.0,3.78,3.78,3.78,3.78,0.0,0.0
10.0,4.0,3.78,3.78,3.78,3.78,0.0,0.0
10.0,1.0,3.78,3.78,3.78,3.78,0.0,0.0
9.0,30.0,3.85,3.85,3.78,3.78,4000.0,-0.07000000000000028
9.0,29.0,3.68,3.68,3.68,3.68,2900.0,0.0
9.0,28.0,3.81,3.81,3.81,3.81,0.0,0.0
9.0,27.0,3.81,3.81,3.81,3.81,500.0,0.0
9.0,24.0,3.8,3.8,3.8,3.8,0.0,0.0
9.0,23.0,3.8,3.8,3.8,3.8,0.0,0.0
9.0,22.0,3.8,3.8,3.8,3.8,300.0,0.0
9.0,21.0,3.8,3.8,3.8,3.8,200.0,0.0
9.0,20.0,3.8,3.8,3.8,3.8,2200.0,0.0
9.0,17.0,3.61,3.61,3.61,3.61,0.0,0.0
9.0,16.0,3.61,3.61,3.61,3.61,0.0,0.0
9.0,15.0,3.61,3.61,3.61,3.61,0.0,0.0
9.0,14.0,3.61,3.61,3.61,3.61,0.0,0.0
9.0,13.0,3.61,3.61,3.61,3.61,2400.0,0.0
9.0,10.0,3.5,3.5,3.5,3.5,0.0,0.0
9.0,9.0,3.5,3.5,3.5,3.5,0.0,0.0
9.0,8.0,3.5,3.5,3.5,3.5,0.0,0.0
9.0,7.0,3.5,3.5,3.5,3.5,0.0,0.0
9.0,3.0,3.5,3.5,3.5,3.5,0.0,0.0
9.0,2.0,3.5,3.5,3.5,3.5,0.0,0.0
9.0,1.0,3.5,3.5,3.5,3.5,0.0,0.0
8.0,31.0,3.5,3.5,3.5,3.5,0.0,0.0
8.0,30.0,3.5,3.5,3.5,3.5,0.0,0.0
8.0,27.0,3.5,3.5,3.5,3.5,0.0,0.0
8.0,26.0,3.5,3.5,3.5,3.5,0.0,0.0
8.0,25.0,3.5,3.5,3.5,3.5,2400.0,0.0
8.0,24.0,3.5,3.5,3.5,3.5,0.0,0.0
8.0,23.0,3.5,3.5,3.5,3.5,0.0,0.0
8.0,20.0,3.5,3.5,3.5,3.5,0.0,0.0
8.0,19.0,3.5,3.5,3.5,3.5,0.0,0.0
8.0,18.0,3.5,3.5,3.5,3.5,0.0,0.0
8.0,17.0,3.5,3.5,3.5,3.5,0.0,0.0
8.0,16.0,3.5,3.5,3.5,3.5,0.0,0.0
8.0,13.0,3.5,3.5,3.5,3.5,0.0,0.0
8.0,12.0,3.5,3.5,3.5,3.5,0.0,0.0
8.0,11.0,3.5,3.5,3.5,3.5,1900.0,0.0
8.0,10.0,3.41,3.41,3.41,3.41,0.0,0.0
8.0,9.0,3.41,3.41,3.41,3.41,0.0,0.0
8.0,6.0,3.41,3.41,3.41,3.41,0.0,0.0
8.0,5.0,3.41,3.41,3.41,3.41,0.0,0.0
8.0,4.0,3.41,3.41,3.41,3.41,400.0,0.0
8.0,3.0,3.32,3.32,3.32,3.32,0.0,0.0
8.0,2.0,3.32,3.32,3.32,3.32,0.0,0.0
7.0,30.0,3.32,3.32,3.32,3.32,0.0,0.0
7.0,29.0,3.32,3.32,3.32,3.32,0.0,0.0
7.0,28.0,3.32,3.32,3.32,3.32,0.0,0.0
7.0,27.0,3.32,3.32,3.32,3.32,0.0,0.0
7.0,26.0,3.32,3.32,3.32,3.32,600.0,0.0
7.0,23.0,3.08,3.08,3.08,3.08,0.0,0.0
7.0,22.0,3.08,3.08,3.08,3.08,0.0,0.0
7.0,21.0,3.08,3.08,3.08,3.08,0.0,0.0
7.0,20.0,3.08,3.08,3.08,3.08,0.0,0.0
7.0,19.0,3.08,3.08,3.08,3.08,0.0,0.0
7.0,16.0,3.08,3.08,3.08,3.08,0.0,0.0
7.0,15.0,3.08,3.08,3.08,3.08,0.0,0.0
7.0,14.0,3.08,3.08,3.08,3.08,0.0,0.0
7.0,13.0,3.08,3.08,3.08,3.08,0.0,0.0
7.0,12.0,3.08,3.08,3.08,3.08,0.0,0.0
7.0,9.0,3.08,3.08,3.08,3.08,0.0,0.0
7.0,8.0,3.08,3.08,3.08,3.08,0.0,0.0
7.0,7.0,3.08,3.08,3.08,3.08,0.0,0.0
7.0,6.0,3.08,3.08,3.08,3.08,0.0,0.0
7.0,2.0,3.08,3.08,3.08,3.08,0.0,0.0
7.0,1.0,3.08,3.08,3.08,3.08,0.0,0.0
6.0,30.0,3.08,3.08,3.08,3.08,0.0,0.0
6.0,29.0,3.08,3.08,3.08,3.08,200.0,0.0
6.0,28.0,3.15,3.15,3.15,3.15,0.0,0.0
6.0,25.0,3.15,3.15,3.15,3.15,0.0,0.0
6.0,24.0,3.15,3.15,3.15,3.15,2100.0,0.0
6.0,23.0,2.75,2.75,2.75,2.75,0.0,0.0
6.0,22.0,2.75,2.75,2.75,2.75,0.0,0.0
6.0,21.0,2.75,2.75,2.75,2.75,0.0,0.0
6.0,18.0,2.75,2.75,2.75,2.75,0.0,0.0
6.0,17.0,2.75,2.75,2.75,2.75,0.0,0.0
6.0,16.0,2.75,2.75,2.75,2.75,0.0,0.0
6.0,15.0,2.75,2.75,2.75,2.75,0.0,0.0
6.0,14.0,2.75,2.75,2.75,2.75,0.0,0.0
6.0,11.0,2.75,2.75,2.75,2.75,0.0,0.0
6.0,10.0,2.75,2.75,2.75,2.75,0.0,0.0
6.0,9.0,2.75,2.75,2.75,2.75,0.0,0.0
6.0,8.0,2.75,2.75,2.75,2.75,0.0,0.0
6.0,7.0,2.75,2.75,2.75,2.75,0.0,0.0
6.0,4.0,2.75,2.75,2.75,2.75,100.0,0.0
6.0,3.0,2.74,2.74,2.74,2.74,7000.0,0.0
6.0,2.0,2.74,2.74,2.74,2.74,0.0,0.0
6.0,1.0,2.74,2.74,2.74,2.74,0.0,0.0
5.0,28.0,2.74,2.74,2.74,2.74,0.0,0.0
5.0,27.0,2.74,2.74,2.74,2.74,300.0,0.0
5.0,26.0,2.74,2.74,2.74,2.74,0.0,0.0
5.0,25.0,2.74,2.74,2.74,2.74,0.0,0.0
5.0,24.0,2.74,2.74,2.74,2.74,0.0,0.0
5.0,21.0,2.74,2.74,2.74,2.74,0.0,0.0
5.0,20.0,2.74,2.74,2.74,2.74,300.0,0.0
5.0,19.0,2.85,2.85,2.85,2.85,0.0,0.0
5.0,18.0,2.85,2.85,2.85,2.85,0.0,0.0
5.0,17.0,2.85,2.85,2.85,2.85,300.0,0.0
5.0,14.0,2.88,2.88,2.88,2.88,0.0,0.0
5.0,13.0,2.88,2.88,2.88,2.88,1500.0,0.0
5.0,12.0,2.92,2.92,2.92,2.92,0.0,0.0
5.0,11.0,2.95,2.95,2.92,2.92,6700.0,-0.03000000000000025
5.0,10.0,3.1,3.1,3.1,3.1,0.0,0.0
5.0,7.0,3.1,3.1,3.1,3.1,0.0,0.0
5.0,6.0,3.1,3.1,3.1,3.1,0.0,0.0
5.0,5.0,3.1,3.1,3.1,3.1,0.0,0.0
5.0,4.0,3.1,3.1,3.1,3.1,0.0,0.0
5.0,3.0,3.1,3.1,3.1,3.1,0.0,0.0
4.0,30.0,3.1,3.1,3.1,3.1,500.0,0.0
4.0,29.0,3.19,3.19,3.19,3.19,0.0,0.0
4.0,28.0,3.19,3.19,3.19,3.19,0.0,0.0
4.0,27.0,3.19,3.19,3.19,3.19,0.0,0.0
4.0,26.0,3.19,3.19,3.19,3.19,300.0,0.0
4.0,23.0,3.09,3.09,3.09,3.09,0.0,0.0
4.0,22.0,3.09,3.09,3.09,3.09,0.0,0.0
4.0,21.0,3.09,3.09,3.09,3.09,0.0,0.0
4.0,20.0,3.09,3.09,3.09,3.09,0.0,0.0
4.0,19.0,3.09,3.09,3.09,3.09,0.0,0.0
4.0,16.0,3.09,3.09,3.09,3.09,0.0,0.0
4.0,15.0,3.09,3.09,3.09,3.09,0.0,0.0
4.0,14.0,3.09,3.09,3.09,3.09,0.0,0.0
4.0,13.0,3.09,3.09,3.09,3.09,0.0,0.0
4.0,12.0,3.09,3.09,3.09,3.09,0.0,0.0
4.0,9.0,3.09,3.09,3.09,3.09,0.0,0.0
4.0,8.0,3.09,3.09,3.09,3.09,0.0,0.0
4.0,7.0,3.09,3.09,3.09,3.09,0.0,0.0
4.0,6.0,3.09,3.09,3.09,3.09,0.0,0.0
4.0,5.0,3.09,3.09,3.09,3.09,0.0,0.0
4.0,1.0,3.09,3.09,3.09,3.09,0.0,0.0
3.0,31.0,3.09,3.09,3.09,3.09,4000.0,0.0
3.0,30.0,3.18,3.18,3.18,3.18,900.0,0.0
3.0,29.0,2.99,2.99,2.99,2.99,0.0,0.0
3.0,26.0,2.99,2.99,2.99,2.99,0.0,0.0
3.0,25.0,2.99,2.99,2.99,2.99,0.0,0.0
3.0,24.0,2.99,2.99,2.99,2.99,800.0,0.0
3.0,23.0,2.97,2.97,2.97,2.97,0.0,0.0
3.0,22.0,2.97,2.97,2.97,2.97,11200.0,0.0
3.0,19.0,3.21,3.21,3.21,3.21,0.0,0.0
3.0,18.0,3.21,3.21,3.21,3.21,0.0,0.0
3.0,17.0,3.21,3.21,3.21,3.21,0.0,0.0
3.0,16.0,3.21,3.21,3.21,3.21,0.0,0.0
3.0,15.0,3.21,3.21,3.21,3.21,0.0,0.0
3.0,12.0,3.21,3.21,3.21,3.21,0.0,0.0
3.0,11.0,3.21,3.21,3.21,3.21,1500.0,0.0
3.0,10.0,2.9,2.9,2.9,2.9,0.0,0.0
3.0,9.0,2.9,2.9,2.9,2.9,0.0,0.0
3.0,8.0,2.9,2.9,2.9,2.9,0.0,0.0
3.0,5.0,2.9,2.9,2.9,2.9,0.0,0.0
3.0,4.0,2.9,2.9,2.9,2.9,0.0,0.0
3.0,3.0,2.9,2.9,2.9,2.9,800.0,0.0
3.0,2.0,2.94,2.94,2.94,2.94,0.0,0.0
3.0,1.0,2.94,2.94,2.94,2.94,0.0,0.0
2.0,26.0,2.94,2.94,2.94,2.94,100.0,0.0
2.0,25.0,2.78,2.78,2.78,2.78,0.0,0.0
2.0,24.0,2.78,2.78,2.78,2.78,0.0,0.0
2.0,23.0,2.78,2.78,2.78,2.78,0.0,0.0
2.0,22.0,2.78,2.78,2.78,2.78,0.0,0.0
2.0,19.0,2.78,2.78,2.78,2.78,0.0,0.0
2.0,18.0,2.78,2.78,2.78,2.78,0.0,0.0
2.0,17.0,2.78,2.78,2.78,2.78,100.0,0.0
2.0,16.0,3.05,3.05,3.05,3.05,0.0,0.0
2.0,12.0,3.05,3.05,3.05,3.05,0.0,0.0
2.0,11.0,3.05,3.05,3.05,3.05,0.0,0.0
2.0,10.0,3.05,3.05,3.05,3.05,0.0,0.0
2.0,9.0,3.05,3.05,3.05,3.05,0.0,0.0
2.0,8.0,3.05,3.05,3.05,3.05,0.0,0.0
2.0,5.0,3.05,3.05,3.05,3.05,0.0,0.0
2.0,4.0,3.05,3.05,3.05,3.05,0.0,0.0
2.0,3.0,3.08,3.08,3.05,3.05,1500.0,-0.03000000000000025
2.0,2.0,2.93,2.93,2.93,2.93,0.0,0.0
2.0,1.0,2.93,2.93,2.93,2.93,0.0,0.0
1.0,29.0,2.93,2.93,2.93,2.93,0.0,0.0
1.0,28.0,2.93,2.93,2.93,2.93,0.0,0.0
1.0,27.0,2.93,2.93,2.93,2.93,0.0,0.0
1.0,26.0,2.93,2.93,2.93,2.93,0.0,0.0
1.0,25.0,2.93,2.93,2.93,2.93,900.0,0.0
1.0,22.0,2.86,2.86,2.86,2.86,0.0,0.0
1.0,21.0,2.86,2.86,2.86,2.86,0.0,0.0
1.0,20.0,2.86,2.86,2.86,2.86,0.0,0.0
1.0,19.0,2.86,2.86,2.86,2.86,0.0,0.0
1.0,15.0,2.86,2.86,2.86,2.86,0.0,0.0
1.0,14.0,2.86,2.86,2.86,2.86,0.0,0.0
1.0,13.0,2.86,2.86,2.86,2.86,0.0,0.0
1.0,12.0,2.86,2.86,2.86,2.86,0.0,0.0
1.0,11.0,2.86,2.86,2.86,2.86,0.0,0.0
1.0,8.0,2.86,2.86,2.86,2.86,5000.0,0.0
1.0,7.0,2.21,2.21,2.21,2.21,0.0,0.0
1.0,6.0,2.21,2.21,2.21,2.21,0.0,0.0
1.0,5.0,2.21,2.21,2.21,2.21,0.0,0.0
1.0,4.0,2.21,2.21,2.21,2.21,0.0,0.0
12.0,31.0,2.21,2.21,2.21,2.21,0.0,0.0
12.0,30.0,2.21,2.21,2.21,2.21,0.0,0.0
12.0,29.0,2.21,2.21,2.21,2.21,0.0,0.0
12.0,28.0,2.21,2.21,2.21,2.21,0.0,0.0
12.0,24.0,2.21,2.21,2.21,2.21,0.0,0.0
12.0,23.0,2.21,2.21,2.21,2.21,0.0,0.0
12.0,22.0,2.21,2.21,2.21,2.21,0.0,0.0
12.0,21.0,2.21,2.21,2.21,2.21,0.0,0.0
12.0,18.0,2.21,2.21,2.21,2.21,0.0,0.0
12.0,17.0,2.21,2.21,2.21,2.21,0.0,0.0
12.0,16.0,2.21,2.21,2.21,2.21,0.0,0.0
12.0,15.0,2.21,2.21,2.21,2.21,0.0,0.0
12.0,14.0,2.21,2.21,2.21,2.21,0.0,0.0
12.0,11.0,2.21,2.21,2.21,2.21,0.0,0.0
12.0,10.0,2.21,2.21,2.21,2.21,0.0,0.0
12.0,9.0,2.21,2.21,2.21,2.21,0.0,0.0
12.0,8.0,2.21,2.21,2.21,2.21,0.0,0.0
12.0,7.0,2.21,2.21,2.21,2.21,0.0,0.0
12.0,4.0,2.21,2.21,2.21,2.21,0.0,0.0
12.0,3.0,2.21,2.21,2.21,2.21,0.0,0.0
12.0,2.0,2.21,2.21,2.21,2.21,0.0,0.0
12.0,1.0,2.21,2.21,2.21,2.21,0.0,0.0
11.0,30.0,2.21,2.21,2.21,2.21,0.0,0.0
11.0,27.0,2.21,2.21,2.21,2.21,0.0,0.0
11.0,25.0,2.21,2.21,2.21,2.21,0.0,0.0
11.0,24.0,2.21,2.21,2.21,2.21,0.0,0.0
11.0,23.0,2.21,2.21,2.21,2.21,0.0,0.0
11.0,20.0,2.21,2.21,2.21,2.21,0.0,0.0
11.0,19.0,2.21,2.21,2.21,2.21,0.0,0.0
11.0,18.0,2.21,2.21,2.21,2.21,0.0,0.0
11.0,17.0,2.21,2.21,2.21,2.21,0.0,0.0
11.0,16.0,2.21,2.21,2.21,2.21,0.0,0.0
11.0,13.0,2.21,2.21,2.21,2.21,0.0,0.0
11.0,12.0,2.21,2.21,2.21,2.21,0.0,0.0
11.0,11.0,2.21,2.21,2.21,2.21,0.0,0.0
11.0,10.0,2.21,2.21,2.21,2.21,0.0,0.0
11.0,9.0,2.21,2.21,2.21,2.21,0.0,0.0
11.0,6.0,2.21,2.21,2.21,2.21,0.0,0.0
11.0,5.0,2.21,2.21,2.21,2.21,0.0,0.0
11.0,4.0,2.21,2.21,2.21,2.21,0.0,0.0
11.0,3.0,2.21,2.21,2.21,2.21,0.0,0.0
11.0,2.0,2.21,2.21,2.21,2.21,0.0,0.0
10.0,30.0,2.21,2.21,2.21,2.21,0.0,0.0
10.0,29.0,2.21,2.21,2.21,2.21,0.0,0.0
10.0,28.0,2.21,2.21,2.21,2.21,0.0,0.0
10.0,27.0,2.21,2.21,2.21,2.21,0.0,0.0
10.0,26.0,2.21,2.21,2.21,2.21,0.0,0.0
10.0,23.0,2.21,2.21,2.21,2.21,0.0,0.0
10.0,22.0,2.21,2.21,2.21,2.21,0.0,0.0
10.0,21.0,2.21,2.21,2.21,2.21,0.0,0.0
10.0,20.0,2.21,2.21,2.21,2.21,0.0,0.0
10.0,19.0,2.21,2.21,2.21,2.21,5000.0,0.0
10.0,16.0,2.12,2.12,2.12,2.12,0.0,0.0
10.0,15.0,2.12,2.12,2.12,2.12,0.0,0.0
10.0,14.0,2.12,2.12,2.12,2.12,0.0,0.0
10.0,13.0,2.12,2.12,2.12,2.12,0.0,0.0
10.0,12.0,2.12,2.12,2.12,2.12,0.0,0.0
10.0,9.0,2.12,2.12,2.12,2.12,2000.0,0.0
10.0,8.0,1.73,1.73,1.73,1.73,0.0,0.0
10.0,7.0,1.73,1.73,1.73,1.73,0.0,0.0
10.0,6.0,1.73,1.73,1.73,1.73,0.0,0.0
10.0,5.0,1.73,1.73,1.73,1.73,0.0,0.0
10.0,2.0,1.73,1.73,1.73,1.73,0.0,0.0
10.0,1.0,1.73,1.73,1.73,1.73,0.0,0.0
9.0,30.0,1.73,1.73,1.73,1.73,0.0,0.0
9.0,29.0,1.73,1.73,1.73,1.73,0.0,0.0
9.0,28.0,1.73,1.73,1.73,1.73,0.0,0.0
9.0,25.0,1.73,1.73,1.73,1.73,0.0,0.0
9.0,24.0,1.73,1.73,1.73,1.73,0.0,0.0
9.0,23.0,1.73,1.73,1.73,1.73,0.0,0.0
9.0,22.0,1.73,1.73,1.73,1.73,0.0,0.0
9.0,21.0,1.73,1.73,1.73,1.73,0.0,0.0
9.0,18.0,1.73,1.73,1.73,1.73,0.0,0.0
9.0,17.0,1.73,1.73,1.73,1.73,0.0,0.0
9.0,16.0,1.73,1.73,1.73,1.73,0.0,0.0
9.0,15.0,1.73,1.73,1.73,1.73,0.0,0.0
9.0,14.0,1.73,1.73,1.73,1.73,0.0,0.0
9.0,11.0,1.73,1.73,1.73,1.73,0.0,0.0
9.0,10.0,1.73,1.73,1.73,1.73,0.0,0.0
9.0,9.0,1.73,1.73,1.73,1.73,0.0,0.0
9.0,8.0,1.73,1.73,1.73,1.73,0.0,0.0
9.0,4.0,1.73,1.73,1.73,1.73,0.0,0.0
9.0,3.0,1.73,1.73,1.73,1.73,0.0,0.0
9.0,2.0,1.73,1.73,1.73,1.73,0.0,0.0
9.0,1.0,1.73,1.73,1.73,1.73,0.0,0.0
8.0,31.0,1.73,1.73,1.73,1.73,0.0,0.0
8.0,28.0,1.73,1.73,1.73,1.73,500.0,0.0
8.0,27.0,1.69,1.69,1.69,1.69,0.0,0.0
8.0,26.0,1.69,1.69,1.69,1.69,0.0,0.0
8.0,25.0,1.69,1.69,1.69,1.69,0.0,0.0
8.0,24.0,1.69,1.69,1.69,1.69,0.0,0.0
8.0,21.0,1.69,1.69,1.69,1.69,0.0,0.0
8.0,20.0,1.69,1.69,1.69,1.69,500.0,0.0
8.0,19.0,1.6,1.6,1.6,1.6,0.0,0.0
8.0,18.0,1.6,1.6,1.6,1.6,0.0,0.0
8.0,17.0,1.6,1.6,1.6,1.6,1100.0,0.0
8.0,14.0,1.76,1.76,1.76,1.76,0.0,0.0
8.0,13.0,1.76,1.76,1.76,1.76,2000.0,0.0
8.0,12.0,1.75,1.75,1.75,1.75,1200.0,0.0
8.0,11.0,1.53,1.53,1.53,1.53,0.0,0.0
8.0,10.0,1.53,1.53,1.53,1.53,0.0,0.0
8.0,7.0,1.53,1.53,1.53,1.53,0.0,0.0
8.0,6.0,1.53,1.53,1.53,1.53,0.0,0.0
8.0,5.0,1.53,1.53,1.53,1.53,0.0,0.0
8.0,4.0,1.53,1.53,1.53,1.53,0.0,0.0
8.0,3.0,1.53,1.53,1.53,1.53,0.0,0.0
7.0,31.0,1.53,1.53,1.53,1.53,0.0,0.0
7.0,30.0,1.53,1.53,1.53,1.53,0.0,0.0
7.0,29.0,1.53,1.53,1.53,1.53,0.0,0.0
7.0,28.0,1.53,1.53,1.53,1.53,0.0,0.0
7.0,27.0,1.53,1.53,1.53,1.53,0.0,0.0
7.0,24.0,1.53,1.53,1.53,1.53,0.0,0.0
7.0,23.0,1.53,1.53,1.53,1.53,0.0,0.0
7.0,22.0,1.53,1.53,1.53,1.53,0.0,0.0
7.0,21.0,1.53,1.53,1.53,1.53,0.0,0.0
7.0,20.0,1.53,1.53,1.53,1.53,0.0,0.0
7.0,17.0,1.53,1.53,1.53,1.53,0.0,0.0
7.0,16.0,1.53,1.53,1.53,1.53,0.0,0.0
7.0,15.0,1.53,1.53,1.53,1.53,0.0,0.0
7.0,14.0,1.53,1.53,1.53,1.53,0.0,0.0
7.0,13.0,1.53,1.53,1.53,1.53,0.0,0.0
7.0,10.0,1.53,1.53,1.53,1.53,0.0,0.0
7.0,9.0,1.53,1.53,1.53,1.53,0.0,0.0
7.0,8.0,1.53,1.53,1.53,1.53,0.0,0.0
7.0,7.0,1.53,1.53,1.53,1.53,0.0,0.0
7.0,6.0,1.53,1.53,1.53,1.53,0.0,0.0
7.0,2.0,1.53,1.53,1.53,1.53,0.0,0.0
7.0,1.0,1.53,1.53,1.53,1.53,0.0,0.0
6.0,30.0,1.53,1.53,1.53,1.53,0.0,0.0
