9.0,25.0,6.2,6.43,6.19,6.4,48200.0,0.20000000000000018
9.0,24.0,6.18,6.39,6.08,6.23,70900.0,0.05000000000000071
9.0,23.0,6.15,6.2,6.06,6.18,42800.0,0.02999999999999936
9.0,22.0,6.4,6.42,6.1,6.2,61800.0,-0.20000000000000018
9.0,21.0,6.3,6.48,6.3,6.42,29000.0,0.1200000000000001
9.0,18.0,6.48,6.48,6.2,6.29,38500.0,-0.1900000000000004
9.0,17.0,6.31,6.48,6.3,6.46,33800.0,0.15000000000000036
9.0,16.0,6.3,6.4,6.26,6.35,40900.0,0.04999999999999982
9.0,15.0,6.11,6.37,5.95,6.3,80600.0,0.1899999999999995
9.0,14.0,6.17,6.17,5.96,6.15,71400.0,-0.019999999999999574
9.0,11.0,6.0,6.35,5.96,6.21,133400.0,0.20999999999999996
9.0,10.0,5.97,6.13,5.95,6.09,84000.0,0.1200000000000001
9.0,9.0,5.92,6.07,5.9,5.95,115700.0,0.03000000000000025
9.0,8.0,6.0,6.0,5.72,5.81,213900.0,-0.1900000000000004
9.0,4.0,6.09,6.18,5.96,5.97,87500.0,-0.1200000000000001
9.0,3.0,6.29,6.29,6.12,6.17,53900.0,-0.1200000000000001
9.0,2.0,6.05,6.32,6.05,6.3,77400.0,0.25
9.0,1.0,5.91,6.11,5.9,6.09,58400.0,0.17999999999999972
8.0,31.0,5.97,6.1,5.88,6.05,28600.0,0.08000000000000007
8.0,28.0,5.94,6.23,5.84,5.92,157400.0,-0.020000000000000462
8.0,27.0,5.75,6.18,5.75,5.92,169300.0,0.16999999999999993
8.0,26.0,5.83,5.94,5.53,5.69,154900.0,-0.13999999999999968
8.0,25.0,5.4,5.8,5.3,5.76,393500.0,0.35999999999999943
8.0,24.0,6.23,6.23,5.38,5.49,353300.0,-0.7400000000000002
8.0,21.0,6.46,6.58,5.91,6.47,248600.0,0.009999999999999787
8.0,20.0,6.4,6.53,6.4,6.47,244800.0,0.0699999999999994
8.0,19.0,6.57,6.61,6.5,6.56,56700.0,-0.010000000000000675
8.0,18.0,6.58,6.6,6.4,6.49,180300.0,-0.08999999999999986
8.0,17.0,6.59,6.63,6.5,6.58,185600.0,-0.009999999999999787
8.0,14.0,6.6,6.69,6.55,6.58,90800.0,-0.019999999999999574
8.0,13.0,6.6,6.6,6.5,6.56,32000.0,-0.040000000000000036
8.0,12.0,6.39,6.6,6.28,6.55,114600.0,0.16000000000000014
8.0,11.0,6.55,6.65,6.42,6.5,132900.0,-0.04999999999999982
8.0,10.0,6.57,6.68,6.57,6.61,41300.0,0.040000000000000036
8.0,7.0,6.62,6.66,6.55,6.59,14100.0,-0.03000000000000025
8.0,6.0,6.56,6.67,6.56,6.6,50400.0,0.040000000000000036
8.0,5.0,6.55,6.7,6.37,6.56,117200.0,0.009999999999999787
8.0,4.0,6.6,6.68,6.47,6.56,65400.0,-0.040000000000000036
8.0,3.0,6.65,6.66,6.51,6.59,100500.0,-0.0600000000000005
7.0,31.0,6.5,6.62,6.45,6.62,70300.0,0.1200000000000001
7.0,30.0,6.35,6.5,6.35,6.5,69700.0,0.15000000000000036
7.0,29.0,6.4,6.48,6.31,6.38,55900.0,-0.020000000000000462
7.0,28.0,6.5,6.54,6.26,6.42,351100.0,-0.08000000000000007
7.0,27.0,6.44,6.47,6.08,6.47,140900.0,0.02999999999999936
7.0,24.0,6.69,6.69,6.42,6.46,64700.0,-0.23000000000000043
7.0,23.0,6.66,6.7,6.61,6.68,71500.0,0.019999999999999574
7.0,22.0,6.64,6.7,6.53,6.64,95300.0,0.0
7.0,21.0,6.46,6.66,6.41,6.63,187000.0,0.16999999999999993
7.0,20.0,6.64,6.7,6.37,6.39,117700.0,-0.25
7.0,17.0,6.58,6.76,6.39,6.54,279500.0,-0.040000000000000036
7.0,16.0,6.42,6.62,6.25,6.54,108900.0,0.1200000000000001
7.0,15.0,6.58,6.68,6.33,6.34,139600.0,-0.2400000000000002
7.0,14.0,6.49,6.62,6.4,6.62,122400.0,0.1299999999999999
7.0,13.0,6.5,6.6,6.33,6.59,148600.0,0.08999999999999986
7.0,10.0,6.63,6.87,6.23,6.34,366100.0,-0.29000000000000004
7.0,9.0,6.1,6.7,6.1,6.37,193900.0,0.27000000000000046
7.0,8.0,5.85,6.2,5.57,5.81,189000.0,-0.040000000000000036
7.0,7.0,6.02,6.2,5.42,5.95,463400.0,-0.0699999999999994
7.0,6.0,7.0,7.0,5.9,6.02,337500.0,-0.9800000000000004
7.0,2.0,7.0,7.29,7.0,7.16,97600.0,0.16000000000000014
7.0,1.0,7.21,7.25,6.96,6.96,91100.0,-0.25
6.0,30.0,7.16,7.4,7.16,7.3,100800.0,0.13999999999999968
6.0,29.0,7.29,7.45,7.11,7.25,168800.0,-0.040000000000000036
6.0,26.0,7.4,7.49,7.29,7.4,171500.0,0.0
6.0,25.0,7.38,7.6,7.38,7.45,115900.0,0.07000000000000028
6.0,24.0,7.47,7.65,7.29,7.42,164000.0,-0.04999999999999982
6.0,23.0,7.4,7.58,7.38,7.47,119000.0,0.0699999999999994
6.0,22.0,7.41,7.61,7.32,7.4,114900.0,-0.009999999999999787
6.0,19.0,7.53,7.65,7.14,7.4,389700.0,-0.1299999999999999
6.0,18.0,7.37,7.79,7.33,7.53,261100.0,0.16000000000000014
6.0,17.0,7.2,7.7,7.17,7.29,390200.0,0.08999999999999986
6.0,16.0,7.04,7.35,6.9,7.2,236900.0,0.16000000000000014
6.0,15.0,7.25,7.33,7.02,7.04,143800.0,-0.20999999999999996
6.0,12.0,7.25,7.48,7.23,7.32,140400.0,0.07000000000000028
6.0,11.0,7.49,7.52,7.3,7.31,171400.0,-0.1800000000000006
6.0,10.0,7.49,7.68,7.42,7.51,156200.0,0.019999999999999574
6.0,9.0,7.43,7.58,7.2,7.47,446700.0,0.040000000000000036
6.0,8.0,8.08,8.3,7.31,7.39,301600.0,-0.6900000000000004
6.0,5.0,7.4,8.0,6.93,7.82,455600.0,0.41999999999999993
6.0,4.0,8.14,8.29,7.13,7.3,415000.0,-0.8400000000000007
6.0,3.0,8.2,8.74,7.98,8.09,491500.0,-0.10999999999999943
6.0,2.0,7.82,8.47,7.75,8.15,423400.0,0.33000000000000007
6.0,1.0,9.01,9.05,7.65,7.76,733600.0,-1.25
5.0,29.0,7.67,9.48,7.54,9.28,2251100.0,1.6099999999999994
5.0,28.0,6.8,7.48,6.54,7.46,573600.0,0.6600000000000001
5.0,27.0,6.27,7.09,6.27,6.85,1102100.0,0.5800000000000001
5.0,26.0,6.12,6.68,6.08,6.22,739600.0,0.09999999999999964
5.0,22.0,6.09,6.12,6.07,6.12,57400.0,0.03000000000000025
5.0,21.0,6.22,6.22,6.02,6.09,142300.0,-0.1299999999999999
5.0,20.0,5.98,6.23,5.98,6.22,146100.0,0.23999999999999932
5.0,19.0,6.05,6.09,5.65,5.94,157200.0,-0.10999999999999943
5.0,18.0,5.75,6.0,5.73,5.98,129400.0,0.23000000000000043
5.0,15.0,5.86,5.99,5.66,5.78,134000.0,-0.08000000000000007
5.0,14.0,5.73,5.89,5.64,5.84,98000.0,0.10999999999999943
5.0,13.0,5.79,5.85,5.69,5.69,97700.0,-0.09999999999999964
5.0,12.0,5.76,5.83,5.68,5.79,41400.0,0.03000000000000025
5.0,11.0,5.79,5.89,5.76,5.8,45200.0,0.009999999999999787
5.0,8.0,5.73,5.85,5.73,5.81,52300.0,0.07999999999999918
5.0,7.0,5.79,5.8,5.7,5.73,49600.0,-0.05999999999999961
5.0,6.0,5.76,5.9,5.7,5.73,31400.0,-0.02999999999999936
5.0,5.0,5.74,5.84,5.66,5.77,50200.0,0.02999999999999936
5.0,4.0,5.9,5.9,5.6,5.77,37200.0,-0.13000000000000078
5.0,1.0,5.92,5.95,5.84,5.87,28200.0,-0.04999999999999982
4.0,30.0,5.86,5.96,5.79,5.94,44600.0,0.08000000000000007
4.0,29.0,5.99,5.99,5.76,5.9,30400.0,-0.08999999999999986
4.0,28.0,5.74,5.97,5.7,5.95,60500.0,0.20999999999999996
4.0,27.0,5.87,5.9,5.66,5.77,94500.0,-0.10000000000000053
4.0,24.0,5.79,5.96,5.5,5.9,434800.0,0.11000000000000032
4.0,23.0,5.85,5.85,5.65,5.79,44700.0,-0.05999999999999961
4.0,22.0,5.88,5.89,5.7,5.85,101200.0,-0.03000000000000025
4.0,21.0,5.53,5.88,5.52,5.82,113700.0,0.29000000000000004
4.0,20.0,5.47,5.68,5.32,5.65,120800.0,0.1800000000000006
4.0,17.0,5.4,5.55,5.32,5.51,169900.0,0.10999999999999943
4.0,16.0,5.26,5.41,5.26,5.4,89300.0,0.14000000000000057
4.0,15.0,5.25,5.32,5.17,5.24,46800.0,-0.009999999999999787
4.0,14.0,5.4,5.4,5.2,5.26,34100.0,-0.14000000000000057
4.0,13.0,5.3,5.55,5.28,5.37,140500.0,0.07000000000000028
4.0,10.0,5.27,5.3,5.27,5.28,33900.0,0.010000000000000675
4.0,9.0,5.22,5.32,5.15,5.28,48500.0,0.0600000000000005
4.0,8.0,5.12,5.32,5.1,5.19,306700.0,0.07000000000000028
4.0,7.0,5.11,5.13,5.05,5.12,63500.0,0.009999999999999787
4.0,6.0,5.11,5.12,5.05,5.1,100800.0,-0.010000000000000675
4.0,2.0,5.11,5.12,5.05,5.1,45700.0,-0.010000000000000675
4.0,1.0,5.07,5.1,5.06,5.1,44100.0,0.02999999999999936
3.0,31.0,5.05,5.11,5.05,5.08,50000.0,0.03000000000000025
3.0,30.0,5.09,5.12,5.05,5.06,92200.0,-0.03000000000000025
3.0,27.0,5.07,5.1,5.06,5.07,81500.0,0.0
3.0,26.0,5.17,5.17,5.06,5.07,43000.0,-0.09999999999999964
3.0,25.0,5.12,5.19,5.12,5.17,29100.0,0.04999999999999982
3.0,24.0,5.23,5.27,5.15,5.17,153400.0,-0.0600000000000005
3.0,23.0,5.11,5.28,5.11,5.24,115800.0,0.1299999999999999
3.0,20.0,5.1,5.14,5.09,5.1,53100.0,0.0
3.0,19.0,5.09,5.15,5.09,5.1,26000.0,0.009999999999999787
3.0,18.0,5.1,5.15,5.04,5.1,71100.0,0.0
3.0,17.0,5.05,5.16,5.03,5.09,95100.0,0.040000000000000036
3.0,16.0,5.13,5.13,5.09,5.09,46600.0,-0.040000000000000036
3.0,13.0,5.07,5.16,5.04,5.13,48300.0,0.05999999999999961
3.0,12.0,5.1,5.17,5.06,5.07,49400.0,-0.02999999999999936
3.0,11.0,5.03,5.14,5.03,5.12,35400.0,0.08999999999999986
3.0,10.0,5.11,5.13,5.03,5.05,48200.0,-0.0600000000000005
3.0,9.0,5.13,5.15,5.03,5.11,63000.0,-0.019999999999999574
3.0,6.0,5.13,5.18,5.03,5.06,137000.0,-0.07000000000000028
3.0,5.0,5.14,5.2,4.93,5.1,396300.0,-0.040000000000000036
3.0,4.0,5.18,5.18,5.02,5.11,265300.0,-0.0699999999999994
3.0,3.0,5.05,5.29,5.01,5.19,692600.0,0.14000000000000057
3.0,2.0,4.77,4.98,4.64,4.64,103100.0,-0.1299999999999999
2.0,27.0,4.9,4.99,4.78,4.79,91700.0,-0.11000000000000032
2.0,26.0,4.77,4.97,4.73,4.94,60100.0,0.17000000000000082
2.0,25.0,5.06,5.07,4.71,4.81,166400.0,-0.25
2.0,24.0,5.0,5.11,4.98,5.09,32300.0,0.08999999999999986
2.0,23.0,4.95,5.05,4.88,5.02,85900.0,0.0699999999999994
2.0,20.0,4.93,4.98,4.9,4.91,24900.0,-0.019999999999999574
2.0,19.0,4.8,4.97,4.8,4.92,38100.0,0.1200000000000001
2.0,18.0,4.91,5.0,4.64,4.83,228300.0,-0.08000000000000007
2.0,17.0,4.8,5.01,4.8,4.96,163800.0,0.16000000000000014
2.0,13.0,4.99,5.07,4.8,4.83,41200.0,-0.16000000000000014
2.0,12.0,5.14,5.14,4.88,4.95,56800.0,-0.1899999999999995
2.0,11.0,4.79,5.15,4.79,5.05,210300.0,0.2599999999999998
2.0,10.0,4.82,4.83,4.74,4.8,26400.0,-0.020000000000000462
2.0,9.0,4.65,4.82,4.65,4.79,33700.0,0.13999999999999968
2.0,6.0,4.54,4.7,4.51,4.65,58900.0,0.11000000000000032
2.0,5.0,4.45,4.69,4.45,4.56,121500.0,0.10999999999999943
2.0,4.0,4.5,4.54,4.46,4.46,52100.0,-0.040000000000000036
2.0,3.0,4.49,4.55,4.45,4.49,35100.0,0.0
2.0,2.0,4.49,4.52,4.45,4.48,11600.0,-0.009999999999999787
1.0,30.0,4.58,4.58,4.46,4.46,33700.0,-0.1200000000000001
1.0,29.0,4.5,4.6,4.41,4.57,26100.0,0.07000000000000028
1.0,28.0,4.61,4.65,4.48,4.54,110000.0,-0.07000000000000028
1.0,27.0,4.51,4.61,4.5,4.54,17100.0,0.03000000000000025
1.0,26.0,4.67,4.67,4.51,4.53,43400.0,-0.13999999999999968
1.0,23.0,4.54,4.66,4.48,4.62,30100.0,0.08000000000000007
1.0,22.0,4.7,4.76,4.5,4.56,60700.0,-0.14000000000000057
1.0,21.0,4.66,4.7,4.59,4.67,26100.0,0.009999999999999787
1.0,20.0,4.7,4.74,4.51,4.57,97900.0,-0.1299999999999999
1.0,16.0,4.6,4.61,4.5,4.51,69500.0,-0.08999999999999986
1.0,15.0,4.9,4.9,4.18,4.42,342300.0,-0.4800000000000004
1.0,14.0,4.9,4.93,4.81,4.87,35400.0,-0.03000000000000025
1.0,13.0,4.9,4.94,4.8,4.85,35600.0,-0.05000000000000071
1.0,12.0,4.9,4.91,4.71,4.77,30800.0,-0.13000000000000078
1.0,9.0,4.87,4.88,4.7,4.79,36700.0,-0.08000000000000007
1.0,8.0,4.9,4.98,4.72,4.72,46300.0,-0.1800000000000006
1.0,7.0,4.9,4.9,4.7,4.79,28100.0,-0.11000000000000032
1.0,6.0,4.9,4.97,4.67,4.71,80100.0,-0.1900000000000004
1.0,5.0,5.0,5.0,4.82,4.83,102700.0,-0.16999999999999993
1.0,2.0,4.9,5.0,4.89,4.98,41600.0,0.08000000000000007
12.0,31.0,4.96,4.96,4.73,4.75,52200.0,-0.20999999999999996
12.0,30.0,4.8,4.99,4.8,4.93,34800.0,0.1299999999999999
12.0,29.0,4.91,4.92,4.81,4.82,33400.0,-0.08999999999999986
12.0,26.0,4.88,5.08,4.88,4.94,53300.0,0.0600000000000005
12.0,24.0,4.73,4.94,4.73,4.83,31900.0,0.09999999999999964
12.0,23.0,4.72,4.76,4.61,4.69,46900.0,-0.02999999999999936
12.0,22.0,4.81,4.87,4.6,4.73,38600.0,-0.07999999999999918
12.0,19.0,4.53,4.84,4.53,4.77,36000.0,0.23999999999999932
12.0,18.0,4.98,4.99,4.5,4.53,129700.0,-0.4500000000000002
12.0,17.0,4.85,4.97,4.85,4.91,40300.0,0.0600000000000005
12.0,16.0,4.77,4.97,4.77,4.88,73000.0,0.11000000000000032
12.0,15.0,4.69,4.98,4.69,4.77,96900.0,0.07999999999999918
12.0,12.0,4.56,4.79,4.5,4.74,79600.0,0.1800000000000006
12.0,11.0,4.49,4.83,4.46,4.56,149200.0,0.0699999999999994
12.0,10.0,4.56,4.62,4.39,4.45,58800.0,-0.10999999999999943
12.0,9.0,4.4,4.64,4.4,4.55,56900.0,0.14999999999999947
12.0,8.0,4.55,4.57,4.4,4.41,132800.0,-0.13999999999999968
12.0,5.0,4.56,4.64,4.51,4.61,34500.0,0.05000000000000071
12.0,4.0,4.64,4.76,4.4,4.51,110900.0,-0.1299999999999999
12.0,3.0,4.65,4.7,4.6,4.69,55500.0,0.040000000000000036
12.0,2.0,4.56,4.8,4.35,4.61,181700.0,0.05000000000000071
12.0,1.0,4.83,4.83,4.56,4.57,183900.0,-0.2599999999999998
11.0,28.0,4.86,4.87,4.81,4.83,32300.0,-0.03000000000000025
11.0,26.0,5.02,5.03,4.81,4.86,167600.0,-0.15999999999999925
11.0,25.0,5.06,5.09,5.02,5.03,36800.0,-0.02999999999999936
11.0,24.0,5.06,5.11,5.0,5.09,45300.0,0.03000000000000025
11.0,21.0,5.1,5.25,5.01,5.09,90300.0,-0.009999999999999787
11.0,20.0,5.37,5.37,4.91,5.0,139700.0,-0.3700000000000001
11.0,19.0,5.23,5.46,5.23,5.29,95200.0,0.05999999999999961
11.0,18.0,5.33,5.33,5.23,5.26,34500.0,-0.07000000000000028
11.0,17.0,5.35,5.44,5.24,5.28,39300.0,-0.0699999999999994
11.0,14.0,5.24,5.41,5.2,5.35,27000.0,0.10999999999999943
11.0,13.0,5.6,5.6,5.26,5.27,38800.0,-0.33000000000000007
11.0,12.0,5.22,5.75,5.13,5.64,669800.0,0.41999999999999993
11.0,11.0,5.31,5.41,5.22,5.22,55200.0,-0.08999999999999986
11.0,10.0,5.39,5.47,5.32,5.4,60000.0,0.010000000000000675
11.0,7.0,5.27,5.56,5.27,5.41,58600.0,0.14000000000000057
11.0,6.0,5.32,5.34,5.21,5.31,27800.0,-0.010000000000000675
11.0,5.0,5.47,5.79,5.17,5.35,430100.0,-0.1200000000000001
11.0,4.0,5.45,5.5,5.37,5.5,125900.0,0.04999999999999982
11.0,3.0,5.49,5.58,5.36,5.36,113300.0,-0.1299999999999999
10.0,31.0,5.53,5.53,5.39,5.43,36600.0,-0.10000000000000053
10.0,30.0,5.3,5.65,5.28,5.51,337200.0,0.20999999999999996
10.0,29.0,5.29,5.3,5.21,5.22,81700.0,-0.07000000000000028
10.0,28.0,5.16,5.3,5.13,5.2,44100.0,0.040000000000000036
10.0,27.0,5.11,5.28,5.09,5.11,55200.0,0.0
10.0,24.0,5.18,5.27,5.01,5.01,132300.0,-0.16999999999999993
10.0,23.0,5.2,5.3,5.14,5.14,90900.0,-0.0600000000000005
10.0,22.0,5.2,5.33,5.14,5.14,175000.0,-0.0600000000000005
10.0,21.0,5.2,5.28,5.17,5.2,167200.0,0.0
10.0,20.0,5.23,5.31,5.16,5.2,143600.0,-0.03000000000000025
10.0,17.0,5.35,5.44,5.18,5.28,114800.0,-0.0699999999999994
10.0,16.0,5.26,5.61,5.26,5.32,90200.0,0.0600000000000005
10.0,15.0,5.22,5.5,5.11,5.37,106100.0,0.15000000000000036
10.0,14.0,5.2,5.37,5.16,5.22,112900.0,0.019999999999999574
10.0,13.0,5.56,5.63,5.15,5.21,207400.0,-0.34999999999999964
10.0,10.0,5.81,5.94,5.32,5.5,261100.0,-0.3099999999999996
10.0,9.0,6.36,6.42,6.15,6.2,157300.0,-0.16000000000000014
10.0,8.0,6.21,6.53,6.15,6.38,210800.0,0.16999999999999993
10.0,7.0,6.2,6.58,6.05,6.21,295500.0,0.009999999999999787
10.0,6.0,6.59,6.6,6.19,6.2,131900.0,-0.3899999999999997
10.0,3.0,6.48,6.63,6.36,6.52,203900.0,0.03999999999999915
10.0,2.0,6.34,6.55,6.32,6.39,302600.0,0.04999999999999982
10.0,1.0,6.58,6.62,6.29,6.29,192100.0,-0.29000000000000004
9.0,30.0,6.49,6.9,6.37,6.56,515900.0,0.0699999999999994
9.0,29.0,5.9,6.49,5.85,6.49,430100.0,0.5899999999999999
9.0,26.0,5.62,5.74,5.58,5.68,31900.0,0.05999999999999961
9.0,25.0,5.79,5.79,5.56,5.59,46600.0,-0.20000000000000018
9.0,24.0,5.72,5.79,5.6,5.79,32500.0,0.07000000000000028
9.0,23.0,5.69,5.72,5.69,5.71,16300.0,0.019999999999999574
9.0,22.0,5.69,5.8,5.69,5.72,38500.0,0.02999999999999936
9.0,19.0,5.72,5.8,5.69,5.74,127000.0,0.020000000000000462
9.0,18.0,5.8,5.8,5.69,5.74,83400.0,-0.05999999999999961
9.0,17.0,5.74,5.89,5.71,5.75,23200.0,0.009999999999999787
9.0,16.0,5.7,5.75,5.7,5.71,26200.0,0.009999999999999787
9.0,15.0,6.0,6.0,5.71,5.71,80700.0,-0.29000000000000004
9.0,12.0,5.83,5.98,5.8,5.94,56300.0,0.11000000000000032
9.0,11.0,5.87,5.92,5.78,5.81,48500.0,-0.0600000000000005
9.0,10.0,6.03,6.03,5.82,5.88,31000.0,-0.15000000000000036
9.0,9.0,6.0,6.11,5.94,6.03,41700.0,0.03000000000000025
9.0,8.0,5.9,6.09,5.8,5.97,62400.0,0.0699999999999994
9.0,5.0,5.78,5.95,5.78,5.94,43300.0,0.16000000000000014
9.0,4.0,5.87,5.96,5.81,5.84,21000.0,-0.03000000000000025
9.0,3.0,6.0,6.0,5.78,5.79,51900.0,-0.20999999999999996
9.0,2.0,5.8,5.99,5.78,5.89,63300.0,0.08999999999999986
8.0,29.0,5.75,5.88,5.72,5.78,25600.0,0.03000000000000025
8.0,28.0,6.01,6.01,5.68,5.77,157100.0,-0.2400000000000002
8.0,27.0,6.12,6.18,5.92,6.02,70200.0,-0.10000000000000053
8.0,26.0,5.7,6.19,5.69,6.15,214800.0,0.4500000000000002
8.0,25.0,5.73,5.76,5.69,5.7,37100.0,-0.03000000000000025
8.0,22.0,5.7,5.74,5.68,5.72,26300.0,0.019999999999999574
8.0,21.0,5.74,5.74,5.68,5.7,21800.0,-0.040000000000000036
8.0,20.0,5.72,5.73,5.69,5.73,23600.0,0.010000000000000675
8.0,19.0,5.74,5.75,5.72,5.75,28600.0,0.009999999999999787
8.0,18.0,5.69,5.76,5.66,5.75,61800.0,0.05999999999999961
8.0,15.0,5.73,5.75,5.65,5.68,33900.0,-0.05000000000000071
8.0,14.0,5.62,5.76,5.62,5.72,56400.0,0.09999999999999964
8.0,13.0,5.54,5.71,5.53,5.7,73900.0,0.16000000000000014
8.0,12.0,5.55,5.55,5.49,5.49,18100.0,-0.05999999999999961
8.0,11.0,5.41,5.55,5.41,5.54,30500.0,0.1299999999999999
8.0,8.0,5.42,5.51,5.37,5.41,71300.0,-0.009999999999999787
8.0,7.0,5.5,5.59,5.39,5.45,90400.0,-0.04999999999999982
8.0,6.0,5.72,5.82,5.47,5.48,87500.0,-0.23999999999999932
8.0,5.0,5.69,5.82,5.56,5.76,88100.0,0.0699999999999994
8.0,4.0,5.68,5.82,5.55,5.64,74500.0,-0.040000000000000036
8.0,1.0,5.72,5.83,5.62,5.7,45800.0,-0.019999999999999574
7.0,31.0,5.8,5.88,5.56,5.71,72100.0,-0.08999999999999986
7.0,30.0,5.69,5.94,5.68,5.82,104800.0,0.1299999999999999
7.0,29.0,5.5,5.79,5.37,5.65,250700.0,0.15000000000000036
7.0,28.0,5.31,5.5,5.31,5.43,456400.0,0.1200000000000001
7.0,25.0,5.37,5.37,5.26,5.31,47300.0,-0.0600000000000005
7.0,24.0,5.56,5.61,5.36,5.36,312100.0,-0.1999999999999993
7.0,23.0,5.55,5.65,5.48,5.55,53600.0,0.0
7.0,22.0,5.45,5.7,5.38,5.57,78100.0,0.1200000000000001
7.0,21.0,5.38,5.59,5.35,5.46,50200.0,0.08000000000000007
7.0,18.0,5.4,5.46,5.36,5.36,41500.0,-0.040000000000000036
7.0,17.0,5.45,5.56,5.4,5.41,25900.0,-0.040000000000000036
7.0,16.0,5.57,5.57,5.46,5.46,25400.0,-0.11000000000000032
7.0,15.0,5.66,5.66,5.48,5.55,35400.0,-0.11000000000000032
7.0,14.0,5.57,5.64,5.45,5.61,81200.0,0.040000000000000036
7.0,11.0,5.62,5.63,5.5,5.5,36700.0,-0.1200000000000001
7.0,10.0,5.75,5.75,5.45,5.57,144400.0,-0.17999999999999972
7.0,9.0,5.82,5.82,5.68,5.76,58000.0,-0.0600000000000005
7.0,8.0,5.9,5.9,5.58,5.73,134500.0,-0.16999999999999993
7.0,7.0,6.0,6.15,5.8,5.86,49400.0,-0.13999999999999968
7.0,3.0,5.85,5.99,5.84,5.94,36700.0,0.09000000000000075
7.0,2.0,6.12,6.19,5.8,5.84,117600.0,-0.28000000000000025
7.0,1.0,6.16,6.2,6.09,6.13,36800.0,-0.03000000000000025
6.0,30.0,6.2,6.2,6.1,6.1,20300.0,-0.10000000000000053
6.0,27.0,6.2,6.21,6.09,6.11,22800.0,-0.08999999999999986
6.0,26.0,6.11,6.25,5.95,6.22,64600.0,0.10999999999999943
6.0,25.0,6.06,6.18,5.93,6.08,19600.0,0.020000000000000462
6.0,24.0,5.92,6.19,5.92,6.07,66800.0,0.15000000000000036
6.0,23.0,5.91,6.04,5.85,5.95,39400.0,0.040000000000000036
6.0,20.0,6.04,6.04,5.87,5.94,29400.0,-0.09999999999999964
6.0,19.0,5.85,6.15,5.85,6.05,68400.0,0.20000000000000018
6.0,18.0,5.82,5.99,5.82,5.9,34900.0,0.08000000000000007
6.0,17.0,5.76,6.05,5.76,5.86,113600.0,0.10000000000000053
6.0,16.0,5.79,5.85,5.73,5.83,34500.0,0.040000000000000036
6.0,13.0,5.89,5.99,5.76,5.77,78200.0,-0.1200000000000001
6.0,12.0,6.2,6.28,5.81,5.9,179500.0,-0.2999999999999998
6.0,11.0,6.07,6.35,6.04,6.17,79100.0,0.09999999999999964
6.0,10.0,5.7,6.25,5.66,6.15,168500.0,0.4500000000000002
6.0,9.0,5.7,5.82,5.66,5.68,51000.0,-0.020000000000000462
6.0,6.0,5.7,5.89,5.65,5.73,89900.0,0.03000000000000025
6.0,5.0,5.6,5.75,5.45,5.7,60500.0,0.10000000000000053
6.0,4.0,5.43,5.74,5.43,5.52,142000.0,0.08999999999999986
6.0,3.0,5.57,5.84,5.57,5.79,105000.0,0.21999999999999975
6.0,2.0,5.88,5.89,5.65,5.67,124600.0,-0.20999999999999996
5.0,30.0,5.77,6.05,5.72,5.92,161000.0,0.15000000000000036
5.0,29.0,5.6,5.78,5.55,5.78,69600.0,0.1800000000000006
5.0,28.0,5.32,5.67,5.32,5.6,54200.0,0.27999999999999936
5.0,27.0,5.53,5.75,5.21,5.35,190000.0,-0.1800000000000006
5.0,23.0,5.22,5.59,5.19,5.51,58900.0,0.29000000000000004
5.0,22.0,5.3,5.39,5.12,5.23,77600.0,-0.0699999999999994
5.0,21.0,5.3,5.39,5.19,5.28,95100.0,-0.019999999999999574
5.0,20.0,5.3,5.44,5.16,5.23,82000.0,-0.0699999999999994
5.0,19.0,5.3,5.47,5.1,5.28,150300.0,-0.019999999999999574
5.0,16.0,5.65,5.67,5.25,5.31,160900.0,-0.34000000000000075
5.0,15.0,5.82,5.84,5.58,5.61,84900.0,-0.20999999999999996
5.0,14.0,5.87,5.89,5.75,5.78,63600.0,-0.08999999999999986
5.0,13.0,5.73,5.91,5.7,5.85,83300.0,0.11999999999999922
5.0,12.0,5.57,5.85,5.57,5.71,98500.0,0.13999999999999968
5.0,9.0,5.64,5.8,5.52,5.57,62200.0,-0.0699999999999994
5.0,8.0,5.63,5.84,5.63,5.66,42700.0,0.03000000000000025
5.0,7.0,5.82,5.83,5.58,5.67,79900.0,-0.15000000000000036
5.0,6.0,5.89,5.96,5.75,5.84,42300.0,-0.04999999999999982
5.0,5.0,5.91,5.98,5.8,5.9,82000.0,-0.009999999999999787
5.0,2.0,5.87,5.98,5.86,5.9,47100.0,0.03000000000000025
5.0,1.0,5.75,5.92,5.71,5.87,89500.0,0.1200000000000001
4.0,30.0,5.55,5.78,5.51,5.71,64600.0,0.16000000000000014
4.0,29.0,5.55,5.72,5.5,5.54,197200.0,-0.009999999999999787
4.0,28.0,5.88,5.9,5.61,5.67,249100.0,-0.20999999999999996
4.0,25.0,5.98,6.05,5.84,5.88,89000.0,-0.10000000000000053
4.0,24.0,6.06,6.13,5.81,5.99,208000.0,-0.0699999999999994
4.0,23.0,6.18,6.18,5.99,6.01,81000.0,-0.16999999999999993
4.0,22.0,6.25,6.3,6.11,6.19,99100.0,-0.05999999999999961
4.0,21.0,6.27,6.37,6.03,6.24,88800.0,-0.02999999999999936
4.0,17.0,5.96,6.31,5.96,6.22,129800.0,0.2599999999999998
4.0,16.0,6.01,6.09,5.88,5.96,200300.0,-0.04999999999999982
4.0,15.0,6.0,6.05,5.76,5.9,222900.0,-0.09999999999999964
4.0,14.0,6.02,6.13,5.92,6.05,186400.0,0.03000000000000025
4.0,11.0,5.99,6.07,5.9,5.9,84600.0,-0.08999999999999986
4.0,10.0,6.25,6.27,6.05,6.07,72400.0,-0.17999999999999972
4.0,9.0,6.23,6.34,6.22,6.25,115900.0,0.019999999999999574
4.0,8.0,6.1,6.3,6.02,6.22,218200.0,0.1200000000000001
4.0,7.0,6.18,6.36,6.01,6.11,162500.0,-0.0699999999999994
4.0,4.0,6.43,6.44,6.12,6.19,134800.0,-0.23999999999999932
4.0,3.0,6.7,6.79,6.35,6.39,151200.0,-0.3100000000000005
4.0,2.0,6.99,6.99,6.66,6.73,219500.0,-0.2599999999999998
4.0,1.0,6.58,6.96,6.58,6.94,149000.0,0.3600000000000003
3.0,31.0,6.67,6.82,6.5,6.55,84300.0,-0.1200000000000001
3.0,28.0,6.5,6.79,6.45,6.63,147300.0,0.1299999999999999
3.0,27.0,6.69,6.69,6.28,6.45,139800.0,-0.2400000000000002
3.0,26.0,6.81,6.96,6.59,6.68,106700.0,-0.1299999999999999
3.0,25.0,6.8,6.98,6.56,6.8,192000.0,0.0
3.0,24.0,7.03,7.18,6.69,6.85,124800.0,-0.1800000000000006
3.0,21.0,7.15,7.27,7.0,7.16,156600.0,0.009999999999999787
3.0,20.0,7.43,7.47,7.1,7.13,243200.0,-0.2999999999999998
3.0,19.0,7.75,7.81,7.31,7.42,185000.0,-0.33000000000000007
3.0,18.0,7.8,7.8,7.54,7.8,60200.0,0.0
3.0,17.0,7.65,7.8,7.42,7.69,123200.0,0.040000000000000036
3.0,14.0,7.64,7.87,7.4,7.57,106600.0,-0.0699999999999994
3.0,13.0,7.99,8.07,7.37,7.62,369300.0,-0.3700000000000001
3.0,12.0,8.01,8.17,7.67,8.01,162700.0,0.0
3.0,11.0,8.25,8.39,8.01,8.05,188300.0,-0.1999999999999993
3.0,10.0,8.8,8.83,8.1,8.25,405600.0,-0.5500000000000007
3.0,7.0,8.52,8.85,8.51,8.8,472100.0,0.28000000000000114
3.0,6.0,8.5,8.6,8.3,8.41,308100.0,-0.08999999999999986
3.0,5.0,8.44,8.66,8.0,8.53,520600.0,0.08999999999999986
3.0,4.0,7.63,8.45,7.47,8.44,532300.0,0.8099999999999996
3.0,3.0,7.3,7.6,7.07,7.51,328700.0,0.20999999999999996
2.0,28.0,8.26,8.26,7.18,7.36,381200.0,-0.8999999999999995
2.0,27.0,8.2,8.26,7.6,8.23,551900.0,0.030000000000001137
2.0,26.0,7.62,8.0,7.59,7.8,571500.0,0.17999999999999972
2.0,25.0,7.5,7.81,7.29,7.61,710900.0,0.11000000000000032
2.0,24.0,7.3,7.64,7.15,7.41,547300.0,0.11000000000000032
2.0,21.0,7.2,7.35,6.96,7.25,437800.0,0.04999999999999982
2.0,20.0,6.96,7.45,6.79,7.22,485100.0,0.2599999999999998
2.0,19.0,6.52,7.05,6.52,6.91,569800.0,0.39000000000000057
2.0,18.0,6.55,6.67,6.35,6.53,538800.0,-0.019999999999999574
2.0,14.0,6.57,6.67,6.25,6.37,323100.0,-0.20000000000000018
2.0,13.0,6.32,6.62,6.25,6.5,266100.0,0.17999999999999972
2.0,12.0,6.45,6.62,6.24,6.33,385500.0,-0.1200000000000001
2.0,11.0,6.44,6.65,6.3,6.39,286600.0,-0.05000000000000071
2.0,10.0,6.32,6.52,6.25,6.43,231300.0,0.10999999999999943
2.0,7.0,6.17,6.46,6.12,6.33,300000.0,0.16000000000000014
2.0,6.0,6.33,6.46,6.11,6.12,151400.0,-0.20999999999999996
2.0,5.0,6.1,6.45,6.02,6.28,415700.0,0.1800000000000006
2.0,4.0,5.96,6.3,5.91,6.11,266800.0,0.15000000000000036
2.0,3.0,6.35,6.47,6.02,6.05,99600.0,-0.2999999999999998
1.0,31.0,6.07,6.78,6.02,6.3,367200.0,0.22999999999999954
1.0,30.0,6.18,6.38,6.06,6.17,193400.0,-0.009999999999999787
1.0,29.0,6.38,6.38,6.03,6.11,146600.0,-0.2699999999999996
1.0,28.0,6.2,6.4,5.98,6.37,395400.0,0.16999999999999993
1.0,27.0,6.1,6.23,5.88,6.08,230200.0,-0.019999999999999574
1.0,24.0,6.6,6.6,6.11,6.21,351100.0,-0.3899999999999997
1.0,23.0,7.3,7.3,6.34,6.66,349100.0,-0.6399999999999997
1.0,22.0,7.54,7.55,7.1,7.22,214200.0,-0.3200000000000003
1.0,21.0,7.45,7.67,7.4,7.5,153600.0,0.04999999999999982
1.0,17.0,7.4,7.59,7.4,7.41,138100.0,0.009999999999999787
1.0,16.0,7.33,7.4,7.03,7.34,146600.0,0.009999999999999787
1.0,15.0,6.93,7.47,6.82,7.3,303300.0,0.3700000000000001
1.0,14.0,6.61,6.91,6.4,6.77,345000.0,0.15999999999999925
1.0,13.0,6.8,6.88,6.41,6.51,340200.0,-0.29000000000000004
1.0,10.0,6.8,6.83,6.52,6.7,158700.0,-0.09999999999999964
1.0,9.0,6.91,7.15,6.56,6.8,362500.0,-0.11000000000000032
1.0,8.0,6.9,7.03,6.56,6.85,432700.0,-0.05000000000000071
1.0,7.0,7.02,7.12,6.71,6.93,675800.0,-0.08999999999999986
1.0,6.0,6.0,6.65,5.99,6.63,640700.0,0.6299999999999999
1.0,3.0,6.0,6.22,5.92,5.99,224700.0,-0.009999999999999787
1.0,2.0,5.86,6.04,5.85,6.02,127600.0,0.15999999999999925
12.0,31.0,6.03,6.1,5.91,6.0,154400.0,-0.03000000000000025
12.0,30.0,6.01,6.36,5.91,6.04,224500.0,0.03000000000000025
12.0,27.0,5.9,6.08,5.83,6.02,543800.0,0.11999999999999922
12.0,26.0,5.86,5.97,5.84,5.86,26500.0,0.0
12.0,24.0,5.84,5.97,5.82,5.86,54400.0,0.020000000000000462
12.0,23.0,5.95,6.05,5.61,5.87,352700.0,-0.08000000000000007
12.0,20.0,6.0,6.07,5.84,5.94,80400.0,-0.05999999999999961
12.0,19.0,5.86,6.09,5.85,5.96,137700.0,0.09999999999999964
12.0,18.0,5.81,5.96,5.81,5.94,77000.0,0.13000000000000078
12.0,17.0,5.98,5.99,5.86,5.86,21000.0,-0.1200000000000001
12.0,16.0,5.95,6.04,5.9,6.01,50200.0,0.05999999999999961
12.0,13.0,5.85,6.03,5.85,5.97,44200.0,0.1200000000000001
12.0,12.0,5.82,5.93,5.81,5.86,28600.0,0.040000000000000036
12.0,11.0,5.86,6.04,5.84,5.85,59100.0,-0.010000000000000675
12.0,10.0,5.91,6.01,5.85,5.94,42100.0,0.03000000000000025
12.0,9.0,5.95,6.07,5.85,5.89,213800.0,-0.0600000000000005
12.0,6.0,6.04,6.13,5.95,5.95,89700.0,-0.08999999999999986
12.0,5.0,6.01,6.05,5.95,5.96,85800.0,-0.04999999999999982
12.0,4.0,5.95,6.16,5.92,6.06,171700.0,0.10999999999999943
12.0,3.0,5.98,6.05,5.93,5.98,46300.0,0.0
12.0,2.0,5.96,6.14,5.92,6.0,287400.0,0.040000000000000036
11.0,29.0,5.95,6.08,5.91,6.0,36600.0,0.04999999999999982
11.0,27.0,5.85,6.0,5.82,5.95,63400.0,0.10000000000000053
11.0,26.0,6.0,6.06,5.86,5.88,73300.0,-0.1200000000000001
11.0,25.0,6.06,6.1,5.85,5.98,364200.0,-0.07999999999999918
11.0,22.0,5.83,6.08,5.79,6.0,239200.0,0.16999999999999993
11.0,21.0,6.08,6.08,5.78,5.88,233400.0,-0.20000000000000018
11.0,20.0,5.93,6.12,5.85,5.9,166900.0,-0.02999999999999936
11.0,19.0,6.04,6.2,5.8,5.92,124700.0,-0.1200000000000001
11.0,18.0,6.17,6.3,6.02,6.06,95800.0,-0.11000000000000032
11.0,15.0,6.07,6.23,5.95,6.16,106800.0,0.08999999999999986
11.0,14.0,6.0,6.19,5.98,6.09,65600.0,0.08999999999999986
11.0,13.0,5.99,6.15,5.91,6.05,59800.0,0.05999999999999961
11.0,12.0,5.95,6.01,5.9,5.9,32500.0,-0.04999999999999982
11.0,11.0,5.95,6.19,5.95,5.98,55100.0,0.03000000000000025
11.0,8.0,5.8,6.0,5.71,5.93,39000.0,0.1299999999999999
11.0,7.0,6.06,6.07,5.66,5.85,79000.0,-0.20999999999999996
11.0,6.0,6.11,6.28,6.0,6.0,61300.0,-0.11000000000000032
11.0,5.0,6.0,6.09,5.91,6.01,54600.0,0.009999999999999787
11.0,4.0,5.97,6.04,5.88,5.99,93500.0,0.020000000000000462
11.0,1.0,6.05,6.1,5.9,5.9,55600.0,-0.14999999999999947
10.0,31.0,6.08,6.2,5.9,6.05,72400.0,-0.03000000000000025
10.0,30.0,6.15,6.34,6.06,6.1,73000.0,-0.05000000000000071
10.0,29.0,6.2,6.31,6.04,6.16,157400.0,-0.040000000000000036
10.0,28.0,6.4,6.4,6.01,6.14,155600.0,-0.2600000000000007
10.0,25.0,6.65,6.65,6.36,6.36,195100.0,-0.29000000000000004
10.0,24.0,6.56,6.7,6.41,6.57,81300.0,0.010000000000000675
10.0,23.0,6.54,6.7,6.5,6.56,132400.0,0.019999999999999574
10.0,22.0,6.78,6.92,6.51,6.64,158100.0,-0.14000000000000057
10.0,21.0,7.1,7.2,6.75,6.78,114700.0,-0.3199999999999994
10.0,18.0,6.96,7.3,6.88,7.03,227800.0,0.07000000000000028
10.0,17.0,6.79,7.07,6.7,6.82,136300.0,0.03000000000000025
10.0,16.0,6.72,6.86,6.6,6.75,88000.0,0.03000000000000025
10.0,15.0,6.64,6.96,6.61,6.7,127300.0,0.0600000000000005
10.0,14.0,6.71,6.76,6.55,6.67,99400.0,-0.040000000000000036
10.0,11.0,6.63,6.83,6.6,6.78,72900.0,0.15000000000000036
10.0,10.0,6.51,6.77,6.48,6.61,126500.0,0.10000000000000053
10.0,9.0,6.52,6.65,6.36,6.48,154600.0,-0.03999999999999915
10.0,8.0,7.19,7.78,6.33,6.46,549600.0,-0.7300000000000004
10.0,7.0,6.77,7.39,6.69,7.24,245200.0,0.47000000000000064
10.0,4.0,6.86,7.05,6.85,6.95,88900.0,0.08999999999999986
10.0,3.0,6.88,7.15,6.75,6.91,87500.0,0.03000000000000025
10.0,2.0,6.65,7.17,6.57,6.92,182300.0,0.2699999999999996
10.0,1.0,6.68,6.81,6.5,6.6,220500.0,-0.08000000000000007
9.0,30.0,6.94,6.94,6.6,6.79,149100.0,-0.15000000000000036
9.0,27.0,6.88,7.05,6.8,6.93,34000.0,0.04999999999999982
9.0,26.0,6.91,6.98,6.82,6.92,37600.0,0.009999999999999787
9.0,25.0,6.8,6.92,6.74,6.9,26800.0,0.10000000000000053
9.0,24.0,6.65,6.9,6.65,6.78,78500.0,0.1299999999999999
9.0,23.0,6.78,6.78,6.63,6.78,46700.0,0.0
9.0,20.0,7.05,7.05,6.66,6.84,64200.0,-0.20999999999999996
9.0,19.0,6.76,7.43,6.66,6.98,226300.0,0.22000000000000064
9.0,18.0,7.29,7.29,6.65,6.75,188300.0,-0.54
9.0,17.0,7.14,7.3,7.1,7.19,27000.0,0.05000000000000071
9.0,16.0,7.58,7.59,7.1,7.32,74000.0,-0.2599999999999998
9.0,13.0,7.52,7.54,7.21,7.47,37100.0,-0.04999999999999982
9.0,12.0,8.0,8.02,7.4,7.62,73600.0,-0.3799999999999999
9.0,11.0,7.61,8.13,7.61,7.98,199000.0,0.3700000000000001
9.0,10.0,8.0,8.0,7.49,7.75,85600.0,-0.25
9.0,9.0,7.76,7.95,7.22,7.89,102800.0,0.1299999999999999
9.0,6.0,7.4,7.8,6.95,7.6,121500.0,0.1999999999999993
9.0,5.0,6.77,7.36,6.77,7.28,109200.0,0.5100000000000007
9.0,4.0,6.4,6.79,6.4,6.77,60500.0,0.3699999999999992
9.0,3.0,6.16,6.66,6.16,6.5,56300.0,0.33999999999999986
8.0,30.0,6.47,6.47,6.31,6.31,14400.0,-0.16000000000000014
8.0,29.0,6.35,6.66,6.35,6.35,38700.0,0.0
8.0,28.0,6.4,6.46,6.19,6.37,48500.0,-0.03000000000000025
8.0,27.0,7.02,7.2,6.38,6.41,84600.0,-0.6099999999999994
8.0,26.0,7.5,7.5,6.82,6.9,130200.0,-0.5999999999999996
8.0,23.0,7.1,7.61,7.07,7.53,91600.0,0.4300000000000006
8.0,22.0,8.3,8.3,7.2,7.63,182400.0,-0.6700000000000008
8.0,21.0,7.44,8.2,7.37,7.86,104200.0,0.41999999999999993
8.0,20.0,7.96,7.96,7.31,7.4,135700.0,-0.5599999999999996
8.0,19.0,8.15,8.37,7.87,7.98,40200.0,-0.16999999999999993
8.0,16.0,8.0,8.19,7.61,8.08,63100.0,0.08000000000000007
8.0,15.0,8.59,8.78,7.48,7.97,183700.0,-0.6200000000000001
8.0,14.0,8.84,9.2,8.6,8.82,136700.0,-0.019999999999999574
8.0,13.0,9.2,9.48,8.45,8.73,163800.0,-0.46999999999999886
8.0,12.0,8.43,9.45,8.4,9.3,164000.0,0.870000000000001
8.0,9.0,8.57,8.88,8.33,8.33,89200.0,-0.2400000000000002
8.0,8.0,8.34,8.95,8.17,8.37,121400.0,0.02999999999999936
8.0,7.0,8.01,8.88,7.88,8.17,102400.0,0.16000000000000014
8.0,6.0,8.65,8.65,7.82,8.01,227100.0,-0.6400000000000006
8.0,5.0,6.9,8.98,6.85,8.69,526100.0,1.7899999999999991
8.0,2.0,6.51,6.87,6.4,6.84,76100.0,0.33000000000000007
8.0,1.0,5.91,6.55,5.83,6.46,63600.0,0.5499999999999998
7.0,31.0,6.13,6.14,5.97,5.97,17800.0,-0.16000000000000014
7.0,30.0,6.09,6.23,6.09,6.12,23600.0,0.03000000000000025
7.0,29.0,6.2,6.24,6.06,6.1,23300.0,-0.10000000000000053
7.0,26.0,6.12,6.31,6.11,6.11,23600.0,-0.009999999999999787
7.0,25.0,6.1,6.3,6.03,6.13,32200.0,0.03000000000000025
7.0,24.0,5.97,6.08,5.9,6.03,24700.0,0.0600000000000005
7.0,23.0,6.33,6.33,5.89,5.96,58000.0,-0.3700000000000001
7.0,22.0,6.43,6.43,6.12,6.25,30600.0,-0.17999999999999972
7.0,19.0,6.79,6.89,6.03,6.23,136300.0,-0.5599999999999996
7.0,18.0,6.88,6.9,6.45,6.73,203300.0,-0.14999999999999947
7.0,17.0,5.64,6.9,5.64,6.9,303800.0,1.2600000000000007
7.0,16.0,5.45,5.63,5.45,5.63,17300.0,0.17999999999999972
7.0,15.0,5.34,5.52,5.33,5.52,8900.0,0.17999999999999972
7.0,12.0,5.46,5.55,5.46,5.52,9800.0,0.05999999999999961
7.0,11.0,5.55,5.55,5.35,5.5,6700.0,-0.04999999999999982
7.0,10.0,5.55,5.55,5.52,5.55,2100.0,0.0
7.0,9.0,5.46,5.55,5.46,5.55,13900.0,0.08999999999999986
7.0,8.0,5.38,5.5,5.32,5.5,14200.0,0.1200000000000001
7.0,5.0,5.38,5.44,5.3,5.36,8500.0,-0.019999999999999574
7.0,3.0,5.25,5.45,5.25,5.45,3000.0,0.20000000000000018
7.0,2.0,5.31,5.32,5.28,5.32,18000.0,0.010000000000000675
7.0,1.0,5.22,5.36,5.22,5.32,9100.0,0.10000000000000053
6.0,28.0,5.2,5.26,5.06,5.2,13900.0,0.0
6.0,27.0,5.25,5.3,5.11,5.25,9200.0,0.0
6.0,26.0,5.1,5.34,5.1,5.3,16500.0,0.20000000000000018
6.0,25.0,4.98,5.17,4.98,5.14,17300.0,0.15999999999999925
6.0,24.0,5.24,5.24,4.98,5.04,24300.0,-0.20000000000000018
6.0,21.0,5.13,5.25,5.11,5.24,10900.0,0.11000000000000032
6.0,20.0,5.21,5.25,5.1,5.18,26200.0,-0.03000000000000025
6.0,19.0,5.23,5.25,5.22,5.22,8700.0,-0.010000000000000675
6.0,18.0,5.18,5.2,5.14,5.2,10300.0,0.020000000000000462
6.0,17.0,5.27,5.27,5.0,5.2,22900.0,-0.0699999999999994
6.0,14.0,5.17,5.31,5.17,5.29,13500.0,0.1200000000000001
6.0,13.0,5.1,5.18,5.1,5.16,2500.0,0.0600000000000005
6.0,12.0,4.96,5.11,4.93,5.09,9200.0,0.1299999999999999
6.0,11.0,5.0,5.05,4.95,4.96,21000.0,-0.040000000000000036
6.0,10.0,5.03,5.14,4.98,5.04,12900.0,0.009999999999999787
6.0,7.0,5.13,5.16,4.88,5.09,27300.0,-0.040000000000000036
6.0,6.0,5.2,5.33,5.14,5.14,41300.0,-0.0600000000000005
6.0,5.0,5.16,5.34,5.16,5.19,11800.0,0.03000000000000025
6.0,4.0,5.25,5.3,5.18,5.23,21100.0,-0.019999999999999574
6.0,3.0,5.43,5.7,5.13,5.23,35300.0,-0.1999999999999993
5.0,31.0,5.45,5.7,5.45,5.55,22600.0,0.09999999999999964
5.0,30.0,5.18,5.45,5.18,5.45,31500.0,0.27000000000000046
5.0,29.0,5.46,5.58,5.25,5.28,46200.0,-0.17999999999999972
5.0,28.0,5.53,5.6,5.39,5.46,21000.0,-0.07000000000000028
5.0,24.0,5.67,5.7,5.41,5.48,36400.0,-0.1899999999999995
5.0,23.0,5.5,5.69,5.36,5.64,18400.0,0.13999999999999968
5.0,22.0,5.74,5.74,5.45,5.5,54900.0,-0.2400000000000002
5.0,21.0,5.66,5.75,5.66,5.75,54400.0,0.08999999999999986
5.0,20.0,5.58,5.75,5.58,5.75,50500.0,0.16999999999999993
5.0,17.0,5.7,5.7,5.64,5.64,12200.0,-0.0600000000000005
5.0,16.0,5.7,5.75,5.67,5.7,51100.0,0.0
5.0,15.0,5.49,5.66,5.48,5.61,13500.0,0.1200000000000001
5.0,14.0,5.47,5.58,5.47,5.54,16200.0,0.07000000000000028
5.0,13.0,5.24,5.62,5.24,5.44,93100.0,0.20000000000000018
5.0,10.0,5.2,5.26,5.2,5.24,24400.0,0.040000000000000036
5.0,9.0,5.18,5.27,5.18,5.19,39500.0,0.010000000000000675
5.0,8.0,5.19,5.2,5.15,5.16,28500.0,-0.03000000000000025
5.0,7.0,5.07,5.16,5.07,5.12,24200.0,0.04999999999999982
5.0,6.0,5.05,5.14,5.05,5.09,23900.0,0.040000000000000036
5.0,3.0,5.08,5.1,5.01,5.04,9900.0,-0.040000000000000036
5.0,2.0,5.08,5.1,5.0,5.1,6200.0,0.019999999999999574
5.0,1.0,5.0,5.09,5.0,5.09,12100.0,0.08999999999999986
4.0,30.0,4.93,5.05,4.9,5.01,9200.0,0.08000000000000007
4.0,29.0,5.02,5.07,4.94,4.97,44700.0,-0.04999999999999982
4.0,26.0,4.92,5.12,4.92,5.1,7200.0,0.17999999999999972
4.0,25.0,5.11,5.12,5.06,5.12,14800.0,0.009999999999999787
4.0,24.0,5.14,5.15,5.07,5.12,21700.0,-0.019999999999999574
4.0,23.0,5.03,5.15,5.01,5.1,13100.0,0.0699999999999994
4.0,22.0,4.97,5.11,4.97,5.11,18300.0,0.14000000000000057
4.0,19.0,5.1,5.1,5.03,5.1,26200.0,0.0
4.0,18.0,5.01,5.1,5.0,5.08,28700.0,0.07000000000000028
4.0,17.0,5.08,5.2,5.08,5.08,11200.0,0.0
4.0,16.0,4.95,5.18,4.94,5.11,8600.0,0.16000000000000014
4.0,15.0,4.97,5.13,4.97,5.08,7000.0,0.11000000000000032
4.0,12.0,5.08,5.2,4.97,4.97,21100.0,-0.11000000000000032
4.0,11.0,5.04,5.28,5.04,5.16,16100.0,0.1200000000000001
4.0,10.0,5.03,5.25,4.98,5.0,30100.0,-0.03000000000000025
4.0,9.0,5.16,5.23,4.98,5.09,33600.0,-0.07000000000000028
4.0,8.0,5.3,5.3,5.16,5.16,13100.0,-0.13999999999999968
4.0,5.0,5.0,5.2,5.0,5.13,10000.0,0.1299999999999999
4.0,4.0,5.1,5.2,5.08,5.09,19900.0,-0.009999999999999787
4.0,3.0,5.21,5.25,5.14,5.17,13800.0,-0.040000000000000036
4.0,2.0,5.4,5.45,5.1,5.15,33300.0,-0.25
4.0,1.0,5.06,5.45,5.01,5.39,28500.0,0.33000000000000007
3.0,28.0,5.16,5.25,4.97,5.05,15800.0,-0.11000000000000032
3.0,27.0,4.73,5.2,4.71,5.11,9900.0,0.3799999999999999
3.0,26.0,4.78,4.89,4.78,4.87,9800.0,0.08999999999999986
3.0,25.0,4.67,4.83,4.67,4.82,5300.0,0.15000000000000036
3.0,22.0,4.7,4.7,4.64,4.7,3900.0,0.0
3.0,21.0,4.75,4.82,4.65,4.7,8200.0,-0.04999999999999982
3.0,20.0,4.76,4.88,4.76,4.76,5800.0,0.0
3.0,19.0,4.85,4.9,4.75,4.83,7200.0,-0.019999999999999574
3.0,18.0,4.89,4.92,4.85,4.89,7100.0,0.0
3.0,15.0,4.86,4.98,4.85,4.91,16800.0,0.04999999999999982
3.0,14.0,4.82,4.91,4.8,4.83,24800.0,0.009999999999999787
3.0,13.0,5.13,5.13,4.8,4.84,23400.0,-0.29000000000000004
3.0,12.0,5.22,5.22,5.07,5.13,18300.0,-0.08999999999999986
3.0,11.0,5.24,5.29,5.05,5.24,13300.0,0.0
3.0,8.0,5.35,5.35,5.18,5.29,10800.0,-0.05999999999999961
3.0,7.0,5.22,5.3,5.2,5.26,41000.0,0.040000000000000036
3.0,6.0,5.25,5.31,5.18,5.25,6500.0,0.0
3.0,5.0,5.48,5.55,5.19,5.22,62800.0,-0.2600000000000007
3.0,4.0,5.6,5.64,5.26,5.48,26600.0,-0.11999999999999922
3.0,1.0,5.7,5.74,5.5,5.64,36200.0,-0.0600000000000005
2.0,28.0,5.75,5.75,5.45,5.71,48000.0,-0.040000000000000036
2.0,27.0,5.18,5.38,5.18,5.34,13100.0,0.16000000000000014
2.0,26.0,5.32,5.32,5.16,5.27,6700.0,-0.05000000000000071
2.0,25.0,5.42,5.42,5.32,5.36,9700.0,-0.05999999999999961
2.0,22.0,5.43,5.54,5.37,5.47,2500.0,0.040000000000000036
2.0,21.0,5.53,5.53,5.3,5.49,17900.0,-0.040000000000000036
2.0,20.0,5.61,5.64,5.56,5.56,1400.0,-0.05000000000000071
2.0,19.0,5.75,5.75,5.6,5.61,12800.0,-0.13999999999999968
2.0,15.0,5.73,5.75,5.63,5.68,17300.0,-0.05000000000000071
2.0,14.0,5.61,5.72,5.61,5.64,6600.0,0.02999999999999936
2.0,13.0,5.75,5.75,5.64,5.65,26100.0,-0.09999999999999964
2.0,12.0,5.52,5.75,5.52,5.74,23300.0,0.22000000000000064
2.0,11.0,5.7,5.7,5.55,5.56,9900.0,-0.14000000000000057
2.0,8.0,5.68,5.74,5.27,5.71,20300.0,0.03000000000000025
2.0,7.0,5.58,5.69,5.5,5.66,31400.0,0.08000000000000007
2.0,6.0,5.46,5.65,5.46,5.64,16900.0,0.17999999999999972
2.0,5.0,5.38,5.62,5.33,5.54,18600.0,0.16000000000000014
2.0,4.0,5.51,5.55,5.31,5.34,10000.0,-0.16999999999999993
2.0,1.0,5.43,5.59,5.36,5.54,12000.0,0.11000000000000032
1.0,31.0,5.4,5.42,5.28,5.35,12200.0,-0.05000000000000071
1.0,30.0,5.42,5.48,5.39,5.46,3200.0,0.040000000000000036
1.0,29.0,5.39,5.47,5.39,5.4,19600.0,0.010000000000000675
1.0,28.0,5.58,5.63,5.47,5.5,16500.0,-0.08000000000000007
1.0,25.0,5.67,5.68,5.61,5.61,12200.0,-0.05999999999999961
1.0,24.0,5.57,5.66,5.5,5.61,14600.0,0.040000000000000036
1.0,23.0,5.53,5.67,5.49,5.6,10800.0,0.0699999999999994
1.0,22.0,5.69,5.69,5.41,5.53,42600.0,-0.16000000000000014
1.0,18.0,5.76,5.76,5.62,5.68,22400.0,-0.08000000000000007
1.0,17.0,5.52,5.74,5.52,5.73,12500.0,0.21000000000000085
1.0,16.0,5.63,5.63,5.57,5.6,9600.0,-0.03000000000000025
1.0,15.0,5.47,5.66,5.47,5.58,30200.0,0.11000000000000032
1.0,14.0,5.65,5.71,5.46,5.55,51000.0,-0.10000000000000053
1.0,11.0,5.8,5.8,5.55,5.6,34700.0,-0.20000000000000018
1.0,10.0,5.91,5.93,5.83,5.84,12000.0,-0.07000000000000028
1.0,9.0,5.8,5.83,5.76,5.8,14500.0,0.0
1.0,8.0,5.88,6.0,5.8,5.82,34800.0,-0.05999999999999961
1.0,7.0,6.0,6.0,5.44,5.85,64700.0,-0.15000000000000036
1.0,4.0,5.74,6.05,5.66,6.03,57800.0,0.29000000000000004
1.0,3.0,5.45,5.85,5.43,5.71,66500.0,0.2599999999999998
1.0,2.0,5.77,5.9,5.19,5.38,125900.0,-0.3899999999999997
12.0,31.0,5.49,5.58,5.45,5.55,30000.0,0.05999999999999961
12.0,28.0,5.29,5.63,5.29,5.44,36900.0,0.15000000000000036
12.0,27.0,5.18,5.45,5.17,5.39,33000.0,0.20999999999999996
12.0,26.0,5.25,5.45,5.23,5.28,24900.0,0.03000000000000025
12.0,24.0,5.0,5.24,4.98,5.21,19600.0,0.20999999999999996
12.0,21.0,4.72,5.0,4.72,4.99,24600.0,0.27000000000000046
12.0,20.0,4.61,4.72,4.55,4.67,39000.0,0.05999999999999961
12.0,19.0,4.67,4.85,4.66,4.69,23500.0,0.020000000000000462
12.0,18.0,4.79,4.94,4.65,4.71,31700.0,-0.08000000000000007
12.0,17.0,4.65,4.81,4.65,4.81,9200.0,0.15999999999999925
12.0,14.0,4.77,4.85,4.59,4.6,23600.0,-0.16999999999999993
12.0,13.0,4.78,4.8,4.55,4.6,51100.0,-0.1800000000000006
12.0,12.0,4.99,5.15,4.81,4.88,71100.0,-0.11000000000000032
12.0,11.0,5.4,5.4,4.92,4.92,21100.0,-0.4800000000000004
12.0,10.0,5.37,5.48,5.25,5.25,21000.0,-0.1200000000000001
12.0,7.0,5.24,5.5,5.16,5.48,26000.0,0.2400000000000002
12.0,6.0,5.3,5.3,5.04,5.19,28900.0,-0.10999999999999943
12.0,5.0,5.0,5.3,4.92,5.3,23700.0,0.2999999999999998
12.0,4.0,5.2,5.2,5.06,5.07,21000.0,-0.1299999999999999
12.0,3.0,5.26,5.3,5.07,5.22,17400.0,-0.040000000000000036
11.0,30.0,5.38,5.38,5.19,5.3,20800.0,-0.08000000000000007
11.0,29.0,5.45,5.48,5.38,5.38,1200.0,-0.07000000000000028
11.0,28.0,5.34,5.5,5.34,5.47,1500.0,0.1299999999999999
11.0,27.0,5.45,5.59,5.29,5.43,11400.0,-0.020000000000000462
11.0,26.0,5.12,5.48,5.04,5.4,21800.0,0.28000000000000025
11.0,23.0,5.16,5.19,4.7,5.17,38400.0,0.009999999999999787
11.0,21.0,5.93,5.93,5.04,5.06,56500.0,-0.8700000000000001
11.0,20.0,5.58,5.58,5.47,5.49,36800.0,-0.08999999999999986
11.0,19.0,5.59,5.6,5.4,5.42,21500.0,-0.16999999999999993
11.0,16.0,5.52,5.61,5.44,5.53,48600.0,0.010000000000000675
11.0,15.0,5.57,5.68,5.5,5.55,52800.0,-0.020000000000000462
11.0,14.0,5.66,5.66,5.54,5.6,60800.0,-0.0600000000000005
11.0,13.0,5.66,5.7,5.59,5.6,35600.0,-0.0600000000000005
11.0,12.0,5.52,5.66,5.51,5.6,53100.0,0.08000000000000007
11.0,9.0,5.65,5.69,5.52,5.6,27900.0,-0.05000000000000071
11.0,8.0,5.55,5.63,5.49,5.6,27600.0,0.04999999999999982
11.0,7.0,5.59,5.63,5.41,5.51,30000.0,-0.08000000000000007
11.0,6.0,5.52,5.78,5.51,5.59,31400.0,0.07000000000000028
11.0,5.0,5.31,5.78,5.31,5.63,48300.0,0.3200000000000003
11.0,2.0,5.37,5.69,5.35,5.61,51700.0,0.2400000000000002
11.0,1.0,5.45,5.54,5.3,5.45,45700.0,0.0
10.0,31.0,5.98,6.09,5.3,5.39,62600.0,-0.5900000000000007
10.0,26.0,5.98,6.15,5.95,6.03,22200.0,0.04999999999999982
10.0,25.0,6.07,6.26,5.93,5.96,30600.0,-0.11000000000000032
10.0,24.0,6.02,6.24,5.91,5.98,29400.0,-0.03999999999999915
10.0,23.0,6.18,6.31,6.05,6.08,31900.0,-0.09999999999999964
10.0,22.0,5.81,6.36,5.81,6.34,36000.0,0.5300000000000002
10.0,19.0,6.3,6.68,6.22,6.37,71000.0,0.07000000000000028
10.0,18.0,6.48,6.48,6.14,6.32,101100.0,-0.16000000000000014
10.0,17.0,5.83,6.55,5.83,6.52,118600.0,0.6899999999999995
10.0,16.0,5.83,5.95,5.62,5.76,32000.0,-0.07000000000000028
10.0,15.0,5.55,5.82,5.51,5.8,39700.0,0.25
10.0,12.0,5.58,5.6,5.48,5.58,49200.0,0.0
10.0,11.0,5.61,5.61,5.5,5.54,22600.0,-0.07000000000000028
10.0,10.0,5.57,5.65,5.57,5.64,29400.0,0.0699999999999994
10.0,9.0,5.51,5.65,5.35,5.61,55600.0,0.10000000000000053
10.0,8.0,5.52,5.59,5.43,5.5,26100.0,-0.019999999999999574
10.0,5.0,5.55,5.6,5.52,5.56,32800.0,0.009999999999999787
10.0,4.0,5.42,5.55,5.4,5.49,26300.0,0.07000000000000028
10.0,3.0,5.3,5.5,5.3,5.43,32100.0,0.1299999999999999
10.0,2.0,5.42,5.54,5.28,5.35,45000.0,-0.07000000000000028
10.0,1.0,5.38,5.52,5.34,5.44,36200.0,0.0600000000000005
9.0,28.0,5.45,5.54,5.18,5.41,44800.0,-0.040000000000000036
9.0,27.0,5.35,5.49,5.3,5.42,38600.0,0.07000000000000028
9.0,26.0,5.33,5.45,5.3,5.37,54800.0,0.040000000000000036
9.0,25.0,5.42,5.57,5.35,5.43,34300.0,0.009999999999999787
9.0,24.0,5.53,5.6,5.32,5.43,53000.0,-0.10000000000000053
9.0,21.0,5.53,5.65,5.39,5.59,76700.0,0.05999999999999961
9.0,20.0,5.39,5.54,5.2,5.48,122600.0,0.09000000000000075
9.0,19.0,5.25,5.56,5.13,5.45,122300.0,0.20000000000000018
9.0,18.0,5.61,5.64,5.43,5.44,27700.0,-0.16999999999999993
9.0,17.0,5.48,5.65,5.45,5.65,68600.0,0.16999999999999993
9.0,14.0,5.49,5.6,5.43,5.48,64500.0,-0.009999999999999787
9.0,13.0,5.15,5.52,5.11,5.43,50400.0,0.27999999999999936
9.0,12.0,5.56,5.6,5.33,5.37,77900.0,-0.1899999999999995
9.0,11.0,5.06,5.6,5.06,5.59,125700.0,0.5300000000000002
9.0,10.0,4.95,5.24,4.9,5.14,70000.0,0.1899999999999995
9.0,7.0,4.8,4.96,4.71,4.91,41700.0,0.11000000000000032
9.0,6.0,4.9,4.96,4.79,4.86,34300.0,-0.040000000000000036
9.0,5.0,4.71,4.95,4.6,4.9,50700.0,0.1900000000000004
9.0,4.0,4.7,4.79,4.68,4.72,36900.0,0.019999999999999574
8.0,31.0,4.62,4.81,4.62,4.72,54000.0,0.09999999999999964
8.0,30.0,4.66,4.77,4.51,4.65,83800.0,-0.009999999999999787
8.0,29.0,4.63,4.8,4.63,4.79,41600.0,0.16000000000000014
8.0,28.0,4.46,4.72,4.46,4.69,69100.0,0.23000000000000043
8.0,27.0,4.42,4.62,4.42,4.58,68400.0,0.16000000000000014
8.0,24.0,4.48,4.7,4.46,4.5,57300.0,0.019999999999999574
8.0,23.0,4.54,4.65,4.39,4.48,68100.0,-0.05999999999999961
8.0,22.0,4.3,4.62,4.3,4.51,105600.0,0.20999999999999996
8.0,21.0,4.13,4.47,4.07,4.32,117100.0,0.1900000000000004
8.0,20.0,4.05,4.26,4.05,4.15,106000.0,0.10000000000000053
8.0,17.0,4.85,5.21,4.01,4.05,716600.0,-0.7999999999999998
8.0,16.0,4.33,4.59,4.33,4.44,52800.0,0.11000000000000032
8.0,15.0,4.4,4.52,4.31,4.38,38600.0,-0.020000000000000462
8.0,14.0,4.43,4.55,4.36,4.4,49900.0,-0.02999999999999936
8.0,13.0,4.35,4.55,4.28,4.47,33500.0,0.1200000000000001
8.0,10.0,4.46,4.57,4.28,4.39,32900.0,-0.07000000000000028
8.0,9.0,4.53,4.68,4.41,4.52,45300.0,-0.010000000000000675
8.0,8.0,4.16,4.6,4.13,4.4,48600.0,0.2400000000000002
8.0,7.0,4.04,4.3,4.01,4.12,48500.0,0.08000000000000007
8.0,6.0,3.86,4.15,3.86,4.05,50300.0,0.18999999999999995
8.0,3.0,4.01,4.2,3.84,3.89,50900.0,-0.11999999999999966
8.0,2.0,3.95,4.03,3.95,3.95,35800.0,0.0
8.0,1.0,4.1,4.11,3.93,4.01,40600.0,-0.08999999999999986
7.0,31.0,4.03,4.12,4.03,4.1,19100.0,0.0699999999999994
7.0,30.0,4.0,4.14,3.99,4.08,41100.0,0.08000000000000007
7.0,27.0,4.25,4.41,3.95,4.0,74600.0,-0.25
7.0,26.0,4.55,4.55,3.87,4.19,53900.0,-0.35999999999999943
7.0,25.0,4.68,4.7,4.5,4.5,37400.0,-0.17999999999999972
7.0,24.0,4.47,4.7,4.47,4.7,34900.0,0.23000000000000043
7.0,23.0,4.5,4.51,4.45,4.46,39900.0,-0.040000000000000036
7.0,20.0,4.5,4.66,4.5,4.59,26500.0,0.08999999999999986
7.0,19.0,4.59,4.79,4.5,4.52,38100.0,-0.07000000000000028
7.0,18.0,4.49,4.71,4.49,4.53,29900.0,0.040000000000000036
7.0,17.0,4.77,4.81,4.51,4.53,49100.0,-0.23999999999999932
7.0,16.0,4.85,4.93,4.75,4.76,17700.0,-0.08999999999999986
7.0,13.0,4.97,4.97,4.83,4.85,15800.0,-0.1200000000000001
7.0,12.0,4.86,4.96,4.82,4.84,17200.0,-0.020000000000000462
7.0,11.0,4.88,5.05,4.87,4.91,23000.0,0.03000000000000025
7.0,10.0,4.94,4.98,4.87,4.88,13200.0,-0.0600000000000005
7.0,9.0,4.95,4.96,4.88,4.88,8700.0,-0.07000000000000028
7.0,6.0,4.75,4.98,4.75,4.98,50000.0,0.23000000000000043
7.0,5.0,4.92,4.99,4.56,4.63,61800.0,-0.29000000000000004
7.0,3.0,4.91,5.02,4.91,4.92,17500.0,0.009999999999999787
7.0,2.0,4.79,5.02,4.57,4.89,17200.0,0.09999999999999964
6.0,29.0,4.7,4.88,4.62,4.8,10700.0,0.09999999999999964
6.0,28.0,4.76,4.88,4.58,4.65,63300.0,-0.10999999999999943
6.0,27.0,4.9,4.93,4.7,4.76,19600.0,-0.14000000000000057
6.0,26.0,4.8,5.05,4.8,4.96,42600.0,0.16000000000000014
6.0,25.0,4.7,4.94,4.7,4.83,72600.0,0.1299999999999999
6.0,22.0,4.74,4.75,4.66,4.71,48000.0,-0.03000000000000025
6.0,21.0,4.72,4.75,4.66,4.73,52500.0,0.010000000000000675
6.0,20.0,4.65,4.75,4.65,4.74,31700.0,0.08999999999999986
6.0,19.0,4.73,4.74,4.63,4.73,39000.0,0.0
6.0,18.0,4.73,4.86,4.7,4.75,40000.0,0.019999999999999574
6.0,15.0,4.76,4.89,4.68,4.7,93000.0,-0.05999999999999961
6.0,14.0,4.79,4.88,4.68,4.8,43900.0,0.009999999999999787
6.0,13.0,4.69,4.88,4.68,4.79,61600.0,0.09999999999999964
6.0,12.0,4.68,4.81,4.64,4.79,33700.0,0.11000000000000032
6.0,11.0,4.71,4.76,4.55,4.7,54000.0,-0.009999999999999787
6.0,8.0,4.7,4.85,4.66,4.71,43000.0,0.009999999999999787
6.0,7.0,4.78,4.87,4.65,4.7,97800.0,-0.08000000000000007
6.0,6.0,4.83,4.89,4.72,4.76,43800.0,-0.07000000000000028
6.0,5.0,4.47,4.9,4.47,4.84,109000.0,0.3700000000000001
6.0,4.0,4.39,4.65,4.3,4.47,79000.0,0.08000000000000007
6.0,1.0,4.35,4.62,4.35,4.39,204700.0,0.040000000000000036
5.0,31.0,4.57,4.7,4.43,4.5,97800.0,-0.07000000000000028
5.0,30.0,4.33,4.75,4.31,4.57,203200.0,0.2400000000000002
5.0,29.0,3.72,4.45,3.71,4.39,179200.0,0.6699999999999995
5.0,25.0,3.79,3.8,3.67,3.72,103900.0,-0.06999999999999984
5.0,24.0,3.91,3.99,3.6,3.79,231900.0,-0.1200000000000001
5.0,23.0,3.85,4.02,3.8,3.84,237400.0,-0.010000000000000231
5.0,22.0,4.07,4.23,3.85,3.86,174200.0,-0.2100000000000004
5.0,21.0,4.05,4.14,3.92,4.03,169300.0,-0.019999999999999574
5.0,18.0,4.29,4.3,3.96,4.03,81000.0,-0.2599999999999998
5.0,17.0,4.54,4.63,4.27,4.27,80800.0,-0.27000000000000046
5.0,16.0,4.8,4.93,4.55,4.57,66000.0,-0.22999999999999954
5.0,15.0,5.15,5.34,4.68,4.82,95700.0,-0.33000000000000007
5.0,14.0,5.28,5.38,5.12,5.14,56000.0,-0.14000000000000057
5.0,11.0,5.28,5.45,5.23,5.3,24100.0,0.019999999999999574
5.0,10.0,5.35,5.42,5.24,5.32,54000.0,-0.02999999999999936
5.0,9.0,5.14,5.35,5.11,5.27,33900.0,0.1299999999999999
5.0,8.0,5.31,5.42,5.12,5.21,56100.0,-0.09999999999999964
5.0,7.0,5.37,5.5,5.37,5.4,21000.0,0.03000000000000025
5.0,4.0,5.47,5.5,5.28,5.39,47700.0,-0.08000000000000007
5.0,3.0,5.44,5.56,5.44,5.46,22900.0,0.019999999999999574
5.0,2.0,5.42,5.54,5.39,5.46,42000.0,0.040000000000000036
5.0,1.0,5.45,5.54,5.44,5.46,25000.0,0.009999999999999787
4.0,30.0,5.52,5.55,5.4,5.44,54200.0,-0.07999999999999918
4.0,27.0,5.34,5.5,5.33,5.47,110100.0,0.1299999999999999
4.0,26.0,5.47,5.52,5.39,5.46,46300.0,-0.009999999999999787
4.0,25.0,5.41,5.52,5.36,5.41,44300.0,0.0
4.0,24.0,5.12,5.4,5.12,5.35,42700.0,0.22999999999999954
4.0,23.0,5.16,5.31,5.08,5.08,44400.0,-0.08000000000000007
4.0,20.0,5.44,5.49,5.3,5.31,53500.0,-0.13000000000000078
4.0,19.0,5.39,5.45,5.29,5.38,57300.0,-0.009999999999999787
4.0,18.0,5.23,5.39,5.14,5.25,51100.0,0.019999999999999574
4.0,17.0,5.37,5.4,5.24,5.29,47300.0,-0.08000000000000007
4.0,16.0,5.44,5.45,5.3,5.3,52600.0,-0.14000000000000057
4.0,13.0,5.4,5.54,5.38,5.45,68500.0,0.04999999999999982
4.0,12.0,5.23,5.5,5.23,5.44,61200.0,0.20999999999999996
4.0,11.0,4.94,5.21,4.88,5.19,65100.0,0.25
4.0,10.0,5.0,5.11,4.83,4.86,66400.0,-0.13999999999999968
4.0,9.0,4.98,5.08,4.97,4.99,34900.0,0.009999999999999787
4.0,5.0,5.01,5.14,5.01,5.01,37000.0,0.0
4.0,4.0,5.03,5.1,4.94,5.0,115800.0,-0.03000000000000025
4.0,3.0,5.37,5.38,5.12,5.12,54100.0,-0.25
4.0,2.0,5.19,5.41,5.19,5.34,40600.0,0.14999999999999947
3.0,30.0,5.21,5.32,5.16,5.21,114300.0,0.0
3.0,29.0,5.3,5.42,5.11,5.17,94300.0,-0.1299999999999999
3.0,28.0,5.43,5.43,5.21,5.31,180100.0,-0.1200000000000001
3.0,27.0,5.3,5.63,5.3,5.44,77000.0,0.14000000000000057
3.0,26.0,5.39,5.56,5.25,5.38,81600.0,-0.009999999999999787
3.0,23.0,5.28,5.6,5.28,5.47,154900.0,0.1899999999999995
3.0,22.0,5.41,5.44,5.18,5.26,102500.0,-0.15000000000000036
3.0,21.0,5.53,5.69,5.42,5.43,69500.0,-0.10000000000000053
3.0,20.0,5.64,5.64,5.43,5.48,90800.0,-0.15999999999999925
3.0,19.0,5.65,5.74,5.57,5.63,121700.0,-0.020000000000000462
3.0,16.0,5.52,5.65,5.51,5.58,49900.0,0.0600000000000005
3.0,15.0,5.55,5.64,5.53,5.55,83300.0,0.0
3.0,14.0,5.72,5.72,5.51,5.6,138700.0,-0.1200000000000001
3.0,13.0,5.9,5.9,5.62,5.72,79400.0,-0.1800000000000006
3.0,12.0,5.76,5.95,5.6,5.68,166600.0,-0.08000000000000007
3.0,9.0,5.84,5.94,5.71,5.72,114800.0,-0.1200000000000001
3.0,8.0,5.97,5.97,5.61,5.89,126100.0,-0.08000000000000007
3.0,7.0,5.95,5.95,5.81,5.86,182200.0,-0.08999999999999986
3.0,6.0,5.51,5.96,5.36,5.9,919600.0,0.39000000000000057
3.0,5.0,7.2,7.2,6.81,6.93,170800.0,-0.27000000000000046
3.0,2.0,7.04,7.33,7.02,7.16,164400.0,0.1200000000000001
3.0,1.0,6.95,7.17,6.87,7.06,179600.0,0.10999999999999943
2.0,29.0,7.18,7.29,6.9,6.95,84900.0,-0.22999999999999954
2.0,28.0,6.8,7.43,6.8,7.19,252500.0,0.39000000000000057
2.0,27.0,6.86,7.05,6.75,6.95,117400.0,0.08999999999999986
2.0,24.0,6.85,7.04,6.85,6.9,41400.0,0.05000000000000071
2.0,23.0,6.58,7.07,6.51,6.99,88900.0,0.41000000000000014
2.0,22.0,7.17,7.21,7.0,7.03,42200.0,-0.13999999999999968
2.0,21.0,7.06,7.25,7.05,7.1,101100.0,0.040000000000000036
2.0,17.0,7.3,7.3,7.07,7.2,49600.0,-0.09999999999999964
2.0,16.0,7.12,7.32,7.04,7.18,105300.0,0.05999999999999961
2.0,15.0,7.24,7.33,7.01,7.22,72000.0,-0.020000000000000462
2.0,14.0,7.42,7.42,7.16,7.27,51500.0,-0.15000000000000036
2.0,13.0,7.16,7.36,7.16,7.34,56200.0,0.17999999999999972
2.0,10.0,7.22,7.3,6.83,7.18,87200.0,-0.040000000000000036
2.0,9.0,7.6,7.6,7.12,7.36,87000.0,-0.23999999999999932
2.0,8.0,7.62,7.68,7.43,7.52,57600.0,-0.10000000000000053
2.0,7.0,7.48,7.69,7.26,7.54,112500.0,0.05999999999999961
2.0,6.0,7.45,7.47,7.3,7.36,99600.0,-0.08999999999999986
2.0,3.0,7.53,7.95,7.33,7.46,202800.0,-0.07000000000000028
2.0,2.0,7.03,7.44,7.03,7.32,183200.0,0.29000000000000004
2.0,1.0,7.28,7.28,7.01,7.08,127600.0,-0.20000000000000018
1.0,31.0,7.45,7.45,7.18,7.27,74900.0,-0.1800000000000006
1.0,30.0,7.47,7.47,7.11,7.4,159300.0,-0.0699999999999994
1.0,27.0,6.87,7.6,6.76,7.52,296100.0,0.6499999999999995
1.0,26.0,6.93,6.93,6.72,6.75,85000.0,-0.17999999999999972
1.0,25.0,6.86,6.91,6.64,6.8,68200.0,-0.0600000000000005
1.0,24.0,7.01,7.17,6.91,6.94,35800.0,-0.0699999999999994
1.0,23.0,7.05,7.21,6.9,7.14,117700.0,0.08999999999999986
1.0,20.0,6.51,7.24,6.51,7.14,191100.0,0.6299999999999999
1.0,19.0,6.61,6.68,6.48,6.6,96300.0,-0.010000000000000675
1.0,18.0,6.5,6.65,6.49,6.63,64300.0,0.1299999999999999
1.0,17.0,6.58,6.8,6.5,6.61,73700.0,0.03000000000000025
1.0,13.0,6.85,6.85,6.48,6.62,134000.0,-0.22999999999999954
1.0,12.0,7.1,7.1,6.71,6.85,112600.0,-0.25
1.0,11.0,6.29,6.87,6.15,6.8,260900.0,0.5099999999999998
1.0,10.0,5.84,6.24,5.84,6.19,235300.0,0.35000000000000053
1.0,9.0,5.86,5.94,5.61,5.81,83200.0,-0.05000000000000071
1.0,6.0,5.78,5.96,5.75,5.86,61600.0,0.08000000000000007
1.0,5.0,6.0,6.02,5.72,5.83,131500.0,-0.16999999999999993
1.0,4.0,5.9,6.04,5.83,6.04,75000.0,0.13999999999999968
1.0,3.0,6.0,6.05,5.84,5.97,111500.0,-0.03000000000000025
12.0,30.0,5.95,6.0,5.74,5.84,163300.0,-0.11000000000000032
12.0,29.0,6.01,6.07,5.7,5.97,246900.0,-0.040000000000000036
12.0,28.0,5.97,6.08,5.91,5.98,257700.0,0.010000000000000675
12.0,27.0,6.22,6.25,6.0,6.0,95400.0,-0.21999999999999975
12.0,23.0,6.42,6.6,6.14,6.29,71300.0,-0.1299999999999999
12.0,22.0,6.0,6.59,5.99,6.44,278600.0,0.4400000000000004
12.0,21.0,5.85,5.88,5.5,5.76,181400.0,-0.08999999999999986
12.0,20.0,5.97,6.14,5.75,5.77,283100.0,-0.20000000000000018
12.0,19.0,6.23,6.23,5.9,5.93,92300.0,-0.3000000000000007
12.0,16.0,6.26,6.38,6.13,6.21,137700.0,-0.04999999999999982
12.0,15.0,6.35,6.5,6.22,6.36,116700.0,0.010000000000000675
12.0,14.0,6.41,6.56,6.24,6.3,151500.0,-0.11000000000000032
12.0,13.0,6.63,6.97,6.55,6.57,165300.0,-0.05999999999999961
12.0,12.0,6.84,6.96,6.57,6.63,75400.0,-0.20999999999999996
12.0,9.0,6.92,7.03,6.85,7.0,84000.0,0.08000000000000007
12.0,8.0,7.16,7.2,6.88,6.96,83100.0,-0.20000000000000018
12.0,7.0,7.11,7.2,6.93,7.14,73500.0,0.02999999999999936
12.0,6.0,7.49,7.49,7.08,7.17,51400.0,-0.3200000000000003
12.0,5.0,7.37,7.42,7.21,7.29,95300.0,-0.08000000000000007
12.0,2.0,7.45,7.55,7.25,7.29,125300.0,-0.16000000000000014
12.0,1.0,7.6,7.6,7.31,7.45,65100.0,-0.14999999999999947
11.0,30.0,7.21,7.78,7.2,7.38,189100.0,0.16999999999999993
11.0,29.0,7.31,7.32,7.0,7.21,72600.0,-0.09999999999999964
11.0,28.0,7.58,7.8,7.21,7.36,124400.0,-0.21999999999999975
11.0,25.0,7.4,7.74,7.14,7.34,45200.0,-0.0600000000000005
11.0,23.0,7.62,7.67,7.21,7.37,203100.0,-0.25
11.0,22.0,8.0,8.14,7.4,7.77,119800.0,-0.23000000000000043
11.0,21.0,8.0,8.2,7.7,7.99,204300.0,-0.009999999999999787
11.0,18.0,8.67,8.75,8.12,8.19,128500.0,-0.4800000000000004
11.0,17.0,9.75,9.75,8.62,8.7,82000.0,-1.0500000000000007
11.0,16.0,9.3,9.61,9.18,9.3,42800.0,0.0
11.0,15.0,9.7,9.74,9.41,9.47,45500.0,-0.22999999999999865
11.0,14.0,9.93,10.2,9.5,9.74,28400.0,-0.1899999999999995
11.0,11.0,10.06,10.37,9.39,10.18,44000.0,0.11999999999999922
11.0,10.0,10.0,10.47,9.08,9.77,49700.0,-0.23000000000000043
11.0,9.0,10.3,10.52,9.59,9.66,80200.0,-0.6400000000000006
11.0,8.0,10.88,10.88,10.12,10.39,122800.0,-0.4900000000000002
11.0,7.0,9.29,10.71,8.99,10.61,184500.0,1.3200000000000003
11.0,4.0,8.93,9.12,8.53,8.79,74700.0,-0.14000000000000057
11.0,3.0,9.2,9.39,8.5,8.76,75400.0,-0.4399999999999995
11.0,2.0,9.02,9.15,8.51,8.78,92400.0,-0.2400000000000002
11.0,1.0,9.81,9.82,8.13,8.6,237900.0,-1.2100000000000009
10.0,31.0,10.64,10.84,9.88,10.37,101800.0,-0.27000000000000135
10.0,28.0,10.3,10.86,9.93,10.8,144800.0,0.5
10.0,27.0,8.82,10.39,8.72,10.2,226900.0,1.379999999999999
10.0,26.0,8.69,8.7,8.4,8.6,86800.0,-0.08999999999999986
10.0,25.0,8.64,8.71,8.35,8.46,50700.0,-0.17999999999999972
10.0,24.0,8.63,8.85,8.42,8.66,95300.0,0.02999999999999936
10.0,21.0,8.61,8.93,8.4,8.54,29200.0,-0.07000000000000028
10.0,20.0,8.35,8.54,8.22,8.47,45800.0,0.120000000000001
10.0,19.0,8.48,8.6,8.2,8.5,66200.0,0.019999999999999574
10.0,18.0,8.56,8.89,8.0,8.54,89200.0,-0.02000000000000135
10.0,17.0,8.61,8.97,8.03,8.56,98100.0,-0.049999999999998934
10.0,14.0,9.14,9.26,8.57,8.69,55900.0,-0.45000000000000107
10.0,13.0,9.47,9.47,8.9,8.99,63000.0,-0.4800000000000004
10.0,12.0,8.97,9.75,8.95,9.31,117000.0,0.33999999999999986
10.0,11.0,8.36,9.01,8.11,8.95,96200.0,0.5899999999999999
10.0,10.0,8.18,8.55,8.14,8.47,55800.0,0.2900000000000009
10.0,7.0,8.74,8.87,7.95,8.06,67600.0,-0.6799999999999997
10.0,6.0,8.17,8.78,8.13,8.75,51500.0,0.5800000000000001
10.0,5.0,8.18,8.18,7.57,8.15,59400.0,-0.02999999999999936
10.0,4.0,7.1,8.0,6.7,8.0,94200.0,0.9000000000000004
10.0,3.0,7.74,7.85,7.0,7.21,231600.0,-0.5300000000000002
9.0,30.0,8.29,8.29,7.77,8.0,138500.0,-0.28999999999999915
9.0,29.0,8.75,8.98,8.42,8.48,251400.0,-0.2699999999999996
9.0,28.0,8.91,9.05,8.41,8.74,186700.0,-0.16999999999999993
9.0,27.0,8.36,8.98,8.11,8.83,315300.0,0.47000000000000064
9.0,26.0,8.01,8.23,7.75,8.03,281000.0,0.019999999999999574
9.0,23.0,7.77,8.0,7.5,7.85,137400.0,0.08000000000000007
9.0,22.0,8.2,8.27,7.56,7.83,235600.0,-0.3699999999999992
9.0,21.0,8.17,8.82,8.08,8.46,209600.0,0.2900000000000009
9.0,20.0,9.49,9.49,8.07,8.41,478100.0,-1.08
9.0,19.0,9.55,9.63,9.2,9.51,131800.0,-0.040000000000000924
9.0,16.0,9.9,10.34,9.5,9.59,245600.0,-0.3100000000000005
9.0,15.0,10.6,10.74,9.55,9.81,392800.0,-0.7899999999999991
9.0,14.0,10.85,11.05,10.16,10.34,187400.0,-0.5099999999999998
9.0,13.0,10.46,11.16,10.4,10.63,164400.0,0.16999999999999993
9.0,12.0,11.04,11.06,10.0,10.46,358300.0,-0.5799999999999983
9.0,9.0,12.07,12.34,11.08,11.33,178000.0,-0.7400000000000002
9.0,8.0,12.76,13.31,11.9,12.03,210700.0,-0.7300000000000004
9.0,7.0,13.46,13.46,12.85,12.94,138300.0,-0.5200000000000014
9.0,6.0,12.45,13.24,12.45,13.04,122600.0,0.5899999999999999
9.0,2.0,12.5,12.86,12.36,12.73,168000.0,0.23000000000000043
9.0,1.0,12.85,13.34,12.51,12.67,74900.0,-0.17999999999999972
8.0,31.0,13.17,13.44,12.69,12.91,227400.0,-0.2599999999999998
8.0,30.0,13.24,13.65,13.05,13.17,112900.0,-0.07000000000000028
8.0,29.0,13.73,13.73,12.3,13.24,185400.0,-0.4900000000000002
8.0,26.0,12.44,13.0,12.16,12.87,142800.0,0.4299999999999997
8.0,25.0,13.13,13.15,12.03,12.65,276600.0,-0.4800000000000004
8.0,24.0,13.61,13.61,12.68,13.09,234000.0,-0.5199999999999996
8.0,23.0,13.34,13.9,13.1,13.75,169700.0,0.41000000000000014
8.0,22.0,13.35,13.7,12.83,13.41,120100.0,0.0600000000000005
8.0,19.0,13.76,13.98,13.02,13.09,182700.0,-0.6699999999999999
8.0,18.0,13.74,13.98,13.15,13.74,163700.0,0.0
8.0,17.0,13.7,14.87,13.39,14.25,301200.0,0.5500000000000007
8.0,16.0,13.31,13.85,13.22,13.72,95300.0,0.41000000000000014
8.0,15.0,13.26,13.68,13.11,13.54,122300.0,0.27999999999999936
8.0,12.0,13.5,13.5,12.7,13.0,112400.0,-0.5
8.0,11.0,13.3,13.58,12.5,12.77,293900.0,-0.5300000000000011
8.0,10.0,13.84,14.16,12.52,12.85,493000.0,-0.9900000000000002
8.0,9.0,11.64,14.25,11.64,12.83,464200.0,1.1899999999999995
8.0,8.0,12.14,12.34,11.5,11.51,169600.0,-0.6300000000000008
8.0,5.0,13.61,14.25,11.6,12.6,236400.0,-1.0099999999999998
8.0,4.0,14.99,14.99,13.25,13.68,191000.0,-1.3100000000000005
8.0,3.0,15.1,15.15,14.08,14.85,162900.0,-0.25
8.0,2.0,15.0,15.47,14.61,15.0,185700.0,0.0
8.0,1.0,15.47,15.49,14.51,14.74,177000.0,-0.7300000000000004
7.0,29.0,15.0,15.5,13.98,14.39,430800.0,-0.6099999999999994
7.0,28.0,14.49,15.4,14.1,14.95,442000.0,0.4599999999999991
7.0,27.0,14.55,14.55,13.75,13.86,190400.0,-0.6900000000000013
7.0,26.0,14.16,14.59,14.16,14.45,118700.0,0.28999999999999915
7.0,25.0,13.69,14.48,13.25,14.13,207800.0,0.4400000000000013
7.0,22.0,13.7,13.97,13.02,13.86,118500.0,0.16000000000000014
7.0,21.0,14.13,14.34,13.0,13.24,314600.0,-0.8900000000000006
7.0,20.0,15.0,15.3,14.0,14.13,200300.0,-0.8699999999999992
7.0,19.0,14.32,16.120001,14.31,14.73,637600.0,0.41000000000000014
7.0,18.0,14.05,14.45,13.67,14.33,373300.0,0.27999999999999936
7.0,15.0,13.5,14.22,12.91,14.0,210100.0,0.5
7.0,14.0,12.12,13.49,12.03,13.47,384300.0,1.3500000000000014
7.0,13.0,11.14,12.68,11.14,11.89,261800.0,0.75
7.0,12.0,10.98,11.57,10.28,11.16,126800.0,0.17999999999999972
7.0,11.0,11.9,11.94,10.82,10.94,105600.0,-0.9600000000000009
7.0,8.0,12.45,12.45,11.05,11.9,190500.0,-0.5499999999999989
7.0,7.0,12.53,12.97,12.35,12.42,145200.0,-0.10999999999999943
7.0,6.0,12.5,12.85,11.8,12.5,234400.0,0.0
7.0,5.0,11.9,12.25,11.5,12.12,192600.0,0.21999999999999886
7.0,1.0,11.75,11.75,11.0,11.42,155300.0,-0.33000000000000007
6.0,30.0,11.96,11.99,11.01,11.43,181000.0,-0.5300000000000011
6.0,29.0,11.06,12.04,10.8,11.47,520500.0,0.41000000000000014
6.0,28.0,10.61,11.35,10.61,11.0,443700.0,0.39000000000000057
6.0,27.0,10.8,10.89,10.17,10.55,110300.0,-0.25
6.0,24.0,10.96,10.96,10.02,10.51,221500.0,-0.45000000000000107
6.0,23.0,10.67,10.67,9.96,10.29,139900.0,-0.3800000000000008
6.0,22.0,10.1,10.59,10.05,10.39,126700.0,0.2900000000000009
6.0,21.0,9.69,10.99,9.69,10.19,535300.0,0.5
6.0,20.0,10.05,10.1,9.12,9.19,263500.0,-0.8600000000000012
6.0,17.0,10.12,10.2,9.92,10.0,109400.0,-0.11999999999999922
6.0,16.0,9.93,10.35,9.65,9.93,245100.0,0.0
6.0,15.0,9.79,10.05,9.55,9.96,224900.0,0.1700000000000017
6.0,14.0,9.99,10.35,9.75,9.92,368200.0,-0.07000000000000028
6.0,13.0,10.45,10.59,9.82,9.87,415300.0,-0.5800000000000001
6.0,10.0,10.36,10.81,9.65,10.07,516000.0,-0.28999999999999915
6.0,9.0,11.32,11.44,10.03,10.22,778300.0,-1.0999999999999996
6.0,8.0,11.93,13.29,11.21,11.4,733900.0,-0.5299999999999994
6.0,7.0,12.2,12.44,11.71,11.97,222100.0,-0.22999999999999865
6.0,6.0,12.72,13.07,11.33,12.2,401400.0,-0.5200000000000014
6.0,3.0,13.11,13.75,12.7,12.72,361700.0,-0.3899999999999988
6.0,2.0,12.77,13.47,12.57,13.37,242000.0,0.5999999999999996
6.0,1.0,14.01,14.1,12.8,12.83,283700.0,-1.1799999999999997
5.0,31.0,14.6,14.99,13.9,13.94,306000.0,-0.6600000000000001
5.0,27.0,14.0,14.48,13.58,14.36,272100.0,0.35999999999999943
5.0,26.0,14.92,14.93,13.71,14.0,338300.0,-0.9199999999999999
5.0,25.0,15.23,15.32,14.8,14.98,349900.0,-0.25
5.0,24.0,15.37,15.8,15.1,15.23,834700.0,-0.1399999999999988
5.0,23.0,13.64,15.49,12.82,15.21,1318900.0,1.5700000000000003
5.0,20.0,12.25,14.77,12.1,14.34,1413100.0,2.09
5.0,19.0,11.0,12.45,10.84,12.0,1032500.0,1.0
5.0,18.0,11.08,11.25,10.43,11.0,664700.0,-0.08000000000000007
5.0,17.0,11.16,11.32,10.02,10.88,407500.0,-0.27999999999999936
5.0,16.0,10.89,11.39,10.6,11.25,350600.0,0.35999999999999943
5.0,13.0,10.66,10.85,10.13,10.7,289200.0,0.03999999999999915
5.0,12.0,10.65,11.01,10.12,10.69,885000.0,0.03999999999999915
5.0,11.0,11.0,11.62,9.76,10.52,7226800.0,-0.4800000000000004
