9.0,25.0,0.0072,0.0072,0.0072,0.0072,0.0,0.0
9.0,24.0,0.0072,0.0072,0.0072,0.0072,0.0,0.0
9.0,23.0,0.0072,0.0072,0.0072,0.0072,0.0,0.0
9.0,22.0,0.0072,0.0072,0.0072,0.0072,0.0,0.0
9.0,21.0,0.0072,0.0072,0.0072,0.0072,0.0,0.0
9.0,18.0,0.0072,0.0072,0.0072,0.0072,0.0,0.0
9.0,17.0,0.0072,0.0072,0.0072,0.0072,0.0,0.0
9.0,16.0,0.0072,0.0072,0.0072,0.0072,0.0,0.0
9.0,15.0,0.0072,0.0072,0.0072,0.0072,0.0,0.0
9.0,14.0,0.0072,0.0072,0.0072,0.0072,0.0,0.0
9.0,11.0,0.0072,0.0072,0.0072,0.0072,0.0,0.0
9.0,10.0,0.0072,0.0072,0.0072,0.0072,0.0,0.0
9.0,9.0,0.0072,0.0072,0.0072,0.0072,0.0,0.0
9.0,8.0,0.0072,0.0072,0.0072,0.0072,0.0,0.0
9.0,7.0,0.0072,0.0072,0.0072,0.0072,0.0,0.0
9.0,4.0,0.0072,0.0072,0.0072,0.0072,0.0,0.0
9.0,3.0,0.0072,0.0072,0.0072,0.0072,0.0,0.0
9.0,2.0,0.0072,0.0072,0.0072,0.0072,0.0,0.0
9.0,1.0,0.0072,0.0072,0.0072,0.0072,0.0,0.0
8.0,31.0,0.0072,0.0072,0.0072,0.0072,0.0,0.0
8.0,28.0,0.0072,0.0072,0.0072,0.0072,0.0,0.0
8.0,27.0,0.0072,0.0072,0.0072,0.0072,0.0,0.0
8.0,26.0,0.0072,0.0072,0.0072,0.0072,0.0,0.0
8.0,25.0,0.0072,0.0072,0.0072,0.0072,0.0,0.0
8.0,24.0,0.0072,0.0072,0.0072,0.0072,0.0,0.0
8.0,21.0,0.0072,0.0072,0.0072,0.0072,0.0,0.0
8.0,20.0,0.0072,0.0072,0.0072,0.0072,0.0,0.0
8.0,19.0,0.0072,0.0072,0.0072,0.0072,0.0,0.0
8.0,18.0,0.0072,0.0072,0.0072,0.0072,0.0,0.0
8.0,17.0,0.0072,0.0072,0.0072,0.0072,0.0,0.0
8.0,14.0,0.0072,0.0072,0.0072,0.0072,0.0,0.0
8.0,13.0,0.0072,0.0072,0.0072,0.0072,0.0,0.0
8.0,12.0,0.0072,0.0072,0.0072,0.0072,0.0,0.0
8.0,11.0,0.0072,0.0072,0.0072,0.0072,0.0,0.0
8.0,10.0,0.0072,0.0072,0.0072,0.0072,0.0,0.0
8.0,7.0,0.0072,0.0072,0.0072,0.0072,0.0,0.0
8.0,6.0,0.0072,0.0072,0.0072,0.0072,0.0,0.0
8.0,5.0,0.0072,0.0072,0.0072,0.0072,0.0,0.0
8.0,4.0,0.0072,0.0072,0.0072,0.0072,0.0,0.0
8.0,3.0,0.0072,0.0072,0.0072,0.0072,0.0,0.0
7.0,31.0,0.0072,0.0072,0.0072,0.0072,0.0,0.0
7.0,30.0,0.0072,0.0072,0.0072,0.0072,0.0,0.0
7.0,29.0,0.0072,0.0072,0.0072,0.0072,0.0,0.0
7.0,28.0,0.00847,0.00847,0.0072,0.0072,18600.0,-0.0012700000000000003
7.0,27.0,0.0065,0.02,0.0045,0.02,37300.0,0.013500000000000002
7.0,24.0,0.015,0.015,0.015,0.015,0.0,0.0
7.0,23.0,0.015,0.015,0.015,0.015,0.0,0.0
7.0,22.0,0.015,0.015,0.015,0.015,0.0,0.0
7.0,21.0,0.015,0.015,0.015,0.015,0.0,0.0
7.0,20.0,0.015,0.015,0.015,0.015,0.0,0.0
7.0,17.0,0.015,0.015,0.015,0.015,0.0,0.0
7.0,16.0,0.015,0.015,0.015,0.015,0.0,0.0
7.0,15.0,0.015,0.015,0.015,0.015,0.0,0.0
7.0,14.0,0.015,0.015,0.015,0.015,0.0,0.0
7.0,13.0,0.015,0.015,0.015,0.015,0.0,0.0
7.0,10.0,0.015,0.015,0.015,0.015,0.0,0.0
7.0,9.0,0.015,0.015,0.015,0.015,0.0,0.0
7.0,8.0,0.015,0.015,0.015,0.015,0.0,0.0
7.0,7.0,0.015,0.015,0.015,0.015,0.0,0.0
7.0,6.0,0.015,0.015,0.015,0.015,0.0,0.0
7.0,3.0,0.015,0.015,0.015,0.015,0.0,0.0
7.0,2.0,0.015,0.015,0.015,0.015,0.0,0.0
7.0,1.0,0.015,0.015,0.015,0.015,0.0,0.0
6.0,30.0,0.015,0.015,0.015,0.015,0.0,0.0
6.0,29.0,0.015,0.015,0.015,0.015,0.0,0.0
6.0,26.0,0.015,0.015,0.015,0.015,0.0,0.0
6.0,25.0,0.015,0.015,0.015,0.015,0.0,0.0
6.0,24.0,0.015,0.015,0.015,0.015,0.0,0.0
6.0,23.0,0.015,0.015,0.015,0.015,0.0,0.0
6.0,22.0,0.015,0.015,0.015,0.015,0.0,0.0
6.0,19.0,0.015,0.015,0.015,0.015,0.0,0.0
6.0,18.0,0.015,0.015,0.015,0.015,0.0,0.0
6.0,17.0,0.015,0.015,0.015,0.015,0.0,0.0
6.0,16.0,0.015,0.015,0.015,0.015,0.0,0.0
6.0,15.0,0.015,0.015,0.015,0.015,0.0,0.0
6.0,12.0,0.015,0.015,0.015,0.015,0.0,0.0
6.0,11.0,0.015,0.015,0.015,0.015,0.0,0.0
6.0,10.0,0.015,0.015,0.015,0.015,0.0,0.0
6.0,9.0,0.015,0.015,0.015,0.015,0.0,0.0
6.0,8.0,0.015,0.015,0.015,0.015,0.0,0.0
6.0,5.0,0.015,0.015,0.015,0.015,0.0,0.0
6.0,4.0,0.015,0.015,0.015,0.015,0.0,0.0
6.0,3.0,0.015,0.015,0.015,0.015,0.0,0.0
6.0,2.0,0.015,0.015,0.015,0.015,0.0,0.0
6.0,1.0,0.015,0.015,0.015,0.015,0.0,0.0
5.0,29.0,0.015,0.015,0.015,0.015,0.0,0.0
5.0,28.0,0.015,0.015,0.015,0.015,0.0,0.0
5.0,27.0,0.015,0.015,0.015,0.015,0.0,0.0
5.0,26.0,0.015,0.015,0.015,0.015,0.0,0.0
5.0,25.0,0.015,0.015,0.015,0.015,0.0,0.0
5.0,22.0,0.015,0.015,0.015,0.015,0.0,0.0
5.0,21.0,0.015,0.015,0.015,0.015,0.0,0.0
5.0,20.0,0.015,0.015,0.015,0.015,0.0,0.0
5.0,19.0,0.015,0.015,0.015,0.015,0.0,0.0
5.0,18.0,0.015,0.015,0.015,0.015,0.0,0.0
5.0,15.0,0.015,0.015,0.015,0.015,0.0,0.0
5.0,14.0,0.015,0.015,0.015,0.015,0.0,0.0
5.0,13.0,0.015,0.015,0.015,0.015,0.0,0.0
5.0,12.0,0.015,0.015,0.015,0.015,0.0,0.0
5.0,11.0,0.015,0.015,0.015,0.015,0.0,0.0
5.0,8.0,0.015,0.015,0.015,0.015,0.0,0.0
5.0,7.0,0.015,0.015,0.015,0.015,0.0,0.0
5.0,6.0,0.015,0.015,0.015,0.015,0.0,0.0
5.0,5.0,0.015,0.015,0.015,0.015,0.0,0.0
5.0,4.0,0.015,0.015,0.015,0.015,0.0,0.0
5.0,1.0,0.015,0.015,0.015,0.015,0.0,0.0
4.0,30.0,0.015,0.015,0.015,0.015,0.0,0.0
4.0,29.0,0.015,0.015,0.015,0.015,0.0,0.0
4.0,28.0,0.015,0.015,0.015,0.015,0.0,0.0
4.0,27.0,0.015,0.015,0.015,0.015,0.0,0.0
4.0,24.0,0.015,0.015,0.015,0.015,0.0,0.0
4.0,23.0,0.015,0.015,0.015,0.015,0.0,0.0
4.0,22.0,0.015,0.015,0.015,0.015,0.0,0.0
4.0,21.0,0.015,0.015,0.015,0.015,0.0,0.0
4.0,20.0,0.015,0.015,0.015,0.015,0.0,0.0
4.0,17.0,0.015,0.015,0.015,0.015,0.0,0.0
4.0,16.0,0.015,0.015,0.015,0.015,0.0,0.0
4.0,15.0,0.015,0.015,0.015,0.015,0.0,0.0
4.0,14.0,0.015,0.015,0.015,0.015,0.0,0.0
4.0,13.0,0.015,0.015,0.015,0.015,0.0,0.0
4.0,10.0,0.015,0.015,0.015,0.015,0.0,0.0
4.0,9.0,0.015,0.015,0.015,0.015,0.0,0.0
4.0,8.0,0.015,0.015,0.015,0.015,0.0,0.0
4.0,7.0,0.015,0.015,0.015,0.015,0.0,0.0
4.0,6.0,0.015,0.015,0.015,0.015,500.0,0.0
4.0,3.0,0.015,0.015,0.015,0.015,0.0,0.0
4.0,2.0,0.015,0.015,0.015,0.015,0.0,0.0
4.0,1.0,0.015,0.015,0.015,0.015,0.0,0.0
3.0,31.0,0.015,0.015,0.015,0.015,0.0,0.0
3.0,30.0,0.015,0.015,0.015,0.015,0.0,0.0
3.0,27.0,0.015,0.015,0.015,0.015,0.0,0.0
3.0,26.0,0.011,0.015,0.011,0.015,3500.0,0.004
3.0,25.0,0.006,0.015,0.006,0.015,11300.0,0.009
3.0,24.0,0.006,0.006,0.006,0.006,0.0,0.0
3.0,23.0,0.006,0.006,0.006,0.006,0.0,0.0
3.0,20.0,0.006,0.006,0.006,0.006,0.0,0.0
3.0,19.0,0.006,0.006,0.006,0.006,0.0,0.0
3.0,18.0,0.006,0.006,0.006,0.006,0.0,0.0
3.0,17.0,0.006,0.006,0.006,0.006,0.0,0.0
3.0,16.0,0.006,0.006,0.006,0.006,0.0,0.0
3.0,13.0,0.006,0.006,0.006,0.006,0.0,0.0
3.0,12.0,0.006,0.006,0.006,0.006,0.0,0.0
3.0,11.0,0.006,0.006,0.006,0.006,0.0,0.0
3.0,10.0,0.006,0.006,0.006,0.006,0.0,0.0
3.0,9.0,0.006,0.006,0.006,0.006,0.0,0.0
3.0,6.0,0.006,0.006,0.006,0.006,0.0,0.0
3.0,5.0,0.006,0.006,0.006,0.006,0.0,0.0
3.0,4.0,0.006,0.006,0.006,0.006,0.0,0.0
3.0,3.0,0.006,0.006,0.006,0.006,0.0,0.0
3.0,2.0,0.006,0.006,0.006,0.006,0.0,0.0
2.0,27.0,0.006,0.006,0.006,0.006,0.0,0.0
2.0,26.0,0.006,0.006,0.006,0.006,0.0,0.0
2.0,25.0,0.006,0.006,0.006,0.006,0.0,0.0
2.0,24.0,0.006,0.006,0.006,0.006,0.0,0.0
2.0,23.0,0.006,0.006,0.006,0.006,0.0,0.0
2.0,20.0,0.006,0.006,0.006,0.006,0.0,0.0
2.0,19.0,0.006,0.006,0.006,0.006,0.0,0.0
2.0,18.0,0.006,0.006,0.006,0.006,0.0,0.0
2.0,17.0,0.006,0.006,0.006,0.006,0.0,0.0
2.0,16.0,0.006,0.006,0.006,0.006,0.0,0.0
2.0,13.0,0.006,0.006,0.006,0.006,0.0,0.0
2.0,12.0,0.006,0.006,0.006,0.006,0.0,0.0
2.0,11.0,0.006,0.006,0.006,0.006,0.0,0.0
2.0,10.0,0.006,0.006,0.006,0.006,0.0,0.0
2.0,9.0,0.006,0.006,0.006,0.006,0.0,0.0
2.0,6.0,0.006,0.006,0.006,0.006,0.0,0.0
2.0,5.0,0.006,0.006,0.006,0.006,0.0,0.0
2.0,4.0,0.006,0.006,0.006,0.006,0.0,0.0
2.0,3.0,0.006,0.006,0.006,0.006,0.0,0.0
2.0,2.0,0.006,0.006,0.006,0.006,0.0,0.0
1.0,30.0,0.006,0.006,0.006,0.006,0.0,0.0
1.0,29.0,0.006,0.006,0.006,0.006,0.0,0.0
1.0,28.0,0.006,0.006,0.006,0.006,0.0,0.0
1.0,27.0,0.006,0.006,0.006,0.006,0.0,0.0
1.0,26.0,0.006,0.006,0.006,0.006,0.0,0.0
1.0,23.0,0.006,0.006,0.006,0.006,0.0,0.0
1.0,22.0,0.006,0.006,0.006,0.006,0.0,0.0
1.0,21.0,0.006,0.006,0.006,0.006,0.0,0.0
1.0,20.0,0.006,0.006,0.006,0.006,0.0,0.0
1.0,19.0,0.006,0.006,0.006,0.006,0.0,0.0
1.0,16.0,0.006,0.006,0.006,0.006,0.0,0.0
1.0,15.0,0.006,0.006,0.006,0.006,0.0,0.0
1.0,14.0,0.006,0.006,0.006,0.006,0.0,0.0
1.0,13.0,0.006,0.006,0.006,0.006,0.0,0.0
1.0,12.0,0.006,0.006,0.006,0.006,0.0,0.0
1.0,9.0,0.006,0.006,0.006,0.006,0.0,0.0
1.0,8.0,0.006,0.006,0.006,0.006,0.0,0.0
1.0,7.0,0.006,0.006,0.006,0.006,0.0,0.0
1.0,6.0,0.006,0.006,0.006,0.006,0.0,0.0
1.0,5.0,0.006,0.006,0.006,0.006,0.0,0.0
1.0,2.0,0.006,0.006,0.006,0.006,0.0,0.0
1.0,1.0,0.006,0.006,0.006,0.006,0.0,0.0
12.0,31.0,0.006,0.006,0.006,0.006,0.0,0.0
12.0,30.0,0.006,0.006,0.006,0.006,0.0,0.0
12.0,29.0,0.006,0.006,0.006,0.006,0.0,0.0
12.0,26.0,0.006,0.006,0.006,0.006,0.0,0.0
12.0,25.0,0.006,0.006,0.006,0.006,0.0,0.0
12.0,24.0,0.006,0.006,0.006,0.006,0.0,0.0
12.0,23.0,0.006,0.006,0.006,0.006,0.0,0.0
12.0,22.0,0.006,0.006,0.006,0.006,0.0,0.0
12.0,19.0,0.006,0.006,0.006,0.006,0.0,0.0
12.0,18.0,0.006,0.006,0.006,0.006,0.0,0.0
12.0,17.0,0.006,0.006,0.006,0.006,0.0,0.0
12.0,16.0,0.006,0.006,0.006,0.006,0.0,0.0
12.0,15.0,0.006,0.006,0.006,0.006,0.0,0.0
12.0,12.0,0.006,0.006,0.006,0.006,0.0,0.0
12.0,11.0,0.006,0.006,0.006,0.006,0.0,0.0
12.0,10.0,0.006,0.006,0.006,0.006,0.0,0.0
12.0,9.0,0.006,0.006,0.006,0.006,0.0,0.0
12.0,8.0,0.006,0.006,0.006,0.006,0.0,0.0
12.0,5.0,0.006,0.006,0.006,0.006,0.0,0.0
12.0,4.0,0.006,0.006,0.006,0.006,0.0,0.0
12.0,3.0,0.006,0.006,0.006,0.006,0.0,0.0
12.0,2.0,0.006,0.006,0.006,0.006,0.0,0.0
12.0,1.0,0.006,0.006,0.006,0.006,0.0,0.0
11.0,28.0,0.006,0.006,0.006,0.006,0.0,0.0
11.0,27.0,0.006,0.006,0.006,0.006,0.0,0.0
11.0,26.0,0.006,0.006,0.006,0.006,0.0,0.0
11.0,25.0,0.006,0.006,0.006,0.006,0.0,0.0
11.0,24.0,0.006,0.006,0.006,0.006,0.0,0.0
11.0,21.0,0.006,0.006,0.006,0.006,0.0,0.0
11.0,20.0,0.006,0.006,0.006,0.006,0.0,0.0
11.0,19.0,0.006,0.006,0.006,0.006,0.0,0.0
11.0,18.0,0.006,0.006,0.006,0.006,0.0,0.0
11.0,17.0,0.006,0.006,0.006,0.006,0.0,0.0
11.0,14.0,0.006,0.006,0.006,0.006,0.0,0.0
11.0,13.0,0.006,0.006,0.006,0.006,0.0,0.0
11.0,12.0,0.006,0.006,0.006,0.006,0.0,0.0
11.0,11.0,0.006,0.006,0.006,0.006,0.0,0.0
11.0,10.0,0.0068,0.0068,0.006,0.006,16600.0,-7.999999999999995E-4
11.0,7.0,0.005,0.006,0.005,0.0051,41300.0,1.0000000000000026E-4
11.0,6.0,0.015,0.015,0.015,0.015,0.0,0.0
11.0,5.0,0.015,0.015,0.015,0.015,0.0,0.0
11.0,4.0,0.015,0.015,0.015,0.015,0.0,0.0
11.0,3.0,0.015,0.015,0.015,0.015,0.0,0.0
10.0,31.0,0.015,0.015,0.015,0.015,0.0,0.0
10.0,30.0,0.015,0.015,0.015,0.015,0.0,0.0
10.0,29.0,0.015,0.015,0.015,0.015,0.0,0.0
10.0,28.0,0.015,0.015,0.015,0.015,0.0,0.0
10.0,27.0,0.015,0.015,0.015,0.015,0.0,0.0
10.0,24.0,0.015,0.015,0.015,0.015,0.0,0.0
10.0,23.0,0.015,0.015,0.015,0.015,0.0,0.0
10.0,22.0,0.015,0.015,0.015,0.015,0.0,0.0
10.0,21.0,0.015,0.015,0.015,0.015,0.0,0.0
10.0,20.0,0.015,0.015,0.015,0.015,0.0,0.0
10.0,17.0,0.015,0.015,0.015,0.015,0.0,0.0
10.0,16.0,0.015,0.015,0.015,0.015,0.0,0.0
10.0,15.0,0.015,0.015,0.015,0.015,0.0,0.0
10.0,14.0,0.015,0.015,0.015,0.015,0.0,0.0
10.0,13.0,0.015,0.015,0.015,0.015,0.0,0.0
10.0,10.0,0.015,0.015,0.015,0.015,0.0,0.0
10.0,9.0,0.015,0.015,0.015,0.015,0.0,0.0
10.0,8.0,0.015,0.015,0.015,0.015,0.0,0.0
10.0,7.0,0.015,0.015,0.015,0.015,0.0,0.0
10.0,6.0,0.015,0.015,0.015,0.015,0.0,0.0
10.0,3.0,0.015,0.015,0.015,0.015,0.0,0.0
10.0,2.0,0.015,0.015,0.015,0.015,0.0,0.0
10.0,1.0,0.015,0.015,0.015,0.015,0.0,0.0
9.0,30.0,0.015,0.015,0.015,0.015,0.0,0.0
9.0,29.0,0.015,0.015,0.015,0.015,0.0,0.0
9.0,26.0,0.015,0.015,0.015,0.015,0.0,0.0
9.0,25.0,0.015,0.015,0.015,0.015,0.0,0.0
9.0,24.0,0.015,0.015,0.015,0.015,0.0,0.0
9.0,23.0,0.015,0.015,0.015,0.015,0.0,0.0
9.0,22.0,0.015,0.015,0.015,0.015,0.0,0.0
9.0,19.0,0.015,0.015,0.015,0.015,0.0,0.0
9.0,18.0,0.015,0.015,0.015,0.015,0.0,0.0
9.0,17.0,0.015,0.015,0.015,0.015,0.0,0.0
9.0,16.0,0.015,0.015,0.015,0.015,0.0,0.0
9.0,15.0,0.015,0.015,0.015,0.015,0.0,0.0
9.0,12.0,0.015,0.015,0.015,0.015,0.0,0.0
9.0,11.0,0.015,0.015,0.015,0.015,0.0,0.0
9.0,10.0,0.015,0.015,0.015,0.015,0.0,0.0
9.0,9.0,0.015,0.015,0.015,0.015,0.0,0.0
9.0,8.0,0.015,0.015,0.015,0.015,0.0,0.0
9.0,5.0,0.015,0.015,0.015,0.015,0.0,0.0
9.0,4.0,0.015,0.015,0.015,0.015,0.0,0.0
9.0,3.0,0.015,0.015,0.015,0.015,100.0,0.0
9.0,2.0,0.0046,0.0046,0.0046,0.0046,0.0,0.0
9.0,1.0,0.0046,0.0046,0.0046,0.0046,0.0,0.0
8.0,29.0,0.0046,0.0046,0.0046,0.0046,0.0,0.0
8.0,28.0,0.0046,0.0046,0.0046,0.0046,0.0,0.0
8.0,27.0,0.0046,0.0046,0.0046,0.0046,0.0,0.0
8.0,26.0,0.0046,0.0046,0.0046,0.0046,0.0,0.0
8.0,25.0,0.0046,0.0046,0.0046,0.0046,0.0,0.0
8.0,22.0,0.0046,0.0046,0.0046,0.0046,0.0,0.0
8.0,21.0,0.0046,0.0046,0.0046,0.0046,0.0,0.0
8.0,20.0,0.0046,0.0046,0.0046,0.0046,0.0,0.0
8.0,19.0,0.0046,0.0046,0.0046,0.0046,0.0,0.0
8.0,18.0,0.0046,0.0046,0.0046,0.0046,0.0,0.0
8.0,15.0,0.0046,0.0046,0.0046,0.0046,0.0,0.0
8.0,14.0,0.0046,0.0046,0.0046,0.0046,0.0,0.0
8.0,13.0,0.0046,0.0046,0.0046,0.0046,0.0,0.0
8.0,12.0,0.0046,0.0046,0.0046,0.0046,0.0,0.0
8.0,11.0,0.0046,0.0046,0.0046,0.0046,0.0,0.0
8.0,8.0,0.0046,0.0046,0.0046,0.0046,0.0,0.0
8.0,7.0,0.0046,0.0046,0.0046,0.0046,0.0,0.0
8.0,6.0,0.0046,0.0046,0.0046,0.0046,0.0,0.0
8.0,5.0,0.0046,0.0046,0.0046,0.0046,0.0,0.0
8.0,4.0,0.0046,0.0046,0.0046,0.0046,0.0,0.0
8.0,1.0,0.0046,0.0046,0.0046,0.0046,0.0,0.0
7.0,31.0,0.0046,0.0046,0.0046,0.0046,0.0,0.0
7.0,30.0,0.0046,0.0046,0.0046,0.0046,0.0,0.0
7.0,29.0,0.0046,0.0046,0.0046,0.0046,0.0,0.0
7.0,28.0,0.0046,0.0046,0.0046,0.0046,0.0,0.0
7.0,25.0,0.0046,0.0046,0.0046,0.0046,0.0,0.0
7.0,24.0,0.0046,0.0046,0.0046,0.0046,0.0,0.0
7.0,23.0,0.0046,0.0046,0.0046,0.0046,0.0,0.0
7.0,22.0,0.0046,0.0046,0.0046,0.0046,0.0,0.0
7.0,21.0,0.0046,0.0046,0.0046,0.0046,0.0,0.0
7.0,18.0,0.0046,0.0046,0.0046,0.0046,0.0,0.0
7.0,17.0,0.0046,0.0046,0.0046,0.0046,0.0,0.0
7.0,16.0,0.0046,0.0046,0.0046,0.0046,0.0,0.0
7.0,15.0,0.0046,0.0046,0.0046,0.0046,0.0,0.0
7.0,14.0,0.0046,0.0046,0.0046,0.0046,0.0,0.0
7.0,11.0,0.0046,0.0046,0.0046,0.0046,0.0,0.0
7.0,10.0,0.0046,0.0046,0.0046,0.0046,0.0,0.0
7.0,9.0,0.0046,0.0046,0.0046,0.0046,0.0,0.0
7.0,8.0,0.0046,0.0046,0.0046,0.0046,0.0,0.0
7.0,7.0,0.0046,0.0046,0.0046,0.0046,0.0,0.0
7.0,4.0,0.0046,0.0046,0.0046,0.0046,0.0,0.0
7.0,3.0,0.0046,0.0046,0.0046,0.0046,0.0,0.0
7.0,2.0,0.0046,0.0046,0.0046,0.0046,0.0,0.0
7.0,1.0,0.0046,0.0046,0.0046,0.0046,0.0,0.0
6.0,30.0,0.0046,0.0046,0.0046,0.0046,0.0,0.0
6.0,27.0,0.0046,0.0046,0.0046,0.0046,0.0,0.0
6.0,26.0,0.0046,0.0046,0.0046,0.0046,0.0,0.0
6.0,25.0,0.0046,0.0046,0.0046,0.0046,0.0,0.0
6.0,24.0,0.0046,0.0046,0.0046,0.0046,0.0,0.0
6.0,23.0,0.0046,0.0046,0.0046,0.0046,3900.0,0.0
6.0,20.0,0.0041,0.0041,0.0041,0.0041,0.0,0.0
6.0,19.0,0.0041,0.0041,0.0041,0.0041,0.0,0.0
6.0,18.0,0.0041,0.0041,0.0041,0.0041,0.0,0.0
6.0,17.0,0.0041,0.0041,0.0041,0.0041,0.0,0.0
6.0,16.0,0.0041,0.0041,0.0041,0.0041,0.0,0.0
6.0,13.0,0.0041,0.0041,0.0041,0.0041,0.0,0.0
6.0,12.0,0.0041,0.0041,0.0041,0.0041,0.0,0.0
6.0,11.0,0.0041,0.0041,0.0041,0.0041,0.0,0.0
6.0,10.0,0.0041,0.0041,0.0041,0.0041,0.0,0.0
6.0,9.0,0.0041,0.0041,0.0041,0.0041,0.0,0.0
6.0,6.0,0.0041,0.0041,0.0041,0.0041,0.0,0.0
6.0,5.0,0.0041,0.0041,0.0041,0.0041,0.0,0.0
6.0,4.0,0.0041,0.0041,0.0041,0.0041,0.0,0.0
6.0,3.0,0.0041,0.0041,0.0041,0.0041,0.0,0.0
6.0,2.0,0.0041,0.0041,0.0041,0.0041,0.0,0.0
5.0,30.0,0.0041,0.0041,0.0041,0.0041,0.0,0.0
5.0,29.0,0.0041,0.0041,0.0041,0.0041,0.0,0.0
5.0,28.0,0.0041,0.0041,0.0041,0.0041,0.0,0.0
5.0,27.0,0.0041,0.0041,0.0041,0.0041,0.0,0.0
5.0,26.0,0.0041,0.0041,0.0041,0.0041,0.0,0.0
5.0,23.0,0.0041,0.0041,0.0041,0.0041,0.0,0.0
5.0,22.0,0.0041,0.0041,0.0041,0.0041,0.0,0.0
5.0,21.0,0.0041,0.0041,0.0041,0.0041,0.0,0.0
5.0,20.0,0.0041,0.0041,0.0041,0.0041,0.0,0.0
5.0,19.0,0.0041,0.0041,0.0041,0.0041,0.0,0.0
5.0,16.0,0.0041,0.0041,0.0041,0.0041,0.0,0.0
5.0,15.0,0.0041,0.0041,0.0041,0.0041,0.0,0.0
5.0,14.0,0.0041,0.0041,0.0041,0.0041,0.0,0.0
5.0,13.0,0.0041,0.0041,0.0041,0.0041,0.0,0.0
5.0,12.0,0.0041,0.0041,0.0041,0.0041,0.0,0.0
5.0,9.0,0.0041,0.0041,0.0041,0.0041,0.0,0.0
5.0,8.0,0.0041,0.0041,0.0041,0.0041,0.0,0.0
5.0,7.0,0.0041,0.0041,0.0041,0.0041,0.0,0.0
5.0,6.0,0.0041,0.0041,0.0041,0.0041,5000.0,0.0
5.0,5.0,0.0036,0.0036,0.0036,0.0036,0.0,0.0
5.0,2.0,0.0036,0.0036,0.0036,0.0036,0.0,0.0
5.0,1.0,0.0036,0.0036,0.0036,0.0036,0.0,0.0
4.0,30.0,0.0036,0.0036,0.0036,0.0036,0.0,0.0
4.0,29.0,0.0036,0.0036,0.0036,0.0036,0.0,0.0
4.0,28.0,0.0036,0.0036,0.0036,0.0036,0.0,0.0
4.0,25.0,0.0036,0.0036,0.0036,0.0036,0.0,0.0
4.0,24.0,0.0036,0.0036,0.0036,0.0036,0.0,0.0
4.0,23.0,0.0036,0.0036,0.0036,0.0036,0.0,0.0
4.0,22.0,0.0036,0.0036,0.0036,0.0036,0.0,0.0
4.0,21.0,0.0036,0.0036,0.0036,0.0036,0.0,0.0
4.0,18.0,0.0036,0.0036,0.0036,0.0036,0.0,0.0
4.0,17.0,0.0036,0.0036,0.0036,0.0036,0.0,0.0
4.0,16.0,0.0036,0.0036,0.0036,0.0036,0.0,0.0
4.0,15.0,0.0036,0.0036,0.0036,0.0036,15000.0,0.0
4.0,14.0,0.0031,0.0031,0.0031,0.0031,0.0,0.0
4.0,11.0,0.0031,0.0031,0.0031,0.0031,0.0,0.0
4.0,10.0,0.0031,0.0031,0.0031,0.0031,0.0,0.0
4.0,9.0,0.0031,0.0031,0.0031,0.0031,0.0,0.0
4.0,8.0,0.0031,0.0031,0.0031,0.0031,0.0,0.0
4.0,7.0,0.0031,0.0031,0.0031,0.0031,0.0,0.0
4.0,4.0,0.0031,0.0031,0.0031,0.0031,0.0,0.0
4.0,2.0,0.0031,0.0031,0.0031,0.0031,0.0,0.0
4.0,1.0,0.0031,0.0031,0.0031,0.0031,0.0,0.0
3.0,31.0,0.0031,0.0031,0.0031,0.0031,0.0,0.0
3.0,28.0,0.0031,0.0031,0.0031,0.0031,0.0,0.0
3.0,27.0,0.0031,0.0031,0.0031,0.0031,0.0,0.0
3.0,26.0,0.0031,0.0031,0.0031,0.0031,0.0,0.0
3.0,25.0,0.0031,0.0031,0.0031,0.0031,0.0,0.0
3.0,24.0,0.0031,0.0031,0.0031,0.0031,0.0,0.0
3.0,21.0,0.0031,0.0031,0.0031,0.0031,0.0,0.0
3.0,20.0,0.0031,0.0031,0.0031,0.0031,0.0,0.0
3.0,19.0,0.0031,0.0031,0.0031,0.0031,0.0,0.0
3.0,18.0,0.0031,0.0031,0.0031,0.0031,0.0,0.0
3.0,17.0,0.0031,0.0031,0.0031,0.0031,0.0,0.0
3.0,14.0,0.0031,0.0031,0.0031,0.0031,0.0,0.0
3.0,13.0,0.0031,0.0031,0.0031,0.0031,0.0,0.0
3.0,12.0,0.0031,0.0031,0.0031,0.0031,0.0,0.0
3.0,11.0,0.0031,0.0031,0.0031,0.0031,0.0,0.0
3.0,10.0,0.0031,0.0031,0.0031,0.0031,0.0,0.0
3.0,7.0,0.0031,0.0031,0.0031,0.0031,0.0,0.0
3.0,6.0,0.0031,0.0031,0.0031,0.0031,0.0,0.0
3.0,5.0,0.0031,0.0031,0.0031,0.0031,0.0,0.0
3.0,4.0,0.0031,0.0031,0.0031,0.0031,0.0,0.0
3.0,3.0,0.0031,0.0031,0.0031,0.0031,100.0,0.0
2.0,28.0,0.0025,0.0025,0.0025,0.0025,0.0,0.0
2.0,27.0,0.0025,0.0025,0.0025,0.0025,0.0,0.0
2.0,26.0,0.0025,0.0025,0.0025,0.0025,0.0,0.0
2.0,25.0,0.0025,0.0025,0.0025,0.0025,0.0,0.0
2.0,24.0,0.0025,0.0025,0.0025,0.0025,0.0,0.0
2.0,21.0,0.0025,0.0025,0.0025,0.0025,0.0,0.0
2.0,20.0,0.0025,0.0025,0.0025,0.0025,0.0,0.0
2.0,19.0,0.0025,0.0025,0.0025,0.0025,0.0,0.0
2.0,18.0,0.0025,0.0025,0.0025,0.0025,0.0,0.0
2.0,17.0,0.0025,0.0025,0.0025,0.0025,0.0,0.0
2.0,14.0,0.0025,0.0025,0.0025,0.0025,0.0,0.0
2.0,13.0,0.0025,0.0025,0.0025,0.0025,0.0,0.0
2.0,12.0,0.0025,0.0025,0.0025,0.0025,0.0,0.0
2.0,11.0,0.0025,0.0025,0.0025,0.0025,0.0,0.0
2.0,10.0,0.0025,0.0025,0.0025,0.0025,0.0,0.0
2.0,7.0,0.009,0.009,0.0025,0.0025,40000.0,-0.006499999999999999
2.0,6.0,0.009,0.009,0.009,0.009,0.0,0.0
2.0,5.0,0.009,0.009,0.009,0.009,0.0,0.0
2.0,4.0,0.009,0.009,0.009,0.009,0.0,0.0
2.0,3.0,0.009,0.009,0.009,0.009,0.0,0.0
1.0,31.0,0.009,0.009,0.009,0.009,0.0,0.0
1.0,30.0,0.009,0.009,0.009,0.009,100.0,0.0
1.0,29.0,0.01,0.01,0.01,0.01,0.0,0.0
1.0,28.0,0.01,0.01,0.01,0.01,0.0,0.0
1.0,27.0,0.01,0.01,0.01,0.01,0.0,0.0
1.0,24.0,0.01,0.01,0.01,0.01,0.0,0.0
1.0,23.0,0.01,0.01,0.01,0.01,0.0,0.0
1.0,22.0,0.01,0.01,0.01,0.01,0.0,0.0
1.0,21.0,0.01,0.01,0.01,0.01,0.0,0.0
1.0,20.0,0.01,0.01,0.01,0.01,0.0,0.0
1.0,17.0,0.01,0.01,0.01,0.01,0.0,0.0
1.0,16.0,0.01,0.01,0.01,0.01,0.0,0.0
1.0,15.0,0.01,0.01,0.01,0.01,0.0,0.0
1.0,14.0,0.01,0.01,0.01,0.01,0.0,0.0
1.0,13.0,0.01,0.01,0.01,0.01,0.0,0.0
1.0,10.0,0.01,0.01,0.01,0.01,0.0,0.0
1.0,9.0,0.009,0.01,0.009,0.01,13300.0,0.0010000000000000009
1.0,8.0,0.01,0.01,0.01,0.01,0.0,0.0
1.0,7.0,0.01,0.01,0.01,0.01,0.0,0.0
1.0,6.0,0.01,0.01,0.01,0.01,0.0,0.0
1.0,3.0,0.01,0.01,0.01,0.01,0.0,0.0
1.0,2.0,0.01,0.01,0.01,0.01,0.0,0.0
1.0,1.0,0.01,0.01,0.01,0.01,0.0,0.0
12.0,31.0,0.015,0.015,0.009,0.01,228300.0,-0.004999999999999999
12.0,30.0,0.015,0.015,0.015,0.015,0.0,0.0
12.0,27.0,0.015,0.015,0.015,0.015,0.0,0.0
12.0,26.0,0.015,0.015,0.015,0.015,0.0,0.0
12.0,25.0,0.015,0.015,0.015,0.015,0.0,0.0
12.0,24.0,0.015,0.015,0.015,0.015,0.0,0.0
12.0,23.0,0.015,0.015,0.015,0.015,0.0,0.0
12.0,20.0,0.015,0.015,0.015,0.015,0.0,0.0
12.0,19.0,0.015,0.015,0.015,0.015,0.0,0.0
12.0,18.0,0.015,0.015,0.015,0.015,0.0,0.0
12.0,17.0,0.015,0.015,0.015,0.015,0.0,0.0
12.0,16.0,0.015,0.015,0.015,0.015,0.0,0.0
12.0,13.0,0.015,0.015,0.015,0.015,0.0,0.0
12.0,12.0,0.015,0.015,0.015,0.015,0.0,0.0
12.0,11.0,0.015,0.015,0.015,0.015,0.0,0.0
12.0,10.0,0.015,0.015,0.015,0.015,0.0,0.0
12.0,9.0,0.015,0.015,0.015,0.015,0.0,0.0
12.0,6.0,0.015,0.015,0.015,0.015,0.0,0.0
12.0,5.0,0.015,0.015,0.015,0.015,0.0,0.0
12.0,4.0,0.015,0.015,0.015,0.015,0.0,0.0
12.0,3.0,0.015,0.015,0.015,0.015,0.0,0.0
12.0,2.0,0.015,0.015,0.015,0.015,0.0,0.0
11.0,29.0,0.015,0.015,0.015,0.015,0.0,0.0
11.0,28.0,0.015,0.015,0.015,0.015,0.0,0.0
11.0,27.0,0.015,0.015,0.015,0.015,0.0,0.0
11.0,26.0,0.015,0.015,0.015,0.015,0.0,0.0
11.0,25.0,0.015,0.015,0.015,0.015,0.0,0.0
11.0,22.0,0.015,0.015,0.015,0.015,0.0,0.0
11.0,21.0,0.015,0.015,0.015,0.015,0.0,0.0
11.0,20.0,0.015,0.015,0.015,0.015,0.0,0.0
11.0,19.0,0.015,0.015,0.015,0.015,0.0,0.0
11.0,18.0,0.015,0.015,0.015,0.015,0.0,0.0
11.0,15.0,0.015,0.015,0.015,0.015,0.0,0.0
11.0,14.0,0.015,0.015,0.015,0.015,0.0,0.0
11.0,13.0,0.015,0.015,0.015,0.015,0.0,0.0
11.0,12.0,0.015,0.015,0.015,0.015,0.0,0.0
11.0,11.0,0.015,0.015,0.015,0.015,0.0,0.0
11.0,8.0,0.02,0.02,0.015,0.015,200.0,-0.005000000000000001
11.0,7.0,0.02,0.02,0.02,0.02,0.0,0.0
11.0,6.0,0.02,0.02,0.02,0.02,0.0,0.0
11.0,5.0,0.02,0.02,0.02,0.02,0.0,0.0
11.0,4.0,0.02,0.02,0.02,0.02,0.0,0.0
11.0,1.0,0.02,0.02,0.02,0.02,0.0,0.0
10.0,31.0,0.02,0.02,0.02,0.02,0.0,0.0
10.0,30.0,0.02,0.02,0.02,0.02,0.0,0.0
10.0,29.0,0.02,0.02,0.02,0.02,0.0,0.0
10.0,28.0,0.02,0.02,0.02,0.02,0.0,0.0
10.0,25.0,0.02,0.02,0.02,0.02,0.0,0.0
10.0,24.0,0.02,0.02,0.02,0.02,0.0,0.0
10.0,23.0,0.02,0.02,0.02,0.02,0.0,0.0
10.0,22.0,0.02,0.02,0.02,0.02,0.0,0.0
10.0,21.0,0.02,0.02,0.02,0.02,0.0,0.0
10.0,18.0,0.02,0.02,0.02,0.02,0.0,0.0
10.0,17.0,0.02,0.02,0.02,0.02,0.0,0.0
10.0,16.0,0.02,0.02,0.02,0.02,0.0,0.0
10.0,15.0,0.02,0.02,0.02,0.02,0.0,0.0
10.0,14.0,0.02,0.02,0.02,0.02,0.0,0.0
10.0,11.0,0.02,0.02,0.02,0.02,6900.0,0.0
10.0,10.0,0.02,0.02,0.02,0.02,0.0,0.0
10.0,9.0,0.02,0.02,0.02,0.02,0.0,0.0
10.0,8.0,0.02,0.02,0.02,0.02,0.0,0.0
10.0,7.0,0.02,0.02,0.02,0.02,0.0,0.0
10.0,4.0,0.02,0.02,0.02,0.02,0.0,0.0
10.0,3.0,0.02,0.02,0.02,0.02,0.0,0.0
10.0,2.0,0.02,0.02,0.02,0.02,0.0,0.0
10.0,1.0,0.02,0.02,0.02,0.02,0.0,0.0
9.0,30.0,0.02,0.02,0.02,0.02,0.0,0.0
9.0,27.0,0.02,0.02,0.02,0.02,0.0,0.0
9.0,26.0,0.02,0.02,0.02,0.02,0.0,0.0
9.0,25.0,0.02,0.02,0.02,0.02,0.0,0.0
9.0,24.0,0.02,0.02,0.02,0.02,0.0,0.0
9.0,23.0,0.02,0.02,0.02,0.02,0.0,0.0
9.0,20.0,0.02,0.02,0.02,0.02,0.0,0.0
9.0,19.0,0.02,0.02,0.02,0.02,0.0,0.0
9.0,18.0,0.02,0.02,0.02,0.02,10000.0,0.0
9.0,17.0,0.02,0.02,0.02,0.02,0.0,0.0
9.0,16.0,0.02,0.02,0.02,0.02,0.0,0.0
9.0,13.0,0.02,0.02,0.02,0.02,0.0,0.0
9.0,12.0,0.02,0.02,0.02,0.02,0.0,0.0
9.0,11.0,0.02,0.02,0.02,0.02,0.0,0.0
9.0,10.0,0.02,0.02,0.02,0.02,0.0,0.0
9.0,9.0,0.02,0.02,0.02,0.02,0.0,0.0
9.0,6.0,0.02,0.02,0.02,0.02,0.0,0.0
9.0,5.0,0.02,0.02,0.02,0.02,0.0,0.0
9.0,4.0,0.02,0.02,0.02,0.02,0.0,0.0
9.0,3.0,0.02,0.02,0.02,0.02,0.0,0.0
9.0,2.0,0.02,0.02,0.02,0.02,0.0,0.0
8.0,30.0,0.02,0.02,0.02,0.02,0.0,0.0
8.0,29.0,0.02,0.02,0.02,0.02,0.0,0.0
8.0,28.0,0.02,0.02,0.02,0.02,0.0,0.0
8.0,27.0,0.02,0.02,0.02,0.02,0.0,0.0
8.0,26.0,0.02,0.02,0.02,0.02,0.0,0.0
8.0,23.0,0.02,0.02,0.02,0.02,0.0,0.0
8.0,22.0,0.02,0.02,0.02,0.02,0.0,0.0
8.0,21.0,0.02,0.02,0.02,0.02,0.0,0.0
8.0,20.0,0.02,0.02,0.02,0.02,0.0,0.0
8.0,19.0,0.02,0.02,0.02,0.02,0.0,0.0
8.0,16.0,0.02,0.02,0.02,0.02,9600.0,0.0
8.0,15.0,0.02,0.02,0.02,0.02,0.0,0.0
8.0,14.0,0.02,0.02,0.02,0.02,0.0,0.0
8.0,13.0,0.02,0.02,0.02,0.02,0.0,0.0
8.0,12.0,0.02,0.02,0.02,0.02,0.0,0.0
8.0,9.0,0.02,0.02,0.02,0.02,0.0,0.0
8.0,8.0,0.02,0.02,0.02,0.02,40000.0,0.0
8.0,7.0,0.02,0.02,0.02,0.02,0.0,0.0
8.0,6.0,0.02,0.02,0.02,0.02,0.0,0.0
8.0,5.0,0.02,0.02,0.02,0.02,0.0,0.0
8.0,2.0,0.02,0.02,0.02,0.02,0.0,0.0
8.0,1.0,0.02,0.02,0.02,0.02,0.0,0.0
7.0,31.0,0.02,0.02,0.02,0.02,0.0,0.0
7.0,30.0,0.02,0.02,0.02,0.02,0.0,0.0
7.0,29.0,0.02,0.02,0.02,0.02,0.0,0.0
7.0,26.0,0.02,0.02,0.02,0.02,0.0,0.0
7.0,25.0,0.02,0.02,0.02,0.02,0.0,0.0
7.0,24.0,0.02,0.02,0.02,0.02,0.0,0.0
7.0,23.0,0.02,0.02,0.02,0.02,0.0,0.0
7.0,22.0,0.02,0.02,0.02,0.02,0.0,0.0
7.0,19.0,0.02,0.02,0.02,0.02,0.0,0.0
7.0,18.0,0.02,0.02,0.02,0.02,0.0,0.0
7.0,17.0,0.02,0.02,0.02,0.02,0.0,0.0
7.0,16.0,0.02,0.02,0.02,0.02,0.0,0.0
7.0,15.0,0.02,0.02,0.02,0.02,0.0,0.0
7.0,12.0,0.02,0.02,0.02,0.02,0.0,0.0
7.0,11.0,0.02,0.02,0.02,0.02,0.0,0.0
7.0,10.0,0.02,0.02,0.02,0.02,0.0,0.0
7.0,9.0,0.02,0.02,0.02,0.02,0.0,0.0
7.0,8.0,0.02,0.02,0.02,0.02,0.0,0.0
7.0,5.0,0.02,0.02,0.02,0.02,0.0,0.0
7.0,4.0,0.02,0.02,0.02,0.02,0.0,0.0
7.0,3.0,0.02,0.02,0.02,0.02,0.0,0.0
7.0,2.0,0.02,0.02,0.02,0.02,0.0,0.0
7.0,1.0,0.02,0.02,0.02,0.02,0.0,0.0
6.0,28.0,0.02,0.02,0.02,0.02,0.0,0.0
6.0,27.0,0.02,0.02,0.02,0.02,200.0,0.0
6.0,26.0,0.02,0.02,0.02,0.02,2900.0,0.0
6.0,25.0,0.02,0.02,0.02,0.02,0.0,0.0
6.0,24.0,0.02,0.02,0.02,0.02,0.0,0.0
6.0,21.0,0.02,0.02,0.02,0.02,0.0,0.0
6.0,20.0,0.02,0.02,0.02,0.02,0.0,0.0
6.0,19.0,0.02,0.02,0.02,0.02,35500.0,0.0
6.0,18.0,0.02,0.02,0.02,0.02,0.0,0.0
6.0,17.0,0.02,0.02,0.02,0.02,0.0,0.0
6.0,14.0,0.02,0.02,0.02,0.02,0.0,0.0
6.0,13.0,0.02,0.02,0.02,0.02,0.0,0.0
6.0,12.0,0.02,0.02,0.02,0.02,0.0,0.0
6.0,11.0,0.02,0.02,0.02,0.02,0.0,0.0
6.0,10.0,0.02,0.02,0.02,0.02,0.0,0.0
6.0,7.0,0.02,0.02,0.02,0.02,0.0,0.0
6.0,6.0,0.02,0.02,0.02,0.02,0.0,0.0
6.0,5.0,0.02,0.02,0.02,0.02,0.0,0.0
6.0,4.0,0.02,0.02,0.02,0.02,0.0,0.0
6.0,3.0,0.02,0.02,0.02,0.02,40400.0,0.0
5.0,31.0,0.02,0.02,0.02,0.02,0.0,0.0
5.0,30.0,0.02,0.02,0.02,0.02,23000.0,0.0
5.0,29.0,0.02,0.02,0.02,0.02,24100.0,0.0
5.0,28.0,0.02,0.02,0.02,0.02,0.0,0.0
5.0,27.0,0.02,0.02,0.02,0.02,0.0,0.0
5.0,24.0,0.02,0.02,0.02,0.02,30000.0,0.0
5.0,23.0,0.02,0.02,0.02,0.02,0.0,0.0
5.0,22.0,0.02,0.02,0.02,0.02,0.0,0.0
5.0,21.0,0.02,0.02,0.02,0.02,0.0,0.0
5.0,20.0,0.02,0.02,0.02,0.02,0.0,0.0
5.0,17.0,0.02,0.02,0.02,0.02,0.0,0.0
5.0,16.0,0.02,0.02,0.02,0.02,0.0,0.0
5.0,15.0,0.02,0.02,0.02,0.02,0.0,0.0
5.0,14.0,0.02,0.02,0.02,0.02,0.0,0.0
5.0,13.0,0.02,0.02,0.02,0.02,10000.0,0.0
5.0,10.0,0.02,0.02,0.02,0.02,10000.0,0.0
5.0,9.0,0.02,0.02,0.02,0.02,0.0,0.0
5.0,8.0,0.02,0.02,0.02,0.02,0.0,0.0
5.0,7.0,0.02,0.02,0.02,0.02,0.0,0.0
5.0,6.0,0.02,0.02,0.02,0.02,0.0,0.0
5.0,3.0,0.02,0.02,0.02,0.02,0.0,0.0
5.0,2.0,0.02,0.02,0.02,0.02,0.0,0.0
5.0,1.0,0.025,0.025,0.02,0.02,10500.0,-0.005000000000000001
4.0,30.0,0.03,0.03,0.03,0.03,0.0,0.0
4.0,29.0,0.03,0.03,0.03,0.03,0.0,0.0
4.0,26.0,0.03,0.03,0.03,0.03,0.0,0.0
4.0,25.0,0.03,0.03,0.03,0.03,0.0,0.0
4.0,24.0,0.03,0.03,0.03,0.03,0.0,0.0
4.0,23.0,0.03,0.03,0.03,0.03,0.0,0.0
4.0,22.0,0.03,0.03,0.03,0.03,0.0,0.0
4.0,19.0,0.03,0.03,0.03,0.03,0.0,0.0
4.0,18.0,0.03,0.03,0.03,0.03,0.0,0.0
4.0,17.0,0.03,0.03,0.03,0.03,0.0,0.0
4.0,16.0,0.025,0.03,0.025,0.03,3100.0,0.0049999999999999975
4.0,15.0,0.045,0.045,0.045,0.045,400.0,0.0
4.0,12.0,0.045,0.045,0.045,0.045,100.0,0.0
4.0,11.0,0.03,0.04,0.03,0.04,30000.0,0.010000000000000002
4.0,10.0,0.03,0.03,0.03,0.03,0.0,0.0
4.0,9.0,0.03,0.03,0.03,0.03,0.0,0.0
4.0,8.0,0.03,0.03,0.03,0.03,1000.0,0.0
4.0,5.0,0.03,0.03,0.03,0.03,10900.0,0.0
4.0,4.0,0.026,0.026,0.026,0.026,0.0,0.0
4.0,3.0,0.026,0.026,0.026,0.026,0.0,0.0
4.0,2.0,0.026,0.026,0.026,0.026,0.0,0.0
4.0,1.0,0.026,0.026,0.026,0.026,10200.0,0.0
3.0,29.0,0.026,0.026,0.026,0.026,0.0,0.0
3.0,28.0,0.026,0.026,0.026,0.026,11300.0,0.0
3.0,27.0,0.0032,0.0032,0.0032,0.0032,200.0,0.0
3.0,26.0,0.02,0.02,0.02,0.02,0.0,0.0
3.0,25.0,0.02,0.02,0.02,0.02,0.0,0.0
3.0,22.0,0.02,0.02,0.02,0.02,0.0,0.0
3.0,21.0,0.02,0.02,0.02,0.02,0.0,0.0
3.0,20.0,0.02,0.02,0.02,0.02,0.0,0.0
3.0,19.0,0.02,0.02,0.02,0.02,0.0,0.0
3.0,18.0,0.02,0.02,0.02,0.02,0.0,0.0
3.0,15.0,0.02,0.02,0.02,0.02,0.0,0.0
3.0,14.0,0.02,0.02,0.02,0.02,0.0,0.0
3.0,13.0,0.02,0.02,0.02,0.02,0.0,0.0
3.0,12.0,0.02,0.02,0.02,0.02,0.0,0.0
3.0,11.0,0.02,0.02,0.02,0.02,0.0,0.0
3.0,8.0,0.02,0.02,0.02,0.02,0.0,0.0
3.0,7.0,0.02,0.02,0.02,0.02,0.0,0.0
3.0,6.0,0.02,0.02,0.02,0.02,0.0,0.0
3.0,5.0,0.02,0.02,0.02,0.02,0.0,0.0
3.0,4.0,0.02,0.02,0.02,0.02,0.0,0.0
3.0,1.0,0.02,0.02,0.02,0.02,0.0,0.0
2.0,28.0,0.02,0.02,0.02,0.02,0.0,0.0
2.0,27.0,0.02,0.02,0.02,0.02,0.0,0.0
2.0,26.0,0.02,0.02,0.02,0.02,0.0,0.0
2.0,25.0,0.02,0.02,0.02,0.02,0.0,0.0
2.0,22.0,0.02,0.02,0.02,0.02,0.0,0.0
2.0,21.0,0.02,0.02,0.02,0.02,0.0,0.0
2.0,20.0,0.02,0.02,0.02,0.02,0.0,0.0
2.0,19.0,0.02,0.02,0.02,0.02,0.0,0.0
2.0,18.0,0.02,0.02,0.02,0.02,0.0,0.0
2.0,15.0,0.02,0.02,0.02,0.02,0.0,0.0
2.0,14.0,0.02,0.02,0.02,0.02,0.0,0.0
2.0,13.0,0.02,0.02,0.02,0.02,0.0,0.0
2.0,12.0,0.02,0.02,0.02,0.02,0.0,0.0
2.0,11.0,0.02,0.02,0.02,0.02,0.0,0.0
2.0,8.0,0.02,0.02,0.02,0.02,0.0,0.0
2.0,7.0,0.02,0.02,0.02,0.02,0.0,0.0
2.0,6.0,0.02,0.02,0.02,0.02,0.0,0.0
2.0,5.0,0.02,0.02,0.02,0.02,0.0,0.0
2.0,4.0,0.02,0.02,0.02,0.02,0.0,0.0
2.0,1.0,0.02,0.02,0.02,0.02,0.0,0.0
1.0,31.0,0.02,0.02,0.02,0.02,0.0,0.0
1.0,30.0,0.02,0.02,0.02,0.02,0.0,0.0
1.0,29.0,0.02,0.02,0.02,0.02,0.0,0.0
1.0,28.0,0.02,0.02,0.02,0.02,0.0,0.0
1.0,25.0,0.02,0.02,0.02,0.02,0.0,0.0
1.0,24.0,0.02,0.02,0.02,0.02,0.0,0.0
1.0,23.0,0.02,0.02,0.02,0.02,0.0,0.0
1.0,22.0,0.02,0.02,0.02,0.02,0.0,0.0
1.0,21.0,0.02,0.02,0.02,0.02,0.0,0.0
1.0,18.0,0.02,0.02,0.02,0.02,0.0,0.0
1.0,17.0,0.02,0.02,0.02,0.02,0.0,0.0
1.0,16.0,0.02,0.02,0.02,0.02,0.0,0.0
1.0,15.0,0.02,0.02,0.02,0.02,0.0,0.0
1.0,14.0,0.02,0.02,0.02,0.02,0.0,0.0
1.0,11.0,0.02,0.02,0.02,0.02,0.0,0.0
1.0,10.0,0.02,0.02,0.02,0.02,0.0,0.0
1.0,9.0,0.02,0.02,0.02,0.02,0.0,0.0
1.0,8.0,0.02,0.02,0.02,0.02,0.0,0.0
1.0,7.0,0.02,0.02,0.02,0.02,0.0,0.0
1.0,4.0,0.02,0.02,0.02,0.02,0.0,0.0
1.0,3.0,0.02,0.02,0.02,0.02,0.0,0.0
1.0,2.0,0.02,0.02,0.02,0.02,0.0,0.0
1.0,1.0,0.02,0.02,0.02,0.02,0.0,0.0
12.0,31.0,0.02,0.02,0.02,0.02,0.0,0.0
12.0,28.0,0.02,0.02,0.02,0.02,0.0,0.0
12.0,27.0,0.02,0.02,0.02,0.02,0.0,0.0
12.0,26.0,0.02,0.02,0.015,0.02,50000.0,0.0
12.0,25.0,0.011,0.011,0.011,0.011,0.0,0.0
12.0,24.0,0.011,0.011,0.011,0.011,0.0,0.0
12.0,21.0,0.011,0.011,0.011,0.011,0.0,0.0
12.0,20.0,0.011,0.011,0.011,0.011,0.0,0.0
12.0,19.0,0.011,0.011,0.011,0.011,0.0,0.0
12.0,18.0,0.011,0.011,0.011,0.011,0.0,0.0
12.0,17.0,0.011,0.011,0.011,0.011,0.0,0.0
12.0,14.0,0.011,0.011,0.011,0.011,0.0,0.0
12.0,13.0,0.011,0.011,0.011,0.011,0.0,0.0
12.0,12.0,0.011,0.011,0.011,0.011,0.0,0.0
12.0,11.0,0.011,0.011,0.011,0.011,0.0,0.0
12.0,10.0,0.011,0.011,0.011,0.011,0.0,0.0
12.0,7.0,0.011,0.011,0.011,0.011,0.0,0.0
12.0,6.0,0.011,0.011,0.011,0.011,0.0,0.0
12.0,5.0,0.011,0.011,0.011,0.011,0.0,0.0
12.0,4.0,0.011,0.011,0.011,0.011,0.0,0.0
12.0,3.0,0.011,0.011,0.011,0.011,21500.0,0.0
11.0,30.0,0.0085,0.0085,0.0085,0.0085,0.0,0.0
11.0,29.0,0.0085,0.0085,0.0085,0.0085,0.0,0.0
11.0,28.0,0.0085,0.0085,0.0085,0.0085,0.0,0.0
11.0,27.0,0.0085,0.0085,0.0085,0.0085,0.0,0.0
11.0,26.0,0.0085,0.0085,0.0085,0.0085,0.0,0.0
11.0,23.0,0.0085,0.0085,0.0085,0.0085,0.0,0.0
11.0,22.0,0.0085,0.0085,0.0085,0.0085,0.0,0.0
11.0,21.0,0.0085,0.0085,0.0085,0.0085,0.0,0.0
11.0,20.0,0.0085,0.0085,0.0085,0.0085,0.0,0.0
11.0,19.0,0.0085,0.0085,0.0085,0.0085,0.0,0.0
11.0,16.0,0.0085,0.0085,0.0085,0.0085,0.0,0.0
11.0,15.0,0.0085,0.0085,0.0085,0.0085,0.0,0.0
11.0,14.0,0.0085,0.0085,0.0085,0.0085,0.0,0.0
11.0,13.0,0.0085,0.0085,0.0085,0.0085,0.0,0.0
11.0,12.0,0.0085,0.0085,0.0085,0.0085,0.0,0.0
11.0,9.0,0.0085,0.0085,0.0085,0.0085,0.0,0.0
11.0,8.0,0.0085,0.0085,0.0085,0.0085,0.0,0.0
11.0,7.0,0.0085,0.0085,0.0085,0.0085,0.0,0.0
11.0,6.0,0.0085,0.0085,0.0085,0.0085,0.0,0.0
11.0,5.0,0.0085,0.0085,0.0085,0.0085,0.0,0.0
11.0,2.0,0.0085,0.0085,0.0085,0.0085,0.0,0.0
11.0,1.0,0.0085,0.0085,0.0085,0.0085,0.0,0.0
10.0,31.0,0.0085,0.0085,0.0085,0.0085,2500.0,0.0
10.0,30.0,0.0085,0.0085,0.0085,0.0085,0.0,0.0
10.0,29.0,0.0085,0.0085,0.0085,0.0085,0.0,0.0
10.0,26.0,0.0085,0.0085,0.0085,0.0085,9600.0,0.0
10.0,25.0,0.01,0.01,0.01,0.01,5000.0,0.0
10.0,24.0,0.013,0.013,0.013,0.013,0.0,0.0
10.0,23.0,0.013,0.013,0.013,0.013,0.0,0.0
10.0,22.0,0.013,0.013,0.013,0.013,0.0,0.0
10.0,19.0,0.013,0.013,0.013,0.013,0.0,0.0
10.0,18.0,0.013,0.013,0.013,0.013,0.0,0.0
10.0,17.0,0.013,0.013,0.013,0.013,0.0,0.0
10.0,16.0,0.013,0.013,0.013,0.013,0.0,0.0
10.0,15.0,0.013,0.013,0.013,0.013,0.0,0.0
10.0,12.0,0.013,0.013,0.013,0.013,0.0,0.0
10.0,11.0,0.013,0.013,0.013,0.013,0.0,0.0
10.0,10.0,0.013,0.013,0.013,0.013,0.0,0.0
10.0,9.0,0.013,0.013,0.013,0.013,0.0,0.0
10.0,8.0,0.013,0.013,0.013,0.013,0.0,0.0
10.0,5.0,0.013,0.013,0.013,0.013,25000.0,0.0
10.0,4.0,0.012,0.013,0.012,0.013,20000.0,9.999999999999992E-4
10.0,3.0,0.0075,0.0075,0.0075,0.0075,0.0,0.0
10.0,2.0,0.0075,0.0095,0.0075,0.0075,32500.0,0.0
10.0,1.0,0.011,0.011,0.003,0.003,156300.0,-0.008
9.0,28.0,0.012,0.012,0.012,0.012,0.0,0.0
9.0,27.0,0.012,0.012,0.012,0.012,0.0,0.0
9.0,26.0,0.012,0.012,0.012,0.012,0.0,0.0
9.0,25.0,0.012,0.012,0.012,0.012,0.0,0.0
9.0,24.0,0.012,0.012,0.012,0.012,0.0,0.0
9.0,21.0,0.012,0.012,0.012,0.012,0.0,0.0
9.0,20.0,0.012,0.012,0.012,0.012,0.0,0.0
9.0,19.0,0.012,0.012,0.012,0.012,0.0,0.0
9.0,18.0,0.012,0.012,0.012,0.012,0.0,0.0
9.0,17.0,0.012,0.012,0.012,0.012,0.0,0.0
9.0,14.0,0.012,0.012,0.012,0.012,0.0,0.0
9.0,13.0,0.012,0.012,0.012,0.012,0.0,0.0
9.0,12.0,0.012,0.012,0.012,0.012,0.0,0.0
9.0,11.0,0.012,0.012,0.012,0.012,0.0,0.0
9.0,10.0,0.012,0.012,0.012,0.012,0.0,0.0
9.0,7.0,0.012,0.012,0.012,0.012,0.0,0.0
9.0,6.0,0.012,0.012,0.012,0.012,0.0,0.0
9.0,5.0,0.012,0.012,0.012,0.012,0.0,0.0
9.0,4.0,0.012,0.012,0.012,0.012,0.0,0.0
9.0,3.0,0.012,0.012,0.012,0.012,0.0,0.0
8.0,31.0,0.012,0.012,0.012,0.012,0.0,0.0
8.0,30.0,0.012,0.012,0.012,0.012,0.0,0.0
8.0,29.0,0.012,0.012,0.012,0.012,0.0,0.0
8.0,28.0,0.012,0.012,0.012,0.012,0.0,0.0
8.0,27.0,0.012,0.012,0.012,0.012,0.0,0.0
8.0,24.0,0.012,0.012,0.012,0.012,0.0,0.0
8.0,23.0,0.012,0.012,0.012,0.012,0.0,0.0
8.0,22.0,0.012,0.012,0.012,0.012,0.0,0.0
8.0,21.0,0.012,0.012,0.012,0.012,0.0,0.0
8.0,20.0,0.012,0.012,0.012,0.012,0.0,0.0
8.0,17.0,0.012,0.012,0.012,0.012,20000.0,0.0
8.0,16.0,0.013,0.013,0.013,0.013,0.0,0.0
8.0,15.0,0.013,0.013,0.013,0.013,0.0,0.0
8.0,14.0,0.013,0.013,0.013,0.013,0.0,0.0
8.0,13.0,0.013,0.013,0.013,0.013,0.0,0.0
8.0,10.0,0.013,0.013,0.013,0.013,2500.0,0.0
8.0,9.0,0.013,0.013,0.013,0.013,0.0,0.0
8.0,8.0,0.013,0.013,0.013,0.013,0.0,0.0
8.0,7.0,0.013,0.013,0.013,0.013,0.0,0.0
8.0,6.0,0.013,0.013,0.013,0.013,0.0,0.0
8.0,3.0,0.013,0.013,0.013,0.013,0.0,0.0
8.0,2.0,0.013,0.013,0.013,0.013,0.0,0.0
8.0,1.0,0.013,0.013,0.013,0.013,0.0,0.0
7.0,31.0,0.013,0.013,0.013,0.013,0.0,0.0
7.0,30.0,0.013,0.013,0.013,0.013,0.0,0.0
7.0,27.0,0.013,0.013,0.013,0.013,8000.0,0.0
7.0,26.0,0.02,0.02,0.02,0.02,0.0,0.0
7.0,25.0,0.02,0.02,0.02,0.02,0.0,0.0
7.0,24.0,0.02,0.02,0.02,0.02,0.0,0.0
7.0,23.0,0.02,0.02,0.02,0.02,0.0,0.0
7.0,20.0,0.02,0.02,0.02,0.02,5000.0,0.0
7.0,19.0,0.013,0.013,0.013,0.013,0.0,0.0
7.0,18.0,0.013,0.013,0.013,0.013,0.0,0.0
7.0,17.0,0.013,0.013,0.013,0.013,0.0,0.0
7.0,16.0,0.013,0.013,0.013,0.013,0.0,0.0
7.0,13.0,0.013,0.013,0.013,0.013,0.0,0.0
7.0,12.0,0.013,0.013,0.013,0.013,0.0,0.0
7.0,11.0,0.013,0.013,0.013,0.013,0.0,0.0
7.0,10.0,0.013,0.013,0.013,0.013,0.0,0.0
7.0,9.0,0.013,0.013,0.013,0.013,0.0,0.0
7.0,6.0,0.013,0.013,0.013,0.013,0.0,0.0
7.0,5.0,0.013,0.013,0.013,0.013,0.0,0.0
7.0,4.0,0.013,0.013,0.013,0.013,0.0,0.0
7.0,3.0,0.013,0.013,0.013,0.013,0.0,0.0
7.0,2.0,0.013,0.013,0.013,0.013,0.0,0.0
6.0,29.0,0.013,0.013,0.013,0.013,0.0,0.0
6.0,28.0,0.013,0.013,0.013,0.013,0.0,0.0
6.0,27.0,0.013,0.013,0.013,0.013,0.0,0.0
6.0,26.0,0.013,0.013,0.013,0.013,0.0,0.0
6.0,25.0,0.013,0.013,0.013,0.013,0.0,0.0
6.0,22.0,0.013,0.013,0.013,0.013,20000.0,0.0
6.0,21.0,0.013,0.013,0.013,0.013,300.0,0.0
6.0,20.0,0.012,0.012,0.012,0.012,0.0,0.0
6.0,19.0,0.012,0.012,0.012,0.012,0.0,0.0
6.0,18.0,0.012,0.012,0.012,0.012,0.0,0.0
6.0,15.0,0.012,0.012,0.012,0.012,0.0,0.0
6.0,14.0,0.012,0.012,0.012,0.012,0.0,0.0
6.0,13.0,0.012,0.012,0.012,0.012,0.0,0.0
6.0,12.0,0.012,0.012,0.012,0.012,0.0,0.0
6.0,11.0,0.045,0.045,0.012,0.012,5000.0,-0.033
6.0,8.0,0.045,0.045,0.045,0.045,0.0,0.0
6.0,7.0,0.045,0.045,0.045,0.045,0.0,0.0
6.0,6.0,0.045,0.045,0.045,0.045,0.0,0.0
6.0,5.0,0.045,0.045,0.045,0.045,0.0,0.0
6.0,4.0,0.045,0.045,0.045,0.045,0.0,0.0
6.0,1.0,0.045,0.045,0.045,0.045,0.0,0.0
5.0,31.0,0.045,0.045,0.045,0.045,0.0,0.0
5.0,30.0,0.045,0.045,0.045,0.045,0.0,0.0
5.0,29.0,0.03,0.045,0.03,0.045,10100.0,0.015
5.0,28.0,0.011,0.011,0.011,0.011,0.0,0.0
5.0,25.0,0.011,0.011,0.011,0.011,0.0,0.0
5.0,24.0,0.011,0.011,0.011,0.011,16100.0,0.0
5.0,23.0,0.026,0.026,0.026,0.026,0.0,0.0
5.0,22.0,0.026,0.026,0.026,0.026,0.0,0.0
5.0,21.0,0.026,0.026,0.026,0.026,0.0,0.0
5.0,18.0,0.026,0.026,0.026,0.026,0.0,0.0
5.0,17.0,0.026,0.026,0.026,0.026,0.0,0.0
5.0,16.0,0.026,0.026,0.026,0.026,0.0,0.0
5.0,15.0,0.026,0.026,0.026,0.026,0.0,0.0
5.0,14.0,0.026,0.026,0.026,0.026,0.0,0.0
5.0,11.0,0.026,0.026,0.026,0.026,0.0,0.0
5.0,10.0,0.026,0.026,0.026,0.026,0.0,0.0
5.0,9.0,0.026,0.026,0.026,0.026,0.0,0.0
5.0,8.0,0.026,0.026,0.026,0.026,0.0,0.0
5.0,7.0,0.026,0.026,0.026,0.026,0.0,0.0
5.0,4.0,0.026,0.026,0.026,0.026,0.0,0.0
5.0,3.0,0.026,0.026,0.026,0.026,0.0,0.0
5.0,2.0,0.025,0.026,0.025,0.026,6000.0,9.999999999999974E-4
5.0,1.0,0.025,0.025,0.025,0.025,0.0,0.0
4.0,30.0,0.025,0.025,0.025,0.025,0.0,0.0
4.0,27.0,0.025,0.025,0.025,0.025,0.0,0.0
4.0,26.0,0.025,0.025,0.025,0.025,0.0,0.0
4.0,25.0,0.025,0.025,0.025,0.025,0.0,0.0
4.0,24.0,0.025,0.025,0.025,0.025,0.0,0.0
4.0,23.0,0.025,0.025,0.025,0.025,0.0,0.0
4.0,20.0,0.025,0.025,0.025,0.025,0.0,0.0
4.0,19.0,0.025,0.025,0.025,0.025,0.0,0.0
4.0,18.0,0.025,0.025,0.025,0.025,0.0,0.0
4.0,17.0,0.025,0.025,0.025,0.025,0.0,0.0
4.0,16.0,0.025,0.025,0.025,0.025,0.0,0.0
4.0,13.0,0.025,0.025,0.025,0.025,0.0,0.0
4.0,12.0,0.025,0.025,0.025,0.025,0.0,0.0
4.0,11.0,0.025,0.025,0.025,0.025,0.0,0.0
4.0,10.0,0.025,0.025,0.025,0.025,0.0,0.0
4.0,9.0,0.025,0.025,0.025,0.025,0.0,0.0
4.0,6.0,0.025,0.025,0.025,0.025,0.0,0.0
4.0,5.0,0.025,0.025,0.025,0.025,1000.0,0.0
4.0,4.0,0.015,0.015,0.015,0.015,0.0,0.0
4.0,3.0,0.015,0.015,0.015,0.015,0.0,0.0
4.0,2.0,0.015,0.015,0.015,0.015,0.0,0.0
3.0,30.0,0.015,0.015,0.015,0.015,0.0,0.0
3.0,29.0,0.015,0.015,0.015,0.015,0.0,0.0
3.0,28.0,0.015,0.015,0.015,0.015,0.0,0.0
3.0,27.0,0.015,0.015,0.015,0.015,0.0,0.0
3.0,26.0,0.015,0.015,0.015,0.015,0.0,0.0
3.0,23.0,0.015,0.015,0.015,0.015,0.0,0.0
3.0,22.0,0.015,0.015,0.015,0.015,0.0,0.0
3.0,21.0,0.015,0.015,0.015,0.015,0.0,0.0
3.0,20.0,0.015,0.015,0.015,0.015,0.0,0.0
3.0,19.0,0.015,0.015,0.015,0.015,0.0,0.0
3.0,16.0,0.015,0.015,0.015,0.015,0.0,0.0
3.0,15.0,0.015,0.015,0.015,0.015,2800.0,0.0
3.0,14.0,0.0203,0.0203,0.015,0.015,1700.0,-0.005299999999999999
3.0,13.0,0.025,0.025,0.025,0.025,0.0,0.0
3.0,12.0,0.025,0.025,0.025,0.025,0.0,0.0
3.0,9.0,0.025,0.025,0.025,0.025,0.0,0.0
3.0,8.0,0.025,0.025,0.025,0.025,0.0,0.0
3.0,7.0,0.025,0.025,0.025,0.025,0.0,0.0
3.0,6.0,0.025,0.025,0.025,0.025,0.0,0.0
3.0,5.0,0.025,0.025,0.025,0.025,0.0,0.0
3.0,2.0,0.025,0.025,0.025,0.025,0.0,0.0
3.0,1.0,0.025,0.025,0.025,0.025,0.0,0.0
2.0,29.0,0.025,0.025,0.025,0.025,0.0,0.0
2.0,28.0,0.025,0.025,0.025,0.025,0.0,0.0
2.0,27.0,0.025,0.025,0.025,0.025,0.0,0.0
2.0,24.0,0.025,0.025,0.025,0.025,5000.0,0.0
2.0,23.0,0.04,0.04,0.04,0.04,9100.0,0.0
2.0,22.0,0.026,0.026,0.026,0.026,0.0,0.0
2.0,21.0,0.026,0.026,0.026,0.026,0.0,0.0
2.0,20.0,0.026,0.026,0.026,0.026,0.0,0.0
2.0,17.0,0.026,0.026,0.026,0.026,0.0,0.0
2.0,16.0,0.026,0.026,0.026,0.026,3600.0,0.0
2.0,15.0,0.026,0.026,0.026,0.026,0.0,0.0
2.0,14.0,0.026,0.026,0.026,0.026,11600.0,0.0
2.0,13.0,0.047,0.047,0.047,0.047,0.0,0.0
2.0,10.0,0.047,0.047,0.047,0.047,0.0,0.0
2.0,9.0,0.047,0.047,0.047,0.047,0.0,0.0
2.0,8.0,0.047,0.047,0.047,0.047,0.0,0.0
2.0,7.0,0.047,0.047,0.047,0.047,0.0,0.0
2.0,6.0,0.047,0.047,0.047,0.047,0.0,0.0
2.0,3.0,0.047,0.047,0.047,0.047,0.0,0.0
2.0,2.0,0.047,0.047,0.047,0.047,0.0,0.0
2.0,1.0,0.047,0.047,0.047,0.047,0.0,0.0
1.0,31.0,0.047,0.047,0.047,0.047,0.0,0.0
1.0,30.0,0.047,0.047,0.047,0.047,0.0,0.0
1.0,27.0,0.047,0.047,0.047,0.047,0.0,0.0
1.0,26.0,0.047,0.047,0.047,0.047,0.0,0.0
1.0,25.0,0.047,0.047,0.047,0.047,0.0,0.0
1.0,24.0,0.047,0.047,0.047,0.047,0.0,0.0
1.0,23.0,0.047,0.047,0.047,0.047,0.0,0.0
1.0,20.0,0.047,0.047,0.047,0.047,0.0,0.0
1.0,19.0,0.047,0.047,0.047,0.047,0.0,0.0
1.0,18.0,0.047,0.047,0.047,0.047,0.0,0.0
1.0,17.0,0.047,0.047,0.047,0.047,0.0,0.0
1.0,16.0,0.047,0.047,0.047,0.047,0.0,0.0
1.0,13.0,0.047,0.047,0.047,0.047,0.0,0.0
1.0,12.0,0.047,0.047,0.047,0.047,0.0,0.0
1.0,11.0,0.047,0.047,0.047,0.047,0.0,0.0
1.0,10.0,0.047,0.047,0.047,0.047,0.0,0.0
1.0,9.0,0.047,0.047,0.047,0.047,100.0,0.0
1.0,6.0,0.025,0.025,0.025,0.025,0.0,0.0
1.0,5.0,0.04,0.04,0.025,0.025,200.0,-0.015
1.0,4.0,0.04,0.04,0.04,0.04,0.0,0.0
1.0,3.0,0.04,0.04,0.04,0.04,0.0,0.0
1.0,2.0,0.04,0.04,0.04,0.04,0.0,0.0
12.0,30.0,0.047,0.047,0.025,0.04,5200.0,-0.006999999999999999
12.0,29.0,0.04,0.04,0.04,0.04,0.0,0.0
12.0,28.0,0.04,0.04,0.04,0.04,0.0,0.0
12.0,27.0,0.04,0.04,0.04,0.04,0.0,0.0
12.0,26.0,0.04,0.04,0.04,0.04,0.0,0.0
12.0,23.0,0.04,0.04,0.04,0.04,0.0,0.0
12.0,22.0,0.025,0.04,0.025,0.04,600.0,0.015
12.0,21.0,0.04,0.04,0.04,0.04,0.0,0.0
12.0,20.0,0.04,0.04,0.04,0.04,0.0,0.0
12.0,19.0,0.04,0.04,0.04,0.04,0.0,0.0
12.0,16.0,0.04,0.048,0.04,0.04,250100.0,0.0
12.0,15.0,0.039,0.039,0.039,0.039,3000.0,0.0
12.0,14.0,0.039,0.039,0.039,0.039,0.0,0.0
12.0,13.0,0.039,0.039,0.039,0.039,0.0,0.0
12.0,12.0,0.039,0.039,0.039,0.039,0.0,0.0
12.0,9.0,0.039,0.039,0.039,0.039,0.0,0.0
12.0,8.0,0.039,0.039,0.039,0.039,0.0,0.0
12.0,7.0,0.039,0.039,0.039,0.039,0.0,0.0
12.0,6.0,0.039,0.039,0.039,0.039,0.0,0.0
12.0,5.0,0.039,0.039,0.039,0.039,0.0,0.0
12.0,2.0,0.039,0.039,0.039,0.039,0.0,0.0
12.0,1.0,0.039,0.039,0.039,0.039,800.0,0.0
11.0,30.0,0.039,0.039,0.039,0.039,0.0,0.0
11.0,29.0,0.039,0.039,0.039,0.039,0.0,0.0
11.0,28.0,0.039,0.039,0.039,0.039,0.0,0.0
11.0,25.0,0.039,0.039,0.039,0.039,0.0,0.0
11.0,24.0,0.039,0.039,0.039,0.039,0.0,0.0
11.0,23.0,0.039,0.039,0.039,0.039,0.0,0.0
11.0,22.0,0.039,0.039,0.039,0.039,0.0,0.0
11.0,21.0,0.039,0.039,0.039,0.039,0.0,0.0
11.0,18.0,0.039,0.039,0.039,0.039,0.0,0.0
11.0,17.0,0.039,0.039,0.039,0.039,0.0,0.0
11.0,16.0,0.039,0.039,0.039,0.039,600.0,0.0
11.0,15.0,0.039,0.039,0.039,0.039,1300.0,0.0
10.0,24.0,0.039,0.039,0.039,0.039,15000.0,0.0
10.0,21.0,0.039,0.039,0.039,0.039,100.0,0.0
10.0,20.0,0.016,0.0175,0.016,0.0175,20000.0,0.0015000000000000013
10.0,17.0,0.039,0.039,0.039,0.039,5000.0,0.0
10.0,5.0,0.04,0.04,0.016,0.039,27100.0,-0.0010000000000000009
9.0,20.0,0.05,0.05,0.05,0.05,300.0,0.0
9.0,12.0,0.05,0.05,0.05,0.05,500.0,0.0
9.0,9.0,0.05,0.05,0.05,0.05,40000.0,0.0
9.0,7.0,0.05,0.05,0.05,0.05,2000.0,0.0
9.0,6.0,0.0385,0.05,0.027,0.05,7500.0,0.011500000000000003
9.0,2.0,0.05,0.05,0.027,0.04,14300.0,-0.010000000000000002
9.0,1.0,0.05,0.05,0.05,0.05,6400.0,0.0
8.0,31.0,0.05,0.05,0.05,0.05,2000.0,0.0
8.0,18.0,0.055,0.055,0.05,0.05,4000.0,-0.0049999999999999975
8.0,10.0,0.055,0.055,0.055,0.055,50000.0,0.0
8.0,8.0,0.03,0.03,0.025,0.025,10000.0,-0.0049999999999999975
8.0,5.0,0.052,0.055,0.052,0.055,20000.0,0.0030000000000000027
8.0,4.0,0.052,0.052,0.052,0.052,22000.0,0.0
8.0,3.0,0.054,0.054,0.05,0.05,33400.0,-0.003999999999999997
8.0,1.0,0.035,0.055,0.035,0.055,19600.0,0.019999999999999997
7.0,29.0,0.03,0.03,0.03,0.03,2500.0,0.0
7.0,26.0,0.03,0.03,0.03,0.03,5000.0,0.0
7.0,8.0,0.025,0.04,0.018,0.018,14100.0,-0.007000000000000003
7.0,6.0,0.03,0.03,0.03,0.03,5000.0,0.0
6.0,30.0,0.018,0.06,0.018,0.06,101400.0,0.041999999999999996
6.0,29.0,0.018,0.018,0.018,0.018,5000.0,0.0
6.0,28.0,0.035,0.035,0.015,0.018,125000.0,-0.017000000000000005
6.0,27.0,0.04,0.04,0.04,0.04,2500.0,0.0
6.0,24.0,0.03,0.04,0.03,0.04,600.0,0.010000000000000002
6.0,23.0,0.04,0.04,0.04,0.04,400.0,0.0
6.0,20.0,0.03,0.03,0.03,0.03,5000.0,0.0
6.0,16.0,0.04,0.04,0.031,0.031,15000.0,-0.009000000000000001
6.0,14.0,0.06,0.06,0.048,0.048,11000.0,-0.011999999999999997
6.0,13.0,0.0478,0.0478,0.0478,0.0478,300.0,0.0
6.0,10.0,0.04,0.046,0.04,0.046,10300.0,0.005999999999999998
6.0,9.0,0.04,0.04,0.04,0.04,5000.0,0.0
6.0,7.0,0.049,0.049,0.049,0.049,5000.0,0.0
6.0,6.0,0.04,0.049,0.04,0.049,5100.0,0.009000000000000001
5.0,31.0,0.0599,0.0599,0.0599,0.0599,500.0,0.0
5.0,27.0,0.05,0.0599,0.05,0.0599,25100.0,0.009899999999999999
5.0,26.0,0.07,0.07,0.04,0.0599,65000.0,-0.010100000000000005
5.0,20.0,0.08,0.09,0.08,0.09,33600.0,0.009999999999999995
5.0,19.0,0.08,0.09,0.08,0.09,26100.0,0.009999999999999995
5.0,18.0,0.08,0.08,0.08,0.08,1000.0,0.0
5.0,17.0,0.07,0.0997,0.07,0.0997,300.0,0.02969999999999999
5.0,16.0,0.07,0.07,0.07,0.07,400.0,0.0
5.0,13.0,0.08,0.08,0.08,0.08,29000.0,0.0
5.0,11.0,0.07,0.07,0.07,0.07,13500.0,0.0
5.0,9.0,0.09,0.09,0.09,0.09,24600.0,0.0
5.0,6.0,0.09,0.09,0.09,0.09,13300.0,0.0
5.0,5.0,0.095,0.095,0.09,0.09,17100.0,-0.0050000000000000044
5.0,2.0,0.095,0.095,0.095,0.095,5900.0,0.0
4.0,26.0,0.095,0.1,0.09,0.1,31100.0,0.0050000000000000044
4.0,21.0,0.11,0.11,0.11,0.11,9000.0,0.0
4.0,20.0,0.11,0.11,0.11,0.11,10000.0,0.0
4.0,19.0,0.11,0.11,0.1,0.1,15000.0,-0.009999999999999995
4.0,18.0,0.11,0.11,0.11,0.11,10000.0,0.0
4.0,13.0,0.12,0.12,0.1199,0.1199,2800.0,-9.999999999998899E-5
4.0,12.0,0.09,0.11,0.09,0.09,94100.0,0.0
4.0,11.0,0.09,0.09,0.09,0.09,2000.0,0.0
4.0,8.0,0.13,0.13,0.13,0.13,6000.0,0.0
4.0,7.0,0.13,0.13,0.13,0.13,5700.0,0.0
4.0,6.0,0.14,0.14,0.12,0.13,12500.0,-0.010000000000000009
4.0,5.0,0.14,0.14,0.13,0.13,25000.0,-0.010000000000000009
4.0,4.0,0.13,0.13,0.13,0.13,12000.0,0.0
4.0,1.0,0.195,0.195,0.12,0.13,99800.0,-0.065
3.0,31.0,0.18,0.23,0.18,0.195,370100.0,0.015000000000000013
3.0,30.0,0.145,0.19,0.145,0.19,78000.0,0.04500000000000001
3.0,29.0,0.175,0.175,0.12,0.14,87600.0,-0.034999999999999976
3.0,28.0,0.13,0.1896,0.13,0.1896,600.0,0.059599999999999986
3.0,24.0,0.21,0.21,0.1898,0.1898,8500.0,-0.020199999999999996
3.0,22.0,0.165,0.165,0.165,0.165,10000.0,0.0
3.0,21.0,0.22,0.22,0.16,0.16,48300.0,-0.06
3.0,18.0,0.22,0.22,0.22,0.22,15000.0,0.0
3.0,15.0,0.22,0.3,0.22,0.3,6100.0,0.07999999999999999
3.0,14.0,0.3,0.3,0.3,0.3,7000.0,0.0
3.0,11.0,0.34,0.34,0.3,0.3,88800.0,-0.040000000000000036
3.0,10.0,0.34,0.35,0.34,0.34,38300.0,0.0
3.0,9.0,0.35,0.35,0.35,0.35,69700.0,0.0
3.0,8.0,0.3,0.345,0.3,0.335,291900.0,0.03500000000000003
3.0,7.0,0.24,0.3,0.24,0.3,68300.0,0.06
3.0,4.0,0.19,0.25,0.19,0.22,44800.0,0.03
3.0,2.0,0.19,0.2,0.19,0.19,18900.0,0.0
3.0,1.0,0.18,0.2,0.18,0.2,39500.0,0.020000000000000018
2.0,23.0,0.2,0.22,0.2,0.22,15000.0,0.01999999999999999
2.0,22.0,0.2,0.2,0.2,0.2,2500.0,0.0
2.0,18.0,0.18,0.2,0.17,0.2,127100.0,0.020000000000000018
2.0,16.0,0.2,0.22,0.2,0.2,14400.0,0.0
2.0,15.0,0.21,0.21,0.2,0.2,11900.0,-0.009999999999999981
2.0,14.0,0.21,0.23,0.21,0.21,104000.0,0.0
2.0,11.0,0.185,0.2,0.185,0.2,88000.0,0.015000000000000013
2.0,10.0,0.155,0.185,0.155,0.185,300.0,0.03
2.0,9.0,0.19,0.19,0.19,0.19,16000.0,0.0
2.0,8.0,0.19,0.19,0.19,0.19,5000.0,0.0
2.0,7.0,0.17,0.19,0.17,0.19,26600.0,0.01999999999999999
2.0,3.0,0.16,0.16,0.16,0.16,50000.0,0.0
2.0,2.0,0.15,0.15,0.15,0.15,5000.0,0.0
2.0,1.0,0.15,0.2,0.14,0.2,18600.0,0.05000000000000002
1.0,31.0,0.15,0.16,0.15,0.15,15000.0,0.0
1.0,27.0,0.14,0.14,0.14,0.14,6300.0,0.0
1.0,25.0,0.14,0.16,0.14,0.16,55000.0,0.01999999999999999
1.0,21.0,0.17,0.17,0.17,0.17,2000.0,0.0
1.0,20.0,0.15,0.15,0.14,0.15,22100.0,0.0
1.0,19.0,0.15,0.15,0.15,0.15,11800.0,0.0
1.0,18.0,0.15,0.15,0.15,0.15,10000.0,0.0
1.0,14.0,0.15,0.15,0.15,0.15,7200.0,0.0
1.0,13.0,0.17,0.17,0.15,0.15,15300.0,-0.020000000000000018
1.0,12.0,0.14,0.15,0.13,0.15,42000.0,0.009999999999999981
1.0,11.0,0.15,0.16,0.15,0.15,55000.0,0.0
1.0,7.0,0.13,0.13,0.13,0.13,100.0,0.0
1.0,5.0,0.17,0.17,0.16,0.16,9700.0,-0.010000000000000009
1.0,4.0,0.14,0.14,0.13,0.13,17700.0,-0.010000000000000009
1.0,3.0,0.17,0.17,0.17,0.17,18300.0,0.0
12.0,30.0,0.14,0.14,0.13,0.13,32500.0,-0.010000000000000009
12.0,27.0,0.16,0.16,0.16,0.16,900.0,0.0
12.0,23.0,0.15,0.15,0.15,0.15,400.0,0.0
12.0,22.0,0.15,0.15,0.15,0.15,5000.0,0.0
12.0,21.0,0.17,0.17,0.17,0.17,500.0,0.0
12.0,20.0,0.17,0.17,0.17,0.17,2600.0,0.0
12.0,17.0,0.15,0.15,0.15,0.15,11000.0,0.0
12.0,16.0,0.17,0.17,0.17,0.17,27400.0,0.0
12.0,15.0,0.145,0.16,0.135,0.16,15000.0,0.015000000000000013
12.0,14.0,0.19,0.19,0.165,0.165,6000.0,-0.024999999999999994
12.0,10.0,0.189,0.189,0.189,0.189,5000.0,0.0
12.0,9.0,0.165,0.165,0.165,0.165,0.0,0.0
12.0,8.0,0.165,0.165,0.165,0.165,22500.0,0.0
12.0,7.0,0.17,0.17,0.165,0.165,35000.0,-0.0050000000000000044
12.0,6.0,0.17,0.17,0.17,0.17,0.0,0.0
12.0,3.0,0.19,0.19,0.165,0.17,36000.0,-0.01999999999999999
12.0,2.0,0.19,0.19,0.18,0.19,10500.0,0.0
12.0,1.0,0.18,0.19,0.18,0.19,26000.0,0.010000000000000009
11.0,30.0,0.16,0.18,0.16,0.18,8000.0,0.01999999999999999
11.0,29.0,0.19,0.19,0.19,0.19,0.0,0.0
11.0,26.0,0.18,0.19,0.18,0.19,1000.0,0.010000000000000009
11.0,25.0,0.18,0.18,0.18,0.18,0.0,0.0
11.0,24.0,0.18,0.18,0.18,0.18,0.0,0.0
11.0,23.0,0.175,0.18,0.175,0.18,48100.0,0.0050000000000000044
11.0,22.0,0.15,0.15,0.15,0.15,15000.0,0.0
11.0,19.0,0.18,0.18,0.18,0.18,20000.0,0.0
11.0,18.0,0.16,0.165,0.16,0.165,37500.0,0.0050000000000000044
11.0,17.0,0.15,0.16,0.15,0.16,14000.0,0.010000000000000009
11.0,16.0,0.14,0.14,0.14,0.14,1000.0,0.0
11.0,15.0,0.19,0.19,0.16,0.16,11500.0,-0.03
11.0,12.0,0.2,0.2,0.15,0.19,86000.0,-0.010000000000000009
11.0,11.0,0.17,0.2,0.17,0.2,45000.0,0.03
11.0,10.0,0.16,0.17,0.16,0.17,37200.0,0.010000000000000009
11.0,9.0,0.14,0.16,0.14,0.16,91500.0,0.01999999999999999
11.0,8.0,0.12,0.12,0.12,0.12,0.0,0.0
11.0,5.0,0.12,0.12,0.12,0.12,10000.0,0.0
11.0,4.0,0.16,0.16,0.16,0.16,0.0,0.0
11.0,3.0,0.15,0.16,0.15,0.16,23000.0,0.010000000000000009
11.0,2.0,0.1,0.13,0.1,0.13,49800.0,0.03
11.0,1.0,0.1,0.1,0.1,0.1,0.0,0.0
10.0,29.0,0.1,0.1,0.1,0.1,5000.0,0.0
10.0,28.0,0.07,0.07,0.07,0.07,0.0,0.0
10.0,27.0,0.1,0.1,0.07,0.07,20000.0,-0.03
10.0,26.0,0.12,0.12,0.12,0.12,5000.0,0.0
10.0,25.0,0.13,0.13,0.13,0.13,0.0,0.0
10.0,22.0,0.13,0.13,0.13,0.13,800.0,0.0
10.0,21.0,0.132,0.132,0.13,0.13,30000.0,-0.0020000000000000018
10.0,20.0,0.18,0.18,0.131,0.15,94500.0,-0.03
10.0,19.0,0.12,0.13,0.09,0.13,23900.0,0.010000000000000009
10.0,18.0,0.09,0.09,0.09,0.09,0.0,0.0
10.0,15.0,0.09,0.09,0.09,0.09,6100.0,0.0
10.0,14.0,0.09,0.09,0.09,0.09,5000.0,0.0
10.0,13.0,0.09,0.09,0.09,0.09,3500.0,0.0
10.0,12.0,0.08,0.08,0.08,0.08,0.0,0.0
10.0,11.0,0.08,0.08,0.08,0.08,0.0,0.0
10.0,8.0,0.08,0.08,0.08,0.08,0.0,0.0
10.0,7.0,0.08,0.08,0.08,0.08,0.0,0.0
10.0,6.0,0.08,0.08,0.08,0.08,0.0,0.0
10.0,5.0,0.08,0.08,0.08,0.08,0.0,0.0
10.0,4.0,0.08,0.08,0.08,0.08,0.0,0.0
10.0,1.0,0.08,0.08,0.08,0.08,0.0,0.0
9.0,30.0,0.08,0.08,0.08,0.08,0.0,0.0
9.0,29.0,0.09,0.09,0.0776,0.08,175200.0,-0.009999999999999995
9.0,28.0,0.07,0.07,0.07,0.07,0.0,0.0
9.0,27.0,0.07,0.07,0.07,0.07,0.0,0.0
9.0,24.0,0.08,0.08,0.07,0.07,29900.0,-0.009999999999999995
9.0,23.0,0.17,0.17,0.17,0.17,0.0,0.0
9.0,22.0,0.17,0.17,0.17,0.17,100.0,0.0
9.0,21.0,0.081,0.081,0.08,0.08,17700.0,-0.0010000000000000009
9.0,20.0,0.08,0.08,0.08,0.08,0.0,0.0
9.0,17.0,0.08,0.08,0.08,0.08,10000.0,0.0
9.0,16.0,0.08,0.08,0.08,0.08,0.0,0.0
9.0,15.0,0.08,0.08,0.08,0.08,5300.0,0.0
9.0,14.0,0.08,0.08,0.08,0.08,50000.0,0.0
9.0,13.0,0.07,0.09,0.07,0.08,30000.0,0.009999999999999995
9.0,10.0,0.09,0.1,0.07,0.1,64600.0,0.010000000000000009
9.0,9.0,0.065,0.1,0.065,0.1,46900.0,0.035
9.0,8.0,0.09,0.105,0.051,0.09,60000.0,0.0
9.0,7.0,0.11,0.11,0.11,0.11,5000.0,0.0
9.0,6.0,0.1125,0.1125,0.1125,0.1125,0.0,0.0
9.0,3.0,0.1125,0.1125,0.1125,0.1125,0.0,0.0
9.0,2.0,0.11,0.1125,0.11,0.1125,19800.0,0.0025000000000000022
9.0,1.0,0.95,0.95,0.11,0.11,9800.0,-0.84
8.0,31.0,0.1175,0.1175,0.11,0.11,45000.0,-0.007499999999999993
8.0,30.0,0.101,0.101,0.101,0.101,10000.0,0.0
8.0,27.0,0.14,0.17,0.1,0.17,34900.0,0.03
8.0,26.0,0.135,0.135,0.135,0.135,0.0,0.0
8.0,25.0,0.135,0.135,0.135,0.135,5000.0,0.0
8.0,24.0,0.145,0.145,0.145,0.145,0.0,0.0
8.0,23.0,0.145,0.145,0.145,0.145,0.0,0.0
8.0,20.0,0.145,0.145,0.145,0.145,0.0,0.0
8.0,19.0,0.145,0.145,0.145,0.145,5500.0,0.0
8.0,18.0,0.135,0.135,0.135,0.135,20000.0,0.0
8.0,17.0,0.135,0.135,0.135,0.135,0.0,0.0
8.0,16.0,0.18,0.18,0.1,0.135,30600.0,-0.044999999999999984
8.0,13.0,0.16,0.16,0.16,0.16,0.0,0.0
8.0,12.0,0.138,0.16,0.138,0.16,28500.0,0.021999999999999992
8.0,11.0,0.138,0.138,0.138,0.138,10000.0,0.0
8.0,10.0,0.1,0.13,0.1,0.13,15000.0,0.03
8.0,9.0,0.125,0.125,0.125,0.125,5000.0,0.0
8.0,6.0,0.13,0.13,0.13,0.13,0.0,0.0
8.0,5.0,0.13,0.13,0.13,0.13,9900.0,0.0
8.0,4.0,0.149,0.149,0.149,0.149,0.0,0.0
8.0,3.0,0.12,0.149,0.12,0.149,63000.0,0.028999999999999998
8.0,2.0,0.13,0.13,0.13,0.13,5000.0,0.0
7.0,30.0,0.13,0.15,0.13,0.15,6000.0,0.01999999999999999
7.0,29.0,0.13,0.13,0.13,0.13,10000.0,0.0
7.0,28.0,0.13,0.13,0.13,0.13,6500.0,0.0
7.0,27.0,0.15,0.15,0.15,0.15,10000.0,0.0
7.0,26.0,0.13,0.13,0.13,0.13,15000.0,0.0
7.0,23.0,0.13,0.13,0.13,0.13,6700.0,0.0
7.0,22.0,0.13,0.13,0.13,0.13,6500.0,0.0
7.0,21.0,0.13,0.13,0.13,0.13,6300.0,0.0
7.0,20.0,0.13,0.13,0.13,0.13,4800.0,0.0
7.0,19.0,0.13,0.13,0.13,0.13,5000.0,0.0
7.0,16.0,0.13,0.16,0.13,0.16,10500.0,0.03
7.0,15.0,0.13,0.15,0.13,0.15,18100.0,0.01999999999999999
7.0,14.0,0.23,0.23,0.13,0.13,5800.0,-0.1
7.0,13.0,0.1499,0.15,0.1499,0.15,8000.0,9.999999999998899E-5
7.0,12.0,0.12,0.12,0.12,0.12,5000.0,0.0
7.0,9.0,0.15,0.15,0.15,0.15,5000.0,0.0
7.0,8.0,0.18,0.18,0.18,0.18,6000.0,0.0
7.0,7.0,0.18,0.18,0.18,0.18,0.0,0.0
7.0,6.0,0.18,0.18,0.18,0.18,0.0,0.0
7.0,5.0,0.18,0.18,0.18,0.18,0.0,0.0
7.0,2.0,0.15,0.18,0.15,0.18,6000.0,0.03
7.0,1.0,0.19,0.19,0.15,0.15,18100.0,-0.04000000000000001
6.0,30.0,0.15,0.18,0.15,0.18,21000.0,0.03
6.0,29.0,0.15,0.15,0.15,0.15,10000.0,0.0
6.0,28.0,0.95,0.95,0.15,0.15,5000.0,-0.7999999999999999
6.0,25.0,0.95,0.95,0.16,0.16,5000.0,-0.7899999999999999
6.0,24.0,0.95,0.95,0.17,0.17,5000.0,-0.7799999999999999
6.0,23.0,0.95,0.95,0.2,0.2,400.0,-0.75
6.0,22.0,0.21,0.21,0.21,0.21,0.0,0.0
6.0,21.0,0.21,0.21,0.21,0.21,0.0,0.0
6.0,18.0,0.21,0.21,0.21,0.21,0.0,0.0
6.0,17.0,0.95,0.95,0.2,0.21,12000.0,-0.74
6.0,16.0,0.95,0.95,0.25,0.25,7500.0,-0.7
6.0,15.0,0.95,0.95,0.16,0.3,24200.0,-0.6499999999999999
6.0,14.0,0.3,0.3,0.3,0.3,0.0,0.0
6.0,11.0,0.95,0.95,0.3,0.3,5000.0,-0.6499999999999999
6.0,10.0,0.95,0.95,0.3,0.3,10000.0,-0.6499999999999999
6.0,9.0,0.95,0.95,0.35,0.35,3000.0,-0.6
6.0,8.0,0.95,0.95,0.35,0.36,29800.0,-0.59
6.0,7.0,0.95,0.95,0.35,0.35,5700.0,-0.6
6.0,4.0,0.3,0.3,0.3,0.3,0.0,0.0
6.0,3.0,0.3,0.3,0.3,0.3,0.0,0.0
6.0,2.0,0.95,0.95,0.3,0.3,10500.0,-0.6499999999999999
6.0,1.0,0.95,0.95,0.3,0.3,10600.0,-0.6499999999999999
5.0,31.0,0.4,0.4,0.4,0.4,0.0,0.0
5.0,28.0,0.95,0.95,0.4,0.4,200.0,-0.5499999999999999
5.0,27.0,0.4,0.4,0.4,0.4,0.0,0.0
5.0,26.0,0.4,0.4,0.4,0.4,0.0,0.0
5.0,25.0,0.4,0.4,0.4,0.4,0.0,0.0
5.0,24.0,0.95,0.95,0.4,0.4,5000.0,-0.5499999999999999
5.0,21.0,0.29,0.29,0.29,0.29,0.0,0.0
5.0,20.0,0.95,0.95,0.29,0.29,4000.0,-0.6599999999999999
5.0,19.0,0.95,0.95,0.29,0.29,3200.0,-0.6599999999999999
5.0,18.0,0.95,0.95,0.39,0.4,9400.0,-0.5499999999999999
5.0,17.0,0.4,0.4,0.4,0.4,0.0,0.0
5.0,14.0,0.4,0.4,0.4,0.4,0.0,0.0
5.0,13.0,0.4,0.4,0.4,0.4,0.0,0.0
5.0,12.0,0.4,0.4,0.4,0.4,0.0,0.0
5.0,11.0,0.95,0.95,0.27,0.4,37900.0,-0.5499999999999999
5.0,10.0,0.95,0.95,0.22,0.22,12400.0,-0.73
5.0,7.0,0.95,0.95,0.25,0.25,20000.0,-0.7
5.0,6.0,0.95,0.95,0.24,0.24,5000.0,-0.71
5.0,5.0,0.25,0.25,0.25,0.25,0.0,0.0
5.0,4.0,0.95,0.95,0.25,0.25,165000.0,-0.7
5.0,3.0,0.95,0.95,0.2,0.2,24500.0,-0.75
4.0,30.0,0.95,0.95,0.4,0.4,100.0,-0.5499999999999999
4.0,29.0,0.2,0.2,0.2,0.2,0.0,0.0
4.0,28.0,0.95,0.95,0.15,0.2,64000.0,-0.75
4.0,27.0,0.25,0.25,0.25,0.25,0.0,0.0
4.0,26.0,0.25,0.25,0.25,0.25,0.0,0.0
4.0,23.0,0.95,0.95,0.25,0.25,1000.0,-0.7
4.0,22.0,0.25,0.25,0.25,0.25,0.0,0.0
4.0,21.0,0.95,0.95,0.23,0.25,27700.0,-0.7
4.0,20.0,0.95,0.95,0.2,0.25,71500.0,-0.7
4.0,19.0,0.2,0.2,0.2,0.2,0.0,0.0
4.0,16.0,0.2,0.2,0.2,0.2,100.0,0.0
4.0,15.0,0.95,0.95,0.16,0.16,5000.0,-0.7899999999999999
4.0,14.0,0.95,0.95,0.14,0.15,12000.0,-0.7999999999999999
4.0,13.0,0.14,0.15,0.14,0.15,40000.0,0.009999999999999981
4.0,12.0,0.14,0.2,0.14,0.2,25100.0,0.06
4.0,9.0,0.95,0.95,0.14,0.195,10100.0,-0.7549999999999999
4.0,8.0,0.95,0.95,0.195,0.195,100.0,-0.7549999999999999
4.0,7.0,0.95,0.95,0.14,0.17,55800.0,-0.7799999999999999
4.0,6.0,0.95,0.95,0.13,0.17,15200.0,-0.7799999999999999
4.0,5.0,0.95,0.95,0.14,0.17,72100.0,-0.7799999999999999
4.0,2.0,0.17,0.17,0.17,0.17,0.0,0.0
4.0,1.0,0.95,0.95,0.15,0.17,20900.0,-0.7799999999999999
3.0,31.0,0.95,0.95,0.15,0.15,10100.0,-0.7999999999999999
3.0,30.0,0.15,0.15,0.15,0.15,0.0,0.0
3.0,29.0,0.95,0.95,0.15,0.15,40300.0,-0.7999999999999999
3.0,26.0,0.95,0.95,0.151,0.151,53900.0,-0.7989999999999999
3.0,25.0,0.95,0.95,0.16,0.16,10000.0,-0.7899999999999999
3.0,24.0,0.95,0.95,0.15,0.15,25000.0,-0.7999999999999999
3.0,23.0,0.18,0.18,0.18,0.18,0.0,0.0
3.0,22.0,0.95,0.95,0.16,0.18,32200.0,-0.77
3.0,19.0,0.15,0.15,0.15,0.15,75000.0,0.0
3.0,18.0,0.95,0.95,0.124,0.16,14400.0,-0.7899999999999999
3.0,17.0,0.95,0.95,0.15,0.15,7500.0,-0.7999999999999999
3.0,16.0,0.95,0.95,0.105,0.12,123000.0,-0.83
3.0,15.0,0.95,0.95,0.155,0.156,106400.0,-0.7939999999999999
3.0,12.0,0.95,0.95,0.21,0.25,49500.0,-0.7
3.0,11.0,0.95,0.95,0.2,0.25,28800.0,-0.7
3.0,10.0,0.95,0.95,0.21,0.25,40000.0,-0.7
3.0,9.0,0.26,0.26,0.26,0.26,0.0,0.0
3.0,8.0,0.95,0.95,0.26,0.26,17700.0,-0.69
3.0,5.0,0.95,0.95,0.21,0.21,30000.0,-0.74
3.0,4.0,0.95,0.95,0.25,0.25,27100.0,-0.7
3.0,3.0,0.95,0.95,0.29,0.35,74100.0,-0.6
3.0,2.0,0.95,0.95,0.13,0.27,126600.0,-0.6799999999999999
3.0,1.0,0.95,0.95,0.091,0.1,129000.0,-0.85
2.0,26.0,0.95,0.95,0.15,0.15,56500.0,-0.7999999999999999
2.0,25.0,0.95,0.95,0.3,0.3,20200.0,-0.6499999999999999
2.0,24.0,0.95,0.95,0.16,0.3,53300.0,-0.6499999999999999
2.0,23.0,0.95,0.95,0.1,0.15,54000.0,-0.7999999999999999
2.0,22.0,0.09,0.09,0.09,0.09,0.0,0.0
2.0,19.0,0.09,0.09,0.09,0.09,0.0,0.0
2.0,18.0,0.09,0.09,0.09,0.09,0.0,0.0
2.0,17.0,0.09,0.09,0.09,0.09,0.0,0.0
2.0,16.0,0.95,0.95,0.08,0.09,121500.0,-0.86
2.0,15.0,0.091,0.091,0.091,0.091,0.0,0.0
2.0,12.0,0.09,0.11,0.09,0.091,67500.0,0.0010000000000000009
2.0,11.0,0.09,0.1,0.09,0.09,30000.0,0.0
2.0,10.0,0.1,0.12,0.1,0.1,43000.0,0.0
2.0,9.0,0.11,0.11,0.1,0.1,51500.0,-0.009999999999999995
2.0,8.0,0.1,0.1,0.1,0.1,0.0,0.0
2.0,5.0,0.1,0.1,0.1,0.1,0.0,0.0
2.0,4.0,0.1,0.1,0.1,0.1,0.0,0.0
2.0,3.0,0.1,0.1,0.1,0.1,0.0,0.0
2.0,2.0,0.1,0.1,0.1,0.1,0.0,0.0
2.0,1.0,0.24,0.25,0.1,0.1,67600.0,-0.13999999999999999
1.0,29.0,0.7,0.7,0.7,0.7,0.0,0.0
1.0,28.0,0.7,0.7,0.7,0.7,200.0,0.0
1.0,27.0,0.14,0.75,0.14,0.75,21000.0,0.61
1.0,26.0,0.15,0.15,0.12,0.12,15000.0,-0.03
1.0,25.0,0.28,0.28,0.2,0.2,15000.0,-0.08000000000000002
1.0,22.0,0.34,0.34,0.34,0.34,1000.0,0.0
1.0,21.0,0.51,0.51,0.51,0.51,0.0,0.0
1.0,20.0,0.51,0.51,0.51,0.51,2500.0,0.0
1.0,19.0,0.58,0.58,0.58,0.58,2500.0,0.0
1.0,18.0,0.81,0.81,0.81,0.81,0.0,0.0
1.0,15.0,0.81,0.81,0.81,0.81,2300.0,0.0
1.0,14.0,0.89,0.89,0.89,0.89,0.0,0.0
1.0,13.0,0.89,0.89,0.89,0.89,0.0,0.0
1.0,12.0,0.9,0.9,0.84,0.89,11900.0,-0.010000000000000009
1.0,11.0,0.9,0.9,0.9,0.9,4000.0,0.0
1.0,8.0,0.9,0.9,0.9,0.9,3500.0,0.0
1.0,7.0,0.75,0.95,0.75,0.95,6000.0,0.19999999999999996
1.0,6.0,0.62,0.62,0.62,0.62,0.0,0.0
1.0,5.0,0.62,0.62,0.62,0.62,0.0,0.0
1.0,4.0,0.62,0.62,0.62,0.62,100.0,0.0
1.0,1.0,0.62,0.62,0.62,0.62,0.0,0.0
12.0,31.0,0.8,0.8,0.62,0.62,9100.0,-0.18000000000000005
12.0,30.0,0.95,0.95,0.95,0.95,0.0,0.0
12.0,29.0,0.95,0.95,0.95,0.95,100.0,0.0
12.0,28.0,1.0,1.0,1.0,1.0,0.0,0.0
12.0,25.0,1.0,1.0,1.0,1.0,0.0,0.0
12.0,24.0,1.0,1.0,1.0,1.0,0.0,0.0
12.0,23.0,1.0,1.0,1.0,1.0,0.0,0.0
12.0,22.0,1.0,1.0,1.0,1.0,0.0,0.0
12.0,21.0,1.0,1.0,1.0,1.0,0.0,0.0
12.0,18.0,1.0,1.0,1.0,1.0,0.0,0.0
12.0,17.0,1.0,1.0,1.0,1.0,0.0,0.0
12.0,16.0,1.0,1.0,1.0,1.0,0.0,0.0
12.0,15.0,1.0,1.0,1.0,1.0,0.0,0.0
12.0,14.0,1.0,1.0,1.0,1.0,0.0,0.0
12.0,11.0,1.0,1.0,1.0,1.0,0.0,0.0
12.0,10.0,1.0,1.0,1.0,1.0,0.0,0.0
12.0,9.0,1.0,1.0,1.0,1.0,0.0,0.0
12.0,8.0,1.0,1.0,1.0,1.0,0.0,0.0
12.0,7.0,1.0,1.0,1.0,1.0,0.0,0.0
12.0,4.0,1.0,1.0,1.0,1.0,0.0,0.0
12.0,3.0,1.0,1.0,1.0,1.0,0.0,0.0
12.0,2.0,1.0,1.0,1.0,1.0,0.0,0.0
12.0,1.0,1.0,1.0,1.0,1.0,0.0,0.0
11.0,30.0,1.0,1.0,1.0,1.0,0.0,0.0
11.0,27.0,1.0,1.0,1.0,1.0,0.0,0.0
11.0,26.0,1.0,1.0,1.0,1.0,0.0,0.0
11.0,25.0,1.0,1.0,1.0,1.0,0.0,0.0
11.0,24.0,1.0,1.0,1.0,1.0,0.0,0.0
11.0,23.0,1.0,1.0,1.0,1.0,0.0,0.0
11.0,20.0,1.0,1.0,1.0,1.0,0.0,0.0
11.0,19.0,1.0,1.0,1.0,1.0,0.0,0.0
11.0,18.0,1.0,1.0,1.0,1.0,0.0,0.0
11.0,17.0,1.0,1.0,1.0,1.0,0.0,0.0
11.0,16.0,1.0,1.0,1.0,1.0,0.0,0.0
11.0,13.0,1.0,1.0,1.0,1.0,0.0,0.0
11.0,12.0,1.0,1.0,1.0,1.0,1000.0,0.0
11.0,11.0,1.0,1.0,1.0,1.0,2000.0,0.0
