9.0,25.0,0.45,0.45,0.45,0.45,0.0,0.0
9.0,24.0,0.45,0.45,0.45,0.45,0.0,0.0
9.0,23.0,0.45,0.45,0.45,0.45,0.0,0.0
9.0,22.0,0.45,0.45,0.45,0.45,0.0,0.0
9.0,21.0,0.27,0.45,0.27,0.45,10600.0,0.18
9.0,18.0,0.399,0.399,0.399,0.399,0.0,0.0
9.0,17.0,0.399,0.399,0.399,0.399,0.0,0.0
9.0,16.0,0.399,0.399,0.399,0.399,0.0,0.0
9.0,15.0,0.399,0.399,0.399,0.399,0.0,0.0
9.0,14.0,0.399,0.399,0.399,0.399,0.0,0.0
9.0,11.0,0.399,0.399,0.399,0.399,0.0,0.0
9.0,10.0,0.399,0.399,0.399,0.399,1000.0,0.0
9.0,9.0,0.399,0.399,0.399,0.399,0.0,0.0
9.0,8.0,0.35,0.399,0.35,0.399,700.0,0.049000000000000044
9.0,4.0,0.45,0.45,0.45,0.45,0.0,0.0
9.0,3.0,0.36,0.45,0.36,0.45,10200.0,0.09000000000000002
9.0,2.0,0.45,0.45,0.25,0.445,12400.0,-0.0050000000000000044
9.0,1.0,0.56,0.56,0.56,0.56,1000.0,0.0
8.0,31.0,0.6,0.6,0.35,0.56,34000.0,-0.039999999999999925
8.0,28.0,0.64,0.64,0.44,0.6,61500.0,-0.040000000000000036
8.0,27.0,0.42,0.52,0.42,0.52,1400.0,0.10000000000000003
8.0,26.0,0.49,0.49,0.49,0.49,100.0,0.0
8.0,25.0,0.402,0.5,0.402,0.424,18900.0,0.021999999999999964
8.0,24.0,0.48,0.5,0.41,0.5,13200.0,0.020000000000000018
8.0,21.0,0.48,0.48,0.48,0.48,0.0,0.0
8.0,20.0,0.48,0.5,0.41,0.48,9400.0,0.0
8.0,19.0,0.521,0.521,0.521,0.521,0.0,0.0
8.0,18.0,0.57,0.57,0.521,0.521,11400.0,-0.04899999999999993
8.0,17.0,0.49,0.59,0.44,0.59,30600.0,0.09999999999999998
8.0,14.0,0.55,0.55,0.42,0.51,10400.0,-0.040000000000000036
8.0,13.0,0.58,0.58,0.4,0.53,49600.0,-0.04999999999999993
8.0,12.0,0.55,0.64,0.52,0.58,6800.0,0.029999999999999916
8.0,11.0,0.51,0.53,0.51,0.53,1200.0,0.020000000000000018
8.0,10.0,0.5,0.53,0.5,0.53,11800.0,0.030000000000000027
8.0,7.0,0.49,0.49,0.49,0.49,0.0,0.0
8.0,6.0,0.49,0.49,0.49,0.49,4700.0,0.0
8.0,5.0,0.49,0.49,0.49,0.49,0.0,0.0
8.0,4.0,0.55,0.63,0.4,0.49,76000.0,-0.06000000000000005
8.0,3.0,0.55,0.64,0.55,0.64,500.0,0.08999999999999997
7.0,31.0,0.64,0.64,0.64,0.64,800.0,0.0
7.0,30.0,0.6,0.66,0.6,0.66,12300.0,0.06000000000000005
7.0,29.0,0.63,0.66,0.6,0.6,23900.0,-0.030000000000000027
7.0,28.0,0.6,0.68,0.6,0.66,57700.0,0.06000000000000005
7.0,27.0,0.56,0.66,0.56,0.62,12700.0,0.05999999999999994
7.0,24.0,0.55,0.58,0.5,0.58,5500.0,0.029999999999999916
7.0,23.0,0.55,0.55,0.55,0.55,0.0,0.0
7.0,22.0,0.541,0.55,0.54,0.55,6500.0,0.009000000000000008
7.0,21.0,0.565,0.571,0.565,0.57,55000.0,0.0050000000000000044
7.0,20.0,0.43,0.57,0.43,0.565,6400.0,0.13499999999999995
7.0,17.0,0.6,0.6,0.6,0.6,0.0,0.0
7.0,16.0,0.56,0.6,0.48,0.6,46600.0,0.039999999999999925
7.0,15.0,0.66,0.66,0.58,0.6,42800.0,-0.06000000000000005
7.0,14.0,0.72,0.72,0.66,0.72,3200.0,0.0
7.0,13.0,0.7,0.73,0.6,0.73,4700.0,0.030000000000000027
7.0,10.0,0.728,0.728,0.728,0.728,400.0,0.0
7.0,9.0,0.65,0.738,0.65,0.738,500.0,0.08799999999999997
7.0,8.0,0.55,0.738,0.55,0.738,1200.0,0.18799999999999994
7.0,7.0,0.64,0.782,0.64,0.746,21300.0,0.10599999999999998
7.0,6.0,0.71,0.798,0.71,0.798,41800.0,0.08800000000000008
7.0,2.0,0.79,0.79,0.79,0.79,1000.0,0.0
7.0,1.0,0.71,0.79,0.71,0.78,20900.0,0.07000000000000006
6.0,30.0,0.81,0.81,0.74,0.785,16900.0,-0.025000000000000022
6.0,29.0,0.71,0.808,0.71,0.808,1200.0,0.09800000000000009
6.0,26.0,0.751,0.81,0.751,0.81,11400.0,0.05900000000000005
6.0,25.0,0.8,0.81,0.8,0.81,4400.0,0.010000000000000009
6.0,24.0,0.73,0.81,0.73,0.81,600.0,0.08000000000000007
6.0,23.0,0.7,0.81,0.7,0.81,7700.0,0.1100000000000001
6.0,22.0,0.81,0.81,0.7,0.79,36400.0,-0.020000000000000018
6.0,19.0,0.808,0.82,0.76,0.81,18900.0,0.0020000000000000018
6.0,18.0,0.798,0.798,0.79,0.79,200.0,-0.008000000000000007
6.0,17.0,0.79,0.79,0.79,0.79,100.0,0.0
6.0,16.0,0.72,0.778,0.72,0.778,3100.0,0.05800000000000005
6.0,15.0,0.6,0.77,0.6,0.748,1400.0,0.14800000000000002
6.0,12.0,0.89,0.9,0.89,0.9,3900.0,0.010000000000000009
6.0,11.0,0.89,0.938,0.52,0.938,42800.0,0.04799999999999993
6.0,10.0,0.81,0.95,0.81,0.9,5200.0,0.08999999999999997
6.0,9.0,0.732,0.9,0.732,0.85,32700.0,0.118
6.0,8.0,0.78,0.78,0.78,0.78,200.0,0.0
6.0,5.0,0.78,0.8,0.76,0.78,6800.0,0.0
6.0,4.0,0.68,0.78,0.68,0.78,42900.0,0.09999999999999998
6.0,3.0,0.725,0.75,0.72,0.74,33600.0,0.015000000000000013
6.0,2.0,0.69,0.73,0.65,0.73,45900.0,0.040000000000000036
6.0,1.0,0.58,0.72,0.58,0.7,135500.0,0.12
5.0,29.0,0.6,0.66,0.432,0.58,68500.0,-0.020000000000000018
5.0,28.0,0.66,0.66,0.6,0.658,4900.0,-0.0020000000000000018
5.0,27.0,0.81,0.83,0.66,0.72,40700.0,-0.09000000000000008
5.0,26.0,0.85,0.85,0.85,0.85,100.0,0.0
5.0,22.0,0.86,0.86,0.858,0.858,1500.0,-0.0020000000000000018
5.0,21.0,0.81,0.86,0.81,0.858,14600.0,0.04799999999999993
5.0,20.0,0.9,0.918,0.835,0.835,12300.0,-0.06500000000000006
5.0,19.0,0.9,0.92,0.9,0.91,10500.0,0.010000000000000009
5.0,18.0,0.9,0.91,0.89,0.91,11600.0,0.010000000000000009
5.0,15.0,0.8,0.968,0.8,0.89,5300.0,0.08999999999999997
5.0,14.0,1.0,1.03,0.9,0.99,11300.0,-0.010000000000000009
5.0,13.0,1.0,1.05,0.95,1.05,6200.0,0.050000000000000044
5.0,12.0,1.05,1.05,1.05,1.05,0.0,0.0
5.0,11.0,1.03,1.05,1.0,1.05,3300.0,0.020000000000000018
5.0,8.0,1.03,1.03,1.03,1.03,500.0,0.0
5.0,7.0,1.01,1.08,0.95,1.03,29300.0,0.020000000000000018
5.0,6.0,1.03,1.07,0.96,1.03,43100.0,0.0
5.0,5.0,1.14,1.14,1.04,1.04,4000.0,-0.09999999999999987
5.0,4.0,0.955,1.2,0.922,1.14,36600.0,0.18499999999999994
5.0,1.0,1.31,1.35,1.27,1.27,5900.0,-0.040000000000000036
4.0,30.0,1.35,1.4,1.25,1.25,79900.0,-0.10000000000000009
4.0,29.0,1.44,1.44,1.31,1.32,11100.0,-0.11999999999999988
4.0,28.0,1.47,1.47,1.41,1.44,34000.0,-0.030000000000000027
4.0,27.0,1.54,1.54,1.54,1.54,0.0,0.0
4.0,24.0,1.49,1.54,1.49,1.54,5200.0,0.050000000000000044
4.0,23.0,1.42,1.54,1.4,1.49,8900.0,0.07000000000000006
4.0,22.0,1.46,1.51,1.35,1.39,25200.0,-0.07000000000000006
4.0,21.0,1.5,1.5,1.45,1.46,14600.0,-0.040000000000000036
4.0,20.0,1.42,1.5,1.36,1.49,38300.0,0.07000000000000006
4.0,17.0,1.5,1.5,1.2,1.43,86500.0,-0.07000000000000006
4.0,16.0,1.78,1.81,1.5,1.56,176600.0,-0.21999999999999997
4.0,15.0,1.74,1.81,1.7,1.8,132800.0,0.06000000000000005
4.0,14.0,2.17,2.17,1.6,1.75,133000.0,-0.41999999999999993
4.0,13.0,2.24,2.25,1.79,2.16,294200.0,-0.08000000000000007
4.0,10.0,2.21,2.25,2.02,2.24,233000.0,0.03000000000000025
4.0,9.0,2.23,2.29,2.21,2.22,118800.0,-0.009999999999999787
4.0,8.0,2.17,2.27,2.16,2.23,144400.0,0.06000000000000005
4.0,7.0,2.13,2.19,2.06,2.19,150000.0,0.06000000000000005
4.0,6.0,2.11,2.13,2.08,2.13,148600.0,0.020000000000000018
4.0,2.0,2.09,2.09,2.01,2.09,71300.0,0.0
4.0,1.0,2.06,2.08,2.01,2.08,72300.0,0.020000000000000018
3.0,31.0,1.97,2.05,1.96,2.05,183500.0,0.07999999999999985
3.0,30.0,1.94,1.98,1.92,1.98,203400.0,0.040000000000000036
3.0,27.0,1.88,1.95,1.88,1.93,118200.0,0.050000000000000044
3.0,26.0,1.88,1.91,1.86,1.9,110600.0,0.020000000000000018
3.0,25.0,1.84,1.88,1.81,1.88,131300.0,0.039999999999999813
3.0,24.0,1.79,1.85,1.78,1.84,28500.0,0.050000000000000044
3.0,23.0,1.68,1.82,1.68,1.82,100700.0,0.14000000000000012
3.0,20.0,1.64,1.78,1.63,1.78,10100.0,0.14000000000000012
3.0,19.0,1.7,1.78,1.62,1.78,21800.0,0.08000000000000007
3.0,18.0,1.75,1.76,1.62,1.76,11900.0,0.010000000000000009
3.0,17.0,1.63,1.74,1.61,1.74,66200.0,0.1100000000000001
3.0,16.0,1.65,1.7,1.65,1.7,7200.0,0.050000000000000044
3.0,13.0,1.64,1.72,1.62,1.72,33200.0,0.08000000000000007
3.0,12.0,1.68,1.68,1.68,1.68,0.0,0.0
3.0,11.0,1.68,1.68,1.68,1.68,0.0,0.0
3.0,10.0,1.61,1.68,1.6,1.68,27500.0,0.06999999999999984
3.0,9.0,1.62,1.64,1.61,1.64,2900.0,0.019999999999999796
3.0,6.0,1.6,1.65,1.56,1.62,20700.0,0.020000000000000018
3.0,5.0,1.51,1.6,1.51,1.6,38000.0,0.09000000000000008
3.0,4.0,1.55,1.59,1.5,1.58,81900.0,0.030000000000000027
3.0,3.0,1.45,1.55,1.44,1.5,50300.0,0.050000000000000044
3.0,2.0,1.45,1.55,1.45,1.45,39600.0,0.0
2.0,27.0,1.51,1.51,1.51,1.51,0.0,0.0
2.0,26.0,1.48,1.51,1.45,1.51,8000.0,0.030000000000000027
2.0,25.0,1.43,1.48,1.43,1.48,25500.0,0.050000000000000044
2.0,24.0,1.43,1.43,1.43,1.43,200.0,0.0
2.0,23.0,1.41,1.43,1.4,1.43,11100.0,0.020000000000000018
2.0,20.0,1.37,1.41,1.37,1.41,9200.0,0.039999999999999813
2.0,19.0,1.38,1.4,1.26,1.4,6600.0,0.020000000000000018
2.0,18.0,1.38,1.38,1.38,1.38,200.0,0.0
2.0,17.0,1.35,1.35,1.28,1.35,35900.0,0.0
2.0,13.0,1.1,1.3,1.07,1.3,35400.0,0.19999999999999996
2.0,12.0,1.15,1.25,1.15,1.25,4800.0,0.10000000000000009
2.0,11.0,1.15,1.16,0.97,1.15,25300.0,0.0
2.0,10.0,1.22,1.22,1.22,1.22,0.0,0.0
2.0,9.0,1.22,1.22,1.22,1.22,0.0,0.0
2.0,6.0,1.2,1.24,1.18,1.22,27200.0,0.020000000000000018
2.0,5.0,1.1,1.19,1.1,1.19,77100.0,0.08999999999999986
2.0,4.0,1.02,1.1,0.9,1.1,16900.0,0.08000000000000007
2.0,3.0,1.1,1.16,1.01,1.05,34100.0,-0.050000000000000044
2.0,2.0,1.45,1.65,1.0,1.0,7900.0,-0.44999999999999996
1.0,30.0,1.7,1.7,1.17,1.69,12700.0,-0.010000000000000009
1.0,29.0,1.79,1.79,1.01,1.74,6500.0,-0.050000000000000044
1.0,28.0,1.9,1.9,1.77,1.89,600.0,-0.010000000000000009
1.0,27.0,1.9,1.9,1.9,1.9,600.0,0.0
1.0,26.0,2.25,2.25,2.25,2.25,0.0,0.0
1.0,23.0,2.25,2.25,2.25,2.25,200.0,0.0
1.0,22.0,1.95,2.6,1.95,2.25,2700.0,0.30000000000000004
1.0,21.0,1.99,1.99,1.99,1.99,1500.0,0.0
1.0,20.0,1.95,1.99,1.81,1.89,3200.0,-0.06000000000000005
1.0,16.0,2.1,2.65,2.02,2.34,23300.0,0.23999999999999977
1.0,15.0,2.09,2.09,2.09,2.09,0.0,0.0
1.0,14.0,1.99,2.09,1.99,2.09,1900.0,0.09999999999999987
1.0,13.0,2.02,2.02,2.02,2.02,5300.0,0.0
1.0,12.0,1.99,2.24,1.99,2.24,8800.0,0.2500000000000002
1.0,9.0,2.48,2.48,2.48,2.48,0.0,0.0
1.0,8.0,2.25,2.48,2.25,2.48,4600.0,0.22999999999999998
1.0,7.0,2.15,2.65,2.15,2.49,7500.0,0.3400000000000003
1.0,6.0,2.15,2.15,2.1,2.14,5800.0,-0.009999999999999787
1.0,5.0,2.15,2.15,2.15,2.15,500.0,0.0
1.0,2.0,2.21,2.59,2.2,2.59,3000.0,0.3799999999999999
12.0,31.0,2.61,2.61,2.61,2.61,0.0,0.0
12.0,30.0,2.5,2.61,1.97,2.61,5200.0,0.10999999999999988
12.0,29.0,2.24,2.74,2.24,2.65,4400.0,0.4099999999999997
12.0,26.0,1.69,2.49,1.69,2.48,8400.0,0.79
12.0,24.0,1.75,1.97,1.11,1.69,17400.0,-0.06000000000000005
12.0,23.0,1.75,1.75,1.4,1.55,30200.0,-0.19999999999999996
12.0,22.0,1.5,1.97,1.46,1.89,2300.0,0.3899999999999999
12.0,19.0,2.01,2.01,1.51,1.7,22900.0,-0.30999999999999983
12.0,18.0,2.5,2.54,2.01,2.02,10000.0,-0.48
12.0,17.0,2.54,2.55,2.0,2.55,12900.0,0.009999999999999787
12.0,16.0,2.65,2.83,2.5,2.5,3700.0,-0.1499999999999999
12.0,15.0,2.61,2.63,2.61,2.63,400.0,0.020000000000000018
12.0,12.0,2.87,2.87,2.87,2.87,0.0,0.0
12.0,11.0,2.89,2.89,2.62,2.87,12600.0,-0.020000000000000018
12.0,10.0,2.72,2.88,2.72,2.8,3300.0,0.07999999999999963
12.0,9.0,2.76,2.9,2.76,2.9,300.0,0.14000000000000012
12.0,8.0,2.94,2.96,2.76,2.92,1600.0,-0.020000000000000018
12.0,5.0,2.77,2.94,2.77,2.94,5800.0,0.16999999999999993
12.0,4.0,2.8,2.8,2.8,2.8,300.0,0.0
12.0,3.0,2.96,2.96,2.78,2.94,3400.0,-0.020000000000000018
12.0,2.0,2.75,2.97,2.75,2.97,3600.0,0.2200000000000002
12.0,1.0,2.75,2.96,2.75,2.96,2600.0,0.20999999999999996
11.0,28.0,2.97,2.97,2.97,2.97,0.0,0.0
11.0,26.0,2.75,2.97,2.75,2.97,3500.0,0.2200000000000002
11.0,25.0,2.91,2.91,2.91,2.91,0.0,0.0
11.0,24.0,2.7,2.96,2.7,2.91,6100.0,0.20999999999999996
11.0,21.0,2.81,2.97,2.7,2.96,8900.0,0.1499999999999999
11.0,20.0,2.96,2.96,2.96,2.96,100.0,0.0
11.0,19.0,2.98,2.98,2.98,2.98,0.0,0.0
11.0,18.0,2.98,2.98,2.98,2.98,0.0,0.0
11.0,17.0,2.73,2.98,2.69,2.98,3800.0,0.25
11.0,14.0,2.74,2.74,2.74,2.74,500.0,0.0
11.0,13.0,2.75,2.75,2.58,2.75,2000.0,0.0
11.0,12.0,2.7,2.75,2.7,2.75,1000.0,0.04999999999999982
11.0,11.0,2.79,2.9,2.79,2.8,1900.0,0.009999999999999787
11.0,10.0,2.9,2.98,2.9,2.9,400.0,0.0
11.0,7.0,2.74,2.99,2.74,2.99,1200.0,0.25
11.0,6.0,2.9,2.9,2.9,2.9,100.0,0.0
11.0,5.0,2.93,3.08,2.65,2.99,4100.0,0.06000000000000005
11.0,4.0,2.83,3.09,2.83,3.09,4100.0,0.2599999999999998
11.0,3.0,2.88,3.05,2.88,3.0,1100.0,0.1200000000000001
10.0,31.0,2.95,3.09,2.95,3.09,5200.0,0.13999999999999968
10.0,30.0,2.81,3.1,2.81,3.1,4700.0,0.29000000000000004
10.0,29.0,3.1,3.1,3.1,3.1,1200.0,0.0
10.0,28.0,2.83,3.1,2.7,3.1,5300.0,0.27
10.0,27.0,2.93,2.94,2.6,2.83,17000.0,-0.10000000000000009
10.0,24.0,3.09,3.09,3.09,3.09,0.0,0.0
10.0,23.0,3.0,3.1,2.85,3.09,6200.0,0.08999999999999986
10.0,22.0,3.1,3.14,2.84,3.1,5300.0,0.0
10.0,21.0,2.78,3.1,2.78,3.09,8600.0,0.31000000000000005
10.0,20.0,2.5,2.78,2.37,2.78,16600.0,0.2799999999999998
10.0,17.0,2.69,2.69,1.81,2.62,8600.0,-0.06999999999999984
10.0,16.0,2.4,2.83,2.16,2.7,7300.0,0.30000000000000027
10.0,15.0,2.9,2.9,2.72,2.87,1800.0,-0.029999999999999805
10.0,14.0,2.82,2.9,2.82,2.9,600.0,0.08000000000000007
10.0,13.0,2.25,2.9,2.25,2.9,12100.0,0.6499999999999999
10.0,10.0,2.6,2.87,2.51,2.85,9400.0,0.25
10.0,9.0,2.91,3.06,2.75,2.75,8300.0,-0.16000000000000014
10.0,8.0,2.89,3.06,2.89,3.06,1000.0,0.16999999999999993
10.0,7.0,2.91,3.06,2.91,3.06,4100.0,0.1499999999999999
10.0,6.0,2.99,3.06,2.87,3.05,6900.0,0.05999999999999961
10.0,3.0,3.03,3.03,2.58,2.99,5800.0,-0.03999999999999959
10.0,2.0,2.86,3.14,2.8,3.01,10500.0,0.1499999999999999
10.0,1.0,3.14,3.14,3.14,3.14,0.0,0.0
9.0,30.0,2.95,3.16,2.93,3.14,1200.0,0.18999999999999995
9.0,29.0,2.95,2.95,2.95,2.95,2100.0,0.0
9.0,26.0,3.16,3.18,2.9,3.17,10900.0,0.009999999999999787
9.0,25.0,3.0,3.14,2.99,3.14,5200.0,0.14000000000000012
9.0,24.0,3.16,3.16,3.16,3.16,0.0,0.0
9.0,23.0,2.86,3.2,2.86,3.16,11900.0,0.30000000000000027
9.0,22.0,3.16,3.2,2.7,2.7,4300.0,-0.45999999999999996
9.0,19.0,3.16,3.2,3.1,3.2,20200.0,0.040000000000000036
9.0,18.0,3.16,3.16,3.16,3.16,1100.0,0.0
9.0,17.0,3.05,3.16,3.05,3.16,2200.0,0.11000000000000032
9.0,16.0,3.11,3.11,3.11,3.11,1600.0,0.0
9.0,15.0,3.08,3.11,3.02,3.11,13000.0,0.029999999999999805
9.0,12.0,3.06,3.08,2.9,3.08,13300.0,0.020000000000000018
9.0,11.0,2.99,3.06,2.94,3.06,7700.0,0.06999999999999984
9.0,10.0,3.01,3.01,3.01,3.01,0.0,0.0
9.0,9.0,2.9,3.05,2.85,3.01,34000.0,0.10999999999999988
9.0,8.0,2.93,3.0,2.88,3.0,18400.0,0.06999999999999984
9.0,5.0,2.9,2.93,2.9,2.93,1000.0,0.03000000000000025
9.0,4.0,2.87,2.91,2.84,2.9,6100.0,0.029999999999999805
9.0,3.0,2.88,2.92,2.78,2.89,55000.0,0.010000000000000231
9.0,2.0,2.7,2.89,2.7,2.87,6100.0,0.16999999999999993
8.0,29.0,2.63,3.01,2.5,2.95,21400.0,0.3200000000000003
8.0,28.0,2.43,2.63,2.3,2.63,35100.0,0.19999999999999973
8.0,27.0,2.62,2.62,1.82,2.46,16700.0,-0.16000000000000014
8.0,26.0,2.6,2.63,2.56,2.6,37200.0,0.0
8.0,25.0,2.5,2.6,2.4,2.6,15700.0,0.10000000000000009
8.0,22.0,2.41,2.55,2.41,2.55,1700.0,0.13999999999999968
8.0,21.0,2.35,2.55,2.35,2.55,24300.0,0.19999999999999973
8.0,20.0,2.16,2.5,2.16,2.5,2000.0,0.33999999999999986
8.0,19.0,2.07,2.49,2.07,2.49,4700.0,0.4200000000000004
8.0,18.0,2.42,2.42,1.73,2.35,35600.0,-0.06999999999999984
8.0,15.0,2.43,2.43,2.43,2.43,800.0,0.0
8.0,14.0,2.47,2.52,2.47,2.51,32200.0,0.03999999999999959
8.0,13.0,2.41,2.47,2.32,2.45,4400.0,0.040000000000000036
8.0,12.0,2.47,2.47,2.4,2.45,27600.0,-0.020000000000000018
8.0,11.0,2.41,2.47,2.4,2.47,20600.0,0.06000000000000005
8.0,8.0,2.4,2.41,2.3,2.41,24100.0,0.010000000000000231
8.0,7.0,2.25,2.4,2.24,2.4,42100.0,0.1499999999999999
8.0,6.0,2.33,2.37,2.21,2.37,40300.0,0.040000000000000036
8.0,5.0,2.2,2.33,2.2,2.33,16400.0,0.1299999999999999
8.0,4.0,2.21,2.3,2.21,2.3,12900.0,0.08999999999999986
8.0,1.0,2.2,2.3,2.12,2.21,89200.0,0.009999999999999787
7.0,31.0,2.15,2.2,2.1,2.2,14300.0,0.050000000000000266
7.0,30.0,2.14,2.17,2.14,2.17,3200.0,0.029999999999999805
7.0,29.0,2.12,2.14,2.09,2.14,20400.0,0.020000000000000018
7.0,28.0,2.12,2.12,2.12,2.12,1000.0,0.0
7.0,25.0,2.12,2.12,2.08,2.12,2100.0,0.0
7.0,24.0,2.1,2.12,2.01,2.12,31400.0,0.020000000000000018
7.0,23.0,2.05,2.1,2.0,2.1,41700.0,0.050000000000000266
7.0,22.0,2.05,2.05,2.0,2.05,7500.0,0.0
7.0,21.0,1.97,2.05,1.97,2.05,9100.0,0.07999999999999985
7.0,18.0,1.95,2.0,1.9,2.0,12900.0,0.050000000000000044
7.0,17.0,1.9,1.95,1.8,1.95,20100.0,0.050000000000000044
7.0,16.0,1.8,1.9,1.8,1.9,17400.0,0.09999999999999987
7.0,15.0,1.78,1.8,1.78,1.8,3000.0,0.020000000000000018
7.0,14.0,1.6,1.8,1.59,1.8,14900.0,0.19999999999999996
7.0,11.0,1.65,1.8,1.37,1.8,29900.0,0.15000000000000013
7.0,10.0,1.7,1.77,1.7,1.77,12800.0,0.07000000000000006
7.0,9.0,1.74,1.8,1.58,1.75,19300.0,0.010000000000000009
7.0,8.0,1.74,1.74,1.74,1.74,100.0,0.0
7.0,7.0,1.73,1.73,1.73,1.73,0.0,0.0
7.0,3.0,1.73,1.74,1.73,1.73,6200.0,0.0
7.0,2.0,1.73,1.73,1.59,1.72,34600.0,-0.010000000000000009
7.0,1.0,1.65,1.74,1.64,1.74,19500.0,0.09000000000000008
6.0,30.0,1.68,1.79,1.66,1.72,7900.0,0.040000000000000036
6.0,27.0,1.66,1.68,1.51,1.68,10200.0,0.020000000000000018
6.0,26.0,1.78,1.78,1.78,1.78,400.0,0.0
6.0,25.0,1.78,1.78,1.78,1.78,3300.0,0.0
6.0,24.0,1.73,1.78,1.7,1.78,13600.0,0.050000000000000044
6.0,23.0,1.73,1.73,1.73,1.73,0.0,0.0
6.0,20.0,1.73,1.73,1.73,1.73,1000.0,0.0
6.0,19.0,1.7,1.73,1.7,1.73,300.0,0.030000000000000027
6.0,18.0,1.7,1.73,1.7,1.73,3000.0,0.030000000000000027
6.0,17.0,1.7,1.72,1.7,1.71,12000.0,0.010000000000000009
6.0,16.0,1.67,1.7,1.67,1.7,5700.0,0.030000000000000027
6.0,13.0,1.69,1.7,1.69,1.7,7800.0,0.010000000000000009
6.0,12.0,1.62,1.67,1.62,1.67,4500.0,0.04999999999999982
6.0,11.0,1.62,1.62,1.57,1.62,2800.0,0.0
6.0,10.0,1.6,1.67,1.57,1.62,11500.0,0.020000000000000018
6.0,9.0,1.57,1.69,1.57,1.69,300.0,0.11999999999999988
6.0,6.0,1.66,1.7,1.64,1.68,12700.0,0.020000000000000018
6.0,5.0,1.5,1.7,1.31,1.7,5300.0,0.19999999999999996
6.0,4.0,1.64,1.65,1.59,1.65,17500.0,0.010000000000000009
6.0,3.0,1.64,1.64,1.64,1.64,1200.0,0.0
6.0,2.0,1.64,1.64,1.64,1.64,1700.0,0.0
5.0,30.0,1.6,1.6,1.6,1.6,400.0,0.0
5.0,29.0,1.65,1.65,1.65,1.65,0.0,0.0
5.0,28.0,1.65,1.65,1.55,1.65,19300.0,0.0
5.0,27.0,1.65,1.7,1.6,1.7,10500.0,0.050000000000000044
5.0,23.0,1.7,1.7,1.7,1.7,10000.0,0.0
5.0,22.0,1.68,1.7,1.45,1.7,11100.0,0.020000000000000018
5.0,21.0,1.7,1.73,1.7,1.73,5000.0,0.030000000000000027
5.0,20.0,1.7,1.71,1.7,1.71,13000.0,0.010000000000000009
5.0,19.0,1.78,1.8,1.72,1.8,10200.0,0.020000000000000018
5.0,16.0,1.9,1.95,1.81,1.81,12400.0,-0.08999999999999986
5.0,15.0,1.85,1.85,1.85,1.85,8600.0,0.0
