9.0,25.0,15.28,15.41,15.22,15.28,542200.0,0.0
9.0,24.0,15.41,15.47,15.28,15.3,295200.0,-0.10999999999999943
9.0,23.0,15.36,15.49,15.28,15.43,272200.0,0.07000000000000028
9.0,22.0,15.27,15.44,15.16,15.3,396000.0,0.030000000000001137
9.0,21.0,15.38,15.47,15.04,15.37,435700.0,-0.010000000000001563
9.0,18.0,14.84,15.46,14.82,15.37,1152700.0,0.5299999999999994
9.0,17.0,14.58,15.11,14.51,14.98,357600.0,0.40000000000000036
9.0,16.0,14.42,14.64,14.33,14.59,335400.0,0.16999999999999993
9.0,15.0,14.24,14.45,14.11,14.42,237700.0,0.17999999999999972
9.0,14.0,14.14,14.29,14.1,14.23,207500.0,0.08999999999999986
9.0,11.0,14.03,14.19,13.86,14.14,367200.0,0.11000000000000121
9.0,10.0,14.1,14.27,14.05,14.07,256000.0,-0.02999999999999936
9.0,9.0,14.34,14.35,14.1,14.12,261100.0,-0.22000000000000064
9.0,8.0,14.21,14.33,14.14,14.26,292100.0,0.049999999999998934
9.0,4.0,14.26,14.35,14.0,14.06,252500.0,-0.1999999999999993
9.0,3.0,14.51,14.58,14.36,14.37,278100.0,-0.14000000000000057
9.0,2.0,14.51,14.58,14.37,14.47,434700.0,-0.03999999999999915
9.0,1.0,14.32,14.54,14.21,14.4,495000.0,0.08000000000000007
8.0,31.0,14.62,14.75,14.41,14.5,1175100.0,-0.11999999999999922
8.0,28.0,14.63,14.7,14.53,14.6,263300.0,-0.030000000000001137
8.0,27.0,14.6,14.68,14.27,14.64,540600.0,0.040000000000000924
8.0,26.0,14.68,14.7,14.3,14.5,426900.0,-0.17999999999999972
8.0,25.0,14.87,14.95,14.4,14.44,414500.0,-0.4299999999999997
8.0,24.0,15.07,15.24,14.49,14.49,694900.0,-0.5800000000000001
8.0,21.0,15.75,15.87,15.51,15.58,350600.0,-0.16999999999999993
8.0,20.0,15.89,16.030001,15.68,15.95,297600.0,0.05999999999999872
8.0,19.0,15.94,16.040001,15.73,15.95,236100.0,0.009999999999999787
8.0,18.0,15.68,16.17,15.64,15.99,763100.0,0.3100000000000005
8.0,17.0,15.54,15.72,15.35,15.7,372300.0,0.16000000000000014
8.0,14.0,15.27,15.58,15.27,15.52,560000.0,0.25
8.0,13.0,15.37,15.49,15.14,15.29,287200.0,-0.08000000000000007
8.0,12.0,15.4,15.5,15.18,15.38,553300.0,-0.019999999999999574
8.0,11.0,15.14,15.49,15.03,15.42,704100.0,0.27999999999999936
8.0,10.0,15.66,15.67,14.92,15.19,802700.0,-0.47000000000000064
8.0,7.0,16.120001,16.120001,15.32,15.7,827800.0,-0.4200009999999992
8.0,6.0,15.79,15.81,15.35,15.64,389500.0,-0.14999999999999858
8.0,5.0,15.99,15.99,15.69,15.78,284100.0,-0.21000000000000085
8.0,4.0,16.110001,16.110001,15.9,15.93,217300.0,-0.18000100000000074
8.0,3.0,16.09,16.209999,15.99,16.08,200900.0,-0.010000000000001563
7.0,31.0,15.93,16.139999,15.85,16.040001,254000.0,0.11000100000000046
7.0,30.0,16.0,16.0,15.82,15.88,181800.0,-0.11999999999999922
7.0,29.0,15.91,16.08,15.73,16.01,270500.0,0.10000000000000142
7.0,28.0,16.0,16.0,15.83,15.91,217300.0,-0.08999999999999986
7.0,27.0,15.94,16.110001,15.91,15.97,183800.0,0.030000000000001137
7.0,24.0,16.0,16.059999,15.86,15.96,565900.0,-0.03999999999999915
7.0,23.0,16.200001,16.27,15.78,16.059999,350200.0,-0.14000199999999907
7.0,22.0,16.02,16.25,16.02,16.190001,739600.0,0.17000099999999918
7.0,21.0,16.110001,16.200001,16.01,16.059999,760400.0,-0.050001999999999214
7.0,20.0,16.129999,16.219999,16.030001,16.129999,499200.0,0.0
7.0,17.0,16.08,16.139999,15.99,16.139999,270800.0,0.059999000000001246
7.0,16.0,15.77,16.120001,15.77,16.09,433600.0,0.3200000000000003
7.0,15.0,15.83,15.97,15.67,15.73,391200.0,-0.09999999999999964
7.0,14.0,16.16,16.16,16.02,16.07,304800.0,-0.08999999999999986
7.0,13.0,16.190001,16.290001,16.01,16.120001,488100.0,-0.07000000000000028
7.0,10.0,16.01,16.15,15.98,16.08,557900.0,0.06999999999999673
7.0,9.0,16.25,16.27,15.84,15.92,725700.0,-0.33000000000000007
7.0,8.0,16.09,16.209999,16.059999,16.15,353300.0,0.05999999999999872
7.0,7.0,16.02,16.15,15.92,16.08,495700.0,0.05999999999999872
7.0,6.0,15.7,15.96,15.66,15.96,698300.0,0.26000000000000156
7.0,2.0,15.63,15.86,15.62,15.74,770500.0,0.10999999999999943
7.0,1.0,15.37,15.58,15.21,15.58,476000.0,0.21000000000000085
6.0,30.0,15.16,15.37,15.09,15.36,802000.0,0.1999999999999993
6.0,29.0,15.01,15.19,14.93,15.08,769000.0,0.07000000000000028
6.0,26.0,15.11,15.12,14.89,15.03,1571400.0,-0.08000000000000007
6.0,25.0,15.31,15.35,15.11,15.12,406900.0,-0.19000000000000128
6.0,24.0,15.47,15.5,15.29,15.31,386600.0,-0.16000000000000014
6.0,23.0,15.78,15.81,15.43,15.47,610400.0,-0.3099999999999987
6.0,22.0,15.91,15.99,15.8,15.81,423900.0,-0.09999999999999964
6.0,19.0,15.89,15.97,15.77,15.89,816000.0,0.0
6.0,18.0,15.83,16.120001,15.81,15.86,479100.0,0.02999999999999936
6.0,17.0,15.8,15.85,15.72,15.76,414400.0,-0.040000000000000924
6.0,16.0,15.68,15.89,15.52,15.76,520300.0,0.08000000000000007
6.0,15.0,15.97,16.09,15.64,15.65,555500.0,-0.3200000000000003
6.0,12.0,15.95,16.02,15.85,15.98,190000.0,0.030000000000001137
6.0,11.0,16.1,16.18,15.94,15.97,245500.0,-0.13000000000000078
6.0,10.0,16.040001,16.190001,15.98,16.049999,302900.0,0.009997999999999507
6.0,9.0,16.110001,16.139999,15.91,16.0,348100.0,-0.11000100000000046
6.0,8.0,16.09,16.190001,15.97,16.08,294500.0,-0.010000000000001563
6.0,5.0,16.190001,16.190001,16.01,16.09,338900.0,-0.1000009999999989
6.0,4.0,16.23,16.280001,16.17,16.209999,322700.0,-0.0200010000000006
6.0,3.0,16.219999,16.34,16.1,16.24,533600.0,0.02000099999999705
6.0,2.0,16.25,16.32,16.1,16.209999,274900.0,-0.040001000000000175
6.0,1.0,16.129999,16.33,16.049999,16.290001,684100.0,0.16000199999999865
5.0,29.0,16.209999,16.280001,16.0,16.059999,892700.0,-0.14999999999999858
5.0,28.0,16.52,16.6,16.190001,16.24,587900.0,-0.28000000000000114
5.0,27.0,16.559999,16.620001,16.41,16.559999,384400.0,0.0
5.0,26.0,16.48,16.59,16.34,16.5,291900.0,0.019999999999999574
5.0,22.0,16.66,16.66,16.459999,16.5,718700.0,-0.16000000000000014
5.0,21.0,16.75,16.83,16.51,16.610001,276800.0,-0.13999899999999954
5.0,20.0,16.75,16.84,16.629999,16.74,336000.0,-0.010000000000001563
5.0,19.0,16.68,16.76,16.540001,16.690001,364400.0,0.010000999999999038
5.0,18.0,16.57,16.75,16.5,16.67,310200.0,0.10000000000000142
5.0,15.0,16.610001,16.74,16.42,16.66,952100.0,0.04999899999999968
5.0,14.0,16.35,16.6,16.280001,16.59,319900.0,0.23999999999999844
5.0,13.0,16.540001,16.65,16.290001,16.299999,360900.0,-0.2400020000000005
5.0,12.0,16.299999,16.469999,16.030001,16.440001,451900.0,0.14000199999999907
5.0,11.0,16.6,16.73,16.33,16.43,429400.0,-0.1700000000000017
5.0,8.0,16.66,16.84,16.549999,16.59,413600.0,-0.07000000000000028
5.0,7.0,16.32,16.65,16.309999,16.549999,377800.0,0.2299989999999994
5.0,6.0,16.59,16.59,16.15,16.309999,651200.0,-0.2800009999999986
5.0,5.0,16.68,16.690001,16.4,16.530001,586400.0,-0.1499990000000011
5.0,4.0,16.68,16.790001,16.6,16.74,547200.0,0.05999999999999872
5.0,1.0,16.639999,16.969999,16.540001,16.610001,486200.0,-0.02999799999999908
4.0,30.0,16.9,16.99,16.459999,16.6,538800.0,-0.29999999999999716
4.0,29.0,17.459999,17.459999,16.950001,17.0,412900.0,-0.4599989999999998
4.0,28.0,17.549999,17.59,17.299999,17.57,271800.0,0.0200010000000006
4.0,27.0,17.610001,17.799999,17.48,17.549999,352400.0,-0.06000200000000078
4.0,24.0,17.5,17.700001,17.5,17.6,370200.0,0.10000000000000142
4.0,23.0,17.65,17.719999,17.4,17.52,313300.0,-0.129999999999999
4.0,22.0,17.610001,17.76,17.610001,17.65,598200.0,0.03999899999999812
4.0,21.0,17.299999,17.719999,17.290001,17.58,964100.0,0.2800009999999986
4.0,20.0,17.26,17.34,17.09,17.200001,406000.0,-0.059999000000001246
4.0,17.0,17.27,17.379999,17.049999,17.17,562200.0,-0.09999999999999787
4.0,16.0,17.16,17.43,17.049999,17.360001,574400.0,0.20000100000000032
4.0,15.0,17.219999,17.41,17.1,17.15,1172400.0,-0.06999900000000281
4.0,14.0,17.370001,17.48,17.32,17.360001,380400.0,-0.00999999999999801
4.0,13.0,17.5,17.540001,17.35,17.35,434800.0,-0.14999999999999858
4.0,10.0,17.73,17.84,17.5,17.530001,606100.0,-0.19999900000000181
4.0,9.0,17.92,17.950001,17.58,17.700001,1210100.0,-0.2199990000000014
4.0,8.0,17.75,17.9,17.700001,17.85,1252400.0,0.10000000000000142
4.0,7.0,17.690001,17.799999,17.52,17.610001,964800.0,-0.0799999999999983
4.0,6.0,17.690001,17.99,17.690001,17.719999,511700.0,0.029998000000002634
4.0,2.0,17.66,17.790001,17.540001,17.620001,357300.0,-0.03999900000000167
4.0,1.0,17.57,17.75,17.42,17.66,417900.0,0.08999999999999986
3.0,31.0,17.690001,17.790001,17.4,17.610001,682000.0,-0.0799999999999983
3.0,30.0,17.48,17.76,17.450001,17.700001,489000.0,0.2200009999999999
3.0,27.0,17.309999,17.469999,17.25,17.459999,371900.0,0.14999999999999858
3.0,26.0,17.27,17.469999,17.26,17.34,446800.0,0.07000000000000028
3.0,25.0,17.73,17.73,17.26,17.370001,822000.0,-0.35999900000000196
3.0,24.0,17.66,17.790001,17.6,17.690001,887000.0,0.030000999999998612
3.0,23.0,17.74,17.83,17.6,17.74,718300.0,0.0
3.0,20.0,17.32,17.809999,17.09,17.76,1071400.0,0.4400000000000013
3.0,19.0,16.959999,17.16,16.809999,17.110001,546000.0,0.15000200000000063
3.0,18.0,16.77,17.040001,16.629999,17.030001,505800.0,0.26000099999999904
3.0,17.0,16.790001,16.959999,16.719999,16.799999,482700.0,0.009997999999999507
3.0,16.0,16.57,16.82,16.5,16.799999,523800.0,0.2299989999999994
3.0,13.0,16.370001,16.629999,16.360001,16.559999,833700.0,0.18999800000000278
3.0,12.0,16.190001,16.450001,16.18,16.379999,391600.0,0.18999800000000278
3.0,11.0,16.139999,16.200001,15.9,16.09,431700.0,-0.04999899999999968
3.0,10.0,15.8,16.24,15.75,16.120001,871700.0,0.32000099999999776
3.0,9.0,15.86,16.01,15.8,15.89,347000.0,0.030000000000001137
3.0,6.0,16.389999,16.389999,15.67,15.87,959500.0,-0.5199990000000003
3.0,5.0,16.459999,16.5,16.360001,16.360001,307600.0,-0.09999799999999937
3.0,4.0,16.41,16.52,16.35,16.43,477400.0,0.019999999999999574
3.0,3.0,16.549999,16.6,16.35,16.35,396600.0,-0.19999899999999826
3.0,2.0,16.450001,16.780001,16.450001,16.6,319200.0,0.1499990000000011
2.0,27.0,16.440001,16.629999,16.379999,16.450001,412700.0,0.010000000000001563
2.0,26.0,16.440001,16.469999,16.379999,16.42,408200.0,-0.02000099999999705
2.0,25.0,16.4,16.620001,16.379999,16.4,554900.0,0.0
2.0,24.0,16.440001,16.51,16.280001,16.379999,311700.0,-0.060001999999997224
2.0,23.0,16.549999,16.68,16.450001,16.530001,459200.0,-0.01999800000000107
2.0,20.0,16.32,16.549999,16.280001,16.530001,388900.0,0.21000099999999833
2.0,19.0,16.52,16.57,16.25,16.389999,610200.0,-0.13000100000000003
2.0,18.0,16.530001,16.6,16.360001,16.58,501200.0,0.04999899999999968
2.0,17.0,16.870001,16.969999,16.42,16.5,663800.0,-0.37000099999999847
2.0,13.0,16.59,16.93,16.5,16.85,1122000.0,0.26000000000000156
2.0,12.0,16.41,16.620001,16.299999,16.610001,536000.0,0.20000100000000032
2.0,11.0,16.469999,16.559999,16.27,16.33,337300.0,-0.1399990000000031
2.0,10.0,16.530001,16.540001,16.219999,16.440001,701500.0,-0.08999999999999986
2.0,9.0,16.690001,16.799999,16.48,16.51,421600.0,-0.1800009999999972
2.0,6.0,17.0,17.0,16.690001,16.709999,900200.0,-0.2900010000000002
2.0,5.0,17.07,17.1,16.93,16.99,730000.0,-0.08000000000000185
2.0,4.0,17.15,17.15,16.790001,16.99,835300.0,-0.16000000000000014
2.0,3.0,17.24,17.34,17.07,17.25,498000.0,0.010000000000001563
2.0,2.0,17.76,17.76,17.08,17.24,778600.0,-0.5200000000000031
1.0,30.0,17.66,17.870001,17.26,17.639999,2673700.0,-0.0200010000000006
1.0,29.0,17.700001,17.92,17.57,17.74,759600.0,0.03999899999999812
1.0,28.0,17.93,18.120001,17.58,17.67,759000.0,-0.259999999999998
1.0,27.0,17.23,17.98,17.23,17.85,1392000.0,0.620000000000001
1.0,26.0,17.030001,17.290001,16.950001,17.290001,471100.0,0.26000000000000156
1.0,23.0,17.200001,17.209999,16.92,16.98,1158900.0,-0.2200009999999999
1.0,22.0,16.940001,17.32,16.870001,17.15,824200.0,0.20999899999999982
1.0,21.0,16.74,16.98,16.74,16.93,621800.0,0.19000000000000128
1.0,20.0,17.049999,17.1,16.969999,17.040001,1230300.0,-0.009997999999999507
1.0,16.0,16.780001,17.030001,16.780001,16.99,1092600.0,0.20999899999999982
1.0,15.0,16.68,16.940001,16.629999,16.84,7840400.0,0.16000000000000014
1.0,14.0,16.52,16.83,16.280001,16.639999,922800.0,0.11999899999999997
1.0,13.0,17.25,17.379999,16.85,16.9,313900.0,-0.3500000000000014
1.0,12.0,17.15,17.34,17.1,17.24,245100.0,0.08999999999999986
1.0,9.0,17.07,17.25,16.9,17.1,260400.0,0.030000000000001137
1.0,8.0,17.209999,17.209999,16.879999,17.0,383300.0,-0.20999899999999982
1.0,7.0,17.040001,17.16,16.940001,17.16,1111600.0,0.11999899999999997
1.0,6.0,16.99,17.24,16.879999,16.92,873700.0,-0.06999999999999673
1.0,5.0,16.690001,17.0,16.690001,16.91,256900.0,0.2199990000000014
1.0,2.0,16.65,16.75,16.200001,16.75,366400.0,0.10000000000000142
12.0,31.0,16.74,16.940001,16.58,16.6,246800.0,-0.13999999999999702
12.0,30.0,16.709999,16.879999,16.559999,16.67,202700.0,-0.03999899999999812
12.0,29.0,16.780001,16.969999,16.780001,16.790001,176900.0,0.010000000000001563
12.0,26.0,16.74,16.91,16.68,16.790001,200300.0,0.05000100000000174
12.0,24.0,16.639999,16.74,16.58,16.67,110900.0,0.030001000000002165
12.0,23.0,16.83,16.870001,16.629999,16.67,272000.0,-0.1599999999999966
12.0,22.0,16.49,16.860001,16.49,16.83,361700.0,0.33999999999999986
12.0,19.0,16.440001,16.68,16.42,16.49,1959600.0,0.04999899999999968
12.0,18.0,16.299999,16.48,16.16,16.42,883100.0,0.12000100000000202
12.0,17.0,15.68,16.26,15.66,16.200001,831400.0,0.5200010000000006
12.0,16.0,15.6,15.86,15.52,15.71,416800.0,0.11000000000000121
12.0,15.0,15.79,15.91,15.55,15.65,370800.0,-0.1399999999999988
12.0,12.0,15.54,15.83,15.54,15.68,324800.0,0.14000000000000057
12.0,11.0,15.72,15.94,15.6,15.69,276000.0,-0.030000000000001137
12.0,10.0,15.65,15.91,15.63,15.64,446000.0,-0.009999999999999787
12.0,9.0,15.57,15.74,15.55,15.67,449800.0,0.09999999999999964
12.0,8.0,15.57,15.73,15.57,15.72,424200.0,0.15000000000000036
12.0,5.0,15.57,15.66,15.53,15.6,452200.0,0.02999999999999936
12.0,4.0,15.46,15.71,15.36,15.57,428300.0,0.10999999999999943
12.0,3.0,15.41,15.52,15.38,15.46,432300.0,0.05000000000000071
12.0,2.0,15.24,15.5,15.22,15.44,482900.0,0.1999999999999993
12.0,1.0,15.48,15.6,15.2,15.23,383100.0,-0.25
11.0,28.0,15.6,15.75,15.46,15.46,296900.0,-0.1399999999999988
11.0,26.0,15.45,15.59,15.37,15.53,571000.0,0.08000000000000007
11.0,25.0,15.52,15.59,15.38,15.4,5125000.0,-0.11999999999999922
11.0,24.0,15.41,15.63,15.36,15.44,1357500.0,0.02999999999999936
11.0,21.0,15.64,15.71,15.4,15.4,476000.0,-0.2400000000000002
11.0,20.0,15.41,15.58,15.4,15.53,265700.0,0.11999999999999922
11.0,19.0,15.88,15.88,15.42,15.42,385900.0,-0.46000000000000085
11.0,18.0,15.67,15.95,15.64,15.88,394200.0,0.21000000000000085
11.0,17.0,15.97,16.1,15.68,15.68,485500.0,-0.2900000000000009
11.0,14.0,15.75,16.01,15.69,15.96,523000.0,0.21000000000000085
11.0,13.0,15.41,15.86,15.37,15.69,1023700.0,0.27999999999999936
11.0,12.0,15.33,15.51,15.2,15.31,774500.0,-0.019999999999999574
11.0,11.0,15.41,15.45,15.16,15.34,333500.0,-0.07000000000000028
11.0,10.0,15.44,15.54,15.17,15.46,540800.0,0.02000000000000135
11.0,7.0,15.62,15.79,15.32,15.47,958600.0,-0.14999999999999858
11.0,6.0,15.37,15.51,15.34,15.5,437100.0,0.13000000000000078
11.0,5.0,15.41,15.73,15.25,15.33,192700.0,-0.08000000000000007
11.0,4.0,15.45,15.5,15.3,15.4,245500.0,-0.049999999999998934
11.0,3.0,15.31,15.5,15.31,15.49,328900.0,0.17999999999999972
10.0,31.0,15.15,15.39,15.08,15.34,581400.0,0.1899999999999995
10.0,30.0,14.96,15.02,14.89,15.0,362100.0,0.03999999999999915
10.0,29.0,14.98,15.09,14.8,14.94,335700.0,-0.040000000000000924
10.0,28.0,15.0,15.04,14.94,14.98,452800.0,-0.019999999999999574
10.0,27.0,14.88,15.05,14.85,14.98,576700.0,0.09999999999999964
10.0,24.0,14.9,14.9,14.73,14.87,618200.0,-0.030000000000001137
10.0,23.0,14.48,14.76,14.43,14.76,608600.0,0.27999999999999936
10.0,22.0,14.43,14.51,14.29,14.43,149800.0,0.0
10.0,21.0,14.39,14.48,14.3,14.4,426200.0,0.009999999999999787
10.0,20.0,14.2,14.35,14.2,14.34,246900.0,0.14000000000000057
10.0,17.0,14.42,14.42,14.04,14.23,324000.0,-0.1899999999999995
10.0,16.0,13.94,14.4,13.87,14.33,619300.0,0.39000000000000057
10.0,15.0,13.84,14.09,13.68,14.0,478500.0,0.16000000000000014
10.0,14.0,13.95,14.31,13.92,14.19,491400.0,0.2400000000000002
10.0,13.0,13.74,14.05,13.71,13.91,262400.0,0.16999999999999993
10.0,10.0,13.9,14.24,13.78,13.79,263700.0,-0.11000000000000121
10.0,9.0,14.07,14.16,13.87,13.98,312300.0,-0.08999999999999986
10.0,8.0,13.69,14.08,13.68,14.07,504800.0,0.3800000000000008
10.0,7.0,13.87,14.01,13.68,13.7,684900.0,-0.16999999999999993
10.0,6.0,13.77,13.95,13.71,13.89,505600.0,0.120000000000001
10.0,3.0,13.91,13.97,13.72,13.76,259100.0,-0.15000000000000036
10.0,2.0,13.81,13.94,13.56,13.78,288100.0,-0.030000000000001137
10.0,1.0,13.77,13.84,13.69,13.79,379300.0,0.019999999999999574
9.0,30.0,13.9,13.92,13.69,13.72,1133500.0,-0.17999999999999972
9.0,29.0,13.98,14.03,13.8,13.88,495300.0,-0.09999999999999964
9.0,26.0,13.75,14.1,13.61,14.05,706100.0,0.3000000000000007
9.0,25.0,13.75,13.79,13.51,13.74,379300.0,-0.009999999999999787
9.0,24.0,13.75,13.94,13.66,13.76,335400.0,0.009999999999999787
9.0,23.0,13.8,13.92,13.71,13.76,491700.0,-0.040000000000000924
9.0,22.0,13.87,13.94,13.77,13.81,250700.0,-0.05999999999999872
9.0,19.0,13.83,13.95,13.67,13.89,481500.0,0.0600000000000005
9.0,18.0,13.85,13.97,13.78,13.81,218700.0,-0.03999999999999915
9.0,17.0,13.92,14.02,13.77,13.84,440600.0,-0.08000000000000007
9.0,16.0,13.78,13.98,13.77,13.92,444000.0,0.14000000000000057
9.0,15.0,14.02,14.03,13.66,13.83,441400.0,-0.1899999999999995
9.0,12.0,14.27,14.32,13.96,14.0,855200.0,-0.2699999999999996
9.0,11.0,14.2,14.34,14.2,14.23,359300.0,0.030000000000001137
9.0,10.0,14.26,14.4,14.19,14.25,802700.0,-0.009999999999999787
9.0,9.0,14.18,14.49,14.18,14.28,2478700.0,0.09999999999999964
9.0,8.0,14.47,14.6,14.4,14.57,144300.0,0.09999999999999964
9.0,5.0,14.35,14.56,14.35,14.47,101500.0,0.120000000000001
9.0,4.0,14.56,14.56,14.37,14.38,113300.0,-0.17999999999999972
9.0,3.0,14.84,14.91,14.53,14.56,99400.0,-0.27999999999999936
9.0,2.0,14.86,15.0,14.75,14.81,139800.0,-0.049999999999998934
8.0,29.0,14.67,14.86,14.62,14.81,107700.0,0.14000000000000057
8.0,28.0,14.72,14.77,14.56,14.66,132800.0,-0.0600000000000005
8.0,27.0,14.73,14.86,14.61,14.74,282100.0,0.009999999999999787
8.0,26.0,14.87,14.88,14.67,14.75,248800.0,-0.11999999999999922
8.0,25.0,14.74,14.93,14.69,14.9,303300.0,0.16000000000000014
8.0,22.0,14.58,14.8,14.55,14.7,208600.0,0.11999999999999922
8.0,21.0,14.56,14.67,14.48,14.52,109800.0,-0.040000000000000924
8.0,20.0,14.34,14.6,14.26,14.59,146000.0,0.25
8.0,19.0,14.47,14.53,14.31,14.38,127700.0,-0.08999999999999986
8.0,18.0,14.53,14.56,14.4,14.44,175500.0,-0.08999999999999986
8.0,15.0,14.49,14.5,14.26,14.42,197800.0,-0.07000000000000028
8.0,14.0,14.16,14.36,14.1,14.36,160500.0,0.1999999999999993
8.0,13.0,14.16,14.39,14.16,14.17,193500.0,0.009999999999999787
8.0,12.0,14.28,14.35,14.11,14.34,274300.0,0.0600000000000005
8.0,11.0,14.45,14.62,14.34,14.34,166000.0,-0.10999999999999943
8.0,8.0,14.27,14.38,14.23,14.34,96500.0,0.07000000000000028
8.0,7.0,14.33,14.41,14.19,14.3,155100.0,-0.02999999999999936
8.0,6.0,14.1,14.38,14.08,14.33,197800.0,0.23000000000000043
8.0,5.0,14.09,14.15,13.99,14.1,126900.0,0.009999999999999787
8.0,4.0,14.14,14.26,14.0,14.07,239500.0,-0.07000000000000028
8.0,1.0,14.16,14.25,14.02,14.12,146900.0,-0.040000000000000924
7.0,31.0,13.98,14.13,13.9,14.08,241100.0,0.09999999999999964
7.0,30.0,14.24,14.27,13.93,14.08,166200.0,-0.16000000000000014
7.0,29.0,14.45,14.5,14.13,14.14,208300.0,-0.3099999999999987
7.0,28.0,14.23,14.45,14.15,14.43,248400.0,0.1999999999999993
7.0,25.0,14.41,14.5,14.15,14.15,267100.0,-0.2599999999999998
7.0,24.0,14.65,14.65,14.45,14.49,218400.0,-0.16000000000000014
7.0,23.0,14.67,14.69,14.55,14.59,244400.0,-0.08000000000000007
7.0,22.0,14.76,14.77,14.59,14.63,178900.0,-0.129999999999999
7.0,21.0,14.66,14.75,14.6,14.72,153600.0,0.0600000000000005
7.0,18.0,14.29,14.69,14.29,14.68,150100.0,0.39000000000000057
7.0,17.0,14.21,14.4,14.16,14.34,289100.0,0.129999999999999
7.0,16.0,14.24,14.29,14.11,14.22,186600.0,-0.019999999999999574
7.0,15.0,14.36,14.47,14.2,14.4,366200.0,0.040000000000000924
7.0,14.0,14.45,14.5,14.32,14.4,436400.0,-0.049999999999998934
7.0,11.0,14.48,14.48,14.25,14.35,595300.0,-0.13000000000000078
7.0,10.0,14.49,14.63,14.38,14.44,360200.0,-0.05000000000000071
7.0,9.0,14.3,14.63,14.14,14.62,595500.0,0.3199999999999985
7.0,8.0,14.15,14.35,14.1,14.2,310700.0,0.049999999999998934
7.0,7.0,14.31,14.35,14.08,14.13,220400.0,-0.17999999999999972
7.0,3.0,14.42,14.46,14.21,14.26,99900.0,-0.16000000000000014
7.0,2.0,14.56,14.57,14.3,14.4,241600.0,-0.16000000000000014
7.0,1.0,14.42,14.57,14.4,14.49,184500.0,0.07000000000000028
6.0,30.0,14.47,14.57,14.27,14.39,249000.0,-0.08000000000000007
6.0,27.0,14.26,14.5,14.25,14.5,801500.0,0.2400000000000002
6.0,26.0,14.19,14.27,14.13,14.24,116500.0,0.05000000000000071
6.0,25.0,14.17,14.23,14.04,14.17,130400.0,0.0
6.0,24.0,14.16,14.37,14.12,14.19,145600.0,0.02999999999999936
6.0,23.0,14.43,14.45,14.18,14.2,134500.0,-0.23000000000000043
6.0,20.0,14.26,14.45,14.17,14.42,443600.0,0.16000000000000014
6.0,19.0,14.23,14.25,14.11,14.2,278400.0,-0.030000000000001137
6.0,18.0,14.21,14.21,14.01,14.18,120900.0,-0.030000000000001137
6.0,17.0,14.23,14.27,14.05,14.18,179300.0,-0.05000000000000071
6.0,16.0,14.27,14.3,14.16,14.19,235600.0,-0.08000000000000007
6.0,13.0,14.24,14.33,14.14,14.25,231100.0,0.009999999999999787
6.0,12.0,14.2,14.29,14.04,14.2,212700.0,0.0
6.0,11.0,14.11,14.19,14.02,14.19,181400.0,0.08000000000000007
6.0,10.0,14.35,14.35,14.09,14.14,180000.0,-0.20999999999999908
6.0,9.0,14.44,14.5,14.25,14.32,250800.0,-0.11999999999999922
6.0,6.0,14.61,14.63,14.34,14.4,309000.0,-0.20999999999999908
6.0,5.0,14.32,14.54,14.25,14.52,350600.0,0.1999999999999993
6.0,4.0,14.1,14.34,14.09,14.25,548300.0,0.15000000000000036
6.0,3.0,13.85,14.03,13.69,13.98,505900.0,0.13000000000000078
6.0,2.0,13.98,13.99,13.6,13.86,372000.0,-0.120000000000001
5.0,30.0,13.51,14.0,13.36,13.81,1340000.0,0.3000000000000007
5.0,29.0,13.54,13.75,13.44,13.47,494300.0,-0.06999999999999851
5.0,28.0,13.31,13.6,13.18,13.42,681100.0,0.10999999999999943
5.0,27.0,13.07,13.39,13.06,13.38,519800.0,0.3100000000000005
5.0,23.0,12.91,13.08,12.9,12.99,565500.0,0.08000000000000007
5.0,22.0,12.82,12.97,12.81,12.84,786100.0,0.019999999999999574
5.0,21.0,12.92,13.1,12.74,12.76,2666400.0,-0.16000000000000014
5.0,20.0,12.65,12.85,12.39,12.58,419000.0,-0.07000000000000028
5.0,19.0,12.95,12.99,12.87,12.95,52900.0,0.0
5.0,16.0,12.86,12.95,12.8,12.95,82000.0,0.08999999999999986
5.0,15.0,12.93,13.0,12.8,12.89,113900.0,-0.03999999999999915
5.0,14.0,12.96,13.04,12.9,12.98,123500.0,0.019999999999999574
5.0,13.0,13.09,13.1,12.93,12.95,159800.0,-0.14000000000000057
5.0,12.0,13.35,13.35,13.04,13.08,117800.0,-0.2699999999999996
5.0,9.0,13.04,13.29,13.02,13.29,180200.0,0.25
5.0,8.0,13.05,13.31,12.98,13.02,252500.0,-0.030000000000001137
5.0,7.0,13.65,13.65,12.84,12.98,456500.0,-0.6699999999999999
5.0,6.0,13.7,13.84,13.62,13.75,103500.0,0.05000000000000071
5.0,5.0,13.77,13.84,13.68,13.72,84100.0,-0.049999999999998934
5.0,2.0,13.55,13.9,13.55,13.8,70400.0,0.25
5.0,1.0,13.79,13.79,13.48,13.55,112700.0,-0.23999999999999844
4.0,30.0,13.75,13.79,13.54,13.72,70100.0,-0.02999999999999936
4.0,29.0,13.84,13.89,13.75,13.77,125400.0,-0.07000000000000028
4.0,28.0,13.51,13.9,13.45,13.74,139900.0,0.23000000000000043
4.0,25.0,13.4,13.49,13.33,13.4,64300.0,0.0
4.0,24.0,13.36,13.42,13.31,13.38,30400.0,0.02000000000000135
4.0,23.0,13.53,13.54,13.3,13.32,56800.0,-0.20999999999999908
4.0,22.0,13.6,13.63,13.5,13.52,36400.0,-0.08000000000000007
4.0,21.0,13.43,13.63,13.36,13.62,41700.0,0.1899999999999995
4.0,17.0,13.43,13.54,13.35,13.38,66900.0,-0.049999999999998934
4.0,16.0,13.35,13.54,13.33,13.46,124500.0,0.11000000000000121
4.0,15.0,13.31,13.32,13.05,13.24,78200.0,-0.07000000000000028
4.0,14.0,13.41,13.41,13.21,13.31,75600.0,-0.09999999999999964
4.0,11.0,13.15,13.39,12.77,13.28,75200.0,0.129999999999999
4.0,10.0,13.53,13.66,13.2,13.29,127800.0,-0.2400000000000002
4.0,9.0,13.36,13.63,13.29,13.49,160100.0,0.13000000000000078
4.0,8.0,13.67,13.74,13.5,13.59,143300.0,-0.08000000000000007
4.0,7.0,13.58,13.67,13.53,13.6,62300.0,0.019999999999999574
4.0,4.0,13.83,13.87,13.61,13.63,132900.0,-0.1999999999999993
4.0,3.0,13.95,13.95,13.65,13.72,91700.0,-0.22999999999999865
4.0,2.0,13.87,13.95,13.79,13.94,64400.0,0.07000000000000028
4.0,1.0,14.0,14.0,13.7,13.84,52200.0,-0.16000000000000014
3.0,31.0,13.75,14.0,13.7,13.92,164800.0,0.16999999999999993
3.0,28.0,13.53,13.95,13.53,13.64,164800.0,0.11000000000000121
3.0,27.0,13.42,13.62,13.32,13.51,145900.0,0.08999999999999986
3.0,26.0,13.78,13.78,13.4,13.47,105900.0,-0.3099999999999987
3.0,25.0,13.57,13.75,13.51,13.7,152600.0,0.129999999999999
3.0,24.0,13.4,13.65,13.27,13.55,72700.0,0.15000000000000036
3.0,21.0,13.26,13.4,13.22,13.37,89100.0,0.10999999999999943
3.0,20.0,13.29,13.3,13.07,13.25,61000.0,-0.03999999999999915
3.0,19.0,13.22,13.65,13.21,13.27,134800.0,0.049999999999998934
3.0,18.0,13.22,13.25,13.13,13.25,84100.0,0.02999999999999936
3.0,17.0,13.25,13.25,13.12,13.22,71300.0,-0.02999999999999936
3.0,14.0,13.15,13.36,13.13,13.15,46600.0,0.0
3.0,13.0,13.46,13.49,13.11,13.22,99200.0,-0.2400000000000002
3.0,12.0,13.25,13.5,13.25,13.38,142800.0,0.13000000000000078
3.0,11.0,13.1,13.43,13.1,13.25,127400.0,0.15000000000000036
3.0,10.0,13.19,13.23,13.0,13.1,91700.0,-0.08999999999999986
3.0,7.0,13.42,13.42,13.15,13.25,65000.0,-0.16999999999999993
3.0,6.0,13.63,13.63,13.32,13.39,138000.0,-0.2400000000000002
3.0,5.0,13.76,13.88,13.5,13.64,114900.0,-0.11999999999999922
3.0,4.0,13.47,13.94,13.47,13.81,228800.0,0.33999999999999986
3.0,3.0,13.35,13.47,13.28,13.47,108300.0,0.120000000000001
2.0,28.0,13.4,13.44,13.3,13.39,192400.0,-0.009999999999999787
2.0,27.0,13.3,13.43,13.27,13.37,89000.0,0.06999999999999851
2.0,26.0,13.22,13.45,13.2,13.39,96100.0,0.16999999999999993
2.0,25.0,13.38,13.38,13.16,13.24,78500.0,-0.14000000000000057
2.0,24.0,13.05,13.44,13.04,13.32,160600.0,0.2699999999999996
2.0,21.0,12.99,13.05,12.9,13.02,122100.0,0.02999999999999936
2.0,20.0,12.95,13.02,12.82,12.96,65400.0,0.010000000000001563
2.0,19.0,12.87,13.12,12.8,12.88,113500.0,0.010000000000001563
2.0,18.0,12.77,13.0,12.68,12.87,95100.0,0.09999999999999964
2.0,14.0,12.7,12.77,12.61,12.71,37000.0,0.010000000000001563
2.0,13.0,12.71,12.91,12.54,12.68,110800.0,-0.030000000000001137
2.0,12.0,12.83,12.83,12.67,12.74,106100.0,-0.08999999999999986
2.0,11.0,12.8,12.93,12.66,12.76,78300.0,-0.040000000000000924
2.0,10.0,12.5,12.77,12.45,12.75,84500.0,0.25
2.0,7.0,12.54,12.56,12.34,12.46,90700.0,-0.0799999999999983
2.0,6.0,12.15,12.46,12.15,12.42,69700.0,0.2699999999999996
2.0,5.0,12.2,12.29,12.03,12.14,84100.0,-0.05999999999999872
2.0,4.0,12.15,12.37,12.0,12.29,66800.0,0.1399999999999988
2.0,3.0,12.35,12.35,11.99,12.09,141600.0,-0.2599999999999998
1.0,31.0,12.31,12.43,12.2,12.39,114700.0,0.08000000000000007
1.0,30.0,12.41,12.5,12.33,12.36,72600.0,-0.05000000000000071
1.0,29.0,12.48,12.58,12.13,12.33,55200.0,-0.15000000000000036
1.0,28.0,12.47,12.66,12.45,12.54,102500.0,0.06999999999999851
1.0,27.0,12.58,12.58,12.27,12.42,95100.0,-0.16000000000000014
1.0,24.0,12.68,12.7,12.43,12.5,129100.0,-0.17999999999999972
1.0,23.0,12.5,12.7,12.46,12.68,147900.0,0.17999999999999972
1.0,22.0,12.8,12.85,12.49,12.55,173800.0,-0.25
1.0,21.0,13.13,13.13,12.98,13.1,155100.0,-0.030000000000001137
1.0,17.0,13.13,13.3,12.9,13.0,109100.0,-0.13000000000000078
1.0,16.0,13.15,13.3,13.1,13.15,132900.0,0.0
1.0,15.0,13.08,13.25,13.02,13.13,141600.0,0.05000000000000071
1.0,14.0,12.91,13.04,12.83,13.0,138100.0,0.08999999999999986
1.0,13.0,12.87,12.9,12.75,12.84,181600.0,-0.02999999999999936
1.0,10.0,12.83,12.89,12.79,12.85,115400.0,0.019999999999999574
1.0,9.0,12.91,12.91,12.61,12.8,178300.0,-0.10999999999999943
1.0,8.0,12.96,13.08,12.78,12.84,236700.0,-0.120000000000001
1.0,7.0,12.94,12.99,12.76,12.88,176200.0,-0.05999999999999872
1.0,6.0,13.06,13.18,12.7,12.78,174100.0,-0.28000000000000114
1.0,3.0,12.56,12.96,12.5,12.84,157100.0,0.27999999999999936
1.0,2.0,12.68,12.68,12.44,12.57,81100.0,-0.10999999999999943
12.0,31.0,12.53,12.77,12.46,12.74,140700.0,0.21000000000000085
12.0,30.0,12.64,12.75,12.42,12.46,127800.0,-0.17999999999999972
12.0,27.0,12.75,12.8,12.45,12.68,138500.0,-0.07000000000000028
12.0,26.0,12.7,12.84,12.65,12.7,149500.0,0.0
12.0,24.0,12.8,12.81,12.66,12.71,85000.0,-0.08999999999999986
12.0,23.0,12.6,12.86,12.58,12.8,143600.0,0.20000000000000107
12.0,20.0,12.35,12.7,12.27,12.7,1263100.0,0.34999999999999964
12.0,19.0,12.35,12.45,12.25,12.41,158100.0,0.0600000000000005
12.0,18.0,12.0,12.42,11.96,12.33,328100.0,0.33000000000000007
12.0,17.0,11.95,12.14,11.71,12.0,196600.0,0.05000000000000071
12.0,16.0,11.62,12.16,11.45,11.95,250500.0,0.33000000000000007
12.0,13.0,11.64,11.7,11.43,11.56,182100.0,-0.08000000000000007
12.0,12.0,11.7,11.7,11.59,11.6,144800.0,-0.09999999999999964
12.0,11.0,11.62,11.78,11.5,11.67,180300.0,0.05000000000000071
12.0,10.0,11.66,11.74,11.59,11.64,256200.0,-0.019999999999999574
12.0,9.0,11.7,11.81,11.6,11.62,436200.0,-0.08000000000000007
12.0,6.0,11.46,11.7,11.11,11.68,1698000.0,0.21999999999999886
12.0,5.0,11.25,11.56,11.25,11.51,338900.0,0.2599999999999998
12.0,4.0,11.15,11.34,11.05,11.26,247300.0,0.10999999999999943
12.0,3.0,11.35,11.35,11.16,11.24,139400.0,-0.10999999999999943
12.0,2.0,11.89,11.9,11.36,11.46,142700.0,-0.4299999999999997
11.0,29.0,12.05,12.05,11.93,11.95,11700.0,-0.10000000000000142
11.0,27.0,12.0,12.1,11.95,11.98,44300.0,-0.019999999999999574
11.0,26.0,12.07,12.1,11.88,11.96,92600.0,-0.10999999999999943
11.0,25.0,12.08,12.08,11.95,12.02,28800.0,-0.0600000000000005
11.0,22.0,12.15,12.17,11.9,12.06,30700.0,-0.08999999999999986
11.0,21.0,12.12,12.23,12.08,12.13,60100.0,0.010000000000001563
11.0,20.0,12.25,12.25,11.89,12.09,66100.0,-0.16000000000000014
11.0,19.0,12.26,12.33,12.0,12.23,41400.0,-0.02999999999999936
11.0,18.0,12.33,12.35,12.12,12.23,47200.0,-0.09999999999999964
11.0,15.0,12.39,12.4,12.25,12.32,45200.0,-0.07000000000000028
11.0,14.0,12.45,12.45,12.35,12.38,21100.0,-0.06999999999999851
11.0,13.0,12.55,12.58,12.33,12.45,81400.0,-0.10000000000000142
11.0,12.0,12.45,12.84,12.25,12.69,36000.0,0.2400000000000002
11.0,11.0,12.19,12.61,12.19,12.45,46800.0,0.2599999999999998
11.0,8.0,12.21,12.25,12.1,12.19,42500.0,-0.02000000000000135
11.0,7.0,12.66,12.66,12.21,12.21,40700.0,-0.4499999999999993
11.0,6.0,12.7,12.71,12.45,12.59,56300.0,-0.10999999999999943
11.0,5.0,12.76,12.8,12.62,12.71,37200.0,-0.049999999999998934
11.0,4.0,12.45,12.85,12.45,12.78,42600.0,0.33000000000000007
11.0,1.0,12.63,12.64,12.36,12.45,42600.0,-0.1800000000000015
10.0,31.0,12.6,12.71,12.33,12.56,98500.0,-0.03999999999999915
10.0,30.0,12.84,12.84,12.42,12.56,56000.0,-0.27999999999999936
10.0,29.0,12.75,12.8,12.74,12.8,32000.0,0.05000000000000071
10.0,28.0,12.85,12.85,12.75,12.77,18800.0,-0.08000000000000007
10.0,25.0,12.8,12.82,12.7,12.82,32300.0,0.019999999999999574
10.0,24.0,12.8,12.85,12.7,12.76,43200.0,-0.040000000000000924
10.0,23.0,12.8,12.82,12.77,12.8,54900.0,0.0
10.0,22.0,12.81,12.85,12.71,12.8,55500.0,-0.009999999999999787
10.0,21.0,12.85,12.86,12.73,12.8,62600.0,-0.049999999999998934
10.0,18.0,12.94,12.96,12.76,12.8,78300.0,-0.1399999999999988
10.0,17.0,12.78,12.93,12.75,12.87,81500.0,0.08999999999999986
10.0,16.0,12.73,12.88,12.65,12.81,73600.0,0.08000000000000007
10.0,15.0,12.85,12.93,12.76,12.88,82300.0,0.030000000000001137
10.0,14.0,12.7,13.0,12.7,12.85,100400.0,0.15000000000000036
10.0,11.0,12.75,12.86,12.43,12.76,87700.0,0.009999999999999787
10.0,10.0,12.59,12.9,12.41,12.76,80200.0,0.16999999999999993
10.0,9.0,12.37,12.6,12.37,12.48,87600.0,0.11000000000000121
10.0,8.0,12.51,12.51,12.23,12.31,66500.0,-0.1999999999999993
10.0,7.0,12.42,12.6,12.13,12.49,55700.0,0.07000000000000028
10.0,4.0,12.38,12.67,12.38,12.49,46500.0,0.10999999999999943
10.0,3.0,12.56,12.56,12.24,12.41,93200.0,-0.15000000000000036
10.0,2.0,12.58,12.74,12.33,12.64,175100.0,0.0600000000000005
10.0,1.0,12.18,12.74,12.13,12.38,126300.0,0.20000000000000107
9.0,30.0,12.05,12.58,11.8,12.12,672100.0,0.06999999999999851
9.0,27.0,12.09,12.1,12.0,12.07,56000.0,-0.019999999999999574
9.0,26.0,12.17,12.4,11.99,12.1,144900.0,-0.07000000000000028
9.0,25.0,12.0,12.3,11.95,12.07,104300.0,0.07000000000000028
9.0,24.0,11.96,12.08,11.9,11.99,77400.0,0.02999999999999936
9.0,23.0,12.05,12.25,11.9,12.02,121900.0,-0.030000000000001137
9.0,20.0,12.29,12.74,11.92,11.98,196100.0,-0.3099999999999987
9.0,19.0,12.36,12.36,12.05,12.27,81400.0,-0.08999999999999986
9.0,18.0,12.18,12.27,11.91,12.22,74100.0,0.040000000000000924
9.0,17.0,11.9,12.39,11.9,12.22,84500.0,0.3200000000000003
9.0,16.0,11.85,12.06,11.56,11.94,105000.0,0.08999999999999986
9.0,13.0,11.69,11.85,11.57,11.85,47500.0,0.16000000000000014
9.0,12.0,11.65,11.7,11.56,11.67,65400.0,0.019999999999999574
9.0,11.0,11.7,11.7,11.53,11.66,25100.0,-0.03999999999999915
9.0,10.0,11.72,11.72,11.51,11.69,37600.0,-0.030000000000001137
9.0,9.0,11.5,11.71,11.49,11.67,47000.0,0.16999999999999993
9.0,6.0,11.69,11.69,11.44,11.49,9900.0,-0.1999999999999993
9.0,5.0,11.59,11.6,11.5,11.54,15700.0,-0.05000000000000071
9.0,4.0,11.6,11.69,11.46,11.64,18800.0,0.040000000000000924
9.0,3.0,11.31,11.6,11.19,11.51,36000.0,0.1999999999999993
8.0,30.0,11.25,11.3,11.05,11.26,44500.0,0.009999999999999787
8.0,29.0,11.55,11.55,11.1,11.22,24400.0,-0.33000000000000007
8.0,28.0,11.45,11.55,11.45,11.5,25400.0,0.05000000000000071
8.0,27.0,11.39,11.45,11.0,11.43,36900.0,0.03999999999999915
8.0,26.0,11.49,11.5,11.34,11.36,21700.0,-0.13000000000000078
8.0,23.0,11.57,11.57,11.4,11.47,13300.0,-0.09999999999999964
8.0,22.0,11.53,11.6,11.35,11.51,21300.0,-0.019999999999999574
8.0,21.0,11.57,11.65,11.5,11.56,26400.0,-0.009999999999999787
8.0,20.0,11.43,11.66,11.43,11.5,22700.0,0.07000000000000028
8.0,19.0,11.53,11.56,11.29,11.46,48700.0,-0.06999999999999851
8.0,16.0,11.72,11.81,11.43,11.49,128000.0,-0.23000000000000043
8.0,15.0,11.61,11.85,11.44,11.79,106000.0,0.17999999999999972
8.0,14.0,11.62,11.75,11.61,11.73,44700.0,0.11000000000000121
8.0,13.0,11.63,11.75,11.63,11.67,75100.0,0.03999999999999915
8.0,12.0,11.55,11.65,11.5,11.62,82500.0,0.06999999999999851
8.0,9.0,11.64,11.65,11.53,11.56,28500.0,-0.08000000000000007
8.0,8.0,11.63,11.65,11.57,11.6,47200.0,-0.030000000000001137
8.0,7.0,11.45,11.63,11.42,11.45,59200.0,0.0
8.0,6.0,11.52,11.61,11.23,11.6,35300.0,0.08000000000000007
8.0,5.0,11.62,11.63,11.53,11.63,66900.0,0.010000000000001563
8.0,2.0,11.6,11.6,11.55,11.55,56600.0,-0.049999999999998934
8.0,1.0,11.5,11.65,11.5,11.6,47200.0,0.09999999999999964
7.0,31.0,11.53,11.55,11.5,11.5,97300.0,-0.02999999999999936
7.0,30.0,11.61,11.61,11.52,11.53,29700.0,-0.08000000000000007
7.0,29.0,11.58,11.6,11.55,11.58,12200.0,0.0
7.0,26.0,11.67,11.68,11.5,11.5,120300.0,-0.16999999999999993
7.0,25.0,11.71,11.71,11.6,11.64,18500.0,-0.07000000000000028
7.0,24.0,11.7,11.8,11.62,11.65,28900.0,-0.049999999999998934
7.0,23.0,11.73,11.78,11.65,11.75,61900.0,0.019999999999999574
7.0,22.0,11.55,11.74,11.53,11.62,299400.0,0.06999999999999851
7.0,19.0,11.5,11.67,11.5,11.5,1628200.0,0.0
