9.0,25.0,0.58,0.58,0.57,0.57,36600.0,-0.010000000000000009
9.0,24.0,0.56,0.58,0.56,0.58,37700.0,0.019999999999999907
9.0,23.0,0.57,0.58,0.55,0.56,26900.0,-0.009999999999999898
9.0,22.0,0.56,0.57,0.54,0.55,40900.0,-0.010000000000000009
9.0,21.0,0.6,0.6,0.58,0.58,58500.0,-0.020000000000000018
9.0,18.0,0.62,0.62,0.58,0.59,110500.0,-0.030000000000000027
9.0,17.0,0.6,0.61,0.6,0.6,89500.0,0.0
9.0,16.0,0.57,0.6,0.57,0.6,42900.0,0.030000000000000027
9.0,15.0,0.6,0.65,0.55,0.57,161900.0,-0.030000000000000027
9.0,14.0,0.64,0.65,0.63,0.63,86400.0,-0.010000000000000009
9.0,11.0,0.64,0.65,0.62,0.65,294200.0,0.010000000000000009
9.0,10.0,0.62,0.65,0.62,0.64,215600.0,0.020000000000000018
9.0,9.0,0.64,0.65,0.61,0.62,198900.0,-0.020000000000000018
9.0,8.0,0.66,0.67,0.65,0.66,58100.0,0.0
9.0,4.0,0.66,0.66,0.65,0.66,66400.0,0.0
9.0,3.0,0.65,0.67,0.63,0.65,102200.0,0.0
9.0,2.0,0.64,0.65,0.63,0.64,15100.0,0.0
9.0,1.0,0.64,0.65,0.63,0.65,27300.0,0.010000000000000009
8.0,31.0,0.66,0.66,0.63,0.64,52300.0,-0.020000000000000018
8.0,28.0,0.63,0.65,0.63,0.65,65200.0,0.020000000000000018
8.0,27.0,0.64,0.64,0.62,0.63,21600.0,-0.010000000000000009
8.0,26.0,0.65,0.66,0.62,0.63,115600.0,-0.020000000000000018
8.0,25.0,0.66,0.66,0.64,0.65,34700.0,-0.010000000000000009
8.0,24.0,0.65,0.66,0.62,0.65,116100.0,0.0
8.0,21.0,0.71,0.71,0.64,0.68,82100.0,-0.029999999999999916
8.0,20.0,0.69,0.71,0.69,0.7,121200.0,0.010000000000000009
8.0,19.0,0.69,0.71,0.67,0.69,73500.0,0.0
8.0,18.0,0.72,0.72,0.69,0.69,21500.0,-0.030000000000000027
8.0,17.0,0.76,0.76,0.7,0.72,31400.0,-0.040000000000000036
8.0,14.0,0.76,0.76,0.75,0.75,92200.0,-0.010000000000000009
8.0,13.0,0.75,0.77,0.73,0.74,40100.0,-0.010000000000000009
8.0,12.0,0.71,0.77,0.71,0.76,147500.0,0.050000000000000044
8.0,11.0,0.69,0.71,0.68,0.71,53000.0,0.020000000000000018
8.0,10.0,0.63,0.68,0.63,0.68,140200.0,0.050000000000000044
8.0,7.0,0.64,0.65,0.63,0.64,56400.0,0.0
8.0,6.0,0.62,0.64,0.62,0.64,23700.0,0.020000000000000018
8.0,5.0,0.66,0.66,0.63,0.64,31400.0,-0.020000000000000018
8.0,4.0,0.68,0.68,0.64,0.65,65700.0,-0.030000000000000027
8.0,3.0,0.67,0.69,0.66,0.67,14600.0,0.0
7.0,31.0,0.64,0.67,0.64,0.67,12400.0,0.030000000000000027
7.0,30.0,0.64,0.64,0.61,0.62,30800.0,-0.020000000000000018
7.0,29.0,0.66,0.66,0.64,0.64,14600.0,-0.020000000000000018
7.0,28.0,0.63,0.66,0.63,0.64,30000.0,0.010000000000000009
7.0,27.0,0.64,0.64,0.6,0.63,41600.0,-0.010000000000000009
7.0,24.0,0.59,0.62,0.57,0.62,34500.0,0.030000000000000027
7.0,23.0,0.62,0.63,0.6,0.61,71900.0,-0.010000000000000009
7.0,22.0,0.61,0.64,0.6,0.62,82900.0,0.010000000000000009
7.0,21.0,0.59,0.65,0.58,0.62,116000.0,0.030000000000000027
7.0,20.0,0.63,0.64,0.58,0.59,130400.0,-0.040000000000000036
7.0,17.0,0.67,0.67,0.64,0.64,91900.0,-0.030000000000000027
7.0,16.0,0.71,0.71,0.67,0.67,22600.0,-0.039999999999999925
7.0,15.0,0.71,0.71,0.69,0.69,47600.0,-0.020000000000000018
7.0,14.0,0.72,0.72,0.71,0.71,22800.0,-0.010000000000000009
7.0,13.0,0.71,0.73,0.71,0.73,5500.0,0.020000000000000018
7.0,10.0,0.7,0.72,0.69,0.71,26200.0,0.010000000000000009
7.0,9.0,0.7,0.7,0.69,0.69,15400.0,-0.010000000000000009
7.0,8.0,0.71,0.73,0.71,0.72,60200.0,0.010000000000000009
7.0,7.0,0.78,0.78,0.72,0.73,15000.0,-0.050000000000000044
7.0,6.0,0.78,0.78,0.78,0.78,7200.0,0.0
7.0,2.0,0.8,0.8,0.77,0.77,8400.0,-0.030000000000000027
7.0,1.0,0.81,0.82,0.81,0.82,34500.0,0.009999999999999898
6.0,30.0,0.79,0.8,0.78,0.8,18000.0,0.010000000000000009
6.0,29.0,0.8,0.82,0.79,0.81,21100.0,0.010000000000000009
6.0,26.0,0.83,0.84,0.82,0.82,22100.0,-0.010000000000000009
6.0,25.0,0.8,0.84,0.79,0.84,67000.0,0.039999999999999925
6.0,24.0,0.78,0.81,0.78,0.81,20200.0,0.030000000000000027
6.0,23.0,0.8,0.8,0.77,0.77,94100.0,-0.030000000000000027
6.0,22.0,0.81,0.82,0.81,0.82,18000.0,0.009999999999999898
6.0,19.0,0.84,0.84,0.84,0.84,1000.0,0.0
6.0,18.0,0.83,0.85,0.83,0.84,14100.0,0.010000000000000009
6.0,17.0,0.81,0.82,0.8,0.82,14400.0,0.009999999999999898
6.0,16.0,0.81,0.82,0.79,0.82,10000.0,0.009999999999999898
6.0,15.0,0.8,0.8,0.78,0.78,1700.0,-0.020000000000000018
6.0,12.0,0.83,0.83,0.81,0.81,2300.0,-0.019999999999999907
6.0,11.0,0.84,0.84,0.78,0.84,31400.0,0.0
6.0,10.0,0.79,0.83,0.78,0.83,11400.0,0.039999999999999925
6.0,9.0,0.76,0.82,0.76,0.79,9500.0,0.030000000000000027
6.0,8.0,0.74,0.75,0.73,0.75,6300.0,0.010000000000000009
6.0,5.0,0.72,0.73,0.72,0.73,12000.0,0.010000000000000009
6.0,4.0,0.73,0.77,0.72,0.73,12300.0,0.0
6.0,3.0,0.79,0.79,0.73,0.73,17700.0,-0.06000000000000005
6.0,2.0,0.79,0.8,0.78,0.78,14800.0,-0.010000000000000009
6.0,1.0,0.76,0.84,0.73,0.78,33900.0,0.020000000000000018
5.0,29.0,0.71,0.83,0.71,0.83,28400.0,0.12
5.0,28.0,0.71,0.72,0.69,0.69,26100.0,-0.020000000000000018
5.0,27.0,0.71,0.71,0.71,0.71,4500.0,0.0
5.0,26.0,0.71,0.73,0.7,0.73,38700.0,0.020000000000000018
5.0,22.0,0.72,0.73,0.7,0.7,2000.0,-0.020000000000000018
5.0,21.0,0.69,0.73,0.69,0.72,59300.0,0.030000000000000027
5.0,20.0,0.73,0.74,0.72,0.72,9300.0,-0.010000000000000009
5.0,19.0,0.73,0.75,0.73,0.73,3800.0,0.0
5.0,18.0,0.76,0.78,0.74,0.74,15600.0,-0.020000000000000018
5.0,15.0,0.77,0.77,0.76,0.77,10500.0,0.0
5.0,14.0,0.77,0.77,0.77,0.77,200.0,0.0
5.0,13.0,0.74,0.79,0.73,0.77,33800.0,0.030000000000000027
5.0,12.0,0.74,0.75,0.73,0.75,70900.0,0.010000000000000009
5.0,11.0,0.75,0.76,0.73,0.74,26000.0,-0.010000000000000009
5.0,8.0,0.72,0.75,0.72,0.74,2400.0,0.020000000000000018
5.0,7.0,0.73,0.73,0.72,0.72,18800.0,-0.010000000000000009
5.0,6.0,0.74,0.75,0.73,0.74,6200.0,0.0
5.0,5.0,0.75,0.75,0.73,0.73,10900.0,-0.020000000000000018
5.0,4.0,0.74,0.75,0.73,0.74,31600.0,0.0
5.0,1.0,0.75,0.75,0.73,0.74,2600.0,-0.010000000000000009
4.0,30.0,0.74,0.75,0.72,0.75,48600.0,0.010000000000000009
4.0,29.0,0.76,0.76,0.75,0.75,12900.0,-0.010000000000000009
4.0,28.0,0.75,0.76,0.74,0.76,21000.0,0.010000000000000009
4.0,27.0,0.72,0.76,0.72,0.75,108800.0,0.030000000000000027
4.0,24.0,0.74,0.74,0.71,0.72,31500.0,-0.020000000000000018
4.0,23.0,0.75,0.76,0.74,0.74,23500.0,-0.010000000000000009
4.0,22.0,0.76,0.76,0.73,0.75,76900.0,-0.010000000000000009
4.0,21.0,0.76,0.76,0.76,0.76,1600.0,0.0
4.0,20.0,0.77,0.77,0.75,0.76,15600.0,-0.010000000000000009
4.0,17.0,0.78,0.78,0.76,0.76,6800.0,-0.020000000000000018
4.0,16.0,0.8,0.8,0.76,0.76,15500.0,-0.040000000000000036
4.0,15.0,0.75,0.8,0.73,0.8,69700.0,0.050000000000000044
4.0,14.0,0.74,0.75,0.74,0.75,12100.0,0.010000000000000009
4.0,13.0,0.76,0.76,0.76,0.76,0.0,0.0
4.0,10.0,0.73,0.76,0.73,0.76,1200.0,0.030000000000000027
4.0,9.0,0.72,0.72,0.72,0.72,19300.0,0.0
4.0,8.0,0.79,0.79,0.74,0.74,6300.0,-0.050000000000000044
4.0,7.0,0.77,0.78,0.72,0.72,30800.0,-0.050000000000000044
4.0,6.0,0.75,0.78,0.75,0.78,75100.0,0.030000000000000027
4.0,2.0,0.72,0.72,0.72,0.72,5700.0,0.0
4.0,1.0,0.68,0.73,0.68,0.73,150300.0,0.04999999999999993
3.0,31.0,0.73,0.73,0.69,0.69,97000.0,-0.040000000000000036
3.0,30.0,0.75,0.75,0.72,0.73,10300.0,-0.020000000000000018
3.0,27.0,0.79,0.79,0.75,0.77,30200.0,-0.020000000000000018
3.0,26.0,0.77,0.79,0.77,0.79,13200.0,0.020000000000000018
3.0,25.0,0.74,0.74,0.74,0.74,10900.0,0.0
3.0,24.0,0.79,0.79,0.72,0.73,65200.0,-0.06000000000000005
3.0,23.0,0.8,0.8,0.76,0.77,15000.0,-0.030000000000000027
3.0,20.0,0.79,0.79,0.77,0.78,55100.0,-0.010000000000000009
3.0,19.0,0.76,0.79,0.75,0.79,9300.0,0.030000000000000027
3.0,18.0,0.74,0.78,0.73,0.77,34000.0,0.030000000000000027
3.0,17.0,0.75,0.75,0.71,0.72,38000.0,-0.030000000000000027
3.0,16.0,0.73,0.75,0.69,0.75,90200.0,0.020000000000000018
3.0,13.0,0.73,0.75,0.71,0.73,39000.0,0.0
3.0,12.0,0.81,0.84,0.69,0.71,188900.0,-0.10000000000000009
3.0,11.0,0.77,0.78,0.76,0.77,267600.0,0.0
3.0,10.0,0.78,0.79,0.77,0.78,405200.0,0.0
3.0,9.0,0.85,0.85,0.79,0.79,77600.0,-0.05999999999999994
3.0,6.0,0.86,0.88,0.84,0.87,386700.0,0.010000000000000009
3.0,5.0,0.9,0.93,0.9,0.91,243400.0,0.010000000000000009
3.0,4.0,0.89,0.91,0.86,0.91,543700.0,0.020000000000000018
3.0,3.0,0.86,0.9,0.86,0.89,164200.0,0.030000000000000027
3.0,2.0,0.92,0.92,0.86,0.86,237400.0,-0.06000000000000005
2.0,27.0,0.89,0.93,0.88,0.92,438000.0,0.030000000000000027
2.0,26.0,0.83,0.89,0.83,0.88,900900.0,0.050000000000000044
2.0,25.0,0.8,0.86,0.8,0.85,354300.0,0.04999999999999993
2.0,24.0,0.77,0.81,0.77,0.8,374200.0,0.030000000000000027
2.0,23.0,0.74,0.79,0.74,0.79,226300.0,0.050000000000000044
2.0,20.0,0.77,0.77,0.74,0.74,67600.0,-0.030000000000000027
2.0,19.0,0.77,0.77,0.75,0.77,9400.0,0.0
2.0,18.0,0.81,0.81,0.74,0.76,106000.0,-0.050000000000000044
2.0,17.0,0.86,0.86,0.79,0.8,262200.0,-0.05999999999999994
2.0,13.0,0.81,0.84,0.81,0.84,586200.0,0.029999999999999916
2.0,12.0,0.84,0.84,0.81,0.83,245600.0,-0.010000000000000009
2.0,11.0,0.8,0.83,0.8,0.83,610700.0,0.029999999999999916
2.0,10.0,0.84,0.84,0.79,0.81,1221100.0,-0.029999999999999916
2.0,9.0,0.84,0.85,0.81,0.84,344300.0,0.0
2.0,6.0,0.8,0.82,0.77,0.82,938200.0,0.019999999999999907
2.0,5.0,0.81,0.82,0.79,0.81,434100.0,0.0
2.0,4.0,0.84,0.84,0.79,0.8,193400.0,-0.039999999999999925
2.0,3.0,0.84,0.87,0.81,0.84,241600.0,0.0
2.0,2.0,0.81,0.84,0.79,0.83,214500.0,0.019999999999999907
1.0,30.0,0.73,0.82,0.72,0.79,905300.0,0.06000000000000005
1.0,29.0,0.74,0.76,0.7,0.75,179300.0,0.010000000000000009
1.0,28.0,0.81,0.81,0.75,0.76,1455200.0,-0.050000000000000044
1.0,27.0,0.74,0.81,0.74,0.81,650400.0,0.07000000000000006
1.0,26.0,0.74,0.74,0.66,0.69,133300.0,-0.050000000000000044
1.0,23.0,0.75,0.75,0.72,0.73,27500.0,-0.020000000000000018
1.0,22.0,0.75,0.76,0.73,0.74,58000.0,-0.010000000000000009
1.0,21.0,0.78,0.78,0.72,0.74,86700.0,-0.040000000000000036
1.0,20.0,0.77,0.78,0.75,0.77,208300.0,0.0
1.0,16.0,0.72,0.75,0.72,0.73,108500.0,0.010000000000000009
1.0,15.0,0.68,0.73,0.66,0.72,28100.0,0.039999999999999925
1.0,14.0,0.7,0.7,0.63,0.66,81500.0,-0.039999999999999925
1.0,13.0,0.67,0.69,0.64,0.66,139700.0,-0.010000000000000009
1.0,12.0,0.65,0.69,0.64,0.64,91800.0,-0.010000000000000009
1.0,9.0,0.65,0.66,0.64,0.65,123300.0,0.0
1.0,8.0,0.65,0.66,0.64,0.65,235200.0,0.0
1.0,7.0,0.64,0.64,0.61,0.61,17000.0,-0.030000000000000027
1.0,6.0,0.64,0.64,0.63,0.63,14800.0,-0.010000000000000009
1.0,5.0,0.63,0.64,0.63,0.64,28000.0,0.010000000000000009
1.0,2.0,0.64,0.64,0.6,0.63,6200.0,-0.010000000000000009
12.0,31.0,0.63,0.63,0.61,0.61,7500.0,-0.020000000000000018
12.0,30.0,0.6,0.62,0.59,0.6,17100.0,0.0
12.0,29.0,0.6,0.6,0.58,0.59,18800.0,-0.010000000000000009
12.0,26.0,0.61,0.61,0.61,0.61,6500.0,0.0
12.0,24.0,0.58,0.58,0.58,0.58,48500.0,0.0
12.0,23.0,0.6,0.6,0.57,0.58,32200.0,-0.020000000000000018
12.0,22.0,0.58,0.58,0.57,0.58,66500.0,0.0
12.0,19.0,0.55,0.59,0.55,0.59,34100.0,0.039999999999999925
12.0,18.0,0.56,0.59,0.56,0.56,47300.0,0.0
12.0,17.0,0.54,0.56,0.54,0.56,33300.0,0.020000000000000018
12.0,16.0,0.52,0.55,0.52,0.55,6200.0,0.030000000000000027
12.0,15.0,0.56,0.58,0.54,0.54,26000.0,-0.020000000000000018
12.0,12.0,0.55,0.57,0.55,0.56,14800.0,0.010000000000000009
12.0,11.0,0.57,0.57,0.57,0.57,9200.0,0.0
12.0,10.0,0.61,0.61,0.55,0.55,28600.0,-0.05999999999999994
12.0,9.0,0.6,0.61,0.6,0.61,7200.0,0.010000000000000009
12.0,8.0,0.56,0.56,0.55,0.56,30800.0,0.0
12.0,5.0,0.58,0.58,0.55,0.56,40800.0,-0.019999999999999907
12.0,4.0,0.57,0.57,0.55,0.55,8300.0,-0.019999999999999907
12.0,3.0,0.59,0.59,0.58,0.58,7000.0,-0.010000000000000009
12.0,2.0,0.57,0.57,0.57,0.57,11000.0,0.0
12.0,1.0,0.59,0.59,0.58,0.58,5600.0,-0.010000000000000009
11.0,28.0,0.6,0.6,0.58,0.59,18400.0,-0.010000000000000009
11.0,26.0,0.6,0.6,0.6,0.6,0.0,0.0
11.0,25.0,0.6,0.6,0.6,0.6,0.0,0.0
11.0,24.0,0.6,0.6,0.59,0.6,5800.0,0.0
11.0,21.0,0.64,0.64,0.59,0.6,35000.0,-0.040000000000000036
11.0,20.0,0.63,0.63,0.62,0.62,8000.0,-0.010000000000000009
11.0,19.0,0.66,0.66,0.61,0.61,26500.0,-0.050000000000000044
11.0,18.0,0.61,0.65,0.61,0.65,50900.0,0.040000000000000036
11.0,17.0,0.58,0.58,0.55,0.57,29100.0,-0.010000000000000009
11.0,14.0,0.52,0.55,0.52,0.55,55900.0,0.030000000000000027
11.0,13.0,0.51,0.53,0.51,0.53,132200.0,0.020000000000000018
11.0,12.0,0.53,0.54,0.52,0.54,13400.0,0.010000000000000009
11.0,11.0,0.5,0.53,0.5,0.53,23500.0,0.030000000000000027
11.0,10.0,0.51,0.51,0.48,0.49,33000.0,-0.020000000000000018
11.0,7.0,0.47,0.51,0.47,0.49,16600.0,0.020000000000000018
11.0,6.0,0.48,0.48,0.46,0.48,13200.0,0.0
11.0,5.0,0.45,0.48,0.45,0.47,35400.0,0.019999999999999962
11.0,4.0,0.49,0.49,0.46,0.46,4400.0,-0.02999999999999997
11.0,3.0,0.49,0.52,0.47,0.5,43500.0,0.010000000000000009
10.0,31.0,0.42,0.49,0.42,0.48,58200.0,0.06
10.0,30.0,0.44,0.48,0.43,0.47,78400.0,0.02999999999999997
10.0,29.0,0.5,0.54,0.49,0.5,19200.0,0.0
10.0,28.0,0.52,0.53,0.51,0.51,13600.0,-0.010000000000000009
10.0,27.0,0.53,0.54,0.5,0.5,26000.0,-0.030000000000000027
10.0,24.0,0.57,0.57,0.53,0.53,37200.0,-0.039999999999999925
10.0,23.0,0.54,0.55,0.54,0.55,7000.0,0.010000000000000009
10.0,22.0,0.6,0.6,0.56,0.56,92400.0,-0.039999999999999925
10.0,21.0,0.66,0.67,0.63,0.63,14000.0,-0.030000000000000027
10.0,20.0,0.63,0.66,0.63,0.66,20200.0,0.030000000000000027
10.0,17.0,0.63,0.63,0.63,0.63,9000.0,0.0
10.0,16.0,0.57,0.62,0.57,0.62,19900.0,0.050000000000000044
10.0,15.0,0.53,0.57,0.53,0.57,13100.0,0.039999999999999925
10.0,14.0,0.57,0.57,0.54,0.54,12300.0,-0.029999999999999916
10.0,13.0,0.58,0.59,0.58,0.59,8700.0,0.010000000000000009
10.0,10.0,0.58,0.58,0.56,0.56,25000.0,-0.019999999999999907
10.0,9.0,0.61,0.63,0.59,0.59,27300.0,-0.020000000000000018
10.0,8.0,0.6,0.6,0.58,0.59,15200.0,-0.010000000000000009
10.0,7.0,0.63,0.63,0.59,0.6,28200.0,-0.030000000000000027
10.0,6.0,0.6,0.62,0.6,0.62,39400.0,0.020000000000000018
10.0,3.0,0.65,0.65,0.6,0.6,35400.0,-0.050000000000000044
10.0,2.0,0.61,0.61,0.61,0.61,17500.0,0.0
10.0,1.0,0.63,0.64,0.61,0.62,36600.0,-0.010000000000000009
9.0,30.0,0.64,0.64,0.6,0.62,14100.0,-0.020000000000000018
9.0,29.0,0.65,0.65,0.64,0.64,3300.0,-0.010000000000000009
9.0,26.0,0.65,0.65,0.63,0.65,19500.0,0.0
9.0,25.0,0.65,0.65,0.65,0.65,8000.0,0.0
9.0,24.0,0.66,0.66,0.66,0.66,500.0,0.0
9.0,23.0,0.67,0.68,0.65,0.65,25000.0,-0.020000000000000018
9.0,22.0,0.68,0.68,0.62,0.62,120000.0,-0.06000000000000005
9.0,19.0,0.71,0.71,0.68,0.69,21100.0,-0.020000000000000018
9.0,18.0,0.72,0.73,0.7,0.72,63000.0,0.0
9.0,17.0,0.76,0.76,0.73,0.73,361800.0,-0.030000000000000027
9.0,16.0,0.77,0.77,0.76,0.76,25100.0,-0.010000000000000009
9.0,15.0,0.77,0.77,0.77,0.77,1900.0,0.0
9.0,12.0,0.75,0.77,0.75,0.75,23500.0,0.0
9.0,11.0,0.76,0.78,0.76,0.78,5100.0,0.020000000000000018
9.0,10.0,0.79,0.79,0.78,0.78,8000.0,-0.010000000000000009
9.0,9.0,0.77,0.77,0.76,0.76,23500.0,-0.010000000000000009
9.0,8.0,0.75,0.76,0.75,0.75,154500.0,0.0
9.0,5.0,0.76,0.77,0.76,0.76,28500.0,0.0
9.0,4.0,0.76,0.76,0.76,0.76,54900.0,0.0
9.0,3.0,0.76,0.76,0.76,0.76,0.0,0.0
9.0,2.0,0.77,0.78,0.76,0.76,80900.0,-0.010000000000000009
8.0,29.0,0.81,0.81,0.8,0.8,9200.0,-0.010000000000000009
8.0,28.0,0.8,0.81,0.8,0.81,87800.0,0.010000000000000009
8.0,27.0,0.79,0.8,0.78,0.79,24800.0,0.0
8.0,26.0,0.79,0.79,0.77,0.77,14500.0,-0.020000000000000018
8.0,25.0,0.77,0.8,0.76,0.79,32000.0,0.020000000000000018
8.0,22.0,0.78,0.79,0.78,0.79,8200.0,0.010000000000000009
8.0,21.0,0.79,0.79,0.76,0.77,22300.0,-0.020000000000000018
8.0,20.0,0.79,0.81,0.79,0.8,7400.0,0.010000000000000009
8.0,19.0,0.81,0.81,0.78,0.78,9500.0,-0.030000000000000027
8.0,18.0,0.81,0.81,0.81,0.81,2000.0,0.0
8.0,15.0,0.79,0.81,0.78,0.8,14300.0,0.010000000000000009
8.0,14.0,0.83,0.83,0.81,0.81,14700.0,-0.019999999999999907
8.0,13.0,0.82,0.82,0.82,0.82,102000.0,0.0
8.0,12.0,0.78,0.82,0.78,0.82,82000.0,0.039999999999999925
8.0,11.0,0.75,0.77,0.75,0.77,216500.0,0.020000000000000018
8.0,8.0,0.78,0.78,0.76,0.77,10300.0,-0.010000000000000009
8.0,7.0,0.78,0.78,0.78,0.78,11700.0,0.0
8.0,6.0,0.79,0.8,0.79,0.79,18500.0,0.0
8.0,5.0,0.79,0.8,0.78,0.78,95000.0,-0.010000000000000009
8.0,4.0,0.84,0.84,0.84,0.84,4700.0,0.0
8.0,1.0,0.8,0.81,0.79,0.8,52000.0,0.0
7.0,31.0,0.8,0.82,0.76,0.8,81800.0,0.0
7.0,30.0,0.81,0.81,0.8,0.81,27700.0,0.0
7.0,29.0,0.81,0.82,0.81,0.81,11100.0,0.0
7.0,28.0,0.83,0.83,0.81,0.81,17100.0,-0.019999999999999907
7.0,25.0,0.83,0.83,0.81,0.83,9400.0,0.0
7.0,24.0,0.82,0.83,0.8,0.81,36900.0,-0.009999999999999898
7.0,23.0,0.83,0.83,0.81,0.81,10400.0,-0.019999999999999907
7.0,22.0,0.83,0.83,0.83,0.83,10000.0,0.0
7.0,21.0,0.84,0.85,0.83,0.83,14000.0,-0.010000000000000009
7.0,18.0,0.86,0.86,0.84,0.84,42000.0,-0.020000000000000018
7.0,17.0,0.84,0.86,0.83,0.83,21500.0,-0.010000000000000009
7.0,16.0,0.83,0.85,0.83,0.84,7600.0,0.010000000000000009
7.0,15.0,0.89,0.89,0.83,0.83,58500.0,-0.06000000000000005
7.0,14.0,0.9,0.9,0.89,0.89,23000.0,-0.010000000000000009
7.0,11.0,0.89,0.89,0.89,0.89,39500.0,0.0
7.0,10.0,0.89,0.9,0.89,0.9,27100.0,0.010000000000000009
7.0,9.0,0.86,0.88,0.85,0.88,93100.0,0.020000000000000018
7.0,8.0,0.94,0.97,0.93,0.96,25600.0,0.020000000000000018
7.0,7.0,0.92,0.94,0.92,0.94,13000.0,0.019999999999999907
7.0,3.0,0.94,0.94,0.92,0.92,12700.0,-0.019999999999999907
7.0,2.0,0.96,0.96,0.91,0.91,5100.0,-0.04999999999999993
7.0,1.0,0.96,0.97,0.96,0.97,5000.0,0.010000000000000009
6.0,30.0,0.95,0.95,0.92,0.92,6800.0,-0.029999999999999916
6.0,27.0,0.9,0.96,0.88,0.96,109700.0,0.05999999999999994
6.0,26.0,0.92,0.92,0.89,0.89,8900.0,-0.030000000000000027
6.0,25.0,0.92,0.92,0.92,0.92,4500.0,0.0
6.0,24.0,0.99,0.99,0.88,0.9,24000.0,-0.08999999999999997
6.0,23.0,0.91,0.96,0.91,0.95,18000.0,0.039999999999999925
6.0,20.0,0.93,0.94,0.91,0.91,4600.0,-0.020000000000000018
6.0,19.0,0.9,0.9,0.9,0.9,1500.0,0.0
6.0,18.0,0.83,0.84,0.83,0.84,24900.0,0.010000000000000009
6.0,17.0,0.81,0.83,0.81,0.83,7000.0,0.019999999999999907
6.0,16.0,0.83,0.83,0.81,0.81,9600.0,-0.019999999999999907
6.0,13.0,0.82,0.82,0.82,0.82,2500.0,0.0
6.0,12.0,0.83,0.83,0.8,0.83,126400.0,0.0
6.0,11.0,0.79,0.82,0.78,0.8,165500.0,0.010000000000000009
6.0,10.0,0.79,0.79,0.79,0.79,2000.0,0.0
6.0,9.0,0.78,0.78,0.77,0.78,5700.0,0.0
6.0,6.0,0.79,0.79,0.79,0.79,0.0,0.0
6.0,5.0,0.77,0.79,0.77,0.79,6000.0,0.020000000000000018
6.0,4.0,0.76,0.76,0.76,0.76,100.0,0.0
6.0,3.0,0.76,0.76,0.76,0.76,10300.0,0.0
6.0,2.0,0.78,0.78,0.77,0.77,12500.0,-0.010000000000000009
5.0,30.0,0.76,0.76,0.76,0.76,10300.0,0.0
5.0,29.0,0.76,0.77,0.76,0.77,7000.0,0.010000000000000009
5.0,28.0,0.79,0.79,0.76,0.76,21200.0,-0.030000000000000027
5.0,27.0,0.81,0.81,0.79,0.8,33100.0,-0.010000000000000009
5.0,23.0,0.83,0.83,0.82,0.82,6400.0,-0.010000000000000009
5.0,22.0,0.82,0.83,0.82,0.83,3800.0,0.010000000000000009
5.0,21.0,0.83,0.83,0.83,0.83,7600.0,0.0
5.0,20.0,0.83,0.84,0.83,0.84,6600.0,0.010000000000000009
5.0,19.0,0.85,0.85,0.82,0.85,5600.0,0.0
5.0,16.0,0.86,0.86,0.84,0.84,10200.0,-0.020000000000000018
5.0,15.0,0.83,0.85,0.82,0.85,22500.0,0.020000000000000018
5.0,14.0,0.87,0.87,0.86,0.86,11000.0,-0.010000000000000009
5.0,13.0,0.9,0.9,0.86,0.86,17900.0,-0.040000000000000036
5.0,12.0,0.89,0.9,0.87,0.87,19000.0,-0.020000000000000018
5.0,9.0,0.83,0.84,0.81,0.84,20200.0,0.010000000000000009
5.0,8.0,0.84,0.84,0.84,0.84,2000.0,0.0
5.0,7.0,0.87,0.88,0.79,0.79,23100.0,-0.07999999999999996
5.0,6.0,0.9,0.9,0.88,0.9,13300.0,0.0
5.0,5.0,0.87,0.9,0.87,0.9,1100.0,0.030000000000000027
5.0,2.0,0.81,0.82,0.81,0.81,9200.0,0.0
5.0,1.0,0.81,0.81,0.81,0.81,3500.0,0.0
4.0,30.0,0.84,0.84,0.84,0.84,5000.0,0.0
4.0,29.0,0.84,0.85,0.81,0.81,40900.0,-0.029999999999999916
4.0,28.0,0.81,0.81,0.81,0.81,4700.0,0.0
4.0,25.0,0.8,0.81,0.8,0.8,217000.0,0.0
4.0,24.0,0.79,0.79,0.79,0.79,0.0,0.0
4.0,23.0,0.79,0.79,0.79,0.79,200.0,0.0
4.0,22.0,0.78,0.78,0.76,0.77,144900.0,-0.010000000000000009
4.0,21.0,0.77,0.79,0.75,0.75,39500.0,-0.020000000000000018
4.0,17.0,0.8,0.8,0.77,0.77,26200.0,-0.030000000000000027
4.0,16.0,0.71,0.8,0.71,0.77,78600.0,0.06000000000000005
4.0,15.0,0.71,0.71,0.68,0.69,89500.0,-0.020000000000000018
4.0,14.0,0.73,0.73,0.72,0.72,6400.0,-0.010000000000000009
4.0,11.0,0.7,0.72,0.68,0.72,26000.0,0.020000000000000018
4.0,10.0,0.77,0.77,0.73,0.73,25800.0,-0.040000000000000036
4.0,9.0,0.76,0.76,0.75,0.76,2700.0,0.0
4.0,8.0,0.74,0.75,0.74,0.75,1500.0,0.010000000000000009
4.0,7.0,0.74,0.74,0.72,0.72,19000.0,-0.020000000000000018
4.0,4.0,0.72,0.72,0.71,0.72,5400.0,0.0
4.0,3.0,0.7,0.71,0.68,0.7,15600.0,0.0
4.0,2.0,0.71,0.72,0.71,0.72,101900.0,0.010000000000000009
4.0,1.0,0.66,0.68,0.65,0.66,42200.0,0.0
3.0,31.0,0.67,0.68,0.67,0.67,11500.0,0.0
3.0,28.0,0.7,0.72,0.67,0.68,30000.0,-0.019999999999999907
3.0,27.0,0.69,0.71,0.69,0.69,27800.0,0.0
3.0,26.0,0.7,0.7,0.67,0.67,37300.0,-0.029999999999999916
3.0,25.0,0.74,0.74,0.7,0.7,29900.0,-0.040000000000000036
3.0,24.0,0.73,0.74,0.7,0.71,159900.0,-0.020000000000000018
3.0,21.0,0.76,0.76,0.76,0.76,5600.0,0.0
3.0,20.0,0.74,0.75,0.73,0.74,42500.0,0.0
3.0,19.0,0.76,0.77,0.74,0.75,13900.0,-0.010000000000000009
3.0,18.0,0.8,0.8,0.79,0.79,12600.0,-0.010000000000000009
3.0,17.0,0.82,0.92,0.81,0.82,46900.0,0.0
3.0,14.0,0.82,0.82,0.81,0.81,15800.0,-0.009999999999999898
3.0,13.0,0.81,0.81,0.8,0.8,12800.0,-0.010000000000000009
3.0,12.0,0.79,0.8,0.77,0.79,54700.0,0.0
3.0,11.0,0.79,0.79,0.76,0.76,9400.0,-0.030000000000000027
3.0,10.0,0.77,0.78,0.77,0.78,44400.0,0.010000000000000009
3.0,7.0,0.77,0.8,0.75,0.78,121700.0,0.010000000000000009
3.0,6.0,0.79,0.8,0.77,0.8,65800.0,0.010000000000000009
3.0,5.0,0.79,0.8,0.76,0.76,70800.0,-0.030000000000000027
3.0,4.0,0.79,0.79,0.77,0.78,169300.0,-0.010000000000000009
3.0,3.0,0.79,0.8,0.73,0.76,159200.0,-0.030000000000000027
2.0,28.0,0.78,0.79,0.75,0.77,59200.0,-0.010000000000000009
2.0,27.0,0.73,0.76,0.73,0.75,51200.0,0.020000000000000018
2.0,26.0,0.74,0.74,0.72,0.73,174500.0,-0.010000000000000009
2.0,25.0,0.74,0.75,0.74,0.75,172200.0,0.010000000000000009
2.0,24.0,0.76,0.76,0.72,0.75,159800.0,-0.010000000000000009
2.0,21.0,0.77,0.77,0.73,0.74,29300.0,-0.030000000000000027
2.0,20.0,0.73,0.73,0.71,0.73,95500.0,0.0
2.0,19.0,0.77,0.77,0.7,0.7,69000.0,-0.07000000000000006
2.0,18.0,0.81,0.82,0.74,0.76,222800.0,-0.050000000000000044
2.0,14.0,0.82,0.84,0.8,0.81,91600.0,-0.009999999999999898
2.0,13.0,0.75,0.83,0.75,0.81,176000.0,0.06000000000000005
2.0,12.0,0.78,0.79,0.74,0.75,50700.0,-0.030000000000000027
2.0,11.0,0.71,0.77,0.7,0.77,139600.0,0.06000000000000005
2.0,10.0,0.67,0.69,0.65,0.67,164000.0,0.0
2.0,7.0,0.65,0.65,0.63,0.64,73400.0,-0.010000000000000009
2.0,6.0,0.64,0.64,0.63,0.63,54500.0,-0.010000000000000009
2.0,5.0,0.64,0.64,0.63,0.64,64800.0,0.0
2.0,4.0,0.63,0.64,0.63,0.64,18600.0,0.010000000000000009
2.0,3.0,0.63,0.63,0.61,0.61,17500.0,-0.020000000000000018
1.0,31.0,0.61,0.63,0.61,0.63,9000.0,0.020000000000000018
1.0,30.0,0.62,0.62,0.62,0.62,0.0,0.0
1.0,29.0,0.62,0.62,0.62,0.62,4000.0,0.0
1.0,28.0,0.62,0.62,0.58,0.6,24800.0,-0.020000000000000018
1.0,27.0,0.61,0.63,0.6,0.63,34300.0,0.020000000000000018
1.0,24.0,0.74,0.74,0.71,0.72,13500.0,-0.020000000000000018
1.0,23.0,0.74,0.76,0.74,0.74,29200.0,0.0
1.0,22.0,0.71,0.73,0.71,0.71,13300.0,0.0
1.0,21.0,0.74,0.74,0.7,0.71,23900.0,-0.030000000000000027
1.0,17.0,0.68,0.73,0.68,0.72,18000.0,0.039999999999999925
1.0,16.0,0.65,0.68,0.64,0.68,22800.0,0.030000000000000027
1.0,15.0,0.6,0.63,0.6,0.63,8700.0,0.030000000000000027
1.0,14.0,0.58,0.59,0.57,0.59,13600.0,0.010000000000000009
1.0,13.0,0.58,0.6,0.58,0.59,15800.0,0.010000000000000009
1.0,10.0,0.57,0.57,0.57,0.57,3000.0,0.0
1.0,9.0,0.55,0.57,0.55,0.56,2600.0,0.010000000000000009
1.0,8.0,0.6,0.6,0.6,0.6,10800.0,0.0
1.0,7.0,0.6,0.61,0.6,0.61,300.0,0.010000000000000009
1.0,6.0,0.65,0.66,0.62,0.64,29000.0,-0.010000000000000009
1.0,3.0,0.66,0.66,0.65,0.66,11200.0,0.0
1.0,2.0,0.61,0.61,0.61,0.61,5000.0,0.0
12.0,31.0,0.59,0.59,0.59,0.59,0.0,0.0
12.0,30.0,0.59,0.59,0.59,0.59,200.0,0.0
12.0,27.0,0.58,0.58,0.57,0.57,8200.0,-0.010000000000000009
12.0,26.0,0.57,0.57,0.57,0.57,5000.0,0.0
12.0,24.0,0.55,0.55,0.55,0.55,7500.0,0.0
12.0,23.0,0.54,0.55,0.53,0.53,10500.0,-0.010000000000000009
12.0,20.0,0.57,0.57,0.55,0.55,4300.0,-0.019999999999999907
12.0,19.0,0.58,0.58,0.57,0.58,17900.0,0.0
12.0,18.0,0.58,0.58,0.58,0.58,8000.0,0.0
12.0,17.0,0.59,0.59,0.59,0.59,0.0,0.0
12.0,16.0,0.59,0.59,0.59,0.59,0.0,0.0
12.0,13.0,0.59,0.59,0.59,0.59,2500.0,0.0
12.0,12.0,0.59,0.59,0.59,0.59,0.0,0.0
12.0,11.0,0.6,0.6,0.59,0.59,8000.0,-0.010000000000000009
12.0,10.0,0.57,0.57,0.57,0.57,4500.0,0.0
12.0,9.0,0.57,0.57,0.55,0.55,21900.0,-0.019999999999999907
12.0,6.0,0.59,0.59,0.57,0.57,6100.0,-0.020000000000000018
12.0,5.0,0.62,0.62,0.56,0.56,6200.0,-0.05999999999999994
12.0,4.0,0.57,0.57,0.56,0.56,2500.0,-0.009999999999999898
12.0,3.0,0.61,0.61,0.57,0.57,10000.0,-0.040000000000000036
12.0,2.0,0.61,0.61,0.59,0.59,2700.0,-0.020000000000000018
11.0,29.0,0.57,0.57,0.55,0.55,2200.0,-0.019999999999999907
11.0,27.0,0.52,0.52,0.52,0.52,300.0,0.0
11.0,26.0,0.51,0.51,0.51,0.51,0.0,0.0
11.0,25.0,0.52,0.52,0.51,0.51,4000.0,-0.010000000000000009
11.0,22.0,0.56,0.56,0.52,0.53,26100.0,-0.030000000000000027
11.0,21.0,0.58,0.58,0.57,0.57,17500.0,-0.010000000000000009
11.0,20.0,0.56,0.58,0.55,0.58,50800.0,0.019999999999999907
11.0,19.0,0.61,0.61,0.57,0.58,18000.0,-0.030000000000000027
11.0,18.0,0.63,0.63,0.6,0.6,24000.0,-0.030000000000000027
11.0,15.0,0.65,0.65,0.65,0.65,6600.0,0.0
11.0,14.0,0.64,0.64,0.61,0.62,20600.0,-0.020000000000000018
11.0,13.0,0.65,0.65,0.64,0.65,9100.0,0.0
11.0,12.0,0.65,0.65,0.62,0.62,5100.0,-0.030000000000000027
11.0,11.0,0.65,0.65,0.65,0.65,19900.0,0.0
11.0,8.0,0.64,0.67,0.64,0.65,48500.0,0.010000000000000009
11.0,7.0,0.67,0.67,0.64,0.64,10800.0,-0.030000000000000027
11.0,6.0,0.68,0.68,0.68,0.68,1000.0,0.0
11.0,5.0,0.69,0.72,0.69,0.72,3000.0,0.030000000000000027
11.0,4.0,0.71,0.72,0.7,0.7,3000.0,-0.010000000000000009
11.0,1.0,0.69,0.7,0.69,0.7,26400.0,0.010000000000000009
10.0,31.0,0.73,0.73,0.72,0.72,35100.0,-0.010000000000000009
10.0,30.0,0.74,0.75,0.74,0.75,2000.0,0.010000000000000009
10.0,29.0,0.78,0.78,0.75,0.75,1200.0,-0.030000000000000027
10.0,28.0,0.74,0.75,0.74,0.75,1500.0,0.010000000000000009
10.0,25.0,0.74,0.74,0.74,0.74,700.0,0.0
10.0,24.0,0.78,0.78,0.74,0.74,10100.0,-0.040000000000000036
10.0,23.0,0.76,0.76,0.76,0.76,200.0,0.0
10.0,22.0,0.71,0.71,0.71,0.71,200.0,0.0
10.0,21.0,0.66,0.66,0.66,0.66,1000.0,0.0
10.0,18.0,0.65,0.65,0.64,0.65,4000.0,0.0
10.0,17.0,0.62,0.62,0.62,0.62,0.0,0.0
10.0,16.0,0.61,0.62,0.61,0.62,6200.0,0.010000000000000009
10.0,15.0,0.65,0.65,0.62,0.63,5800.0,-0.020000000000000018
10.0,14.0,0.62,0.62,0.62,0.62,2800.0,0.0
10.0,11.0,0.63,0.66,0.63,0.66,1000.0,0.030000000000000027
10.0,10.0,0.65,0.68,0.63,0.65,6400.0,0.0
10.0,9.0,0.65,0.66,0.64,0.65,17500.0,0.0
10.0,8.0,0.66,0.66,0.62,0.64,10900.0,-0.020000000000000018
10.0,7.0,0.71,0.71,0.68,0.68,8900.0,-0.029999999999999916
10.0,4.0,0.71,0.71,0.69,0.71,17200.0,0.0
10.0,3.0,0.71,0.71,0.71,0.71,5000.0,0.0
10.0,2.0,0.72,0.72,0.72,0.72,0.0,0.0
10.0,1.0,0.74,0.74,0.72,0.72,31800.0,-0.020000000000000018
9.0,30.0,0.73,0.73,0.73,0.73,2000.0,0.0
9.0,27.0,0.75,0.75,0.75,0.75,0.0,0.0
9.0,26.0,0.75,0.75,0.75,0.75,4500.0,0.0
9.0,25.0,0.78,0.78,0.78,0.78,1500.0,0.0
9.0,24.0,0.76,0.76,0.76,0.76,2000.0,0.0
9.0,23.0,0.76,0.76,0.76,0.76,8300.0,0.0
9.0,20.0,0.84,0.84,0.8,0.8,3300.0,-0.039999999999999925
9.0,19.0,0.86,0.87,0.84,0.84,7400.0,-0.020000000000000018
9.0,18.0,0.77,0.77,0.77,0.77,1400.0,0.0
9.0,17.0,0.74,0.74,0.74,0.74,0.0,0.0
9.0,16.0,0.75,0.76,0.74,0.74,28200.0,-0.010000000000000009
9.0,13.0,0.73,0.76,0.73,0.75,20000.0,0.020000000000000018
9.0,12.0,0.76,0.76,0.74,0.76,34800.0,0.0
9.0,11.0,0.78,0.79,0.77,0.78,10500.0,0.0
9.0,10.0,0.83,0.83,0.77,0.77,71100.0,-0.05999999999999994
9.0,9.0,0.86,0.86,0.82,0.82,20900.0,-0.040000000000000036
9.0,6.0,0.77,0.82,0.77,0.81,71500.0,0.040000000000000036
9.0,5.0,0.76,0.76,0.76,0.76,0.0,0.0
9.0,4.0,0.76,0.76,0.76,0.76,0.0,0.0
9.0,3.0,0.76,0.76,0.76,0.76,3000.0,0.0
8.0,30.0,0.77,0.77,0.75,0.76,30000.0,-0.010000000000000009
8.0,29.0,0.7,0.78,0.7,0.78,75500.0,0.08000000000000007
8.0,28.0,0.72,0.72,0.7,0.7,4000.0,-0.020000000000000018
8.0,27.0,0.7,0.7,0.69,0.7,7000.0,0.0
8.0,26.0,0.65,0.65,0.65,0.65,2000.0,0.0
8.0,23.0,0.61,0.67,0.61,0.67,4000.0,0.06000000000000005
8.0,22.0,0.59,0.6,0.59,0.6,7000.0,0.010000000000000009
8.0,21.0,0.57,0.57,0.57,0.57,1500.0,0.0
8.0,20.0,0.59,0.59,0.58,0.59,9500.0,0.0
8.0,19.0,0.6,0.6,0.6,0.6,1000.0,0.0
8.0,16.0,0.56,0.56,0.56,0.56,0.0,0.0
8.0,15.0,0.58,0.58,0.56,0.56,3300.0,-0.019999999999999907
8.0,14.0,0.56,0.56,0.56,0.56,0.0,0.0
8.0,13.0,0.56,0.56,0.56,0.56,0.0,0.0
8.0,12.0,0.56,0.56,0.56,0.56,1000.0,0.0
8.0,9.0,0.52,0.52,0.52,0.52,0.0,0.0
8.0,8.0,0.52,0.52,0.52,0.52,1500.0,0.0
8.0,7.0,0.54,0.54,0.54,0.54,0.0,0.0
8.0,6.0,0.54,0.54,0.54,0.54,3000.0,0.0
8.0,5.0,0.51,0.51,0.51,0.51,0.0,0.0
8.0,2.0,0.51,0.51,0.51,0.51,0.0,0.0
8.0,1.0,0.51,0.51,0.51,0.51,0.0,0.0
7.0,31.0,0.52,0.52,0.51,0.51,3000.0,-0.010000000000000009
7.0,30.0,0.54,0.54,0.54,0.54,0.0,0.0
7.0,29.0,0.54,0.54,0.54,0.54,500.0,0.0
7.0,26.0,0.55,0.55,0.55,0.55,0.0,0.0
7.0,25.0,0.55,0.55,0.55,0.55,0.0,0.0
7.0,24.0,0.55,0.55,0.55,0.55,0.0,0.0
7.0,23.0,0.55,0.55,0.54,0.55,6800.0,0.0
7.0,22.0,0.55,0.55,0.55,0.55,5500.0,0.0
7.0,19.0,0.57,0.57,0.53,0.53,18300.0,-0.039999999999999925
7.0,18.0,0.55,0.55,0.55,0.55,500.0,0.0
7.0,17.0,0.55,0.55,0.55,0.55,0.0,0.0
7.0,16.0,0.55,0.55,0.55,0.55,0.0,0.0
7.0,15.0,0.55,0.55,0.55,0.55,1000.0,0.0
7.0,12.0,0.54,0.54,0.54,0.54,0.0,0.0
7.0,11.0,0.54,0.54,0.54,0.54,0.0,0.0
7.0,10.0,0.56,0.56,0.54,0.54,2000.0,-0.020000000000000018
7.0,9.0,0.52,0.53,0.52,0.53,1500.0,0.010000000000000009
7.0,8.0,0.47,0.47,0.47,0.47,2500.0,0.0
7.0,5.0,0.46,0.46,0.46,0.46,1000.0,0.0
7.0,3.0,0.56,0.56,0.56,0.56,0.0,0.0
7.0,2.0,0.56,0.56,0.56,0.56,500.0,0.0
7.0,1.0,0.56,0.56,0.56,0.56,0.0,0.0
6.0,28.0,0.5,0.56,0.5,0.56,5500.0,0.06000000000000005
6.0,27.0,0.6,0.6,0.6,0.6,0.0,0.0
6.0,26.0,0.6,0.6,0.6,0.6,0.0,0.0
6.0,25.0,0.6,0.6,0.6,0.6,0.0,0.0
6.0,24.0,0.6,0.6,0.6,0.6,500.0,0.0
6.0,21.0,0.63,0.63,0.63,0.63,500.0,0.0
6.0,20.0,0.71,0.71,0.71,0.71,0.0,0.0
6.0,19.0,0.71,0.71,0.71,0.71,0.0,0.0
6.0,18.0,0.71,0.71,0.71,0.71,0.0,0.0
6.0,17.0,0.71,0.71,0.71,0.71,1000.0,0.0
6.0,14.0,0.73,0.73,0.73,0.73,0.0,0.0
6.0,13.0,0.73,0.73,0.73,0.73,0.0,0.0
6.0,12.0,0.73,0.73,0.73,0.73,0.0,0.0
6.0,11.0,0.73,0.73,0.73,0.73,0.0,0.0
6.0,10.0,0.73,0.73,0.73,0.73,2000.0,0.0
6.0,7.0,0.72,0.72,0.72,0.72,0.0,0.0
6.0,6.0,0.72,0.72,0.72,0.72,1200.0,0.0
6.0,5.0,0.7,0.7,0.7,0.7,2000.0,0.0
6.0,4.0,0.7,0.7,0.7,0.7,0.0,0.0
6.0,3.0,0.7,0.7,0.7,0.7,0.0,0.0
5.0,31.0,0.7,0.7,0.7,0.7,3000.0,0.0
5.0,30.0,0.62,0.67,0.62,0.67,10000.0,0.050000000000000044
5.0,29.0,0.62,0.62,0.62,0.62,0.0,0.0
5.0,28.0,0.62,0.62,0.62,0.62,0.0,0.0
5.0,24.0,0.6,0.62,0.6,0.62,11000.0,0.020000000000000018
5.0,23.0,0.61,0.61,0.6,0.6,3000.0,-0.010000000000000009
5.0,22.0,0.61,0.62,0.61,0.62,8000.0,0.010000000000000009
5.0,21.0,0.65,0.65,0.65,0.65,2000.0,0.0
5.0,20.0,0.65,0.65,0.65,0.65,0.0,0.0
5.0,17.0,0.65,0.65,0.65,0.65,3600.0,0.0
5.0,16.0,0.65,0.65,0.65,0.65,0.0,0.0
5.0,15.0,0.65,0.65,0.65,0.65,0.0,0.0
5.0,14.0,0.65,0.65,0.65,0.65,500.0,0.0
5.0,13.0,0.66,0.66,0.66,0.66,0.0,0.0
5.0,10.0,0.66,0.66,0.66,0.66,2500.0,0.0
5.0,9.0,0.69,0.69,0.69,0.69,900.0,0.0
5.0,8.0,0.7,0.7,0.7,0.7,0.0,0.0
5.0,7.0,0.7,0.7,0.7,0.7,0.0,0.0
5.0,6.0,0.71,0.71,0.7,0.7,5000.0,-0.010000000000000009
5.0,3.0,0.7,0.7,0.66,0.66,2500.0,-0.039999999999999925
5.0,2.0,0.68,0.68,0.68,0.68,0.0,0.0
5.0,1.0,0.68,0.68,0.68,0.68,500.0,0.0
4.0,30.0,0.67,0.68,0.64,0.68,5000.0,0.010000000000000009
4.0,29.0,0.72,0.72,0.72,0.72,0.0,0.0
4.0,26.0,0.72,0.72,0.72,0.72,0.0,0.0
4.0,25.0,0.68,0.72,0.68,0.72,3400.0,0.039999999999999925
4.0,24.0,0.65,0.65,0.65,0.65,500.0,0.0
4.0,23.0,0.74,0.74,0.74,0.74,0.0,0.0
4.0,22.0,0.74,0.74,0.74,0.74,0.0,0.0
4.0,19.0,0.74,0.74,0.74,0.74,0.0,0.0
4.0,18.0,0.74,0.74,0.74,0.74,0.0,0.0
4.0,17.0,0.74,0.74,0.74,0.74,0.0,0.0
4.0,16.0,0.9,0.9,0.74,0.74,4500.0,-0.16000000000000003
4.0,15.0,0.88,0.88,0.8,0.8,7000.0,-0.07999999999999996
4.0,12.0,0.97,0.97,0.96,0.97,3000.0,0.0
4.0,11.0,0.93,0.93,0.93,0.93,1500.0,0.0
4.0,10.0,0.94,0.94,0.94,0.94,0.0,0.0
4.0,9.0,0.97,0.97,0.94,0.94,3500.0,-0.030000000000000027
4.0,8.0,0.95,0.95,0.94,0.94,5000.0,-0.010000000000000009
4.0,5.0,0.96,0.96,0.95,0.96,3300.0,0.0
4.0,4.0,0.99,0.99,0.99,0.99,0.0,0.0
4.0,3.0,0.99,0.99,0.99,0.99,1300.0,0.0
4.0,2.0,1.04,1.04,1.0,1.0,10900.0,-0.040000000000000036
4.0,1.0,1.16,1.16,1.16,1.16,200.0,0.0
3.0,28.0,1.19,1.19,1.19,1.19,0.0,0.0
3.0,27.0,1.19,1.19,1.19,1.19,100.0,0.0
3.0,26.0,1.1,1.1,1.1,1.1,400.0,0.0
3.0,25.0,0.98,0.98,0.98,0.98,0.0,0.0
3.0,22.0,0.98,0.98,0.98,0.98,0.0,0.0
3.0,21.0,0.98,0.98,0.98,0.98,0.0,0.0
3.0,20.0,0.98,0.98,0.98,0.98,0.0,0.0
3.0,19.0,0.98,0.98,0.98,0.98,0.0,0.0
3.0,18.0,0.98,0.98,0.98,0.98,0.0,0.0
3.0,15.0,0.98,0.98,0.98,0.98,0.0,0.0
3.0,14.0,0.98,0.98,0.98,0.98,0.0,0.0
3.0,13.0,0.98,0.98,0.98,0.98,1000.0,0.0
3.0,12.0,0.98,0.98,0.98,0.98,0.0,0.0
3.0,11.0,0.98,0.98,0.98,0.98,0.0,0.0
3.0,8.0,0.98,0.98,0.98,0.98,0.0,0.0
3.0,7.0,0.98,0.98,0.98,0.98,12500.0,0.0
3.0,6.0,0.99,0.99,0.99,0.99,0.0,0.0
3.0,5.0,0.99,0.99,0.99,0.99,3000.0,0.0
3.0,4.0,0.97,0.97,0.97,0.97,0.0,0.0
3.0,1.0,0.97,0.97,0.97,0.97,0.0,0.0
2.0,28.0,0.97,0.97,0.97,0.97,0.0,0.0
2.0,27.0,0.98,0.98,0.97,0.97,800.0,-0.010000000000000009
2.0,26.0,0.9,0.9,0.9,0.9,0.0,0.0
2.0,25.0,0.9,0.9,0.9,0.9,0.0,0.0
2.0,22.0,0.9,0.9,0.9,0.9,0.0,0.0
2.0,21.0,0.9,0.9,0.9,0.9,0.0,0.0
2.0,20.0,0.99,0.99,0.9,0.9,6600.0,-0.08999999999999997
2.0,19.0,1.0,1.0,1.0,1.0,800.0,0.0
2.0,15.0,1.16,1.18,1.06,1.07,16800.0,-0.08999999999999986
2.0,14.0,1.22,1.22,1.19,1.19,91200.0,-0.030000000000000027
2.0,13.0,1.25,1.25,1.25,1.25,600.0,0.0
2.0,12.0,1.27,1.27,1.27,1.27,0.0,0.0
2.0,11.0,1.27,1.27,1.27,1.27,0.0,0.0
2.0,8.0,1.27,1.27,1.27,1.27,100.0,0.0
2.0,7.0,1.28,1.28,1.28,1.28,0.0,0.0
2.0,6.0,1.24,1.28,1.24,1.28,1200.0,0.040000000000000036
2.0,5.0,1.25,1.25,1.25,1.25,200.0,0.0
2.0,4.0,1.31,1.31,1.31,1.31,0.0,0.0
2.0,1.0,1.31,1.31,1.31,1.31,0.0,0.0
1.0,31.0,1.31,1.31,1.31,1.31,1000.0,0.0
1.0,30.0,1.24,1.24,1.24,1.24,0.0,0.0
1.0,29.0,1.24,1.24,1.24,1.24,0.0,0.0
1.0,28.0,1.27,1.27,1.23,1.24,6200.0,-0.030000000000000027
1.0,25.0,1.34,1.34,1.34,1.34,300.0,0.0
1.0,24.0,1.36,1.36,1.36,1.36,0.0,0.0
1.0,23.0,1.38,1.39,1.31,1.36,10200.0,-0.019999999999999796
1.0,22.0,1.41,1.41,1.41,1.41,0.0,0.0
1.0,18.0,1.41,1.41,1.41,1.41,1200.0,0.0
1.0,17.0,1.38,1.38,1.38,1.38,0.0,0.0
1.0,16.0,1.38,1.4,1.38,1.38,800.0,0.0
1.0,15.0,1.41,1.41,1.41,1.41,700.0,0.0
1.0,14.0,1.47,1.47,1.47,1.47,0.0,0.0
1.0,11.0,1.47,1.47,1.47,1.47,0.0,0.0
1.0,10.0,1.47,1.47,1.47,1.47,0.0,0.0
1.0,9.0,1.47,1.47,1.47,1.47,0.0,0.0
1.0,8.0,1.47,1.47,1.47,1.47,0.0,0.0
1.0,7.0,1.47,1.47,1.47,1.47,100.0,0.0
1.0,4.0,1.54,1.54,1.54,1.54,0.0,0.0
1.0,3.0,1.54,1.54,1.54,1.54,600.0,0.0
1.0,2.0,1.55,1.55,1.55,1.55,0.0,0.0
12.0,31.0,1.55,1.55,1.55,1.55,0.0,0.0
12.0,28.0,1.55,1.55,1.55,1.55,0.0,0.0
12.0,27.0,1.55,1.55,1.55,1.55,0.0,0.0
12.0,26.0,1.55,1.55,1.55,1.55,0.0,0.0
12.0,24.0,1.55,1.55,1.55,1.55,0.0,0.0
12.0,21.0,1.55,1.55,1.55,1.55,0.0,0.0
12.0,20.0,1.55,1.55,1.55,1.55,0.0,0.0
12.0,19.0,1.61,1.61,1.55,1.55,800.0,-0.06000000000000005
12.0,18.0,1.59,1.59,1.59,1.59,0.0,0.0
12.0,17.0,1.59,1.59,1.59,1.59,0.0,0.0
12.0,14.0,1.59,1.59,1.59,1.59,10000.0,0.0
12.0,13.0,1.62,1.62,1.62,1.62,0.0,0.0
12.0,12.0,1.62,1.62,1.62,1.62,0.0,0.0
12.0,11.0,1.62,1.62,1.62,1.62,200.0,0.0
12.0,10.0,1.67,1.67,1.67,1.67,100.0,0.0
12.0,7.0,1.56,1.56,1.56,1.56,0.0,0.0
12.0,6.0,1.56,1.56,1.56,1.56,200.0,0.0
12.0,5.0,1.63,1.63,1.63,1.63,400.0,0.0
12.0,4.0,1.62,1.62,1.6,1.6,4600.0,-0.020000000000000018
12.0,3.0,1.72,1.72,1.67,1.67,300.0,-0.050000000000000044
11.0,30.0,1.7,1.7,1.7,1.7,200.0,0.0
11.0,29.0,1.77,1.8,1.77,1.8,1000.0,0.030000000000000027
11.0,28.0,1.73,1.73,1.73,1.73,100.0,0.0
11.0,27.0,1.81,1.81,1.81,1.81,100.0,0.0
11.0,26.0,1.7,1.7,1.7,1.7,0.0,0.0
11.0,23.0,1.7,1.7,1.7,1.7,0.0,0.0
11.0,21.0,1.7,1.7,1.7,1.7,0.0,0.0
11.0,20.0,1.7,1.7,1.7,1.7,13100.0,0.0
11.0,19.0,1.7,1.7,1.7,1.7,0.0,0.0
11.0,16.0,1.7,1.7,1.7,1.7,0.0,0.0
11.0,15.0,1.7,1.7,1.7,1.7,0.0,0.0
11.0,14.0,1.7,1.7,1.7,1.7,0.0,0.0
11.0,13.0,1.63,1.7,1.63,1.7,6100.0,0.07000000000000006
11.0,12.0,1.6,1.6,1.6,1.6,0.0,0.0
11.0,9.0,1.6,1.6,1.6,1.6,0.0,0.0
11.0,8.0,1.6,1.6,1.6,1.6,0.0,0.0
11.0,7.0,1.6,1.6,1.6,1.6,0.0,0.0
11.0,6.0,1.6,1.6,1.6,1.6,0.0,0.0
11.0,5.0,1.6,1.61,1.6,1.6,5000.0,0.0
11.0,2.0,1.67,1.67,1.67,1.67,0.0,0.0
11.0,1.0,1.65,1.67,1.65,1.67,23100.0,0.020000000000000018
10.0,31.0,1.46,1.46,1.46,1.46,0.0,0.0
10.0,26.0,1.46,1.46,1.46,1.46,0.0,0.0
10.0,25.0,1.46,1.46,1.46,1.46,0.0,0.0
10.0,24.0,1.46,1.46,1.46,1.46,0.0,0.0
10.0,23.0,1.46,1.46,1.46,1.46,0.0,0.0
10.0,22.0,1.46,1.46,1.46,1.46,0.0,0.0
10.0,19.0,1.46,1.46,1.46,1.46,0.0,0.0
10.0,18.0,1.46,1.46,1.46,1.46,1000.0,0.0
10.0,17.0,1.43,1.43,1.43,1.43,0.0,0.0
10.0,16.0,1.43,1.43,1.43,1.43,0.0,0.0
10.0,15.0,1.43,1.43,1.43,1.43,0.0,0.0
10.0,12.0,1.43,1.43,1.43,1.43,0.0,0.0
10.0,11.0,1.43,1.43,1.43,1.43,0.0,0.0
10.0,10.0,1.43,1.43,1.43,1.43,0.0,0.0
10.0,9.0,1.43,1.43,1.43,1.43,0.0,0.0
10.0,8.0,1.43,1.43,1.43,1.43,0.0,0.0
10.0,5.0,1.43,1.43,1.43,1.43,0.0,0.0
10.0,4.0,1.43,1.43,1.43,1.43,10000.0,0.0
10.0,3.0,1.35,1.35,1.35,1.35,0.0,0.0
10.0,2.0,1.35,1.35,1.35,1.35,10100.0,0.0
10.0,1.0,1.19,1.19,1.19,1.19,0.0,0.0
9.0,28.0,1.19,1.19,1.19,1.19,0.0,0.0
9.0,27.0,1.19,1.19,1.19,1.19,0.0,0.0
9.0,26.0,1.17,1.19,1.17,1.19,8900.0,0.020000000000000018
9.0,25.0,1.2,1.2,1.2,1.2,0.0,0.0
9.0,24.0,1.2,1.2,1.2,1.2,0.0,0.0
9.0,21.0,1.2,1.2,1.2,1.2,0.0,0.0
9.0,20.0,1.2,1.2,1.2,1.2,1000.0,0.0
9.0,19.0,0.65,0.65,0.65,0.65,0.0,0.0
9.0,18.0,0.65,0.65,0.65,0.65,0.0,0.0
9.0,17.0,0.65,0.65,0.65,0.65,0.0,0.0
9.0,14.0,0.65,0.65,0.65,0.65,0.0,0.0
9.0,13.0,0.65,0.65,0.65,0.65,0.0,0.0
9.0,12.0,0.65,0.65,0.65,0.65,0.0,0.0
9.0,11.0,0.65,0.65,0.65,0.65,0.0,0.0
9.0,10.0,0.65,0.65,0.65,0.65,0.0,0.0
9.0,7.0,0.65,0.65,0.65,0.65,0.0,0.0
9.0,6.0,0.65,0.65,0.65,0.65,0.0,0.0
9.0,5.0,0.65,0.65,0.65,0.65,0.0,0.0
9.0,4.0,0.65,0.65,0.65,0.65,0.0,0.0
8.0,31.0,0.65,0.65,0.65,0.65,0.0,0.0
8.0,30.0,0.65,0.65,0.65,0.65,0.0,0.0
8.0,29.0,0.65,0.65,0.65,0.65,0.0,0.0
8.0,28.0,0.65,0.65,0.65,0.65,0.0,0.0
8.0,27.0,0.65,0.65,0.65,0.65,0.0,0.0
8.0,24.0,0.65,0.65,0.65,0.65,0.0,0.0
8.0,23.0,0.65,0.65,0.65,0.65,0.0,0.0
8.0,22.0,0.65,0.65,0.65,0.65,0.0,0.0
8.0,21.0,0.65,0.65,0.65,0.65,0.0,0.0
8.0,20.0,0.65,0.65,0.65,0.65,0.0,0.0
8.0,17.0,0.65,0.65,0.65,0.65,0.0,0.0
8.0,16.0,0.65,0.65,0.65,0.65,0.0,0.0
8.0,15.0,0.65,0.65,0.65,0.65,0.0,0.0
8.0,14.0,0.65,0.65,0.65,0.65,0.0,0.0
8.0,13.0,0.65,0.65,0.65,0.65,0.0,0.0
8.0,10.0,0.65,0.65,0.65,0.65,0.0,0.0
8.0,9.0,0.65,0.65,0.65,0.65,0.0,0.0
8.0,8.0,0.65,0.65,0.65,0.65,0.0,0.0
8.0,7.0,0.65,0.65,0.65,0.65,0.0,0.0
8.0,6.0,0.65,0.65,0.65,0.65,0.0,0.0
8.0,3.0,0.65,0.65,0.65,0.65,0.0,0.0
8.0,2.0,0.65,0.65,0.65,0.65,0.0,0.0
8.0,1.0,0.65,0.65,0.65,0.65,0.0,0.0
7.0,31.0,0.65,0.65,0.65,0.65,0.0,0.0
7.0,30.0,0.65,0.65,0.65,0.65,0.0,0.0
7.0,27.0,0.65,0.65,0.65,0.65,0.0,0.0
7.0,26.0,0.65,0.65,0.65,0.65,0.0,0.0
7.0,25.0,0.65,0.65,0.65,0.65,0.0,0.0
7.0,24.0,0.65,0.65,0.65,0.65,10000.0,0.0
7.0,23.0,0.67,0.67,0.67,0.67,14800.0,0.0
7.0,20.0,0.66,0.66,0.66,0.66,0.0,0.0
7.0,19.0,0.66,0.66,0.66,0.66,0.0,0.0
7.0,18.0,0.66,0.66,0.66,0.66,0.0,0.0
7.0,17.0,0.66,0.66,0.66,0.66,0.0,0.0
7.0,16.0,0.66,0.66,0.66,0.66,0.0,0.0
7.0,13.0,0.66,0.66,0.66,0.66,0.0,0.0
7.0,12.0,0.66,0.66,0.66,0.66,0.0,0.0
7.0,11.0,0.66,0.66,0.66,0.66,0.0,0.0
7.0,10.0,0.66,0.66,0.66,0.66,0.0,0.0
7.0,9.0,0.66,0.66,0.66,0.66,0.0,0.0
7.0,6.0,0.66,0.66,0.66,0.66,0.0,0.0
7.0,5.0,0.66,0.66,0.66,0.66,0.0,0.0
7.0,3.0,0.64,0.66,0.64,0.66,7900.0,0.020000000000000018
7.0,2.0,1.05,1.05,1.05,1.05,0.0,0.0
6.0,29.0,1.05,1.05,1.05,1.05,0.0,0.0
6.0,28.0,1.05,1.05,1.05,1.05,0.0,0.0
6.0,27.0,1.05,1.05,1.05,1.05,0.0,0.0
6.0,26.0,1.05,1.05,1.05,1.05,0.0,0.0
6.0,25.0,1.05,1.05,1.05,1.05,0.0,0.0
6.0,22.0,1.05,1.05,1.05,1.05,0.0,0.0
6.0,21.0,1.05,1.05,1.05,1.05,0.0,0.0
6.0,20.0,1.05,1.05,1.05,1.05,0.0,0.0
6.0,19.0,1.05,1.05,1.05,1.05,0.0,0.0
6.0,18.0,1.05,1.05,1.05,1.05,0.0,0.0
6.0,15.0,1.05,1.05,1.05,1.05,0.0,0.0
6.0,14.0,1.05,1.05,1.05,1.05,0.0,0.0
6.0,13.0,1.05,1.05,1.05,1.05,0.0,0.0
6.0,12.0,1.05,1.05,1.05,1.05,0.0,0.0
6.0,11.0,1.05,1.05,1.05,1.05,17500.0,0.0
6.0,8.0,0.88,0.88,0.88,0.88,0.0,0.0
6.0,7.0,0.88,0.88,0.88,0.88,0.0,0.0
6.0,6.0,0.88,0.88,0.88,0.88,0.0,0.0
6.0,5.0,0.88,0.88,0.88,0.88,0.0,0.0
6.0,4.0,0.88,0.88,0.88,0.88,7500.0,0.0
6.0,1.0,0.88,0.89,0.88,0.89,10500.0,0.010000000000000009
5.0,31.0,0.93,0.93,0.93,0.93,0.0,0.0
5.0,30.0,0.93,0.93,0.93,0.93,2700.0,0.0
5.0,29.0,0.99,0.99,0.99,0.99,2000.0,0.0
5.0,25.0,0.99,0.99,0.99,0.99,0.0,0.0
5.0,24.0,0.99,0.99,0.99,0.99,0.0,0.0
5.0,23.0,0.99,0.99,0.99,0.99,0.0,0.0
5.0,22.0,0.99,0.99,0.99,0.99,0.0,0.0
5.0,21.0,0.99,0.99,0.99,0.99,0.0,0.0
5.0,18.0,0.99,0.99,0.99,0.99,0.0,0.0
5.0,17.0,0.99,0.99,0.99,0.99,0.0,0.0
5.0,16.0,0.99,0.99,0.99,0.99,0.0,0.0
5.0,15.0,0.99,0.99,0.99,0.99,0.0,0.0
5.0,14.0,0.99,0.99,0.99,0.99,0.0,0.0
5.0,11.0,0.99,0.99,0.99,0.99,0.0,0.0
5.0,10.0,1.06,1.06,0.99,0.99,1000.0,-0.07000000000000006
5.0,9.0,1.06,1.08,1.06,1.08,3500.0,0.020000000000000018
5.0,8.0,1.14,1.14,1.14,1.14,0.0,0.0
5.0,7.0,1.14,1.14,1.14,1.14,0.0,0.0
5.0,4.0,1.14,1.14,1.14,1.14,0.0,0.0
5.0,3.0,1.14,1.14,1.14,1.14,0.0,0.0
5.0,2.0,1.14,1.14,1.14,1.14,0.0,0.0
5.0,1.0,1.14,1.14,1.14,1.14,0.0,0.0
4.0,30.0,1.14,1.14,1.14,1.14,0.0,0.0
4.0,27.0,1.14,1.14,1.14,1.14,0.0,0.0
4.0,26.0,1.14,1.14,1.14,1.14,0.0,0.0
4.0,25.0,1.14,1.14,1.14,1.14,0.0,0.0
4.0,24.0,1.14,1.14,1.14,1.14,0.0,0.0
4.0,23.0,1.14,1.14,1.14,1.14,0.0,0.0
4.0,20.0,1.14,1.14,1.14,1.14,0.0,0.0
4.0,19.0,1.14,1.14,1.14,1.14,800.0,0.0
4.0,18.0,1.07,1.07,1.07,1.07,0.0,0.0
