9.0,25.0,0.21,0.21,0.19,0.21,111600.0,0.0
9.0,24.0,0.2,0.21,0.2,0.2,66400.0,0.0
9.0,23.0,0.2,0.21,0.2,0.21,110400.0,0.009999999999999981
9.0,22.0,0.2,0.21,0.19,0.2,161600.0,0.0
9.0,21.0,0.21,0.22,0.2,0.2,136600.0,-0.009999999999999981
9.0,18.0,0.22,0.23,0.21,0.23,112400.0,0.010000000000000009
9.0,17.0,0.21,0.23,0.21,0.23,34600.0,0.020000000000000018
9.0,16.0,0.23,0.24,0.21,0.23,256000.0,0.0
9.0,15.0,0.24,0.25,0.21,0.25,202200.0,0.010000000000000009
9.0,14.0,0.19,0.25,0.19,0.24,871100.0,0.04999999999999999
9.0,11.0,0.19,0.19,0.18,0.19,299100.0,0.0
9.0,10.0,0.18,0.19,0.17,0.18,256000.0,0.0
9.0,9.0,0.18,0.19,0.17,0.18,273400.0,0.0
9.0,8.0,0.19,0.2,0.17,0.17,690800.0,-0.01999999999999999
9.0,4.0,0.21,0.22,0.2,0.2,296700.0,-0.009999999999999981
9.0,3.0,0.23,0.25,0.2,0.22,927500.0,-0.010000000000000009
9.0,2.0,0.19,0.26,0.19,0.23,1738200.0,0.04000000000000001
9.0,1.0,0.21,0.21,0.19,0.2,125000.0,-0.009999999999999981
8.0,31.0,0.21,0.21,0.2,0.21,218300.0,0.0
8.0,28.0,0.22,0.23,0.19,0.2,919500.0,-0.01999999999999999
8.0,27.0,0.22,0.23,0.21,0.22,198500.0,0.0
8.0,26.0,0.25,0.25,0.22,0.23,111300.0,-0.01999999999999999
8.0,25.0,0.24,0.25,0.23,0.23,340000.0,-0.009999999999999981
8.0,24.0,0.26,0.26,0.23,0.25,193200.0,-0.010000000000000009
8.0,21.0,0.26,0.27,0.26,0.26,209400.0,0.0
8.0,20.0,0.27,0.28,0.24,0.25,484000.0,-0.020000000000000018
8.0,19.0,0.28,0.29,0.27,0.27,188900.0,-0.010000000000000009
8.0,18.0,0.29,0.3,0.28,0.28,153200.0,-0.009999999999999953
8.0,17.0,0.29,0.32,0.29,0.3,101400.0,0.010000000000000009
8.0,14.0,0.3,0.32,0.29,0.29,119500.0,-0.010000000000000009
8.0,13.0,0.3,0.32,0.3,0.3,146500.0,0.0
8.0,12.0,0.31,0.32,0.29,0.29,157800.0,-0.020000000000000018
8.0,11.0,0.3,0.31,0.27,0.31,124300.0,0.010000000000000009
8.0,10.0,0.3,0.32,0.28,0.3,267600.0,0.0
8.0,7.0,0.26,0.3,0.25,0.3,569200.0,0.03999999999999998
8.0,6.0,0.28,0.28,0.25,0.27,143500.0,-0.010000000000000009
8.0,5.0,0.25,0.28,0.23,0.28,278100.0,0.030000000000000027
8.0,4.0,0.29,0.29,0.21,0.26,981800.0,-0.02999999999999997
8.0,3.0,0.24,0.31,0.22,0.28,616400.0,0.040000000000000036
7.0,31.0,0.24,0.26,0.22,0.24,320700.0,0.0
7.0,30.0,0.25,0.25,0.24,0.24,150400.0,-0.010000000000000009
7.0,29.0,0.25,0.26,0.25,0.25,283500.0,0.0
7.0,28.0,0.23,0.26,0.22,0.25,321000.0,0.01999999999999999
7.0,27.0,0.2,0.27,0.2,0.23,592000.0,0.03
7.0,24.0,0.31,0.35,0.19,0.25,2262100.0,-0.06
7.0,23.0,0.35,0.36,0.35,0.36,184400.0,0.010000000000000009
7.0,22.0,0.36,0.37,0.34,0.35,282100.0,-0.010000000000000009
7.0,21.0,0.37,0.4,0.36,0.36,259700.0,-0.010000000000000009
7.0,20.0,0.42,0.44,0.36,0.39,508600.0,-0.02999999999999997
7.0,17.0,0.45,0.45,0.42,0.42,64700.0,-0.030000000000000027
7.0,16.0,0.43,0.45,0.43,0.44,141900.0,0.010000000000000009
7.0,15.0,0.47,0.47,0.43,0.43,297100.0,-0.03999999999999998
7.0,14.0,0.45,0.47,0.45,0.46,165600.0,0.010000000000000009
7.0,13.0,0.48,0.51,0.45,0.45,250600.0,-0.02999999999999997
7.0,10.0,0.5,0.5,0.47,0.48,94200.0,-0.020000000000000018
7.0,9.0,0.51,0.51,0.44,0.48,338300.0,-0.030000000000000027
7.0,8.0,0.51,0.53,0.5,0.5,133400.0,-0.010000000000000009
7.0,7.0,0.52,0.53,0.51,0.51,222400.0,-0.010000000000000009
7.0,6.0,0.52,0.54,0.51,0.53,175300.0,0.010000000000000009
7.0,2.0,0.51,0.55,0.51,0.51,124900.0,0.0
7.0,1.0,0.52,0.54,0.5,0.5,296600.0,-0.020000000000000018
6.0,30.0,0.54,0.55,0.53,0.53,95100.0,-0.010000000000000009
6.0,29.0,0.54,0.56,0.53,0.53,154800.0,-0.010000000000000009
6.0,26.0,0.54,0.56,0.53,0.53,271400.0,-0.010000000000000009
6.0,25.0,0.55,0.55,0.53,0.55,84300.0,0.0
6.0,24.0,0.54,0.55,0.53,0.55,42500.0,0.010000000000000009
6.0,23.0,0.54,0.56,0.53,0.54,69400.0,0.0
6.0,22.0,0.52,0.55,0.52,0.55,144200.0,0.030000000000000027
6.0,19.0,0.55,0.56,0.52,0.52,104400.0,-0.030000000000000027
6.0,18.0,0.56,0.56,0.53,0.55,39500.0,-0.010000000000000009
6.0,17.0,0.55,0.56,0.53,0.56,83100.0,0.010000000000000009
6.0,16.0,0.57,0.57,0.54,0.56,125700.0,-0.009999999999999898
6.0,15.0,0.55,0.57,0.54,0.57,116900.0,0.019999999999999907
6.0,12.0,0.56,0.57,0.55,0.56,75700.0,0.0
6.0,11.0,0.55,0.59,0.55,0.56,100500.0,0.010000000000000009
6.0,10.0,0.59,0.59,0.56,0.58,115600.0,-0.010000000000000009
6.0,9.0,0.56,0.59,0.54,0.59,90600.0,0.029999999999999916
6.0,8.0,0.59,0.61,0.54,0.55,123600.0,-0.039999999999999925
6.0,5.0,0.6,0.62,0.58,0.59,126400.0,-0.010000000000000009
6.0,4.0,0.58,0.64,0.58,0.6,532700.0,0.020000000000000018
6.0,3.0,0.6,0.62,0.58,0.61,58900.0,0.010000000000000009
6.0,2.0,0.61,0.62,0.6,0.6,44100.0,-0.010000000000000009
6.0,1.0,0.62,0.62,0.59,0.6,46500.0,-0.020000000000000018
5.0,29.0,0.6,0.61,0.58,0.61,61400.0,0.010000000000000009
5.0,28.0,0.58,0.6,0.58,0.6,27000.0,0.020000000000000018
5.0,27.0,0.59,0.61,0.58,0.61,82400.0,0.020000000000000018
5.0,26.0,0.6,0.62,0.58,0.58,161000.0,-0.020000000000000018
5.0,22.0,0.6,0.62,0.59,0.61,89300.0,0.010000000000000009
5.0,21.0,0.6,0.63,0.59,0.61,73300.0,0.010000000000000009
5.0,20.0,0.63,0.64,0.59,0.6,230500.0,-0.030000000000000027
5.0,19.0,0.66,0.67,0.64,0.65,36600.0,-0.010000000000000009
5.0,18.0,0.66,0.69,0.66,0.67,103000.0,0.010000000000000009
5.0,15.0,0.67,0.68,0.63,0.66,441700.0,-0.010000000000000009
5.0,14.0,0.58,0.62,0.58,0.62,233700.0,0.040000000000000036
5.0,13.0,0.56,0.63,0.5,0.58,959600.0,0.019999999999999907
5.0,12.0,0.67,0.68,0.65,0.66,192300.0,-0.010000000000000009
5.0,11.0,0.69,0.71,0.67,0.67,174600.0,-0.019999999999999907
5.0,8.0,0.71,0.71,0.69,0.69,39400.0,-0.020000000000000018
5.0,7.0,0.71,0.71,0.68,0.7,79100.0,-0.010000000000000009
5.0,6.0,0.73,0.75,0.67,0.67,167900.0,-0.05999999999999994
5.0,5.0,0.75,0.75,0.73,0.74,39600.0,-0.010000000000000009
5.0,4.0,0.75,0.75,0.71,0.74,64400.0,-0.010000000000000009
5.0,1.0,0.73,0.75,0.72,0.74,49100.0,0.010000000000000009
4.0,30.0,0.75,0.76,0.73,0.73,57400.0,-0.020000000000000018
4.0,29.0,0.77,0.77,0.74,0.76,63300.0,-0.010000000000000009
4.0,28.0,0.75,0.77,0.74,0.75,135800.0,0.0
4.0,27.0,0.76,0.78,0.75,0.75,79200.0,-0.010000000000000009
4.0,24.0,0.78,0.79,0.75,0.76,423200.0,-0.020000000000000018
4.0,23.0,0.76,0.78,0.75,0.76,151500.0,0.0
4.0,22.0,0.75,0.78,0.75,0.76,517300.0,0.010000000000000009
4.0,21.0,0.73,0.74,0.69,0.73,109700.0,0.0
4.0,20.0,0.75,0.75,0.71,0.73,69800.0,-0.020000000000000018
4.0,17.0,0.75,0.76,0.73,0.74,144800.0,-0.010000000000000009
4.0,16.0,0.76,0.78,0.72,0.73,266800.0,-0.030000000000000027
4.0,15.0,0.68,0.75,0.66,0.75,339000.0,0.06999999999999995
4.0,14.0,0.69,0.72,0.68,0.69,169100.0,0.0
4.0,13.0,0.67,0.71,0.67,0.71,71500.0,0.039999999999999925
4.0,10.0,0.69,0.7,0.66,0.68,134400.0,-0.009999999999999898
4.0,9.0,0.65,0.68,0.65,0.66,78100.0,0.010000000000000009
4.0,8.0,0.67,0.71,0.65,0.67,205600.0,0.0
4.0,7.0,0.57,0.74,0.57,0.69,698500.0,0.12
4.0,6.0,0.56,0.59,0.56,0.57,83900.0,0.009999999999999898
4.0,2.0,0.57,0.6,0.56,0.57,96800.0,0.0
4.0,1.0,0.56,0.59,0.55,0.57,140500.0,0.009999999999999898
3.0,31.0,0.57,0.58,0.55,0.56,157700.0,-0.009999999999999898
3.0,30.0,0.59,0.6,0.56,0.58,139600.0,-0.010000000000000009
3.0,27.0,0.6,0.6,0.55,0.58,209600.0,-0.020000000000000018
3.0,26.0,0.6,0.6,0.55,0.57,190300.0,-0.030000000000000027
3.0,25.0,0.6,0.6,0.55,0.58,191700.0,-0.020000000000000018
3.0,24.0,0.6,0.61,0.56,0.57,153700.0,-0.030000000000000027
3.0,23.0,0.56,0.6,0.54,0.59,384100.0,0.029999999999999916
3.0,20.0,0.56,0.59,0.56,0.57,120500.0,0.009999999999999898
3.0,19.0,0.6,0.6,0.56,0.56,252500.0,-0.039999999999999925
3.0,18.0,0.65,0.65,0.57,0.59,1016900.0,-0.06000000000000005
3.0,17.0,0.67,0.68,0.64,0.64,80200.0,-0.030000000000000027
3.0,16.0,0.7,0.7,0.65,0.66,74800.0,-0.039999999999999925
3.0,13.0,0.69,0.71,0.66,0.71,93100.0,0.020000000000000018
3.0,12.0,0.71,0.71,0.67,0.68,213400.0,-0.029999999999999916
3.0,11.0,0.65,0.72,0.63,0.71,378800.0,0.05999999999999994
3.0,10.0,0.73,0.74,0.54,0.61,826300.0,-0.12
3.0,9.0,0.8,0.81,0.74,0.77,300500.0,-0.030000000000000027
3.0,6.0,0.75,0.83,0.75,0.8,496600.0,0.050000000000000044
3.0,5.0,0.81,0.85,0.8,0.81,814100.0,0.0
3.0,4.0,0.9,0.9,0.88,0.9,126600.0,0.0
3.0,3.0,0.9,0.9,0.87,0.88,87300.0,-0.020000000000000018
3.0,2.0,0.9,0.9,0.84,0.87,78300.0,-0.030000000000000027
2.0,27.0,0.86,0.89,0.83,0.89,157400.0,0.030000000000000027
2.0,26.0,0.88,0.88,0.81,0.84,335500.0,-0.040000000000000036
2.0,25.0,0.88,0.89,0.87,0.87,56700.0,-0.010000000000000009
2.0,24.0,0.86,0.9,0.85,0.87,118500.0,0.010000000000000009
2.0,23.0,0.9,0.9,0.87,0.88,293200.0,-0.020000000000000018
2.0,20.0,0.94,0.95,0.9,0.92,493600.0,-0.019999999999999907
2.0,19.0,0.87,0.97,0.86,0.95,1246300.0,0.07999999999999996
2.0,18.0,0.88,0.88,0.85,0.86,117900.0,-0.020000000000000018
2.0,17.0,0.86,0.88,0.85,0.85,137400.0,-0.010000000000000009
2.0,13.0,0.86,0.87,0.83,0.86,54000.0,0.0
2.0,12.0,0.85,0.86,0.83,0.85,38400.0,0.0
2.0,11.0,0.87,0.87,0.83,0.83,104500.0,-0.040000000000000036
2.0,10.0,0.85,0.87,0.84,0.84,111800.0,-0.010000000000000009
2.0,9.0,0.8,0.89,0.8,0.86,213400.0,0.05999999999999994
2.0,6.0,0.83,0.84,0.82,0.83,47200.0,0.0
2.0,5.0,0.8,0.84,0.78,0.82,202800.0,0.019999999999999907
2.0,4.0,0.8,0.84,0.8,0.8,91800.0,0.0
2.0,3.0,0.83,0.84,0.79,0.8,188600.0,-0.029999999999999916
2.0,2.0,0.82,0.84,0.8,0.81,158600.0,-0.009999999999999898
1.0,30.0,0.81,0.83,0.8,0.8,230200.0,-0.010000000000000009
1.0,29.0,0.88,0.88,0.83,0.84,202000.0,-0.040000000000000036
1.0,28.0,0.89,0.92,0.85,0.88,221100.0,-0.010000000000000009
1.0,27.0,0.88,0.91,0.87,0.91,135600.0,0.030000000000000027
1.0,26.0,0.88,0.9,0.86,0.89,176800.0,0.010000000000000009
1.0,23.0,0.86,0.9,0.86,0.9,89200.0,0.040000000000000036
1.0,22.0,0.85,0.88,0.85,0.86,190600.0,0.010000000000000009
1.0,21.0,0.87,0.9,0.86,0.87,249500.0,0.0
1.0,20.0,0.91,0.92,0.87,0.9,207300.0,-0.010000000000000009
1.0,16.0,0.9,0.95,0.9,0.91,167900.0,0.010000000000000009
1.0,15.0,1.0,1.0,0.9,0.91,531300.0,-0.08999999999999997
1.0,14.0,0.93,1.04,0.93,0.99,1459000.0,0.05999999999999994
1.0,13.0,1.02,1.05,0.97,1.02,598200.0,0.0
1.0,12.0,1.03,1.05,1.0,1.04,235000.0,0.010000000000000009
1.0,9.0,0.99,1.04,0.99,1.04,162100.0,0.050000000000000044
1.0,8.0,0.97,1.02,0.97,1.01,272700.0,0.040000000000000036
1.0,7.0,0.92,1.0,0.92,0.95,262700.0,0.029999999999999916
1.0,6.0,0.92,0.96,0.92,0.95,186400.0,0.029999999999999916
1.0,5.0,0.98,0.98,0.92,0.93,196700.0,-0.04999999999999993
1.0,2.0,0.98,1.03,0.97,0.98,233300.0,0.0
12.0,31.0,0.94,0.97,0.92,0.96,389400.0,0.020000000000000018
12.0,30.0,0.95,0.95,0.91,0.92,486600.0,-0.029999999999999916
12.0,29.0,0.93,0.97,0.91,0.94,576200.0,0.009999999999999898
12.0,26.0,0.96,0.98,0.93,0.94,595300.0,-0.020000000000000018
12.0,24.0,1.0,1.0,0.94,0.96,430600.0,-0.040000000000000036
12.0,23.0,1.0,1.03,0.97,1.0,847800.0,0.0
12.0,22.0,1.05,1.08,1.01,1.04,584800.0,-0.010000000000000009
12.0,19.0,1.12,1.12,1.05,1.08,557500.0,-0.040000000000000036
12.0,18.0,1.15,1.17,1.1,1.11,219800.0,-0.039999999999999813
12.0,17.0,1.11,1.18,1.09,1.14,773500.0,0.029999999999999805
12.0,16.0,1.06,1.11,1.01,1.11,556400.0,0.050000000000000044
12.0,15.0,1.04,1.08,1.04,1.08,251800.0,0.040000000000000036
12.0,12.0,1.04,1.08,1.03,1.05,258000.0,0.010000000000000009
12.0,11.0,1.03,1.11,1.03,1.07,459200.0,0.040000000000000036
12.0,10.0,1.06,1.11,1.06,1.1,343200.0,0.040000000000000036
12.0,9.0,1.04,1.1,1.04,1.09,151000.0,0.050000000000000044
12.0,8.0,1.11,1.12,1.05,1.06,302800.0,-0.050000000000000044
12.0,5.0,1.09,1.13,1.06,1.11,446700.0,0.020000000000000018
12.0,4.0,1.01,1.09,1.01,1.08,508100.0,0.07000000000000006
12.0,3.0,1.07,1.07,1.02,1.03,296400.0,-0.040000000000000036
12.0,2.0,1.0,1.07,1.0,1.06,579900.0,0.06000000000000005
12.0,1.0,1.05,1.06,1.0,1.01,362200.0,-0.040000000000000036
11.0,28.0,1.09,1.14,1.04,1.04,187900.0,-0.050000000000000044
11.0,26.0,1.05,1.13,1.01,1.12,573100.0,0.07000000000000006
11.0,25.0,1.01,1.15,1.01,1.06,2661600.0,0.050000000000000044
11.0,24.0,1.0,1.0,0.94,0.94,170100.0,-0.06000000000000005
11.0,21.0,0.94,0.99,0.92,0.98,482400.0,0.040000000000000036
11.0,20.0,0.88,0.94,0.88,0.94,337800.0,0.05999999999999994
11.0,19.0,0.89,0.92,0.88,0.89,499000.0,0.0
11.0,18.0,0.96,0.96,0.88,0.92,1191600.0,-0.039999999999999925
11.0,17.0,1.02,1.02,0.97,0.99,336800.0,-0.030000000000000027
11.0,14.0,1.04,1.04,1.0,1.04,361300.0,0.0
11.0,13.0,1.02,1.03,1.0,1.03,169700.0,0.010000000000000009
11.0,12.0,1.0,1.04,0.99,1.02,157800.0,0.020000000000000018
11.0,11.0,1.05,1.06,1.0,1.01,112500.0,-0.040000000000000036
11.0,10.0,1.03,1.06,1.02,1.05,128900.0,0.020000000000000018
11.0,7.0,1.04,1.07,1.03,1.06,155500.0,0.020000000000000018
11.0,6.0,1.06,1.07,1.01,1.07,211700.0,0.010000000000000009
11.0,5.0,1.01,1.06,1.0,1.06,166700.0,0.050000000000000044
11.0,4.0,1.0,1.02,0.99,1.01,220500.0,0.010000000000000009
11.0,3.0,1.06,1.07,1.0,1.02,297100.0,-0.040000000000000036
10.0,31.0,1.12,1.12,1.06,1.06,233900.0,-0.06000000000000005
10.0,30.0,1.1,1.11,1.06,1.1,223900.0,0.0
10.0,29.0,1.05,1.13,1.05,1.11,185300.0,0.06000000000000005
10.0,28.0,1.12,1.12,1.05,1.08,220400.0,-0.040000000000000036
10.0,27.0,1.16,1.16,1.09,1.1,178800.0,-0.05999999999999983
10.0,24.0,1.14,1.17,1.1,1.16,275200.0,0.020000000000000018
10.0,23.0,1.17,1.17,1.08,1.13,538100.0,-0.040000000000000036
10.0,22.0,1.2,1.2,1.08,1.16,722300.0,-0.040000000000000036
10.0,21.0,1.02,1.16,1.02,1.15,848900.0,0.1299999999999999
10.0,20.0,1.06,1.08,1.01,1.04,332600.0,-0.020000000000000018
10.0,17.0,1.2,1.2,1.03,1.05,624900.0,-0.1499999999999999
10.0,16.0,0.91,1.15,0.9,1.14,654500.0,0.22999999999999987
10.0,15.0,1.01,1.01,0.89,0.95,829300.0,-0.06000000000000005
10.0,14.0,1.0,1.05,0.97,1.0,1246500.0,0.0
10.0,13.0,1.09,1.12,0.97,0.98,1636000.0,-0.1100000000000001
10.0,10.0,1.19,1.19,1.12,1.12,480000.0,-0.06999999999999984
10.0,9.0,1.37,1.37,1.1,1.18,2063700.0,-0.19000000000000017
10.0,8.0,1.23,1.32,1.22,1.3,1215800.0,0.07000000000000006
10.0,7.0,1.14,1.2,1.14,1.19,407800.0,0.050000000000000044
10.0,6.0,1.21,1.21,1.13,1.15,344100.0,-0.06000000000000005
10.0,3.0,1.17,1.22,1.16,1.18,323700.0,0.010000000000000009
10.0,2.0,1.16,1.19,1.13,1.17,322000.0,0.010000000000000009
10.0,1.0,1.22,1.25,1.16,1.17,370500.0,-0.050000000000000044
9.0,30.0,1.2,1.27,1.2,1.23,489600.0,0.030000000000000027
9.0,29.0,1.19,1.25,1.14,1.2,423300.0,0.010000000000000009
9.0,26.0,1.15,1.22,1.14,1.18,267500.0,0.030000000000000027
9.0,25.0,1.18,1.19,1.14,1.14,287700.0,-0.040000000000000036
9.0,24.0,1.17,1.21,1.15,1.18,250400.0,0.010000000000000009
9.0,23.0,1.18,1.22,1.15,1.19,762600.0,0.010000000000000009
9.0,22.0,1.24,1.24,1.18,1.2,333400.0,-0.040000000000000036
9.0,19.0,1.26,1.26,1.19,1.24,768100.0,-0.020000000000000018
9.0,18.0,1.32,1.32,1.26,1.26,255200.0,-0.06000000000000005
9.0,17.0,1.31,1.31,1.27,1.29,202700.0,-0.020000000000000018
9.0,16.0,1.34,1.34,1.28,1.31,242900.0,-0.030000000000000027
9.0,15.0,1.33,1.36,1.3,1.32,343400.0,-0.010000000000000009
9.0,12.0,1.33,1.37,1.33,1.33,180200.0,0.0
9.0,11.0,1.35,1.37,1.31,1.35,226200.0,0.0
9.0,10.0,1.37,1.37,1.31,1.33,294700.0,-0.040000000000000036
9.0,9.0,1.35,1.38,1.31,1.34,274600.0,-0.010000000000000009
9.0,8.0,1.35,1.37,1.32,1.33,293400.0,-0.020000000000000018
9.0,5.0,1.4,1.4,1.32,1.34,558900.0,-0.05999999999999983
9.0,4.0,1.38,1.41,1.36,1.39,275100.0,0.010000000000000009
9.0,3.0,1.45,1.45,1.36,1.37,1094000.0,-0.07999999999999985
9.0,2.0,1.5,1.53,1.43,1.44,1290000.0,-0.06000000000000005
8.0,29.0,1.51,1.55,1.46,1.5,618400.0,-0.010000000000000009
8.0,28.0,1.45,1.54,1.44,1.51,2134800.0,0.06000000000000005
8.0,27.0,1.4,1.49,1.39,1.46,1040800.0,0.06000000000000005
8.0,26.0,1.41,1.41,1.33,1.38,342200.0,-0.030000000000000027
8.0,25.0,1.42,1.43,1.38,1.4,356100.0,-0.020000000000000018
8.0,22.0,1.39,1.43,1.38,1.4,295700.0,0.010000000000000009
8.0,21.0,1.42,1.44,1.39,1.4,652600.0,-0.020000000000000018
8.0,20.0,1.41,1.48,1.41,1.42,537500.0,0.010000000000000009
8.0,19.0,1.44,1.45,1.39,1.43,480000.0,-0.010000000000000009
8.0,18.0,1.4,1.44,1.4,1.43,261300.0,0.030000000000000027
8.0,15.0,1.4,1.43,1.37,1.42,193000.0,0.020000000000000018
8.0,14.0,1.42,1.42,1.36,1.39,330300.0,-0.030000000000000027
8.0,13.0,1.45,1.46,1.41,1.42,326600.0,-0.030000000000000027
8.0,12.0,1.53,1.54,1.44,1.46,471500.0,-0.07000000000000006
8.0,11.0,1.48,1.53,1.44,1.52,1103300.0,0.040000000000000036
8.0,8.0,1.39,1.44,1.37,1.42,368400.0,0.030000000000000027
8.0,7.0,1.38,1.43,1.38,1.4,381400.0,0.020000000000000018
8.0,6.0,1.35,1.4,1.35,1.38,236200.0,0.029999999999999805
8.0,5.0,1.41,1.46,1.36,1.39,502100.0,-0.020000000000000018
8.0,4.0,1.46,1.51,1.4,1.41,670600.0,-0.050000000000000044
8.0,1.0,1.5,1.52,1.44,1.48,407700.0,-0.020000000000000018
7.0,31.0,1.51,1.52,1.44,1.48,925100.0,-0.030000000000000027
7.0,30.0,1.56,1.6,1.5,1.53,1159600.0,-0.030000000000000027
7.0,29.0,1.53,1.62,1.52,1.57,1056200.0,0.040000000000000036
7.0,28.0,1.6,1.6,1.52,1.52,717600.0,-0.08000000000000007
7.0,25.0,1.67,1.75,1.53,1.6,3390400.0,-0.06999999999999984
7.0,24.0,1.97,1.98,1.86,1.86,667000.0,-0.10999999999999988
7.0,23.0,1.96,1.99,1.91,1.95,172200.0,-0.010000000000000009
7.0,22.0,1.99,2.08,1.95,1.95,503600.0,-0.040000000000000036
7.0,21.0,1.9,2.08,1.82,2.04,1008000.0,0.14000000000000012
7.0,18.0,1.92,1.94,1.86,1.91,398600.0,-0.010000000000000009
7.0,17.0,2.0,2.02,1.93,1.93,490700.0,-0.07000000000000006
7.0,16.0,2.04,2.07,1.96,2.0,839400.0,-0.040000000000000036
7.0,15.0,2.03,2.03,1.89,1.99,1844300.0,-0.039999999999999813
7.0,14.0,2.25,2.26,2.06,2.07,1446400.0,-0.18000000000000016
7.0,11.0,2.37,2.4,2.24,2.27,1467100.0,-0.10000000000000009
7.0,10.0,2.35,2.55,2.21,2.37,4554400.0,0.020000000000000018
7.0,9.0,2.25,2.3,2.13,2.24,1053700.0,-0.009999999999999787
7.0,8.0,2.31,2.32,2.1,2.23,1378300.0,-0.08000000000000007
7.0,7.0,2.34,2.45,2.28,2.35,1634800.0,0.010000000000000231
7.0,3.0,2.19,2.26,2.12,2.26,1208900.0,0.06999999999999984
7.0,2.0,2.12,2.2,2.01,2.14,1884000.0,0.020000000000000018
7.0,1.0,2.1,2.14,1.97,1.98,1556400.0,-0.1200000000000001
6.0,30.0,1.95,2.12,1.95,2.1,3075300.0,0.15000000000000013
6.0,27.0,1.82,2.05,1.77,1.93,8734500.0,0.10999999999999988
6.0,26.0,1.6,1.71,1.58,1.69,2774700.0,0.08999999999999986
6.0,25.0,1.46,1.53,1.46,1.5,256100.0,0.040000000000000036
6.0,24.0,1.58,1.58,1.43,1.46,497200.0,-0.1200000000000001
6.0,23.0,1.47,1.57,1.47,1.55,560400.0,0.08000000000000007
6.0,20.0,1.47,1.5,1.46,1.46,191600.0,-0.010000000000000009
6.0,19.0,1.59,1.6,1.47,1.49,293200.0,-0.10000000000000009
6.0,18.0,1.41,1.54,1.41,1.54,960100.0,0.13000000000000012
6.0,17.0,1.36,1.43,1.36,1.41,287000.0,0.04999999999999982
6.0,16.0,1.32,1.41,1.32,1.38,427400.0,0.05999999999999983
6.0,13.0,1.29,1.31,1.26,1.31,75500.0,0.020000000000000018
6.0,12.0,1.28,1.31,1.25,1.3,212100.0,0.020000000000000018
6.0,11.0,1.33,1.33,1.26,1.28,483700.0,-0.050000000000000044
6.0,10.0,1.38,1.39,1.31,1.33,330400.0,-0.04999999999999982
6.0,9.0,1.39,1.4,1.35,1.36,332900.0,-0.029999999999999805
6.0,6.0,1.35,1.48,1.34,1.36,1120100.0,0.010000000000000009
6.0,5.0,1.4,1.42,1.32,1.35,991100.0,-0.04999999999999982
6.0,4.0,1.41,1.77,1.39,1.42,9025800.0,0.010000000000000009
6.0,3.0,1.25,1.26,1.2,1.22,195500.0,-0.030000000000000027
6.0,2.0,1.3,1.31,1.26,1.27,178600.0,-0.030000000000000027
5.0,30.0,1.33,1.38,1.3,1.31,208900.0,-0.020000000000000018
5.0,29.0,1.37,1.41,1.27,1.37,616500.0,0.0
5.0,28.0,1.39,1.5,1.34,1.4,2740700.0,0.010000000000000009
5.0,27.0,1.25,1.28,1.23,1.27,175000.0,0.020000000000000018
5.0,23.0,1.2,1.23,1.19,1.22,100000.0,0.020000000000000018
5.0,22.0,1.18,1.23,1.18,1.22,126000.0,0.040000000000000036
5.0,21.0,1.2,1.22,1.16,1.19,79200.0,-0.010000000000000009
5.0,20.0,1.25,1.25,1.18,1.2,93500.0,-0.050000000000000044
5.0,19.0,1.28,1.28,1.2,1.24,163500.0,-0.040000000000000036
5.0,16.0,1.12,1.28,1.1,1.27,670600.0,0.1499999999999999
5.0,15.0,1.17,1.29,1.1,1.1,842700.0,-0.06999999999999984
5.0,14.0,1.28,1.28,1.23,1.25,181100.0,-0.030000000000000027
5.0,13.0,1.27,1.28,1.24,1.25,176500.0,-0.020000000000000018
5.0,12.0,1.25,1.3,1.25,1.28,83400.0,0.030000000000000027
5.0,9.0,1.27,1.31,1.25,1.25,179800.0,-0.020000000000000018
5.0,8.0,1.27,1.33,1.25,1.28,198700.0,0.010000000000000009
5.0,7.0,1.37,1.37,1.25,1.26,338600.0,-0.1100000000000001
5.0,6.0,1.32,1.38,1.31,1.37,139900.0,0.050000000000000044
5.0,5.0,1.31,1.37,1.28,1.31,194500.0,0.0
5.0,2.0,1.33,1.34,1.29,1.31,108000.0,-0.020000000000000018
5.0,1.0,1.37,1.38,1.28,1.32,129800.0,-0.050000000000000044
4.0,30.0,1.41,1.43,1.35,1.38,97000.0,-0.030000000000000027
4.0,29.0,1.27,1.43,1.25,1.4,274100.0,0.1299999999999999
4.0,28.0,1.31,1.32,1.25,1.28,179600.0,-0.030000000000000027
4.0,25.0,1.36,1.36,1.3,1.31,99700.0,-0.050000000000000044
4.0,24.0,1.36,1.37,1.31,1.31,108700.0,-0.050000000000000044
4.0,23.0,1.39,1.39,1.32,1.36,63900.0,-0.029999999999999805
4.0,22.0,1.36,1.39,1.34,1.39,120500.0,0.029999999999999805
4.0,21.0,1.38,1.38,1.34,1.37,114900.0,-0.009999999999999787
4.0,17.0,1.28,1.37,1.28,1.35,120000.0,0.07000000000000006
4.0,16.0,1.27,1.3,1.23,1.3,144200.0,0.030000000000000027
4.0,15.0,1.28,1.32,1.22,1.25,367200.0,-0.030000000000000027
4.0,14.0,1.38,1.38,1.29,1.3,152200.0,-0.07999999999999985
4.0,11.0,1.39,1.4,1.34,1.35,131300.0,-0.039999999999999813
4.0,10.0,1.41,1.43,1.36,1.38,119200.0,-0.030000000000000027
4.0,9.0,1.4,1.41,1.36,1.39,122600.0,-0.010000000000000009
4.0,8.0,1.32,1.44,1.32,1.41,222400.0,0.08999999999999986
4.0,7.0,1.35,1.36,1.29,1.3,310400.0,-0.050000000000000044
4.0,4.0,1.38,1.39,1.35,1.35,196000.0,-0.029999999999999805
4.0,3.0,1.43,1.47,1.38,1.38,165500.0,-0.050000000000000044
4.0,2.0,1.4,1.45,1.37,1.43,121600.0,0.030000000000000027
4.0,1.0,1.39,1.43,1.37,1.41,146900.0,0.020000000000000018
3.0,31.0,1.4,1.43,1.35,1.4,146900.0,0.0
3.0,28.0,1.38,1.39,1.35,1.37,185700.0,-0.009999999999999787
3.0,27.0,1.4,1.4,1.36,1.38,255300.0,-0.020000000000000018
3.0,26.0,1.46,1.47,1.36,1.39,439400.0,-0.07000000000000006
3.0,25.0,1.45,1.5,1.43,1.46,121600.0,0.010000000000000009
3.0,24.0,1.49,1.52,1.41,1.47,291500.0,-0.020000000000000018
3.0,21.0,1.42,1.52,1.41,1.47,369600.0,0.050000000000000044
3.0,20.0,1.43,1.45,1.39,1.42,278800.0,-0.010000000000000009
3.0,19.0,1.44,1.47,1.42,1.44,119300.0,0.0
3.0,18.0,1.45,1.48,1.43,1.44,272800.0,-0.010000000000000009
3.0,17.0,1.5,1.5,1.46,1.46,70300.0,-0.040000000000000036
3.0,14.0,1.47,1.51,1.45,1.49,273400.0,0.020000000000000018
3.0,13.0,1.55,1.56,1.47,1.49,218900.0,-0.06000000000000005
3.0,12.0,1.53,1.54,1.48,1.54,140600.0,0.010000000000000009
3.0,11.0,1.64,1.69,1.47,1.56,690100.0,-0.07999999999999985
3.0,10.0,1.57,1.66,1.57,1.64,980900.0,0.06999999999999984
3.0,7.0,1.46,1.58,1.46,1.56,1231400.0,0.10000000000000009
3.0,6.0,1.43,1.49,1.41,1.46,360500.0,0.030000000000000027
3.0,5.0,1.38,1.44,1.38,1.41,339200.0,0.030000000000000027
3.0,4.0,1.42,1.42,1.36,1.38,201300.0,-0.040000000000000036
3.0,3.0,1.36,1.4,1.36,1.38,153800.0,0.019999999999999796
2.0,28.0,1.41,1.43,1.37,1.39,276200.0,-0.020000000000000018
2.0,27.0,1.4,1.45,1.39,1.42,139300.0,0.020000000000000018
2.0,26.0,1.39,1.47,1.33,1.43,505900.0,0.040000000000000036
2.0,25.0,1.39,1.4,1.36,1.36,221200.0,-0.029999999999999805
2.0,24.0,1.4,1.44,1.35,1.39,356100.0,-0.010000000000000009
2.0,21.0,1.44,1.47,1.4,1.41,288800.0,-0.030000000000000027
2.0,20.0,1.37,1.45,1.36,1.42,202400.0,0.04999999999999982
2.0,19.0,1.43,1.45,1.34,1.36,770700.0,-0.06999999999999984
2.0,18.0,1.43,1.47,1.43,1.44,237300.0,0.010000000000000009
2.0,14.0,1.48,1.49,1.42,1.42,212100.0,-0.06000000000000005
2.0,13.0,1.46,1.5,1.44,1.47,128200.0,0.010000000000000009
2.0,12.0,1.5,1.5,1.42,1.47,189100.0,-0.030000000000000027
2.0,11.0,1.47,1.52,1.45,1.47,198100.0,0.0
2.0,10.0,1.47,1.52,1.45,1.48,184100.0,0.010000000000000009
2.0,7.0,1.44,1.49,1.42,1.46,332000.0,0.020000000000000018
2.0,6.0,1.39,1.46,1.38,1.41,187700.0,0.020000000000000018
2.0,5.0,1.44,1.46,1.34,1.36,697900.0,-0.07999999999999985
2.0,4.0,1.51,1.55,1.44,1.44,536600.0,-0.07000000000000006
2.0,3.0,1.53,1.57,1.5,1.52,374600.0,-0.010000000000000009
1.0,31.0,1.55,1.64,1.53,1.56,549800.0,0.010000000000000009
1.0,30.0,1.54,1.62,1.51,1.57,197200.0,0.030000000000000027
1.0,29.0,1.56,1.58,1.52,1.54,264200.0,-0.020000000000000018
1.0,28.0,1.6,1.61,1.54,1.58,277700.0,-0.020000000000000018
1.0,27.0,1.59,1.62,1.5,1.59,675200.0,0.0
1.0,24.0,1.68,1.71,1.59,1.59,596900.0,-0.08999999999999986
1.0,23.0,1.78,1.79,1.65,1.71,1161600.0,-0.07000000000000006
1.0,22.0,1.8,1.99,1.72,1.8,5087900.0,0.0
1.0,21.0,1.67,1.68,1.58,1.59,747000.0,-0.07999999999999985
1.0,17.0,1.74,1.77,1.68,1.7,381800.0,-0.040000000000000036
1.0,16.0,1.75,1.77,1.64,1.73,1002600.0,-0.020000000000000018
1.0,15.0,1.57,1.81,1.51,1.75,4115000.0,0.17999999999999994
1.0,14.0,1.6,1.63,1.41,1.42,797400.0,-0.18000000000000016
1.0,13.0,1.6,1.62,1.49,1.51,859400.0,-0.09000000000000008
1.0,10.0,1.62,1.63,1.53,1.59,530900.0,-0.030000000000000027
1.0,9.0,1.63,1.65,1.57,1.64,541400.0,0.010000000000000009
1.0,8.0,1.56,1.64,1.52,1.63,970200.0,0.06999999999999984
1.0,7.0,1.53,1.58,1.48,1.55,728300.0,0.020000000000000018
1.0,6.0,1.58,1.59,1.44,1.46,897300.0,-0.1200000000000001
1.0,3.0,1.43,1.57,1.43,1.54,1652300.0,0.1100000000000001
1.0,2.0,1.4,1.44,1.38,1.42,417000.0,0.020000000000000018
12.0,31.0,1.34,1.39,1.32,1.38,345100.0,0.039999999999999813
12.0,30.0,1.37,1.4,1.33,1.35,583100.0,-0.020000000000000018
12.0,27.0,1.39,1.4,1.33,1.37,475900.0,-0.019999999999999796
12.0,26.0,1.44,1.53,1.36,1.39,865900.0,-0.050000000000000044
12.0,24.0,1.43,1.48,1.42,1.46,439700.0,0.030000000000000027
12.0,23.0,1.33,1.42,1.33,1.42,683500.0,0.08999999999999986
12.0,20.0,1.34,1.37,1.32,1.35,311600.0,0.010000000000000009
12.0,19.0,1.37,1.38,1.29,1.32,664500.0,-0.050000000000000044
12.0,18.0,1.4,1.44,1.36,1.38,796600.0,-0.020000000000000018
12.0,17.0,1.33,1.48,1.33,1.39,1571100.0,0.05999999999999983
12.0,16.0,1.32,1.34,1.29,1.31,212000.0,-0.010000000000000009
12.0,13.0,1.32,1.32,1.27,1.3,444000.0,-0.020000000000000018
12.0,12.0,1.3,1.36,1.29,1.32,506300.0,0.020000000000000018
12.0,11.0,1.37,1.4,1.27,1.28,921700.0,-0.09000000000000008
12.0,10.0,1.45,1.53,1.35,1.38,3784800.0,-0.07000000000000006
12.0,9.0,1.28,1.43,1.25,1.41,2432200.0,0.1299999999999999
12.0,6.0,1.22,1.25,1.2,1.21,343100.0,-0.010000000000000009
12.0,5.0,1.26,1.29,1.21,1.22,437100.0,-0.040000000000000036
12.0,4.0,1.2,1.32,1.2,1.25,608700.0,0.050000000000000044
12.0,3.0,1.18,1.21,1.16,1.21,240400.0,0.030000000000000027
12.0,2.0,1.22,1.24,1.16,1.21,242000.0,-0.010000000000000009
11.0,29.0,1.22,1.23,1.2,1.21,60600.0,-0.010000000000000009
11.0,27.0,1.22,1.24,1.16,1.21,447400.0,-0.010000000000000009
11.0,26.0,1.25,1.25,1.22,1.22,209400.0,-0.030000000000000027
11.0,25.0,1.24,1.31,1.22,1.24,551700.0,0.0
11.0,22.0,1.27,1.34,1.2,1.22,1376200.0,-0.050000000000000044
11.0,21.0,1.19,1.29,1.18,1.24,1571800.0,0.050000000000000044
11.0,20.0,1.12,1.34,1.12,1.19,3790200.0,0.06999999999999984
11.0,19.0,1.11,1.2,1.09,1.12,1979900.0,0.010000000000000009
11.0,18.0,1.11,1.25,1.1,1.1,942000.0,-0.010000000000000009
11.0,15.0,1.1,1.14,1.08,1.11,686100.0,0.010000000000000009
11.0,14.0,1.2,1.2,1.09,1.1,703500.0,-0.09999999999999987
11.0,13.0,1.2,1.26,1.16,1.18,656400.0,-0.020000000000000018
11.0,12.0,1.23,1.3,1.19,1.21,489800.0,-0.020000000000000018
11.0,11.0,1.24,1.31,1.21,1.24,669700.0,0.0
11.0,8.0,1.19,1.25,1.18,1.22,413600.0,0.030000000000000027
11.0,7.0,1.3,1.3,1.2,1.21,534100.0,-0.09000000000000008
11.0,6.0,1.29,1.34,1.18,1.28,623000.0,-0.010000000000000009
11.0,5.0,1.32,1.33,1.26,1.26,453500.0,-0.06000000000000005
11.0,4.0,1.38,1.41,1.32,1.32,364100.0,-0.05999999999999983
11.0,1.0,1.46,1.46,1.39,1.39,207400.0,-0.07000000000000006
10.0,31.0,1.5,1.52,1.44,1.44,216900.0,-0.06000000000000005
10.0,30.0,1.42,1.52,1.41,1.5,394100.0,0.08000000000000007
10.0,29.0,1.48,1.48,1.4,1.4,438100.0,-0.08000000000000007
10.0,28.0,1.42,1.52,1.42,1.45,150700.0,0.030000000000000027
10.0,25.0,1.44,1.45,1.39,1.42,437700.0,-0.020000000000000018
10.0,24.0,1.53,1.53,1.44,1.44,418900.0,-0.09000000000000008
10.0,23.0,1.55,1.57,1.49,1.53,443500.0,-0.020000000000000018
10.0,22.0,1.6,1.62,1.56,1.56,331800.0,-0.040000000000000036
10.0,21.0,1.63,1.66,1.58,1.6,284500.0,-0.029999999999999805
10.0,18.0,1.63,1.66,1.6,1.63,197700.0,0.0
10.0,17.0,1.58,1.66,1.58,1.65,326000.0,0.06999999999999984
10.0,16.0,1.62,1.7,1.55,1.58,745700.0,-0.040000000000000036
10.0,15.0,1.73,1.73,1.59,1.6,663600.0,-0.1299999999999999
10.0,14.0,1.78,1.78,1.71,1.75,381800.0,-0.030000000000000027
10.0,11.0,1.65,1.86,1.59,1.8,1698200.0,0.15000000000000013
10.0,10.0,1.81,1.81,1.58,1.58,1103300.0,-0.22999999999999998
10.0,9.0,1.89,1.91,1.75,1.8,538100.0,-0.08999999999999986
10.0,8.0,2.0,2.02,1.88,1.91,364900.0,-0.09000000000000008
10.0,7.0,2.02,2.03,1.96,1.96,180000.0,-0.06000000000000005
10.0,4.0,2.0,2.04,1.99,2.02,171500.0,0.020000000000000018
10.0,3.0,2.03,2.05,1.99,1.99,138000.0,-0.039999999999999813
10.0,2.0,2.04,2.14,2.0,2.01,366100.0,-0.03000000000000025
10.0,1.0,2.0,2.18,1.98,2.09,1473700.0,0.08999999999999986
9.0,30.0,1.81,2.04,1.77,1.98,1117800.0,0.16999999999999993
9.0,27.0,1.92,1.93,1.83,1.85,270500.0,-0.06999999999999984
9.0,26.0,1.95,1.96,1.88,1.95,195200.0,0.0
9.0,25.0,1.98,1.99,1.88,1.9,184000.0,-0.08000000000000007
9.0,24.0,1.98,2.0,1.94,1.97,221300.0,-0.010000000000000009
9.0,23.0,1.94,1.99,1.91,1.97,213700.0,0.030000000000000027
9.0,20.0,2.05,2.05,1.89,1.94,498700.0,-0.10999999999999988
9.0,19.0,2.04,2.08,1.96,2.02,838700.0,-0.020000000000000018
9.0,18.0,2.12,2.12,2.01,2.02,3021600.0,-0.10000000000000009
9.0,17.0,2.54,2.66,2.45,2.47,176100.0,-0.06999999999999984
9.0,16.0,2.38,2.61,2.34,2.54,157300.0,0.16000000000000014
9.0,13.0,2.4,2.6,2.32,2.41,353900.0,0.010000000000000231
9.0,12.0,2.86,2.86,2.69,2.74,43500.0,-0.11999999999999966
9.0,11.0,2.76,2.87,2.71,2.84,26900.0,0.08000000000000007
9.0,10.0,2.9,2.9,2.77,2.8,46100.0,-0.10000000000000009
9.0,9.0,2.86,2.9,2.84,2.86,48000.0,0.0
9.0,6.0,2.91,2.91,2.84,2.84,31700.0,-0.07000000000000028
9.0,5.0,2.9,2.91,2.87,2.9,34000.0,0.0
9.0,4.0,2.85,2.93,2.8,2.85,54500.0,0.0
9.0,3.0,2.79,2.88,2.76,2.85,51400.0,0.06000000000000005
8.0,30.0,2.78,2.79,2.61,2.7,50100.0,-0.07999999999999963
8.0,29.0,2.73,2.81,2.66,2.74,103300.0,0.010000000000000231
8.0,28.0,2.79,2.79,2.67,2.7,55000.0,-0.08999999999999986
8.0,27.0,2.86,2.9,2.72,2.77,112900.0,-0.08999999999999986
8.0,26.0,3.0,3.03,2.87,2.92,37500.0,-0.08000000000000007
8.0,23.0,2.9,3.06,2.9,3.0,66900.0,0.10000000000000009
8.0,22.0,3.09,3.09,2.89,2.93,26900.0,-0.1599999999999997
8.0,21.0,2.84,3.0,2.73,2.93,77400.0,0.0900000000000003
8.0,20.0,2.78,2.9,2.59,2.85,107900.0,0.07000000000000028
8.0,19.0,2.89,2.89,2.7,2.74,161500.0,-0.1499999999999999
8.0,16.0,3.03,3.09,2.89,2.93,200800.0,-0.09999999999999964
8.0,15.0,3.14,3.17,3.05,3.06,49600.0,-0.08000000000000007
8.0,14.0,3.08,3.19,3.04,3.14,56400.0,0.06000000000000005
8.0,13.0,3.1,3.14,3.05,3.08,39700.0,-0.020000000000000018
8.0,12.0,3.18,3.2,3.07,3.08,81000.0,-0.10000000000000009
8.0,9.0,3.28,3.35,3.16,3.17,57900.0,-0.10999999999999988
8.0,8.0,3.25,3.32,3.25,3.32,73700.0,0.06999999999999984
8.0,7.0,3.17,3.24,3.1,3.22,66700.0,0.050000000000000266
8.0,6.0,3.25,3.33,3.17,3.21,30700.0,-0.040000000000000036
8.0,5.0,3.22,3.4,3.03,3.26,94800.0,0.03999999999999959
8.0,2.0,3.16,3.27,3.16,3.22,121000.0,0.06000000000000005
8.0,1.0,3.1,3.18,2.98,3.14,172000.0,0.040000000000000036
7.0,31.0,3.22,3.22,3.1,3.1,99000.0,-0.1200000000000001
7.0,30.0,3.08,3.19,3.08,3.14,41600.0,0.06000000000000005
7.0,29.0,3.23,3.29,3.08,3.1,152800.0,-0.1299999999999999
7.0,26.0,3.36,3.36,3.22,3.23,81000.0,-0.1299999999999999
7.0,25.0,3.3,3.36,3.18,3.36,74600.0,0.06000000000000005
7.0,24.0,3.43,3.58,3.25,3.31,245700.0,-0.1200000000000001
7.0,23.0,3.35,3.51,3.27,3.49,336200.0,0.14000000000000012
7.0,22.0,3.26,3.33,3.19,3.29,140500.0,0.03000000000000025
7.0,19.0,3.21,3.26,3.13,3.22,107000.0,0.010000000000000231
7.0,18.0,3.38,3.38,3.12,3.19,224600.0,-0.18999999999999995
7.0,17.0,3.15,3.35,3.15,3.3,300800.0,0.1499999999999999
7.0,16.0,3.0,3.21,3.0,3.15,409500.0,0.1499999999999999
7.0,15.0,3.0,3.02,2.85,2.89,119800.0,-0.10999999999999988
7.0,12.0,2.99,3.04,2.84,2.99,470700.0,0.0
7.0,11.0,2.95,3.07,2.63,2.91,651300.0,-0.040000000000000036
7.0,10.0,2.65,2.72,2.62,2.67,91100.0,0.020000000000000018
7.0,9.0,2.63,2.67,2.58,2.64,84100.0,0.010000000000000231
7.0,8.0,2.84,2.84,2.58,2.61,63300.0,-0.22999999999999998
7.0,5.0,2.81,2.86,2.64,2.7,99100.0,-0.10999999999999988
7.0,3.0,2.86,2.88,2.79,2.85,34600.0,-0.009999999999999787
7.0,2.0,3.0,3.0,2.79,2.88,120700.0,-0.1200000000000001
7.0,1.0,2.93,3.0,2.9,3.0,197500.0,0.06999999999999984
6.0,28.0,2.73,2.92,2.73,2.88,214400.0,0.1499999999999999
6.0,27.0,2.7,2.8,2.66,2.76,218900.0,0.05999999999999961
6.0,26.0,2.67,2.67,2.54,2.63,71700.0,-0.040000000000000036
6.0,25.0,2.53,2.67,2.48,2.67,104300.0,0.14000000000000012
6.0,24.0,2.46,2.62,2.44,2.62,370500.0,0.16000000000000014
6.0,21.0,2.49,2.59,2.38,2.47,145600.0,-0.020000000000000018
6.0,20.0,2.4,2.5,2.4,2.49,49800.0,0.0900000000000003
6.0,19.0,2.44,2.5,2.4,2.48,34900.0,0.040000000000000036
6.0,18.0,2.6,2.6,2.45,2.46,210900.0,-0.14000000000000012
6.0,17.0,2.7,2.7,2.6,2.63,57600.0,-0.07000000000000028
6.0,14.0,2.7,2.71,2.6,2.66,107800.0,-0.040000000000000036
6.0,13.0,2.61,2.7,2.61,2.69,60500.0,0.08000000000000007
6.0,12.0,2.76,2.76,2.61,2.64,97200.0,-0.11999999999999966
6.0,11.0,2.83,2.83,2.68,2.76,91000.0,-0.07000000000000028
6.0,10.0,2.95,2.95,2.73,2.86,175700.0,-0.0900000000000003
6.0,7.0,2.84,2.9,2.8,2.84,77700.0,0.0
6.0,6.0,2.71,2.83,2.65,2.83,91500.0,0.1200000000000001
6.0,5.0,2.99,3.02,2.66,2.68,272800.0,-0.31000000000000005
6.0,4.0,2.8,2.98,2.77,2.89,123500.0,0.0900000000000003
6.0,3.0,2.68,2.8,2.61,2.8,88200.0,0.11999999999999966
5.0,31.0,2.71,2.72,2.62,2.68,47500.0,-0.029999999999999805
5.0,30.0,2.58,2.86,2.57,2.71,243300.0,0.1299999999999999
5.0,29.0,2.53,2.57,2.48,2.57,58400.0,0.040000000000000036
5.0,28.0,2.48,2.64,2.48,2.52,155600.0,0.040000000000000036
5.0,24.0,2.57,2.57,2.35,2.44,129300.0,-0.1299999999999999
5.0,23.0,2.44,2.64,2.41,2.57,132000.0,0.1299999999999999
5.0,22.0,2.95,3.0,2.5,2.57,350000.0,-0.38000000000000034
5.0,21.0,2.8,3.02,2.68,2.9,572500.0,0.10000000000000009
5.0,20.0,2.62,2.8,2.4,2.78,477900.0,0.1599999999999997
5.0,17.0,2.31,2.58,2.31,2.57,621900.0,0.2599999999999998
5.0,16.0,2.29,2.34,2.23,2.32,75900.0,0.029999999999999805
5.0,15.0,2.23,2.35,2.18,2.33,177200.0,0.10000000000000009
5.0,14.0,2.17,2.3,2.06,2.28,370200.0,0.10999999999999988
5.0,13.0,2.37,2.39,2.12,2.17,147400.0,-0.20000000000000018
5.0,10.0,2.23,2.41,2.07,2.41,347600.0,0.18000000000000016
5.0,9.0,2.0,2.33,1.95,2.23,385000.0,0.22999999999999998
5.0,8.0,2.4,2.44,2.09,2.19,457800.0,-0.20999999999999996
5.0,7.0,2.21,2.36,2.04,2.31,274000.0,0.10000000000000009
5.0,6.0,2.34,2.34,2.16,2.18,75800.0,-0.1599999999999997
5.0,3.0,2.26,2.37,2.19,2.32,283400.0,0.06000000000000005
5.0,2.0,2.18,2.25,2.15,2.24,180000.0,0.06000000000000005
5.0,1.0,1.95,2.17,1.9,2.11,152800.0,0.15999999999999992
4.0,30.0,1.93,1.98,1.93,1.96,45400.0,0.030000000000000027
4.0,29.0,1.9,1.99,1.88,1.92,180800.0,0.020000000000000018
4.0,26.0,1.88,1.9,1.82,1.87,34800.0,-0.009999999999999787
4.0,25.0,1.86,1.94,1.86,1.92,73300.0,0.05999999999999983
4.0,24.0,1.83,1.92,1.82,1.86,98200.0,0.030000000000000027
4.0,23.0,1.78,1.84,1.75,1.82,57300.0,0.040000000000000036
4.0,22.0,1.82,1.85,1.75,1.79,44800.0,-0.030000000000000027
4.0,19.0,1.93,1.95,1.8,1.83,76300.0,-0.09999999999999987
4.0,18.0,1.88,1.99,1.85,1.94,138600.0,0.06000000000000005
4.0,17.0,1.96,1.96,1.79,1.9,139500.0,-0.06000000000000005
4.0,16.0,1.85,1.96,1.75,1.96,223400.0,0.10999999999999988
4.0,15.0,1.87,1.9,1.75,1.8,165800.0,-0.07000000000000006
4.0,12.0,1.86,1.97,1.85,1.91,141800.0,0.04999999999999982
4.0,11.0,2.0,2.09,1.85,1.88,450600.0,-0.1200000000000001
4.0,10.0,1.66,2.09,1.63,1.99,1178200.0,0.33000000000000007
4.0,9.0,1.56,1.58,1.54,1.55,96200.0,-0.010000000000000009
4.0,8.0,1.62,1.63,1.56,1.56,92900.0,-0.06000000000000005
4.0,5.0,1.59,1.63,1.59,1.59,57500.0,0.0
4.0,4.0,1.64,1.7,1.58,1.63,19400.0,-0.010000000000000009
4.0,3.0,1.75,1.77,1.63,1.65,96300.0,-0.10000000000000009
4.0,2.0,1.6,1.76,1.56,1.72,175600.0,0.11999999999999988
4.0,1.0,1.56,1.63,1.56,1.57,70100.0,0.010000000000000009
3.0,28.0,1.63,1.67,1.58,1.58,128900.0,-0.04999999999999982
3.0,27.0,1.56,1.63,1.56,1.6,31100.0,0.040000000000000036
3.0,26.0,1.56,1.6,1.56,1.57,44400.0,0.010000000000000009
3.0,25.0,1.58,1.65,1.56,1.56,85600.0,-0.020000000000000018
3.0,22.0,1.58,1.64,1.56,1.59,146000.0,0.010000000000000009
3.0,21.0,1.61,1.64,1.56,1.58,79400.0,-0.030000000000000027
3.0,20.0,1.58,1.64,1.57,1.6,69000.0,0.020000000000000018
3.0,19.0,1.66,1.73,1.58,1.58,140100.0,-0.07999999999999985
3.0,18.0,1.73,1.75,1.65,1.67,142900.0,-0.06000000000000005
3.0,15.0,1.82,1.87,1.75,1.75,123200.0,-0.07000000000000006
3.0,14.0,1.87,1.87,1.77,1.81,155700.0,-0.06000000000000005
3.0,13.0,1.86,1.87,1.81,1.81,148400.0,-0.050000000000000044
3.0,12.0,1.76,1.87,1.75,1.82,304600.0,0.06000000000000005
3.0,11.0,1.64,1.72,1.64,1.72,152700.0,0.08000000000000007
3.0,8.0,1.72,1.72,1.64,1.66,201500.0,-0.06000000000000005
3.0,7.0,1.62,1.71,1.59,1.64,260400.0,0.019999999999999796
3.0,6.0,1.48,1.64,1.48,1.64,432700.0,0.15999999999999992
3.0,5.0,1.73,1.75,1.37,1.48,1547800.0,-0.25
3.0,4.0,2.04,2.09,1.69,1.73,1561800.0,-0.31000000000000005
3.0,1.0,2.43,2.43,2.32,2.39,119000.0,-0.040000000000000036
2.0,28.0,2.32,2.47,2.32,2.43,454600.0,0.11000000000000032
2.0,27.0,2.16,2.3,2.16,2.3,135800.0,0.13999999999999968
2.0,26.0,2.13,2.21,2.12,2.19,81600.0,0.06000000000000005
2.0,25.0,2.17,2.22,2.12,2.14,71600.0,-0.029999999999999805
2.0,22.0,2.24,2.26,2.14,2.16,93900.0,-0.08000000000000007
2.0,21.0,2.21,2.28,2.1,2.21,262000.0,0.0
2.0,20.0,2.27,2.31,2.15,2.24,102700.0,-0.029999999999999805
2.0,19.0,2.34,2.35,2.25,2.33,104500.0,-0.009999999999999787
2.0,15.0,2.21,2.35,2.21,2.34,121800.0,0.1299999999999999
2.0,14.0,2.28,2.32,2.13,2.25,80900.0,-0.029999999999999805
2.0,13.0,2.2,2.32,2.12,2.32,132000.0,0.11999999999999966
2.0,12.0,2.24,2.24,2.18,2.2,69300.0,-0.040000000000000036
2.0,11.0,2.33,2.33,2.18,2.27,106900.0,-0.06000000000000005
2.0,8.0,2.11,2.35,2.11,2.33,565400.0,0.2200000000000002
2.0,7.0,2.2,2.2,2.08,2.1,110200.0,-0.10000000000000009
2.0,6.0,2.08,2.2,2.06,2.18,104500.0,0.10000000000000009
2.0,5.0,2.01,2.15,2.01,2.08,116600.0,0.07000000000000028
2.0,4.0,2.05,2.09,2.0,2.04,103800.0,-0.009999999999999787
2.0,1.0,2.08,2.09,1.95,2.05,330300.0,-0.03000000000000025
1.0,31.0,2.09,2.15,2.03,2.09,221000.0,0.0
1.0,30.0,2.22,2.22,2.08,2.13,138000.0,-0.0900000000000003
1.0,29.0,2.18,2.26,2.15,2.2,192100.0,0.020000000000000018
1.0,28.0,2.24,2.24,2.17,2.17,139700.0,-0.07000000000000028
1.0,25.0,2.24,2.3,2.21,2.23,79300.0,-0.010000000000000231
1.0,24.0,2.35,2.4,2.2,2.26,168600.0,-0.0900000000000003
1.0,23.0,2.31,2.49,2.3,2.38,368300.0,0.06999999999999984
1.0,22.0,2.25,2.37,2.23,2.25,281500.0,0.0
1.0,18.0,2.3,2.35,2.17,2.19,274400.0,-0.10999999999999988
1.0,17.0,2.16,2.29,2.16,2.25,184700.0,0.08999999999999986
1.0,16.0,2.31,2.35,2.15,2.16,348600.0,-0.1499999999999999
1.0,15.0,2.36,2.43,2.28,2.31,214500.0,-0.04999999999999982
1.0,14.0,2.5,2.5,2.36,2.39,222300.0,-0.10999999999999988
1.0,11.0,2.5,2.53,2.34,2.49,835100.0,-0.009999999999999787
1.0,10.0,3.25,3.28,2.44,2.49,2110800.0,-0.7599999999999998
1.0,9.0,3.41,3.45,3.33,3.42,249400.0,0.009999999999999787
1.0,8.0,3.63,3.63,3.43,3.47,241800.0,-0.1599999999999997
1.0,7.0,3.64,3.7,3.5,3.66,299200.0,0.020000000000000018
1.0,4.0,3.65,3.7,3.49,3.66,253100.0,0.010000000000000231
1.0,3.0,3.61,3.71,3.55,3.61,362100.0,0.0
1.0,2.0,3.3,3.74,3.24,3.66,696500.0,0.3600000000000003
12.0,31.0,3.08,3.26,3.08,3.25,290600.0,0.16999999999999993
12.0,28.0,3.19,3.36,3.12,3.26,298500.0,0.06999999999999984
12.0,27.0,3.31,3.38,3.2,3.3,243600.0,-0.010000000000000231
12.0,26.0,3.31,3.42,3.2,3.42,422000.0,0.10999999999999988
12.0,24.0,3.4,3.42,3.21,3.34,310500.0,-0.06000000000000005
12.0,21.0,3.11,3.41,2.96,3.4,853800.0,0.29000000000000004
12.0,20.0,3.28,3.29,2.93,3.2,577500.0,-0.07999999999999963
12.0,19.0,3.0,3.28,2.8,3.27,1116400.0,0.27
12.0,18.0,2.4,3.03,2.34,2.99,1200200.0,0.5900000000000003
12.0,17.0,2.16,2.37,2.16,2.37,255800.0,0.20999999999999996
12.0,14.0,2.3,2.32,2.19,2.2,191800.0,-0.09999999999999964
12.0,13.0,2.2,2.39,2.2,2.29,215100.0,0.08999999999999986
12.0,12.0,2.15,2.25,2.15,2.2,102700.0,0.050000000000000266
12.0,11.0,2.23,2.26,2.15,2.16,102800.0,-0.06999999999999984
12.0,10.0,2.2,2.28,2.2,2.24,97100.0,0.040000000000000036
12.0,7.0,2.15,2.28,2.07,2.23,194000.0,0.08000000000000007
12.0,6.0,2.0,2.24,1.92,2.16,458800.0,0.16000000000000014
12.0,5.0,2.27,2.27,2.2,2.21,106200.0,-0.06000000000000005
12.0,4.0,2.3,2.34,2.28,2.29,60600.0,-0.009999999999999787
12.0,3.0,2.43,2.45,2.25,2.32,163000.0,-0.11000000000000032
11.0,30.0,2.17,2.5,2.14,2.43,700000.0,0.26000000000000023
11.0,29.0,2.19,2.19,2.04,2.11,238100.0,-0.08000000000000007
11.0,28.0,1.79,2.15,1.78,2.14,648700.0,0.3500000000000001
11.0,27.0,1.81,1.81,1.76,1.79,157700.0,-0.020000000000000018
11.0,26.0,1.81,1.82,1.79,1.81,157500.0,0.0
11.0,23.0,1.76,1.81,1.76,1.79,83000.0,0.030000000000000027
11.0,21.0,1.81,1.85,1.75,1.81,258700.0,0.0
11.0,20.0,1.92,1.92,1.82,1.84,146900.0,-0.07999999999999985
11.0,19.0,1.95,1.98,1.87,1.89,452200.0,-0.06000000000000005
11.0,16.0,1.99,2.01,1.85,1.9,220100.0,-0.09000000000000008
11.0,15.0,2.04,2.09,1.99,1.99,123300.0,-0.050000000000000044
11.0,14.0,2.15,2.15,2.07,2.07,104000.0,-0.08000000000000007
11.0,13.0,2.21,2.27,2.11,2.13,163600.0,-0.08000000000000007
11.0,12.0,2.16,2.24,2.16,2.19,89100.0,0.029999999999999805
11.0,9.0,2.11,2.21,2.11,2.16,263300.0,0.050000000000000266
11.0,8.0,2.17,2.17,2.11,2.14,127500.0,-0.029999999999999805
11.0,7.0,2.27,2.33,2.14,2.18,180400.0,-0.08999999999999986
11.0,6.0,2.33,2.33,2.23,2.25,68500.0,-0.08000000000000007
11.0,5.0,2.34,2.34,2.27,2.28,112200.0,-0.06000000000000005
11.0,2.0,2.43,2.43,2.32,2.36,100200.0,-0.07000000000000028
11.0,1.0,2.5,2.5,2.36,2.41,265700.0,-0.08999999999999986
10.0,31.0,2.51,2.51,2.42,2.46,271900.0,-0.04999999999999982
10.0,26.0,2.46,2.52,2.41,2.48,161600.0,0.020000000000000018
10.0,25.0,2.3,2.49,2.26,2.44,248600.0,0.14000000000000012
10.0,24.0,2.36,2.37,2.29,2.3,98500.0,-0.06000000000000005
10.0,23.0,2.41,2.41,2.3,2.36,75500.0,-0.050000000000000266
10.0,22.0,2.51,2.51,2.39,2.43,181200.0,-0.07999999999999963
10.0,19.0,2.54,2.54,2.42,2.47,221500.0,-0.06999999999999984
10.0,18.0,2.38,2.62,2.35,2.5,530700.0,0.1200000000000001
10.0,17.0,2.4,2.43,2.31,2.35,225000.0,-0.04999999999999982
10.0,16.0,2.51,2.51,2.39,2.42,222600.0,-0.08999999999999986
10.0,15.0,2.46,2.53,2.44,2.47,146300.0,0.010000000000000231
10.0,12.0,2.52,2.55,2.45,2.49,370100.0,-0.029999999999999805
10.0,11.0,2.44,2.72,2.39,2.45,1379800.0,0.010000000000000231
10.0,10.0,2.21,2.23,2.16,2.2,74700.0,-0.009999999999999787
10.0,9.0,2.23,2.28,2.14,2.23,89500.0,0.0
10.0,8.0,2.06,2.25,2.06,2.21,85700.0,0.1499999999999999
10.0,5.0,2.12,2.15,2.09,2.1,108000.0,-0.020000000000000018
10.0,4.0,2.13,2.18,2.09,2.1,126100.0,-0.029999999999999805
10.0,3.0,2.15,2.21,2.08,2.14,102900.0,-0.009999999999999787
10.0,2.0,2.1,2.17,2.1,2.15,75000.0,0.04999999999999982
10.0,1.0,2.26,2.26,2.05,2.1,245400.0,-0.1599999999999997
9.0,28.0,2.24,2.26,2.18,2.24,166700.0,0.0
9.0,27.0,2.13,2.24,2.11,2.22,105600.0,0.0900000000000003
9.0,26.0,2.18,2.24,2.11,2.15,137200.0,-0.03000000000000025
9.0,25.0,2.13,2.25,2.13,2.18,175600.0,0.050000000000000266
9.0,24.0,2.23,2.24,2.13,2.15,236300.0,-0.08000000000000007
9.0,21.0,2.34,2.35,2.24,2.24,190400.0,-0.09999999999999964
9.0,20.0,2.5,2.5,2.31,2.34,262300.0,-0.16000000000000014
9.0,19.0,2.52,2.56,2.45,2.5,224400.0,-0.020000000000000018
9.0,18.0,2.53,2.56,2.51,2.54,69900.0,0.010000000000000231
9.0,17.0,2.53,2.55,2.52,2.52,54400.0,-0.009999999999999787
9.0,14.0,2.43,2.59,2.42,2.52,281700.0,0.08999999999999986
9.0,13.0,2.43,2.45,2.4,2.41,143500.0,-0.020000000000000018
9.0,12.0,2.41,2.48,2.41,2.43,80100.0,0.020000000000000018
9.0,11.0,2.41,2.47,2.4,2.42,148300.0,0.009999999999999787
9.0,10.0,2.37,2.4,2.31,2.36,184100.0,-0.010000000000000231
9.0,7.0,2.35,2.37,2.31,2.34,63400.0,-0.010000000000000231
9.0,6.0,2.37,2.37,2.35,2.36,83400.0,-0.010000000000000231
9.0,5.0,2.46,2.46,2.28,2.35,194300.0,-0.10999999999999988
9.0,4.0,2.6,2.61,2.46,2.48,51900.0,-0.1200000000000001
8.0,31.0,2.64,2.68,2.61,2.63,93200.0,-0.010000000000000231
8.0,30.0,2.75,2.75,2.61,2.65,161200.0,-0.10000000000000009
8.0,29.0,2.67,2.85,2.63,2.75,319200.0,0.08000000000000007
8.0,28.0,2.61,2.67,2.54,2.67,115400.0,0.06000000000000005
8.0,27.0,2.77,2.83,2.58,2.64,221200.0,-0.1299999999999999
8.0,24.0,2.27,2.73,2.27,2.68,502300.0,0.41000000000000014
8.0,23.0,2.3,2.3,2.23,2.24,271400.0,-0.05999999999999961
8.0,22.0,2.23,2.27,2.14,2.18,89100.0,-0.04999999999999982
8.0,21.0,2.24,2.27,2.15,2.24,286900.0,0.0
8.0,20.0,2.25,2.31,2.23,2.24,70300.0,-0.009999999999999787
8.0,17.0,2.3,2.31,2.25,2.28,98100.0,-0.020000000000000018
8.0,16.0,2.3,2.34,2.26,2.32,151500.0,0.020000000000000018
8.0,15.0,2.26,2.38,2.21,2.26,286300.0,0.0
8.0,14.0,2.27,2.28,2.2,2.26,103900.0,-0.010000000000000231
8.0,13.0,2.23,2.24,2.14,2.22,267300.0,-0.009999999999999787
8.0,10.0,2.27,2.3,2.22,2.23,79800.0,-0.040000000000000036
8.0,9.0,2.29,2.35,2.27,2.3,130200.0,0.009999999999999787
8.0,8.0,2.43,2.48,2.26,2.27,160600.0,-0.16000000000000014
8.0,7.0,2.22,2.45,2.2,2.42,207200.0,0.19999999999999973
8.0,6.0,2.23,2.24,2.17,2.23,100500.0,0.0
8.0,3.0,2.28,2.28,2.15,2.21,185800.0,-0.06999999999999984
8.0,2.0,2.27,2.29,2.2,2.26,126600.0,-0.010000000000000231
8.0,1.0,2.29,2.44,2.28,2.32,90000.0,0.029999999999999805
7.0,31.0,2.45,2.47,2.29,2.3,136700.0,-0.15000000000000036
7.0,30.0,2.53,2.56,2.43,2.45,147700.0,-0.07999999999999963
7.0,27.0,2.66,2.66,2.54,2.57,118800.0,-0.0900000000000003
7.0,26.0,2.52,2.69,2.52,2.65,201700.0,0.1299999999999999
7.0,25.0,2.48,2.53,2.43,2.48,182200.0,0.0
7.0,24.0,2.49,2.7,2.45,2.47,187700.0,-0.020000000000000018
7.0,23.0,2.43,2.53,2.38,2.46,168000.0,0.029999999999999805
7.0,20.0,2.63,2.64,2.47,2.49,214100.0,-0.13999999999999968
7.0,19.0,2.75,2.76,2.64,2.65,226600.0,-0.10000000000000009
7.0,18.0,2.77,2.82,2.72,2.74,232500.0,-0.029999999999999805
7.0,17.0,2.72,2.86,2.65,2.76,235800.0,0.03999999999999959
7.0,16.0,2.95,2.95,2.7,2.73,360100.0,-0.2200000000000002
7.0,13.0,2.92,3.04,2.85,2.93,292000.0,0.010000000000000231
7.0,12.0,3.15,3.21,2.92,3.04,662200.0,-0.10999999999999988
7.0,11.0,3.82,3.82,3.31,3.48,293200.0,-0.33999999999999986
7.0,10.0,3.81,4.01,3.7,3.79,190300.0,-0.020000000000000018
7.0,9.0,3.6,3.82,3.53,3.8,137700.0,0.19999999999999973
7.0,6.0,3.59,3.69,3.49,3.57,62100.0,-0.020000000000000018
7.0,5.0,3.6,3.66,3.46,3.64,81900.0,0.040000000000000036
7.0,3.0,3.66,3.66,3.49,3.61,137400.0,-0.050000000000000266
7.0,2.0,3.67,3.7,3.55,3.66,68400.0,-0.009999999999999787
6.0,29.0,3.56,3.66,3.53,3.64,147400.0,0.08000000000000007
6.0,28.0,3.58,3.62,3.43,3.5,83500.0,-0.08000000000000007
6.0,27.0,3.43,3.76,3.43,3.62,128200.0,0.18999999999999995
6.0,26.0,3.51,3.54,3.4,3.45,52300.0,-0.05999999999999961
6.0,25.0,3.57,3.57,3.45,3.51,71300.0,-0.06000000000000005
6.0,22.0,3.45,3.65,3.33,3.58,269900.0,0.1299999999999999
6.0,21.0,3.33,3.48,3.2,3.45,122800.0,0.1200000000000001
6.0,20.0,3.2,3.34,3.18,3.31,43200.0,0.10999999999999988
6.0,19.0,3.19,3.25,3.15,3.25,67800.0,0.06000000000000005
6.0,18.0,3.25,3.32,3.16,3.16,95600.0,-0.08999999999999986
6.0,15.0,3.2,3.28,3.18,3.23,55000.0,0.029999999999999805
6.0,14.0,3.18,3.28,3.15,3.2,51800.0,0.020000000000000018
6.0,13.0,3.25,3.33,3.18,3.2,44200.0,-0.04999999999999982
6.0,12.0,3.22,3.29,3.19,3.24,144900.0,0.020000000000000018
6.0,11.0,3.4,3.4,3.2,3.2,71500.0,-0.19999999999999973
6.0,8.0,3.24,3.38,3.2,3.37,70400.0,0.1299999999999999
6.0,7.0,3.32,3.33,3.14,3.25,67700.0,-0.06999999999999984
6.0,6.0,3.08,3.33,3.03,3.25,329600.0,0.16999999999999993
6.0,5.0,3.02,3.04,3.01,3.02,94700.0,0.0
6.0,4.0,3.04,3.06,3.01,3.05,217800.0,0.009999999999999787
6.0,1.0,3.02,3.12,3.01,3.1,272800.0,0.08000000000000007
5.0,31.0,3.17,3.24,3.0,3.09,196500.0,-0.08000000000000007
5.0,30.0,3.12,3.25,3.11,3.17,197100.0,0.04999999999999982
5.0,29.0,3.08,3.21,3.05,3.15,179400.0,0.06999999999999984
5.0,25.0,3.05,3.12,3.0,3.04,41400.0,-0.009999999999999787
5.0,24.0,3.08,3.13,3.02,3.05,63500.0,-0.03000000000000025
5.0,23.0,3.08,3.13,3.0,3.08,62900.0,0.0
5.0,22.0,3.16,3.17,3.05,3.09,71700.0,-0.07000000000000028
5.0,21.0,3.15,3.21,3.09,3.12,51600.0,-0.029999999999999805
5.0,18.0,3.07,3.2,3.07,3.11,156000.0,0.040000000000000036
5.0,17.0,3.15,3.19,3.05,3.09,52000.0,-0.06000000000000005
5.0,16.0,3.03,3.25,2.99,3.1,111000.0,0.07000000000000028
5.0,15.0,2.99,3.05,2.91,3.04,91700.0,0.04999999999999982
5.0,14.0,2.96,3.05,2.86,2.96,104000.0,0.0
5.0,11.0,3.0,3.08,2.96,3.01,173500.0,0.009999999999999787
5.0,10.0,3.16,3.17,3.0,3.0,128000.0,-0.16000000000000014
5.0,9.0,3.05,3.18,3.05,3.09,73300.0,0.040000000000000036
5.0,8.0,3.11,3.16,3.06,3.11,93300.0,0.0
5.0,7.0,3.07,3.19,3.05,3.14,126100.0,0.07000000000000028
5.0,4.0,3.33,3.33,3.06,3.15,508600.0,-0.18000000000000016
5.0,3.0,3.74,3.74,3.38,3.43,362600.0,-0.31000000000000005
5.0,2.0,3.97,4.03,3.75,3.77,183000.0,-0.20000000000000018
5.0,1.0,3.93,4.02,3.85,3.97,90000.0,0.040000000000000036
4.0,30.0,3.97,3.99,3.93,3.93,70600.0,-0.040000000000000036
4.0,27.0,4.06,4.17,3.88,3.95,119000.0,-0.10999999999999943
4.0,26.0,3.92,4.13,3.89,4.05,217300.0,0.1299999999999999
4.0,25.0,3.72,3.99,3.71,3.9,337300.0,0.17999999999999972
4.0,24.0,3.58,3.7,3.57,3.68,129000.0,0.10000000000000009
4.0,23.0,3.62,3.63,3.53,3.56,134900.0,-0.06000000000000005
4.0,20.0,3.64,3.69,3.6,3.66,74700.0,0.020000000000000018
4.0,19.0,3.66,3.7,3.55,3.6,103300.0,-0.06000000000000005
4.0,18.0,3.66,3.7,3.64,3.65,97700.0,-0.010000000000000231
4.0,17.0,3.67,3.72,3.65,3.7,120600.0,0.03000000000000025
4.0,16.0,3.75,3.77,3.58,3.59,179800.0,-0.16000000000000014
4.0,13.0,3.75,3.79,3.73,3.73,81100.0,-0.020000000000000018
4.0,12.0,3.67,3.8,3.67,3.75,85600.0,0.08000000000000007
4.0,11.0,3.58,3.74,3.58,3.69,132100.0,0.10999999999999988
4.0,10.0,3.67,3.73,3.53,3.56,150500.0,-0.10999999999999988
4.0,9.0,3.73,3.77,3.63,3.68,149700.0,-0.04999999999999982
4.0,5.0,3.75,3.87,3.75,3.75,73800.0,0.0
4.0,4.0,3.85,3.86,3.69,3.79,229400.0,-0.06000000000000005
4.0,3.0,3.91,3.96,3.87,3.87,47300.0,-0.040000000000000036
4.0,2.0,4.0,4.01,3.9,3.93,103000.0,-0.06999999999999984
3.0,30.0,4.09,4.09,3.93,3.96,116800.0,-0.1299999999999999
3.0,29.0,4.15,4.19,4.01,4.03,177900.0,-0.1200000000000001
3.0,28.0,4.23,4.3,4.14,4.2,213600.0,-0.03000000000000025
3.0,27.0,4.28,4.33,4.22,4.24,91000.0,-0.040000000000000036
3.0,26.0,4.41,4.41,4.22,4.27,157500.0,-0.14000000000000057
3.0,23.0,4.13,4.39,4.04,4.38,206700.0,0.25
3.0,22.0,4.25,4.31,4.07,4.14,191200.0,-0.11000000000000032
3.0,21.0,4.46,4.57,4.25,4.29,300800.0,-0.16999999999999993
3.0,20.0,3.99,4.48,3.86,4.45,620000.0,0.45999999999999996
3.0,19.0,3.95,4.08,3.88,4.0,175500.0,0.04999999999999982
3.0,16.0,3.89,4.0,3.8,3.95,148500.0,0.06000000000000005
3.0,15.0,3.85,3.89,3.8,3.85,91500.0,0.0
3.0,14.0,3.83,3.92,3.77,3.85,192200.0,0.020000000000000018
3.0,13.0,3.92,3.98,3.8,3.83,278900.0,-0.08999999999999986
3.0,12.0,3.93,3.98,3.87,3.9,125800.0,-0.03000000000000025
3.0,9.0,3.78,4.03,3.78,3.92,234900.0,0.14000000000000012
3.0,8.0,3.85,3.9,3.65,3.8,423000.0,-0.050000000000000266
3.0,7.0,3.92,4.02,3.86,3.93,218400.0,0.010000000000000231
3.0,6.0,3.85,4.04,3.75,3.89,641400.0,0.040000000000000036
3.0,5.0,4.38,4.4,4.1,4.25,355400.0,-0.1299999999999999
3.0,2.0,4.39,4.54,4.35,4.39,154100.0,0.0
3.0,1.0,4.42,4.53,4.35,4.35,99100.0,-0.07000000000000028
2.0,29.0,4.46,4.67,4.35,4.4,344700.0,-0.05999999999999961
2.0,28.0,4.71,4.73,4.35,4.46,325700.0,-0.25
2.0,27.0,4.76,4.84,4.73,4.76,69500.0,0.0
2.0,24.0,4.7,4.93,4.7,4.8,163400.0,0.09999999999999964
2.0,23.0,4.69,4.75,4.6,4.71,128700.0,0.019999999999999574
2.0,22.0,4.51,4.75,4.5,4.7,235700.0,0.1900000000000004
2.0,21.0,4.5,4.57,4.5,4.52,102900.0,0.019999999999999574
2.0,17.0,4.56,4.6,4.49,4.49,92200.0,-0.0699999999999994
2.0,16.0,4.48,4.57,4.44,4.55,142600.0,0.0699999999999994
2.0,15.0,4.55,4.64,4.47,4.49,169300.0,-0.05999999999999961
2.0,14.0,4.2,4.57,4.2,4.52,252700.0,0.3199999999999994
2.0,13.0,4.25,4.31,4.21,4.26,97100.0,0.009999999999999787
2.0,10.0,4.26,4.31,4.15,4.22,226900.0,-0.040000000000000036
2.0,9.0,4.54,4.55,4.32,4.35,246700.0,-0.1900000000000004
2.0,8.0,4.63,4.67,4.46,4.54,205600.0,-0.08999999999999986
2.0,7.0,4.51,4.78,4.45,4.62,285700.0,0.11000000000000032
2.0,6.0,4.43,4.52,4.4,4.51,102900.0,0.08000000000000007
2.0,3.0,4.29,4.52,4.23,4.45,316500.0,0.16000000000000014
2.0,2.0,4.33,4.48,4.2,4.26,259300.0,-0.07000000000000028
2.0,1.0,4.11,4.49,4.03,4.28,539100.0,0.16999999999999993
1.0,31.0,4.14,4.14,4.01,4.1,78900.0,-0.040000000000000036
1.0,30.0,4.09,4.23,4.05,4.11,93100.0,0.020000000000000462
1.0,27.0,3.96,4.12,3.89,4.12,175800.0,0.16000000000000014
1.0,26.0,4.15,4.18,3.92,3.96,207500.0,-0.1900000000000004
1.0,25.0,4.04,4.19,3.91,4.15,238600.0,0.11000000000000032
1.0,24.0,3.84,4.05,3.73,4.02,269500.0,0.17999999999999972
1.0,23.0,3.57,3.93,3.56,3.89,294000.0,0.3200000000000003
1.0,20.0,3.55,3.64,3.53,3.59,97300.0,0.040000000000000036
1.0,19.0,3.52,3.69,3.5,3.61,134800.0,0.08999999999999986
1.0,18.0,3.6,3.65,3.47,3.5,185000.0,-0.10000000000000009
1.0,17.0,3.62,3.64,3.45,3.58,215000.0,-0.040000000000000036
1.0,13.0,3.74,3.74,3.55,3.6,213100.0,-0.14000000000000012
1.0,12.0,3.39,3.76,3.25,3.76,620500.0,0.36999999999999966
1.0,11.0,3.4,3.78,3.4,3.76,591700.0,0.3599999999999999
1.0,10.0,3.5,3.53,3.38,3.41,210600.0,-0.08999999999999986
1.0,9.0,3.53,3.54,3.38,3.42,201400.0,-0.10999999999999988
1.0,6.0,3.29,3.55,3.26,3.52,344600.0,0.22999999999999998
1.0,5.0,3.15,3.3,3.11,3.28,369500.0,0.1299999999999999
1.0,4.0,3.47,3.5,3.18,3.2,435400.0,-0.27
1.0,3.0,3.53,3.59,3.48,3.49,189200.0,-0.03999999999999959
12.0,30.0,3.43,3.5,3.41,3.45,232000.0,0.020000000000000018
12.0,29.0,3.46,3.52,3.38,3.45,196300.0,-0.009999999999999787
12.0,28.0,3.62,3.66,3.47,3.5,172800.0,-0.1200000000000001
12.0,27.0,3.78,3.78,3.58,3.63,140100.0,-0.1499999999999999
12.0,23.0,3.86,3.88,3.75,3.77,185500.0,-0.08999999999999986
12.0,22.0,3.91,3.92,3.81,3.87,194300.0,-0.040000000000000036
12.0,21.0,3.82,3.99,3.8,3.9,136700.0,0.08000000000000007
12.0,20.0,3.58,3.85,3.58,3.84,281200.0,0.2599999999999998
12.0,19.0,3.69,3.69,3.46,3.51,212500.0,-0.18000000000000016
12.0,16.0,3.69,3.86,3.67,3.67,138200.0,-0.020000000000000018
12.0,15.0,3.76,3.76,3.57,3.74,127500.0,-0.019999999999999574
12.0,14.0,3.87,3.87,3.65,3.73,208100.0,-0.14000000000000012
12.0,13.0,4.2,4.22,3.84,3.91,347700.0,-0.29000000000000004
12.0,12.0,4.38,4.38,4.08,4.19,161200.0,-0.1899999999999995
12.0,9.0,4.31,4.47,4.31,4.47,90000.0,0.16000000000000014
12.0,8.0,4.47,4.5,4.26,4.3,140100.0,-0.16999999999999993
12.0,7.0,4.51,4.53,4.4,4.51,67100.0,0.0
12.0,6.0,4.37,4.57,4.32,4.51,188800.0,0.13999999999999968
12.0,5.0,4.53,4.58,4.3,4.36,192800.0,-0.16999999999999993
12.0,2.0,4.53,4.55,4.38,4.47,234400.0,-0.0600000000000005
12.0,1.0,4.4,4.63,4.39,4.47,407200.0,0.0699999999999994
11.0,30.0,4.18,4.29,4.11,4.25,246800.0,0.07000000000000028
11.0,29.0,4.13,4.17,4.0,4.05,92500.0,-0.08000000000000007
11.0,28.0,4.11,4.22,4.08,4.14,198300.0,0.02999999999999936
11.0,25.0,3.96,4.01,3.91,3.96,51600.0,0.0
11.0,23.0,4.23,4.3,3.84,3.99,551200.0,-0.2400000000000002
11.0,22.0,4.25,4.41,4.24,4.31,136000.0,0.05999999999999961
11.0,21.0,4.35,4.43,4.13,4.25,405100.0,-0.09999999999999964
11.0,18.0,4.9,4.95,4.43,4.52,435400.0,-0.3800000000000008
11.0,17.0,5.14,5.27,4.78,4.85,615600.0,-0.29000000000000004
11.0,16.0,5.14,5.46,5.14,5.25,401100.0,0.11000000000000032
11.0,15.0,5.05,5.28,5.05,5.19,308100.0,0.14000000000000057
11.0,14.0,5.1,5.3,5.05,5.06,281600.0,-0.040000000000000036
11.0,11.0,5.12,5.5,5.1,5.15,841000.0,0.03000000000000025
11.0,10.0,5.11,5.16,4.96,5.1,231100.0,-0.010000000000000675
11.0,9.0,4.91,5.38,4.9,5.04,569700.0,0.1299999999999999
11.0,8.0,5.22,5.3,4.99,5.19,531700.0,-0.02999999999999936
11.0,7.0,5.37,5.42,4.91,5.22,1973100.0,-0.15000000000000036
11.0,4.0,3.78,5.09,3.67,5.09,2815000.0,1.31
11.0,3.0,3.71,3.71,3.51,3.61,224600.0,-0.10000000000000009
11.0,2.0,3.63,3.7,3.37,3.65,270600.0,0.020000000000000018
11.0,1.0,3.7,3.74,3.55,3.56,367300.0,-0.14000000000000012
10.0,31.0,3.4,3.93,3.36,3.82,645900.0,0.41999999999999993
10.0,28.0,3.25,3.43,3.2,3.4,241700.0,0.1499999999999999
10.0,27.0,3.24,3.37,3.17,3.29,288200.0,0.04999999999999982
10.0,26.0,3.09,3.12,3.04,3.1,118200.0,0.010000000000000231
10.0,25.0,3.02,3.06,3.02,3.04,185200.0,0.020000000000000018
10.0,24.0,3.02,3.13,3.02,3.04,272200.0,0.020000000000000018
10.0,21.0,3.07,3.08,2.98,3.03,220900.0,-0.040000000000000036
10.0,20.0,3.12,3.13,2.97,3.03,263000.0,-0.0900000000000003
10.0,19.0,3.26,3.27,3.15,3.16,120200.0,-0.09999999999999964
10.0,18.0,3.17,3.26,3.08,3.26,153700.0,0.08999999999999986
10.0,17.0,3.31,3.37,3.14,3.17,235500.0,-0.14000000000000012
10.0,14.0,3.46,3.53,3.32,3.37,169300.0,-0.08999999999999986
10.0,13.0,3.34,3.49,3.26,3.41,154200.0,0.07000000000000028
10.0,12.0,3.25,3.4,3.21,3.37,208800.0,0.1200000000000001
10.0,11.0,3.15,3.27,3.03,3.25,306400.0,0.10000000000000009
10.0,10.0,3.08,3.28,3.02,3.25,227500.0,0.16999999999999993
10.0,7.0,3.38,3.38,2.96,2.98,423800.0,-0.3999999999999999
10.0,6.0,3.03,3.1,2.8,3.05,361800.0,0.020000000000000018
10.0,5.0,3.01,3.08,2.85,3.04,272700.0,0.03000000000000025
10.0,4.0,2.73,3.03,2.7,2.99,385800.0,0.26000000000000023
10.0,3.0,3.25,3.25,2.84,2.86,463000.0,-0.3900000000000001
9.0,30.0,3.23,3.47,3.16,3.3,252600.0,0.06999999999999984
9.0,29.0,3.62,3.69,3.28,3.34,297700.0,-0.28000000000000025
9.0,28.0,3.78,3.8,3.5,3.52,224900.0,-0.2599999999999998
9.0,27.0,3.7,3.9,3.55,3.82,358100.0,0.11999999999999966
9.0,26.0,3.75,3.79,3.47,3.59,454000.0,-0.16000000000000014
9.0,23.0,3.64,3.8,3.58,3.71,560600.0,0.06999999999999984
9.0,22.0,3.65,3.69,3.53,3.66,294300.0,0.010000000000000231
9.0,21.0,3.98,3.98,3.75,3.83,273900.0,-0.1499999999999999
9.0,20.0,4.09,4.11,3.99,4.0,364300.0,-0.08999999999999986
9.0,19.0,4.13,4.21,4.05,4.12,110800.0,-0.009999999999999787
9.0,16.0,4.24,4.25,4.16,4.21,110200.0,-0.03000000000000025
9.0,15.0,4.19,4.29,4.11,4.23,279400.0,0.040000000000000036
9.0,14.0,4.11,4.2,4.01,4.16,169900.0,0.04999999999999982
9.0,13.0,4.13,4.17,4.01,4.11,104400.0,-0.019999999999999574
9.0,12.0,4.01,4.14,4.0,4.12,140100.0,0.11000000000000032
9.0,9.0,4.16,4.19,4.05,4.11,114800.0,-0.04999999999999982
9.0,8.0,4.33,4.38,4.16,4.23,173100.0,-0.09999999999999964
9.0,7.0,4.22,4.37,4.15,4.35,411300.0,0.1299999999999999
9.0,6.0,4.21,4.22,4.07,4.12,236500.0,-0.08999999999999986
9.0,2.0,4.39,4.4,4.3,4.36,211000.0,-0.02999999999999936
9.0,1.0,4.6,4.63,4.48,4.51,147900.0,-0.08999999999999986
8.0,31.0,4.51,4.69,4.48,4.6,484400.0,0.08999999999999986
8.0,30.0,4.18,4.46,4.15,4.42,287300.0,0.2400000000000002
8.0,29.0,3.92,4.21,3.91,4.17,338100.0,0.25
8.0,26.0,3.93,3.99,3.85,3.85,249600.0,-0.08000000000000007
8.0,25.0,3.92,3.99,3.83,3.95,171500.0,0.03000000000000025
8.0,24.0,3.9,3.93,3.77,3.91,143200.0,0.010000000000000231
8.0,23.0,3.85,3.95,3.79,3.93,287800.0,0.08000000000000007
8.0,22.0,3.9,3.92,3.75,3.79,361900.0,-0.10999999999999988
8.0,19.0,3.72,3.94,3.63,3.81,523300.0,0.08999999999999986
8.0,18.0,3.92,3.93,3.64,3.76,677600.0,-0.16000000000000014
8.0,17.0,4.02,4.1,4.0,4.06,354800.0,0.040000000000000036
8.0,16.0,4.06,4.06,3.93,3.99,190900.0,-0.0699999999999994
8.0,15.0,3.82,4.11,3.82,4.07,404000.0,0.25000000000000044
8.0,12.0,3.76,3.8,3.67,3.79,616200.0,0.03000000000000025
8.0,11.0,3.62,3.75,3.52,3.67,675300.0,0.04999999999999982
8.0,10.0,3.97,4.06,3.53,3.62,702900.0,-0.3500000000000001
8.0,9.0,4.01,4.23,3.78,4.04,611500.0,0.03000000000000025
8.0,8.0,4.46,4.53,3.78,3.98,1088100.0,-0.48
8.0,5.0,4.88,4.94,4.41,4.74,719200.0,-0.13999999999999968
8.0,4.0,4.66,4.93,4.66,4.83,794700.0,0.16999999999999993
8.0,3.0,4.78,4.86,4.45,4.72,646400.0,-0.0600000000000005
8.0,2.0,5.0,5.11,4.76,4.8,318600.0,-0.20000000000000018
8.0,1.0,5.25,5.28,4.95,5.0,274200.0,-0.25
7.0,29.0,5.02,5.1,5.0,5.1,258000.0,0.08000000000000007
7.0,28.0,5.06,5.2,5.03,5.09,261200.0,0.03000000000000025
7.0,27.0,5.21,5.21,5.02,5.06,197300.0,-0.15000000000000036
7.0,26.0,5.2,5.25,5.13,5.25,112800.0,0.04999999999999982
7.0,25.0,5.15,5.26,5.15,5.18,167800.0,0.02999999999999936
7.0,22.0,5.29,5.35,5.15,5.2,287100.0,-0.08999999999999986
7.0,21.0,5.44,5.44,5.21,5.31,191000.0,-0.13000000000000078
7.0,20.0,5.58,5.58,5.27,5.4,252400.0,-0.17999999999999972
7.0,19.0,5.36,5.54,5.3,5.51,199000.0,0.14999999999999947
7.0,18.0,5.21,5.3,5.1,5.3,241800.0,0.08999999999999986
7.0,15.0,5.11,5.21,5.02,5.21,224600.0,0.09999999999999964
7.0,14.0,5.3,5.33,5.09,5.09,274600.0,-0.20999999999999996
7.0,13.0,5.42,5.43,5.25,5.27,243900.0,-0.15000000000000036
7.0,12.0,5.55,5.55,5.33,5.37,311800.0,-0.17999999999999972
7.0,11.0,5.78,5.78,5.54,5.57,202300.0,-0.20999999999999996
7.0,8.0,5.78,5.87,5.63,5.8,478200.0,0.019999999999999574
7.0,7.0,5.47,5.83,5.46,5.76,686900.0,0.29000000000000004
7.0,6.0,5.85,5.99,5.43,5.47,1531200.0,-0.3799999999999999
7.0,5.0,6.26,6.44,6.17,6.32,398100.0,0.0600000000000005
7.0,1.0,6.09,6.3,6.06,6.26,137900.0,0.16999999999999993
6.0,30.0,6.06,6.1,5.9,6.05,197000.0,-0.009999999999999787
6.0,29.0,6.01,6.1,5.84,6.0,140900.0,-0.009999999999999787
6.0,28.0,5.98,6.1,5.82,5.99,194300.0,0.009999999999999787
6.0,27.0,6.06,6.06,5.82,5.93,241800.0,-0.1299999999999999
6.0,24.0,5.85,6.22,5.82,6.07,453800.0,0.22000000000000064
6.0,23.0,5.53,5.86,5.4,5.79,349000.0,0.2599999999999998
6.0,22.0,5.73,5.86,5.55,5.62,295800.0,-0.11000000000000032
6.0,21.0,5.27,5.78,5.24,5.76,476000.0,0.4900000000000002
6.0,20.0,4.85,5.39,4.85,5.1,316100.0,0.25
6.0,17.0,5.06,5.08,4.85,4.85,322900.0,-0.20999999999999996
6.0,16.0,5.1,5.11,4.95,5.02,383900.0,-0.08000000000000007
6.0,15.0,5.14,5.22,5.1,5.12,191500.0,-0.019999999999999574
6.0,14.0,5.26,5.3,5.16,5.17,257000.0,-0.08999999999999986
6.0,13.0,5.39,5.45,5.14,5.16,244000.0,-0.22999999999999954
6.0,10.0,5.56,5.59,5.34,5.38,245000.0,-0.17999999999999972
6.0,9.0,5.49,5.64,5.47,5.53,219300.0,0.040000000000000036
6.0,8.0,5.69,5.8,5.42,5.49,432400.0,-0.20000000000000018
6.0,7.0,5.66,5.8,5.55,5.69,344900.0,0.03000000000000025
6.0,6.0,5.91,5.91,5.5,5.57,707400.0,-0.33999999999999986
6.0,3.0,5.92,6.21,5.66,5.92,1097100.0,0.0
6.0,2.0,6.36,6.48,6.25,6.28,326900.0,-0.08000000000000007
6.0,1.0,6.79,6.83,6.36,6.36,301700.0,-0.4299999999999997
5.0,31.0,7.0,7.1,6.75,6.78,286900.0,-0.21999999999999975
5.0,27.0,6.35,6.95,6.35,6.95,287200.0,0.6000000000000005
5.0,26.0,6.41,6.43,6.27,6.34,127000.0,-0.07000000000000028
5.0,25.0,6.52,6.56,6.39,6.39,169200.0,-0.1299999999999999
5.0,24.0,6.33,6.65,6.19,6.56,343200.0,0.22999999999999954
5.0,23.0,6.25,6.41,6.1,6.21,420700.0,-0.040000000000000036
5.0,20.0,6.33,6.44,6.21,6.33,247600.0,0.0
5.0,19.0,6.51,6.52,6.17,6.32,210600.0,-0.1899999999999995
5.0,18.0,6.26,6.55,6.26,6.47,198400.0,0.20999999999999996
5.0,17.0,6.37,6.4,6.09,6.24,463900.0,-0.1299999999999999
5.0,16.0,6.46,6.62,6.37,6.39,260000.0,-0.07000000000000028
5.0,13.0,6.66,6.75,6.47,6.49,409600.0,-0.16999999999999993
5.0,12.0,6.67,6.74,6.6,6.62,337000.0,-0.04999999999999982
5.0,11.0,6.74,6.92,6.71,6.77,449900.0,0.02999999999999936
5.0,10.0,6.99,6.99,6.8,6.91,531700.0,-0.08000000000000007
5.0,9.0,7.01,7.13,6.9,6.99,654400.0,-0.019999999999999574
5.0,6.0,7.58,7.58,7.21,7.28,327800.0,-0.2999999999999998
5.0,5.0,6.61,7.65,6.26,7.49,1315900.0,0.8799999999999999
5.0,4.0,8.0,8.0,7.3,7.38,683800.0,-0.6200000000000001
5.0,3.0,8.0,8.29,7.84,7.98,358300.0,-0.019999999999999574
5.0,2.0,8.44,8.44,8.04,8.05,342800.0,-0.3899999999999988
4.0,29.0,8.15,8.35,8.15,8.32,469000.0,0.16999999999999993
4.0,28.0,8.0,8.05,7.84,7.85,136500.0,-0.15000000000000036
4.0,27.0,8.08,8.08,7.84,7.99,196600.0,-0.08999999999999986
4.0,26.0,7.91,8.03,7.8,8.01,144000.0,0.09999999999999964
4.0,25.0,7.88,8.06,7.86,7.91,180500.0,0.03000000000000025
4.0,21.0,8.17,8.25,7.89,7.9,311300.0,-0.2699999999999996
4.0,20.0,8.29,8.33,8.08,8.11,223400.0,-0.17999999999999972
4.0,19.0,8.0,8.24,7.85,8.18,346000.0,0.17999999999999972
4.0,18.0,7.85,7.93,7.64,7.8,218700.0,-0.04999999999999982
4.0,15.0,7.87,8.05,7.77,7.97,188200.0,0.09999999999999964
4.0,14.0,7.82,7.91,7.81,7.82,89900.0,0.0
4.0,13.0,7.96,8.06,7.81,7.96,151800.0,0.0
4.0,12.0,8.04,8.04,7.76,7.85,262400.0,-0.1899999999999995
4.0,11.0,8.44,8.48,8.06,8.07,277300.0,-0.3699999999999992
4.0,8.0,8.36,8.42,8.33,8.39,136500.0,0.030000000000001137
4.0,7.0,8.35,8.45,8.3,8.35,138100.0,0.0
4.0,6.0,8.61,8.65,8.28,8.37,444600.0,-0.2400000000000002
4.0,5.0,8.47,8.53,8.35,8.41,181200.0,-0.0600000000000005
4.0,4.0,8.62,8.75,8.22,8.47,662900.0,-0.14999999999999858
4.0,1.0,8.48,8.67,8.31,8.36,624200.0,-0.120000000000001
3.0,31.0,8.12,8.4,8.08,8.33,475900.0,0.21000000000000085
3.0,30.0,8.29,8.39,8.02,8.18,676100.0,-0.10999999999999943
3.0,29.0,7.53,8.25,7.5,8.15,707500.0,0.6200000000000001
3.0,28.0,7.74,7.78,7.43,7.5,289100.0,-0.2400000000000002
3.0,25.0,7.89,7.89,7.65,7.72,239400.0,-0.16999999999999993
3.0,24.0,7.46,7.82,7.39,7.82,444100.0,0.3600000000000003
3.0,23.0,7.42,7.47,7.22,7.4,244300.0,-0.019999999999999574
3.0,22.0,7.12,7.42,7.06,7.41,254800.0,0.29000000000000004
3.0,21.0,7.19,7.2,7.04,7.12,175500.0,-0.07000000000000028
3.0,18.0,7.22,7.23,7.05,7.08,216800.0,-0.13999999999999968
3.0,17.0,7.17,7.29,7.01,7.14,137200.0,-0.03000000000000025
3.0,16.0,7.25,7.28,6.93,7.06,268600.0,-0.1900000000000004
3.0,15.0,6.99,7.28,6.82,7.21,363100.0,0.21999999999999975
3.0,14.0,7.28,7.31,7.07,7.12,277800.0,-0.16000000000000014
3.0,11.0,7.4,7.49,7.29,7.29,229800.0,-0.11000000000000032
3.0,10.0,7.74,7.74,7.38,7.45,295300.0,-0.29000000000000004
3.0,9.0,7.75,7.88,7.69,7.77,193200.0,0.019999999999999574
3.0,8.0,7.6,7.88,7.49,7.75,409500.0,0.15000000000000036
3.0,7.0,7.83,7.85,7.5,7.58,353000.0,-0.25
3.0,4.0,8.01,8.03,7.64,7.78,330100.0,-0.22999999999999954
3.0,3.0,7.93,8.05,7.87,7.98,255200.0,0.05000000000000071
3.0,2.0,7.6,7.79,7.57,7.77,177700.0,0.16999999999999993
3.0,1.0,7.83,7.83,7.56,7.58,298900.0,-0.25
2.0,28.0,8.02,8.02,7.62,7.8,247200.0,-0.21999999999999975
2.0,25.0,7.34,8.0,7.3,7.96,617200.0,0.6200000000000001
2.0,24.0,7.28,7.47,7.15,7.17,290200.0,-0.11000000000000032
2.0,23.0,7.45,7.5,7.21,7.28,290400.0,-0.16999999999999993
2.0,22.0,7.5,7.61,7.39,7.43,357900.0,-0.07000000000000028
2.0,18.0,7.77,7.92,7.6,7.6,359500.0,-0.16999999999999993
2.0,17.0,7.83,7.92,7.77,7.77,193300.0,-0.0600000000000005
2.0,16.0,7.91,7.99,7.8,7.83,242800.0,-0.08000000000000007
2.0,15.0,8.0,8.0,7.87,7.87,299400.0,-0.1299999999999999
2.0,14.0,8.1,8.1,7.9,7.98,362300.0,-0.11999999999999922
2.0,11.0,8.06,8.12,8.0,8.12,313000.0,0.05999999999999872
2.0,10.0,8.04,8.11,7.95,8.07,358200.0,0.030000000000001137
2.0,9.0,8.29,8.29,8.02,8.11,567000.0,-0.17999999999999972
2.0,8.0,8.3,8.38,8.2,8.24,387300.0,-0.0600000000000005
2.0,7.0,8.32,8.47,8.1,8.26,646100.0,-0.0600000000000005
2.0,4.0,7.18,8.15,7.17,8.12,1375100.0,0.9399999999999995
2.0,3.0,7.21,7.27,7.12,7.14,352100.0,-0.07000000000000028
2.0,2.0,7.25,7.3,7.19,7.23,127200.0,-0.019999999999999574
2.0,1.0,7.18,7.33,7.04,7.25,278700.0,0.07000000000000028
1.0,31.0,7.19,7.24,7.01,7.12,252700.0,-0.07000000000000028
1.0,28.0,7.33,7.34,7.08,7.19,421000.0,-0.13999999999999968
1.0,27.0,7.22,7.33,7.18,7.32,216900.0,0.10000000000000053
1.0,26.0,7.23,7.32,7.15,7.19,255700.0,-0.040000000000000036
1.0,25.0,7.38,7.45,7.19,7.23,273600.0,-0.14999999999999947
1.0,24.0,7.33,7.49,7.28,7.43,348500.0,0.09999999999999964
1.0,21.0,7.31,7.4,7.26,7.31,346900.0,0.0
1.0,20.0,7.5,7.5,7.2,7.29,577400.0,-0.20999999999999996
1.0,19.0,7.71,7.71,7.5,7.58,550800.0,-0.1299999999999999
1.0,18.0,7.75,7.79,7.48,7.72,636500.0,-0.03000000000000025
1.0,14.0,7.32,7.78,7.25,7.63,1472300.0,0.3099999999999996
1.0,13.0,7.45,7.5,7.1,7.25,4518700.0,-0.20000000000000018
1.0,12.0,8.95,8.99,8.63,8.66,1247700.0,-0.28999999999999915
1.0,11.0,8.91,8.98,8.68,8.86,655900.0,-0.05000000000000071
1.0,10.0,8.68,8.98,8.6,8.84,358300.0,0.16000000000000014
1.0,7.0,8.98,8.99,8.59,8.62,507400.0,-0.3600000000000012
1.0,6.0,8.37,8.93,8.35,8.9,741500.0,0.5300000000000011
1.0,5.0,8.12,8.39,8.11,8.3,494400.0,0.1800000000000015
1.0,4.0,8.38,8.38,8.05,8.06,599200.0,-0.3200000000000003
1.0,3.0,8.53,8.6,8.18,8.2,630000.0,-0.33000000000000007
12.0,31.0,8.41,8.47,8.35,8.44,301600.0,0.02999999999999936
12.0,30.0,8.23,8.5,8.15,8.44,466300.0,0.20999999999999908
12.0,29.0,8.2,8.34,8.13,8.2,555700.0,0.0
12.0,28.0,8.45,8.47,8.09,8.15,485900.0,-0.29999999999999893
12.0,27.0,8.6,8.6,8.38,8.44,227400.0,-0.16000000000000014
12.0,23.0,8.64,8.74,8.57,8.61,219800.0,-0.030000000000001137
12.0,22.0,8.88,8.88,8.59,8.63,207600.0,-0.25
12.0,21.0,8.92,9.0,8.75,8.83,219000.0,-0.08999999999999986
12.0,20.0,8.58,9.03,8.58,8.93,311500.0,0.34999999999999964
12.0,17.0,8.73,8.74,8.52,8.57,149400.0,-0.16000000000000014
12.0,16.0,8.74,8.83,8.63,8.69,219700.0,-0.05000000000000071
12.0,15.0,8.82,8.94,8.57,8.76,296300.0,-0.0600000000000005
12.0,14.0,9.19,9.2,8.79,8.92,346300.0,-0.2699999999999996
12.0,13.0,8.98,9.2,8.9,9.14,373300.0,0.16000000000000014
12.0,10.0,8.52,9.16,8.42,8.96,1461800.0,0.4400000000000013
12.0,9.0,8.25,8.43,8.09,8.37,363500.0,0.11999999999999922
12.0,8.0,8.12,8.19,7.99,8.06,198700.0,-0.05999999999999872
12.0,7.0,8.16,8.3,8.03,8.12,191800.0,-0.040000000000000924
12.0,6.0,7.91,8.18,7.77,8.1,368300.0,0.1899999999999995
12.0,3.0,8.03,8.03,7.84,7.94,305700.0,-0.08999999999999897
12.0,2.0,7.92,8.4,7.89,8.02,783000.0,0.09999999999999964
12.0,1.0,7.62,7.82,7.44,7.74,430400.0,0.1200000000000001
11.0,30.0,7.08,7.64,7.02,7.56,422400.0,0.47999999999999954
11.0,29.0,7.01,7.09,7.0,7.08,136900.0,0.07000000000000028
11.0,26.0,7.0,7.09,7.0,7.03,99500.0,0.03000000000000025
11.0,24.0,7.05,7.14,7.0,7.06,279800.0,0.009999999999999787
11.0,23.0,7.05,7.1,6.98,7.02,222100.0,-0.03000000000000025
11.0,22.0,7.08,7.14,7.0,7.08,209100.0,0.0
11.0,19.0,7.2,7.2,7.04,7.13,176500.0,-0.07000000000000028
11.0,18.0,7.07,7.25,7.0,7.2,272600.0,0.1299999999999999
11.0,17.0,7.06,7.11,6.9,6.97,431000.0,-0.08999999999999986
11.0,16.0,7.1,7.18,6.95,7.05,578500.0,-0.04999999999999982
11.0,15.0,7.21,7.33,7.04,7.18,322200.0,-0.03000000000000025
11.0,12.0,7.22,7.34,7.02,7.12,314900.0,-0.09999999999999964
11.0,11.0,7.08,7.26,6.93,7.2,646200.0,0.1200000000000001
11.0,10.0,6.83,7.19,6.73,7.1,915000.0,0.2699999999999996
11.0,9.0,7.06,7.06,6.81,6.85,1078900.0,-0.20999999999999996
11.0,8.0,7.2,7.22,6.93,7.03,1981900.0,-0.16999999999999993
11.0,5.0,7.97,8.29,7.48,7.69,2303200.0,-0.27999999999999936
11.0,4.0,8.7,8.81,8.5,8.69,493000.0,-0.009999999999999787
11.0,3.0,8.59,8.88,8.4,8.67,732700.0,0.08000000000000007
11.0,2.0,8.14,8.58,7.87,8.51,1193300.0,0.3699999999999992
11.0,1.0,8.16,8.2,7.99,8.06,188000.0,-0.09999999999999964
10.0,29.0,8.18,8.18,7.98,8.15,223500.0,-0.02999999999999936
10.0,28.0,8.2,8.29,8.07,8.19,222500.0,-0.009999999999999787
10.0,27.0,8.0,8.17,7.88,8.17,305100.0,0.16999999999999993
10.0,26.0,8.19,8.23,8.06,8.09,212600.0,-0.09999999999999964
10.0,25.0,8.45,8.47,8.28,8.29,246000.0,-0.16000000000000014
10.0,22.0,8.23,8.38,8.11,8.26,213000.0,0.02999999999999936
10.0,21.0,8.41,8.47,8.02,8.22,496200.0,-0.1899999999999995
10.0,20.0,8.35,8.57,8.27,8.35,624800.0,0.0
10.0,19.0,8.4,8.45,8.01,8.09,480300.0,-0.3100000000000005
10.0,18.0,8.2,8.63,8.06,8.49,847500.0,0.2900000000000009
10.0,15.0,8.0,8.22,7.96,8.04,603900.0,0.03999999999999915
10.0,14.0,7.95,8.06,7.62,7.96,1155800.0,0.009999999999999787
10.0,13.0,7.15,8.0,7.1,7.91,1854600.0,0.7599999999999998
10.0,12.0,7.08,7.08,6.95,7.02,468200.0,-0.0600000000000005
10.0,11.0,7.13,7.13,6.99,7.03,649300.0,-0.09999999999999964
10.0,8.0,7.05,7.16,6.83,6.96,1340500.0,-0.08999999999999986
10.0,7.0,6.42,6.66,6.31,6.66,530300.0,0.2400000000000002
10.0,6.0,6.3,6.87,6.22,6.34,950200.0,0.040000000000000036
10.0,5.0,6.4,6.4,5.98,6.26,668700.0,-0.14000000000000057
10.0,4.0,6.56,6.58,6.1,6.37,746600.0,-0.1899999999999995
10.0,1.0,6.85,6.93,6.67,6.67,443200.0,-0.17999999999999972
9.0,30.0,7.39,7.39,6.91,7.08,178100.0,-0.3099999999999996
9.0,29.0,7.09,7.39,7.09,7.25,261900.0,0.16000000000000014
9.0,28.0,7.22,7.25,7.04,7.13,142800.0,-0.08999999999999986
9.0,27.0,6.91,7.24,6.84,7.23,235900.0,0.3200000000000003
9.0,24.0,6.83,6.94,6.76,6.9,115600.0,0.07000000000000028
9.0,23.0,6.72,6.85,6.72,6.74,96300.0,0.020000000000000462
9.0,22.0,6.95,6.96,6.72,6.82,89400.0,-0.1299999999999999
9.0,21.0,6.94,6.99,6.86,6.94,124300.0,0.0
9.0,20.0,6.75,6.97,6.72,6.82,277400.0,0.07000000000000028
9.0,17.0,6.96,6.96,6.67,6.72,255700.0,-0.2400000000000002
9.0,16.0,6.85,7.12,6.84,6.87,219400.0,0.020000000000000462
9.0,15.0,6.96,7.0,6.8,6.91,228100.0,-0.04999999999999982
9.0,14.0,7.3,7.36,6.99,7.04,346100.0,-0.2599999999999998
9.0,13.0,7.5,7.63,7.15,7.32,296900.0,-0.17999999999999972
9.0,10.0,7.08,7.46,7.08,7.34,529500.0,0.2599999999999998
9.0,9.0,6.67,7.36,6.65,7.09,697200.0,0.41999999999999993
9.0,8.0,6.39,6.6,6.39,6.59,162400.0,0.20000000000000018
9.0,7.0,6.43,6.52,6.34,6.42,230100.0,-0.009999999999999787
9.0,3.0,6.38,6.56,6.34,6.51,299000.0,0.1299999999999999
9.0,2.0,6.16,6.32,6.09,6.32,236800.0,0.16000000000000014
9.0,1.0,5.86,6.18,5.86,6.14,388100.0,0.27999999999999936
8.0,31.0,5.78,5.97,5.7,5.86,151800.0,0.08000000000000007
8.0,30.0,6.02,6.06,5.82,5.83,101200.0,-0.1899999999999995
8.0,27.0,5.9,6.02,5.9,6.0,130800.0,0.09999999999999964
8.0,26.0,6.01,6.02,5.93,5.97,164100.0,-0.040000000000000036
8.0,25.0,5.94,6.0,5.85,5.96,174500.0,0.019999999999999574
8.0,24.0,5.91,6.02,5.9,5.97,150500.0,0.05999999999999961
8.0,23.0,6.11,6.11,5.96,6.03,152800.0,-0.08000000000000007
8.0,20.0,6.04,6.11,6.0,6.06,164600.0,0.019999999999999574
8.0,19.0,6.2,6.2,6.0,6.04,143300.0,-0.16000000000000014
8.0,18.0,6.28,6.28,6.1,6.2,183800.0,-0.08000000000000007
8.0,17.0,6.05,6.25,6.0,6.14,220200.0,0.08999999999999986
8.0,16.0,5.77,6.04,5.72,6.0,196800.0,0.23000000000000043
8.0,13.0,5.72,5.81,5.66,5.78,172400.0,0.0600000000000005
8.0,12.0,5.61,5.8,5.45,5.72,175700.0,0.10999999999999943
8.0,11.0,5.81,5.9,5.65,5.7,349100.0,-0.10999999999999943
8.0,10.0,5.9,5.99,5.8,5.94,238000.0,0.040000000000000036
8.0,9.0,6.03,6.08,5.96,6.04,202700.0,0.009999999999999787
8.0,6.0,6.0,6.15,5.75,6.0,319200.0,0.0
8.0,5.0,6.56,6.56,5.82,6.02,750300.0,-0.54
8.0,4.0,6.64,6.82,6.56,6.59,334300.0,-0.04999999999999982
8.0,3.0,6.2,6.64,6.15,6.6,606300.0,0.39999999999999947
8.0,2.0,6.28,6.38,6.12,6.2,197900.0,-0.08000000000000007
7.0,30.0,5.99,6.11,5.86,6.09,190300.0,0.09999999999999964
7.0,29.0,6.17,6.28,5.95,6.03,248700.0,-0.13999999999999968
7.0,28.0,6.34,6.34,6.08,6.09,220600.0,-0.25
7.0,27.0,6.5,6.69,6.29,6.34,730400.0,-0.16000000000000014
7.0,26.0,5.68,6.31,5.68,6.25,867400.0,0.5700000000000003
7.0,23.0,5.68,5.71,5.57,5.65,263200.0,-0.02999999999999936
7.0,22.0,5.43,5.64,5.43,5.62,394300.0,0.1900000000000004
7.0,21.0,5.4,5.54,5.25,5.28,322800.0,-0.1200000000000001
7.0,20.0,5.23,5.37,5.03,5.35,374900.0,0.11999999999999922
7.0,19.0,5.23,5.38,5.17,5.23,215200.0,0.0
7.0,16.0,5.43,5.43,5.17,5.23,405600.0,-0.1999999999999993
7.0,15.0,5.9,5.9,5.45,5.5,352700.0,-0.40000000000000036
7.0,14.0,5.59,5.91,5.56,5.87,367400.0,0.28000000000000025
7.0,13.0,5.5,5.65,5.28,5.64,425300.0,0.13999999999999968
7.0,12.0,5.31,5.45,5.22,5.44,398700.0,0.13000000000000078
7.0,9.0,4.8,5.51,4.78,5.33,1746400.0,0.5300000000000002
7.0,8.0,4.62,4.9,4.4,4.7,3566700.0,0.08000000000000007
7.0,7.0,5.41,5.61,5.35,5.61,613000.0,0.20000000000000018
7.0,6.0,5.8,5.86,5.34,5.37,643500.0,-0.4299999999999997
7.0,2.0,6.01,6.05,5.9,5.91,207100.0,-0.09999999999999964
7.0,1.0,5.98,6.0,5.75,5.94,257000.0,-0.040000000000000036
6.0,30.0,6.05,6.07,5.91,5.99,266900.0,-0.05999999999999961
6.0,29.0,6.15,6.18,5.99,6.02,270800.0,-0.13000000000000078
6.0,28.0,6.07,6.27,6.04,6.27,224200.0,0.1999999999999993
6.0,25.0,6.05,6.09,5.9,6.04,247100.0,-0.009999999999999787
6.0,24.0,6.08,6.08,5.9,5.95,175800.0,-0.1299999999999999
6.0,23.0,6.04,6.06,5.86,6.0,216600.0,-0.040000000000000036
6.0,22.0,6.45,6.48,6.04,6.1,259500.0,-0.35000000000000053
6.0,21.0,6.5,6.59,6.28,6.37,676300.0,-0.1299999999999999
6.0,18.0,6.13,6.34,6.08,6.3,173600.0,0.16999999999999993
6.0,17.0,6.3,6.35,6.08,6.16,194500.0,-0.13999999999999968
6.0,16.0,6.4,6.49,6.2,6.21,228900.0,-0.1900000000000004
6.0,15.0,6.18,6.46,6.13,6.45,410800.0,0.27000000000000046
6.0,14.0,6.1,6.18,6.01,6.13,415600.0,0.03000000000000025
6.0,11.0,5.73,5.94,5.63,5.94,254300.0,0.20999999999999996
6.0,10.0,5.54,5.8,5.45,5.76,302100.0,0.21999999999999975
6.0,9.0,5.75,5.77,5.37,5.37,380800.0,-0.3799999999999999
6.0,8.0,6.01,6.03,5.63,5.69,503600.0,-0.3199999999999994
6.0,7.0,5.95,6.05,5.82,6.02,426800.0,0.0699999999999994
6.0,4.0,6.0,6.11,5.86,5.99,541000.0,-0.009999999999999787
6.0,3.0,6.19,6.19,5.95,6.1,282600.0,-0.09000000000000075
6.0,2.0,6.15,6.15,6.0,6.09,387400.0,-0.0600000000000005
6.0,1.0,5.94,6.26,5.91,6.07,686800.0,0.1299999999999999
5.0,28.0,6.12,6.12,5.91,5.97,367100.0,-0.15000000000000036
5.0,27.0,5.98,6.04,5.89,6.04,522400.0,0.05999999999999961
5.0,26.0,5.95,6.12,5.7,5.8,362900.0,-0.15000000000000036
5.0,25.0,5.65,5.81,5.45,5.8,482000.0,0.14999999999999947
5.0,24.0,5.62,6.03,5.48,5.79,357300.0,0.16999999999999993
5.0,21.0,5.25,5.76,5.11,5.5,570000.0,0.25
5.0,20.0,5.43,5.53,5.21,5.34,901400.0,-0.08999999999999986
5.0,19.0,5.88,5.93,5.63,5.63,809300.0,-0.25
5.0,18.0,6.01,6.13,5.92,5.97,717000.0,-0.040000000000000036
5.0,17.0,5.95,6.13,5.85,5.98,1187400.0,0.03000000000000025
5.0,14.0,6.34,6.34,5.87,6.13,942300.0,-0.20999999999999996
5.0,13.0,6.2,6.48,6.05,6.28,959900.0,0.08000000000000007
5.0,12.0,6.13,6.24,5.86,6.15,1318100.0,0.020000000000000462
5.0,11.0,5.48,6.09,5.48,6.05,3094900.0,0.5699999999999994
5.0,10.0,6.3,6.35,5.43,5.51,3576900.0,-0.79
5.0,7.0,7.1,7.1,5.95,6.01,4923600.0,-1.0899999999999999
5.0,6.0,8.23,8.23,7.35,7.97,1165900.0,-0.2600000000000007
5.0,5.0,8.02,8.16,7.7,8.04,897500.0,0.019999999999999574
5.0,4.0,8.52,8.53,7.98,8.12,1056000.0,-0.40000000000000036
5.0,3.0,8.55,8.79,8.4,8.59,548100.0,0.03999999999999915
4.0,30.0,8.68,8.82,8.44,8.5,487700.0,-0.17999999999999972
4.0,29.0,8.75,8.94,8.5,8.72,752300.0,-0.02999999999999936
4.0,28.0,8.26,8.64,7.82,8.57,2098300.0,0.3100000000000005
4.0,27.0,8.95,8.96,8.17,8.27,1645800.0,-0.6799999999999997
4.0,26.0,9.1,9.17,8.96,8.97,496300.0,-0.129999999999999
4.0,23.0,9.33,9.33,9.05,9.13,669500.0,-0.1999999999999993
4.0,22.0,9.15,9.35,9.06,9.22,566800.0,0.07000000000000028
4.0,21.0,9.75,9.79,9.2,9.22,703600.0,-0.5299999999999994
4.0,20.0,9.94,10.0,9.64,9.65,349400.0,-0.28999999999999915
4.0,19.0,9.87,9.87,9.45,9.81,356100.0,-0.05999999999999872
4.0,16.0,10.0,10.0,9.6,9.84,588700.0,-0.16000000000000014
4.0,15.0,10.03,10.15,9.93,10.0,332800.0,-0.02999999999999936
4.0,14.0,10.0,10.15,9.76,10.05,728200.0,0.05000000000000071
4.0,13.0,10.11,10.11,9.56,9.84,794800.0,-0.2699999999999996
4.0,12.0,10.26,10.34,9.95,9.96,709600.0,-0.29999999999999893
4.0,9.0,9.76,10.38,9.74,10.28,1346000.0,0.5199999999999996
4.0,8.0,9.13,9.62,9.02,9.53,757000.0,0.3999999999999986
4.0,7.0,9.38,9.38,9.09,9.13,762700.0,-0.25
4.0,6.0,9.32,9.44,9.15,9.37,671800.0,0.049999999999998934
4.0,5.0,9.49,9.5,9.11,9.27,721700.0,-0.22000000000000064
4.0,1.0,9.35,9.67,9.34,9.4,937300.0,0.05000000000000071
3.0,31.0,9.02,9.45,8.91,9.25,1163900.0,0.23000000000000043
3.0,30.0,9.4,9.55,8.95,9.0,2318500.0,-0.40000000000000036
3.0,29.0,9.8,9.95,9.4,9.55,1685700.0,-0.25
3.0,26.0,10.17,10.29,9.67,9.83,1042200.0,-0.33999999999999986
3.0,25.0,10.15,10.45,10.04,10.14,1064100.0,-0.009999999999999787
3.0,24.0,10.64,10.71,9.44,9.98,3147300.0,-0.6600000000000001
3.0,23.0,10.46,10.62,10.2,10.6,797200.0,0.1399999999999988
3.0,22.0,10.1,10.37,9.81,10.18,1081500.0,0.08000000000000007
3.0,19.0,10.05,10.6,9.95,10.05,734800.0,0.0
3.0,18.0,10.98,11.08,10.32,10.47,1152400.0,-0.5099999999999998
3.0,17.0,10.4,10.91,10.4,10.84,1623100.0,0.4399999999999995
3.0,16.0,9.69,10.2,9.69,10.2,1129800.0,0.5099999999999998
3.0,15.0,9.57,9.62,9.33,9.56,977300.0,-0.009999999999999787
3.0,12.0,9.44,9.55,8.77,9.25,1853300.0,-0.1899999999999995
3.0,11.0,10.11,10.29,9.3,9.39,2122600.0,-0.7199999999999989
3.0,10.0,10.34,10.63,10.18,10.2,1161400.0,-0.14000000000000057
3.0,9.0,10.16,10.45,9.78,10.13,1063600.0,-0.02999999999999936
3.0,8.0,10.48,10.49,9.55,9.91,2437500.0,-0.5700000000000003
3.0,5.0,10.65,11.0,10.37,10.47,1216000.0,-0.17999999999999972
3.0,4.0,11.38,11.4,10.14,10.37,1938100.0,-1.0100000000000016
3.0,3.0,11.63,11.72,11.16,11.38,992100.0,-0.25
3.0,2.0,12.14,12.22,11.6,11.65,1035200.0,-0.4900000000000002
3.0,1.0,12.45,12.45,11.99,12.08,575400.0,-0.3699999999999992
2.0,26.0,12.3,12.43,12.19,12.25,347300.0,-0.05000000000000071
2.0,25.0,12.7,12.72,11.97,12.3,1192400.0,-0.3999999999999986
2.0,24.0,12.32,12.97,11.83,12.74,963900.0,0.41999999999999993
2.0,23.0,12.65,12.66,12.01,12.03,954700.0,-0.620000000000001
2.0,22.0,13.04,13.12,12.67,12.7,390700.0,-0.33999999999999986
2.0,19.0,13.07,13.2,12.77,13.01,460800.0,-0.0600000000000005
2.0,18.0,12.72,13.09,12.55,13.07,400800.0,0.34999999999999964
2.0,17.0,12.98,13.1,12.72,12.84,228200.0,-0.14000000000000057
2.0,16.0,12.75,12.97,12.75,12.97,356600.0,0.22000000000000064
2.0,12.0,12.15,12.51,12.0,12.51,397100.0,0.35999999999999943
2.0,11.0,12.03,12.69,12.03,12.48,699200.0,0.45000000000000107
2.0,10.0,11.83,12.18,11.67,12.1,441600.0,0.2699999999999996
2.0,9.0,11.93,11.98,11.67,11.73,674200.0,-0.1999999999999993
2.0,8.0,11.67,11.83,11.56,11.67,647800.0,0.0
2.0,5.0,10.93,11.6,10.73,11.58,751300.0,0.6500000000000004
2.0,4.0,11.6,11.62,10.54,11.01,936000.0,-0.5899999999999999
2.0,3.0,11.83,11.89,11.62,11.72,362900.0,-0.10999999999999943
2.0,2.0,11.89,11.95,11.6,11.71,493600.0,-0.17999999999999972
2.0,1.0,11.42,11.89,11.25,11.74,384200.0,0.3200000000000003
1.0,29.0,12.06,12.18,11.1,11.19,619600.0,-0.870000000000001
1.0,28.0,12.12,12.22,11.64,11.95,471900.0,-0.16999999999999993
1.0,27.0,11.65,11.91,11.31,11.89,415400.0,0.2400000000000002
1.0,26.0,12.21,12.34,11.37,11.8,987300.0,-0.41000000000000014
1.0,25.0,12.24,12.64,12.07,12.34,456000.0,0.09999999999999964
1.0,22.0,12.95,12.95,11.68,12.05,1054600.0,-0.8999999999999986
1.0,21.0,13.85,13.85,12.8,12.96,767900.0,-0.8899999999999988
1.0,20.0,13.87,13.88,13.33,13.56,536600.0,-0.3099999999999987
1.0,19.0,13.57,14.1,13.51,14.02,766800.0,0.4499999999999993
1.0,15.0,13.84,13.84,13.44,13.51,1411700.0,-0.33000000000000007
1.0,14.0,13.48,13.97,13.33,13.82,1627800.0,0.33999999999999986
1.0,13.0,13.38,13.63,12.91,13.4,1085000.0,0.019999999999999574
1.0,12.0,12.55,13.41,12.37,13.25,1435500.0,0.6999999999999993
1.0,11.0,13.69,13.93,12.64,12.65,2134000.0,-1.0399999999999991
1.0,8.0,13.5,13.87,12.81,13.53,5163000.0,0.02999999999999936
1.0,7.0,12.26,12.42,11.92,12.15,1570600.0,-0.10999999999999943
1.0,6.0,11.66,12.12,11.53,11.92,534900.0,0.2599999999999998
1.0,5.0,11.4,11.78,11.33,11.56,538100.0,0.16000000000000014
1.0,4.0,11.61,11.75,10.99,11.31,660800.0,-0.29999999999999893
12.0,31.0,11.47,11.56,11.32,11.46,241200.0,-0.009999999999999787
12.0,30.0,11.64,11.64,11.15,11.34,142200.0,-0.3000000000000007
12.0,29.0,11.74,12.0,11.51,11.53,227900.0,-0.21000000000000085
12.0,28.0,11.46,11.97,11.33,11.62,132000.0,0.15999999999999837
12.0,24.0,11.29,11.63,11.16,11.34,252300.0,0.05000000000000071
12.0,23.0,10.83,11.23,10.81,11.15,318300.0,0.3200000000000003
12.0,22.0,11.16,11.45,10.69,10.71,484400.0,-0.4499999999999993
12.0,21.0,10.98,11.1,10.85,11.04,503800.0,0.05999999999999872
12.0,18.0,10.73,11.0,10.46,10.78,420800.0,0.049999999999998934
12.0,17.0,10.59,10.68,10.15,10.63,502200.0,0.040000000000000924
12.0,16.0,10.37,10.82,10.35,10.68,816100.0,0.3100000000000005
12.0,15.0,10.1,10.45,9.97,10.27,831900.0,0.16999999999999993
12.0,14.0,9.58,10.18,9.41,10.1,1229100.0,0.5199999999999996
12.0,11.0,9.54,9.55,9.25,9.44,148000.0,-0.09999999999999964
12.0,10.0,9.48,9.71,9.32,9.36,340000.0,-0.120000000000001
12.0,9.0,9.11,9.35,8.95,9.33,403500.0,0.22000000000000064
12.0,8.0,9.22,9.52,8.87,9.08,644200.0,-0.14000000000000057
12.0,7.0,9.6,9.62,9.21,9.3,470800.0,-0.29999999999999893
12.0,4.0,9.93,10.06,9.4,9.43,477600.0,-0.5
12.0,3.0,10.0,10.2,9.75,9.85,190100.0,-0.15000000000000036
12.0,2.0,10.18,10.35,9.95,10.05,499300.0,-0.129999999999999
12.0,1.0,10.11,10.32,9.83,10.19,786800.0,0.08000000000000007
11.0,30.0,9.42,10.16,9.25,10.0,1444900.0,0.5800000000000001
11.0,27.0,9.49,9.63,8.91,9.57,314500.0,0.08000000000000007
11.0,25.0,9.05,9.75,8.86,9.7,1584300.0,0.6499999999999986
11.0,24.0,8.82,8.9,8.56,8.75,164400.0,-0.07000000000000028
11.0,23.0,8.72,8.95,8.64,8.76,495500.0,0.03999999999999915
11.0,20.0,8.62,8.69,8.48,8.63,141900.0,0.010000000000001563
11.0,19.0,8.83,8.83,8.52,8.66,167900.0,-0.16999999999999993
11.0,18.0,8.85,8.93,8.74,8.79,91300.0,-0.0600000000000005
11.0,17.0,8.73,8.99,8.66,8.85,195500.0,0.11999999999999922
11.0,16.0,8.82,9.09,8.74,8.81,194800.0,-0.009999999999999787
11.0,13.0,8.65,8.79,8.48,8.74,120100.0,0.08999999999999986
11.0,12.0,9.01,9.1,8.5,8.6,226400.0,-0.41000000000000014
11.0,11.0,9.3,9.36,8.97,9.12,204700.0,-0.1800000000000015
11.0,10.0,9.18,9.3,8.82,9.22,417600.0,0.040000000000000924
11.0,9.0,9.25,9.42,9.17,9.2,749800.0,-0.05000000000000071
11.0,6.0,8.8,9.02,8.63,8.94,355100.0,0.1399999999999988
11.0,5.0,8.87,9.0,8.7,8.78,364400.0,-0.08999999999999986
11.0,4.0,8.82,9.13,8.49,8.68,574000.0,-0.14000000000000057
11.0,3.0,8.13,8.84,8.11,8.79,666200.0,0.6599999999999984
11.0,2.0,7.9,8.22,7.9,8.2,509100.0,0.29999999999999893
10.0,30.0,8.12,8.3,7.8,7.97,206300.0,-0.14999999999999947
10.0,29.0,7.88,8.5,7.81,8.14,543100.0,0.2600000000000007
10.0,28.0,8.31,8.46,7.59,7.73,697000.0,-0.5800000000000001
10.0,27.0,8.01,9.35,7.6,8.46,3337600.0,0.45000000000000107
10.0,26.0,9.0,9.0,8.05,8.09,711500.0,-0.9100000000000001
10.0,23.0,9.35,9.4,8.75,9.03,432400.0,-0.3200000000000003
10.0,22.0,9.69,9.69,9.05,9.29,686800.0,-0.40000000000000036
10.0,21.0,9.39,9.67,9.26,9.51,1174200.0,0.11999999999999922
10.0,20.0,8.92,9.65,8.8,9.38,1914700.0,0.46000000000000085
10.0,19.0,9.63,9.63,8.6,8.71,2180800.0,-0.9199999999999999
10.0,16.0,9.84,9.9,9.34,9.39,925700.0,-0.4499999999999993
10.0,15.0,10.0,10.0,9.25,9.88,4403000.0,-0.11999999999999922
10.0,14.0,11.1,11.22,10.35,10.48,15100.0,-0.6199999999999992
10.0,13.0,10.93,11.62,10.86,10.86,86800.0,-0.07000000000000028
10.0,12.0,10.5,10.5,10.5,10.5,0.0,0.0
10.0,9.0,9.65,10.5,9.62,10.5,22300.0,0.8499999999999996
10.0,8.0,9.08,9.08,8.7,8.79,35700.0,-0.2900000000000009
10.0,7.0,9.25,9.25,8.79,9.1,21800.0,-0.15000000000000036
10.0,6.0,9.12,9.17,9.07,9.07,9200.0,-0.049999999999998934
10.0,5.0,8.47,8.47,8.47,8.47,10000.0,0.0
10.0,2.0,7.82,8.22,7.82,8.21,5500.0,0.39000000000000057
10.0,1.0,8.43,8.43,8.02,8.02,13100.0,-0.41000000000000014
9.0,30.0,8.21,8.33,8.21,8.29,4900.0,0.0799999999999983
9.0,29.0,7.5,7.96,7.5,7.96,7100.0,0.45999999999999996
9.0,28.0,7.37,7.39,7.37,7.37,27500.0,0.0
9.0,25.0,7.01,7.4,7.01,7.32,8500.0,0.3100000000000005
9.0,24.0,7.38,7.44,7.38,7.44,1100.0,0.0600000000000005
9.0,23.0,7.54,7.59,7.51,7.51,6900.0,-0.03000000000000025
9.0,22.0,7.07,7.4,7.07,7.39,4100.0,0.3199999999999994
9.0,21.0,6.9,6.95,6.49,6.77,6800.0,-0.13000000000000078
9.0,18.0,7.4,7.41,7.36,7.41,2100.0,0.009999999999999787
9.0,17.0,6.9,6.9,6.9,6.9,0.0,0.0
9.0,16.0,6.9,6.9,6.9,6.9,0.0,0.0
9.0,15.0,6.9,6.9,6.9,6.9,300.0,0.0
9.0,14.0,6.65,6.65,6.65,6.65,600.0,0.0
9.0,11.0,6.78,6.79,6.78,6.79,20000.0,0.009999999999999787
9.0,10.0,6.59,6.65,6.59,6.65,6500.0,0.0600000000000005
9.0,9.0,6.3,6.57,6.3,6.52,14200.0,0.21999999999999975
9.0,8.0,6.0,6.22,5.96,6.15,11400.0,0.15000000000000036
9.0,4.0,5.73,5.73,5.73,5.73,0.0,0.0
9.0,3.0,5.73,5.73,5.73,5.73,0.0,0.0
9.0,2.0,5.73,5.73,5.73,5.73,100.0,0.0
9.0,1.0,5.84,5.84,5.74,5.74,1800.0,-0.09999999999999964
8.0,31.0,6.1,6.1,5.9,5.9,7100.0,-0.1999999999999993
8.0,28.0,5.86,5.87,5.86,5.87,400.0,0.009999999999999787
8.0,27.0,5.88,5.88,5.88,5.88,0.0,0.0
8.0,26.0,5.88,5.88,5.88,5.88,0.0,0.0
8.0,25.0,5.88,5.88,5.88,5.88,0.0,0.0
8.0,24.0,5.99,6.0,5.84,5.88,8300.0,-0.11000000000000032
8.0,21.0,5.84,5.84,5.84,5.84,0.0,0.0
8.0,20.0,5.81,5.85,5.81,5.84,7500.0,0.03000000000000025
8.0,19.0,5.9,5.9,5.9,5.9,500.0,0.0
8.0,18.0,5.8,5.87,5.75,5.86,3000.0,0.0600000000000005
8.0,17.0,5.8,5.8,5.65,5.65,16500.0,-0.14999999999999947
8.0,14.0,6.05,6.06,5.99,5.99,4200.0,-0.05999999999999961
8.0,13.0,6.21,6.21,6.0,6.16,9400.0,-0.04999999999999982
8.0,12.0,5.99,6.15,5.99,6.15,14400.0,0.16000000000000014
8.0,11.0,5.69,5.69,5.69,5.69,1000.0,0.0
8.0,10.0,5.86,5.87,5.86,5.87,1500.0,0.009999999999999787
8.0,7.0,5.72,5.77,5.72,5.76,1900.0,0.040000000000000036
8.0,6.0,6.11,6.11,6.11,6.11,0.0,0.0
8.0,5.0,6.11,6.11,6.11,6.11,0.0,0.0
8.0,4.0,6.11,6.11,6.11,6.11,0.0,0.0
8.0,3.0,6.11,6.11,6.11,6.11,0.0,0.0
7.0,31.0,6.11,6.11,6.11,6.11,1000.0,0.0
7.0,30.0,6.13,6.13,6.13,6.13,1000.0,0.0
7.0,29.0,5.93,5.95,5.93,5.95,1400.0,0.020000000000000462
7.0,28.0,6.34,6.34,6.34,6.34,0.0,0.0
7.0,27.0,6.37,6.37,6.33,6.34,1400.0,-0.03000000000000025
7.0,24.0,6.31,6.32,6.31,6.32,1000.0,0.010000000000000675
7.0,23.0,5.83,5.95,5.83,5.95,58400.0,0.1200000000000001
7.0,22.0,5.73,5.73,5.64,5.7,111100.0,-0.03000000000000025
7.0,21.0,5.4,5.4,5.4,5.4,11000.0,0.0
7.0,20.0,5.39,5.51,5.39,5.51,41000.0,0.1200000000000001
7.0,17.0,5.1,5.1,5.1,5.1,0.0,0.0
7.0,16.0,5.1,5.1,5.1,5.1,3300.0,0.0
7.0,15.0,4.94,5.22,4.94,5.22,15200.0,0.27999999999999936
7.0,14.0,4.24,4.24,4.24,4.24,1000.0,0.0
7.0,13.0,4.19,4.24,4.19,4.24,3500.0,0.04999999999999982
7.0,10.0,4.0,4.0,4.0,4.0,0.0,0.0
7.0,9.0,3.99,4.0,3.99,4.0,1500.0,0.009999999999999787
7.0,8.0,3.89,3.89,3.89,3.89,200.0,0.0
7.0,7.0,4.05,4.05,4.05,4.05,300.0,0.0
7.0,6.0,4.04,4.04,4.04,4.04,0.0,0.0
7.0,2.0,4.0,4.04,4.0,4.04,700.0,0.040000000000000036
7.0,1.0,3.89,3.89,3.89,3.89,0.0,0.0
6.0,30.0,3.83,3.89,3.83,3.89,12000.0,0.06000000000000005
6.0,29.0,3.65,3.65,3.65,3.65,900.0,0.0
6.0,26.0,3.72,3.72,3.72,3.72,0.0,0.0
6.0,25.0,3.72,3.72,3.72,3.72,0.0,0.0
6.0,24.0,3.72,3.72,3.72,3.72,0.0,0.0
6.0,23.0,3.72,3.72,3.72,3.72,1000.0,0.0
6.0,22.0,3.92,3.92,3.92,3.92,2000.0,0.0
6.0,19.0,3.7,3.7,3.7,3.7,0.0,0.0
6.0,18.0,3.7,3.7,3.7,3.7,0.0,0.0
6.0,17.0,3.93,3.93,3.62,3.7,9300.0,-0.22999999999999998
6.0,16.0,4.02,4.02,4.02,4.02,300.0,0.0
6.0,15.0,4.16,4.16,4.03,4.03,10000.0,-0.1299999999999999
6.0,12.0,4.46,4.46,4.28,4.28,2200.0,-0.17999999999999972
6.0,11.0,4.53,4.55,4.53,4.55,9000.0,0.019999999999999574
6.0,10.0,3.84,3.84,3.84,3.84,0.0,0.0
6.0,9.0,3.84,3.84,3.84,3.84,0.0,0.0
6.0,8.0,3.84,3.84,3.84,3.84,3000.0,0.0
6.0,5.0,3.61,3.61,3.61,3.61,0.0,0.0
6.0,4.0,3.61,3.61,3.61,3.61,0.0,0.0
6.0,3.0,3.61,3.61,3.61,3.61,500.0,0.0
6.0,2.0,3.74,3.74,3.69,3.74,7000.0,0.0
6.0,1.0,3.75,3.75,3.75,3.75,2000.0,0.0
5.0,29.0,3.75,3.83,3.7,3.7,3000.0,-0.04999999999999982
5.0,28.0,3.63,3.63,3.62,3.62,4400.0,-0.009999999999999787
5.0,27.0,3.29,3.51,3.29,3.51,2500.0,0.21999999999999975
5.0,26.0,3.15,3.25,3.15,3.25,10700.0,0.10000000000000009
5.0,22.0,3.21,3.21,3.21,3.21,5500.0,0.0
5.0,21.0,3.12,3.15,3.12,3.15,6000.0,0.029999999999999805
5.0,20.0,2.85,2.85,2.85,2.85,0.0,0.0
5.0,19.0,2.93,2.93,2.85,2.85,2000.0,-0.08000000000000007
5.0,18.0,2.69,2.69,2.69,2.69,0.0,0.0
5.0,15.0,2.69,2.69,2.69,2.69,0.0,0.0
5.0,14.0,2.69,2.69,2.69,2.69,0.0,0.0
5.0,13.0,2.71,2.71,2.69,2.69,1300.0,-0.020000000000000018
5.0,12.0,2.84,2.84,2.7,2.7,1700.0,-0.13999999999999968
5.0,11.0,3.06,3.06,3.06,3.06,1000.0,0.0
5.0,8.0,3.01,3.16,3.01,3.12,14200.0,0.11000000000000032
5.0,7.0,2.73,2.78,2.67,2.67,10000.0,-0.06000000000000005
5.0,6.0,2.64,2.64,2.64,2.64,0.0,0.0
5.0,5.0,2.64,2.64,2.64,2.64,400.0,0.0
5.0,4.0,2.58,2.58,2.41,2.45,41000.0,-0.1299999999999999
5.0,1.0,2.17,2.2,2.17,2.19,10800.0,0.020000000000000018
4.0,30.0,2.07,2.07,2.06,2.06,8000.0,-0.009999999999999787
4.0,29.0,2.12,2.12,2.12,2.12,0.0,0.0
4.0,28.0,2.12,2.12,2.12,2.12,2000.0,0.0
4.0,27.0,2.19,2.19,2.12,2.12,4000.0,-0.06999999999999984
4.0,24.0,2.24,2.28,2.24,2.28,2500.0,0.03999999999999959
4.0,23.0,1.58,1.58,1.58,1.58,0.0,0.0
4.0,22.0,1.58,1.58,1.58,1.58,0.0,0.0
4.0,21.0,1.58,1.58,1.58,1.58,0.0,0.0
4.0,20.0,1.58,1.58,1.58,1.58,0.0,0.0
4.0,17.0,1.58,1.58,1.58,1.58,0.0,0.0
4.0,16.0,1.58,1.58,1.58,1.58,3000.0,0.0
4.0,15.0,1.61,1.61,1.59,1.59,5000.0,-0.020000000000000018
4.0,14.0,1.6,1.62,1.6,1.62,2700.0,0.020000000000000018
4.0,13.0,1.6,1.6,1.6,1.6,2800.0,0.0
4.0,9.0,1.64,1.64,1.6,1.62,16000.0,-0.019999999999999796
4.0,8.0,1.55,1.55,1.55,1.55,0.0,0.0
4.0,7.0,1.55,1.55,1.55,1.55,7600.0,0.0
4.0,6.0,1.54,1.54,1.54,1.54,0.0,0.0
4.0,3.0,1.54,1.54,1.54,1.54,0.0,0.0
4.0,2.0,1.54,1.54,1.54,1.54,0.0,0.0
4.0,1.0,1.54,1.54,1.54,1.54,0.0,0.0
3.0,31.0,1.54,1.54,1.54,1.54,0.0,0.0
3.0,30.0,1.54,1.54,1.54,1.54,0.0,0.0
3.0,27.0,1.54,1.54,1.54,1.54,1000.0,0.0
3.0,26.0,1.57,1.58,1.57,1.58,3600.0,0.010000000000000009
3.0,25.0,1.54,1.54,1.54,1.54,0.0,0.0
3.0,24.0,1.54,1.54,1.54,1.54,2000.0,0.0
3.0,23.0,1.48,1.48,1.48,1.48,0.0,0.0
3.0,20.0,1.5,1.5,1.48,1.48,10000.0,-0.020000000000000018
3.0,19.0,1.48,1.48,1.48,1.48,0.0,0.0
3.0,18.0,1.48,1.48,1.48,1.48,0.0,0.0
3.0,17.0,1.47,1.48,1.47,1.48,10000.0,0.010000000000000009
3.0,16.0,1.39,1.39,1.39,1.39,3800.0,0.0
3.0,13.0,1.4,1.4,1.4,1.4,300.0,0.0
3.0,12.0,1.36,1.36,1.36,1.36,2000.0,0.0
3.0,11.0,1.54,1.54,1.54,1.54,0.0,0.0
3.0,10.0,1.42,1.54,1.37,1.54,52000.0,0.1200000000000001
3.0,9.0,1.39,1.39,1.39,1.39,0.0,0.0
3.0,6.0,1.39,1.39,1.39,1.39,20000.0,0.0
3.0,5.0,1.1,1.1,1.1,1.1,0.0,0.0
3.0,4.0,1.1,1.1,1.1,1.1,0.0,0.0
3.0,3.0,1.1,1.1,1.1,1.1,0.0,0.0
3.0,2.0,1.1,1.1,1.1,1.1,10000.0,0.0
2.0,27.0,1.3,1.3,1.3,1.3,0.0,0.0
2.0,26.0,1.3,1.3,1.3,1.3,0.0,0.0
2.0,25.0,1.3,1.3,1.3,1.3,0.0,0.0
2.0,24.0,1.3,1.3,1.3,1.3,0.0,0.0
2.0,23.0,1.3,1.3,1.3,1.3,0.0,0.0
2.0,20.0,1.3,1.3,1.3,1.3,0.0,0.0
2.0,19.0,1.3,1.3,1.3,1.3,0.0,0.0
2.0,18.0,1.3,1.3,1.3,1.3,0.0,0.0
2.0,17.0,1.3,1.3,1.3,1.3,15000.0,0.0
2.0,13.0,1.31,1.31,1.31,1.31,3000.0,0.0
2.0,12.0,1.26,1.29,1.21,1.29,37500.0,0.030000000000000027
2.0,11.0,1.2,1.2,1.2,1.2,0.0,0.0
2.0,10.0,1.2,1.2,1.2,1.2,0.0,0.0
2.0,9.0,1.18,1.2,1.18,1.2,10000.0,0.020000000000000018
2.0,6.0,1.03,1.03,1.03,1.03,0.0,0.0
2.0,5.0,1.03,1.03,1.03,1.03,0.0,0.0
2.0,4.0,1.03,1.03,1.03,1.03,300.0,0.0
2.0,3.0,1.05,1.05,1.05,1.05,0.0,0.0
2.0,2.0,1.05,1.05,1.05,1.05,0.0,0.0
1.0,30.0,1.05,1.05,1.05,1.05,0.0,0.0
1.0,29.0,1.05,1.05,1.05,1.05,8000.0,0.0
1.0,28.0,1.05,1.05,1.05,1.05,0.0,0.0
1.0,27.0,1.05,1.05,1.05,1.05,300.0,0.0
1.0,26.0,1.01,1.01,1.01,1.01,200.0,0.0
1.0,23.0,1.12,1.12,1.12,1.12,0.0,0.0
1.0,22.0,1.12,1.12,1.12,1.12,0.0,0.0
1.0,21.0,1.12,1.12,1.12,1.12,0.0,0.0
1.0,20.0,1.12,1.12,1.12,1.12,0.0,0.0
1.0,16.0,1.12,1.12,1.12,1.12,0.0,0.0
1.0,15.0,1.12,1.12,1.12,1.12,0.0,0.0
1.0,14.0,1.12,1.12,1.12,1.12,0.0,0.0
1.0,13.0,1.12,1.12,1.12,1.12,200.0,0.0
1.0,12.0,1.13,1.13,1.13,1.13,0.0,0.0
1.0,9.0,1.19,1.19,1.13,1.13,5200.0,-0.06000000000000005
1.0,8.0,1.12,1.12,1.09,1.09,5400.0,-0.030000000000000027
1.0,7.0,1.14,1.14,1.14,1.14,7500.0,0.0
1.0,6.0,0.98,0.98,0.98,0.98,0.0,0.0
1.0,5.0,0.98,0.98,0.98,0.98,0.0,0.0
1.0,2.0,0.98,0.98,0.98,0.98,1100.0,0.0
12.0,31.0,0.81,0.83,0.79,0.79,10000.0,-0.020000000000000018
12.0,30.0,0.82,0.82,0.82,0.82,0.0,0.0
12.0,29.0,0.77,0.82,0.77,0.82,43500.0,0.04999999999999993
12.0,26.0,0.82,0.82,0.82,0.82,0.0,0.0
12.0,24.0,0.82,0.82,0.82,0.82,0.0,0.0
12.0,23.0,0.82,0.82,0.82,0.82,700.0,0.0
12.0,22.0,0.83,0.83,0.83,0.83,0.0,0.0
12.0,19.0,0.82,0.83,0.82,0.83,5000.0,0.010000000000000009
12.0,18.0,0.85,0.85,0.85,0.85,18000.0,0.0
12.0,17.0,0.87,0.87,0.87,0.87,0.0,0.0
12.0,16.0,0.87,0.87,0.87,0.87,0.0,0.0
12.0,15.0,0.87,0.87,0.87,0.87,0.0,0.0
12.0,12.0,0.87,0.87,0.87,0.87,0.0,0.0
12.0,11.0,0.88,0.88,0.87,0.87,2300.0,-0.010000000000000009
12.0,10.0,0.93,0.93,0.93,0.93,0.0,0.0
12.0,9.0,0.93,0.93,0.93,0.93,0.0,0.0
12.0,8.0,0.9,0.93,0.9,0.93,12000.0,0.030000000000000027
12.0,5.0,0.94,0.94,0.9,0.9,10600.0,-0.039999999999999925
12.0,4.0,0.97,0.97,0.97,0.97,10100.0,0.0
12.0,3.0,0.97,0.97,0.97,0.97,0.0,0.0
12.0,2.0,1.05,1.05,0.97,0.97,28500.0,-0.08000000000000007
12.0,1.0,1.11,1.11,1.11,1.11,100.0,0.0
11.0,28.0,0.98,0.98,0.98,0.98,0.0,0.0
11.0,26.0,0.98,0.98,0.98,0.98,0.0,0.0
11.0,25.0,0.98,0.98,0.98,0.98,0.0,0.0
11.0,24.0,0.98,0.98,0.98,0.98,0.0,0.0
11.0,21.0,0.98,0.98,0.98,0.98,1200.0,0.0
11.0,20.0,1.2,1.2,1.2,1.2,0.0,0.0
11.0,19.0,1.2,1.2,1.2,1.2,0.0,0.0
11.0,18.0,1.2,1.2,1.2,1.2,0.0,0.0
11.0,17.0,1.16,1.2,1.16,1.2,15000.0,0.040000000000000036
11.0,14.0,1.65,1.65,1.65,1.65,0.0,0.0
11.0,13.0,1.65,1.65,1.65,1.65,0.0,0.0
11.0,12.0,1.65,1.65,1.65,1.65,0.0,0.0
11.0,11.0,1.65,1.65,1.65,1.65,0.0,0.0
11.0,10.0,1.65,1.65,1.65,1.65,2000.0,0.0
11.0,7.0,1.66,1.66,1.66,1.66,0.0,0.0
11.0,6.0,1.66,1.66,1.66,1.66,0.0,0.0
11.0,5.0,1.66,1.66,1.66,1.66,0.0,0.0
11.0,4.0,1.58,1.66,1.58,1.66,4600.0,0.07999999999999985
11.0,3.0,1.06,1.06,1.03,1.03,3500.0,-0.030000000000000027
10.0,31.0,1.0,1.0,0.91,0.91,2000.0,-0.08999999999999997
10.0,30.0,1.05,1.05,1.04,1.04,21300.0,-0.010000000000000009
10.0,29.0,0.87,0.94,0.83,0.94,184700.0,0.06999999999999995
10.0,28.0,0.87,0.87,0.87,0.87,10000.0,0.0
10.0,27.0,0.89,0.9,0.89,0.9,1600.0,0.010000000000000009
10.0,24.0,0.92,0.92,0.92,0.92,10000.0,0.0
10.0,23.0,1.1,1.1,1.02,1.1,10000.0,0.0
10.0,22.0,1.1,1.13,1.1,1.1,10000.0,0.0
10.0,21.0,1.18,1.18,1.17,1.18,20000.0,0.0
10.0,20.0,1.04,1.13,1.04,1.04,7200.0,0.0
10.0,17.0,1.14,1.14,1.14,1.14,5000.0,0.0
10.0,16.0,1.16,1.17,1.05,1.16,40000.0,0.0
10.0,15.0,1.34,1.34,1.34,1.34,0.0,0.0
10.0,14.0,1.34,1.34,1.3,1.34,30000.0,0.0
10.0,13.0,1.3,1.3,1.3,1.3,0.0,0.0
10.0,10.0,1.3,1.3,1.3,1.3,0.0,0.0
10.0,9.0,1.3,1.71,1.3,1.3,17500.0,0.0
10.0,8.0,1.68,1.68,1.68,1.68,1000.0,0.0
10.0,7.0,2.08,2.08,2.08,2.08,2000.0,0.0
10.0,6.0,2.14,2.14,2.14,2.14,2000.0,0.0
10.0,3.0,2.44,2.44,2.44,2.44,0.0,0.0
10.0,2.0,2.44,2.44,2.44,2.44,0.0,0.0
10.0,1.0,2.44,2.54,2.44,2.44,1900.0,0.0
9.0,30.0,2.94,2.94,2.94,2.94,0.0,0.0
9.0,29.0,2.94,2.94,2.94,2.94,0.0,0.0
9.0,26.0,2.94,2.94,2.94,2.94,0.0,0.0
9.0,25.0,2.94,2.94,2.94,2.94,0.0,0.0
9.0,24.0,2.94,2.94,2.94,2.94,0.0,0.0
9.0,23.0,2.94,2.94,2.94,2.94,0.0,0.0
9.0,22.0,2.94,2.94,2.94,2.94,400.0,0.0
9.0,19.0,3.02,3.02,3.02,3.02,0.0,0.0
9.0,18.0,3.02,3.02,3.02,3.02,0.0,0.0
9.0,17.0,3.02,3.02,3.02,3.02,0.0,0.0
9.0,16.0,3.02,3.02,3.02,3.02,0.0,0.0
9.0,15.0,3.02,3.02,3.02,3.02,0.0,0.0
9.0,12.0,3.02,3.02,3.02,3.02,0.0,0.0
9.0,11.0,3.02,3.02,3.02,3.02,0.0,0.0
9.0,10.0,3.02,3.02,3.02,3.02,1000.0,0.0
9.0,9.0,3.46,3.46,3.46,3.46,0.0,0.0
9.0,8.0,3.46,3.46,3.46,3.46,0.0,0.0
9.0,5.0,3.46,3.46,3.46,3.46,0.0,0.0
9.0,4.0,3.46,3.46,3.46,3.46,0.0,0.0
9.0,3.0,3.46,3.46,3.46,3.46,0.0,0.0
9.0,2.0,3.46,3.46,3.46,3.46,3000.0,0.0
8.0,29.0,3.62,3.62,3.62,3.62,0.0,0.0
8.0,28.0,3.62,3.62,3.62,3.62,0.0,0.0
8.0,27.0,3.62,3.62,3.62,3.62,0.0,0.0
8.0,26.0,3.62,3.62,3.62,3.62,0.0,0.0
8.0,25.0,3.62,3.62,3.62,3.62,1500.0,0.0
8.0,22.0,3.61,3.69,3.61,3.61,3500.0,0.0
8.0,21.0,3.62,3.62,3.62,3.62,1400.0,0.0
8.0,20.0,3.56,3.56,3.47,3.56,1500.0,0.0
8.0,19.0,3.47,3.47,3.42,3.47,1000.0,0.0
8.0,18.0,3.48,3.48,3.48,3.48,0.0,0.0
8.0,15.0,3.48,3.48,3.48,3.48,0.0,0.0
8.0,14.0,3.48,3.48,3.48,3.48,0.0,0.0
8.0,13.0,3.48,3.54,3.48,3.48,2100.0,0.0
8.0,12.0,3.52,3.57,3.52,3.52,5900.0,0.0
8.0,11.0,3.54,3.54,3.54,3.54,600.0,0.0
8.0,8.0,3.47,3.47,3.47,3.47,12000.0,0.0
8.0,7.0,3.46,3.46,3.46,3.46,0.0,0.0
8.0,6.0,3.46,3.46,3.46,3.46,0.0,0.0
8.0,5.0,3.46,3.46,3.46,3.46,1000.0,0.0
8.0,4.0,3.38,3.38,3.38,3.38,0.0,0.0
8.0,1.0,3.38,3.38,3.38,3.38,0.0,0.0
7.0,31.0,3.38,3.38,3.38,3.38,0.0,0.0
7.0,30.0,3.38,3.38,3.38,3.38,0.0,0.0
7.0,29.0,3.38,3.38,3.38,3.38,0.0,0.0
7.0,28.0,3.38,3.38,3.38,3.38,1600.0,0.0
7.0,25.0,3.35,3.35,3.35,3.35,0.0,0.0
7.0,24.0,3.35,3.35,3.35,3.35,0.0,0.0
7.0,23.0,3.35,3.52,3.35,3.35,13500.0,0.0
7.0,22.0,3.55,3.55,3.54,3.55,500.0,0.0
7.0,21.0,4.6,4.6,4.6,4.6,0.0,0.0
7.0,18.0,4.6,4.6,4.6,4.6,0.0,0.0
7.0,17.0,4.6,4.6,4.6,4.6,0.0,0.0
7.0,16.0,4.6,4.6,4.6,4.6,0.0,0.0
7.0,15.0,4.6,4.6,4.6,4.6,0.0,0.0
7.0,14.0,4.6,4.6,4.6,4.6,0.0,0.0
7.0,11.0,4.6,4.63,4.6,4.6,8900.0,0.0
7.0,10.0,4.94,4.94,4.94,4.94,0.0,0.0
7.0,9.0,4.94,5.7,4.9,4.94,25200.0,0.0
7.0,8.0,4.65,4.74,4.65,4.65,500.0,0.0
7.0,7.0,4.98,4.98,4.98,4.98,0.0,0.0
7.0,3.0,4.98,4.98,4.98,4.98,0.0,0.0
7.0,2.0,4.98,5.0,4.93,4.98,9400.0,0.0
7.0,1.0,4.97,4.97,4.97,4.97,0.0,0.0
6.0,30.0,4.97,4.97,4.97,4.97,1000.0,0.0
6.0,27.0,5.09,5.09,5.09,5.09,400.0,0.0
6.0,26.0,5.11,5.11,5.11,5.11,1200.0,0.0
6.0,25.0,5.1,5.1,5.1,5.1,0.0,0.0
6.0,24.0,5.1,5.1,5.1,5.1,0.0,0.0
