9.0,25.0,26.35,26.389999,25.870001,26.23,100200.0,-0.120000000000001
9.0,24.0,25.889999,26.26,25.35,26.15,114600.0,0.26000099999999904
9.0,23.0,26.48,26.559999,25.83,26.049999,152900.0,-0.43000100000000074
9.0,22.0,27.0,27.0,25.52,26.290001,153100.0,-0.7099989999999998
9.0,21.0,27.299999,27.969999,26.950001,27.26,73100.0,-0.03999899999999812
9.0,18.0,27.43,27.43,26.74,27.110001,201100.0,-0.31999899999999926
9.0,17.0,27.549999,28.33,27.35,27.790001,91900.0,0.2400020000000005
9.0,16.0,27.389999,27.790001,27.389999,27.59,114600.0,0.20000100000000032
9.0,15.0,27.26,27.620001,26.99,27.41,99000.0,0.14999999999999858
9.0,14.0,27.450001,27.65,26.92,27.25,86000.0,-0.20000100000000032
9.0,11.0,27.540001,27.540001,26.9,27.43,57900.0,-0.11000100000000046
9.0,10.0,27.48,27.85,27.110001,27.73,144800.0,0.25
9.0,9.0,27.389999,27.85,27.129999,27.309999,144800.0,-0.0799999999999983
9.0,8.0,27.139999,27.440001,26.74,27.27,139100.0,0.13000100000000003
9.0,4.0,26.799999,27.48,26.540001,26.799999,93600.0,0.0
9.0,3.0,27.719999,28.18,27.07,27.139999,86600.0,-0.5800000000000018
9.0,2.0,26.969999,27.74,26.629999,27.59,87600.0,0.6200009999999985
9.0,1.0,27.389999,27.540001,26.610001,26.709999,112300.0,-0.6799999999999997
8.0,31.0,27.65,28.370001,27.35,27.799999,193600.0,0.1499990000000011
8.0,28.0,27.459999,28.1,27.35,27.82,144300.0,0.36000100000000046
8.0,27.0,27.440001,27.92,26.799999,27.57,157000.0,0.12999900000000153
8.0,26.0,27.129999,27.6,26.5,27.290001,159600.0,0.16000199999999865
8.0,25.0,28.18,28.18,26.65,26.73,147900.0,-1.4499999999999993
8.0,24.0,27.02,28.379999,26.389999,27.5,171800.0,0.4800000000000004
8.0,21.0,28.370001,29.540001,27.48,28.41,277900.0,0.03999900000000167
8.0,20.0,29.07,29.16,28.540001,28.67,159300.0,-0.3999999999999986
8.0,19.0,28.98,29.629999,28.799999,29.219999,254000.0,0.23999900000000096
8.0,18.0,28.73,29.639999,28.620001,29.23,155900.0,0.5
8.0,17.0,28.700001,29.0,28.26,28.959999,86700.0,0.2599979999999995
8.0,14.0,28.540001,28.870001,28.209999,28.68,72600.0,0.13999899999999954
8.0,13.0,28.559999,29.09,28.280001,28.610001,107000.0,0.050001999999999214
8.0,12.0,28.5,29.110001,28.389999,28.790001,127600.0,0.2900010000000002
8.0,11.0,27.950001,29.32,27.83,28.9,176000.0,0.9499989999999983
8.0,10.0,30.459999,30.5,27.690001,28.950001,282600.0,-1.5099979999999995
8.0,7.0,24.75,30.559999,24.75,30.440001,793000.0,5.690000999999999
8.0,6.0,21.940001,22.23,21.73,22.07,175800.0,0.12999900000000153
8.0,5.0,21.6,21.9,21.219999,21.799999,177500.0,0.19999899999999826
8.0,4.0,21.17,21.85,20.940001,21.48,192600.0,0.3099999999999987
8.0,3.0,21.940001,21.950001,20.98,21.16,212600.0,-0.7800009999999986
7.0,31.0,22.73,22.98,21.799999,21.91,195600.0,-0.8200000000000003
7.0,30.0,21.959999,22.799999,21.639999,22.59,199800.0,0.630001
7.0,29.0,21.889999,22.02,21.48,21.92,129800.0,0.030001000000002165
7.0,28.0,22.15,22.16,21.4,21.9,127300.0,-0.25
7.0,27.0,22.65,22.65,22.07,22.209999,78400.0,-0.44000099999999875
7.0,24.0,23.4,23.969999,22.620001,22.68,89300.0,-0.7199999999999989
7.0,23.0,23.610001,23.610001,22.879999,23.34,132400.0,-0.2700010000000006
7.0,22.0,23.6,23.6,23.129999,23.48,75300.0,-0.120000000000001
7.0,21.0,24.09,24.280001,23.5,23.75,135400.0,-0.33999999999999986
7.0,20.0,24.860001,24.860001,23.969999,24.25,113400.0,-0.6100010000000005
7.0,17.0,25.15,25.15,24.43,24.75,215900.0,-0.3999999999999986
7.0,16.0,25.0,25.67,24.76,25.110001,147100.0,0.11000100000000046
7.0,15.0,24.85,25.0,24.6,24.799999,124200.0,-0.05000100000000174
7.0,14.0,24.790001,25.01,24.75,24.9,88700.0,0.1099989999999984
7.0,13.0,24.84,25.1,24.75,24.809999,82100.0,-0.030000999999998612
7.0,10.0,24.950001,25.07,24.610001,24.83,146100.0,-0.12000100000000202
7.0,9.0,25.190001,25.440001,24.450001,24.639999,168600.0,-0.5500019999999992
7.0,8.0,25.1,25.25,24.540001,24.83,371500.0,-0.2700000000000031
7.0,7.0,25.120001,25.440001,24.790001,25.219999,324900.0,0.09999800000000292
7.0,6.0,25.32,25.5,25.0,25.200001,369800.0,-0.11999899999999997
7.0,2.0,25.459999,25.6,25.040001,25.49,192900.0,0.030000999999998612
7.0,1.0,25.25,25.629999,25.02,25.4,258500.0,0.14999999999999858
6.0,30.0,25.950001,26.09,25.030001,25.16,310100.0,-0.7900010000000002
6.0,29.0,26.5,26.73,25.65,25.76,276900.0,-0.7399999999999984
6.0,26.0,27.610001,27.75,26.540001,26.690001,470500.0,-0.9200000000000017
6.0,25.0,27.6,27.889999,27.41,27.6,225000.0,0.0
6.0,24.0,27.65,27.82,27.18,27.6,281300.0,-0.04999999999999716
6.0,23.0,27.82,28.08,27.629999,27.74,225200.0,-0.08000000000000185
6.0,22.0,28.01,28.290001,27.82,27.91,162800.0,-0.10000000000000142
6.0,19.0,27.940001,28.139999,27.83,27.99,188900.0,0.04999899999999968
6.0,18.0,28.059999,28.07,27.73,28.02,163600.0,-0.03999900000000167
6.0,17.0,28.0,28.120001,27.799999,27.959999,140000.0,-0.040001000000000175
6.0,16.0,27.530001,28.02,27.530001,28.0,156100.0,0.4699990000000014
6.0,15.0,27.799999,28.200001,27.459999,27.610001,144200.0,-0.18999799999999922
6.0,12.0,27.35,28.110001,27.15,28.08,143300.0,0.7299999999999969
6.0,11.0,26.77,27.469999,26.66,27.35,368700.0,0.5800000000000018
6.0,10.0,26.99,27.17,26.629999,26.790001,189200.0,-0.19999899999999826
6.0,9.0,27.33,27.379999,26.65,26.74,218800.0,-0.5899999999999999
6.0,8.0,27.75,27.870001,27.25,27.389999,183900.0,-0.36000100000000046
6.0,5.0,27.889999,28.219999,27.280001,27.860001,311300.0,-0.02999799999999908
6.0,4.0,28.120001,28.25,27.85,28.02,265500.0,-0.1000009999999989
6.0,3.0,27.91,28.299999,27.809999,28.27,82400.0,0.35999999999999943
6.0,2.0,27.959999,28.52,27.780001,27.99,131300.0,0.030000999999998612
6.0,1.0,28.0,28.440001,27.469999,27.959999,389300.0,-0.040001000000000175
5.0,29.0,28.0,28.43,27.85,27.92,137200.0,-0.0799999999999983
5.0,28.0,27.950001,28.219999,27.870001,28.07,131800.0,0.11999899999999997
5.0,27.0,28.190001,28.33,27.93,28.07,154000.0,-0.12000099999999847
5.0,26.0,28.01,28.18,27.93,28.07,173100.0,0.05999999999999872
5.0,22.0,28.59,28.690001,28.02,28.040001,146800.0,-0.5499989999999997
5.0,21.0,29.120001,29.299999,28.18,28.34,209600.0,-0.7800009999999986
5.0,20.0,28.299999,30.299999,27.559999,29.120001,612200.0,0.8200019999999988
5.0,19.0,27.09,27.33,26.690001,27.299999,238300.0,0.20999899999999982
5.0,18.0,26.17,26.84,26.17,26.799999,242900.0,0.629998999999998
5.0,15.0,25.77,26.299999,25.559999,26.26,194400.0,0.490000000000002
5.0,14.0,25.48,26.0,25.24,25.75,225200.0,0.2699999999999996
5.0,13.0,25.99,26.790001,24.23,25.379999,435800.0,-0.6100009999999969
5.0,12.0,25.0,25.0,22.639999,23.76,549900.0,-1.2399999999999984
5.0,11.0,26.75,26.92,25.719999,25.83,92500.0,-0.9200000000000017
5.0,8.0,26.49,26.82,26.17,26.67,81900.0,0.18000000000000327
5.0,7.0,26.639999,26.969999,26.25,26.370001,41100.0,-0.26999800000000107
5.0,6.0,26.780001,26.790001,26.4,26.719999,71900.0,-0.060001999999997224
5.0,5.0,27.5,27.5,26.450001,26.58,93000.0,-0.9200000000000017
5.0,4.0,27.74,28.059999,27.15,27.33,72800.0,-0.41000000000000014
5.0,1.0,27.790001,28.34,27.25,27.84,80200.0,0.04999899999999968
4.0,30.0,29.48,29.58,27.66,27.870001,114900.0,-1.609999000000002
4.0,29.0,29.450001,29.799999,29.120001,29.77,110900.0,0.31999899999999926
4.0,28.0,29.860001,29.870001,29.290001,29.73,71000.0,-0.13000100000000003
4.0,27.0,30.459999,31.07,29.75,29.889999,49900.0,-0.5700000000000003
4.0,24.0,30.08,30.559999,30.08,30.24,46100.0,0.16000000000000014
4.0,23.0,29.91,30.67,29.889999,30.4,57600.0,0.48999999999999844
4.0,22.0,30.24,30.719999,29.92,30.030001,108400.0,-0.20999899999999982
4.0,21.0,30.379999,30.629999,30.18,30.35,92900.0,-0.02999900000000011
4.0,20.0,29.959999,30.27,29.889999,30.25,132600.0,0.2900010000000002
4.0,17.0,30.75,31.07,29.82,29.93,93500.0,-0.8200000000000003
4.0,16.0,31.700001,31.700001,30.92,30.950001,76800.0,-0.75
4.0,15.0,31.98,32.290001,31.43,31.74,76000.0,-0.240000000000002
4.0,14.0,31.110001,31.870001,31.02,31.76,126700.0,0.6499990000000011
4.0,13.0,31.129999,31.950001,31.01,31.17,84000.0,0.040001000000000175
4.0,10.0,32.119999,32.16,31.1,31.200001,90000.0,-0.9199979999999996
4.0,9.0,32.490002,32.52,31.68,31.84,98800.0,-0.6500019999999971
4.0,8.0,31.969999,32.639999,31.85,32.450001,179200.0,0.48000199999999893
4.0,7.0,32.029999,32.5,31.67,31.84,116400.0,-0.1899989999999967
4.0,6.0,30.209999,32.0,30.209999,31.969999,208900.0,1.7600000000000016
4.0,2.0,30.549999,30.84,30.139999,30.15,93100.0,-0.3999990000000011
4.0,1.0,30.0,30.9,29.84,30.620001,132500.0,0.6200009999999985
3.0,31.0,30.129999,30.17,29.360001,30.040001,239400.0,-0.08999800000000135
3.0,30.0,31.969999,32.23,29.780001,30.32,365100.0,-1.649999000000001
3.0,27.0,32.66,32.98,31.27,31.969999,278500.0,-0.6900009999999952
3.0,26.0,33.200001,33.98,32.080002,32.790001,215500.0,-0.4100000000000037
3.0,25.0,33.490002,34.049999,33.169998,33.259998,224600.0,-0.23000399999999388
3.0,24.0,34.77,35.259998,32.810001,33.099998,226000.0,-1.6700020000000038
3.0,23.0,34.279999,34.599998,33.880001,34.119999,245300.0,-0.1599999999999966
3.0,20.0,33.209999,34.380001,32.869999,34.369999,320000.0,1.1599999999999966
3.0,19.0,32.68,33.07,32.25,32.860001,98900.0,0.1800009999999972
3.0,18.0,31.940001,32.860001,31.370001,32.82,298100.0,0.8799990000000015
3.0,17.0,31.870001,32.290001,31.860001,32.029999,129200.0,0.1599979999999981
3.0,16.0,32.009998,32.439999,31.84,32.029999,98400.0,0.020000999999993496
3.0,13.0,33.189999,33.189999,31.51,31.969999,162700.0,-1.2199999999999989
3.0,12.0,31.809999,33.470001,31.74,33.130001,172300.0,1.3200019999999988
3.0,11.0,31.76,32.060001,31.440001,32.02,219700.0,0.26000000000000156
3.0,10.0,33.0,33.299999,31.02,31.65,320400.0,-1.3500000000000014
3.0,9.0,34.009998,34.400002,33.220001,33.580002,199700.0,-0.4299960000000027
3.0,6.0,34.540001,34.689999,33.93,34.02,234200.0,-0.5200009999999935
3.0,5.0,35.5,35.509998,34.02,34.91,201400.0,-0.5900000000000034
3.0,4.0,36.419998,37.970001,35.27,35.470001,439800.0,-0.9499969999999962
3.0,3.0,38.799999,39.209999,37.200001,38.119999,326100.0,-0.6799999999999997
3.0,2.0,36.240002,38.77,36.040001,38.66,289700.0,2.4199979999999996
2.0,27.0,36.049999,36.73,35.029999,36.099998,264800.0,0.04999899999999968
2.0,26.0,47.389999,47.68,46.290001,46.450001,97700.0,-0.9399980000000028
2.0,25.0,47.490002,47.73,46.810001,47.5,87600.0,0.00999800000000306
2.0,24.0,47.490002,48.240002,47.130001,47.349998,114500.0,-0.14000399999999757
2.0,23.0,48.509998,49.0,47.150002,47.57,136200.0,-0.9399980000000028
2.0,20.0,47.349998,48.93,47.349998,48.380001,189800.0,1.0300030000000007
2.0,19.0,47.23,47.490002,46.939999,47.25,74400.0,0.020000000000003126
2.0,18.0,46.950001,47.419998,46.950001,47.360001,82800.0,0.4099999999999966
2.0,17.0,47.639999,47.639999,46.939999,47.110001,37700.0,-0.5299980000000062
2.0,13.0,46.790001,47.939999,46.25,47.650002,55100.0,0.860001000000004
2.0,12.0,46.549999,46.990002,46.16,46.669998,77900.0,0.11999899999999997
2.0,11.0,46.220001,46.75,45.75,46.400002,93300.0,0.1800009999999972
2.0,10.0,47.91,48.009998,45.73,46.330002,166100.0,-1.5799979999999962
2.0,9.0,46.68,47.790001,46.32,47.650002,132500.0,0.9700020000000009
2.0,6.0,46.419998,48.060001,46.119999,46.5,155600.0,0.08000200000000035
2.0,5.0,44.959999,46.619999,44.75,46.259998,203000.0,1.2999989999999997
2.0,4.0,42.650002,45.040001,42.59,44.959999,163000.0,2.3099970000000027
2.0,3.0,42.110001,43.150002,41.93,42.939999,78000.0,0.8299980000000033
2.0,2.0,40.009998,41.869999,39.669998,41.77,103500.0,1.760002
1.0,30.0,40.68,41.349998,39.790001,39.900002,119600.0,-0.7799979999999991
1.0,29.0,41.0,41.209999,40.400002,40.990002,127300.0,-0.00999800000000306
1.0,28.0,42.099998,42.139999,40.990002,41.02,77100.0,-1.0799979999999962
1.0,27.0,41.290001,41.98,41.130001,41.619999,50400.0,0.32999800000000334
1.0,26.0,42.419998,42.610001,41.439999,41.580002,96700.0,-0.8399959999999993
1.0,23.0,41.889999,42.75,41.59,42.689999,103400.0,0.7999999999999972
1.0,22.0,41.549999,42.040001,41.080002,41.84,83100.0,0.29000100000000373
1.0,21.0,43.279999,43.34,41.02,41.139999,117400.0,-2.1399999999999935
1.0,20.0,42.959999,43.57,42.330002,43.450001,95400.0,0.49000199999999694
1.0,16.0,41.450001,42.93,41.450001,42.82,117600.0,1.369999
1.0,15.0,41.540001,41.84,40.84,41.689999,95900.0,0.14999800000000363
1.0,14.0,40.720001,41.599998,40.599998,41.240002,81800.0,0.5200009999999935
1.0,13.0,41.34,42.68,40.57,41.110001,137100.0,-0.2299990000000065
1.0,12.0,40.900002,41.189999,40.439999,40.939999,76500.0,0.039996999999999616
1.0,9.0,41.080002,41.450001,40.59,40.91,103800.0,-0.17000200000000376
1.0,8.0,41.830002,42.580002,40.950001,41.060001,154800.0,-0.7700010000000006
1.0,7.0,42.150002,42.610001,41.349998,41.689999,62700.0,-0.4600030000000004
1.0,6.0,43.139999,43.459999,41.740002,41.82,117400.0,-1.3199990000000028
1.0,5.0,42.82,43.43,42.18,43.119999,96600.0,0.2999989999999997
1.0,2.0,42.860001,43.259998,42.099998,42.98,81300.0,0.11999899999999997
12.0,31.0,42.98,43.68,42.66,42.799999,81200.0,-0.1800009999999972
12.0,30.0,42.330002,42.82,42.330002,42.810001,57300.0,0.4799989999999994
12.0,29.0,43.040001,43.439999,42.43,42.490002,79300.0,-0.5499989999999997
12.0,26.0,42.59,43.009998,42.48,42.919998,44500.0,0.32999799999999624
12.0,24.0,41.73,42.639999,41.73,42.57,34100.0,0.8400000000000034
12.0,23.0,41.639999,42.169998,41.439999,41.73,65900.0,0.09000099999999378
12.0,22.0,41.099998,41.439999,40.669998,41.41,68000.0,0.3100019999999972
12.0,19.0,40.990002,41.459999,40.200001,40.959999,260800.0,-0.030002999999993563
12.0,18.0,40.23,41.150002,40.02,40.889999,54100.0,0.6599990000000062
12.0,17.0,38.919998,39.900002,38.860001,39.82,126100.0,0.9000020000000006
12.0,16.0,39.099998,40.0,38.84,38.950001,150200.0,-0.14999699999999905
12.0,15.0,40.23,40.48,38.919998,39.049999,124800.0,-1.1800009999999972
12.0,12.0,40.540001,40.84,39.529999,40.0,122900.0,-0.5400009999999966
12.0,11.0,41.09,41.77,40.900002,41.07,112600.0,-0.020000000000003126
12.0,10.0,42.0,42.099998,40.849998,41.040001,120800.0,-0.9599990000000034
12.0,9.0,40.68,42.060001,40.68,42.0,140500.0,1.3200000000000003
12.0,8.0,41.75,42.630001,41.02,41.080002,108400.0,-0.6699979999999996
12.0,5.0,41.849998,42.490002,41.689999,41.93,86700.0,0.08000200000000035
12.0,4.0,42.110001,42.169998,41.740002,41.98,62500.0,-0.13000100000000003
12.0,3.0,41.950001,42.299999,41.799999,42.0,112600.0,0.04999899999999968
12.0,2.0,42.130001,42.639999,41.369999,41.900002,136300.0,-0.2299989999999994
12.0,1.0,42.080002,42.630001,41.330002,41.970001,106200.0,-0.1100009999999969
11.0,28.0,42.580002,42.849998,41.939999,42.049999,38900.0,-0.5300030000000007
11.0,26.0,43.07,43.240002,42.360001,42.669998,73900.0,-0.40000200000000063
11.0,25.0,43.299999,43.630001,42.52,42.84,69100.0,-0.45999899999999627
11.0,24.0,42.32,43.509998,42.23,43.380001,103600.0,1.0600009999999997
11.0,21.0,43.41,43.450001,42.310001,42.389999,83600.0,-1.0200009999999935
11.0,20.0,42.27,42.880001,42.02,42.709999,75700.0,0.43999900000000025
11.0,19.0,43.400002,43.400002,42.18,42.32,81800.0,-1.0800020000000004
11.0,18.0,43.25,44.099998,42.709999,43.73,133500.0,0.4799999999999969
11.0,17.0,43.740002,43.779999,43.110001,43.259998,99700.0,-0.4800039999999939
11.0,14.0,43.43,44.18,43.099998,43.889999,134700.0,0.4599990000000034
11.0,13.0,43.849998,44.27,43.130001,43.529999,166200.0,-0.3199990000000028
11.0,12.0,43.599998,43.919998,43.279999,43.740002,84200.0,0.14000399999999757
11.0,11.0,43.52,44.27,43.389999,43.900002,151500.0,0.3800019999999975
11.0,10.0,43.610001,43.720001,42.650002,43.669998,83500.0,0.05999700000000274
11.0,7.0,43.209999,43.700001,42.669998,43.470001,93100.0,0.26000200000000007
11.0,6.0,43.0,43.439999,42.740002,43.360001,88600.0,0.3600009999999969
11.0,5.0,43.32,43.459999,42.630001,43.049999,79300.0,-0.2700010000000006
11.0,4.0,43.41,43.900002,42.740002,42.900002,133000.0,-0.509997999999996
11.0,3.0,43.419998,44.040001,43.09,43.419998,124000.0,0.0
10.0,31.0,43.98,43.98,42.93,43.200001,103000.0,-0.7799989999999966
10.0,30.0,42.0,43.09,41.880001,43.0,92900.0,1.0
10.0,29.0,40.0,42.599998,40.0,42.16,305400.0,2.1599999999999966
10.0,28.0,36.450001,37.790001,36.34,37.619999,88200.0,1.1699979999999996
10.0,27.0,35.810001,36.310001,35.59,36.25,103600.0,0.43999900000000025
10.0,24.0,35.93,36.119999,35.84,36.110001,51600.0,0.1800009999999972
10.0,23.0,35.799999,36.209999,35.610001,35.82,82700.0,0.0200010000000006
10.0,22.0,35.919998,36.23,35.48,35.599998,60400.0,-0.3200000000000003
10.0,21.0,35.16,35.830002,35.040001,35.720001,84600.0,0.5600010000000069
10.0,20.0,34.970001,35.48,34.93,35.09,123900.0,0.11999899999999997
10.0,17.0,36.73,36.73,34.860001,35.02,307400.0,-1.7099999999999937
10.0,16.0,34.689999,36.75,34.689999,36.34,247800.0,1.6500010000000032
10.0,15.0,34.66,35.43,34.130001,35.099998,484700.0,0.4399980000000028
10.0,14.0,34.18,35.27,34.18,34.889999,111100.0,0.7099990000000034
10.0,13.0,33.75,34.560001,33.720001,34.009998,93100.0,0.25999800000000306
10.0,10.0,33.380001,34.009998,33.32,33.689999,93700.0,0.3099980000000002
10.0,9.0,33.91,33.91,33.290001,33.599998,104100.0,-0.3100019999999972
10.0,8.0,32.220001,34.200001,31.85,34.0,140100.0,1.7799989999999966
10.0,7.0,32.040001,32.48,31.790001,32.169998,110400.0,0.12999700000000303
10.0,6.0,32.950001,33.009998,32.029999,32.139999,59000.0,-0.8100019999999972
10.0,3.0,32.18,32.959999,31.870001,32.77,74000.0,0.5900000000000034
10.0,2.0,31.32,31.85,31.32,31.77,61300.0,0.4499999999999993
10.0,1.0,31.15,31.33,30.219999,31.26,118000.0,0.11000000000000298
9.0,30.0,32.02,32.02,31.139999,31.17,76300.0,-0.8500000000000014
9.0,29.0,32.169998,32.790001,31.98,32.07,38300.0,-0.09999799999999937
9.0,26.0,32.209999,32.709999,32.16,32.540001,48300.0,0.33000199999999325
9.0,25.0,32.880001,33.09,32.060001,32.25,50800.0,-0.630001
9.0,24.0,33.009998,33.34,32.810001,32.939999,79100.0,-0.06999900000000281
9.0,23.0,33.060001,33.389999,32.639999,33.040001,95300.0,-0.020000000000003126
9.0,22.0,33.110001,33.25,32.610001,33.110001,67200.0,0.0
9.0,19.0,33.77,33.77,33.029999,33.310001,119100.0,-0.4599990000000034
9.0,18.0,33.759998,33.77,33.209999,33.740002,66700.0,-0.01999600000000612
9.0,17.0,33.32,33.799999,33.259998,33.580002,54100.0,0.26000200000000007
9.0,16.0,33.259998,33.529999,33.259998,33.349998,101700.0,0.0899999999999963
9.0,15.0,33.790001,34.040001,33.18,33.450001,65100.0,-0.3399999999999963
9.0,12.0,34.029999,34.330002,33.59,33.720001,73300.0,-0.3099979999999931
9.0,11.0,33.860001,34.299999,33.860001,34.139999,67800.0,0.2799980000000062
9.0,10.0,33.549999,34.18,33.369999,34.099998,105000.0,0.5499989999999997
9.0,9.0,33.650002,33.650002,33.220001,33.419998,109400.0,-0.23000400000000099
9.0,8.0,33.98,34.0,33.439999,33.790001,91800.0,-0.18999900000000025
9.0,5.0,33.810001,34.110001,33.810001,33.950001,54700.0,0.14000000000000057
9.0,4.0,35.0,35.0,33.540001,33.959999,128400.0,-1.0400009999999966
9.0,3.0,35.299999,35.380001,34.560001,34.959999,152800.0,-0.3399999999999963
9.0,2.0,35.290001,35.700001,35.009998,35.240002,105200.0,-0.04999899999999968
8.0,29.0,35.150002,35.299999,34.82,35.139999,105100.0,-0.010002999999997542
8.0,28.0,35.25,35.369999,35.119999,35.169998,66800.0,-0.08000200000000035
8.0,27.0,35.25,35.400002,35.25,35.310001,89600.0,0.06000099999999975
8.0,26.0,35.77,35.799999,35.200001,35.380001,103200.0,-0.3899990000000031
8.0,25.0,35.790001,36.150002,35.470001,35.639999,61100.0,-0.15000199999999353
8.0,22.0,35.720001,35.849998,35.279999,35.619999,110300.0,-0.10000200000000348
8.0,21.0,35.32,35.889999,34.889999,35.779999,61400.0,0.45999899999999627
8.0,20.0,35.299999,35.580002,34.779999,35.389999,81700.0,0.09000000000000341
8.0,19.0,36.150002,36.25,35.369999,35.439999,116100.0,-0.7100030000000004
8.0,18.0,35.540001,36.349998,35.5,36.18,71600.0,0.6399990000000031
8.0,15.0,36.060001,36.099998,34.830002,35.25,88500.0,-0.8100009999999997
8.0,14.0,35.68,35.84,35.220001,35.700001,70900.0,0.0200010000000006
8.0,13.0,34.939999,35.799999,34.709999,35.59,97700.0,0.6500010000000032
8.0,12.0,34.439999,34.759998,34.419998,34.700001,88400.0,0.26000200000000007
8.0,11.0,33.830002,35.240002,33.720001,34.59,69300.0,0.7599980000000031
8.0,8.0,31.0,34.16,30.459999,33.799999,122900.0,2.7999989999999997
8.0,7.0,34.080002,34.23,33.689999,33.959999,42800.0,-0.12000299999999697
8.0,6.0,34.290001,34.799999,33.82,33.950001,60000.0,-0.3399999999999963
8.0,5.0,34.0,35.009998,34.0,34.470001,39600.0,0.47000100000000344
8.0,4.0,34.68,34.860001,33.77,34.18,89000.0,-0.5
8.0,1.0,34.619999,34.98,33.830002,34.639999,100200.0,0.020000000000003126
7.0,31.0,34.889999,34.889999,34.380001,34.560001,67100.0,-0.32999800000000334
7.0,30.0,35.560001,35.869999,35.119999,35.139999,46500.0,-0.42000199999999666
7.0,29.0,34.66,35.470001,34.66,35.27,83700.0,0.6100000000000065
7.0,28.0,34.84,34.84,34.450001,34.709999,67500.0,-0.13000100000000003
7.0,25.0,35.16,35.73,34.720001,34.860001,74700.0,-0.2999989999999997
7.0,24.0,36.23,36.23,35.279999,35.509998,43900.0,-0.7200019999999938
7.0,23.0,36.139999,36.599998,35.970001,36.099998,47100.0,-0.04000100000000373
7.0,22.0,36.740002,36.950001,35.599998,36.18,44900.0,-0.5600019999999972
7.0,21.0,36.66,36.68,36.029999,36.529999,51300.0,-0.13000100000000003
7.0,18.0,36.189999,37.009998,36.119999,36.77,50700.0,0.5800010000000029
7.0,17.0,36.459999,36.540001,36.040001,36.290001,65700.0,-0.16999800000000675
7.0,16.0,37.279999,37.419998,36.720001,36.779999,62900.0,-0.5
7.0,15.0,37.360001,37.529999,36.740002,36.990002,80900.0,-0.36999899999999997
7.0,14.0,37.0,37.549999,36.459999,37.470001,97600.0,0.47000100000000344
7.0,11.0,36.900002,36.950001,36.369999,36.75,78900.0,-0.15000200000000063
7.0,10.0,37.290001,37.490002,36.77,37.07,81400.0,-0.22000099999999634
7.0,9.0,38.650002,38.84,37.880001,38.02,79000.0,-0.6300019999999975
7.0,8.0,38.91,38.93,38.419998,38.610001,120300.0,-0.2999989999999997
7.0,7.0,39.66,39.66,39.0,39.09,109400.0,-0.5699999999999932
7.0,3.0,39.68,39.919998,39.66,39.889999,40300.0,0.20999900000000338
7.0,2.0,39.459999,39.759998,39.389999,39.639999,112000.0,0.17999999999999972
7.0,1.0,38.290001,39.689999,38.290001,39.68,123100.0,1.389999000000003
6.0,30.0,38.619999,38.619999,37.529999,38.259998,100600.0,-0.3600009999999969
6.0,27.0,37.84,38.740002,37.84,38.709999,110400.0,0.869999
6.0,26.0,38.669998,38.709999,37.73,38.049999,124500.0,-0.619999
6.0,25.0,38.669998,38.93,38.560001,38.880001,100400.0,0.21000300000000038
6.0,24.0,39.470001,40.080002,38.860001,38.919998,99000.0,-0.5500030000000038
6.0,23.0,39.889999,40.66,39.580002,39.669998,125300.0,-0.22000100000000344
6.0,20.0,38.990002,39.380001,38.830002,39.369999,172700.0,0.379997000000003
6.0,19.0,39.360001,39.759998,38.900002,39.060001,76800.0,-0.29999999999999716
6.0,18.0,39.75,40.02,39.240002,39.400002,68700.0,-0.34999799999999937
6.0,17.0,39.950001,40.959999,39.709999,39.790001,116100.0,-0.1600000000000037
6.0,16.0,40.290001,40.290001,39.84,40.130001,98800.0,-0.1599999999999966
6.0,13.0,40.419998,40.630001,40.27,40.34,104700.0,-0.07999799999999624
6.0,12.0,40.849998,40.860001,40.169998,40.240002,482100.0,-0.6099960000000024
6.0,11.0,41.619999,41.700001,40.799999,40.98,165800.0,-0.6399990000000031
6.0,10.0,41.509998,42.060001,40.869999,41.700001,193800.0,0.19000299999999726
6.0,9.0,40.790001,41.889999,40.740002,41.849998,393100.0,1.0599970000000027
6.0,6.0,40.049999,40.650002,40.049999,40.619999,271100.0,0.5700000000000003
6.0,5.0,38.709999,39.77,38.07,39.66,127200.0,0.9500009999999932
6.0,4.0,38.369999,38.880001,37.98,38.709999,76300.0,0.3400000000000034
6.0,3.0,38.540001,38.759998,38.209999,38.580002,113800.0,0.04000100000000373
6.0,2.0,38.650002,38.91,37.950001,38.619999,91800.0,-0.030003000000000668
5.0,30.0,38.73,39.09,38.400002,38.650002,119400.0,-0.07999799999999624
5.0,29.0,38.860001,39.209999,38.200001,38.849998,68900.0,-0.010002999999997542
5.0,28.0,39.040001,39.509998,38.59,38.919998,105400.0,-0.12000299999999697
5.0,27.0,38.700001,39.310001,38.389999,39.02,103400.0,0.3199990000000028
5.0,23.0,38.110001,38.59,38.009998,38.439999,46700.0,0.32999800000000334
5.0,22.0,38.25,38.389999,37.91,38.16,139300.0,-0.09000000000000341
5.0,21.0,38.470001,38.529999,37.709999,38.32,70000.0,-0.15000100000000316
5.0,20.0,38.869999,38.869999,37.919998,38.450001,116300.0,-0.41999799999999965
5.0,19.0,38.73,39.290001,38.639999,38.810001,97700.0,0.08000100000000288
5.0,16.0,39.0,39.189999,38.52,38.93,116700.0,-0.07000000000000028
5.0,15.0,39.27,39.560001,38.779999,39.060001,164400.0,-0.20999900000000338
5.0,14.0,41.860001,41.860001,39.599998,39.599998,250900.0,-2.2600029999999975
5.0,13.0,45.419998,45.599998,41.849998,41.970001,372100.0,-3.449996999999996
5.0,12.0,44.650002,45.669998,44.43,45.330002,171000.0,0.6799999999999997
5.0,9.0,43.849998,44.610001,43.75,44.57,85600.0,0.7200020000000009
5.0,8.0,43.560001,44.290001,43.240002,44.009998,104200.0,0.4499970000000033
5.0,7.0,43.009998,43.700001,42.700001,43.630001,102600.0,0.620002999999997
5.0,6.0,43.599998,44.130001,43.0,43.0,143400.0,-0.5999979999999994
5.0,5.0,42.82,44.0,42.5,43.880001,105800.0,1.0600009999999997
5.0,2.0,43.130001,43.740002,42.889999,43.07,154100.0,-0.06000099999999975
5.0,1.0,43.610001,44.43,42.919998,42.990002,192800.0,-0.619999
4.0,30.0,42.630001,44.689999,42.419998,43.639999,225600.0,1.009998000000003
4.0,29.0,42.900002,43.049999,42.459999,42.700001,56900.0,-0.20000100000000032
4.0,28.0,43.580002,43.869999,42.240002,42.650002,102200.0,-0.9299999999999997
4.0,25.0,43.5,44.009998,43.310001,43.459999,115800.0,-0.04000099999999662
4.0,24.0,43.84,44.080002,42.759998,43.630001,68100.0,-0.20999900000000338
4.0,23.0,44.130001,44.509998,43.610001,43.700001,82100.0,-0.4299999999999997
4.0,22.0,43.91,44.240002,43.77,44.0,104300.0,0.09000000000000341
4.0,21.0,43.549999,44.0,43.110001,43.560001,77000.0,0.010002000000000066
4.0,17.0,42.91,43.700001,42.68,43.560001,96400.0,0.6500010000000032
4.0,16.0,42.77,43.189999,42.5,42.91,62700.0,0.13999999999999346
4.0,15.0,42.200001,42.779999,41.419998,42.580002,120300.0,0.38000100000000003
4.0,14.0,42.490002,42.669998,41.389999,41.98,91200.0,-0.5100020000000001
4.0,11.0,42.84,43.16,41.939999,42.110001,134400.0,-0.7299990000000065
4.0,10.0,44.970001,45.09,43.209999,43.25,147000.0,-1.7200010000000034
4.0,9.0,44.450001,45.259998,44.450001,45.07,113600.0,0.619999
4.0,8.0,44.18,44.889999,44.0,44.389999,148100.0,0.20999900000000338
4.0,7.0,45.029999,45.09,44.029999,44.119999,324400.0,-0.9099999999999966
4.0,4.0,45.830002,46.25,44.91,45.099998,210800.0,-0.730004000000001
4.0,3.0,45.669998,45.68,45.099998,45.610001,196000.0,-0.05999700000000274
4.0,2.0,45.049999,45.919998,44.889999,45.82,250400.0,0.7700010000000006
4.0,1.0,45.279999,45.68,44.77,45.029999,275300.0,-0.25
3.0,31.0,44.5,45.09,44.400002,45.049999,251900.0,0.5499989999999997
3.0,28.0,44.540001,44.650002,44.27,44.389999,123800.0,-0.15000199999999353
3.0,27.0,45.290001,45.290001,44.490002,44.580002,170300.0,-0.7099989999999963
3.0,26.0,45.669998,45.860001,45.099998,45.16,171500.0,-0.5099980000000031
3.0,25.0,44.950001,45.849998,44.91,45.470001,166100.0,0.5200000000000031
3.0,24.0,45.0,45.0,44.540001,44.57,132600.0,-0.4299999999999997
3.0,21.0,44.790001,45.040001,44.68,45.040001,298700.0,0.25
3.0,20.0,44.700001,44.990002,44.23,44.529999,183200.0,-0.17000200000000376
3.0,19.0,44.580002,45.040001,44.43,44.689999,93300.0,0.1099969999999999
3.0,18.0,43.82,44.759998,43.75,44.650002,136000.0,0.8300020000000004
3.0,17.0,43.799999,44.490002,43.740002,43.98,192600.0,0.1800009999999972
3.0,14.0,43.549999,45.0,42.369999,43.860001,311600.0,0.3100019999999972
3.0,13.0,44.5,44.939999,43.580002,44.060001,221000.0,-0.43999900000000025
3.0,12.0,44.419998,44.720001,44.040001,44.470001,143700.0,0.050003000000003794
3.0,11.0,44.549999,44.849998,44.380001,44.439999,130200.0,-0.10999999999999943
3.0,10.0,44.73,44.98,44.509998,44.639999,79400.0,-0.09000099999999378
3.0,7.0,45.279999,45.279999,44.549999,44.91,171500.0,-0.36999899999999997
3.0,6.0,44.25,45.080002,43.950001,44.880001,188700.0,0.630001
3.0,5.0,43.330002,44.43,43.0,43.98,150700.0,0.6499979999999965
3.0,4.0,42.77,44.150002,42.77,43.419998,208200.0,0.6499979999999965
3.0,3.0,41.57,42.889999,41.450001,42.220001,108400.0,0.6500010000000032
2.0,28.0,41.959999,42.389999,41.610001,41.73,132200.0,-0.2299990000000065
2.0,27.0,41.43,42.509998,41.310001,41.990002,129800.0,0.5600019999999972
2.0,26.0,42.029999,42.279999,41.360001,41.669998,139700.0,-0.3600009999999969
2.0,25.0,41.580002,42.790001,41.529999,41.889999,184500.0,0.30999700000000274
2.0,24.0,40.810001,41.869999,40.810001,41.419998,108800.0,0.6099969999999999
2.0,21.0,41.049999,41.529999,40.75,40.900002,116500.0,-0.14999699999999905
2.0,20.0,40.240002,41.099998,40.240002,41.029999,91500.0,0.7899969999999996
2.0,19.0,40.77,41.150002,40.0,40.23,113100.0,-0.5400000000000063
2.0,18.0,40.669998,41.200001,40.630001,40.93,119200.0,0.26000200000000007
2.0,14.0,40.790001,41.529999,40.099998,40.650002,126800.0,-0.139998999999996
2.0,13.0,39.84,40.950001,39.82,40.73,187800.0,0.8899999999999935
2.0,12.0,39.950001,40.360001,39.790001,40.029999,155800.0,0.07999799999999624
2.0,11.0,39.540001,40.0,39.299999,39.869999,121600.0,0.32999800000000334
2.0,10.0,39.419998,39.599998,39.080002,39.419998,115800.0,0.0
2.0,7.0,38.93,39.650002,38.93,39.299999,71400.0,0.36999899999999997
2.0,6.0,38.200001,38.970001,38.200001,38.860001,85500.0,0.6599999999999966
2.0,5.0,37.66,38.279999,37.380001,38.169998,230300.0,0.5099980000000031
2.0,4.0,37.68,37.959999,37.189999,37.700001,175000.0,0.0200010000000006
2.0,3.0,38.110001,38.299999,37.34,37.630001,160600.0,-0.4799999999999969
1.0,31.0,37.41,38.689999,37.389999,38.310001,52700.0,0.9000010000000032
1.0,30.0,38.380001,38.619999,37.790001,38.09,70300.0,-0.2900009999999966
1.0,29.0,38.490002,38.880001,38.119999,38.169998,87800.0,-0.3200039999999973
1.0,28.0,37.75,38.790001,37.720001,38.77,115700.0,1.0200000000000031
1.0,27.0,38.419998,38.689999,37.68,37.84,184000.0,-0.5799979999999962
1.0,24.0,40.049999,40.130001,38.529999,38.610001,137800.0,-1.4399980000000028
1.0,23.0,39.91,40.32,39.549999,40.220001,111300.0,0.31000100000000685
1.0,22.0,39.34,40.09,39.220001,39.919998,104300.0,0.5799979999999962
1.0,21.0,40.040001,40.040001,38.919998,39.450001,207300.0,-0.5899999999999963
1.0,17.0,40.07,40.349998,39.540001,39.689999,101200.0,-0.38000100000000003
1.0,16.0,39.73,40.349998,39.310001,39.990002,152900.0,0.26000200000000007
1.0,15.0,39.119999,39.82,38.93,39.630001,156800.0,0.5100020000000001
1.0,14.0,39.799999,40.0,39.099998,39.220001,310500.0,-0.5799979999999962
1.0,13.0,39.5,40.099998,39.060001,39.279999,190800.0,-0.22000100000000344
1.0,10.0,39.580002,39.720001,38.950001,39.5,169000.0,-0.08000200000000035
1.0,9.0,38.610001,39.689999,38.360001,39.220001,149600.0,0.6100000000000065
1.0,8.0,38.32,39.119999,38.139999,38.59,419200.0,0.2700000000000031
1.0,7.0,37.040001,38.630001,37.0,38.32,165800.0,1.2799990000000037
1.0,6.0,36.25,37.18,32.299999,36.82,553400.0,0.5700000000000003
1.0,3.0,34.349998,36.330002,34.349998,36.110001,203800.0,1.7600029999999975
1.0,2.0,33.400002,34.610001,33.400002,34.380001,392000.0,0.9799989999999994
12.0,31.0,33.560001,33.799999,33.360001,33.400002,550500.0,-0.15999899999999911
12.0,30.0,33.400002,33.700001,33.380001,33.560001,199500.0,0.15999899999999911
12.0,27.0,33.259998,33.349998,33.130001,33.200001,287800.0,-0.05999700000000274
12.0,26.0,33.66,34.16,33.139999,33.150002,391000.0,-0.509997999999996
12.0,24.0,33.119999,33.610001,32.790001,33.41,387400.0,0.2900009999999966
12.0,23.0,32.0,32.349998,31.870001,32.139999,305800.0,0.1399990000000031
12.0,20.0,31.790001,32.009998,31.66,32.0,431000.0,0.20999899999999982
12.0,19.0,31.82,31.99,31.75,31.879999,69300.0,0.059999000000001246
12.0,18.0,31.950001,32.150002,31.5,31.950001,114200.0,0.0
12.0,17.0,32.0,32.0,31.9,31.959999,197000.0,-0.040001000000000175
12.0,16.0,31.99,32.07,31.91,31.950001,109800.0,-0.03999899999999812
12.0,13.0,31.549999,32.07,31.17,31.950001,106800.0,0.40000200000000063
12.0,12.0,31.84,32.139999,31.370001,31.540001,656300.0,-0.2999989999999997
12.0,11.0,31.93,31.93,31.450001,31.799999,162000.0,-0.13000100000000003
12.0,10.0,31.110001,31.879999,31.09,31.75,107100.0,0.6399989999999995
12.0,9.0,31.629999,31.709999,30.92,31.33,81400.0,-0.29999900000000324
12.0,6.0,31.23,31.75,30.959999,31.700001,57100.0,0.4700009999999999
12.0,5.0,30.709999,31.48,30.299999,30.99,84900.0,0.2800009999999986
12.0,4.0,31.27,31.440001,30.48,30.709999,112100.0,-0.5600009999999997
12.0,3.0,31.700001,31.9,31.32,31.43,245700.0,-0.2700010000000006
12.0,2.0,31.57,32.0,31.42,31.83,88700.0,0.259999999999998
11.0,29.0,31.959999,31.959999,31.76,31.85,30300.0,-0.1099989999999984
11.0,27.0,31.99,32.049999,31.709999,31.959999,193200.0,-0.030000999999998612
11.0,26.0,31.780001,32.110001,31.65,31.9,179200.0,0.11999899999999997
11.0,25.0,31.870001,31.92,31.74,31.82,45100.0,-0.050000999999998186
11.0,22.0,31.34,31.98,31.25,31.889999,36500.0,0.5499989999999997
11.0,21.0,30.940001,31.43,30.559999,31.33,46700.0,0.38999899999999954
11.0,20.0,30.940001,31.34,30.68,30.860001,42800.0,-0.0799999999999983
11.0,19.0,31.59,31.83,30.59,30.870001,92800.0,-0.7199990000000014
11.0,18.0,30.84,31.98,30.75,31.59,76300.0,0.75
11.0,15.0,30.4,31.07,30.27,30.68,67600.0,0.28000000000000114
11.0,14.0,30.690001,30.719999,30.190001,30.48,50900.0,-0.21000099999999833
11.0,13.0,31.280001,31.700001,30.690001,30.83,75700.0,-0.4500010000000003
11.0,12.0,32.080002,32.080002,31.360001,31.799999,44200.0,-0.28000300000000067
11.0,11.0,31.9,32.200001,31.41,32.060001,43100.0,0.16000100000000117
11.0,8.0,30.809999,31.99,30.629999,31.860001,40900.0,1.0500019999999992
11.0,7.0,31.719999,31.719999,30.76,30.870001,45500.0,-0.8499980000000029
11.0,6.0,31.93,31.950001,31.450001,31.67,52500.0,-0.259999999999998
11.0,5.0,31.809999,32.299999,31.41,31.969999,65900.0,0.16000000000000014
11.0,4.0,32.189999,32.220001,31.790001,31.959999,74700.0,-0.23000000000000043
11.0,1.0,30.950001,32.290001,30.950001,32.07,68200.0,1.119999
10.0,31.0,31.620001,31.719999,30.969999,30.969999,64500.0,-0.6500019999999971
10.0,30.0,32.049999,32.150002,31.25,31.690001,90400.0,-0.35999800000000093
10.0,29.0,32.080002,32.349998,31.809999,32.049999,63300.0,-0.030003000000000668
10.0,28.0,31.950001,32.25,31.74,32.0,48200.0,0.04999899999999968
10.0,25.0,31.860001,32.0,31.42,31.969999,70100.0,0.10999800000000093
10.0,24.0,31.870001,31.870001,31.360001,31.68,82800.0,-0.19000099999999875
10.0,23.0,31.73,31.799999,31.459999,31.790001,70100.0,0.06000099999999975
10.0,22.0,31.809999,31.99,31.51,31.780001,72900.0,-0.029998000000002634
10.0,21.0,31.73,31.950001,31.440001,31.799999,750500.0,0.06999899999999926
10.0,18.0,30.889999,31.75,30.379999,31.709999,76400.0,0.8200000000000003
10.0,17.0,30.33,30.59,30.110001,30.549999,86200.0,0.2199990000000014
10.0,16.0,30.219999,31.26,29.940001,30.33,176100.0,0.1100009999999969
10.0,15.0,29.799999,30.030001,29.4,29.57,55200.0,-0.2299989999999994
10.0,14.0,30.040001,30.09,29.58,29.83,59900.0,-0.21000100000000188
10.0,11.0,30.24,30.5,30.09,30.24,41400.0,0.0
10.0,10.0,28.559999,30.51,28.559999,30.4,113200.0,1.8400009999999973
10.0,9.0,27.93,29.0,27.870001,28.309999,67600.0,0.37999900000000153
10.0,8.0,28.98,29.02,27.879999,27.940001,101600.0,-1.0399990000000017
10.0,7.0,29.299999,29.5,28.42,29.09,69200.0,-0.20999899999999982
10.0,4.0,30.030001,30.030001,28.969999,29.42,142100.0,-0.6100009999999969
10.0,3.0,31.620001,31.67,30.0,30.07,44100.0,-1.5500009999999982
10.0,2.0,32.080002,32.139999,31.690001,31.809999,31800.0,-0.2700029999999991
10.0,1.0,31.82,32.630001,31.82,32.360001,76700.0,0.5400009999999966
9.0,30.0,32.0,32.0,31.52,31.73,67100.0,-0.2699999999999996
9.0,27.0,32.59,32.630001,32.130001,32.16,47100.0,-0.4300000000000068
9.0,26.0,32.66,32.860001,32.549999,32.790001,29400.0,0.13000100000000003
9.0,25.0,32.700001,33.110001,32.5,32.700001,38600.0,0.0
9.0,24.0,32.790001,33.23,32.700001,32.720001,51100.0,-0.06999999999999318
9.0,23.0,32.860001,33.02,32.549999,32.860001,64000.0,0.0
9.0,20.0,33.169998,33.169998,32.810001,33.0,145200.0,-0.16999799999999965
9.0,19.0,33.110001,33.279999,32.68,33.0,69100.0,-0.1100009999999969
9.0,18.0,33.380001,33.41,32.799999,33.150002,73200.0,-0.2299989999999994
9.0,17.0,32.580002,33.77,32.57,33.5,65800.0,0.9199979999999996
9.0,16.0,33.599998,33.810001,32.41,32.650002,113000.0,-0.9499959999999987
9.0,13.0,33.189999,33.529999,32.639999,33.330002,58000.0,0.1400030000000001
9.0,12.0,34.240002,34.299999,33.060001,33.119999,60200.0,-1.120002999999997
9.0,11.0,34.110001,34.509998,33.91,34.34,99800.0,0.2299990000000065
9.0,10.0,34.139999,34.470001,33.880001,34.099998,74900.0,-0.04000100000000373
9.0,9.0,34.220001,34.459999,33.950001,34.09,94900.0,-0.13000100000000003
9.0,6.0,34.48,34.549999,33.860001,34.040001,69500.0,-0.43999900000000025
9.0,5.0,34.169998,34.639999,34.060001,34.34,66200.0,0.17000200000000376
9.0,4.0,34.07,34.34,33.889999,34.25,239500.0,0.17999999999999972
9.0,3.0,34.099998,34.529999,33.98,34.139999,96600.0,0.04000100000000373
8.0,30.0,34.02,34.02,33.150002,33.66,68700.0,-0.36000000000000654
8.0,29.0,34.18,34.919998,34.040001,34.07,52700.0,-0.10999999999999943
8.0,28.0,34.07,34.450001,34.029999,34.119999,36700.0,0.04999899999999968
8.0,27.0,34.25,34.57,33.990002,34.200001,74100.0,-0.04999899999999968
8.0,26.0,34.27,35.209999,33.959999,34.57,73500.0,0.29999999999999716
8.0,23.0,34.060001,34.419998,34.060001,34.32,58400.0,0.25999900000000054
8.0,22.0,33.91,34.439999,33.75,34.209999,66600.0,0.2999990000000068
8.0,21.0,33.860001,34.150002,33.720001,33.93,79500.0,0.06999900000000281
8.0,20.0,33.91,34.32,33.869999,34.040001,65900.0,0.13000100000000003
8.0,19.0,33.790001,34.259998,33.68,33.970001,103800.0,0.18000000000000682
8.0,16.0,32.849998,34.009998,32.849998,33.93,114900.0,1.0800020000000004
8.0,15.0,33.34,33.360001,32.459999,33.0,125400.0,-0.3400000000000034
8.0,14.0,33.889999,33.91,33.220001,33.610001,108800.0,-0.2799980000000062
8.0,13.0,34.049999,34.610001,33.439999,33.98,247100.0,-0.06999900000000281
8.0,12.0,33.689999,34.869999,33.360001,34.459999,191500.0,0.7700000000000031
8.0,9.0,34.02,34.040001,33.529999,33.68,69700.0,-0.3400000000000034
8.0,8.0,33.48,34.0,33.360001,33.959999,102700.0,0.4799990000000065
8.0,7.0,34.0,34.0,33.27,33.400002,139200.0,-0.5999979999999994
8.0,6.0,34.59,35.18,34.09,34.150002,103200.0,-0.4399980000000028
8.0,5.0,34.150002,35.150002,34.080002,34.709999,194500.0,0.5599970000000027
8.0,2.0,33.84,34.23,33.380001,34.189999,103100.0,0.34999899999999684
8.0,1.0,32.919998,33.77,32.790001,33.720001,148600.0,0.8000030000000038
7.0,31.0,32.32,32.950001,32.16,32.59,98300.0,0.2700000000000031
7.0,30.0,31.620001,32.25,31.610001,32.139999,168100.0,0.5199980000000046
7.0,29.0,31.559999,31.77,31.43,31.620001,21400.0,0.060001999999997224
7.0,26.0,31.299999,31.790001,30.780001,31.52,95400.0,0.2200009999999999
7.0,25.0,31.450001,31.790001,30.639999,31.549999,252300.0,0.09999799999999937
7.0,24.0,31.549999,31.780001,31.110001,31.379999,175600.0,-0.16999999999999815
7.0,23.0,31.780001,32.040001,31.0,31.41,164200.0,-0.37000099999999847
7.0,22.0,31.42,32.040001,31.41,31.620001,98400.0,0.20000099999999676
7.0,19.0,30.82,31.549999,30.82,31.4,121800.0,0.5799999999999983
7.0,18.0,29.9,30.85,29.9,30.790001,117000.0,0.8900010000000016
7.0,17.0,29.459999,30.280001,29.459999,29.889999,107900.0,0.4299999999999997
7.0,16.0,29.68,30.200001,29.01,29.370001,212800.0,-0.30999900000000125
7.0,15.0,29.120001,30.08,29.059999,29.65,236600.0,0.5299990000000001
7.0,12.0,29.389999,29.58,29.120001,29.190001,155600.0,-0.1999980000000008
7.0,11.0,29.290001,29.66,28.950001,29.32,109200.0,0.02999900000000011
7.0,10.0,28.92,29.309999,28.84,29.16,137100.0,0.23999999999999844
7.0,9.0,28.889999,29.889999,28.75,29.01,156400.0,0.12000100000000202
7.0,8.0,28.959999,29.469999,28.83,28.85,90300.0,-0.1099989999999984
7.0,5.0,29.139999,29.26,28.82,28.959999,56500.0,-0.17999999999999972
7.0,3.0,28.629999,28.9,28.459999,28.85,44600.0,0.2200009999999999
7.0,2.0,28.809999,28.93,28.559999,28.77,138400.0,-0.03999900000000167
7.0,1.0,28.5,29.040001,28.129999,28.93,135800.0,0.4299999999999997
6.0,28.0,28.389999,28.65,27.77,28.42,1426100.0,0.030001000000002165
6.0,27.0,28.059999,28.77,27.799999,28.5,116400.0,0.44000099999999875
6.0,26.0,28.01,28.27,27.969999,28.049999,121100.0,0.03999899999999812
6.0,25.0,28.16,28.379999,27.59,27.91,222500.0,-0.25
6.0,24.0,27.42,28.15,27.190001,28.129999,112300.0,0.7099989999999998
6.0,21.0,27.67,27.959999,27.66,27.790001,122300.0,0.12000099999999847
6.0,20.0,27.780001,27.879999,27.51,27.68,109300.0,-0.1000009999999989
6.0,19.0,28.059999,28.209999,27.549999,27.950001,371800.0,-0.10999800000000093
6.0,18.0,27.879999,28.15,27.799999,28.1,170500.0,0.2200009999999999
6.0,17.0,27.75,28.09,27.540001,27.98,83300.0,0.23000000000000043
6.0,14.0,27.41,27.719999,27.33,27.690001,57900.0,0.2800009999999986
6.0,13.0,26.84,27.68,26.610001,27.51,129300.0,0.6700000000000017
6.0,12.0,26.59,27.25,26.51,26.790001,102400.0,0.20000100000000032
6.0,11.0,26.83,26.860001,26.01,26.6,61500.0,-0.22999999999999687
6.0,10.0,26.469999,27.07,26.25,27.030001,91400.0,0.5600019999999972
6.0,7.0,26.16,26.6,25.889999,26.48,53900.0,0.3200000000000003
6.0,6.0,25.870001,26.049999,25.450001,26.049999,70700.0,0.1799980000000012
6.0,5.0,25.68,26.360001,25.5,25.780001,80900.0,0.1000009999999989
6.0,4.0,25.84,25.84,25.530001,25.66,73900.0,-0.17999999999999972
6.0,3.0,25.610001,26.129999,25.200001,25.799999,47000.0,0.18999799999999922
5.0,31.0,25.450001,25.620001,24.92,25.57,65500.0,0.11999899999999997
5.0,30.0,24.360001,25.709999,24.25,25.540001,67800.0,1.1799999999999997
5.0,29.0,24.26,24.690001,24.24,24.389999,37900.0,0.12999899999999798
5.0,28.0,24.16,24.700001,23.940001,24.450001,33700.0,0.2900010000000002
5.0,24.0,24.09,24.15,23.799999,24.0,14000.0,-0.08999999999999986
5.0,23.0,24.290001,24.67,24.290001,24.32,41700.0,0.02999900000000011
5.0,22.0,24.129999,24.620001,24.02,24.530001,74700.0,0.4000019999999971
5.0,21.0,24.629999,24.84,24.040001,24.209999,81300.0,-0.4200000000000017
5.0,20.0,24.5,25.18,24.15,24.690001,234900.0,0.19000099999999875
5.0,17.0,23.73,24.700001,23.73,24.629999,76400.0,0.8999990000000011
5.0,16.0,23.860001,24.1,23.68,23.700001,53200.0,-0.16000000000000014
5.0,15.0,23.52,24.27,23.51,23.959999,113600.0,0.43999900000000025
5.0,14.0,23.27,23.74,22.5,23.690001,170500.0,0.4200009999999992
5.0,13.0,24.450001,24.639999,23.48,24.0,143400.0,-0.4500010000000003
5.0,10.0,24.299999,24.67,24.299999,24.33,71800.0,0.030000999999998612
5.0,9.0,24.940001,25.18,23.950001,24.4,108600.0,-0.5400010000000002
5.0,8.0,24.65,25.18,24.639999,24.9,90600.0,0.25
5.0,7.0,24.530001,24.83,24.43,24.790001,57900.0,0.26000000000000156
5.0,6.0,24.299999,24.719999,24.27,24.57,32200.0,0.2700010000000006
5.0,3.0,24.25,24.799999,24.25,24.389999,45100.0,0.13999899999999954
5.0,2.0,23.73,24.42,23.73,24.25,57600.0,0.5199999999999996
5.0,1.0,23.91,24.09,23.620001,23.66,39900.0,-0.25
4.0,30.0,24.040001,24.41,23.959999,23.959999,75700.0,-0.08000200000000035
4.0,29.0,23.389999,24.280001,23.35,24.120001,41200.0,0.7300019999999989
4.0,26.0,23.24,23.540001,23.24,23.4,17700.0,0.16000000000000014
4.0,25.0,22.879999,23.389999,22.75,23.280001,38200.0,0.4000019999999971
4.0,24.0,22.9,23.370001,22.67,22.92,68600.0,0.020000000000003126
4.0,23.0,22.65,22.99,22.57,22.83,48300.0,0.17999999999999972
4.0,22.0,22.41,22.709999,22.139999,22.709999,43100.0,0.2999989999999997
4.0,19.0,22.07,22.549999,21.940001,22.35,25000.0,0.28000000000000114
4.0,18.0,21.950001,22.16,21.83,22.1,79600.0,0.1499990000000011
4.0,17.0,22.25,22.25,21.709999,22.01,91100.0,-0.23999999999999844
4.0,16.0,22.34,22.58,22.200001,22.24,72200.0,-0.10000000000000142
4.0,15.0,22.26,22.33,22.0,22.299999,159200.0,0.03999899999999812
4.0,12.0,22.66,22.84,22.379999,22.620001,53100.0,-0.03999900000000167
4.0,11.0,22.99,23.16,22.690001,22.76,70000.0,-0.22999999999999687
4.0,10.0,22.27,23.26,22.27,23.040001,92100.0,0.7700010000000006
4.0,9.0,22.32,22.620001,22.26,22.32,116800.0,0.0
4.0,8.0,22.370001,22.530001,22.08,22.27,45400.0,-0.1000009999999989
4.0,5.0,21.389999,22.42,21.389999,22.41,135900.0,1.0200010000000006
4.0,4.0,21.459999,21.719999,21.459999,21.559999,145200.0,0.10000000000000142
4.0,3.0,22.950001,23.0,21.51,21.68,382800.0,-1.2700010000000006
4.0,2.0,23.77,23.93,22.790001,23.059999,173100.0,-0.7100009999999983
4.0,1.0,23.889999,24.07,23.360001,23.92,104400.0,0.030001000000002165
3.0,28.0,24.129999,24.15,23.950001,23.98,96200.0,-0.1499990000000011
3.0,27.0,23.82,24.17,23.82,24.08,80700.0,0.259999999999998
3.0,26.0,23.879999,24.049999,23.709999,23.98,111800.0,0.1000009999999989
3.0,25.0,23.68,23.98,23.41,23.85,34300.0,0.1700000000000017
3.0,22.0,23.41,23.65,23.209999,23.549999,86700.0,0.13999899999999954
3.0,21.0,23.01,23.540001,22.92,23.24,115900.0,0.22999999999999687
3.0,20.0,24.24,24.24,22.65,23.07,238900.0,-1.1699999999999982
3.0,19.0,24.02,24.700001,24.0,24.190001,125900.0,0.17000099999999918
3.0,18.0,23.85,24.209999,23.82,24.059999,110900.0,0.20999899999999982
3.0,15.0,24.0,24.4,23.950001,23.950001,377300.0,-0.04999899999999968
3.0,14.0,23.59,25.08,23.49,24.16,456400.0,0.5700000000000003
3.0,13.0,21.0,23.469999,21.0,23.25,541600.0,2.25
3.0,12.0,19.049999,19.9,19.049999,19.52,127700.0,0.4700009999999999
3.0,11.0,19.200001,19.370001,19.08,19.299999,86400.0,0.09999799999999937
3.0,8.0,19.059999,19.58,19.059999,19.18,73800.0,0.12000099999999847
3.0,7.0,18.719999,19.370001,18.719999,19.030001,111400.0,0.3100019999999972
3.0,6.0,18.690001,19.030001,18.42,18.620001,96700.0,-0.07000000000000028
3.0,5.0,18.549999,18.950001,18.5,18.559999,62600.0,0.010000000000001563
3.0,4.0,18.51,18.65,18.309999,18.530001,85600.0,0.02000099999999705
3.0,1.0,18.719999,18.76,18.43,18.639999,79500.0,-0.08000000000000185
2.0,28.0,18.77,18.940001,18.639999,18.870001,73300.0,0.1000009999999989
2.0,27.0,18.74,18.84,18.620001,18.799999,38200.0,0.059999000000001246
2.0,26.0,18.85,18.950001,18.5,18.799999,55800.0,-0.05000100000000174
2.0,25.0,19.110001,19.110001,18.76,18.860001,68300.0,-0.25
2.0,22.0,18.959999,19.190001,18.959999,19.110001,27800.0,0.15000200000000063
2.0,21.0,18.950001,19.02,18.690001,18.969999,40200.0,0.01999800000000107
2.0,20.0,19.139999,19.42,18.950001,18.959999,61400.0,-0.17999999999999972
2.0,19.0,19.18,19.23,18.75,19.190001,58600.0,0.010000999999999038
2.0,15.0,19.110001,19.5,18.950001,19.23,67400.0,0.11999899999999997
2.0,14.0,18.690001,19.23,18.639999,19.18,69100.0,0.48999900000000096
2.0,13.0,19.15,19.26,18.610001,18.83,48100.0,-0.3200000000000003
2.0,12.0,19.16,19.4,19.049999,19.190001,23700.0,0.030000999999998612
2.0,11.0,18.74,19.15,18.74,19.1,23700.0,0.360000000000003
2.0,8.0,18.73,19.139999,18.59,18.799999,30200.0,0.06999899999999926
2.0,7.0,18.77,18.879999,18.51,18.76,38500.0,-0.00999999999999801
2.0,6.0,18.959999,19.08,18.5,18.82,72900.0,-0.13999899999999954
2.0,5.0,19.5,19.5,18.9,19.049999,56700.0,-0.4500010000000003
2.0,4.0,19.01,19.610001,19.01,19.51,65200.0,0.5
2.0,1.0,19.32,19.32,18.76,19.139999,65300.0,-0.18000100000000074
1.0,31.0,19.040001,19.299999,18.75,19.25,101200.0,0.20999899999999982
1.0,30.0,19.51,19.51,18.719999,19.049999,45100.0,-0.4600010000000019
1.0,29.0,19.23,19.629999,19.23,19.559999,35600.0,0.3299990000000008
1.0,28.0,19.469999,19.65,19.16,19.290001,70700.0,-0.1799980000000012
1.0,25.0,19.709999,19.950001,19.190001,19.51,30200.0,-0.19999899999999826
1.0,24.0,19.08,20.18,19.08,19.709999,140100.0,0.6299990000000015
1.0,23.0,19.389999,19.549999,19.030001,19.129999,58100.0,-0.259999999999998
1.0,22.0,19.84,19.84,19.059999,19.440001,68900.0,-0.3999990000000011
1.0,18.0,19.799999,20.049999,19.290001,19.98,72400.0,0.18000100000000074
1.0,17.0,19.68,19.9,19.51,19.83,33500.0,0.14999999999999858
1.0,16.0,19.559999,19.9,19.370001,19.68,44700.0,0.12000099999999847
1.0,15.0,19.73,19.879999,19.27,19.549999,85600.0,-0.18000100000000074
1.0,14.0,19.549999,19.93,19.379999,19.780001,23400.0,0.23000199999999893
1.0,11.0,19.290001,19.74,19.129999,19.6,24000.0,0.30999900000000125
1.0,10.0,19.120001,19.530001,18.700001,19.389999,28600.0,0.26999800000000107
1.0,9.0,19.43,19.530001,18.85,19.139999,52300.0,-0.2900010000000002
1.0,8.0,19.639999,19.879999,19.25,19.33,208600.0,-0.30999900000000125
1.0,7.0,19.77,20.110001,19.49,19.85,40600.0,0.08000000000000185
1.0,4.0,19.690001,20.0,19.290001,19.93,43100.0,0.23999900000000096
1.0,3.0,19.629999,19.9,19.33,19.719999,48100.0,0.08999999999999986
1.0,2.0,19.67,20.09,19.09,19.76,143300.0,0.08999999999999986
12.0,31.0,18.85,19.26,18.809999,19.26,60100.0,0.41000000000000014
12.0,28.0,18.92,18.98,18.77,18.889999,27600.0,-0.030001000000002165
12.0,27.0,18.83,19.110001,18.809999,19.01,35500.0,0.18000000000000327
12.0,26.0,19.0,19.209999,18.75,18.940001,61100.0,-0.059999000000001246
12.0,24.0,19.540001,19.58,18.82,18.9,19900.0,-0.6400010000000016
12.0,21.0,19.34,19.860001,19.1,19.610001,156100.0,0.2700010000000006
12.0,20.0,19.0,19.85,18.950001,19.610001,96800.0,0.6100010000000005
12.0,19.0,19.389999,19.389999,19.0,19.110001,61800.0,-0.2799979999999991
12.0,18.0,18.950001,19.860001,18.76,19.450001,103400.0,0.5
12.0,17.0,19.040001,19.110001,18.959999,18.98,112400.0,-0.06000099999999975
12.0,14.0,18.98,19.23,18.959999,19.040001,41100.0,0.06000099999999975
12.0,13.0,19.15,19.18,18.780001,19.110001,294200.0,-0.03999899999999812
12.0,12.0,19.73,19.889999,19.25,19.48,83700.0,-0.25
12.0,11.0,19.940001,20.25,19.610001,19.76,87900.0,-0.1800009999999972
12.0,10.0,19.059999,20.0,18.85,19.969999,140900.0,0.9100000000000001
12.0,7.0,18.540001,19.129999,18.540001,19.059999,94400.0,0.5199980000000011
12.0,6.0,18.16,18.48,18.01,18.4,60700.0,0.23999999999999844
12.0,5.0,18.139999,18.559999,18.08,18.24,228300.0,0.1000009999999989
12.0,4.0,18.43,18.450001,18.049999,18.209999,85500.0,-0.2200009999999999
12.0,3.0,18.389999,18.950001,18.030001,18.58,48700.0,0.19000099999999875
11.0,30.0,18.9,18.950001,18.16,18.360001,63400.0,-0.5399989999999981
11.0,29.0,18.92,19.24,18.9,18.959999,22600.0,0.03999899999999812
11.0,28.0,18.700001,18.870001,18.51,18.870001,42100.0,0.16999999999999815
11.0,27.0,19.01,19.049999,18.65,18.83,70800.0,-0.18000000000000327
11.0,26.0,18.9,19.32,18.9,19.15,49900.0,0.25
11.0,23.0,18.809999,18.92,18.690001,18.889999,6400.0,0.0799999999999983
11.0,21.0,19.02,19.08,18.440001,18.799999,75000.0,-0.2200009999999999
11.0,20.0,18.74,19.360001,18.74,19.17,62800.0,0.43000000000000327
11.0,19.0,18.950001,19.299999,18.68,18.860001,126400.0,-0.08999999999999986
11.0,16.0,19.459999,19.459999,18.57,18.84,129900.0,-0.619999
11.0,15.0,19.700001,19.799999,19.469999,19.540001,280900.0,-0.16000000000000014
11.0,14.0,19.51,20.5,19.5,19.690001,336600.0,0.1800009999999972
11.0,13.0,18.4,18.77,18.24,18.690001,76900.0,0.2900010000000002
11.0,12.0,18.58,18.809999,18.57,18.639999,76200.0,0.059999000000001246
11.0,9.0,18.35,18.709999,18.35,18.540001,110400.0,0.19000099999999875
11.0,8.0,18.68,18.77,18.360001,18.5,69800.0,-0.17999999999999972
11.0,7.0,18.959999,19.1,18.25,18.809999,77100.0,-0.14999999999999858
11.0,6.0,19.16,19.68,19.129999,19.25,163000.0,0.08999999999999986
11.0,5.0,18.809999,19.33,18.799999,19.120001,95700.0,0.3100019999999972
11.0,2.0,19.120001,19.27,18.879999,18.98,16000.0,-0.14000099999999804
11.0,1.0,18.93,19.360001,18.51,19.139999,35800.0,0.20999899999999982
10.0,31.0,18.940001,19.209999,18.35,19.0,98500.0,0.059999000000001246
10.0,26.0,18.709999,19.0,18.440001,18.950001,37500.0,0.2400020000000005
10.0,25.0,18.709999,18.790001,18.530001,18.66,48900.0,-0.04999899999999968
10.0,24.0,18.67,18.790001,18.299999,18.6,75200.0,-0.07000000000000028
10.0,23.0,18.440001,18.73,18.25,18.559999,81200.0,0.11999800000000249
10.0,22.0,18.32,19.309999,18.32,18.610001,335300.0,0.2900010000000002
10.0,19.0,18.709999,18.709999,18.16,18.379999,66500.0,-0.3299999999999983
10.0,18.0,18.67,19.0,18.65,18.799999,70100.0,0.12999899999999798
10.0,17.0,18.780001,19.02,18.01,18.530001,119000.0,-0.25
10.0,16.0,18.549999,18.860001,18.450001,18.73,54700.0,0.18000100000000074
10.0,15.0,18.57,18.6,18.1,18.379999,133400.0,-0.19000099999999875
10.0,12.0,19.309999,19.41,18.389999,18.450001,109600.0,-0.8599980000000009
10.0,11.0,19.290001,19.440001,19.059999,19.23,112100.0,-0.06000099999999975
10.0,10.0,19.32,19.620001,19.049999,19.23,161000.0,-0.08999999999999986
10.0,9.0,19.6,19.85,19.07,19.360001,226200.0,-0.23999900000000096
10.0,8.0,19.52,19.83,19.32,19.639999,122900.0,0.11999899999999997
10.0,5.0,19.84,20.0,19.299999,19.610001,328200.0,-0.2299989999999994
10.0,4.0,19.469999,19.92,19.200001,19.73,201900.0,0.26000099999999904
10.0,3.0,19.18,19.52,18.559999,19.34,374600.0,0.16000000000000014
10.0,2.0,19.040001,19.4,18.99,19.110001,234400.0,0.07000000000000028
10.0,1.0,18.59,19.42,18.34,19.030001,172600.0,0.44000099999999875
9.0,28.0,18.33,18.549999,18.110001,18.450001,95400.0,0.12000100000000202
9.0,27.0,18.16,18.540001,18.07,18.440001,99600.0,0.2800009999999986
9.0,26.0,17.860001,18.049999,17.4,18.0,108500.0,0.13999899999999954
9.0,25.0,18.57,18.57,17.790001,17.85,179400.0,-0.7199999999999989
9.0,24.0,18.52,18.639999,18.299999,18.540001,151500.0,0.0200010000000006
9.0,21.0,18.309999,18.66,18.02,18.559999,155800.0,0.25
9.0,20.0,18.559999,18.700001,18.190001,18.200001,186100.0,-0.35999800000000093
9.0,19.0,18.24,18.65,18.0,18.6,153000.0,0.360000000000003
9.0,18.0,18.0,18.48,17.67,18.219999,183800.0,0.2199990000000014
9.0,17.0,17.450001,17.66,17.15,17.57,100400.0,0.11999899999999997
9.0,14.0,16.93,17.620001,16.809999,17.6,88500.0,0.6700000000000017
9.0,13.0,16.27,17.17,16.27,16.950001,173500.0,0.6800010000000007
9.0,12.0,16.93,17.07,16.700001,16.77,208300.0,-0.16000000000000014
9.0,11.0,17.969999,18.110001,17.02,17.02,384400.0,-0.9499990000000018
9.0,10.0,17.940001,18.540001,17.790001,17.99,297300.0,0.04999899999999968
9.0,7.0,18.08,18.52,17.860001,18.23,248200.0,0.15000000000000213
9.0,6.0,18.32,19.16,18.200001,18.26,249100.0,-0.05999999999999872
9.0,5.0,18.389999,18.700001,18.030001,18.5,295400.0,0.11000100000000046
9.0,4.0,18.629999,18.629999,17.549999,18.09,290100.0,-0.5399990000000017
8.0,31.0,17.959999,18.530001,17.93,18.51,252900.0,0.5500010000000017
8.0,30.0,18.110001,18.4,17.98,18.01,118600.0,-0.1000009999999989
8.0,29.0,18.01,18.389999,17.9,18.25,240700.0,0.23999999999999844
8.0,28.0,17.610001,18.139999,17.57,18.030001,140800.0,0.41999999999999815
8.0,27.0,17.51,17.75,17.370001,17.65,105000.0,0.13999999999999702
8.0,24.0,17.17,17.82,17.17,17.469999,235500.0,0.2999989999999997
8.0,23.0,16.860001,17.27,16.68,17.15,210400.0,0.2899989999999981
8.0,22.0,16.360001,16.74,16.17,16.73,126100.0,0.36999899999999997
8.0,21.0,16.16,16.459999,16.040001,16.290001,347600.0,0.13000100000000003
8.0,20.0,16.190001,16.370001,15.99,16.129999,202000.0,-0.060001999999997224
8.0,17.0,16.41,16.440001,16.219999,16.35,197500.0,-0.05999999999999872
8.0,16.0,16.879999,16.91,16.389999,16.42,177600.0,-0.4599989999999998
8.0,15.0,16.35,16.870001,16.35,16.82,179800.0,0.46999999999999886
8.0,14.0,17.040001,17.08,16.73,16.879999,254800.0,-0.16000199999999865
8.0,13.0,17.459999,17.65,16.559999,17.07,214900.0,-0.38999899999999954
8.0,10.0,17.280001,17.65,16.99,17.280001,446900.0,0.0
8.0,9.0,17.9,18.0,16.91,17.290001,393600.0,-0.6099989999999984
8.0,8.0,17.5,18.459999,17.360001,18.049999,360700.0,0.5499989999999997
8.0,7.0,17.120001,17.780001,17.02,17.379999,282400.0,0.25999800000000306
8.0,6.0,15.71,17.49,15.71,17.32,754400.0,1.6099999999999994
8.0,3.0,15.2,15.99,15.2,15.87,336400.0,0.6699999999999999
8.0,2.0,14.6,15.29,14.6,15.2,357100.0,0.5999999999999996
8.0,1.0,14.99,15.1,14.5,15.02,302100.0,0.02999999999999936
7.0,31.0,14.53,14.8,14.05,14.6,823200.0,0.07000000000000028
7.0,30.0,15.04,15.89,14.75,14.95,797800.0,-0.08999999999999986
7.0,27.0,15.05,15.41,14.88,15.01,311900.0,-0.040000000000000924
7.0,26.0,15.39,16.299999,14.75,15.17,417700.0,-0.22000000000000064
7.0,25.0,14.01,16.34,13.91,15.33,1589400.0,1.3200000000000003
7.0,24.0,15.29,15.62,13.92,14.05,1250800.0,-1.2399999999999984
7.0,23.0,17.0,17.24,15.37,15.74,557700.0,-1.2599999999999998
7.0,20.0,17.629999,17.799999,16.559999,17.0,543700.0,-0.6299990000000015
7.0,19.0,17.5,18.200001,17.360001,17.799999,1504800.0,0.2999989999999997
7.0,18.0,17.35,17.959999,17.1,17.68,3047900.0,0.3299999999999983
