8.0,4.0,0.01,0.01,0.01,0.01,0.0,0.0
8.0,3.0,0.01,0.01,0.01,0.01,0.0,0.0
7.0,31.0,0.01,0.01,0.01,0.01,0.0,0.0
7.0,30.0,0.01,0.01,0.01,0.01,0.0,0.0
7.0,29.0,0.01,0.01,0.01,0.01,0.0,0.0
7.0,28.0,0.01,0.01,0.01,0.01,0.0,0.0
7.0,27.0,0.01,0.01,0.01,0.01,12500.0,0.0
7.0,24.0,0.01,0.01,0.01,0.01,16500.0,0.0
7.0,23.0,0.01,0.01,0.01,0.01,0.0,0.0
7.0,22.0,0.01,0.01,0.01,0.01,1000.0,0.0
7.0,21.0,0.01,0.01,0.01,0.01,0.0,0.0
7.0,20.0,0.01,0.01,0.01,0.01,0.0,0.0
7.0,17.0,0.01,0.01,0.01,0.01,0.0,0.0
7.0,16.0,0.01,0.01,0.01,0.01,0.0,0.0
7.0,15.0,0.01,0.01,0.01,0.01,0.0,0.0
7.0,14.0,0.01,0.01,0.01,0.01,0.0,0.0
7.0,13.0,0.01,0.01,0.01,0.01,0.0,0.0
7.0,10.0,0.01,0.01,0.01,0.01,0.0,0.0
7.0,9.0,0.01,0.01,0.01,0.01,0.0,0.0
7.0,8.0,0.01,0.01,0.01,0.01,22200.0,0.0
7.0,7.0,0.01,0.01,0.01,0.01,0.0,0.0
7.0,6.0,0.01,0.01,0.01,0.01,0.0,0.0
7.0,2.0,0.01,0.01,0.01,0.01,0.0,0.0
7.0,1.0,0.01,0.01,0.01,0.01,59500.0,0.0
6.0,30.0,0.01,0.01,0.01,0.01,0.0,0.0
6.0,29.0,0.01,0.01,0.01,0.01,0.0,0.0
6.0,26.0,0.01,0.01,0.01,0.01,0.0,0.0
6.0,25.0,0.01,0.01,0.01,0.01,0.0,0.0
6.0,24.0,0.01,0.01,0.01,0.01,0.0,0.0
6.0,23.0,0.01,0.01,0.01,0.01,0.0,0.0
6.0,22.0,0.01,0.01,0.01,0.01,0.0,0.0
6.0,19.0,0.01,0.01,0.01,0.01,40000.0,0.0
6.0,18.0,0.01,0.01,0.01,0.01,0.0,0.0
6.0,17.0,0.01,0.01,0.01,0.01,0.0,0.0
6.0,16.0,0.01,0.01,0.01,0.01,0.0,0.0
6.0,15.0,0.01,0.01,0.01,0.01,17500.0,0.0
6.0,12.0,0.01,0.01,0.01,0.01,0.0,0.0
6.0,11.0,0.01,0.01,0.01,0.01,0.0,0.0
6.0,10.0,0.01,0.01,0.01,0.01,0.0,0.0
6.0,9.0,0.01,0.01,0.01,0.01,0.0,0.0
6.0,8.0,0.01,0.01,0.01,0.01,0.0,0.0
6.0,5.0,0.01,0.01,0.01,0.01,0.0,0.0
6.0,4.0,0.01,0.01,0.01,0.01,0.0,0.0
6.0,3.0,0.01,0.01,0.01,0.01,0.0,0.0
6.0,2.0,0.01,0.01,0.01,0.01,0.0,0.0
6.0,1.0,0.01,0.01,0.01,0.01,0.0,0.0
5.0,29.0,0.01,0.01,0.01,0.01,0.0,0.0
5.0,28.0,0.01,0.01,0.01,0.01,0.0,0.0
5.0,27.0,0.01,0.01,0.01,0.01,0.0,0.0
5.0,26.0,0.01,0.01,0.01,0.01,0.0,0.0
5.0,22.0,0.01,0.01,0.01,0.01,45100.0,0.0
5.0,21.0,0.01,0.01,0.01,0.01,5000.0,0.0
5.0,20.0,0.01,0.01,0.01,0.01,0.0,0.0
5.0,19.0,0.01,0.01,0.01,0.01,0.0,0.0
5.0,18.0,0.01,0.01,0.01,0.01,0.0,0.0
5.0,15.0,0.01,0.01,0.01,0.01,0.0,0.0
5.0,14.0,0.01,0.01,0.01,0.01,105000.0,0.0
5.0,13.0,0.01,0.01,0.01,0.01,0.0,0.0
5.0,12.0,0.01,0.01,0.01,0.01,0.0,0.0
5.0,11.0,0.01,0.01,0.01,0.01,0.0,0.0
5.0,8.0,0.01,0.01,0.01,0.01,0.0,0.0
5.0,7.0,0.01,0.01,0.01,0.01,0.0,0.0
5.0,6.0,0.01,0.01,0.01,0.01,152000.0,0.0
5.0,5.0,0.01,0.01,0.01,0.01,0.0,0.0
5.0,4.0,0.01,0.01,0.01,0.01,2500.0,0.0
5.0,1.0,0.01,0.01,0.01,0.01,0.0,0.0
4.0,30.0,0.01,0.01,0.01,0.01,0.0,0.0
4.0,29.0,0.01,0.01,0.01,0.01,0.0,0.0
4.0,28.0,0.01,0.01,0.01,0.01,0.0,0.0
4.0,27.0,0.01,0.01,0.01,0.01,600.0,0.0
4.0,24.0,0.01,0.01,0.01,0.01,0.0,0.0
4.0,23.0,0.01,0.01,0.01,0.01,0.0,0.0
4.0,22.0,0.01,0.01,0.01,0.01,100.0,0.0
4.0,21.0,0.01,0.01,0.01,0.01,0.0,0.0
4.0,20.0,0.01,0.01,0.01,0.01,0.0,0.0
4.0,17.0,0.01,0.01,0.01,0.01,1000.0,0.0
4.0,16.0,0.01,0.01,0.01,0.01,0.0,0.0
4.0,15.0,0.01,0.01,0.01,0.01,0.0,0.0
4.0,14.0,0.01,0.01,0.01,0.01,0.0,0.0
4.0,13.0,0.01,0.01,0.01,0.01,0.0,0.0
4.0,10.0,0.01,0.01,0.01,0.01,0.0,0.0
4.0,9.0,0.01,0.01,0.01,0.01,0.0,0.0
4.0,8.0,0.01,0.01,0.01,0.01,0.0,0.0
4.0,7.0,0.01,0.01,0.01,0.01,0.0,0.0
4.0,6.0,0.01,0.01,0.01,0.01,5000.0,0.0
4.0,2.0,0.01,0.01,0.01,0.01,133000.0,0.0
4.0,1.0,0.01,0.01,0.01,0.01,0.0,0.0
3.0,31.0,0.01,0.01,0.01,0.01,0.0,0.0
3.0,30.0,0.01,0.01,0.01,0.01,0.0,0.0
3.0,27.0,0.01,0.01,0.01,0.01,0.0,0.0
3.0,26.0,0.01,0.01,0.01,0.01,0.0,0.0
3.0,25.0,0.01,0.01,0.01,0.01,0.0,0.0
3.0,24.0,0.01,0.01,0.01,0.01,0.0,0.0
3.0,23.0,0.01,0.01,0.01,0.01,5000.0,0.0
3.0,20.0,0.01,0.01,0.01,0.01,0.0,0.0
3.0,19.0,0.01,0.01,0.01,0.01,0.0,0.0
3.0,18.0,0.01,0.01,0.01,0.01,0.0,0.0
3.0,17.0,0.01,0.01,0.01,0.01,0.0,0.0
3.0,16.0,0.01,0.01,0.01,0.01,0.0,0.0
3.0,13.0,0.01,0.01,0.01,0.01,0.0,0.0
3.0,12.0,0.01,0.01,0.01,0.01,0.0,0.0
3.0,11.0,0.01,0.01,0.01,0.01,0.0,0.0
3.0,10.0,0.01,0.01,0.01,0.01,15000.0,0.0
3.0,9.0,0.01,0.01,0.01,0.01,400.0,0.0
3.0,6.0,0.01,0.01,0.01,0.01,0.0,0.0
3.0,5.0,0.01,0.01,0.01,0.01,7000.0,0.0
3.0,4.0,0.01,0.01,0.01,0.01,0.0,0.0
3.0,3.0,0.01,0.01,0.01,0.01,0.0,0.0
3.0,2.0,0.01,0.01,0.01,0.01,0.0,0.0
2.0,27.0,0.01,0.01,0.01,0.01,0.0,0.0
2.0,26.0,0.01,0.01,0.01,0.01,0.0,0.0
2.0,25.0,0.01,0.01,0.01,0.01,0.0,0.0
2.0,24.0,0.01,0.01,0.01,0.01,0.0,0.0
2.0,23.0,0.01,0.01,0.01,0.01,0.0,0.0
2.0,20.0,0.01,0.01,0.01,0.01,0.0,0.0
2.0,19.0,0.01,0.01,0.01,0.01,1200.0,0.0
2.0,18.0,0.02,0.02,0.02,0.02,0.0,0.0
2.0,17.0,0.02,0.02,0.02,0.02,0.0,0.0
2.0,13.0,0.02,0.02,0.02,0.02,600.0,0.0
2.0,12.0,0.01,0.01,0.01,0.01,0.0,0.0
2.0,11.0,0.01,0.01,0.01,0.01,0.0,0.0
2.0,10.0,0.01,0.01,0.01,0.01,2500.0,0.0
2.0,9.0,0.01,0.01,0.01,0.01,0.0,0.0
2.0,6.0,0.01,0.01,0.01,0.01,300.0,0.0
2.0,5.0,0.01,0.01,0.01,0.01,0.0,0.0
2.0,4.0,0.01,0.01,0.01,0.01,200.0,0.0
2.0,3.0,0.01,0.01,0.01,0.01,0.0,0.0
2.0,2.0,0.01,0.01,0.01,0.01,0.0,0.0
1.0,30.0,0.01,0.01,0.01,0.01,0.0,0.0
1.0,29.0,0.01,0.01,0.01,0.01,0.0,0.0
1.0,28.0,0.01,0.01,0.01,0.01,0.0,0.0
1.0,27.0,0.01,0.01,0.01,0.01,0.0,0.0
1.0,26.0,0.01,0.01,0.01,0.01,0.0,0.0
1.0,23.0,0.01,0.01,0.01,0.01,0.0,0.0
1.0,22.0,0.01,0.01,0.01,0.01,0.0,0.0
1.0,21.0,0.01,0.01,0.01,0.01,0.0,0.0
1.0,20.0,0.01,0.01,0.01,0.01,0.0,0.0
1.0,16.0,0.01,0.01,0.01,0.01,0.0,0.0
1.0,15.0,0.02,0.02,0.01,0.01,5000.0,-0.01
1.0,14.0,0.01,0.01,0.01,0.01,0.0,0.0
1.0,13.0,0.01,0.01,0.01,0.01,30000.0,0.0
1.0,12.0,0.01,0.01,0.01,0.01,0.0,0.0
1.0,9.0,0.01,0.01,0.01,0.01,70000.0,0.0
1.0,8.0,0.01,0.01,0.01,0.01,100.0,0.0
1.0,7.0,0.01,0.01,0.01,0.01,0.0,0.0
1.0,6.0,0.01,0.01,0.01,0.01,0.0,0.0
1.0,5.0,0.01,0.01,0.01,0.01,0.0,0.0
1.0,2.0,0.01,0.01,0.01,0.01,0.0,0.0
12.0,31.0,0.01,0.01,0.01,0.01,40500.0,0.0
12.0,30.0,0.01,0.01,0.01,0.01,80500.0,0.0
12.0,29.0,0.01,0.01,0.01,0.01,0.0,0.0
12.0,26.0,0.01,0.01,0.01,0.01,0.0,0.0
12.0,24.0,0.01,0.01,0.01,0.01,0.0,0.0
12.0,23.0,0.01,0.01,0.01,0.01,4000.0,0.0
12.0,22.0,0.01,0.01,0.01,0.01,0.0,0.0
12.0,19.0,0.01,0.01,0.01,0.01,0.0,0.0
12.0,18.0,0.01,0.01,0.01,0.01,0.0,0.0
12.0,17.0,0.01,0.01,0.01,0.01,0.0,0.0
12.0,16.0,0.01,0.01,0.01,0.01,0.0,0.0
12.0,15.0,0.01,0.01,0.01,0.01,0.0,0.0
12.0,12.0,0.01,0.01,0.01,0.01,40400.0,0.0
12.0,11.0,0.01,0.01,0.01,0.01,0.0,0.0
12.0,10.0,0.01,0.01,0.01,0.01,0.0,0.0
12.0,9.0,0.01,0.01,0.01,0.01,0.0,0.0
12.0,8.0,0.01,0.01,0.01,0.01,0.0,0.0
12.0,5.0,0.01,0.01,0.01,0.01,11300.0,0.0
12.0,4.0,0.01,0.01,0.01,0.01,0.0,0.0
12.0,3.0,0.01,0.01,0.01,0.01,5000.0,0.0
12.0,2.0,0.01,0.01,0.01,0.01,0.0,0.0
12.0,1.0,0.01,0.01,0.01,0.01,0.0,0.0
11.0,28.0,0.01,0.01,0.01,0.01,0.0,0.0
11.0,26.0,0.01,0.01,0.01,0.01,0.0,0.0
11.0,25.0,0.01,0.01,0.01,0.01,0.0,0.0
11.0,24.0,0.01,0.01,0.01,0.01,0.0,0.0
11.0,21.0,0.01,0.01,0.01,0.01,0.0,0.0
11.0,20.0,0.01,0.01,0.01,0.01,0.0,0.0
11.0,19.0,0.01,0.01,0.01,0.01,0.0,0.0
11.0,18.0,0.01,0.01,0.01,0.01,30100.0,0.0
11.0,17.0,0.01,0.01,0.01,0.01,0.0,0.0
11.0,14.0,0.01,0.01,0.01,0.01,1000.0,0.0
11.0,13.0,0.01,0.01,0.01,0.01,75000.0,0.0
11.0,12.0,0.02,0.02,0.02,0.02,0.0,0.0
11.0,11.0,0.02,0.02,0.02,0.02,0.0,0.0
11.0,10.0,0.02,0.02,0.02,0.02,50000.0,0.0
11.0,7.0,0.02,0.02,0.02,0.02,0.0,0.0
11.0,6.0,0.02,0.02,0.02,0.02,0.0,0.0
11.0,5.0,0.02,0.02,0.02,0.02,0.0,0.0
11.0,4.0,0.02,0.02,0.02,0.02,20000.0,0.0
11.0,3.0,0.01,0.01,0.01,0.01,1000.0,0.0
10.0,31.0,0.01,0.01,0.01,0.01,29900.0,0.0
10.0,30.0,0.01,0.01,0.01,0.01,0.0,0.0
10.0,29.0,0.01,0.01,0.01,0.01,0.0,0.0
10.0,28.0,0.01,0.01,0.01,0.01,0.0,0.0
10.0,27.0,0.01,0.01,0.01,0.01,0.0,0.0
10.0,24.0,0.01,0.01,0.01,0.01,0.0,0.0
10.0,23.0,0.01,0.01,0.01,0.01,0.0,0.0
10.0,22.0,0.01,0.01,0.01,0.01,3000.0,0.0
10.0,21.0,0.01,0.01,0.01,0.01,0.0,0.0
10.0,20.0,0.01,0.01,0.01,0.01,0.0,0.0
10.0,17.0,0.01,0.01,0.01,0.01,0.0,0.0
10.0,16.0,0.01,0.01,0.01,0.01,0.0,0.0
10.0,15.0,0.01,0.01,0.01,0.01,0.0,0.0
10.0,14.0,0.01,0.01,0.01,0.01,0.0,0.0
10.0,13.0,0.01,0.01,0.01,0.01,0.0,0.0
10.0,10.0,0.01,0.01,0.01,0.01,0.0,0.0
10.0,9.0,0.01,0.01,0.01,0.01,0.0,0.0
10.0,8.0,0.01,0.01,0.01,0.01,0.0,0.0
10.0,7.0,0.01,0.01,0.01,0.01,0.0,0.0
10.0,6.0,0.01,0.01,0.01,0.01,4500.0,0.0
10.0,3.0,0.01,0.01,0.01,0.01,0.0,0.0
10.0,2.0,0.01,0.01,0.01,0.01,0.0,0.0
10.0,1.0,0.01,0.01,0.01,0.01,0.0,0.0
9.0,30.0,0.01,0.01,0.01,0.01,0.0,0.0
9.0,29.0,0.01,0.01,0.01,0.01,0.0,0.0
9.0,26.0,0.01,0.01,0.01,0.01,30000.0,0.0
9.0,25.0,0.01,0.01,0.01,0.01,0.0,0.0
9.0,24.0,0.01,0.01,0.01,0.01,0.0,0.0
9.0,23.0,0.01,0.01,0.01,0.01,0.0,0.0
9.0,22.0,0.01,0.01,0.01,0.01,0.0,0.0
9.0,19.0,0.01,0.01,0.01,0.01,200.0,0.0
9.0,18.0,0.03,0.03,0.03,0.03,0.0,0.0
9.0,17.0,0.03,0.03,0.03,0.03,0.0,0.0
9.0,16.0,0.03,0.03,0.03,0.03,0.0,0.0
9.0,15.0,0.03,0.03,0.03,0.03,0.0,0.0
9.0,12.0,0.03,0.03,0.03,0.03,0.0,0.0
9.0,11.0,0.03,0.03,0.03,0.03,6500.0,0.0
9.0,10.0,0.03,0.03,0.03,0.03,0.0,0.0
9.0,9.0,0.03,0.03,0.03,0.03,0.0,0.0
9.0,8.0,0.03,0.03,0.03,0.03,7000.0,0.0
9.0,5.0,0.02,0.02,0.02,0.02,11500.0,0.0
9.0,4.0,0.02,0.02,0.02,0.02,0.0,0.0
9.0,3.0,0.02,0.02,0.02,0.02,0.0,0.0
9.0,2.0,0.02,0.02,0.02,0.02,0.0,0.0
8.0,29.0,0.02,0.02,0.02,0.02,0.0,0.0
8.0,28.0,0.02,0.02,0.02,0.02,4000.0,0.0
8.0,27.0,0.02,0.02,0.02,0.02,9200.0,0.0
8.0,26.0,0.02,0.02,0.02,0.02,0.0,0.0
8.0,25.0,0.02,0.02,0.02,0.02,0.0,0.0
8.0,22.0,0.02,0.02,0.02,0.02,900.0,0.0
8.0,21.0,0.02,0.02,0.02,0.02,3000.0,0.0
8.0,20.0,0.02,0.02,0.02,0.02,2000.0,0.0
8.0,19.0,0.02,0.02,0.02,0.02,0.0,0.0
8.0,18.0,0.02,0.02,0.02,0.02,0.0,0.0
8.0,15.0,0.02,0.02,0.02,0.02,0.0,0.0
8.0,14.0,0.02,0.02,0.02,0.02,10000.0,0.0
8.0,13.0,0.02,0.02,0.02,0.02,0.0,0.0
8.0,12.0,0.02,0.02,0.02,0.02,10000.0,0.0
8.0,11.0,0.03,0.03,0.03,0.03,10900.0,0.0
8.0,8.0,0.02,0.02,0.02,0.02,0.0,0.0
8.0,7.0,0.02,0.02,0.02,0.02,0.0,0.0
8.0,6.0,0.02,0.02,0.02,0.02,0.0,0.0
8.0,5.0,0.02,0.02,0.02,0.02,0.0,0.0
8.0,4.0,0.02,0.02,0.02,0.02,0.0,0.0
8.0,1.0,0.02,0.02,0.02,0.02,10000.0,0.0
7.0,31.0,0.01,0.01,0.01,0.01,0.0,0.0
7.0,30.0,0.01,0.01,0.01,0.01,0.0,0.0
7.0,29.0,0.01,0.01,0.01,0.01,2000.0,0.0
7.0,28.0,0.02,0.03,0.02,0.03,23000.0,0.009999999999999998
7.0,25.0,0.02,0.02,0.02,0.02,0.0,0.0
7.0,24.0,0.02,0.02,0.02,0.02,0.0,0.0
7.0,23.0,0.02,0.02,0.02,0.02,0.0,0.0
7.0,22.0,0.02,0.02,0.02,0.02,200.0,0.0
7.0,21.0,0.01,0.01,0.01,0.01,0.0,0.0
7.0,18.0,0.01,0.01,0.01,0.01,0.0,0.0
7.0,17.0,0.01,0.01,0.01,0.01,76000.0,0.0
7.0,16.0,0.01,0.01,0.01,0.01,0.0,0.0
7.0,15.0,0.01,0.01,0.01,0.01,0.0,0.0
7.0,14.0,0.01,0.01,0.01,0.01,0.0,0.0
7.0,11.0,0.01,0.01,0.01,0.01,0.0,0.0
7.0,10.0,0.01,0.01,0.01,0.01,0.0,0.0
7.0,9.0,0.01,0.01,0.01,0.01,0.0,0.0
7.0,8.0,0.01,0.01,0.01,0.01,0.0,0.0
7.0,7.0,0.01,0.01,0.01,0.01,0.0,0.0
7.0,3.0,0.01,0.01,0.01,0.01,0.0,0.0
7.0,2.0,0.01,0.01,0.01,0.01,43500.0,0.0
7.0,1.0,0.02,0.02,0.02,0.02,0.0,0.0
6.0,30.0,0.02,0.02,0.02,0.02,0.0,0.0
6.0,27.0,0.02,0.02,0.02,0.02,0.0,0.0
6.0,26.0,0.02,0.02,0.02,0.02,0.0,0.0
6.0,25.0,0.02,0.02,0.02,0.02,0.0,0.0
6.0,24.0,0.02,0.02,0.02,0.02,0.0,0.0
6.0,23.0,0.02,0.02,0.02,0.02,0.0,0.0
6.0,20.0,0.02,0.02,0.02,0.02,0.0,0.0
6.0,19.0,0.02,0.02,0.02,0.02,0.0,0.0
6.0,18.0,0.02,0.02,0.02,0.02,0.0,0.0
6.0,17.0,0.02,0.02,0.02,0.02,20000.0,0.0
6.0,16.0,0.02,0.02,0.02,0.02,132000.0,0.0
6.0,13.0,0.02,0.02,0.01,0.02,110000.0,0.0
6.0,12.0,0.02,0.02,0.02,0.02,0.0,0.0
6.0,11.0,0.02,0.02,0.02,0.02,0.0,0.0
6.0,10.0,0.02,0.02,0.02,0.02,0.0,0.0
6.0,9.0,0.02,0.02,0.02,0.02,0.0,0.0
6.0,6.0,0.02,0.02,0.02,0.02,0.0,0.0
6.0,5.0,0.02,0.02,0.02,0.02,0.0,0.0
6.0,4.0,0.02,0.02,0.02,0.02,0.0,0.0
6.0,3.0,0.02,0.02,0.02,0.02,0.0,0.0
6.0,2.0,0.02,0.02,0.02,0.02,0.0,0.0
5.0,30.0,0.02,0.02,0.02,0.02,0.0,0.0
5.0,29.0,0.02,0.02,0.02,0.02,8800.0,0.0
5.0,28.0,0.02,0.02,0.02,0.02,3000.0,0.0
5.0,27.0,0.02,0.02,0.02,0.02,0.0,0.0
5.0,23.0,0.02,0.02,0.02,0.02,0.0,0.0
5.0,22.0,0.02,0.02,0.02,0.02,0.0,0.0
5.0,21.0,0.02,0.02,0.02,0.02,0.0,0.0
5.0,20.0,0.02,0.02,0.02,0.02,0.0,0.0
5.0,19.0,0.02,0.02,0.02,0.02,0.0,0.0
5.0,16.0,0.02,0.02,0.02,0.02,0.0,0.0
5.0,15.0,0.02,0.02,0.02,0.02,0.0,0.0
5.0,14.0,0.02,0.02,0.02,0.02,0.0,0.0
5.0,13.0,0.02,0.02,0.02,0.02,0.0,0.0
5.0,12.0,0.02,0.02,0.02,0.02,0.0,0.0
5.0,9.0,0.02,0.02,0.02,0.02,1700.0,0.0
5.0,8.0,0.03,0.03,0.03,0.03,0.0,0.0
5.0,7.0,0.02,0.03,0.02,0.03,5700.0,0.009999999999999998
5.0,6.0,0.02,0.02,0.02,0.02,0.0,0.0
5.0,5.0,0.02,0.02,0.02,0.02,0.0,0.0
5.0,2.0,0.02,0.02,0.02,0.02,0.0,0.0
5.0,1.0,0.02,0.02,0.02,0.02,0.0,0.0
4.0,30.0,0.02,0.02,0.02,0.02,0.0,0.0
4.0,29.0,0.02,0.02,0.02,0.02,0.0,0.0
4.0,28.0,0.02,0.02,0.02,0.02,0.0,0.0
4.0,25.0,0.02,0.02,0.02,0.02,8000.0,0.0
4.0,24.0,0.03,0.03,0.03,0.03,65400.0,0.0
4.0,23.0,0.02,0.02,0.02,0.02,0.0,0.0
4.0,22.0,0.02,0.02,0.02,0.02,100.0,0.0
4.0,21.0,0.03,0.03,0.03,0.03,10000.0,0.0
4.0,17.0,0.03,0.03,0.03,0.03,0.0,0.0
4.0,16.0,0.03,0.03,0.03,0.03,10000.0,0.0
4.0,15.0,0.03,0.03,0.03,0.03,0.0,0.0
4.0,14.0,0.03,0.03,0.03,0.03,0.0,0.0
4.0,11.0,0.03,0.03,0.03,0.03,0.0,0.0
4.0,10.0,0.03,0.03,0.03,0.03,0.0,0.0
4.0,9.0,0.03,0.03,0.03,0.03,0.0,0.0
4.0,8.0,0.03,0.03,0.03,0.03,15000.0,0.0
4.0,7.0,0.04,0.04,0.04,0.04,0.0,0.0
4.0,4.0,0.04,0.04,0.04,0.04,0.0,0.0
4.0,3.0,0.04,0.04,0.04,0.04,0.0,0.0
4.0,2.0,0.04,0.04,0.04,0.04,0.0,0.0
4.0,1.0,0.04,0.04,0.04,0.04,0.0,0.0
3.0,31.0,0.04,0.04,0.04,0.04,0.0,0.0
3.0,28.0,0.04,0.04,0.04,0.04,0.0,0.0
3.0,27.0,0.04,0.04,0.04,0.04,0.0,0.0
3.0,26.0,0.04,0.04,0.04,0.04,0.0,0.0
3.0,25.0,0.04,0.04,0.04,0.04,0.0,0.0
3.0,24.0,0.04,0.04,0.04,0.04,0.0,0.0
3.0,21.0,0.04,0.04,0.04,0.04,0.0,0.0
3.0,20.0,0.04,0.04,0.04,0.04,0.0,0.0
3.0,19.0,0.04,0.04,0.04,0.04,0.0,0.0
3.0,18.0,0.04,0.04,0.04,0.04,0.0,0.0
3.0,17.0,0.04,0.04,0.04,0.04,4000.0,0.0
3.0,14.0,0.03,0.03,0.03,0.03,11400.0,0.0
3.0,13.0,0.03,0.03,0.03,0.03,0.0,0.0
3.0,12.0,0.03,0.03,0.03,0.03,0.0,0.0
3.0,11.0,0.03,0.03,0.03,0.03,0.0,0.0
3.0,10.0,0.03,0.03,0.03,0.03,16600.0,0.0
3.0,7.0,0.03,0.03,0.03,0.03,0.0,0.0
3.0,6.0,0.03,0.03,0.03,0.03,60000.0,0.0
3.0,5.0,0.02,0.02,0.02,0.02,0.0,0.0
3.0,4.0,0.02,0.02,0.02,0.02,0.0,0.0
3.0,3.0,0.02,0.02,0.02,0.02,0.0,0.0
2.0,28.0,0.02,0.02,0.02,0.02,0.0,0.0
2.0,27.0,0.02,0.02,0.02,0.02,1000.0,0.0
2.0,26.0,0.03,0.03,0.03,0.03,0.0,0.0
2.0,25.0,0.03,0.03,0.03,0.03,6000.0,0.0
2.0,24.0,0.02,0.02,0.02,0.02,0.0,0.0
2.0,21.0,0.02,0.02,0.02,0.02,10000.0,0.0
2.0,20.0,0.02,0.02,0.02,0.02,500.0,0.0
2.0,19.0,0.03,0.03,0.02,0.03,83000.0,0.0
2.0,18.0,0.03,0.03,0.03,0.03,0.0,0.0
2.0,14.0,0.03,0.03,0.03,0.03,0.0,0.0
2.0,13.0,0.03,0.03,0.03,0.03,4000.0,0.0
2.0,12.0,0.03,0.03,0.03,0.03,0.0,0.0
2.0,11.0,0.02,0.03,0.02,0.03,21000.0,0.009999999999999998
2.0,10.0,0.02,0.02,0.02,0.02,102800.0,0.0
2.0,7.0,0.02,0.02,0.02,0.02,10000.0,0.0
2.0,6.0,0.02,0.02,0.02,0.02,0.0,0.0
2.0,5.0,0.02,0.02,0.02,0.02,0.0,0.0
2.0,4.0,0.02,0.02,0.02,0.02,0.0,0.0
2.0,3.0,0.02,0.02,0.02,0.02,0.0,0.0
1.0,31.0,0.02,0.02,0.02,0.02,0.0,0.0
1.0,30.0,0.02,0.02,0.02,0.02,0.0,0.0
1.0,29.0,0.02,0.02,0.02,0.02,0.0,0.0
1.0,28.0,0.02,0.02,0.02,0.02,10500.0,0.0
1.0,27.0,0.03,0.03,0.03,0.03,0.0,0.0
1.0,24.0,0.03,0.03,0.03,0.03,0.0,0.0
1.0,23.0,0.03,0.03,0.02,0.03,122600.0,0.0
1.0,22.0,0.03,0.03,0.03,0.03,0.0,0.0
1.0,21.0,0.03,0.03,0.03,0.03,1000.0,0.0
1.0,17.0,0.02,0.02,0.02,0.02,0.0,0.0
1.0,16.0,0.02,0.02,0.02,0.02,0.0,0.0
1.0,15.0,0.02,0.02,0.02,0.02,2000.0,0.0
1.0,14.0,0.02,0.02,0.02,0.02,0.0,0.0
1.0,13.0,0.02,0.02,0.02,0.02,6900.0,0.0
1.0,10.0,0.03,0.03,0.03,0.03,8400.0,0.0
1.0,9.0,0.03,0.03,0.03,0.03,0.0,0.0
1.0,8.0,0.03,0.03,0.03,0.03,5000.0,0.0
1.0,7.0,0.02,0.02,0.02,0.02,3300.0,0.0
1.0,6.0,0.02,0.02,0.02,0.02,0.0,0.0
1.0,3.0,0.02,0.02,0.02,0.02,0.0,0.0
1.0,2.0,0.02,0.02,0.02,0.02,7000.0,0.0
12.0,31.0,0.02,0.02,0.02,0.02,62300.0,0.0
12.0,30.0,0.02,0.02,0.02,0.02,3000.0,0.0
12.0,27.0,0.03,0.03,0.03,0.03,14100.0,0.0
12.0,26.0,0.02,0.03,0.02,0.03,38900.0,0.009999999999999998
12.0,24.0,0.01,0.01,0.01,0.01,0.0,0.0
12.0,23.0,0.01,0.01,0.01,0.01,0.0,0.0
12.0,20.0,0.01,0.01,0.01,0.01,0.0,0.0
12.0,19.0,0.02,0.03,0.01,0.01,31400.0,-0.01
12.0,18.0,0.02,0.02,0.02,0.02,0.0,0.0
12.0,17.0,0.02,0.02,0.02,0.02,0.0,0.0
12.0,16.0,0.02,0.02,0.02,0.02,0.0,0.0
12.0,13.0,0.02,0.02,0.02,0.02,0.0,0.0
12.0,12.0,0.02,0.02,0.02,0.02,500.0,0.0
12.0,11.0,0.03,0.03,0.03,0.03,4800.0,0.0
12.0,10.0,0.02,0.02,0.02,0.02,0.0,0.0
12.0,9.0,0.03,0.03,0.02,0.02,26000.0,-0.009999999999999998
12.0,6.0,0.02,0.02,0.02,0.02,0.0,0.0
12.0,5.0,0.02,0.02,0.02,0.02,6000.0,0.0
12.0,4.0,0.03,0.03,0.03,0.03,25000.0,0.0
12.0,3.0,0.02,0.02,0.02,0.02,1600.0,0.0
12.0,2.0,0.03,0.03,0.03,0.03,0.0,0.0
11.0,29.0,0.03,0.03,0.03,0.03,10000.0,0.0
11.0,27.0,0.02,0.02,0.02,0.02,0.0,0.0
11.0,26.0,0.02,0.02,0.02,0.02,7400.0,0.0
11.0,25.0,0.02,0.02,0.02,0.02,0.0,0.0
11.0,22.0,0.02,0.02,0.02,0.02,0.0,0.0
11.0,21.0,0.02,0.02,0.02,0.02,0.0,0.0
11.0,20.0,0.02,0.02,0.02,0.02,48100.0,0.0
11.0,19.0,0.03,0.03,0.03,0.03,0.0,0.0
11.0,18.0,0.02,0.03,0.02,0.03,22200.0,0.009999999999999998
11.0,15.0,0.02,0.02,0.02,0.02,900.0,0.0
11.0,14.0,0.02,0.02,0.02,0.02,0.0,0.0
11.0,13.0,0.02,0.02,0.02,0.02,0.0,0.0
11.0,12.0,0.02,0.02,0.02,0.02,0.0,0.0
11.0,11.0,0.02,0.02,0.02,0.02,0.0,0.0
11.0,8.0,0.02,0.02,0.02,0.02,0.0,0.0
11.0,7.0,0.02,0.02,0.02,0.02,3000.0,0.0
11.0,6.0,0.03,0.03,0.03,0.03,5000.0,0.0
11.0,5.0,0.04,0.04,0.03,0.03,45200.0,-0.010000000000000002
11.0,4.0,0.04,0.04,0.04,0.04,30000.0,0.0
11.0,1.0,0.04,0.04,0.04,0.04,0.0,0.0
10.0,31.0,0.03,0.04,0.03,0.04,212000.0,0.010000000000000002
10.0,30.0,0.03,0.03,0.03,0.03,50000.0,0.0
10.0,29.0,0.03,0.03,0.03,0.03,0.0,0.0
10.0,28.0,0.03,0.03,0.03,0.03,0.0,0.0
10.0,25.0,0.04,0.04,0.03,0.03,3000.0,-0.010000000000000002
10.0,24.0,0.03,0.03,0.03,0.03,8000.0,0.0
10.0,23.0,0.03,0.03,0.03,0.03,0.0,0.0
10.0,22.0,0.03,0.03,0.03,0.03,0.0,0.0
10.0,21.0,0.03,0.03,0.03,0.03,3000.0,0.0
10.0,18.0,0.03,0.03,0.03,0.03,0.0,0.0
10.0,17.0,0.03,0.03,0.03,0.03,0.0,0.0
10.0,16.0,0.03,0.03,0.03,0.03,30200.0,0.0
10.0,15.0,0.03,0.04,0.03,0.04,439000.0,0.010000000000000002
10.0,14.0,0.03,0.03,0.03,0.03,0.0,0.0
10.0,11.0,0.03,0.03,0.03,0.03,0.0,0.0
10.0,10.0,0.03,0.03,0.03,0.03,0.0,0.0
10.0,9.0,0.03,0.03,0.03,0.03,0.0,0.0
10.0,8.0,0.03,0.03,0.03,0.03,0.0,0.0
10.0,7.0,0.03,0.03,0.03,0.03,0.0,0.0
10.0,4.0,0.03,0.03,0.03,0.03,6000.0,0.0
10.0,3.0,0.03,0.03,0.03,0.03,0.0,0.0
10.0,2.0,0.03,0.03,0.03,0.03,0.0,0.0
10.0,1.0,0.03,0.03,0.03,0.03,0.0,0.0
9.0,30.0,0.03,0.03,0.03,0.03,5000.0,0.0
9.0,27.0,0.03,0.03,0.03,0.03,300.0,0.0
9.0,26.0,0.04,0.04,0.04,0.04,0.0,0.0
9.0,25.0,0.04,0.04,0.04,0.04,0.0,0.0
9.0,24.0,0.04,0.04,0.04,0.04,0.0,0.0
9.0,23.0,0.04,0.04,0.04,0.04,0.0,0.0
9.0,20.0,0.04,0.04,0.04,0.04,0.0,0.0
9.0,19.0,0.04,0.04,0.04,0.04,0.0,0.0
9.0,18.0,0.04,0.04,0.04,0.04,0.0,0.0
9.0,17.0,0.04,0.04,0.04,0.04,0.0,0.0
9.0,16.0,0.03,0.04,0.03,0.04,55300.0,0.010000000000000002
9.0,13.0,0.05,0.05,0.05,0.05,0.0,0.0
9.0,12.0,0.05,0.05,0.05,0.05,0.0,0.0
9.0,11.0,0.05,0.05,0.05,0.05,0.0,0.0
9.0,10.0,0.05,0.05,0.05,0.05,0.0,0.0
9.0,9.0,0.05,0.05,0.05,0.05,4500.0,0.0
9.0,6.0,0.05,0.05,0.05,0.05,12000.0,0.0
9.0,5.0,0.05,0.05,0.05,0.05,11500.0,0.0
9.0,4.0,0.03,0.04,0.03,0.04,60000.0,0.010000000000000002
9.0,3.0,0.03,0.03,0.03,0.03,6000.0,0.0
8.0,30.0,0.03,0.03,0.03,0.03,0.0,0.0
8.0,29.0,0.03,0.03,0.03,0.03,8500.0,0.0
8.0,28.0,0.03,0.03,0.03,0.03,0.0,0.0
8.0,27.0,0.03,0.03,0.03,0.03,0.0,0.0
8.0,26.0,0.03,0.03,0.03,0.03,0.0,0.0
8.0,23.0,0.03,0.03,0.03,0.03,0.0,0.0
8.0,22.0,0.03,0.03,0.03,0.03,0.0,0.0
8.0,21.0,0.03,0.03,0.03,0.03,0.0,0.0
8.0,20.0,0.03,0.03,0.03,0.03,0.0,0.0
8.0,19.0,0.03,0.03,0.03,0.03,0.0,0.0
8.0,16.0,0.03,0.03,0.03,0.03,0.0,0.0
8.0,15.0,0.03,0.03,0.03,0.03,6200.0,0.0
8.0,14.0,0.03,0.03,0.03,0.03,3000.0,0.0
8.0,13.0,0.02,0.02,0.02,0.02,0.0,0.0
8.0,12.0,0.02,0.02,0.02,0.02,700.0,0.0
8.0,9.0,0.03,0.03,0.03,0.03,500.0,0.0
8.0,8.0,0.03,0.03,0.03,0.03,0.0,0.0
8.0,7.0,0.03,0.03,0.03,0.03,0.0,0.0
8.0,6.0,0.03,0.03,0.03,0.03,0.0,0.0
8.0,5.0,0.03,0.03,0.03,0.03,0.0,0.0
8.0,2.0,0.03,0.03,0.03,0.03,15000.0,0.0
8.0,1.0,0.04,0.04,0.04,0.04,0.0,0.0
7.0,31.0,0.04,0.04,0.04,0.04,0.0,0.0
7.0,30.0,0.04,0.04,0.04,0.04,0.0,0.0
7.0,29.0,0.04,0.04,0.04,0.04,0.0,0.0
7.0,26.0,0.04,0.04,0.04,0.04,0.0,0.0
7.0,25.0,0.04,0.04,0.04,0.04,0.0,0.0
7.0,24.0,0.04,0.04,0.04,0.04,10000.0,0.0
7.0,23.0,0.03,0.03,0.03,0.03,0.0,0.0
7.0,22.0,0.04,0.04,0.03,0.03,32000.0,-0.010000000000000002
7.0,19.0,0.03,0.03,0.03,0.03,100000.0,0.0
7.0,18.0,0.03,0.03,0.03,0.03,0.0,0.0
7.0,17.0,0.03,0.03,0.03,0.03,0.0,0.0
7.0,16.0,0.03,0.03,0.03,0.03,0.0,0.0
7.0,15.0,0.03,0.03,0.03,0.03,0.0,0.0
7.0,12.0,0.03,0.03,0.03,0.03,5000.0,0.0
7.0,11.0,0.03,0.03,0.03,0.03,5000.0,0.0
7.0,10.0,0.03,0.03,0.03,0.03,0.0,0.0
7.0,9.0,0.03,0.03,0.03,0.03,0.0,0.0
7.0,8.0,0.03,0.03,0.03,0.03,54500.0,0.0
7.0,5.0,0.03,0.03,0.03,0.03,0.0,0.0
7.0,3.0,0.02,0.03,0.02,0.03,13000.0,0.009999999999999998
7.0,2.0,0.03,0.03,0.03,0.03,20000.0,0.0
7.0,1.0,0.03,0.03,0.03,0.03,500.0,0.0
6.0,28.0,0.03,0.03,0.03,0.03,1200.0,0.0
6.0,27.0,0.03,0.03,0.03,0.03,0.0,0.0
6.0,26.0,0.03,0.03,0.03,0.03,1200.0,0.0
6.0,25.0,0.03,0.03,0.03,0.03,0.0,0.0
6.0,24.0,0.03,0.03,0.03,0.03,0.0,0.0
6.0,21.0,0.03,0.03,0.03,0.03,0.0,0.0
6.0,20.0,0.03,0.04,0.03,0.03,86500.0,0.0
6.0,19.0,0.03,0.03,0.03,0.03,2700.0,0.0
6.0,18.0,0.03,0.03,0.03,0.03,0.0,0.0
6.0,17.0,0.03,0.03,0.03,0.03,2000.0,0.0
6.0,14.0,0.04,0.04,0.04,0.04,0.0,0.0
6.0,13.0,0.04,0.04,0.04,0.04,0.0,0.0
6.0,12.0,0.04,0.04,0.04,0.04,0.0,0.0
6.0,11.0,0.04,0.04,0.04,0.04,0.0,0.0
6.0,10.0,0.04,0.04,0.04,0.04,0.0,0.0
6.0,7.0,0.04,0.04,0.04,0.04,0.0,0.0
6.0,6.0,0.04,0.04,0.04,0.04,14000.0,0.0
6.0,5.0,0.05,0.05,0.05,0.05,0.0,0.0
6.0,4.0,0.05,0.05,0.05,0.05,30900.0,0.0
6.0,3.0,0.05,0.05,0.05,0.05,0.0,0.0
5.0,31.0,0.05,0.05,0.05,0.05,24700.0,0.0
5.0,30.0,0.03,0.03,0.03,0.03,6700.0,0.0
5.0,29.0,0.03,0.03,0.03,0.03,1100.0,0.0
5.0,28.0,0.03,0.04,0.02,0.04,150000.0,0.010000000000000002
5.0,24.0,0.03,0.03,0.03,0.03,23400.0,0.0
5.0,23.0,0.02,0.02,0.02,0.02,50500.0,0.0
5.0,22.0,0.03,0.03,0.02,0.02,5400.0,-0.009999999999999998
5.0,21.0,0.03,0.03,0.02,0.02,25000.0,-0.009999999999999998
5.0,20.0,0.02,0.02,0.02,0.02,0.0,0.0
5.0,17.0,0.02,0.02,0.02,0.02,0.0,0.0
5.0,16.0,0.02,0.02,0.02,0.02,0.0,0.0
5.0,15.0,0.02,0.02,0.02,0.02,0.0,0.0
5.0,14.0,0.02,0.02,0.02,0.02,300.0,0.0
5.0,13.0,0.02,0.03,0.02,0.03,9000.0,0.009999999999999998
5.0,10.0,0.04,0.04,0.04,0.04,0.0,0.0
5.0,9.0,0.04,0.04,0.04,0.04,0.0,0.0
5.0,8.0,0.04,0.04,0.04,0.04,0.0,0.0
5.0,7.0,0.04,0.04,0.04,0.04,0.0,0.0
5.0,6.0,0.04,0.04,0.04,0.04,6000.0,0.0
5.0,3.0,0.02,0.02,0.02,0.02,1100.0,0.0
5.0,2.0,0.03,0.03,0.03,0.03,0.0,0.0
5.0,1.0,0.03,0.03,0.03,0.03,0.0,0.0
4.0,30.0,0.03,0.03,0.03,0.03,0.0,0.0
4.0,29.0,0.03,0.03,0.03,0.03,0.0,0.0
4.0,26.0,0.03,0.04,0.03,0.03,21200.0,0.0
4.0,25.0,0.03,0.03,0.03,0.03,10100.0,0.0
4.0,24.0,0.03,0.04,0.03,0.04,18200.0,0.010000000000000002
4.0,23.0,0.02,0.02,0.02,0.02,1000.0,0.0
4.0,22.0,0.03,0.03,0.03,0.03,29000.0,0.0
4.0,19.0,0.04,0.04,0.04,0.04,0.0,0.0
4.0,18.0,0.04,0.04,0.03,0.04,9900.0,0.0
4.0,17.0,0.03,0.03,0.03,0.03,27800.0,0.0
4.0,16.0,0.04,0.04,0.03,0.03,174700.0,-0.010000000000000002
4.0,15.0,0.04,0.04,0.04,0.04,112500.0,0.0
4.0,12.0,0.04,0.04,0.04,0.04,0.0,0.0
4.0,11.0,0.04,0.04,0.04,0.04,0.0,0.0
4.0,10.0,0.04,0.05,0.04,0.04,7600.0,0.0
4.0,9.0,0.05,0.05,0.05,0.05,79000.0,0.0
4.0,8.0,0.05,0.05,0.05,0.05,76000.0,0.0
4.0,5.0,0.05,0.05,0.05,0.05,20000.0,0.0
4.0,4.0,0.05,0.05,0.05,0.05,0.0,0.0
4.0,3.0,0.05,0.05,0.05,0.05,151000.0,0.0
4.0,2.0,0.06,0.06,0.05,0.05,15000.0,-0.009999999999999995
4.0,1.0,0.06,0.06,0.06,0.06,25000.0,0.0
3.0,28.0,0.06,0.06,0.06,0.06,5000.0,0.0
3.0,27.0,0.06,0.06,0.06,0.06,0.0,0.0
3.0,26.0,0.06,0.06,0.06,0.06,0.0,0.0
3.0,25.0,0.05,0.06,0.05,0.06,34900.0,0.009999999999999995
3.0,22.0,0.05,0.06,0.05,0.06,10200.0,0.009999999999999995
3.0,21.0,0.06,0.06,0.06,0.06,2000.0,0.0
3.0,20.0,0.06,0.06,0.06,0.06,0.0,0.0
3.0,19.0,0.06,0.06,0.06,0.06,13000.0,0.0
3.0,18.0,0.06,0.06,0.06,0.06,112500.0,0.0
3.0,15.0,0.06,0.06,0.06,0.06,3800.0,0.0
3.0,14.0,0.06,0.06,0.06,0.06,0.0,0.0
3.0,13.0,0.07,0.07,0.06,0.06,19100.0,-0.010000000000000009
3.0,12.0,0.06,0.06,0.06,0.06,0.0,0.0
3.0,11.0,0.06,0.06,0.06,0.06,7500.0,0.0
3.0,8.0,0.07,0.07,0.06,0.07,13200.0,0.0
3.0,7.0,0.07,0.07,0.07,0.07,21900.0,0.0
3.0,6.0,0.06,0.07,0.06,0.07,8000.0,0.010000000000000009
3.0,5.0,0.07,0.07,0.07,0.07,10000.0,0.0
3.0,4.0,0.07,0.07,0.07,0.07,17000.0,0.0
3.0,1.0,0.07,0.07,0.07,0.07,96000.0,0.0
2.0,28.0,0.07,0.07,0.07,0.07,8500.0,0.0
2.0,27.0,0.07,0.08,0.07,0.07,30000.0,0.0
2.0,26.0,0.07,0.07,0.07,0.07,0.0,0.0
2.0,25.0,0.08,0.08,0.07,0.07,24400.0,-0.009999999999999995
2.0,22.0,0.08,0.08,0.07,0.07,18400.0,-0.009999999999999995
2.0,21.0,0.07,0.07,0.07,0.07,2800.0,0.0
2.0,20.0,0.07,0.08,0.07,0.07,20000.0,0.0
2.0,19.0,0.07,0.07,0.06,0.06,30600.0,-0.010000000000000009
2.0,15.0,0.07,0.09,0.07,0.07,101300.0,0.0
2.0,14.0,0.05,0.08,0.05,0.07,217600.0,0.020000000000000004
2.0,13.0,0.05,0.05,0.05,0.05,0.0,0.0
2.0,12.0,0.05,0.05,0.05,0.05,30000.0,0.0
2.0,11.0,0.05,0.05,0.05,0.05,0.0,0.0
2.0,8.0,0.05,0.05,0.05,0.05,0.0,0.0
2.0,7.0,0.05,0.05,0.05,0.05,0.0,0.0
2.0,6.0,0.05,0.05,0.05,0.05,0.0,0.0
2.0,5.0,0.05,0.05,0.05,0.05,34000.0,0.0
2.0,4.0,0.05,0.05,0.05,0.05,7500.0,0.0
2.0,1.0,0.04,0.04,0.04,0.04,95000.0,0.0
1.0,31.0,0.05,0.05,0.05,0.05,0.0,0.0
1.0,30.0,0.05,0.05,0.05,0.05,84000.0,0.0
1.0,29.0,0.06,0.06,0.06,0.06,0.0,0.0
1.0,28.0,0.05,0.06,0.05,0.06,28000.0,0.009999999999999995
1.0,25.0,0.04,0.05,0.04,0.05,20000.0,0.010000000000000002
1.0,24.0,0.05,0.05,0.05,0.05,0.0,0.0
1.0,23.0,0.05,0.05,0.05,0.05,0.0,0.0
1.0,22.0,0.05,0.05,0.05,0.05,0.0,0.0
1.0,18.0,0.05,0.05,0.05,0.05,0.0,0.0
1.0,17.0,0.05,0.05,0.05,0.05,0.0,0.0
1.0,16.0,0.05,0.05,0.05,0.05,0.0,0.0
1.0,15.0,0.05,0.05,0.05,0.05,0.0,0.0
1.0,14.0,0.05,0.05,0.05,0.05,0.0,0.0
1.0,11.0,0.05,0.05,0.05,0.05,0.0,0.0
1.0,10.0,0.06,0.06,0.05,0.05,7900.0,-0.009999999999999995
1.0,9.0,0.05,0.05,0.05,0.05,14700.0,0.0
1.0,8.0,0.04,0.04,0.04,0.04,0.0,0.0
1.0,7.0,0.04,0.04,0.04,0.04,0.0,0.0
1.0,4.0,0.04,0.04,0.04,0.04,300.0,0.0
1.0,3.0,0.05,0.05,0.04,0.04,16400.0,-0.010000000000000002
1.0,2.0,0.06,0.06,0.05,0.05,88200.0,-0.009999999999999995
12.0,31.0,0.05,0.06,0.05,0.06,13000.0,0.009999999999999995
12.0,28.0,0.06,0.06,0.05,0.05,10000.0,-0.009999999999999995
12.0,27.0,0.05,0.05,0.05,0.05,0.0,0.0
12.0,26.0,0.05,0.05,0.05,0.05,2300.0,0.0
12.0,24.0,0.06,0.06,0.06,0.06,0.0,0.0
12.0,21.0,0.05,0.06,0.05,0.06,66000.0,0.009999999999999995
12.0,20.0,0.06,0.06,0.06,0.06,0.0,0.0
12.0,19.0,0.06,0.06,0.06,0.06,800.0,0.0
12.0,18.0,0.05,0.05,0.05,0.05,200.0,0.0
12.0,17.0,0.06,0.06,0.06,0.06,0.0,0.0
12.0,14.0,0.06,0.06,0.06,0.06,0.0,0.0
12.0,13.0,0.06,0.06,0.06,0.06,17000.0,0.0
12.0,12.0,0.05,0.05,0.05,0.05,30000.0,0.0
12.0,11.0,0.06,0.06,0.06,0.06,0.0,0.0
12.0,10.0,0.06,0.06,0.06,0.06,0.0,0.0
12.0,7.0,0.06,0.06,0.06,0.06,76000.0,0.0
12.0,6.0,0.06,0.06,0.06,0.06,0.0,0.0
12.0,5.0,0.06,0.06,0.06,0.06,0.0,0.0
12.0,4.0,0.06,0.06,0.06,0.06,10000.0,0.0
12.0,3.0,0.07,0.07,0.07,0.07,2500.0,0.0
11.0,30.0,0.07,0.07,0.07,0.07,12000.0,0.0
11.0,29.0,0.07,0.07,0.07,0.07,0.0,0.0
11.0,28.0,0.07,0.07,0.07,0.07,0.0,0.0
11.0,27.0,0.07,0.07,0.07,0.07,0.0,0.0
11.0,26.0,0.07,0.07,0.07,0.07,0.0,0.0
11.0,23.0,0.07,0.07,0.07,0.07,44000.0,0.0
11.0,21.0,0.06,0.06,0.06,0.06,99000.0,0.0
11.0,20.0,0.06,0.06,0.06,0.06,4000.0,0.0
11.0,19.0,0.06,0.06,0.06,0.06,0.0,0.0
11.0,16.0,0.06,0.06,0.06,0.06,0.0,0.0
11.0,15.0,0.05,0.06,0.05,0.06,8800.0,0.009999999999999995
11.0,14.0,0.07,0.07,0.07,0.07,42000.0,0.0
11.0,13.0,0.07,0.07,0.07,0.07,0.0,0.0
11.0,12.0,0.07,0.07,0.07,0.07,0.0,0.0
11.0,9.0,0.05,0.07,0.05,0.07,36000.0,0.020000000000000004
11.0,8.0,0.06,0.06,0.06,0.06,16400.0,0.0
11.0,7.0,0.07,0.07,0.07,0.07,0.0,0.0
11.0,6.0,0.07,0.07,0.07,0.07,0.0,0.0
11.0,5.0,0.06,0.07,0.06,0.07,79000.0,0.010000000000000009
11.0,2.0,0.06,0.06,0.06,0.06,0.0,0.0
11.0,1.0,0.06,0.06,0.06,0.06,61000.0,0.0
10.0,31.0,0.07,0.07,0.07,0.07,0.0,0.0
10.0,26.0,0.07,0.07,0.07,0.07,23500.0,0.0
10.0,25.0,0.07,0.07,0.07,0.07,0.0,0.0
10.0,24.0,0.06,0.07,0.06,0.07,15800.0,0.010000000000000009
10.0,23.0,0.07,0.07,0.07,0.07,0.0,0.0
10.0,22.0,0.07,0.07,0.07,0.07,12000.0,0.0
10.0,19.0,0.07,0.07,0.07,0.07,0.0,0.0
10.0,18.0,0.07,0.07,0.07,0.07,7400.0,0.0
10.0,17.0,0.06,0.07,0.06,0.07,52000.0,0.010000000000000009
10.0,16.0,0.06,0.06,0.06,0.06,25000.0,0.0
10.0,15.0,0.07,0.08,0.06,0.08,106000.0,0.009999999999999995
10.0,12.0,0.06,0.06,0.06,0.06,0.0,0.0
10.0,11.0,0.06,0.06,0.06,0.06,0.0,0.0
10.0,10.0,0.06,0.06,0.06,0.06,0.0,0.0
10.0,9.0,0.07,0.07,0.06,0.06,99000.0,-0.010000000000000009
10.0,8.0,0.07,0.07,0.07,0.07,10000.0,0.0
10.0,5.0,0.07,0.07,0.07,0.07,50000.0,0.0
10.0,4.0,0.07,0.07,0.07,0.07,17500.0,0.0
10.0,3.0,0.07,0.07,0.07,0.07,35000.0,0.0
10.0,2.0,0.07,0.07,0.07,0.07,10000.0,0.0
10.0,1.0,0.07,0.07,0.07,0.07,0.0,0.0
9.0,28.0,0.07,0.07,0.07,0.07,0.0,0.0
9.0,27.0,0.07,0.07,0.07,0.07,0.0,0.0
9.0,26.0,0.08,0.08,0.07,0.07,50000.0,-0.009999999999999995
9.0,25.0,0.07,0.07,0.07,0.07,7500.0,0.0
9.0,24.0,0.07,0.07,0.07,0.07,0.0,0.0
9.0,21.0,0.07,0.07,0.07,0.07,114000.0,0.0
9.0,20.0,0.08,0.08,0.07,0.07,27600.0,-0.009999999999999995
9.0,19.0,0.08,0.08,0.08,0.08,13000.0,0.0
9.0,18.0,0.08,0.08,0.07,0.07,25400.0,-0.009999999999999995
9.0,17.0,0.08,0.08,0.07,0.08,45000.0,0.0
9.0,14.0,0.09,0.09,0.07,0.08,340400.0,-0.009999999999999995
9.0,13.0,0.08,0.08,0.08,0.08,33500.0,0.0
9.0,12.0,0.08,0.08,0.07,0.08,165700.0,0.0
9.0,11.0,0.09,0.09,0.08,0.08,17000.0,-0.009999999999999995
9.0,10.0,0.09,0.09,0.09,0.09,106000.0,0.0
9.0,7.0,0.08,0.08,0.08,0.08,55000.0,0.0
9.0,6.0,0.08,0.08,0.07,0.07,231300.0,-0.009999999999999995
9.0,5.0,0.08,0.09,0.08,0.09,34100.0,0.009999999999999995
9.0,4.0,0.09,0.09,0.08,0.08,28200.0,-0.009999999999999995
8.0,31.0,0.08,0.09,0.08,0.09,190600.0,0.009999999999999995
8.0,30.0,0.08,0.09,0.07,0.07,37600.0,-0.009999999999999995
8.0,29.0,0.08,0.08,0.08,0.08,0.0,0.0
8.0,28.0,0.08,0.08,0.08,0.08,0.0,0.0
8.0,27.0,0.09,0.09,0.08,0.08,7400.0,-0.009999999999999995
8.0,24.0,0.07,0.08,0.07,0.08,17900.0,0.009999999999999995
8.0,23.0,0.09,0.09,0.09,0.09,0.0,0.0
8.0,22.0,0.09,0.09,0.09,0.09,0.0,0.0
8.0,21.0,0.09,0.09,0.07,0.09,48000.0,0.0
8.0,20.0,0.08,0.08,0.08,0.08,65700.0,0.0
8.0,17.0,0.09,0.09,0.08,0.08,79900.0,-0.009999999999999995
8.0,16.0,0.09,0.09,0.08,0.08,122000.0,-0.009999999999999995
8.0,15.0,0.09,0.09,0.09,0.09,20000.0,0.0
8.0,14.0,0.09,0.09,0.09,0.09,10000.0,0.0
8.0,13.0,0.09,0.1,0.08,0.09,131800.0,0.0
8.0,10.0,0.11,0.11,0.09,0.1,87500.0,-0.009999999999999995
8.0,9.0,0.11,0.11,0.1,0.11,30300.0,0.0
8.0,8.0,0.11,0.12,0.1,0.11,197700.0,0.0
8.0,7.0,0.09,0.09,0.09,0.09,17000.0,0.0
8.0,6.0,0.1,0.1,0.1,0.1,8100.0,0.0
8.0,3.0,0.1,0.1,0.1,0.1,0.0,0.0
8.0,2.0,0.1,0.1,0.1,0.1,0.0,0.0
8.0,1.0,0.1,0.1,0.1,0.1,1800.0,0.0
7.0,31.0,0.09,0.1,0.09,0.1,18000.0,0.010000000000000009
7.0,30.0,0.08,0.08,0.08,0.08,7900.0,0.0
7.0,27.0,0.08,0.08,0.08,0.08,1500.0,0.0
7.0,26.0,0.08,0.08,0.08,0.08,28300.0,0.0
7.0,25.0,0.07,0.07,0.07,0.07,30000.0,0.0
7.0,24.0,0.08,0.08,0.06,0.07,98000.0,-0.009999999999999995
7.0,23.0,0.06,0.07,0.05,0.07,248400.0,0.010000000000000009
7.0,20.0,0.08,0.08,0.06,0.06,256900.0,-0.020000000000000004
7.0,19.0,0.09,0.09,0.08,0.08,18200.0,-0.009999999999999995
7.0,18.0,0.09,0.09,0.09,0.09,7700.0,0.0
7.0,17.0,0.1,0.1,0.1,0.1,54400.0,0.0
7.0,16.0,0.1,0.1,0.1,0.1,14600.0,0.0
7.0,13.0,0.11,0.11,0.1,0.1,6600.0,-0.009999999999999995
7.0,12.0,0.11,0.11,0.1,0.11,123300.0,0.0
7.0,11.0,0.1,0.13,0.1,0.11,462100.0,0.009999999999999995
7.0,10.0,0.08,0.08,0.08,0.08,0.0,0.0
7.0,9.0,0.08,0.08,0.08,0.08,0.0,0.0
7.0,6.0,0.08,0.08,0.08,0.08,0.0,0.0
7.0,5.0,0.08,0.08,0.08,0.08,200.0,0.0
7.0,3.0,0.09,0.09,0.09,0.09,0.0,0.0
7.0,2.0,0.09,0.09,0.09,0.09,0.0,0.0
6.0,29.0,0.09,0.09,0.09,0.09,0.0,0.0
6.0,28.0,0.08,0.09,0.08,0.09,92500.0,0.009999999999999995
6.0,27.0,0.05,0.05,0.05,0.05,0.0,0.0
6.0,26.0,0.05,0.05,0.05,0.05,0.0,0.0
6.0,25.0,0.05,0.05,0.05,0.05,0.0,0.0
6.0,22.0,0.05,0.05,0.05,0.05,0.0,0.0
6.0,21.0,0.05,0.05,0.05,0.05,0.0,0.0
6.0,20.0,0.05,0.05,0.05,0.05,1200.0,0.0
6.0,19.0,0.07,0.07,0.07,0.07,20000.0,0.0
6.0,18.0,0.07,0.07,0.07,0.07,0.0,0.0
6.0,15.0,0.07,0.07,0.07,0.07,0.0,0.0
6.0,14.0,0.07,0.07,0.07,0.07,0.0,0.0
6.0,13.0,0.07,0.07,0.07,0.07,0.0,0.0
6.0,12.0,0.06,0.07,0.06,0.07,29000.0,0.010000000000000009
6.0,11.0,0.07,0.07,0.07,0.07,5000.0,0.0
6.0,8.0,0.06,0.06,0.05,0.05,10000.0,-0.009999999999999995
6.0,7.0,0.05,0.05,0.05,0.05,0.0,0.0
6.0,6.0,0.05,0.05,0.05,0.05,0.0,0.0
6.0,5.0,0.07,0.07,0.05,0.05,40000.0,-0.020000000000000004
6.0,4.0,0.07,0.07,0.07,0.07,0.0,0.0
6.0,1.0,0.07,0.07,0.07,0.07,700.0,0.0
5.0,31.0,0.05,0.05,0.05,0.05,0.0,0.0
5.0,30.0,0.05,0.05,0.05,0.05,18100.0,0.0
5.0,29.0,0.05,0.05,0.05,0.05,0.0,0.0
5.0,25.0,0.05,0.05,0.05,0.05,5000.0,0.0
5.0,24.0,0.06,0.06,0.06,0.06,0.0,0.0
5.0,23.0,0.06,0.06,0.06,0.06,0.0,0.0
5.0,22.0,0.06,0.06,0.06,0.06,0.0,0.0
5.0,21.0,0.07,0.08,0.06,0.06,54000.0,-0.010000000000000009
5.0,18.0,0.06,0.07,0.06,0.07,46000.0,0.010000000000000009
5.0,17.0,0.06,0.06,0.06,0.06,0.0,0.0
5.0,16.0,0.06,0.06,0.06,0.06,32000.0,0.0
5.0,15.0,0.08,0.08,0.06,0.06,47000.0,-0.020000000000000004
5.0,14.0,0.06,0.06,0.06,0.06,0.0,0.0
5.0,11.0,0.06,0.06,0.06,0.06,0.0,0.0
5.0,10.0,0.06,0.06,0.06,0.06,0.0,0.0
5.0,9.0,0.06,0.06,0.06,0.06,0.0,0.0
5.0,8.0,0.07,0.07,0.06,0.06,50500.0,-0.010000000000000009
5.0,7.0,0.07,0.07,0.07,0.07,0.0,0.0
5.0,4.0,0.07,0.07,0.07,0.07,0.0,0.0
5.0,3.0,0.07,0.07,0.07,0.07,0.0,0.0
5.0,2.0,0.07,0.07,0.07,0.07,0.0,0.0
5.0,1.0,0.07,0.07,0.07,0.07,100000.0,0.0
4.0,30.0,0.08,0.08,0.08,0.08,0.0,0.0
4.0,27.0,0.08,0.08,0.08,0.08,0.0,0.0
4.0,26.0,0.08,0.08,0.08,0.08,3500.0,0.0
4.0,25.0,0.08,0.08,0.08,0.08,0.0,0.0
4.0,24.0,0.08,0.08,0.08,0.08,0.0,0.0
4.0,23.0,0.08,0.08,0.08,0.08,10000.0,0.0
4.0,20.0,0.08,0.08,0.08,0.08,0.0,0.0
4.0,19.0,0.08,0.08,0.08,0.08,0.0,0.0
4.0,18.0,0.08,0.08,0.08,0.08,9200.0,0.0
4.0,17.0,0.08,0.08,0.08,0.08,9000.0,0.0
4.0,16.0,0.08,0.08,0.08,0.08,0.0,0.0
4.0,13.0,0.08,0.08,0.08,0.08,10000.0,0.0
4.0,12.0,0.08,0.08,0.08,0.08,0.0,0.0
4.0,11.0,0.08,0.08,0.08,0.08,900.0,0.0
4.0,10.0,0.08,0.09,0.08,0.08,35000.0,0.0
4.0,9.0,0.09,0.09,0.09,0.09,1900.0,0.0
4.0,5.0,0.1,0.1,0.1,0.1,0.0,0.0
4.0,4.0,0.1,0.1,0.1,0.1,12000.0,0.0
4.0,3.0,0.1,0.1,0.1,0.1,0.0,0.0
4.0,2.0,0.11,0.11,0.1,0.1,6000.0,-0.009999999999999995
3.0,30.0,0.1,0.1,0.1,0.1,0.0,0.0
3.0,29.0,0.1,0.1,0.1,0.1,117500.0,0.0
3.0,28.0,0.09,0.09,0.09,0.09,0.0,0.0
3.0,27.0,0.09,0.09,0.09,0.09,0.0,0.0
3.0,26.0,0.09,0.09,0.09,0.09,20000.0,0.0
3.0,23.0,0.08,0.08,0.08,0.08,0.0,0.0
3.0,22.0,0.08,0.08,0.08,0.08,10000.0,0.0
3.0,21.0,0.1,0.1,0.1,0.1,0.0,0.0
3.0,20.0,0.09,0.1,0.09,0.1,82000.0,0.010000000000000009
3.0,19.0,0.1,0.11,0.1,0.11,16000.0,0.009999999999999995
3.0,16.0,0.1,0.1,0.1,0.1,10000.0,0.0
3.0,15.0,0.1,0.1,0.1,0.1,15000.0,0.0
3.0,14.0,0.1,0.1,0.09,0.09,138000.0,-0.010000000000000009
3.0,13.0,0.1,0.1,0.1,0.1,109000.0,0.0
3.0,12.0,0.11,0.11,0.1,0.1,123000.0,-0.009999999999999995
3.0,9.0,0.11,0.12,0.11,0.11,167500.0,0.0
3.0,8.0,0.11,0.11,0.11,0.11,86000.0,0.0
3.0,7.0,0.11,0.11,0.11,0.11,0.0,0.0
3.0,6.0,0.11,0.11,0.11,0.11,0.0,0.0
3.0,5.0,0.1,0.12,0.1,0.11,154000.0,0.009999999999999995
3.0,2.0,0.1,0.1,0.1,0.1,8000.0,0.0
3.0,1.0,0.11,0.11,0.1,0.1,358400.0,-0.009999999999999995
2.0,29.0,0.11,0.11,0.1,0.1,134100.0,-0.009999999999999995
2.0,28.0,0.12,0.12,0.12,0.12,10000.0,0.0
2.0,27.0,0.11,0.11,0.11,0.11,0.0,0.0
2.0,24.0,0.11,0.11,0.11,0.11,0.0,0.0
2.0,23.0,0.11,0.11,0.11,0.11,20000.0,0.0
2.0,22.0,0.1,0.1,0.1,0.1,100.0,0.0
2.0,21.0,0.12,0.12,0.12,0.12,21500.0,0.0
2.0,17.0,0.12,0.12,0.11,0.12,75000.0,0.0
2.0,16.0,0.11,0.11,0.11,0.11,6000.0,0.0
2.0,15.0,0.11,0.11,0.11,0.11,0.0,0.0
2.0,14.0,0.11,0.11,0.11,0.11,0.0,0.0
2.0,13.0,0.11,0.11,0.11,0.11,5200.0,0.0
2.0,10.0,0.12,0.12,0.12,0.12,0.0,0.0
2.0,9.0,0.12,0.12,0.12,0.12,0.0,0.0
2.0,8.0,0.12,0.12,0.12,0.12,0.0,0.0
2.0,7.0,0.12,0.12,0.12,0.12,21000.0,0.0
2.0,6.0,0.1,0.1,0.1,0.1,0.0,0.0
2.0,3.0,0.1,0.1,0.1,0.1,4200.0,0.0
2.0,2.0,0.11,0.11,0.11,0.11,3200.0,0.0
2.0,1.0,0.11,0.12,0.11,0.12,20100.0,0.009999999999999995
1.0,31.0,0.1,0.11,0.1,0.11,50000.0,0.009999999999999995
1.0,30.0,0.1,0.1,0.1,0.1,0.0,0.0
1.0,27.0,0.1,0.1,0.1,0.1,0.0,0.0
1.0,26.0,0.1,0.1,0.1,0.1,69000.0,0.0
1.0,25.0,0.09,0.09,0.09,0.09,3000.0,0.0
1.0,24.0,0.1,0.1,0.1,0.1,3000.0,0.0
1.0,23.0,0.09,0.1,0.09,0.1,2200.0,0.010000000000000009
1.0,20.0,0.1,0.1,0.1,0.1,0.0,0.0
1.0,19.0,0.1,0.1,0.1,0.1,0.0,0.0
1.0,18.0,0.1,0.1,0.1,0.1,400.0,0.0
1.0,17.0,0.09,0.1,0.09,0.1,18900.0,0.010000000000000009
1.0,13.0,0.1,0.1,0.1,0.1,25800.0,0.0
1.0,12.0,0.1,0.1,0.1,0.1,28900.0,0.0
1.0,11.0,0.1,0.1,0.1,0.1,1000.0,0.0
1.0,10.0,0.1,0.1,0.1,0.1,900.0,0.0
1.0,9.0,0.1,0.1,0.1,0.1,0.0,0.0
1.0,6.0,0.1,0.1,0.1,0.1,0.0,0.0
1.0,5.0,0.1,0.1,0.1,0.1,2500.0,0.0
1.0,4.0,0.11,0.11,0.11,0.11,500.0,0.0
1.0,3.0,0.1,0.11,0.1,0.11,10400.0,0.009999999999999995
12.0,30.0,0.11,0.12,0.11,0.12,46600.0,0.009999999999999995
12.0,29.0,0.1,0.1,0.1,0.1,0.0,0.0
12.0,28.0,0.1,0.1,0.1,0.1,12500.0,0.0
12.0,27.0,0.1,0.1,0.1,0.1,30000.0,0.0
12.0,23.0,0.1,0.12,0.1,0.12,33500.0,0.01999999999999999
12.0,22.0,0.11,0.11,0.11,0.11,117600.0,0.0
12.0,21.0,0.12,0.12,0.11,0.11,12200.0,-0.009999999999999995
12.0,20.0,0.12,0.12,0.12,0.12,38500.0,0.0
12.0,19.0,0.11,0.11,0.1,0.1,5900.0,-0.009999999999999995
12.0,16.0,0.12,0.12,0.11,0.11,32000.0,-0.009999999999999995
12.0,15.0,0.11,0.13,0.11,0.13,65300.0,0.020000000000000004
12.0,14.0,0.12,0.12,0.12,0.12,0.0,0.0
12.0,13.0,0.12,0.12,0.12,0.12,4700.0,0.0
12.0,12.0,0.12,0.12,0.12,0.12,28000.0,0.0
12.0,9.0,0.12,0.12,0.12,0.12,40000.0,0.0
12.0,8.0,0.12,0.13,0.11,0.11,7800.0,-0.009999999999999995
12.0,7.0,0.12,0.12,0.12,0.12,38000.0,0.0
12.0,6.0,0.13,0.13,0.12,0.12,4800.0,-0.010000000000000009
12.0,5.0,0.14,0.14,0.14,0.14,0.0,0.0
12.0,2.0,0.14,0.14,0.14,0.14,44100.0,0.0
12.0,1.0,0.14,0.14,0.13,0.14,14200.0,0.0
11.0,30.0,0.14,0.14,0.12,0.12,10400.0,-0.020000000000000018
11.0,29.0,0.14,0.14,0.13,0.14,34400.0,0.0
11.0,28.0,0.14,0.14,0.12,0.12,136300.0,-0.020000000000000018
11.0,25.0,0.13,0.13,0.13,0.13,7000.0,0.0
11.0,23.0,0.13,0.13,0.13,0.13,55100.0,0.0
11.0,22.0,0.14,0.14,0.14,0.14,900.0,0.0
11.0,21.0,0.14,0.15,0.14,0.15,237100.0,0.009999999999999981
11.0,18.0,0.15,0.15,0.15,0.15,50000.0,0.0
11.0,17.0,0.15,0.15,0.15,0.15,50000.0,0.0
11.0,16.0,0.15,0.15,0.15,0.15,90500.0,0.0
11.0,15.0,0.15,0.15,0.15,0.15,10000.0,0.0
11.0,14.0,0.14,0.15,0.14,0.14,11500.0,0.0
11.0,11.0,0.13,0.13,0.13,0.13,6200.0,0.0
11.0,10.0,0.14,0.14,0.14,0.14,41600.0,0.0
11.0,9.0,0.14,0.14,0.14,0.14,0.0,0.0
11.0,8.0,0.14,0.14,0.14,0.14,300.0,0.0
11.0,7.0,0.14,0.14,0.14,0.14,26000.0,0.0
11.0,4.0,0.15,0.16,0.14,0.14,244600.0,-0.009999999999999981
11.0,3.0,0.14,0.15,0.14,0.15,284200.0,0.009999999999999981
11.0,2.0,0.14,0.15,0.13,0.14,458800.0,0.0
11.0,1.0,0.15,0.15,0.13,0.14,115700.0,-0.009999999999999981
10.0,31.0,0.19,0.19,0.15,0.15,424400.0,-0.04000000000000001
10.0,28.0,0.1,0.2,0.1,0.2,405800.0,0.1
10.0,27.0,0.12,0.12,0.11,0.12,25000.0,0.0
10.0,26.0,0.12,0.12,0.11,0.11,26000.0,-0.009999999999999995
10.0,25.0,0.11,0.12,0.11,0.12,57000.0,0.009999999999999995
10.0,24.0,0.11,0.11,0.11,0.11,37800.0,0.0
10.0,21.0,0.11,0.11,0.11,0.11,2900.0,0.0
10.0,20.0,0.1,0.1,0.1,0.1,1000.0,0.0
10.0,19.0,0.09,0.09,0.09,0.09,0.0,0.0
10.0,18.0,0.09,0.09,0.09,0.09,0.0,0.0
10.0,17.0,0.1,0.1,0.09,0.09,25000.0,-0.010000000000000009
10.0,14.0,0.08,0.08,0.08,0.08,40000.0,0.0
10.0,13.0,0.08,0.08,0.08,0.08,0.0,0.0
10.0,12.0,0.08,0.08,0.08,0.08,0.0,0.0
10.0,11.0,0.09,0.09,0.08,0.08,58000.0,-0.009999999999999995
10.0,10.0,0.1,0.1,0.1,0.1,5000.0,0.0
10.0,7.0,0.07,0.07,0.07,0.07,0.0,0.0
10.0,6.0,0.07,0.07,0.07,0.07,0.0,0.0
10.0,5.0,0.07,0.07,0.07,0.07,0.0,0.0
10.0,4.0,0.07,0.07,0.07,0.07,0.0,0.0
10.0,3.0,0.1,0.1,0.07,0.07,60400.0,-0.03
9.0,30.0,0.1,0.1,0.1,0.1,20000.0,0.0
9.0,29.0,0.1,0.1,0.1,0.1,20000.0,0.0
9.0,28.0,0.11,0.11,0.11,0.11,40000.0,0.0
9.0,27.0,0.12,0.12,0.12,0.12,0.0,0.0
9.0,26.0,0.12,0.12,0.12,0.12,100000.0,0.0
9.0,23.0,0.12,0.12,0.12,0.12,15900.0,0.0
9.0,22.0,0.12,0.12,0.12,0.12,3500.0,0.0
9.0,21.0,0.08,0.08,0.08,0.08,0.0,0.0
9.0,20.0,0.08,0.08,0.08,0.08,0.0,0.0
9.0,19.0,0.08,0.08,0.08,0.08,0.0,0.0
9.0,16.0,0.08,0.08,0.08,0.08,0.0,0.0
9.0,15.0,0.08,0.08,0.08,0.08,0.0,0.0
9.0,14.0,0.08,0.08,0.08,0.08,0.0,0.0
9.0,13.0,0.09,0.11,0.08,0.08,636600.0,-0.009999999999999995
9.0,12.0,0.14,0.15,0.08,0.09,833400.0,-0.05000000000000002
9.0,9.0,0.15,0.15,0.15,0.15,0.0,0.0
9.0,8.0,0.15,0.15,0.15,0.15,100.0,0.0
9.0,7.0,0.15,0.15,0.15,0.15,100.0,0.0
9.0,6.0,0.15,0.15,0.12,0.15,600.0,0.0
9.0,2.0,0.14,0.14,0.14,0.14,100.0,0.0
9.0,1.0,0.15,0.15,0.15,0.15,100.0,0.0
8.0,31.0,0.12,0.15,0.12,0.15,500.0,0.03
8.0,30.0,0.15,0.15,0.15,0.15,100.0,0.0
8.0,29.0,0.15,0.15,0.15,0.15,0.0,0.0
8.0,26.0,0.15,0.15,0.15,0.15,100.0,0.0
8.0,25.0,0.15,0.15,0.13,0.15,600.0,0.0
8.0,24.0,0.14,0.14,0.14,0.14,5100.0,0.0
8.0,23.0,0.14,0.14,0.14,0.14,0.0,0.0
8.0,22.0,0.14,0.15,0.13,0.14,30200.0,0.0
8.0,19.0,0.15,0.15,0.15,0.15,10000.0,0.0
8.0,18.0,0.15,0.15,0.15,0.15,27400.0,0.0
8.0,17.0,0.13,0.14,0.13,0.14,18000.0,0.010000000000000009
8.0,16.0,0.15,0.15,0.15,0.15,0.0,0.0
8.0,15.0,0.15,0.15,0.14,0.15,2200.0,0.0
8.0,12.0,0.13,0.14,0.13,0.14,52100.0,0.010000000000000009
8.0,11.0,0.14,0.14,0.14,0.14,1500.0,0.0
8.0,10.0,0.13,0.13,0.13,0.13,500.0,0.0
8.0,9.0,0.14,0.14,0.14,0.14,36000.0,0.0
8.0,8.0,0.14,0.14,0.11,0.14,17400.0,0.0
8.0,5.0,0.13,0.14,0.13,0.14,19000.0,0.010000000000000009
8.0,4.0,0.12,0.14,0.12,0.12,19000.0,0.0
8.0,3.0,0.15,0.15,0.15,0.15,100.0,0.0
8.0,2.0,0.15,0.15,0.15,0.15,100.0,0.0
8.0,1.0,0.15,0.15,0.13,0.15,3600.0,0.0
7.0,29.0,0.15,0.15,0.15,0.15,100.0,0.0
7.0,28.0,0.14,0.15,0.14,0.15,200.0,0.009999999999999981
7.0,27.0,0.15,0.15,0.14,0.14,10100.0,-0.009999999999999981
7.0,26.0,0.15,0.15,0.15,0.15,100.0,0.0
7.0,25.0,0.14,0.14,0.14,0.14,100.0,0.0
7.0,22.0,0.13,0.14,0.13,0.14,600.0,0.010000000000000009
7.0,21.0,0.16,0.16,0.16,0.16,100.0,0.0
7.0,20.0,0.14,0.14,0.14,0.14,17200.0,0.0
7.0,19.0,0.16,0.16,0.16,0.16,100.0,0.0
7.0,18.0,0.16,0.16,0.16,0.16,100.0,0.0
7.0,15.0,0.15,0.15,0.12,0.15,1900.0,0.0
7.0,14.0,0.16,0.16,0.16,0.16,100.0,0.0
7.0,13.0,0.15,0.15,0.13,0.15,5200.0,0.0
7.0,12.0,0.13,0.15,0.13,0.15,17600.0,0.01999999999999999
7.0,11.0,0.15,0.15,0.13,0.15,2900.0,0.0
7.0,8.0,0.15,0.15,0.13,0.13,10700.0,-0.01999999999999999
7.0,7.0,0.15,0.15,0.15,0.15,0.0,0.0
7.0,6.0,0.15,0.15,0.13,0.15,6300.0,0.0
7.0,5.0,0.14,0.15,0.14,0.14,10100.0,0.0
7.0,1.0,0.15,0.15,0.14,0.14,200.0,-0.009999999999999981
6.0,30.0,0.14,0.14,0.14,0.14,100.0,0.0
6.0,29.0,0.14,0.14,0.12,0.14,21000.0,0.0
6.0,28.0,0.14,0.14,0.14,0.14,10000.0,0.0
6.0,27.0,0.13,0.13,0.13,0.13,10000.0,0.0
6.0,24.0,0.14,0.14,0.14,0.14,0.0,0.0
6.0,23.0,0.14,0.14,0.14,0.14,100.0,0.0
6.0,22.0,0.14,0.14,0.14,0.14,6000.0,0.0
6.0,21.0,0.14,0.14,0.14,0.14,100.0,0.0
6.0,20.0,0.15,0.15,0.15,0.15,0.0,0.0
6.0,17.0,0.15,0.15,0.15,0.15,0.0,0.0
6.0,16.0,0.13,0.15,0.13,0.15,7600.0,0.01999999999999999
6.0,15.0,0.15,0.15,0.15,0.15,0.0,0.0
6.0,14.0,0.15,0.15,0.15,0.15,100.0,0.0
6.0,13.0,0.15,0.15,0.15,0.15,0.0,0.0
6.0,10.0,0.15,0.15,0.15,0.15,0.0,0.0
6.0,9.0,0.15,0.15,0.15,0.15,0.0,0.0
6.0,8.0,0.15,0.15,0.15,0.15,100.0,0.0
6.0,7.0,0.12,0.15,0.12,0.15,300.0,0.03
6.0,6.0,0.15,0.16,0.14,0.15,23200.0,0.0
6.0,3.0,0.16,0.16,0.16,0.16,0.0,0.0
6.0,2.0,0.17,0.17,0.16,0.16,200.0,-0.010000000000000009
6.0,1.0,0.15,0.15,0.15,0.15,0.0,0.0
5.0,31.0,0.14,0.15,0.14,0.15,1100.0,0.009999999999999981
5.0,27.0,0.16,0.16,0.16,0.16,0.0,0.0
5.0,26.0,0.16,0.16,0.16,0.16,100.0,0.0
5.0,25.0,0.13,0.15,0.13,0.15,200.0,0.01999999999999999
5.0,24.0,0.15,0.15,0.15,0.15,5300.0,0.0
5.0,23.0,0.16,0.16,0.16,0.16,7000.0,0.0
5.0,20.0,0.16,0.16,0.14,0.16,5200.0,0.0
5.0,19.0,0.16,0.16,0.16,0.16,152600.0,0.0
5.0,18.0,0.16,0.16,0.14,0.15,500.0,-0.010000000000000009
5.0,17.0,0.16,0.16,0.16,0.16,0.0,0.0
5.0,16.0,0.15,0.16,0.14,0.16,82700.0,0.010000000000000009
5.0,13.0,0.15,0.16,0.15,0.16,130300.0,0.010000000000000009
5.0,12.0,0.15,0.15,0.15,0.15,50100.0,0.0
5.0,11.0,0.15,0.15,0.15,0.15,0.0,0.0
5.0,10.0,0.15,0.15,0.15,0.15,22000.0,0.0
5.0,9.0,0.13,0.15,0.13,0.15,50100.0,0.01999999999999999
5.0,6.0,0.13,0.15,0.13,0.15,3100.0,0.01999999999999999
5.0,5.0,0.13,0.15,0.13,0.15,3700.0,0.01999999999999999
5.0,4.0,0.13,0.15,0.13,0.15,3100.0,0.01999999999999999
5.0,3.0,0.13,0.15,0.13,0.15,13600.0,0.01999999999999999
5.0,2.0,0.15,0.15,0.14,0.15,8400.0,0.0
4.0,29.0,0.14,0.15,0.14,0.15,2200.0,0.009999999999999981
4.0,28.0,0.14,0.15,0.14,0.15,20100.0,0.009999999999999981
4.0,27.0,0.16,0.16,0.15,0.15,21800.0,-0.010000000000000009
4.0,26.0,0.15,0.16,0.15,0.15,22100.0,0.0
4.0,25.0,0.16,0.16,0.16,0.16,100.0,0.0
4.0,21.0,0.16,0.16,0.15,0.16,1500.0,0.0
4.0,20.0,0.16,0.16,0.16,0.16,10600.0,0.0
4.0,19.0,0.15,0.16,0.15,0.15,7400.0,0.0
4.0,18.0,0.15,0.16,0.15,0.16,2000.0,0.010000000000000009
4.0,15.0,0.16,0.16,0.16,0.16,0.0,0.0
4.0,14.0,0.16,0.16,0.15,0.16,23800.0,0.0
4.0,13.0,0.16,0.16,0.16,0.16,500.0,0.0
4.0,12.0,0.16,0.16,0.16,0.16,70200.0,0.0
4.0,11.0,0.15,0.16,0.15,0.16,2500.0,0.010000000000000009
4.0,8.0,0.16,0.16,0.16,0.16,8000.0,0.0
4.0,7.0,0.15,0.16,0.15,0.16,1400.0,0.010000000000000009
4.0,6.0,0.15,0.16,0.15,0.16,5000.0,0.010000000000000009
4.0,5.0,0.14,0.15,0.14,0.15,62700.0,0.009999999999999981
4.0,4.0,0.15,0.15,0.15,0.15,10000.0,0.0
4.0,1.0,0.15,0.15,0.15,0.15,52000.0,0.0
3.0,31.0,0.15,0.15,0.15,0.15,0.0,0.0
3.0,30.0,0.15,0.15,0.15,0.15,200.0,0.0
3.0,29.0,0.16,0.16,0.16,0.16,0.0,0.0
3.0,28.0,0.15,0.16,0.15,0.16,77300.0,0.010000000000000009
3.0,25.0,0.16,0.16,0.15,0.15,52000.0,-0.010000000000000009
3.0,24.0,0.16,0.16,0.16,0.16,2000.0,0.0
3.0,23.0,0.15,0.16,0.15,0.16,10100.0,0.010000000000000009
3.0,22.0,0.15,0.17,0.15,0.16,196000.0,0.010000000000000009
3.0,21.0,0.16,0.16,0.15,0.16,225200.0,0.0
3.0,18.0,0.15,0.16,0.15,0.15,122800.0,0.0
3.0,17.0,0.15,0.15,0.15,0.15,200000.0,0.0
3.0,16.0,0.16,0.16,0.15,0.15,428000.0,-0.010000000000000009
3.0,15.0,0.14,0.16,0.14,0.15,397000.0,0.009999999999999981
3.0,14.0,0.12,0.15,0.12,0.15,557400.0,0.03
3.0,11.0,0.13,0.13,0.13,0.13,800.0,0.0
3.0,10.0,0.14,0.14,0.14,0.14,4000.0,0.0
3.0,9.0,0.14,0.14,0.14,0.14,3500.0,0.0
3.0,8.0,0.15,0.15,0.14,0.14,13000.0,-0.009999999999999981
3.0,7.0,0.14,0.14,0.14,0.14,0.0,0.0
3.0,4.0,0.14,0.14,0.14,0.14,0.0,0.0
3.0,3.0,0.14,0.14,0.14,0.14,100.0,0.0
3.0,2.0,0.14,0.14,0.14,0.14,5000.0,0.0
3.0,1.0,0.15,0.16,0.15,0.16,12000.0,0.010000000000000009
2.0,28.0,0.16,0.16,0.16,0.16,0.0,0.0
2.0,25.0,0.15,0.16,0.15,0.16,36700.0,0.010000000000000009
2.0,24.0,0.16,0.16,0.15,0.15,25500.0,-0.010000000000000009
2.0,23.0,0.16,0.16,0.16,0.16,0.0,0.0
2.0,22.0,0.17,0.17,0.16,0.16,4200.0,-0.010000000000000009
2.0,18.0,0.17,0.17,0.17,0.17,2000.0,0.0
2.0,17.0,0.17,0.17,0.17,0.17,6000.0,0.0
2.0,16.0,0.17,0.17,0.17,0.17,0.0,0.0
2.0,15.0,0.17,0.17,0.17,0.17,13000.0,0.0
2.0,14.0,0.19,0.19,0.17,0.17,14700.0,-0.01999999999999999
2.0,11.0,0.19,0.19,0.19,0.19,5000.0,0.0
2.0,10.0,0.2,0.2,0.2,0.2,0.0,0.0
2.0,9.0,0.2,0.2,0.2,0.2,2000.0,0.0
2.0,8.0,0.21,0.21,0.19,0.19,6900.0,-0.01999999999999999
2.0,7.0,0.21,0.21,0.21,0.21,0.0,0.0
2.0,4.0,0.21,0.21,0.21,0.21,10000.0,0.0
2.0,3.0,0.21,0.21,0.21,0.21,0.0,0.0
2.0,2.0,0.21,0.21,0.21,0.21,0.0,0.0
2.0,1.0,0.22,0.22,0.21,0.21,21200.0,-0.010000000000000009
1.0,31.0,0.21,0.21,0.21,0.21,79000.0,0.0
1.0,28.0,0.21,0.21,0.19,0.21,4800.0,0.0
1.0,27.0,0.21,0.21,0.21,0.21,300.0,0.0
1.0,26.0,0.23,0.23,0.22,0.22,16000.0,-0.010000000000000009
1.0,25.0,0.21,0.21,0.21,0.21,500.0,0.0
1.0,24.0,0.22,0.22,0.22,0.22,0.0,0.0
1.0,21.0,0.26,0.26,0.22,0.22,1700.0,-0.04000000000000001
1.0,20.0,0.25,0.25,0.25,0.25,0.0,0.0
1.0,19.0,0.25,0.25,0.25,0.25,10000.0,0.0
1.0,18.0,0.29,0.29,0.28,0.28,13000.0,-0.009999999999999953
1.0,14.0,0.3,0.3,0.3,0.3,0.0,0.0
1.0,13.0,0.3,0.3,0.3,0.3,8200.0,0.0
1.0,12.0,0.25,0.28,0.25,0.28,12500.0,0.030000000000000027
1.0,11.0,0.26,0.26,0.26,0.26,0.0,0.0
1.0,10.0,0.26,0.26,0.26,0.26,15600.0,0.0
1.0,7.0,0.24,0.24,0.2,0.2,3200.0,-0.03999999999999998
1.0,6.0,0.21,0.21,0.21,0.21,0.0,0.0
1.0,5.0,0.21,0.21,0.21,0.21,0.0,0.0
1.0,4.0,0.21,0.21,0.21,0.21,3000.0,0.0
1.0,3.0,0.22,0.22,0.22,0.22,0.0,0.0
12.0,31.0,0.22,0.22,0.22,0.22,0.0,0.0
12.0,30.0,0.22,0.22,0.22,0.22,22500.0,0.0
12.0,29.0,0.22,0.22,0.22,0.22,13300.0,0.0
12.0,28.0,0.22,0.22,0.22,0.22,30000.0,0.0
12.0,27.0,0.21,0.21,0.21,0.21,0.0,0.0
12.0,23.0,0.21,0.21,0.21,0.21,1000.0,0.0
12.0,22.0,0.22,0.23,0.22,0.23,17500.0,0.010000000000000009
12.0,21.0,0.22,0.22,0.22,0.22,500.0,0.0
12.0,20.0,0.21,0.21,0.21,0.21,700.0,0.0
12.0,17.0,0.25,0.25,0.21,0.21,13500.0,-0.04000000000000001
12.0,16.0,0.21,0.21,0.21,0.21,0.0,0.0
12.0,15.0,0.21,0.21,0.21,0.21,2000.0,0.0
12.0,14.0,0.21,0.22,0.21,0.22,3300.0,0.010000000000000009
12.0,13.0,0.2,0.2,0.2,0.2,500.0,0.0
12.0,10.0,0.22,0.22,0.22,0.22,0.0,0.0
12.0,9.0,0.22,0.22,0.22,0.22,0.0,0.0
12.0,8.0,0.22,0.22,0.22,0.22,22400.0,0.0
12.0,7.0,0.19,0.2,0.19,0.2,17400.0,0.010000000000000009
12.0,6.0,0.2,0.2,0.2,0.2,300.0,0.0
12.0,3.0,0.19,0.21,0.19,0.21,11000.0,0.01999999999999999
12.0,2.0,0.19,0.19,0.19,0.19,1000.0,0.0
12.0,1.0,0.19,0.19,0.19,0.19,100.0,0.0
11.0,30.0,0.2,0.2,0.2,0.2,0.0,0.0
11.0,29.0,0.2,0.2,0.2,0.2,0.0,0.0
11.0,26.0,0.18,0.2,0.18,0.2,6500.0,0.020000000000000018
11.0,24.0,0.23,0.23,0.23,0.23,0.0,0.0
11.0,23.0,0.23,0.23,0.23,0.23,0.0,0.0
11.0,22.0,0.23,0.23,0.23,0.23,0.0,0.0
11.0,19.0,0.23,0.23,0.23,0.23,0.0,0.0
11.0,18.0,0.23,0.23,0.23,0.23,0.0,0.0
11.0,17.0,0.23,0.23,0.23,0.23,100.0,0.0
11.0,16.0,0.23,0.23,0.23,0.23,0.0,0.0
11.0,15.0,0.23,0.23,0.23,0.23,400.0,0.0
11.0,12.0,0.24,0.24,0.24,0.24,8000.0,0.0
11.0,11.0,0.22,0.23,0.22,0.23,8000.0,0.010000000000000009
11.0,10.0,0.19,0.19,0.19,0.19,1600.0,0.0
11.0,9.0,0.19,0.19,0.19,0.19,1500.0,0.0
11.0,8.0,0.19,0.19,0.19,0.19,1000.0,0.0
11.0,5.0,0.21,0.22,0.21,0.22,4300.0,0.010000000000000009
11.0,4.0,0.2,0.2,0.2,0.2,15000.0,0.0
11.0,3.0,0.2,0.2,0.2,0.2,0.0,0.0
11.0,2.0,0.2,0.2,0.2,0.2,100.0,0.0
11.0,1.0,0.2,0.2,0.2,0.2,0.0,0.0
10.0,29.0,0.2,0.2,0.2,0.2,6300.0,0.0
10.0,28.0,0.21,0.21,0.21,0.21,0.0,0.0
10.0,27.0,0.22,0.22,0.21,0.21,2000.0,-0.010000000000000009
10.0,26.0,0.22,0.22,0.22,0.22,4500.0,0.0
10.0,25.0,0.22,0.22,0.22,0.22,1200.0,0.0
10.0,22.0,0.22,0.22,0.19,0.19,17500.0,-0.03
10.0,21.0,0.22,0.22,0.21,0.21,52200.0,-0.010000000000000009
10.0,20.0,0.22,0.22,0.22,0.22,0.0,0.0
10.0,19.0,0.22,0.22,0.22,0.22,9000.0,0.0
10.0,18.0,0.25,0.25,0.25,0.25,5800.0,0.0
10.0,15.0,0.25,0.25,0.25,0.25,29600.0,0.0
10.0,14.0,0.25,0.27,0.25,0.27,20000.0,0.020000000000000018
10.0,13.0,0.21,0.21,0.21,0.21,300.0,0.0
10.0,12.0,0.28,0.28,0.28,0.28,0.0,0.0
10.0,11.0,0.28,0.28,0.28,0.28,0.0,0.0
10.0,8.0,0.28,0.28,0.28,0.28,0.0,0.0
10.0,7.0,0.28,0.28,0.28,0.28,600.0,0.0
10.0,6.0,0.28,0.28,0.28,0.28,0.0,0.0
10.0,5.0,0.28,0.28,0.28,0.28,6700.0,0.0
10.0,4.0,0.26,0.29,0.26,0.28,9700.0,0.020000000000000018
10.0,1.0,0.24,0.24,0.24,0.24,0.0,0.0
9.0,30.0,0.24,0.24,0.24,0.24,0.0,0.0
9.0,29.0,0.24,0.24,0.24,0.24,0.0,0.0
9.0,28.0,0.24,0.28,0.24,0.24,64200.0,0.0
9.0,27.0,0.22,0.22,0.18,0.22,36200.0,0.0
9.0,24.0,0.2,0.2,0.18,0.18,16500.0,-0.020000000000000018
9.0,23.0,0.18,0.18,0.18,0.18,0.0,0.0
9.0,22.0,0.18,0.18,0.18,0.18,0.0,0.0
9.0,21.0,0.18,0.18,0.18,0.18,0.0,0.0
9.0,20.0,0.18,0.18,0.18,0.18,50000.0,0.0
9.0,17.0,0.18,0.18,0.18,0.18,0.0,0.0
9.0,16.0,0.2,0.2,0.18,0.18,33200.0,-0.020000000000000018
9.0,15.0,0.19,0.19,0.19,0.19,0.0,0.0
9.0,14.0,0.19,0.19,0.19,0.19,5000.0,0.0
9.0,13.0,0.18,0.18,0.18,0.18,0.0,0.0
9.0,10.0,0.18,0.18,0.18,0.18,0.0,0.0
9.0,9.0,0.18,0.18,0.18,0.18,0.0,0.0
9.0,8.0,0.18,0.18,0.18,0.18,800.0,0.0
9.0,7.0,0.18,0.18,0.18,0.18,0.0,0.0
9.0,3.0,0.18,0.18,0.18,0.18,1500.0,0.0
9.0,2.0,0.21,0.21,0.21,0.21,23500.0,0.0
9.0,1.0,0.18,0.18,0.18,0.18,600.0,0.0
8.0,31.0,0.22,0.22,0.22,0.22,0.0,0.0
8.0,30.0,0.22,0.22,0.22,0.22,0.0,0.0
8.0,27.0,0.22,0.22,0.22,0.22,5000.0,0.0
8.0,26.0,0.18,0.18,0.18,0.18,0.0,0.0
8.0,25.0,0.18,0.18,0.18,0.18,0.0,0.0
8.0,24.0,0.18,0.18,0.18,0.18,500.0,0.0
8.0,23.0,0.18,0.18,0.18,0.18,0.0,0.0
8.0,20.0,0.18,0.18,0.18,0.18,0.0,0.0
8.0,19.0,0.18,0.18,0.18,0.18,1200.0,0.0
8.0,18.0,0.17,0.17,0.17,0.17,0.0,0.0
8.0,17.0,0.17,0.17,0.17,0.17,0.0,0.0
8.0,16.0,0.17,0.17,0.17,0.17,1000.0,0.0
8.0,13.0,0.19,0.19,0.19,0.19,0.0,0.0
8.0,12.0,0.19,0.19,0.19,0.19,3400.0,0.0
8.0,11.0,0.17,0.17,0.17,0.17,0.0,0.0
8.0,10.0,0.17,0.17,0.17,0.17,300.0,0.0
8.0,9.0,0.17,0.17,0.17,0.17,0.0,0.0
8.0,6.0,0.17,0.17,0.17,0.17,0.0,0.0
8.0,5.0,0.17,0.17,0.17,0.17,0.0,0.0
8.0,4.0,0.17,0.17,0.17,0.17,100.0,0.0
8.0,3.0,0.18,0.18,0.18,0.18,3500.0,0.0
8.0,2.0,0.18,0.18,0.18,0.18,0.0,0.0
7.0,30.0,0.17,0.18,0.17,0.18,12000.0,0.009999999999999981
7.0,29.0,0.17,0.17,0.17,0.17,2000.0,0.0
7.0,28.0,0.18,0.18,0.18,0.18,21000.0,0.0
7.0,27.0,0.18,0.18,0.18,0.18,4000.0,0.0
7.0,26.0,0.18,0.18,0.18,0.18,0.0,0.0
7.0,23.0,0.18,0.18,0.18,0.18,10400.0,0.0
7.0,22.0,0.18,0.18,0.18,0.18,5000.0,0.0
7.0,21.0,0.17,0.17,0.17,0.17,0.0,0.0
7.0,20.0,0.18,0.19,0.17,0.17,41000.0,-0.009999999999999981
7.0,19.0,0.15,0.19,0.15,0.19,20000.0,0.04000000000000001
7.0,16.0,0.14,0.14,0.14,0.14,0.0,0.0
7.0,15.0,0.14,0.14,0.14,0.14,0.0,0.0
7.0,14.0,0.14,0.14,0.14,0.14,600.0,0.0
7.0,13.0,0.13,0.13,0.13,0.13,0.0,0.0
7.0,12.0,0.13,0.13,0.13,0.13,0.0,0.0
7.0,9.0,0.13,0.13,0.13,0.13,400.0,0.0
7.0,8.0,0.13,0.13,0.13,0.13,1000.0,0.0
7.0,7.0,0.14,0.14,0.14,0.14,0.0,0.0
7.0,6.0,0.14,0.14,0.14,0.14,5000.0,0.0
7.0,2.0,0.14,0.14,0.14,0.14,2600.0,0.0
7.0,1.0,0.14,0.14,0.14,0.14,6000.0,0.0
6.0,30.0,0.13,0.13,0.13,0.13,1000.0,0.0
6.0,29.0,0.14,0.14,0.14,0.14,0.0,0.0
6.0,28.0,0.14,0.14,0.14,0.14,1000.0,0.0
6.0,25.0,0.11,0.11,0.11,0.11,0.0,0.0
6.0,24.0,0.11,0.11,0.11,0.11,0.0,0.0
6.0,23.0,0.11,0.11,0.11,0.11,0.0,0.0
6.0,22.0,0.11,0.11,0.11,0.11,0.0,0.0
6.0,21.0,0.11,0.11,0.11,0.11,800.0,0.0
6.0,18.0,0.15,0.15,0.15,0.15,5000.0,0.0
6.0,17.0,0.13,0.13,0.13,0.13,29800.0,0.0
6.0,16.0,0.13,0.14,0.13,0.13,4400.0,0.0
6.0,15.0,0.13,0.13,0.13,0.13,200.0,0.0
6.0,14.0,0.15,0.15,0.15,0.15,0.0,0.0
6.0,11.0,0.15,0.15,0.15,0.15,0.0,0.0
6.0,10.0,0.15,0.15,0.15,0.15,600.0,0.0
6.0,9.0,0.15,0.15,0.14,0.15,5000.0,0.0
6.0,8.0,0.15,0.15,0.15,0.15,4600.0,0.0
6.0,7.0,0.14,0.14,0.13,0.13,5000.0,-0.010000000000000009
6.0,4.0,0.13,0.13,0.13,0.13,4400.0,0.0
6.0,3.0,0.12,0.12,0.12,0.12,0.0,0.0
6.0,2.0,0.12,0.12,0.12,0.12,1000.0,0.0
6.0,1.0,0.12,0.12,0.12,0.12,0.0,0.0
5.0,28.0,0.12,0.12,0.12,0.12,600.0,0.0
5.0,27.0,0.12,0.12,0.12,0.12,200.0,0.0
5.0,26.0,0.11,0.11,0.11,0.11,0.0,0.0
5.0,25.0,0.14,0.14,0.11,0.11,21300.0,-0.030000000000000013
5.0,24.0,0.15,0.15,0.15,0.15,0.0,0.0
5.0,21.0,0.14,0.15,0.14,0.15,10500.0,0.009999999999999981
5.0,20.0,0.15,0.15,0.15,0.15,1200.0,0.0
5.0,19.0,0.19,0.19,0.18,0.18,1000.0,-0.010000000000000009
5.0,18.0,0.18,0.18,0.15,0.15,22500.0,-0.03
5.0,17.0,0.2,0.2,0.2,0.2,0.0,0.0
5.0,14.0,0.2,0.2,0.2,0.2,800.0,0.0
5.0,13.0,0.19,0.2,0.19,0.2,20100.0,0.010000000000000009
5.0,12.0,0.2,0.2,0.19,0.19,4300.0,-0.010000000000000009
5.0,11.0,0.2,0.2,0.19,0.19,17500.0,-0.010000000000000009
5.0,10.0,0.2,0.2,0.2,0.2,5000.0,0.0
5.0,7.0,0.21,0.21,0.21,0.21,9500.0,0.0
5.0,6.0,0.22,0.22,0.22,0.22,4800.0,0.0
5.0,5.0,0.21,0.21,0.21,0.21,500.0,0.0
5.0,4.0,0.22,0.22,0.22,0.22,200.0,0.0
5.0,3.0,0.22,0.22,0.22,0.22,0.0,0.0
4.0,30.0,0.22,0.22,0.22,0.22,3000.0,0.0
4.0,29.0,0.24,0.24,0.21,0.22,7000.0,-0.01999999999999999
4.0,28.0,0.24,0.24,0.24,0.24,10000.0,0.0
4.0,27.0,0.24,0.24,0.24,0.24,1600.0,0.0
4.0,26.0,0.24,0.24,0.24,0.24,0.0,0.0
