9.0,25.0,3.0E-4,3.5E-4,3.0E-4,3.0E-4,4798900.0,0.0
9.0,24.0,3.5E-4,3.5E-4,3.0E-4,3.0E-4,2947900.0,-5.000000000000002E-5
9.0,23.0,2.0E-4,4.0E-4,2.0E-4,4.0E-4,7.01482E7,2.0E-4
9.0,22.0,4.0E-4,4.0E-4,2.0E-4,3.0E-4,3.76475E7,-1.0000000000000005E-4
9.0,21.0,4.0E-4,4.0E-4,3.0E-4,4.0E-4,1.32487E7,0.0
9.0,18.0,4.0E-4,4.0E-4,2.9E-4,4.0E-4,9.45839E7,0.0
9.0,17.0,4.0E-4,6.0E-4,3.9E-4,4.0E-4,7.20075E7,0.0
9.0,16.0,5.0E-4,6.0E-4,4.0E-4,5.0E-4,6.60363E7,0.0
9.0,15.0,4.0E-4,5.0E-4,2.0E-4,5.0E-4,6.72516E7,9.999999999999999E-5
9.0,14.0,4.0E-4,4.0E-4,2.0E-4,3.0E-4,7.95225E7,-1.0000000000000005E-4
9.0,11.0,3.0E-4,4.0E-4,2.0E-4,4.0E-4,4.0033E7,1.0000000000000005E-4
9.0,10.0,4.0E-4,4.0E-4,2.0E-4,3.0E-4,1.362201E8,-1.0000000000000005E-4
9.0,9.0,5.0E-4,7.1E-4,3.8E-4,4.0E-4,8.32018E7,-9.999999999999999E-5
9.0,8.0,8.0E-4,8.0E-4,4.0E-4,5.0E-4,7.19627E7,-3.0000000000000003E-4
9.0,7.0,8.0E-4,8.0E-4,8.0E-4,8.0E-4,0.0,0.0
9.0,4.0,0.0011,0.0011,6.0E-4,8.0E-4,1.262348E8,-3.0000000000000003E-4
9.0,3.0,1.0E-4,0.0014,1.0E-4,0.001,2.899284E8,9.0E-4
9.0,2.0,1.0E-4,2.0E-4,1.0E-4,1.0E-4,3.16986E7,0.0
9.0,1.0,2.0E-4,2.0E-4,2.0E-4,2.0E-4,335000.0,0.0
8.0,31.0,2.0E-4,2.0E-4,2.0E-4,2.0E-4,0.0,0.0
8.0,28.0,2.0E-4,2.0E-4,2.0E-4,2.0E-4,100000.0,0.0
8.0,27.0,2.0E-4,2.0E-4,1.0E-4,2.0E-4,4850100.0,0.0
8.0,26.0,2.0E-4,2.0E-4,1.0E-4,2.0E-4,5301000.0,0.0
8.0,25.0,1.0E-4,2.0E-4,1.0E-4,2.0E-4,2.3701E7,1.0E-4
8.0,24.0,2.0E-4,2.0E-4,1.0E-4,2.0E-4,1962900.0,0.0
8.0,21.0,1.0E-4,1.0E-4,1.0E-4,1.0E-4,100.0,0.0
8.0,20.0,1.0E-4,1.0E-4,1.0E-4,1.0E-4,674100.0,0.0
8.0,19.0,2.0E-4,2.0E-4,2.0E-4,2.0E-4,0.0,0.0
8.0,18.0,2.0E-4,2.0E-4,1.0E-4,2.0E-4,713700.0,0.0
8.0,17.0,1.1E-4,2.0E-4,1.0E-4,2.0E-4,1486100.0,9.0E-5
8.0,14.0,2.0E-4,2.0E-4,1.5E-4,2.0E-4,718300.0,0.0
8.0,13.0,1.5E-4,2.0E-4,1.0E-4,1.0E-4,228000.0,-4.999999999999998E-5
8.0,12.0,2.0E-4,2.0E-4,2.0E-4,2.0E-4,207400.0,0.0
8.0,11.0,2.0E-4,2.0E-4,1.0E-4,2.0E-4,8172400.0,0.0
8.0,10.0,2.0E-4,2.0E-4,1.0E-4,1.0E-4,4191800.0,-1.0E-4
8.0,7.0,2.0E-4,2.0E-4,1.5E-4,2.0E-4,1.81814E7,0.0
8.0,6.0,2.0E-4,2.0E-4,1.0E-4,1.5E-4,1.19177E7,-5.000000000000002E-5
8.0,5.0,1.0E-4,2.0E-4,1.0E-4,2.0E-4,4624900.0,1.0E-4
8.0,4.0,2.0E-4,2.0E-4,1.0E-4,1.0E-4,1746900.0,-1.0E-4
8.0,3.0,2.0E-4,2.0E-4,2.0E-4,2.0E-4,2200000.0,0.0
7.0,31.0,1.5E-4,2.0E-4,1.0E-4,2.0E-4,2980900.0,5.000000000000002E-5
7.0,30.0,1.0E-4,2.0E-4,1.0E-4,1.0E-4,6419900.0,0.0
7.0,29.0,2.0E-4,2.0E-4,1.0E-4,1.0E-4,3.36875E7,-1.0E-4
7.0,28.0,2.0E-4,2.0E-4,1.0E-4,2.0E-4,5076000.0,0.0
7.0,27.0,2.0E-4,2.0E-4,1.0E-4,2.0E-4,2.857E7,0.0
7.0,24.0,2.0E-4,2.0E-4,1.5E-4,1.5E-4,1.56241E7,-5.000000000000002E-5
7.0,23.0,2.0E-4,2.0E-4,2.0E-4,2.0E-4,3120000.0,0.0
7.0,22.0,3.0E-4,3.0E-4,1.0E-4,2.0E-4,1.4659E7,-9.999999999999996E-5
7.0,21.0,2.0E-4,2.0E-4,2.0E-4,2.0E-4,1000000.0,0.0
7.0,20.0,3.0E-4,3.0E-4,2.0E-4,3.0E-4,4173600.0,0.0
7.0,17.0,2.0E-4,3.0E-4,2.0E-4,3.0E-4,2.29563E7,9.999999999999996E-5
7.0,16.0,3.0E-4,3.0E-4,2.0E-4,2.0E-4,1.7248E7,-9.999999999999996E-5
7.0,15.0,4.5E-4,4.5E-4,3.0E-4,3.0E-4,1.434E7,-1.5000000000000001E-4
7.0,14.0,4.0E-4,5.0E-4,3.9E-4,4.0E-4,1.07433E7,0.0
7.0,13.0,3.5E-4,4.0E-4,3.5E-4,4.0E-4,91500.0,5.000000000000002E-5
7.0,10.0,4.0E-4,4.0E-4,3.0E-4,3.0E-4,7221200.0,-1.0000000000000005E-4
7.0,9.0,3.0E-4,3.0E-4,3.0E-4,3.0E-4,3620500.0,0.0
7.0,8.0,3.5E-4,4.0E-4,3.0E-4,4.0E-4,1676000.0,5.000000000000002E-5
7.0,7.0,4.0E-4,4.0E-4,3.0E-4,4.0E-4,3.00463E7,0.0
7.0,6.0,5.0E-4,5.0E-4,4.0E-4,4.0E-4,1868000.0,-9.999999999999999E-5
7.0,3.0,5.0E-4,5.0E-4,5.0E-4,5.0E-4,0.0,0.0
7.0,2.0,6.0E-4,6.0E-4,4.0E-4,5.0E-4,4776700.0,-9.999999999999994E-5
7.0,1.0,6.0E-4,6.0E-4,5.0E-4,6.0E-4,2425000.0,0.0
6.0,30.0,5.0E-4,6.0E-4,5.0E-4,5.0E-4,1.04023E7,0.0
6.0,29.0,4.5E-4,4.5E-4,4.0E-4,4.0E-4,82000.0,-4.999999999999997E-5
6.0,26.0,4.0E-4,4.0E-4,4.0E-4,4.0E-4,615700.0,0.0
6.0,25.0,5.0E-4,5.0E-4,4.0E-4,4.0E-4,1.28549E7,-9.999999999999999E-5
6.0,24.0,5.0E-4,6.0E-4,4.0E-4,4.0E-4,7956000.0,-9.999999999999999E-5
6.0,23.0,6.0E-4,7.1E-4,4.0E-4,6.0E-4,1.89059E7,0.0
6.0,22.0,7.0E-4,7.0E-4,6.0E-4,6.0E-4,5256700.0,-1.0000000000000005E-4
6.0,19.0,8.0E-4,0.001,7.0E-4,7.0E-4,1.09918E7,-1.0000000000000005E-4
6.0,18.0,6.0E-4,8.0E-4,6.0E-4,7.0E-4,2933100.0,1.0000000000000005E-4
6.0,17.0,6.0E-4,6.0E-4,5.0E-4,6.0E-4,3384500.0,0.0
6.0,16.0,7.0E-4,7.0E-4,5.0E-4,6.5E-4,777400.0,-5.000000000000002E-5
6.0,15.0,6.0E-4,7.0E-4,6.0E-4,6.0E-4,1579400.0,0.0
6.0,12.0,7.0E-4,7.0E-4,6.0E-4,7.0E-4,3031900.0,0.0
6.0,11.0,4.0E-4,6.0E-4,4.0E-4,6.0E-4,492000.0,1.9999999999999993E-4
6.0,10.0,4.0E-4,4.0E-4,4.0E-4,4.0E-4,115700.0,0.0
6.0,9.0,5.0E-4,6.0E-4,4.0E-4,4.0E-4,5951500.0,-9.999999999999999E-5
6.0,8.0,4.0E-4,7.5E-4,4.0E-4,5.0E-4,3120200.0,9.999999999999999E-5
6.0,5.0,5.0E-4,6.0E-4,4.0E-4,4.0E-4,6748600.0,-9.999999999999999E-5
6.0,4.0,5.0E-4,6.0E-4,4.0E-4,4.0E-4,1.22996E7,-9.999999999999999E-5
6.0,3.0,6.0E-4,6.0E-4,4.5E-4,4.5E-4,1958600.0,-1.4999999999999996E-4
6.0,2.0,6.0E-4,6.0E-4,6.0E-4,6.0E-4,12200.0,0.0
6.0,1.0,5.0E-4,7.0E-4,5.0E-4,6.0E-4,256600.0,9.999999999999994E-5
5.0,29.0,7.0E-4,7.0E-4,6.0E-4,6.0E-4,2906700.0,-1.0000000000000005E-4
5.0,28.0,5.0E-4,7.0E-4,5.0E-4,7.0E-4,388500.0,1.9999999999999998E-4
5.0,27.0,7.0E-4,8.0E-4,5.0E-4,5.0E-4,2001500.0,-1.9999999999999998E-4
5.0,26.0,7.0E-4,7.0E-4,5.0E-4,7.0E-4,520000.0,0.0
5.0,25.0,7.0E-4,7.0E-4,7.0E-4,7.0E-4,0.0,0.0
5.0,22.0,5.0E-4,7.0E-4,5.0E-4,7.0E-4,5207000.0,1.9999999999999998E-4
5.0,21.0,5.0E-4,5.0E-4,4.0E-4,5.0E-4,2767200.0,0.0
5.0,20.0,6.0E-4,6.0E-4,5.0E-4,5.5E-4,1624400.0,-4.9999999999999914E-5
5.0,19.0,6.0E-4,6.0E-4,5.0E-4,6.0E-4,2566600.0,0.0
5.0,18.0,5.0E-4,6.0E-4,4.0E-4,6.0E-4,5536000.0,9.999999999999994E-5
5.0,15.0,4.2E-4,5.0E-4,4.0E-4,5.0E-4,1066700.0,7.999999999999999E-5
5.0,14.0,5.0E-4,5.0E-4,4.0E-4,4.0E-4,2364400.0,-9.999999999999999E-5
5.0,13.0,6.0E-4,6.0E-4,5.0E-4,5.0E-4,1150000.0,-9.999999999999994E-5
5.0,12.0,7.0E-4,7.0E-4,6.0E-4,6.0E-4,2567500.0,-1.0000000000000005E-4
5.0,11.0,5.0E-4,6.0E-4,5.0E-4,6.0E-4,2486600.0,9.999999999999994E-5
5.0,8.0,6.0E-4,6.0E-4,4.0E-4,5.0E-4,5052100.0,-9.999999999999994E-5
5.0,7.0,4.0E-4,6.0E-4,3.0E-4,6.0E-4,1.54799E7,1.9999999999999993E-4
5.0,6.0,4.0E-4,4.0E-4,3.0E-4,4.0E-4,2.74605E7,0.0
5.0,5.0,3.0E-4,5.0E-4,3.0E-4,4.0E-4,8167200.0,1.0000000000000005E-4
5.0,4.0,4.0E-4,5.0E-4,3.5E-4,4.0E-4,5237800.0,0.0
5.0,1.0,4.0E-4,4.0E-4,3.0E-4,4.0E-4,1.30088E7,0.0
4.0,30.0,5.0E-4,5.0E-4,4.0E-4,5.0E-4,3843000.0,0.0
4.0,29.0,5.0E-4,6.0E-4,4.9E-4,5.0E-4,8890300.0,0.0
4.0,28.0,6.0E-4,6.0E-4,4.0E-4,4.0E-4,5.25073E7,-1.9999999999999993E-4
4.0,27.0,7.0E-4,7.0E-4,6.0E-4,6.0E-4,3438300.0,-1.0000000000000005E-4
4.0,24.0,8.0E-4,8.0E-4,6.0E-4,6.0E-4,2133000.0,-2.000000000000001E-4
4.0,23.0,7.0E-4,8.0E-4,6.0E-4,8.0E-4,1.04124E7,1.0000000000000005E-4
4.0,22.0,8.0E-4,8.0E-4,5.9E-4,7.0E-4,2.30093E7,-1.0000000000000005E-4
4.0,21.0,8.0E-4,8.5E-4,7.0E-4,7.0E-4,3318200.0,-1.0000000000000005E-4
4.0,20.0,9.0E-4,9.0E-4,8.0E-4,8.0E-4,1880200.0,-9.999999999999994E-5
4.0,17.0,9.0E-4,9.0E-4,8.0E-4,9.0E-4,3702000.0,0.0
4.0,16.0,9.0E-4,9.5E-4,8.5E-4,9.5E-4,2281400.0,5.000000000000002E-5
4.0,15.0,9.0E-4,0.001,7.0E-4,8.0E-4,2.17461E7,-9.999999999999994E-5
4.0,14.0,0.001,0.001,9.0E-4,9.0E-4,5165000.0,-1.0000000000000005E-4
4.0,13.0,0.001,0.0011,0.001,0.001,1580700.0,0.0
4.0,10.0,0.0011,0.0011,9.5E-4,0.001,1057800.0,-1.0000000000000005E-4
4.0,9.0,0.001,0.0011,0.001,0.001,1594100.0,0.0
4.0,8.0,9.0E-4,0.001,8.9E-4,0.001,2252700.0,1.0000000000000005E-4
4.0,7.0,9.0E-4,0.0011,8.0E-4,9.5E-4,5148300.0,5.000000000000002E-5
4.0,6.0,0.0011,0.0011,8.0E-4,0.001,3620200.0,-1.0000000000000005E-4
4.0,3.0,0.001,0.001,0.001,0.001,0.0,0.0
4.0,2.0,0.001,0.00105,8.9E-4,0.001,1.14635E7,0.0
4.0,1.0,8.0E-4,0.001,8.0E-4,9.0E-4,2.13419E7,9.999999999999994E-5
3.0,31.0,0.0011,0.0011,8.0E-4,9.0E-4,2.78798E7,-2.000000000000001E-4
3.0,30.0,0.0013,0.0012,0.0011,0.0011,9068900.0,-1.9999999999999987E-4
3.0,27.0,0.0013,0.0014,0.0011,0.0012,5034000.0,-1.0000000000000005E-4
3.0,26.0,0.0013,0.0016,0.0012,0.0014,1.09985E7,1.0000000000000005E-4
3.0,25.0,0.0012,0.0013,0.001,0.0013,1.45019E7,1.0000000000000005E-4
3.0,24.0,0.0013,0.0014,0.0012,0.0013,1.65638E7,0.0
3.0,23.0,0.0017,0.0018,0.0013,0.00149,4556900.0,-2.099999999999999E-4
3.0,20.0,0.00195,0.0021,0.0014,0.0017,9019600.0,-2.5E-4
3.0,19.0,0.0015,0.0021,0.0015,0.002,3.31705E7,5.0E-4
3.0,18.0,0.0011,0.0015,0.0011,0.0014,9042300.0,2.999999999999999E-4
3.0,17.0,0.00141,0.00141,0.0012,0.0012,5867100.0,-2.1000000000000012E-4
3.0,16.0,0.0015,0.0016,0.0013,0.00145,6431800.0,-5.000000000000013E-5
3.0,13.0,0.0012,0.0015,0.0012,0.0015,5132500.0,3.0000000000000014E-4
3.0,12.0,0.0014,0.0014,0.0012,0.0014,2025000.0,0.0
3.0,11.0,0.0016,0.0016,0.0013,0.0014,4211000.0,-2.000000000000001E-4
3.0,10.0,0.0017,0.0017,0.0011,0.0013,5645400.0,-3.9999999999999996E-4
3.0,9.0,0.0015,0.0022,0.0011,0.0017,1.51557E7,1.9999999999999987E-4
3.0,6.0,0.0018,0.0018,0.0014,0.0014,1.0168E7,-3.9999999999999996E-4
3.0,5.0,0.0019,0.0019,0.0015,0.0018,7579700.0,-1.0000000000000005E-4
3.0,4.0,0.00235,0.0025,0.0016,0.0018,2.96779E7,-5.500000000000001E-4
3.0,3.0,0.0033,0.0034,0.0016,0.0023,7.89681E7,-0.001
3.0,2.0,0.0041,0.0041,0.0026,0.0033,3.1424E7,-8.000000000000004E-4
2.0,27.0,0.0028,0.0044,0.0028,0.0037,2.66558E7,9.000000000000002E-4
2.0,26.0,0.0028,0.003,0.0024,0.0027,2.4394E7,-9.999999999999983E-5
2.0,25.0,0.0028,0.0033,0.0022,0.003,5.76027E7,2.000000000000001E-4
2.0,24.0,0.0027,0.0032,0.0025,0.0025,2.13986E7,-2.000000000000001E-4
2.0,23.0,0.0055,0.0055,0.0028,0.0031,3.03546E7,-0.0024
2.0,20.0,0.0043,0.0049,0.00385,0.004,7927000.0,-2.999999999999999E-4
2.0,19.0,0.0045,0.0048,0.0035,0.0042,1.79373E7,-2.999999999999999E-4
2.0,18.0,0.0045,0.005,0.0035,0.004,1.5517E7,-4.999999999999996E-4
2.0,17.0,0.0065,0.0075,0.0043,0.0047,9387900.0,-0.0017999999999999995
2.0,16.0,0.0058,0.0058,0.0058,0.0058,0.0,0.0
2.0,13.0,0.0075,0.0075,0.0049,0.0058,2.30827E7,-0.0017000000000000001
2.0,12.0,0.0062,0.0099,0.0055,0.0073,2.04605E7,0.0011000000000000003
2.0,11.0,0.00975,0.0105,0.0055,0.0062,3.31598E7,-0.00355
2.0,10.0,0.0085,0.0133,0.0077,0.0092,2.73097E7,6.999999999999992E-4
2.0,9.0,0.00345,0.0092,0.00345,0.0076,3.24974E7,0.00415
2.0,6.0,0.0025,0.003,0.0022,0.003,8726700.0,5.0E-4
2.0,5.0,0.003,0.003,0.002,0.0022,5023500.0,-7.999999999999999E-4
2.0,4.0,0.0047,0.0047,0.0021,0.003,1.69756E7,-0.0017000000000000001
2.0,3.0,0.0054,0.0054,0.0047,0.005,572900.0,-4.000000000000002E-4
2.0,2.0,0.005,0.0054,0.005,0.0054,93800.0,4.000000000000002E-4
1.0,30.0,0.0054,0.0054,0.0048,0.0048,265200.0,-6.000000000000007E-4
1.0,29.0,0.0064,0.0064,0.0045,0.0049,1094400.0,-0.0015000000000000005
1.0,28.0,0.0055,0.0065,0.0055,0.0064,1067300.0,9.000000000000006E-4
1.0,27.0,0.005,0.0057,0.005,0.0056,108700.0,5.999999999999998E-4
1.0,26.0,0.0049,0.0058,0.004,0.0045,1596200.0,-4.000000000000002E-4
1.0,23.0,0.0042,0.00495,0.0042,0.0049,488300.0,7.000000000000001E-4
1.0,22.0,0.0053,0.0059,0.0042,0.0042,520100.0,-0.0011000000000000003
1.0,21.0,0.0069,0.0069,0.0051,0.0051,1440100.0,-0.0017999999999999995
1.0,20.0,0.0076,0.0076,0.0067,0.0067,495700.0,-8.999999999999998E-4
1.0,19.0,0.007,0.007,0.007,0.007,0.0,0.0
1.0,16.0,0.0087,0.0087,0.007,0.007,399100.0,-0.0016999999999999993
1.0,15.0,0.0105,0.011,0.007,0.0085,1642700.0,-0.002
1.0,14.0,0.0111,0.012,0.0105,0.0111,752800.0,0.0
1.0,13.0,0.0132,0.0132,0.012,0.0122,688700.0,-9.999999999999992E-4
1.0,12.0,0.015,0.015,0.0131,0.0131,478000.0,-0.001899999999999999
1.0,9.0,0.0135,0.0144,0.01295,0.01295,339900.0,-5.500000000000001E-4
1.0,8.0,0.0155,0.0155,0.0131,0.01347,790000.0,-0.0020300000000000006
1.0,7.0,0.0154,0.0154,0.013,0.0131,343800.0,-0.0023
1.0,6.0,0.0126,0.0158,0.0126,0.0158,183700.0,0.0032000000000000015
1.0,5.0,0.014,0.0149,0.0122,0.0122,1061000.0,-0.0017999999999999995
1.0,2.0,0.0161,0.0163,0.0135,0.0143,1222200.0,-0.0017999999999999995
1.0,1.0,0.0161,0.0161,0.0161,0.0161,0.0,0.0
12.0,31.0,0.0175,0.0197,0.016,0.0161,1318300.0,-0.001400000000000002
12.0,30.0,0.0172,0.0219,0.0172,0.0219,119600.0,0.004699999999999999
12.0,29.0,0.0172,0.0185,0.017,0.0171,200100.0,-9.99999999999994E-5
12.0,26.0,0.0182,0.02005,0.017,0.0198,82900.0,0.0016000000000000007
12.0,25.0,0.0181,0.0181,0.0181,0.0181,0.0,0.0
12.0,24.0,0.0186,0.0186,0.0171,0.0181,117400.0,-4.99999999999997E-4
12.0,23.0,0.0189,0.01894,0.0186,0.0186,16900.0,-3.0000000000000165E-4
12.0,22.0,0.0189,0.023,0.0189,0.0189,4900.0,0.0
12.0,19.0,0.02,0.02012,0.0194,0.0198,27100.0,-1.999999999999988E-4
12.0,18.0,0.02009,0.021,0.0186,0.0196,86100.0,-4.900000000000009E-4
12.0,17.0,0.0201,0.02091,0.02,0.02,56200.0,-9.99999999999994E-5
12.0,16.0,0.023,0.023,0.0201,0.023,14200.0,0.0
12.0,15.0,0.0212,0.023,0.0203,0.023,28700.0,0.0017999999999999995
12.0,12.0,0.0219,0.023,0.02,0.0215,529400.0,-4.0000000000000105E-4
12.0,11.0,0.0236,0.0236,0.0201,0.0201,55000.0,-0.0034999999999999996
12.0,10.0,0.02,0.0237,0.02,0.0236,37100.0,0.003599999999999999
12.0,9.0,0.0201,0.0236,0.02,0.0236,47900.0,0.0034999999999999996
12.0,8.0,0.0203,0.023,0.02,0.023,45500.0,0.002700000000000001
12.0,5.0,0.0216,0.023,0.0203,0.023,7900.0,0.0013999999999999985
12.0,4.0,0.0202,0.0237,0.0202,0.0237,4900.0,0.0034999999999999996
12.0,3.0,0.0202,0.0212,0.0202,0.0212,10500.0,0.0010000000000000009
12.0,2.0,0.0202,0.02054,0.0202,0.0202,5900.0,0.0
12.0,1.0,0.0201,0.02225,0.02,0.0202,3400.0,9.99999999999994E-5
11.0,28.0,0.02046,0.02046,0.0201,0.0201,1900.0,-3.599999999999992E-4
11.0,27.0,0.0238,0.0238,0.0238,0.0238,0.0,0.0
11.0,26.0,0.02195,0.0239,0.02,0.0238,21200.0,0.001850000000000001
11.0,25.0,0.02039,0.0239,0.02039,0.0239,4000.0,0.0035100000000000027
11.0,24.0,0.02,0.023,0.02,0.0229,65700.0,0.0029
11.0,21.0,0.02205,0.024,0.0201,0.023,6600.0,9.499999999999995E-4
11.0,20.0,0.024,0.024,0.0201,0.024,32800.0,0.0
11.0,19.0,0.0278,0.0278,0.0201,0.024,1100.0,-0.003799999999999998
11.0,18.0,0.025,0.025,0.0186,0.024,128000.0,-0.0010000000000000009
11.0,17.0,0.02,0.0229,0.0181,0.0181,73600.0,-0.001899999999999999
11.0,14.0,0.022,0.0236,0.0191,0.0235,114300.0,0.0015000000000000013
11.0,13.0,0.02,0.0229,0.02,0.0223,4200.0,0.0023
11.0,12.0,0.0181,0.0237,0.0181,0.0237,4500.0,0.005599999999999997
11.0,11.0,0.0239,0.0239,0.0239,0.0239,600.0,0.0
11.0,10.0,0.0169,0.0239,0.0169,0.0239,48600.0,0.007000000000000003
11.0,7.0,0.023,0.023,0.02,0.0202,141000.0,-0.0028000000000000004
11.0,6.0,0.022,0.022,0.02,0.022,75100.0,0.0
11.0,5.0,0.0215,0.025,0.02,0.022,254600.0,5.000000000000004E-4
11.0,4.0,0.0212,0.026,0.0211,0.024,151600.0,0.0028000000000000004
11.0,3.0,0.0187,0.0219,0.0171,0.0211,171700.0,0.0023999999999999994
10.0,31.0,0.023,0.032,0.0177,0.0199,517200.0,-0.0030999999999999986
10.0,30.0,0.0217,0.023,0.0217,0.023,46200.0,0.001299999999999999
10.0,29.0,0.0217,0.023,0.0217,0.023,15200.0,0.001299999999999999
10.0,28.0,0.023,0.023,0.0217,0.023,8100.0,0.0
10.0,27.0,0.0204,0.0262,0.0204,0.023,28900.0,0.002599999999999998
10.0,24.0,0.0214,0.0235,0.0207,0.0235,185400.0,0.002100000000000001
10.0,23.0,0.02,0.0218,0.02,0.0215,27100.0,0.0014999999999999979
10.0,22.0,0.0208,0.0219,0.02,0.0217,171900.0,9.000000000000015E-4
10.0,21.0,0.0201,0.0219,0.0201,0.0201,21200.0,0.0
10.0,20.0,0.0223,0.0223,0.02,0.0219,24900.0,-4.0000000000000105E-4
10.0,17.0,0.0222,0.0222,0.0202,0.022,1500.0,-2.0000000000000226E-4
10.0,16.0,0.019,0.0222,0.0176,0.0222,24900.0,0.0032000000000000015
10.0,15.0,0.019,0.019,0.0176,0.018,16900.0,-0.0010000000000000009
10.0,14.0,0.0165,0.019,0.0165,0.018,46200.0,0.0014999999999999979
10.0,13.0,0.0181,0.019,0.0152,0.0164,35400.0,-0.0017000000000000001
10.0,10.0,0.019,0.02,0.0185,0.0191,3700.0,9.99999999999994E-5
10.0,9.0,0.02,0.02,0.019,0.02,65100.0,0.0
10.0,8.0,0.019,0.02,0.019,0.02,71500.0,0.0010000000000000009
10.0,7.0,0.019,0.019,0.019,0.019,58000.0,0.0
10.0,6.0,0.0184,0.022,0.0181,0.0199,84300.0,0.0015000000000000013
10.0,3.0,0.0214,0.0214,0.0214,0.0214,0.0,0.0
10.0,2.0,0.0186,0.0215,0.0186,0.0214,1800.0,0.0028000000000000004
10.0,1.0,0.022,0.022,0.0181,0.0215,11900.0,-5.000000000000004E-4
9.0,30.0,0.02,0.023,0.019,0.0225,53500.0,0.0024999999999999988
9.0,29.0,0.019,0.02,0.019,0.02,182600.0,0.0010000000000000009
9.0,26.0,0.02,0.02,0.0192,0.02,139500.0,0.0
9.0,25.0,0.018,0.021,0.018,0.02,98000.0,0.0020000000000000018
9.0,24.0,0.0228,0.0228,0.0211,0.022,71100.0,-8.000000000000021E-4
9.0,23.0,0.017,0.0205,0.017,0.02,107900.0,0.002999999999999999
9.0,22.0,0.0219,0.0219,0.0175,0.0199,49900.0,-0.0019999999999999983
9.0,19.0,0.0178,0.0219,0.0178,0.0199,217700.0,0.002100000000000001
9.0,18.0,0.0235,0.0235,0.0165,0.017,262000.0,-0.006499999999999999
9.0,17.0,0.0219,0.024,0.0165,0.0202,1504300.0,-0.0017000000000000001
9.0,16.0,0.0273,0.0305,0.0214,0.0219,643900.0,-0.005400000000000002
9.0,15.0,0.0411,0.049,0.0231,0.03,1864100.0,-0.011099999999999999
9.0,12.0,0.0351,0.044,0.0351,0.042,325000.0,0.006900000000000003
9.0,11.0,0.0337,0.048,0.0337,0.0351,269100.0,0.0013999999999999985
9.0,10.0,0.0435,0.048,0.0305,0.0337,1282700.0,-0.009799999999999996
9.0,9.0,0.035,0.042,0.035,0.0415,141700.0,0.006499999999999999
9.0,8.0,0.0376,0.0449,0.0375,0.04,304800.0,0.0023999999999999994
9.0,5.0,0.0395,0.04,0.0395,0.0395,118500.0,0.0
9.0,4.0,0.0361,0.04,0.0361,0.04,188700.0,0.0039000000000000007
9.0,3.0,0.0382,0.045,0.036,0.0397,508800.0,0.0015000000000000013
9.0,2.0,0.0342,0.049,0.0342,0.0449,469000.0,0.010700000000000001
9.0,1.0,0.0395,0.0395,0.0395,0.0395,0.0,0.0
8.0,29.0,0.0387,0.042,0.0371,0.0395,626000.0,8.000000000000021E-4
8.0,28.0,0.0447,0.05,0.0341,0.0387,1076900.0,-0.005999999999999998
8.0,27.0,0.0535,0.0535,0.0432,0.0446,384800.0,-0.008899999999999998
8.0,26.0,0.044,0.0545,0.0432,0.044,1281200.0,0.0
8.0,25.0,0.0373,0.054,0.037,0.0443,1063500.0,0.006999999999999999
8.0,22.0,0.0374,0.0374,0.034,0.0373,180400.0,-1.0000000000000286E-4
8.0,21.0,0.0333,0.0397,0.0308,0.0377,274500.0,0.004399999999999994
8.0,20.0,0.0399,0.0399,0.0333,0.0397,97100.0,-1.999999999999988E-4
8.0,19.0,0.0355,0.0405,0.0301,0.0399,184400.0,0.004400000000000001
8.0,18.0,0.04,0.0415,0.033,0.0405,342700.0,5.000000000000004E-4
8.0,15.0,0.0301,0.0415,0.03,0.0415,163400.0,0.011400000000000004
8.0,14.0,0.0357,0.0378,0.032,0.0349,147800.0,-8.000000000000021E-4
8.0,13.0,0.0357,0.0379,0.0336,0.0378,53600.0,0.0020999999999999977
8.0,12.0,0.0383,0.041,0.0336,0.038,154400.0,-3.0000000000000165E-4
8.0,11.0,0.0237,0.0415,0.0237,0.0403,1161400.0,0.016600000000000004
8.0,8.0,0.0219,0.0237,0.0219,0.0233,194700.0,0.001400000000000002
8.0,7.0,0.0235,0.0237,0.021,0.0237,342700.0,1.999999999999988E-4
8.0,6.0,0.02,0.024,0.0181,0.0235,768300.0,0.0034999999999999996
8.0,5.0,0.0209,0.024,0.0181,0.0214,558700.0,5.000000000000004E-4
8.0,4.0,0.015,0.024,0.0135,0.0189,913000.0,0.0039000000000000007
8.0,1.0,0.012,0.0135,0.012,0.0135,24100.0,0.0014999999999999996
7.0,31.0,0.014,0.0147,0.012,0.013,393800.0,-0.0010000000000000009
7.0,30.0,0.015,0.015,0.014,0.014,9100.0,-9.999999999999992E-4
7.0,29.0,0.0155,0.0199,0.014,0.0141,245100.0,-0.0014000000000000002
7.0,28.0,0.0199,0.0199,0.0155,0.0155,147700.0,-0.004400000000000001
7.0,25.0,0.0185,0.02,0.0153,0.019,415100.0,5.000000000000004E-4
7.0,24.0,0.0177,0.0181,0.0152,0.0152,36500.0,-0.0025000000000000005
7.0,23.0,0.0199,0.0199,0.0145,0.0151,450200.0,-0.0048000000000000004
7.0,22.0,0.0218,0.0218,0.0168,0.0199,21900.0,-0.001899999999999999
7.0,21.0,0.016,0.022,0.0156,0.0219,547100.0,0.005899999999999999
7.0,18.0,0.0228,0.0228,0.0153,0.0176,250500.0,-0.0052
7.0,17.0,0.018,0.0238,0.0142,0.0229,274800.0,0.004900000000000002
7.0,16.0,0.0193,0.0193,0.0159,0.0164,1900.0,-0.0029
7.0,15.0,0.02,0.0225,0.017,0.0197,221800.0,-3.0000000000000165E-4
7.0,14.0,0.0195,0.02,0.019,0.02,74500.0,5.000000000000004E-4
7.0,11.0,0.0182,0.024,0.0182,0.0239,12400.0,0.0057
7.0,10.0,0.0181,0.0181,0.0181,0.0181,1300.0,0.0
7.0,9.0,0.0199,0.0244,0.0184,0.024,120600.0,0.0040999999999999995
7.0,8.0,0.0216,0.0223,0.02,0.02,115500.0,-0.0016000000000000007
7.0,7.0,0.0215,0.0249,0.0215,0.022,168400.0,5.000000000000004E-4
7.0,4.0,0.0215,0.0215,0.0215,0.0215,0.0,0.0
7.0,3.0,0.0235,0.0235,0.0215,0.0215,114000.0,-0.0020000000000000018
7.0,2.0,0.0243,0.0254,0.022,0.0225,59500.0,-0.0017999999999999995
7.0,1.0,0.0249,0.0271,0.022,0.022,190300.0,-0.0029
6.0,30.0,0.0253,0.0297,0.0249,0.0249,104600.0,-4.0000000000000105E-4
6.0,27.0,0.0252,0.0304,0.0252,0.0304,160900.0,0.0052
6.0,26.0,0.0295,0.0312,0.0251,0.0252,110200.0,-0.004299999999999998
6.0,25.0,0.0301,0.0309,0.0295,0.0295,46800.0,-5.999999999999998E-4
6.0,24.0,0.03,0.034,0.0295,0.0333,173100.0,0.0033000000000000043
6.0,23.0,0.0351,0.0377,0.03,0.03,250000.0,-0.0051
6.0,20.0,0.0377,0.0377,0.03,0.0302,211700.0,-0.007499999999999996
6.0,19.0,0.031,0.038,0.03,0.0379,283300.0,0.006900000000000003
6.0,18.0,0.0364,0.04,0.029,0.03,526100.0,-0.006400000000000003
6.0,17.0,0.0369,0.0418,0.0369,0.0404,1500.0,0.003499999999999996
6.0,16.0,0.0355,0.045,0.0355,0.0393,3700.0,0.0038000000000000048
6.0,13.0,0.044,0.045,0.0353,0.0377,331100.0,-0.0063
6.0,12.0,0.0436,0.0473,0.037,0.0391,538900.0,-0.004499999999999997
6.0,11.0,0.0435,0.0499,0.04,0.048,109000.0,0.004500000000000004
6.0,10.0,0.035,0.0509,0.035,0.0508,333300.0,0.015799999999999995
6.0,9.0,0.036,0.0399,0.0328,0.037,162600.0,0.0010000000000000009
6.0,6.0,0.0404,0.0419,0.039,0.0399,87000.0,-5.000000000000004E-4
6.0,5.0,0.0425,0.0425,0.04,0.04,52500.0,-0.0025000000000000022
6.0,4.0,0.0467,0.0467,0.04,0.044,184100.0,-0.002700000000000001
6.0,3.0,0.045,0.0499,0.04,0.04,365200.0,-0.0049999999999999975
6.0,2.0,0.0477,0.0509,0.0476,0.0479,9200.0,1.999999999999988E-4
5.0,30.0,0.0474,0.0474,0.0474,0.0474,200.0,0.0
5.0,29.0,0.051,0.051,0.051,0.051,9600.0,0.0
5.0,28.0,0.0495,0.0519,0.049,0.049,202700.0,-5.000000000000004E-4
5.0,27.0,0.0469,0.0495,0.0469,0.0471,10200.0,2.0000000000000573E-4
5.0,26.0,0.0469,0.0469,0.0469,0.0469,0.0,0.0
5.0,23.0,0.053,0.053,0.0469,0.0469,26000.0,-0.006100000000000001
5.0,22.0,0.0504,0.0532,0.0451,0.0464,106200.0,-0.0040000000000000036
5.0,21.0,0.051,0.052,0.051,0.052,26500.0,0.0010000000000000009
5.0,20.0,0.0517,0.055,0.05,0.05,52900.0,-0.0017000000000000001
5.0,19.0,0.0501,0.057,0.0501,0.055,31200.0,0.004900000000000002
5.0,16.0,0.0485,0.0749,0.0485,0.057,290300.0,0.0085
5.0,15.0,0.0451,0.0535,0.0451,0.0482,17100.0,0.0030999999999999986
5.0,14.0,0.0453,0.0535,0.0453,0.0535,169600.0,0.008199999999999999
5.0,13.0,0.049,0.0498,0.043,0.049,242200.0,0.0
5.0,12.0,0.053,0.053,0.0411,0.049,260400.0,-0.003999999999999997
5.0,9.0,0.0595,0.09,0.045,0.05,1209700.0,-0.009499999999999995
5.0,8.0,0.0589,0.0595,0.0522,0.0595,114100.0,5.999999999999964E-4
5.0,7.0,0.0481,0.0594,0.045,0.0589,111300.0,0.010800000000000004
5.0,6.0,0.0453,0.0595,0.0453,0.0469,12200.0,0.0015999999999999973
5.0,5.0,0.0421,0.063,0.0421,0.0453,125900.0,0.0032000000000000015
5.0,2.0,0.046,0.055,0.046,0.055,12700.0,0.009000000000000001
5.0,1.0,0.0454,0.05,0.0454,0.05,25700.0,0.0046
4.0,30.0,0.044,0.05,0.044,0.0454,20400.0,0.0014000000000000054
4.0,29.0,0.0423,0.05,0.0423,0.05,53500.0,0.0077000000000000055
4.0,28.0,0.0451,0.05,0.0421,0.0499,197000.0,0.004799999999999999
4.0,25.0,0.05,0.056,0.0451,0.0451,22400.0,-0.004900000000000002
4.0,24.0,0.045,0.055,0.0444,0.055,84700.0,0.010000000000000002
4.0,23.0,0.053,0.055,0.05,0.05,137000.0,-0.0029999999999999957
4.0,22.0,0.0545,0.059,0.05,0.057,294300.0,0.0025000000000000022
4.0,21.0,0.0637,0.0739,0.05,0.06,813700.0,-0.003700000000000009
4.0,18.0,0.0638,0.0638,0.0638,0.0638,0.0,0.0
4.0,17.0,0.0638,0.0638,0.06,0.0638,72000.0,0.0
4.0,16.0,0.0638,0.0638,0.05,0.06,204900.0,-0.003799999999999998
4.0,15.0,0.0542,0.0638,0.05,0.0638,154600.0,0.009599999999999997
4.0,14.0,0.0575,0.0639,0.05,0.0541,185900.0,-0.0034000000000000002
4.0,11.0,0.065,0.065,0.05,0.0599,118000.0,-0.0051
4.0,10.0,0.0612,0.067,0.06,0.06,139300.0,-0.0011999999999999997
4.0,9.0,0.067,0.067,0.058,0.06,150500.0,-0.007000000000000006
4.0,8.0,0.06,0.068,0.055,0.0557,89500.0,-0.004299999999999998
4.0,7.0,0.0641,0.074,0.06,0.068,187700.0,0.0039000000000000007
4.0,4.0,0.0821,0.0821,0.062,0.063,377500.0,-0.019100000000000006
4.0,3.0,0.0714,0.08,0.0714,0.08,14200.0,0.008599999999999997
4.0,2.0,0.0817,0.0855,0.069,0.08,232400.0,-0.0016999999999999932
4.0,1.0,0.0871,0.0988,0.078,0.087,272000.0,-1.0000000000000286E-4
3.0,31.0,0.0925,0.103,0.085,0.091,47400.0,-0.0015000000000000013
3.0,28.0,0.09,0.105,0.087,0.1,288800.0,0.010000000000000009
3.0,27.0,0.1015,0.1032,0.09,0.09,119200.0,-0.01150000000000001
3.0,26.0,0.113,0.113,0.101,0.109,156400.0,-0.0040000000000000036
3.0,25.0,0.1141,0.121,0.113,0.113,99400.0,-0.0010999999999999899
3.0,24.0,0.124,0.124,0.1141,0.121,174800.0,-0.0030000000000000027
3.0,21.0,0.1245,0.1245,0.114,0.124,245500.0,-5.000000000000004E-4
3.0,20.0,0.128,0.128,0.113,0.114,135200.0,-0.013999999999999999
3.0,19.0,0.1215,0.13,0.12,0.1225,86900.0,0.0010000000000000009
3.0,18.0,0.125,0.135,0.115,0.125,250500.0,0.0
3.0,17.0,0.143,0.15,0.131,0.131,56200.0,-0.011999999999999983
3.0,14.0,0.135,0.15,0.135,0.143,107000.0,0.00799999999999998
3.0,13.0,0.156,0.16,0.125,0.1414,267100.0,-0.014600000000000002
3.0,12.0,0.1701,0.1725,0.1501,0.1625,179500.0,-0.007599999999999996
3.0,11.0,0.18,0.1896,0.17,0.1893,105600.0,0.009300000000000003
3.0,10.0,0.1999,0.1999,0.172,0.177,62600.0,-0.022900000000000004
3.0,7.0,0.178,0.2,0.17,0.195,94300.0,0.017000000000000015
3.0,6.0,0.185,0.2,0.17,0.178,193700.0,-0.007000000000000006
3.0,5.0,0.19,0.2088,0.185,0.185,69600.0,-0.0050000000000000044
3.0,4.0,0.2069,0.2089,0.185,0.2088,232200.0,0.0019000000000000128
3.0,3.0,0.1866,0.2,0.18,0.188,189200.0,0.0014000000000000123
2.0,28.0,0.1999,0.2089,0.18,0.1866,202300.0,-0.013300000000000006
2.0,27.0,0.1826,0.202,0.1826,0.185,196600.0,0.0023999999999999855
2.0,26.0,0.175,0.2149,0.175,0.2,99200.0,0.025000000000000022
2.0,25.0,0.2,0.2,0.175,0.2,137000.0,0.0
2.0,24.0,0.21,0.21,0.18,0.185,206600.0,-0.024999999999999994
2.0,21.0,0.23,0.24,0.19,0.195,552400.0,-0.035
2.0,20.0,0.255,0.26,0.23,0.2301,295800.0,-0.024900000000000005
2.0,19.0,0.265,0.2749,0.25,0.255,87700.0,-0.010000000000000009
2.0,18.0,0.28,0.29,0.265,0.265,83300.0,-0.015000000000000013
2.0,17.0,0.29,0.29,0.29,0.29,0.0,0.0
2.0,14.0,0.265,0.31,0.265,0.29,60700.0,0.024999999999999967
2.0,13.0,0.3,0.3,0.28,0.28,131400.0,-0.019999999999999962
2.0,12.0,0.285,0.29,0.26,0.29,201200.0,0.0050000000000000044
2.0,11.0,0.2925,0.295,0.27,0.28,98700.0,-0.012499999999999956
2.0,10.0,0.28,0.33,0.28,0.29,123100.0,0.009999999999999953
2.0,7.0,0.29,0.34,0.27,0.2901,275600.0,1.000000000000445E-4
2.0,6.0,0.285,0.314,0.285,0.298,197100.0,0.013000000000000012
2.0,5.0,0.3901,0.4,0.28,0.3,515100.0,-0.09010000000000001
2.0,4.0,0.42,0.4325,0.375,0.3901,361200.0,-0.029899999999999982
2.0,3.0,0.4425,0.487,0.425,0.4285,180100.0,-0.014000000000000012
1.0,31.0,0.44,0.45,0.425,0.45,55400.0,0.010000000000000009
1.0,30.0,0.459,0.459,0.44,0.45,82700.0,-0.009000000000000008
1.0,29.0,0.4455,0.465,0.44,0.45,153100.0,0.004500000000000004
1.0,28.0,0.495,0.5,0.425,0.45,200500.0,-0.044999999999999984
1.0,27.0,0.47,0.503,0.47,0.49,196000.0,0.020000000000000018
1.0,24.0,0.5,0.508,0.47,0.47,160900.0,-0.030000000000000027
1.0,23.0,0.5,0.51,0.491,0.495,170000.0,-0.0050000000000000044
1.0,22.0,0.57,0.58,0.475,0.5,732700.0,-0.06999999999999995
1.0,21.0,0.605,0.635,0.58,0.58,288600.0,-0.025000000000000022
1.0,20.0,0.6145,0.6145,0.6145,0.6145,0.0,0.0
1.0,17.0,0.61,0.64,0.593,0.6145,378000.0,0.0045000000000000595
1.0,16.0,0.71,0.71,0.6,0.606,767700.0,-0.10399999999999998
1.0,15.0,0.775,0.775,0.69,0.71,520300.0,-0.06500000000000006
1.0,14.0,0.76,0.76,0.725,0.752,364300.0,-0.008000000000000007
1.0,13.0,0.7,0.74,0.69,0.72,336100.0,0.020000000000000018
1.0,10.0,0.7,0.71,0.67,0.695,186600.0,-0.0050000000000000044
1.0,9.0,0.73,0.75,0.65,0.7,312400.0,-0.030000000000000027
1.0,8.0,0.81,0.81,0.722,0.75,338200.0,-0.06000000000000005
1.0,7.0,0.789,0.8095,0.776,0.8,333000.0,0.01100000000000001
1.0,6.0,0.75,0.78,0.74,0.779,435900.0,0.029000000000000026
1.0,3.0,0.703,0.743,0.6951,0.735,286300.0,0.03200000000000003
1.0,2.0,0.6875,0.73,0.685,0.695,225200.0,0.007499999999999951
1.0,1.0,0.72,0.72,0.72,0.72,0.0,0.0
12.0,31.0,0.718,0.726,0.695,0.72,199000.0,0.0020000000000000018
12.0,30.0,0.719,0.719,0.681,0.712,300700.0,-0.007000000000000006
12.0,27.0,0.66,0.67,0.64,0.67,235200.0,0.010000000000000009
12.0,26.0,0.7,0.705,0.651,0.662,374300.0,-0.03799999999999992
12.0,25.0,0.705,0.705,0.705,0.705,0.0,0.0
12.0,24.0,0.749,0.75,0.701,0.705,291300.0,-0.04400000000000004
12.0,23.0,0.735,0.74,0.631,0.73,603500.0,-0.0050000000000000044
12.0,20.0,0.695,0.75,0.685,0.73,490400.0,0.03500000000000003
12.0,19.0,0.655,0.723,0.6,0.691,817300.0,0.03599999999999992
12.0,18.0,0.741,0.78,0.65,0.6501,1440900.0,-0.09089999999999998
12.0,17.0,0.65,0.7485,0.6492,0.715,2376500.0,0.06499999999999995
12.0,16.0,0.58,0.606,0.556,0.606,285800.0,0.026000000000000023
12.0,13.0,0.44,0.6452,0.422,0.54,147100.0,0.10000000000000003
12.0,12.0,0.42,0.456,0.404,0.44,166600.0,0.020000000000000018
12.0,11.0,0.528,0.5349,0.43,0.505,267600.0,-0.02300000000000002
12.0,10.0,0.587,0.5999,0.511,0.53,310800.0,-0.05699999999999994
12.0,9.0,0.64,0.66,0.575,0.6,160400.0,-0.040000000000000036
12.0,6.0,0.69,0.69,0.625,0.625,119600.0,-0.06499999999999995
12.0,5.0,0.695,0.695,0.665,0.69,164200.0,-0.0050000000000000044
12.0,4.0,0.757,0.757,0.65,0.695,277300.0,-0.062000000000000055
12.0,3.0,0.755,0.758,0.712,0.755,268200.0,0.0
12.0,2.0,0.81,0.81,0.72,0.755,229300.0,-0.05500000000000005
11.0,29.0,0.79,0.83,0.77,0.805,169900.0,0.015000000000000013
11.0,28.0,0.77,0.77,0.77,0.77,0.0,0.0
11.0,27.0,0.81,0.82,0.68,0.77,593100.0,-0.040000000000000036
11.0,26.0,0.91,0.91,0.805,0.82,363900.0,-0.09000000000000008
11.0,25.0,0.88,0.92,0.85,0.91,371600.0,0.030000000000000027
11.0,22.0,0.8,0.885,0.783,0.865,249500.0,0.06499999999999995
11.0,21.0,0.96,0.98,0.76,0.785,590700.0,-0.17499999999999993
11.0,20.0,0.89,0.98,0.89,0.9491,459800.0,0.05910000000000004
11.0,19.0,0.85,0.91,0.811,0.905,337000.0,0.05500000000000005
11.0,18.0,0.775,0.869,0.75,0.85,805400.0,0.07499999999999996
11.0,15.0,0.855,0.9,0.56,0.705,1528600.0,-0.15000000000000002
11.0,14.0,1.1,1.1,0.89,0.9581,1054700.0,-0.14190000000000014
11.0,13.0,1.07,1.2,0.985,1.16,393100.0,0.08999999999999986
11.0,12.0,1.27,1.28,0.91,1.08,1579700.0,-0.18999999999999995
11.0,11.0,1.235,1.28,1.22,1.25,535700.0,0.014999999999999902
11.0,8.0,1.198,1.23,1.18,1.21,349100.0,0.01200000000000001
11.0,7.0,1.178,1.21,1.15,1.18,342900.0,0.0020000000000000018
11.0,6.0,1.15,1.24,1.14,1.17,1166100.0,0.020000000000000018
11.0,5.0,1.098,1.15,1.09,1.12,481200.0,0.02200000000000002
11.0,4.0,1.07,1.11,1.046,1.08,309000.0,0.010000000000000009
11.0,1.0,1.038,1.06,0.96,1.05,308600.0,0.01200000000000001
10.0,31.0,1.025,1.05,0.82,1.03,562000.0,0.0050000000000001155
10.0,30.0,0.995,1.11,0.99,1.01,1007600.0,0.015000000000000013
10.0,29.0,0.9,1.04,0.9,0.98,566000.0,0.07999999999999996
10.0,28.0,0.925,0.947,0.86,0.9,298100.0,-0.025000000000000022
10.0,25.0,0.86,0.93,0.69,0.86,199900.0,0.0
10.0,24.0,0.945,0.945,0.7,0.87,302900.0,-0.07499999999999996
10.0,23.0,0.92,0.975,0.91,0.93,457700.0,0.010000000000000009
10.0,22.0,0.9,0.92,0.85,0.91,146200.0,0.010000000000000009
10.0,21.0,0.895,0.915,0.88,0.89,276600.0,-0.0050000000000000044
10.0,18.0,0.855,0.875,0.82,0.87,103300.0,0.015000000000000013
10.0,17.0,0.845,0.87,0.76,0.85,169200.0,0.0050000000000000044
10.0,16.0,0.75,0.84,0.75,0.83,140400.0,0.07999999999999996
10.0,15.0,0.75,0.75,0.75,0.75,4000.0,0.0
10.0,14.0,0.6456,0.6456,0.6456,0.6456,0.0,0.0
10.0,11.0,0.6456,0.6456,0.6456,0.6456,0.0,0.0
10.0,10.0,0.6456,0.6456,0.6456,0.6456,0.0,0.0
10.0,9.0,0.6456,0.6456,0.6456,0.6456,1000.0,0.0
10.0,8.0,0.6,0.6,0.6,0.6,1000.0,0.0
10.0,7.0,0.74,0.75,0.74,0.75,3000.0,0.010000000000000009
10.0,4.0,0.8,0.84,0.79,0.84,4100.0,0.039999999999999925
10.0,3.0,0.42857,0.42857,0.42857,0.42857,0.0,0.0
10.0,2.0,0.42857,0.42857,0.42857,0.42857,0.0,0.0
10.0,1.0,0.42857,0.42857,0.42857,0.42857,0.0,0.0
9.0,30.0,0.42857,0.42857,0.42857,0.42857,0.0,0.0
9.0,27.0,0.42857,0.42857,0.42857,0.42857,0.0,0.0
9.0,26.0,0.42857,0.42857,0.42857,0.42857,0.0,0.0
9.0,25.0,0.42857,0.42857,0.42857,0.42857,0.0,0.0
9.0,24.0,0.42857,0.42857,0.42857,0.42857,0.0,0.0
9.0,23.0,0.42857,0.42857,0.42857,0.42857,0.0,0.0
9.0,20.0,0.42857,0.42857,0.42857,0.42857,0.0,0.0
9.0,19.0,0.42857,0.42857,0.42857,0.42857,0.0,0.0
9.0,18.0,0.42857,0.42857,0.42857,0.42857,0.0,0.0
9.0,17.0,0.42857,0.42857,0.42857,0.42857,0.0,0.0
9.0,16.0,0.42857,0.42857,0.42857,0.42857,0.0,0.0
9.0,13.0,0.42857,0.42857,0.42857,0.42857,0.0,0.0
9.0,12.0,0.42857,0.42857,0.42857,0.42857,0.0,0.0
9.0,11.0,0.42857,0.42857,0.42857,0.42857,0.0,0.0
9.0,10.0,0.42857,0.42857,0.42857,0.42857,0.0,0.0
9.0,9.0,0.42857,0.42857,0.42857,0.42857,0.0,0.0
9.0,6.0,0.42857,0.42857,0.42857,0.42857,0.0,0.0
9.0,5.0,0.42857,0.42857,0.42857,0.42857,0.0,0.0
9.0,4.0,0.42857,0.42857,0.42857,0.42857,0.0,0.0
9.0,3.0,0.42857,0.42857,0.42857,0.42857,0.0,0.0
9.0,2.0,5.99998,5.99998,5.99998,5.99998,0.0,0.0
8.0,30.0,5.99998,5.99998,5.99998,5.99998,0.0,0.0
8.0,29.0,5.99998,5.99998,5.99998,5.99998,0.0,0.0
8.0,28.0,5.99998,5.99998,5.99998,5.99998,0.0,0.0
8.0,27.0,5.99998,5.99998,5.99998,5.99998,0.0,0.0
8.0,26.0,5.99998,5.99998,5.99998,5.99998,0.0,0.0
8.0,23.0,5.99998,5.99998,5.99998,5.99998,0.0,0.0
8.0,22.0,5.99998,5.99998,5.99998,5.99998,0.0,0.0
8.0,21.0,5.99998,5.99998,5.99998,5.99998,0.0,0.0
8.0,20.0,5.99998,5.99998,5.99998,5.99998,0.0,0.0
8.0,19.0,5.99998,5.99998,5.99998,5.99998,0.0,0.0
8.0,16.0,5.99998,5.99998,5.99998,5.99998,0.0,0.0
8.0,15.0,5.99998,5.99998,5.99998,5.99998,0.0,0.0
8.0,14.0,5.99998,5.99998,5.99998,5.99998,0.0,0.0
8.0,13.0,5.99998,5.99998,5.99998,5.99998,0.0,0.0
8.0,12.0,5.99998,5.99998,5.99998,5.99998,0.0,0.0
8.0,9.0,5.99998,5.99998,5.99998,5.99998,0.0,0.0
8.0,8.0,5.99998,5.99998,5.99998,5.99998,0.0,0.0
8.0,7.0,5.99998,5.99998,5.99998,5.99998,0.0,0.0
8.0,6.0,5.99998,5.99998,5.99998,5.99998,0.0,0.0
8.0,5.0,5.99998,5.99998,5.99998,5.99998,0.0,0.0
8.0,2.0,5.99998,5.99998,5.99998,5.99998,0.0,0.0
8.0,1.0,5.99998,5.99998,5.99998,5.99998,0.0,0.0
7.0,31.0,5.99998,5.99998,5.99998,5.99998,0.0,0.0
7.0,30.0,5.99998,5.99998,5.99998,5.99998,0.0,0.0
7.0,29.0,5.99998,5.99998,5.99998,5.99998,0.0,0.0
7.0,26.0,5.99998,5.99998,5.99998,5.99998,0.0,0.0
7.0,25.0,5.99998,5.99998,5.99998,5.99998,0.0,0.0
7.0,24.0,5.99998,5.99998,5.99998,5.99998,0.0,0.0
7.0,23.0,5.99998,5.99998,5.99998,5.99998,5600.0,0.0
7.0,22.0,3.99994,3.99994,3.99994,3.99994,0.0,0.0
7.0,19.0,3.99994,3.99994,3.99994,3.99994,0.0,0.0
7.0,18.0,3.99994,3.99994,3.99994,3.99994,0.0,0.0
7.0,17.0,3.99994,3.99994,3.99994,3.99994,0.0,0.0
7.0,16.0,3.99994,3.99994,3.99994,3.99994,0.0,0.0
7.0,15.0,3.99994,3.99994,3.99994,3.99994,0.0,0.0
7.0,12.0,3.99994,3.99994,3.99994,3.99994,0.0,0.0
7.0,11.0,3.99994,3.99994,3.99994,3.99994,0.0,0.0
7.0,10.0,3.99994,3.99994,3.99994,3.99994,0.0,0.0
7.0,9.0,3.99994,3.99994,3.99994,3.99994,0.0,0.0
7.0,8.0,3.99994,3.99994,3.99994,3.99994,0.0,0.0
7.0,5.0,3.99994,3.99994,3.99994,3.99994,0.0,0.0
7.0,4.0,3.99994,3.99994,3.99994,3.99994,0.0,0.0
7.0,3.0,3.99994,3.99994,3.99994,3.99994,0.0,0.0
7.0,2.0,3.99994,3.99994,3.99994,3.99994,0.0,0.0
7.0,1.0,3.99994,3.99994,3.99994,3.99994,0.0,0.0
6.0,28.0,3.99994,3.99994,3.99994,3.99994,0.0,0.0
6.0,27.0,3.99994,3.99994,3.99994,3.99994,0.0,0.0
6.0,26.0,3.99994,3.99994,3.99994,3.99994,0.0,0.0
6.0,25.0,3.99994,3.99994,3.99994,3.99994,0.0,0.0
6.0,24.0,3.99994,3.99994,3.99994,3.99994,0.0,0.0
6.0,21.0,3.99994,3.99994,3.99994,3.99994,0.0,0.0
6.0,20.0,3.99994,3.99994,3.99994,3.99994,14000.0,0.0
6.0,19.0,2.86006,2.86006,2.86006,2.86006,0.0,0.0
6.0,18.0,2.86006,2.86006,2.86006,2.86006,0.0,0.0
6.0,17.0,2.86006,2.86006,2.86006,2.86006,0.0,0.0
6.0,14.0,2.86006,2.86006,2.86006,2.86006,0.0,0.0
6.0,13.0,2.86006,2.86006,2.86006,2.86006,0.0,0.0
6.0,12.0,2.86006,2.86006,2.86006,2.86006,0.0,0.0
6.0,11.0,2.86006,2.86006,2.86006,2.86006,0.0,0.0
6.0,10.0,2.86006,2.86006,2.86006,2.86006,0.0,0.0
6.0,7.0,2.86006,2.86006,2.86006,2.86006,0.0,0.0
6.0,6.0,2.86006,2.86006,2.86006,2.86006,0.0,0.0
6.0,5.0,2.86006,2.86006,2.86006,2.86006,0.0,0.0
6.0,4.0,2.86006,2.86006,2.86006,2.86006,0.0,0.0
6.0,3.0,2.86006,2.86006,2.86006,2.86006,0.0,0.0
5.0,31.0,2.86006,2.86006,2.86006,2.86006,0.0,0.0
5.0,30.0,2.86006,2.86006,2.86006,2.86006,0.0,0.0
5.0,29.0,2.86006,2.86006,2.86006,2.86006,0.0,0.0
5.0,28.0,2.86006,2.86006,2.86006,2.86006,0.0,0.0
5.0,27.0,2.86006,2.86006,2.86006,2.86006,0.0,0.0
5.0,24.0,2.86006,2.86006,2.86006,2.86006,0.0,0.0
5.0,23.0,2.86006,2.86006,2.86006,2.86006,0.0,0.0
5.0,22.0,2.86006,2.86006,2.86006,2.86006,0.0,0.0
5.0,21.0,2.86006,2.86006,2.86006,2.86006,0.0,0.0
5.0,20.0,2.86006,2.86006,2.86006,2.86006,0.0,0.0
5.0,17.0,2.86006,2.86006,2.86006,2.86006,0.0,0.0
5.0,16.0,2.86006,2.86006,2.86006,2.86006,0.0,0.0
5.0,15.0,2.86006,2.86006,2.86006,2.86006,0.0,0.0
5.0,14.0,2.86006,2.86006,2.86006,2.86006,0.0,0.0
5.0,13.0,2.86006,2.86006,2.86006,2.86006,0.0,0.0
5.0,10.0,2.86006,2.86006,2.86006,2.86006,0.0,0.0
5.0,9.0,2.86006,2.86006,2.86006,2.86006,0.0,0.0
5.0,8.0,2.86006,2.86006,2.86006,2.86006,0.0,0.0
5.0,7.0,2.86006,2.86006,2.86006,2.86006,0.0,0.0
5.0,6.0,2.86006,2.86006,2.86006,2.86006,0.0,0.0
5.0,3.0,2.86006,2.86006,2.86006,2.86006,0.0,0.0
5.0,2.0,2.86006,2.86006,2.86006,2.86006,0.0,0.0
5.0,1.0,2.86006,2.86006,2.86006,2.86006,0.0,0.0
4.0,30.0,2.86006,2.86006,2.86006,2.86006,0.0,0.0
4.0,29.0,2.86006,2.86006,2.86006,2.86006,0.0,0.0
4.0,26.0,2.86006,2.86006,2.86006,2.86006,0.0,0.0
4.0,25.0,2.86006,2.86006,2.86006,2.86006,0.0,0.0
4.0,24.0,2.86006,2.86006,2.86006,2.86006,0.0,0.0
4.0,23.0,2.86006,2.86006,2.86006,2.86006,0.0,0.0
4.0,22.0,2.86006,2.86006,2.86006,2.86006,0.0,0.0
4.0,19.0,2.86006,2.86006,2.86006,2.86006,0.0,0.0
4.0,18.0,2.86006,2.86006,2.86006,2.86006,0.0,0.0
4.0,17.0,2.86006,2.86006,2.86006,2.86006,0.0,0.0
4.0,16.0,2.86006,2.86006,2.86006,2.86006,0.0,0.0
4.0,15.0,2.86006,2.86006,2.86006,2.86006,0.0,0.0
4.0,12.0,2.86006,2.86006,2.86006,2.86006,0.0,0.0
4.0,11.0,2.86006,2.86006,2.86006,2.86006,0.0,0.0
4.0,10.0,2.86006,2.86006,2.86006,2.86006,0.0,0.0
4.0,9.0,2.86006,2.86006,2.86006,2.86006,0.0,0.0
4.0,8.0,2.86006,2.86006,2.86006,2.86006,0.0,0.0
4.0,5.0,2.86006,2.86006,2.86006,2.86006,0.0,0.0
4.0,4.0,2.86006,2.86006,2.86006,2.86006,0.0,0.0
4.0,3.0,2.86006,2.86006,2.86006,2.86006,0.0,0.0
4.0,2.0,2.86006,2.86006,2.86006,2.86006,0.0,0.0
4.0,1.0,2.86006,2.86006,2.86006,2.86006,0.0,0.0
3.0,29.0,2.86006,2.86006,2.86006,2.86006,0.0,0.0
3.0,28.0,2.86006,2.86006,2.86006,2.86006,0.0,0.0
3.0,27.0,2.86006,2.86006,2.86006,2.86006,0.0,0.0
3.0,26.0,2.86006,2.86006,2.86006,2.86006,0.0,0.0
3.0,25.0,2.86006,2.86006,2.86006,2.86006,0.0,0.0
3.0,22.0,2.86006,2.86006,2.86006,2.86006,0.0,0.0
3.0,21.0,2.86006,2.86006,2.86006,2.86006,0.0,0.0
3.0,20.0,2.86006,2.86006,2.86006,2.86006,0.0,0.0
3.0,19.0,2.86006,2.86006,2.86006,2.86006,0.0,0.0
3.0,18.0,2.86006,2.86006,2.86006,2.86006,0.0,0.0
3.0,15.0,2.86006,2.86006,2.86006,2.86006,0.0,0.0
3.0,14.0,2.86006,2.86006,2.86006,2.86006,0.0,0.0
3.0,13.0,2.86006,2.86006,2.86006,2.86006,0.0,0.0
3.0,12.0,2.86006,2.86006,2.86006,2.86006,0.0,0.0
3.0,11.0,2.86006,2.86006,2.86006,2.86006,0.0,0.0
3.0,8.0,2.86006,2.86006,2.86006,2.86006,0.0,0.0
3.0,7.0,2.86006,2.86006,2.86006,2.86006,0.0,0.0
3.0,6.0,2.86006,2.86006,2.86006,2.86006,0.0,0.0
3.0,5.0,2.86006,2.86006,2.86006,2.86006,0.0,0.0
3.0,4.0,2.86006,2.86006,2.86006,2.86006,0.0,0.0
3.0,1.0,2.86006,2.86006,2.86006,2.86006,0.0,0.0
2.0,28.0,2.86006,2.86006,2.86006,2.86006,0.0,0.0
2.0,27.0,2.86006,2.86006,2.86006,2.86006,0.0,0.0
2.0,26.0,2.86006,2.86006,2.86006,2.86006,0.0,0.0
2.0,25.0,2.86006,2.86006,2.86006,2.86006,0.0,0.0
2.0,22.0,2.86006,2.86006,2.86006,2.86006,0.0,0.0
2.0,21.0,2.86006,2.86006,2.86006,2.86006,0.0,0.0
2.0,20.0,2.86006,2.86006,2.86006,2.86006,0.0,0.0
2.0,19.0,2.86006,2.86006,2.86006,2.86006,0.0,0.0
2.0,18.0,2.86006,2.86006,2.86006,2.86006,0.0,0.0
2.0,15.0,2.86006,2.86006,2.86006,2.86006,0.0,0.0
2.0,14.0,2.86006,2.86006,2.86006,2.86006,0.0,0.0
2.0,13.0,2.86006,2.86006,2.86006,2.86006,0.0,0.0
2.0,12.0,2.86006,2.86006,2.86006,2.86006,0.0,0.0
2.0,11.0,2.86006,2.86006,2.86006,2.86006,0.0,0.0
2.0,8.0,2.86006,2.86006,2.86006,2.86006,0.0,0.0
2.0,7.0,2.86006,2.86006,2.86006,2.86006,0.0,0.0
2.0,6.0,2.86006,2.86006,2.86006,2.86006,0.0,0.0
2.0,5.0,2.86006,2.86006,2.86006,2.86006,0.0,0.0
2.0,4.0,2.86006,2.86006,2.86006,2.86006,0.0,0.0
2.0,1.0,2.86006,2.86006,2.86006,2.86006,0.0,0.0
1.0,31.0,2.86006,2.86006,2.86006,2.86006,0.0,0.0
1.0,30.0,2.86006,2.86006,2.86006,2.86006,0.0,0.0
1.0,29.0,2.86006,2.86006,2.86006,2.86006,0.0,0.0
1.0,28.0,2.86006,2.86006,2.86006,2.86006,0.0,0.0
1.0,25.0,2.86006,2.86006,2.86006,2.86006,0.0,0.0
1.0,24.0,2.86006,2.86006,2.86006,2.86006,7000.0,0.0
1.0,23.0,2.87,2.87,2.87,2.87,2800.0,0.0
1.0,22.0,2.86006,2.86006,2.86006,2.86006,0.0,0.0
1.0,21.0,2.86006,2.86006,2.86006,2.86006,0.0,0.0
1.0,18.0,2.86006,2.86006,2.86006,2.86006,0.0,0.0
1.0,17.0,2.86006,2.86006,2.86006,2.86006,0.0,0.0
1.0,16.0,2.86006,2.86006,2.86006,2.86006,0.0,0.0
1.0,15.0,2.86006,2.86006,2.86006,2.86006,0.0,0.0
1.0,14.0,2.86006,2.86006,2.86006,2.86006,0.0,0.0
1.0,11.0,2.86006,2.86006,2.86006,2.86006,0.0,0.0
1.0,10.0,2.86006,2.86006,2.86006,2.86006,7000.0,0.0
1.0,9.0,2.86006,2.86006,2.86006,2.86006,7000.0,0.0
1.0,8.0,2.79006,2.79006,2.79006,2.79006,0.0,0.0
1.0,7.0,2.79006,2.79006,2.79006,2.79006,0.0,0.0
1.0,4.0,2.79006,2.79006,2.79006,2.79006,0.0,0.0
1.0,3.0,2.79006,2.79006,2.79006,2.79006,0.0,0.0
1.0,2.0,2.79006,2.79006,2.79006,2.79006,0.0,0.0
1.0,1.0,2.79006,2.79006,2.79006,2.79006,0.0,0.0
12.0,31.0,2.79006,2.79006,2.79006,2.79006,0.0,0.0
12.0,28.0,2.79006,2.79006,2.79006,2.79006,0.0,0.0
12.0,27.0,2.79006,2.79006,2.79006,2.79006,0.0,0.0
12.0,26.0,2.79006,2.79006,2.79006,2.79006,0.0,0.0
12.0,25.0,2.79006,2.79006,2.79006,2.79006,0.0,0.0
12.0,24.0,2.79006,2.79006,2.79006,2.79006,0.0,0.0
12.0,21.0,2.79006,2.79006,2.79006,2.79006,0.0,0.0
12.0,20.0,2.79006,2.79006,2.79006,2.79006,0.0,0.0
12.0,19.0,2.79006,2.79006,2.79006,2.79006,0.0,0.0
12.0,18.0,2.79006,2.79006,2.79006,2.79006,7000.0,0.0
12.0,17.0,2.79006,2.79006,2.79006,2.79006,0.0,0.0
12.0,14.0,2.79006,2.79006,2.79006,2.79006,0.0,0.0
12.0,13.0,2.79006,2.79006,2.79006,2.79006,7000.0,0.0
12.0,12.0,2.79006,2.79006,2.79006,2.79006,0.0,0.0
12.0,11.0,2.79006,2.79006,2.79006,2.79006,0.0,0.0
12.0,10.0,2.79006,2.79006,2.79006,2.79006,0.0,0.0
12.0,7.0,2.79006,2.79006,2.79006,2.79006,0.0,0.0
12.0,6.0,2.79006,2.79006,2.79006,2.79006,0.0,0.0
12.0,5.0,2.79006,2.79006,2.79006,2.79006,0.0,0.0
12.0,4.0,2.79006,2.79006,2.79006,2.79006,7000.0,0.0
12.0,3.0,2.79006,2.79006,2.79006,2.79006,0.0,0.0
11.0,30.0,2.79006,2.79006,2.79006,2.79006,0.0,0.0
11.0,29.0,2.79006,2.79006,2.79006,2.79006,0.0,0.0
11.0,28.0,2.79006,2.79006,2.79006,2.79006,7000.0,0.0
11.0,27.0,2.82002,2.82002,2.82002,2.82002,0.0,0.0
11.0,26.0,2.82002,2.82002,2.82002,2.82002,0.0,0.0
11.0,23.0,2.82002,2.82002,2.82002,2.82002,7000.0,0.0
11.0,22.0,2.82002,2.82002,2.82002,2.82002,0.0,0.0
11.0,21.0,2.82002,2.82002,2.82002,2.82002,0.0,0.0
11.0,20.0,2.82002,2.82002,2.82002,2.82002,7000.0,0.0
11.0,19.0,2.82002,2.82002,2.82002,2.82002,0.0,0.0
11.0,16.0,2.82002,2.82002,2.82002,2.82002,7000.0,0.0
11.0,15.0,2.82002,2.82002,2.82002,2.82002,0.0,0.0
11.0,14.0,2.82002,2.82002,2.82002,2.82002,7000.0,0.0
11.0,13.0,2.73994,2.73994,2.73994,2.73994,0.0,0.0
11.0,12.0,2.73994,2.73994,2.73994,2.73994,0.0,0.0
11.0,9.0,2.73994,2.73994,2.73994,2.73994,0.0,0.0
11.0,8.0,2.73994,2.73994,2.73994,2.73994,0.0,0.0
11.0,7.0,2.73994,2.73994,2.73994,2.73994,0.0,0.0
11.0,6.0,2.73994,2.73994,2.73994,2.73994,0.0,0.0
11.0,5.0,2.73994,2.73994,2.73994,2.73994,7000.0,0.0
11.0,2.0,2.73994,2.73994,2.73994,2.73994,7000.0,0.0
11.0,1.0,2.73994,2.73994,2.73994,2.73994,0.0,0.0
10.0,31.0,2.73994,2.73994,2.73994,2.73994,14000.0,0.0
10.0,30.0,2.73994,2.73994,2.73994,2.73994,0.0,0.0
10.0,29.0,2.73994,2.73994,2.73994,2.73994,0.0,0.0
10.0,26.0,2.73994,2.73994,2.73994,2.73994,21000.0,0.0
10.0,25.0,2.59,2.59,2.59,2.59,28000.0,0.0
10.0,24.0,2.58006,2.58006,2.58006,2.58006,56000.0,0.0
10.0,23.0,2.59994,2.59994,2.59994,2.59994,28000.0,0.0
10.0,22.0,2.63998,2.63998,2.63998,2.63998,28000.0,0.0
10.0,19.0,2.63998,2.63998,2.63998,2.63998,28000.0,0.0
10.0,18.0,2.66,2.66,2.66,2.66,56000.0,0.0
10.0,17.0,2.68996,2.68996,2.68996,2.68996,0.0,0.0
10.0,16.0,2.68996,2.68996,2.68996,2.68996,35000.0,0.0
10.0,15.0,2.70004,2.70004,2.70004,2.70004,0.0,0.0
10.0,12.0,2.70004,2.70004,2.70004,2.70004,14000.0,0.0
10.0,11.0,2.70004,2.70004,2.70004,2.70004,0.0,0.0
10.0,10.0,2.70004,2.70004,2.70004,2.70004,7000.0,0.0
10.0,9.0,2.70004,2.70004,2.70004,2.70004,63000.0,0.0
10.0,8.0,2.70004,2.70004,2.70004,2.70004,14000.0,0.0
10.0,5.0,2.70004,2.70004,2.70004,2.70004,7000.0,0.0
10.0,4.0,2.70004,2.70004,2.70004,2.70004,56000.0,0.0
10.0,3.0,2.70998,2.70998,2.70998,2.70998,56000.0,0.0
10.0,2.0,2.70004,2.70004,2.70004,2.70004,84000.0,0.0
10.0,1.0,2.70998,2.70998,2.68996,2.68996,56000.0,-0.020019999999999705
9.0,28.0,2.75996,2.75996,2.75996,2.75996,56000.0,0.0
9.0,27.0,2.73,2.73,2.73,2.73,7000.0,0.0
9.0,26.0,2.73,2.73,2.73,2.73,56000.0,0.0
9.0,25.0,2.70998,2.70998,2.70998,2.70998,7000.0,0.0
9.0,24.0,2.70998,2.70998,2.70998,2.70998,63000.0,0.0
9.0,21.0,2.82002,2.82002,2.82002,2.82002,14000.0,0.0
9.0,20.0,2.66,2.66,2.66,2.66,0.0,0.0
9.0,19.0,2.66,2.66,2.66,2.66,28000.0,0.0
9.0,18.0,2.49998,2.49998,2.49998,2.49998,35000.0,0.0
9.0,17.0,2.00004,2.00004,2.00004,2.00004,0.0,0.0
9.0,14.0,2.00004,2.00004,2.00004,2.00004,0.0,0.0
9.0,13.0,2.00004,2.00004,2.00004,2.00004,0.0,0.0
9.0,12.0,2.00004,2.00004,2.00004,2.00004,14000.0,0.0
9.0,11.0,1.82,1.82,1.82,1.82,0.0,0.0
9.0,10.0,1.82,1.82,1.82,1.82,0.0,0.0
9.0,7.0,1.82,1.82,1.82,1.82,28000.0,0.0
9.0,6.0,1.4,1.4,1.4,1.4,0.0,0.0
9.0,5.0,1.4,1.4,1.4,1.4,56000.0,0.0
9.0,4.0,0.67004,0.67004,0.67004,0.67004,0.0,0.0
9.0,3.0,0.67004,0.67004,0.67004,0.67004,0.0,0.0
8.0,31.0,0.67004,0.67004,0.67004,0.67004,0.0,0.0
8.0,30.0,0.67004,0.67004,0.67004,0.67004,0.0,0.0
8.0,29.0,0.67004,0.67004,0.67004,0.67004,0.0,0.0
8.0,28.0,0.67004,0.67004,0.67004,0.67004,0.0,0.0
8.0,27.0,0.67004,0.67004,0.67004,0.67004,0.0,0.0
8.0,24.0,0.67004,0.67004,0.67004,0.67004,0.0,0.0
8.0,23.0,0.67004,0.67004,0.67004,0.67004,0.0,0.0
8.0,22.0,0.67004,0.67004,0.67004,0.67004,0.0,0.0
8.0,21.0,0.67004,0.67004,0.67004,0.67004,0.0,0.0
8.0,20.0,0.67004,0.67004,0.67004,0.67004,0.0,0.0
8.0,17.0,0.67004,0.67004,0.67004,0.67004,0.0,0.0
8.0,16.0,0.67004,0.67004,0.67004,0.67004,0.0,0.0
8.0,15.0,0.67004,0.67004,0.67004,0.67004,0.0,0.0
8.0,14.0,0.67004,0.67004,0.67004,0.67004,0.0,0.0
8.0,13.0,0.67004,0.67004,0.67004,0.67004,0.0,0.0
8.0,10.0,0.67004,0.67004,0.67004,0.67004,0.0,0.0
8.0,9.0,0.67004,0.67004,0.67004,0.67004,0.0,0.0
8.0,8.0,0.67004,0.67004,0.67004,0.67004,0.0,0.0
8.0,7.0,0.67004,0.67004,0.67004,0.67004,0.0,0.0
8.0,6.0,0.67004,0.67004,0.67004,0.67004,0.0,0.0
8.0,3.0,0.67004,0.67004,0.67004,0.67004,0.0,0.0
8.0,2.0,0.67004,0.67004,0.67004,0.67004,0.0,0.0
8.0,1.0,0.67004,0.67004,0.67004,0.67004,0.0,0.0
7.0,31.0,0.67004,0.67004,0.67004,0.67004,0.0,0.0
7.0,30.0,0.67004,0.67004,0.67004,0.67004,0.0,0.0
7.0,27.0,0.67004,0.67004,0.67004,0.67004,0.0,0.0
7.0,26.0,0.67004,0.67004,0.67004,0.67004,0.0,0.0
7.0,25.0,0.67004,0.67004,0.67004,0.67004,0.0,0.0
7.0,24.0,0.67004,0.67004,0.67004,0.67004,0.0,0.0
7.0,23.0,0.67004,0.67004,0.67004,0.67004,0.0,0.0
7.0,20.0,0.67004,0.67004,0.67004,0.67004,0.0,0.0
7.0,19.0,0.67004,0.67004,0.67004,0.67004,0.0,0.0
7.0,18.0,0.67004,0.67004,0.67004,0.67004,0.0,0.0
7.0,17.0,0.67004,0.67004,0.67004,0.67004,0.0,0.0
7.0,16.0,0.67004,0.67004,0.67004,0.67004,0.0,0.0
7.0,13.0,0.67004,0.67004,0.67004,0.67004,0.0,0.0
7.0,12.0,0.67004,0.67004,0.67004,0.67004,0.0,0.0
7.0,11.0,0.67004,0.67004,0.67004,0.67004,0.0,0.0
7.0,10.0,0.67004,0.67004,0.67004,0.67004,0.0,0.0
7.0,9.0,0.67004,0.67004,0.67004,0.67004,0.0,0.0
7.0,6.0,0.67004,0.67004,0.67004,0.67004,0.0,0.0
7.0,5.0,0.67004,0.67004,0.67004,0.67004,0.0,0.0
7.0,4.0,0.67004,0.67004,0.67004,0.67004,0.0,0.0
7.0,3.0,0.67004,0.67004,0.67004,0.67004,0.0,0.0
7.0,2.0,0.67004,0.67004,0.67004,0.67004,0.0,0.0
6.0,29.0,0.67004,0.67004,0.67004,0.67004,0.0,0.0
6.0,28.0,0.67004,0.67004,0.67004,0.67004,0.0,0.0
6.0,27.0,0.67004,0.67004,0.67004,0.67004,0.0,0.0
6.0,26.0,0.67004,0.67004,0.67004,0.67004,0.0,0.0
6.0,25.0,0.67004,0.67004,0.67004,0.67004,0.0,0.0
6.0,22.0,0.67004,0.67004,0.67004,0.67004,0.0,0.0
6.0,21.0,0.67004,0.67004,0.67004,0.67004,0.0,0.0
6.0,20.0,0.67004,0.67004,0.67004,0.67004,0.0,0.0
6.0,19.0,0.67004,0.67004,0.67004,0.67004,0.0,0.0
6.0,18.0,0.67004,0.67004,0.67004,0.67004,0.0,0.0
6.0,15.0,0.67004,0.67004,0.67004,0.67004,0.0,0.0
6.0,14.0,0.67004,0.67004,0.67004,0.67004,0.0,0.0
6.0,13.0,0.67004,0.67004,0.67004,0.67004,0.0,0.0
6.0,12.0,0.67004,0.67004,0.67004,0.67004,0.0,0.0
6.0,11.0,0.67004,0.67004,0.67004,0.67004,0.0,0.0
6.0,8.0,0.67004,0.67004,0.67004,0.67004,0.0,0.0
6.0,7.0,0.67004,0.67004,0.67004,0.67004,0.0,0.0
6.0,6.0,0.67004,0.67004,0.67004,0.67004,0.0,0.0
6.0,5.0,0.67004,0.67004,0.67004,0.67004,0.0,0.0
6.0,4.0,0.67004,0.67004,0.67004,0.67004,0.0,0.0
6.0,1.0,0.67004,0.67004,0.67004,0.67004,0.0,0.0
5.0,31.0,0.67004,0.67004,0.67004,0.67004,0.0,0.0
5.0,30.0,0.67004,0.67004,0.67004,0.67004,0.0,0.0
5.0,29.0,0.67004,0.67004,0.67004,0.67004,0.0,0.0
5.0,28.0,0.67004,0.67004,0.67004,0.67004,0.0,0.0
5.0,25.0,0.67004,0.67004,0.67004,0.67004,0.0,0.0
5.0,24.0,0.67004,0.67004,0.67004,0.67004,0.0,0.0
5.0,23.0,0.67004,0.67004,0.67004,0.67004,0.0,0.0
5.0,22.0,0.67004,0.67004,0.67004,0.67004,0.0,0.0
5.0,21.0,0.67004,0.67004,0.67004,0.67004,0.0,0.0
5.0,18.0,0.67004,0.67004,0.67004,0.67004,0.0,0.0
5.0,17.0,0.67004,0.67004,0.67004,0.67004,0.0,0.0
5.0,16.0,0.67004,0.67004,0.67004,0.67004,0.0,0.0
5.0,15.0,0.67004,0.67004,0.67004,0.67004,0.0,0.0
5.0,14.0,0.67004,0.67004,0.67004,0.67004,0.0,0.0
5.0,11.0,0.67004,0.67004,0.67004,0.67004,0.0,0.0
5.0,10.0,0.67004,0.67004,0.67004,0.67004,0.0,0.0
5.0,9.0,0.67004,0.67004,0.67004,0.67004,0.0,0.0
5.0,8.0,0.67004,0.67004,0.67004,0.67004,0.0,0.0
5.0,7.0,0.67004,0.67004,0.67004,0.67004,0.0,0.0
5.0,4.0,0.67004,0.67004,0.67004,0.67004,0.0,0.0
5.0,3.0,0.67004,0.67004,0.67004,0.67004,0.0,0.0
5.0,2.0,0.67004,0.67004,0.67004,0.67004,0.0,0.0
5.0,1.0,0.67004,0.67004,0.67004,0.67004,0.0,0.0
4.0,30.0,0.67004,0.67004,0.67004,0.67004,0.0,0.0
4.0,27.0,0.67004,0.67004,0.67004,0.67004,0.0,0.0
4.0,26.0,0.67004,0.67004,0.67004,0.67004,0.0,0.0
4.0,25.0,0.67004,0.67004,0.67004,0.67004,0.0,0.0
4.0,24.0,0.67004,0.67004,0.67004,0.67004,0.0,0.0
4.0,23.0,0.67004,0.67004,0.67004,0.67004,0.0,0.0
4.0,20.0,0.67004,0.67004,0.67004,0.67004,0.0,0.0
4.0,19.0,0.67004,0.67004,0.67004,0.67004,0.0,0.0
4.0,18.0,0.67004,0.67004,0.67004,0.67004,0.0,0.0
4.0,17.0,0.67004,0.67004,0.67004,0.67004,0.0,0.0
4.0,16.0,0.67004,0.67004,0.67004,0.67004,0.0,0.0
4.0,13.0,0.67004,0.67004,0.67004,0.67004,0.0,0.0
4.0,12.0,0.67004,0.67004,0.67004,0.67004,0.0,0.0
4.0,11.0,0.67004,0.67004,0.67004,0.67004,0.0,0.0
4.0,10.0,0.67004,0.67004,0.67004,0.67004,0.0,0.0
4.0,9.0,0.67004,0.67004,0.67004,0.67004,0.0,0.0
4.0,6.0,0.67004,0.67004,0.67004,0.67004,0.0,0.0
4.0,5.0,0.67004,0.67004,0.67004,0.67004,0.0,0.0
4.0,4.0,0.67004,0.67004,0.67004,0.67004,0.0,0.0
4.0,3.0,0.67004,0.67004,0.67004,0.67004,0.0,0.0
4.0,2.0,0.67004,0.67004,0.67004,0.67004,0.0,0.0
3.0,30.0,0.67004,0.67004,0.67004,0.67004,0.0,0.0
3.0,29.0,0.67004,0.67004,0.67004,0.67004,0.0,0.0
3.0,28.0,0.67004,0.67004,0.67004,0.67004,0.0,0.0
3.0,27.0,0.67004,0.67004,0.67004,0.67004,0.0,0.0
3.0,26.0,0.67004,0.67004,0.67004,0.67004,0.0,0.0
3.0,23.0,0.67004,0.67004,0.67004,0.67004,0.0,0.0
3.0,22.0,0.67004,0.67004,0.67004,0.67004,0.0,0.0
3.0,21.0,0.67004,0.67004,0.67004,0.67004,0.0,0.0
3.0,20.0,0.67004,0.67004,0.67004,0.67004,0.0,0.0
3.0,19.0,0.67004,0.67004,0.67004,0.67004,0.0,0.0
3.0,16.0,0.67004,0.67004,0.67004,0.67004,0.0,0.0
3.0,15.0,0.67004,0.67004,0.67004,0.67004,0.0,0.0
3.0,14.0,0.67004,0.67004,0.67004,0.67004,0.0,0.0
3.0,13.0,0.67004,0.67004,0.67004,0.67004,0.0,0.0
3.0,12.0,0.67004,0.67004,0.67004,0.67004,0.0,0.0
3.0,9.0,0.67004,0.67004,0.67004,0.67004,0.0,0.0
3.0,8.0,0.67004,0.67004,0.67004,0.67004,0.0,0.0
3.0,7.0,0.67004,0.67004,0.67004,0.67004,0.0,0.0
3.0,6.0,0.67004,0.67004,0.67004,0.67004,0.0,0.0
3.0,5.0,0.67004,0.67004,0.67004,0.67004,0.0,0.0
3.0,2.0,0.67004,0.67004,0.67004,0.67004,7000.0,0.0
3.0,1.0,0.25004,0.25004,0.25004,0.25004,0.0,0.0
2.0,29.0,0.25004,0.25004,0.25004,0.25004,0.0,0.0
2.0,28.0,0.25004,0.25004,0.25004,0.25004,0.0,0.0
2.0,27.0,0.25004,0.25004,0.25004,0.25004,0.0,0.0
2.0,24.0,0.25004,0.25004,0.25004,0.25004,0.0,0.0
2.0,23.0,0.25004,0.25004,0.25004,0.25004,0.0,0.0
2.0,22.0,0.25004,0.25004,0.25004,0.25004,0.0,0.0
2.0,21.0,0.25004,0.25004,0.25004,0.25004,0.0,0.0
2.0,20.0,0.25004,0.25004,0.25004,0.25004,0.0,0.0
2.0,17.0,0.25004,0.25004,0.25004,0.25004,0.0,0.0
2.0,16.0,0.25004,0.25004,0.25004,0.25004,0.0,0.0
2.0,15.0,0.25004,0.25004,0.25004,0.25004,0.0,0.0
2.0,14.0,0.25004,0.25004,0.25004,0.25004,0.0,0.0
2.0,13.0,0.25004,0.25004,0.25004,0.25004,0.0,0.0
2.0,10.0,0.25004,0.25004,0.25004,0.25004,0.0,0.0
2.0,9.0,0.25004,0.25004,0.25004,0.25004,0.0,0.0
2.0,8.0,0.25004,0.25004,0.25004,0.25004,0.0,0.0
2.0,7.0,0.25004,0.25004,0.25004,0.25004,0.0,0.0
2.0,6.0,0.25004,0.25004,0.25004,0.25004,0.0,0.0
2.0,3.0,0.25004,0.25004,0.25004,0.25004,0.0,0.0
2.0,2.0,0.25004,0.25004,0.25004,0.25004,0.0,0.0
2.0,1.0,0.25004,0.25004,0.25004,0.25004,0.0,0.0
1.0,31.0,0.25004,0.25004,0.25004,0.25004,0.0,0.0
1.0,30.0,0.25004,0.25004,0.25004,0.25004,0.0,0.0
1.0,27.0,0.25004,0.25004,0.25004,0.25004,0.0,0.0
1.0,26.0,0.25004,0.25004,0.25004,0.25004,0.0,0.0
1.0,25.0,0.25004,0.25004,0.25004,0.25004,0.0,0.0
1.0,24.0,0.25004,0.25004,0.25004,0.25004,0.0,0.0
1.0,23.0,0.25004,0.25004,0.25004,0.25004,0.0,0.0
1.0,20.0,0.25004,0.25004,0.25004,0.25004,0.0,0.0
1.0,19.0,0.25004,0.25004,0.25004,0.25004,0.0,0.0
1.0,18.0,0.25004,0.25004,0.25004,0.25004,0.0,0.0
1.0,17.0,0.25004,0.25004,0.25004,0.25004,0.0,0.0
1.0,16.0,0.25004,0.25004,0.25004,0.25004,0.0,0.0
1.0,13.0,0.25004,0.25004,0.25004,0.25004,0.0,0.0
1.0,12.0,0.25004,0.25004,0.25004,0.25004,0.0,0.0
1.0,11.0,0.25004,0.25004,0.25004,0.25004,0.0,0.0
1.0,10.0,0.25004,0.25004,0.25004,0.25004,0.0,0.0
1.0,9.0,0.25004,0.25004,0.25004,0.25004,0.0,0.0
1.0,6.0,0.25004,0.25004,0.25004,0.25004,0.0,0.0
1.0,5.0,0.25004,0.25004,0.25004,0.25004,0.0,0.0
1.0,4.0,0.25004,0.25004,0.25004,0.25004,0.0,0.0
1.0,3.0,0.25004,0.25004,0.25004,0.25004,0.0,0.0
1.0,2.0,0.25004,0.25004,0.25004,0.25004,0.0,0.0
12.0,30.0,0.25004,0.25004,0.25004,0.25004,0.0,0.0
12.0,29.0,0.25004,0.25004,0.25004,0.25004,0.0,0.0
12.0,28.0,0.25004,0.25004,0.25004,0.25004,0.0,0.0
12.0,27.0,0.25004,0.25004,0.25004,0.25004,0.0,0.0
12.0,26.0,0.25004,0.25004,0.25004,0.25004,0.0,0.0
12.0,23.0,0.25004,0.25004,0.25004,0.25004,0.0,0.0
12.0,22.0,0.25004,0.25004,0.25004,0.25004,0.0,0.0
12.0,21.0,0.25004,0.25004,0.25004,0.25004,0.0,0.0
12.0,20.0,0.25004,0.25004,0.25004,0.25004,0.0,0.0
12.0,19.0,0.25004,0.25004,0.25004,0.25004,0.0,0.0
12.0,16.0,0.25004,0.25004,0.25004,0.25004,0.0,0.0
12.0,15.0,0.25004,0.25004,0.25004,0.25004,0.0,0.0
12.0,14.0,0.25004,0.25004,0.25004,0.25004,7000.0,0.0
12.0,13.0,0.14994,0.14994,0.14994,0.14994,0.0,0.0
12.0,12.0,0.14994,0.14994,0.14994,0.14994,0.0,0.0
12.0,9.0,0.14994,0.14994,0.14994,0.14994,0.0,0.0
12.0,8.0,0.14994,0.14994,0.14994,0.14994,0.0,0.0
12.0,7.0,0.14994,0.14994,0.14994,0.14994,0.0,0.0
12.0,6.0,0.14994,0.14994,0.14994,0.14994,0.0,0.0
12.0,5.0,0.14994,0.14994,0.14994,0.14994,0.0,0.0
12.0,2.0,0.14994,0.14994,0.14994,0.14994,0.0,0.0
12.0,1.0,0.14994,0.14994,0.14994,0.14994,0.0,0.0
11.0,30.0,0.14994,0.14994,0.14994,0.14994,0.0,0.0
11.0,29.0,0.14994,0.14994,0.14994,0.14994,0.0,0.0
11.0,28.0,0.14994,0.14994,0.14994,0.14994,0.0,0.0
11.0,25.0,0.14994,0.14994,0.14994,0.14994,0.0,0.0
11.0,24.0,0.14994,0.14994,0.14994,0.14994,0.0,0.0
11.0,23.0,0.14994,0.14994,0.14994,0.14994,0.0,0.0
11.0,22.0,0.14994,0.14994,0.14994,0.14994,0.0,0.0
11.0,21.0,0.14994,0.14994,0.14994,0.14994,0.0,0.0
11.0,18.0,0.14994,0.14994,0.14994,0.14994,0.0,0.0
10.0,19.0,0.14994,0.14994,0.14994,0.14994,7000.0,0.0
