9.0,25.0,10.25,10.29,9.19,9.28,76700.0,-0.9700000000000006
9.0,24.0,10.49,10.5,10.04,10.19,64400.0,-0.3000000000000007
9.0,23.0,10.51,10.55,10.25,10.5,16700.0,-0.009999999999999787
9.0,22.0,10.3,10.53,10.26,10.44,32800.0,0.1399999999999988
9.0,21.0,10.56,10.56,10.091,10.32,102500.0,-0.2400000000000002
9.0,18.0,10.5,10.59,10.45,10.56,351700.0,0.0600000000000005
9.0,17.0,10.53,10.59,10.48,10.5,118900.0,-0.02999999999999936
9.0,16.0,10.5,10.6,10.4,10.52,148500.0,0.019999999999999574
9.0,15.0,10.5,10.7,10.46,10.48,150900.0,-0.019999999999999574
9.0,14.0,10.6,10.63,10.25,10.5,207500.0,-0.09999999999999964
9.0,11.0,10.5,10.54,10.358,10.5,216200.0,0.0
9.0,10.0,10.5,10.6,10.37,10.5,77800.0,0.0
9.0,9.0,10.65,10.65,10.46,10.48,73600.0,-0.16999999999999993
9.0,8.0,10.35,10.553,10.17,10.49,405300.0,0.14000000000000057
9.0,4.0,10.35,10.35,10.005,10.3,34900.0,-0.049999999999998934
9.0,3.0,10.39,10.53,10.15,10.4,74800.0,0.009999999999999787
9.0,2.0,10.0,10.53,9.91,10.47,85400.0,0.47000000000000064
9.0,1.0,9.99,10.2,9.78,9.94,34600.0,-0.05000000000000071
8.0,31.0,9.74,9.99,9.69,9.91,33500.0,0.16999999999999993
8.0,28.0,9.25,9.74,9.25,9.69,47600.0,0.4399999999999995
8.0,27.0,9.22,9.25,9.1,9.22,15000.0,0.0
8.0,26.0,9.12,9.15,9.01,9.1,20700.0,-0.019999999999999574
8.0,25.0,9.3,9.32,9.03,9.1,19400.0,-0.20000000000000107
8.0,24.0,8.5,9.32,8.5,9.06,34000.0,0.5600000000000005
8.0,21.0,9.0,9.1,8.821,8.98,15000.0,-0.019999999999999574
8.0,20.0,9.08,9.18,8.95,8.95,15400.0,-0.13000000000000078
8.0,19.0,8.84,9.1,8.7,9.0,28200.0,0.16000000000000014
8.0,18.0,8.74,8.89,8.7,8.71,9200.0,-0.02999999999999936
8.0,17.0,8.78,9.3,8.41,8.85,37300.0,0.07000000000000028
8.0,14.0,9.46,9.569,8.78,8.84,12300.0,-0.620000000000001
8.0,13.0,9.12,9.74,9.0,9.4,92300.0,0.28000000000000114
8.0,12.0,10.39,10.39,8.55,8.89,91000.0,-1.5
8.0,11.0,7.67,7.8,7.38,7.72,5600.0,0.04999999999999982
8.0,10.0,7.49,7.6,7.25,7.56,8300.0,0.0699999999999994
8.0,7.0,7.46,7.47,7.25,7.38,6300.0,-0.08000000000000007
8.0,6.0,7.71,7.71,7.3,7.48,11700.0,-0.22999999999999954
8.0,5.0,7.94,8.04,7.67,7.82,5300.0,-0.1200000000000001
8.0,4.0,7.89,7.96,7.65,7.87,3000.0,-0.019999999999999574
8.0,3.0,8.08,8.08,7.799,7.93,13800.0,-0.15000000000000036
7.0,31.0,8.42,8.42,8.1,8.11,5800.0,-0.3100000000000005
7.0,30.0,7.77,8.55,7.71,8.51,16400.0,0.7400000000000002
7.0,29.0,7.95,7.95,7.68,7.78,3400.0,-0.16999999999999993
7.0,28.0,7.93,7.93,7.64,7.79,6700.0,-0.13999999999999968
7.0,27.0,7.85,7.99,7.85,7.99,10100.0,0.14000000000000057
7.0,24.0,8.11,8.11,7.58,7.75,17300.0,-0.35999999999999943
7.0,23.0,8.3,8.43,8.08,8.16,13400.0,-0.14000000000000057
7.0,22.0,7.7,8.17,7.38,8.1,24200.0,0.39999999999999947
7.0,21.0,7.74,7.78,7.37,7.46,6600.0,-0.28000000000000025
7.0,20.0,7.81,7.84,7.63,7.82,6300.0,0.010000000000000675
7.0,17.0,7.77,7.77,7.51,7.66,6500.0,-0.10999999999999943
7.0,16.0,7.93,7.95,7.685,7.74,9900.0,-0.1899999999999995
7.0,15.0,8.08,8.08,7.91,7.975,8300.0,-0.10500000000000043
7.0,14.0,8.16,8.31,8.05,8.1,12900.0,-0.0600000000000005
7.0,13.0,8.1,8.32,8.1,8.23,6300.0,0.13000000000000078
7.0,10.0,8.59,8.59,8.01,8.08,20200.0,-0.5099999999999998
7.0,9.0,8.29,8.48,7.935,8.27,8700.0,-0.019999999999999574
7.0,8.0,8.46,8.77,7.89,8.23,8600.0,-0.23000000000000043
7.0,7.0,7.17,8.575,7.17,8.575,28200.0,1.4049999999999994
7.0,6.0,8.25,8.25,7.84,8.2,27000.0,-0.05000000000000071
7.0,2.0,8.1,8.35,7.85,8.25,37200.0,0.15000000000000036
7.0,1.0,8.35,8.47,8.1,8.12,45100.0,-0.23000000000000043
6.0,30.0,8.5,8.5,8.22,8.35,25500.0,-0.15000000000000036
6.0,29.0,8.86,8.86,8.36,8.48,47100.0,-0.379999999999999
6.0,26.0,8.92,9.08,8.9,9.0,9500.0,0.08000000000000007
6.0,25.0,9.49,9.99,8.9,9.0,21700.0,-0.4900000000000002
6.0,24.0,9.2,9.47,9.2,9.405,8900.0,0.20500000000000007
6.0,23.0,8.92,9.25,8.92,9.14,13400.0,0.22000000000000064
6.0,22.0,8.9,9.09,8.9,9.01,17000.0,0.10999999999999943
6.0,19.0,9.0,9.22,8.81,9.13,29300.0,0.13000000000000078
6.0,18.0,8.76,8.93,8.66,8.82,16000.0,0.0600000000000005
6.0,17.0,9.08,9.08,8.81,8.88,21700.0,-0.1999999999999993
6.0,16.0,8.94,9.48,8.85,8.93,18300.0,-0.009999999999999787
6.0,15.0,9.41,9.41,9.06,9.07,11400.0,-0.33999999999999986
6.0,12.0,9.05,9.47,8.81,9.41,18800.0,0.35999999999999943
6.0,11.0,9.77,9.77,8.78,9.25,205000.0,-0.5199999999999996
6.0,10.0,10.02,10.18,9.6,9.74,25300.0,-0.27999999999999936
6.0,9.0,10.41,10.47,10.0,10.1,23600.0,-0.3100000000000005
6.0,8.0,10.48,10.53,10.23,10.46,23600.0,-0.019999999999999574
6.0,5.0,10.46,10.47,10.25,10.38,22300.0,-0.08000000000000007
6.0,4.0,10.47,10.63,10.405,10.46,34000.0,-0.009999999999999787
6.0,3.0,10.6,10.65,10.4,10.6,19000.0,0.0
6.0,2.0,10.29,10.54,10.29,10.5,14100.0,0.21000000000000085
6.0,1.0,10.3,10.83,10.3,10.45,25600.0,0.14999999999999858
5.0,29.0,10.03,10.3,10.03,10.3,28600.0,0.27000000000000135
5.0,28.0,10.0,10.25,9.91,10.22,29400.0,0.22000000000000064
5.0,27.0,9.76,10.09,9.582,10.09,54100.0,0.33000000000000007
5.0,26.0,9.6,9.95,9.36,9.52,25800.0,-0.08000000000000007
5.0,22.0,9.56,9.59,9.24,9.59,45900.0,0.02999999999999936
5.0,21.0,9.16,9.56,9.15,9.56,37700.0,0.40000000000000036
5.0,20.0,9.2,9.2,9.02,9.1,4000.0,-0.09999999999999964
5.0,19.0,9.12,9.24,8.96,9.12,32900.0,0.0
5.0,18.0,9.05,9.23,9.05,9.19,28400.0,0.1399999999999988
5.0,15.0,8.88,9.0,8.85,9.0,6900.0,0.11999999999999922
5.0,14.0,9.1,9.1,8.85,8.87,11100.0,-0.23000000000000043
5.0,13.0,9.0,9.09,8.8,9.07,13400.0,0.07000000000000028
5.0,12.0,8.61,8.91,8.61,8.85,10200.0,0.2400000000000002
5.0,11.0,8.97,9.17,8.67,8.67,21000.0,-0.3000000000000007
5.0,8.0,9.18,9.18,8.95,9.05,7900.0,-0.129999999999999
5.0,7.0,9.18,9.18,8.61,9.08,12000.0,-0.09999999999999964
5.0,6.0,9.0,9.0,8.92,8.95,18200.0,-0.05000000000000071
5.0,5.0,8.79,9.0,8.7,8.99,319700.0,0.20000000000000107
5.0,4.0,8.8,8.94,8.8,8.8,9800.0,0.0
5.0,1.0,9.05,9.06,8.81,8.87,11900.0,-0.1800000000000015
4.0,30.0,8.91,9.16,8.5,9.06,39300.0,0.15000000000000036
4.0,29.0,8.91,8.99,8.91,8.92,3400.0,0.009999999999999787
4.0,28.0,8.94,9.0,8.9,8.97,13600.0,0.030000000000001137
4.0,27.0,9.12,9.12,8.86,8.99,12200.0,-0.129999999999999
4.0,24.0,9.18,9.24,9.14,9.16,6400.0,-0.019999999999999574
4.0,23.0,8.92,9.21,8.89,9.21,6700.0,0.2900000000000009
4.0,22.0,9.21,9.21,8.82,8.92,18300.0,-0.2900000000000009
4.0,21.0,9.1,9.2,9.02,9.16,7900.0,0.0600000000000005
4.0,20.0,9.12,9.2,9.02,9.2,10500.0,0.08000000000000007
4.0,17.0,9.19,9.3,9.02,9.18,35700.0,-0.009999999999999787
4.0,16.0,9.36,9.4,9.11,9.25,324900.0,-0.10999999999999943
4.0,15.0,9.01,9.47,9.01,9.255,36800.0,0.245000000000001
4.0,14.0,8.49,9.18,8.49,8.83,95400.0,0.33999999999999986
4.0,13.0,8.72,8.75,8.41,8.6,67900.0,-0.120000000000001
4.0,10.0,8.85,8.85,8.59,8.75,18100.0,-0.09999999999999964
4.0,9.0,8.72,8.86,8.651,8.75,38700.0,0.02999999999999936
4.0,8.0,8.7,8.86,8.5,8.83,88600.0,0.13000000000000078
4.0,7.0,8.44,8.76,8.43,8.68,51200.0,0.2400000000000002
4.0,6.0,7.65,8.38,7.65,8.35,43300.0,0.6999999999999993
4.0,2.0,7.05,7.7,7.05,7.65,271500.0,0.6000000000000005
4.0,1.0,7.08,7.08,6.85,7.08,543600.0,0.0
3.0,31.0,6.96,7.2,6.87,7.2,9400.0,0.2400000000000002
3.0,30.0,7.05,7.06,6.88,7.05,21900.0,0.0
3.0,27.0,6.88,7.03,6.85,7.01,5100.0,0.1299999999999999
3.0,26.0,6.88,7.0,6.84,7.0,8800.0,0.1200000000000001
3.0,25.0,7.11,7.14,6.99,7.04,8300.0,-0.07000000000000028
3.0,24.0,7.02,7.2,7.0,7.14,33400.0,0.1200000000000001
3.0,23.0,6.99,7.02,6.95,7.01,12100.0,0.019999999999999574
3.0,20.0,7.02,7.09,6.8,7.01,29000.0,-0.009999999999999787
3.0,19.0,6.91,6.99,6.91,6.94,12500.0,0.03000000000000025
3.0,18.0,6.98,7.055,6.87,6.93,24700.0,-0.05000000000000071
3.0,17.0,6.983,7.07,6.97,7.01,14900.0,0.027000000000000135
3.0,16.0,7.15,7.25,7.0,7.1,19000.0,-0.05000000000000071
3.0,13.0,6.94,7.18,6.94,7.09,20900.0,0.14999999999999947
3.0,12.0,7.09,7.09,6.91,7.0,14000.0,-0.08999999999999986
3.0,11.0,7.11,7.23,7.01,7.13,16900.0,0.019999999999999574
3.0,10.0,7.23,7.26,7.0,7.15,24700.0,-0.08000000000000007
3.0,9.0,7.63,7.63,7.0,7.32,32000.0,-0.3099999999999996
3.0,6.0,7.35,7.78,7.35,7.6,23100.0,0.25
3.0,5.0,7.55,7.65,7.29,7.41,163000.0,-0.13999999999999968
3.0,4.0,7.38,7.89,7.35,7.6,117000.0,0.21999999999999975
3.0,3.0,8.0,8.02,7.36,7.57,100800.0,-0.4299999999999997
3.0,2.0,8.23,8.23,8.01,8.02,18300.0,-0.21000000000000085
2.0,27.0,8.19,8.39,8.18,8.29,15400.0,0.09999999999999964
2.0,26.0,8.29,8.29,8.0,8.18,33900.0,-0.10999999999999943
2.0,25.0,8.13,8.4,8.0,8.29,77300.0,0.15999999999999837
2.0,24.0,7.85,8.0,7.37,7.84,98400.0,-0.009999999999999787
2.0,23.0,7.07,7.855,7.02,7.79,104800.0,0.7199999999999998
2.0,20.0,6.6,7.07,6.2,7.06,49700.0,0.45999999999999996
2.0,19.0,6.28,6.81,5.75,6.58,140500.0,0.2999999999999998
2.0,18.0,6.91,7.4,6.51,6.91,469500.0,0.0
2.0,17.0,5.88,6.95,5.88,6.895,130600.0,1.0149999999999997
2.0,13.0,5.69,6.25,5.51,5.68,100800.0,-0.010000000000000675
2.0,12.0,5.68,5.86,5.42,5.7,89700.0,0.020000000000000462
2.0,11.0,5.95,5.95,5.38,5.64,300300.0,-0.3100000000000005
2.0,10.0,6.02,6.14,5.89,5.9,45900.0,-0.11999999999999922
2.0,9.0,6.1,6.4,6.0,6.01,53000.0,-0.08999999999999986
2.0,6.0,5.5,6.55,5.5,6.18,127700.0,0.6799999999999997
2.0,5.0,6.58,6.62,6.44,6.45,125200.0,-0.1299999999999999
2.0,4.0,6.78,6.78,6.53,6.58,70600.0,-0.20000000000000018
2.0,3.0,6.76,6.95,6.76,6.84,16700.0,0.08000000000000007
2.0,2.0,6.85,7.07,6.66,6.75,10500.0,-0.09999999999999964
1.0,30.0,6.83,6.92,6.71,6.87,10200.0,0.040000000000000036
1.0,29.0,6.8,6.882,6.75,6.82,67500.0,0.020000000000000462
1.0,28.0,7.1,7.1,6.82,6.9,17900.0,-0.1999999999999993
1.0,27.0,7.055,7.07,7.015,7.05,6100.0,-0.004999999999999893
1.0,26.0,7.001,7.1,7.0,7.02,7600.0,0.01899999999999924
1.0,23.0,7.02,7.239,7.0,7.09,17100.0,0.07000000000000028
1.0,22.0,7.07,7.13,7.0,7.0,4700.0,-0.07000000000000028
1.0,21.0,7.17,7.19,7.0,7.0,5700.0,-0.16999999999999993
1.0,20.0,7.1,7.26,7.06,7.2,8100.0,0.10000000000000053
1.0,16.0,7.16,7.18,7.1,7.18,3800.0,0.019999999999999574
1.0,15.0,7.25,7.29,7.143,7.19,12200.0,-0.05999999999999961
1.0,14.0,7.3,7.37,7.25,7.25,8700.0,-0.04999999999999982
1.0,13.0,7.26,7.403,7.25,7.27,6200.0,0.009999999999999787
1.0,12.0,7.44,7.44,7.26,7.26,8100.0,-0.1800000000000006
1.0,9.0,7.4,7.46,7.33,7.43,8400.0,0.02999999999999936
1.0,8.0,7.25,7.47,7.25,7.42,12800.0,0.16999999999999993
1.0,7.0,7.27,7.48,7.26,7.26,3400.0,-0.009999999999999787
1.0,6.0,7.34,7.48,7.27,7.28,8400.0,-0.05999999999999961
1.0,5.0,7.69,7.744,7.4,7.469,13700.0,-0.22100000000000009
1.0,2.0,7.6,7.69,7.54,7.68,4100.0,0.08000000000000007
12.0,31.0,7.28,7.674,7.28,7.64,36400.0,0.35999999999999943
12.0,30.0,7.21,7.69,7.05,7.53,71300.0,0.3200000000000003
12.0,29.0,7.37,7.39,7.22,7.29,28600.0,-0.08000000000000007
12.0,26.0,7.29,7.61,7.21,7.55,40200.0,0.2599999999999998
12.0,24.0,7.44,7.55,7.22,7.48,44000.0,0.040000000000000036
12.0,23.0,7.5,7.55,7.38,7.49,16000.0,-0.009999999999999787
12.0,22.0,7.38,7.7,7.31,7.59,23100.0,0.20999999999999996
12.0,19.0,7.06,7.76,6.962,7.76,26000.0,0.7000000000000002
12.0,18.0,7.31,7.31,6.9,7.07,27100.0,-0.23999999999999932
12.0,17.0,6.64,7.13,6.64,7.02,36100.0,0.3799999999999999
12.0,16.0,7.76,7.76,6.69,6.75,17700.0,-1.0099999999999998
12.0,15.0,7.83,7.9,7.67,7.76,42200.0,-0.07000000000000028
12.0,12.0,7.85,8.01,7.73,8.0,28400.0,0.15000000000000036
12.0,11.0,7.84,7.86,7.63,7.79,22200.0,-0.04999999999999982
12.0,10.0,7.61,7.97,7.56,7.95,18800.0,0.33999999999999986
12.0,9.0,7.95,8.12,7.56,7.76,23000.0,-0.1900000000000004
12.0,8.0,8.26,8.4,7.95,7.95,21200.0,-0.3099999999999996
12.0,5.0,8.23,8.33,7.9,8.33,31200.0,0.09999999999999964
12.0,4.0,7.92,8.335,7.89,8.335,85200.0,0.4150000000000009
12.0,3.0,7.95,8.0,7.9,7.96,24800.0,0.009999999999999787
12.0,2.0,8.07,8.15,7.9,7.99,68800.0,-0.08000000000000007
12.0,1.0,7.99,8.19,7.73,8.02,29000.0,0.02999999999999936
11.0,28.0,8.17,8.23,7.31,8.15,49200.0,-0.019999999999999574
11.0,26.0,8.16,8.26,8.05,8.2,16100.0,0.03999999999999915
11.0,25.0,8.26,8.26,8.05,8.12,24900.0,-0.14000000000000057
11.0,24.0,8.5,8.51,8.23,8.23,28500.0,-0.2699999999999996
11.0,21.0,8.65,8.7,8.32,8.38,60900.0,-0.2699999999999996
11.0,20.0,8.43,8.64,8.0,8.57,128100.0,0.14000000000000057
11.0,19.0,8.75,8.75,8.05,8.4,54100.0,-0.34999999999999964
11.0,18.0,8.45,8.54,8.08,8.25,49300.0,-0.1999999999999993
11.0,17.0,7.88,8.64,7.323,8.36,283400.0,0.47999999999999954
11.0,14.0,7.11,7.5,6.95,7.27,57500.0,0.15999999999999925
11.0,13.0,6.5,7.27,6.5,7.01,69100.0,0.5099999999999998
11.0,12.0,6.55,6.7,6.35,6.67,23400.0,0.1200000000000001
11.0,11.0,6.81,6.86,6.4,6.56,31300.0,-0.25
11.0,10.0,6.78,6.9,6.7,6.87,17100.0,0.08999999999999986
11.0,7.0,6.75,6.86,6.7,6.84,4900.0,0.08999999999999986
11.0,6.0,6.68,6.9,6.61,6.75,12900.0,0.07000000000000028
11.0,5.0,6.65,6.79,6.6,6.75,8700.0,0.09999999999999964
11.0,4.0,6.66,6.9,6.44,6.65,27500.0,-0.009999999999999787
11.0,3.0,6.55,6.8,6.34,6.8,41700.0,0.25
10.0,31.0,6.61,6.67,6.46,6.6,12000.0,-0.010000000000000675
10.0,30.0,6.5,6.6,6.37,6.53,31800.0,0.03000000000000025
10.0,29.0,6.48,6.5,6.37,6.49,19500.0,0.009999999999999787
10.0,28.0,6.55,6.55,6.44,6.48,15500.0,-0.0699999999999994
10.0,27.0,6.48,6.5,6.35,6.44,30500.0,-0.040000000000000036
10.0,24.0,6.69,6.69,6.44,6.56,9400.0,-0.13000000000000078
10.0,23.0,6.68,6.99,6.51,6.7,30500.0,0.020000000000000462
10.0,22.0,6.6,6.82,6.51,6.68,27000.0,0.08000000000000007
10.0,21.0,6.63,6.65,6.45,6.55,59300.0,-0.08000000000000007
10.0,20.0,6.7,7.12,6.4,6.43,80800.0,-0.27000000000000046
10.0,17.0,6.5,6.81,6.5,6.64,10700.0,0.13999999999999968
10.0,16.0,6.7,6.74,6.51,6.51,11300.0,-0.1900000000000004
10.0,15.0,6.91,7.25,6.65,6.77,29300.0,-0.14000000000000057
10.0,14.0,6.89,7.05,6.55,6.88,16700.0,-0.009999999999999787
10.0,13.0,6.54,7.62,6.54,6.7,73800.0,0.16000000000000014
10.0,10.0,6.75,6.75,6.51,6.54,18900.0,-0.20999999999999996
10.0,9.0,6.87,6.92,6.5,6.52,47400.0,-0.35000000000000053
10.0,8.0,6.77,6.96,6.7,6.95,5800.0,0.1800000000000006
10.0,7.0,6.81,7.0,6.8,6.82,8200.0,0.010000000000000675
10.0,6.0,6.8,7.07,6.65,6.82,34600.0,0.020000000000000462
10.0,3.0,6.83,7.3,6.75,6.81,28500.0,-0.020000000000000462
10.0,2.0,6.67,6.81,6.52,6.75,25000.0,0.08000000000000007
10.0,1.0,6.65,6.73,6.35,6.71,54300.0,0.05999999999999961
9.0,30.0,6.95,7.13,6.62,6.68,61300.0,-0.27000000000000046
9.0,29.0,6.91,7.22,6.69,7.0,30400.0,0.08999999999999986
9.0,26.0,7.51,7.51,6.93,7.0,54300.0,-0.5099999999999998
9.0,25.0,7.17,7.71,6.83,6.96,126100.0,-0.20999999999999996
9.0,24.0,7.61,7.8,7.1,7.21,182800.0,-0.40000000000000036
9.0,23.0,7.43,7.91,7.42,7.57,35400.0,0.14000000000000057
9.0,22.0,7.64,7.7,7.41,7.46,30900.0,-0.17999999999999972
9.0,19.0,7.93,7.96,7.7,7.7,40800.0,-0.22999999999999954
9.0,18.0,8.03,8.11,7.91,7.97,28200.0,-0.05999999999999961
9.0,17.0,8.07,8.11,8.0,8.03,21800.0,-0.040000000000000924
9.0,16.0,8.24,8.24,7.92,8.07,36900.0,-0.16999999999999993
9.0,15.0,8.17,8.28,8.0,8.17,65000.0,0.0
9.0,12.0,8.32,8.38,8.2,8.33,73500.0,0.009999999999999787
9.0,11.0,8.34,8.5,8.34,8.38,19700.0,0.040000000000000924
9.0,10.0,8.41,8.48,8.31,8.38,25500.0,-0.02999999999999936
9.0,9.0,8.45,8.52,8.3,8.47,79500.0,0.02000000000000135
9.0,8.0,8.27,8.66,8.2,8.38,154800.0,0.11000000000000121
9.0,5.0,8.39,8.56,8.24,8.36,35600.0,-0.030000000000001137
9.0,4.0,8.62,8.65,8.23,8.45,61200.0,-0.16999999999999993
9.0,3.0,8.67,8.75,8.5,8.57,45500.0,-0.09999999999999964
9.0,2.0,8.72,8.86,8.52,8.58,75500.0,-0.14000000000000057
8.0,29.0,8.9,9.06,8.71,8.76,28000.0,-0.14000000000000057
8.0,28.0,8.75,9.05,8.72,8.87,21100.0,0.11999999999999922
8.0,27.0,8.95,9.0,8.77,8.83,22600.0,-0.11999999999999922
8.0,26.0,9.06,9.06,8.7,8.98,34200.0,-0.08000000000000007
8.0,25.0,9.12,9.25,8.91,8.94,59600.0,-0.17999999999999972
8.0,22.0,8.77,9.2,8.71,9.11,53700.0,0.33999999999999986
8.0,21.0,8.65,8.92,8.58,8.83,48600.0,0.17999999999999972
8.0,20.0,9.01,9.224,8.55,8.67,107500.0,-0.33999999999999986
8.0,19.0,8.91,9.11,8.88,9.05,53900.0,0.14000000000000057
8.0,18.0,9.09,9.2,8.88,8.93,43200.0,-0.16000000000000014
8.0,15.0,9.15,9.27,8.88,9.07,81100.0,-0.08000000000000007
8.0,14.0,9.2,9.29,9.05,9.15,70100.0,-0.049999999999998934
8.0,13.0,9.01,9.27,8.96,9.12,77300.0,0.10999999999999943
8.0,12.0,9.05,9.18,8.77,9.05,129200.0,0.0
8.0,11.0,9.43,9.43,8.96,9.06,135700.0,-0.3699999999999992
8.0,8.0,9.46,9.46,9.27,9.31,114600.0,-0.15000000000000036
8.0,7.0,9.32,9.47,9.15,9.4,239700.0,0.08000000000000007
8.0,6.0,8.93,9.335,8.85,9.31,352900.0,0.3800000000000008
8.0,5.0,10.4,10.4,9.01,9.11,1110300.0,-1.290000000000001
8.0,4.0,14.92,15.4,14.71,14.98,114900.0,0.0600000000000005
8.0,1.0,14.79,15.05,14.45,15.0,85100.0,0.21000000000000085
7.0,31.0,14.85,15.1,14.42,14.75,71300.0,-0.09999999999999964
7.0,30.0,14.9,15.26,14.81,14.96,78000.0,0.0600000000000005
7.0,29.0,15.05,15.22,14.56,14.84,112800.0,-0.21000000000000085
7.0,28.0,15.06,15.25,14.82,15.15,114200.0,0.08999999999999986
7.0,25.0,14.74,15.23,14.58,15.15,79100.0,0.41000000000000014
7.0,24.0,14.62,14.85,14.5,14.76,61700.0,0.14000000000000057
7.0,23.0,14.5,14.68,14.48,14.68,65600.0,0.17999999999999972
7.0,22.0,14.36,14.72,14.04,14.42,54000.0,0.0600000000000005
7.0,21.0,14.42,14.49,13.61,14.4,136400.0,-0.019999999999999574
7.0,18.0,14.46,14.66,14.4,14.44,79400.0,-0.02000000000000135
7.0,17.0,14.79,14.91,14.4,14.62,77500.0,-0.16999999999999993
7.0,16.0,14.96,15.04,14.41,14.9,84700.0,-0.0600000000000005
7.0,15.0,14.88,15.02,14.42,14.87,169700.0,-0.010000000000001563
7.0,14.0,15.0,15.0,14.5,14.85,145900.0,-0.15000000000000036
7.0,11.0,15.0,15.08,14.52,14.93,77600.0,-0.07000000000000028
7.0,10.0,14.65,15.04,14.52,15.03,77000.0,0.379999999999999
7.0,9.0,14.91,15.02,14.55,14.88,95400.0,-0.02999999999999936
7.0,8.0,14.51,14.94,14.15,14.9,147200.0,0.39000000000000057
7.0,7.0,14.09,14.68,14.07,14.67,66500.0,0.5800000000000001
7.0,3.0,13.85,14.27,13.85,14.24,29700.0,0.39000000000000057
7.0,2.0,13.86,14.0,13.55,13.86,56800.0,0.0
7.0,1.0,13.61,13.94,13.61,13.83,32100.0,0.22000000000000064
6.0,30.0,13.8,13.88,13.5,13.57,39000.0,-0.23000000000000043
6.0,27.0,13.15,14.05,13.15,13.92,63900.0,0.7699999999999996
6.0,26.0,13.13,13.3,13.1,13.18,34500.0,0.049999999999998934
6.0,25.0,13.16,13.3,13.08,13.17,35500.0,0.009999999999999787
6.0,24.0,13.26,13.5,13.2,13.23,22700.0,-0.02999999999999936
6.0,23.0,13.79,13.89,13.22,13.28,67400.0,-0.5099999999999998
6.0,20.0,13.19,13.71,13.19,13.71,70200.0,0.5200000000000014
6.0,19.0,13.3,13.58,13.21,13.23,74500.0,-0.07000000000000028
6.0,18.0,13.41,13.65,13.2,13.32,67200.0,-0.08999999999999986
6.0,17.0,13.34,13.55,13.26,13.51,77000.0,0.16999999999999993
6.0,16.0,13.24,13.68,13.0,13.43,111000.0,0.1899999999999995
6.0,13.0,13.56,13.69,13.065,13.15,102500.0,-0.41000000000000014
6.0,12.0,13.55,13.9,13.5,13.54,125700.0,-0.010000000000001563
6.0,11.0,13.79,14.09,13.61,13.65,84500.0,-0.1399999999999988
6.0,10.0,14.05,14.12,13.79,13.87,95700.0,-0.1800000000000015
6.0,9.0,13.87,14.475,13.86,14.0,160000.0,0.13000000000000078
6.0,6.0,14.55,14.69,13.84,14.17,198800.0,-0.3800000000000008
6.0,5.0,14.57,14.75,14.228,14.46,216800.0,-0.10999999999999943
6.0,4.0,14.49,14.78,14.43,14.59,296100.0,0.09999999999999964
6.0,3.0,14.51,14.71,14.33,14.65,53300.0,0.14000000000000057
6.0,2.0,14.6,14.81,14.11,14.54,188800.0,-0.0600000000000005
5.0,30.0,14.6,14.84,14.6,14.65,124900.0,0.05000000000000071
5.0,29.0,14.79,14.9,14.57,14.7,143000.0,-0.08999999999999986
5.0,28.0,14.65,14.898,14.485,14.65,152800.0,0.0
5.0,27.0,14.65,14.75,14.23,14.53,182000.0,-0.120000000000001
5.0,23.0,14.35,14.64,14.13,14.44,154600.0,0.08999999999999986
5.0,22.0,14.47,14.47,14.01,14.28,215400.0,-0.19000000000000128
5.0,21.0,14.1,14.42,14.03,14.38,172000.0,0.28000000000000114
5.0,20.0,13.95,14.3,13.421,14.03,221300.0,0.08000000000000007
5.0,19.0,13.0,14.1,12.5,14.0,619500.0,1.0
5.0,16.0,13.99,13.99,12.1,12.9,569600.0,-1.0899999999999999
5.0,15.0,14.0,14.17,13.7,13.75,465800.0,-0.25
5.0,14.0,18.459999,18.459999,13.6,13.75,2521200.0,-4.709999
5.0,13.0,20.110001,20.74,20.049999,20.23,147100.0,0.11999899999999997
5.0,12.0,19.43,20.379999,19.33,20.110001,87000.0,0.6800010000000007
5.0,9.0,19.309999,19.950001,18.91,19.389999,100300.0,0.0799999999999983
5.0,8.0,19.299999,19.76,19.200001,19.450001,97800.0,0.15000200000000063
5.0,7.0,19.969999,20.15,19.18,19.41,82700.0,-0.5599990000000012
5.0,6.0,20.24,20.4,19.49,19.91,57700.0,-0.3299999999999983
5.0,5.0,20.309999,20.379999,19.74,20.219999,91200.0,-0.08999999999999986
5.0,2.0,20.139999,20.639999,19.709999,20.42,81200.0,0.28000100000000216
5.0,1.0,19.25,20.290001,19.030001,20.129999,113600.0,0.8799990000000015
4.0,30.0,19.43,19.559999,18.75,19.27,82700.0,-0.16000000000000014
4.0,29.0,19.389999,19.85,19.200001,19.57,46300.0,0.18000100000000074
4.0,28.0,19.709999,19.99,18.51,19.48,172400.0,-0.2299989999999994
4.0,25.0,19.860001,20.16,19.610001,19.98,86000.0,0.11999899999999997
4.0,24.0,19.450001,20.110001,19.08,20.049999,82700.0,0.5999979999999994
4.0,23.0,20.43,20.450001,19.120001,19.389999,70000.0,-1.0400010000000002
4.0,22.0,19.809999,20.969999,19.75,20.389999,77600.0,0.5799999999999983
4.0,21.0,19.639999,19.75,19.139999,19.639999,65800.0,0.0
4.0,17.0,19.059999,19.74,19.059999,19.51,127800.0,0.4500010000000003
4.0,16.0,19.450001,19.75,19.0,19.360001,132100.0,-0.08999999999999986
4.0,15.0,19.9,19.9,18.620001,19.34,164000.0,-0.5599999999999987
4.0,14.0,20.25,20.459,19.1,19.540001,196600.0,-0.7099989999999998
4.0,11.0,20.540001,21.973,20.01,20.18,158200.0,-0.36000100000000046
4.0,10.0,21.700001,22.0,20.219999,21.07,180300.0,-0.630001
4.0,9.0,19.6,21.969999,19.58,21.690001,395700.0,2.0900009999999973
4.0,8.0,19.25,19.799999,18.66,19.530001,252800.0,0.2800009999999986
4.0,7.0,19.049999,19.67,18.25,19.51,339500.0,0.4600010000000019
4.0,4.0,20.01,20.620001,18.879999,19.540001,313600.0,-0.4699990000000014
4.0,3.0,21.35,21.360001,19.83,20.16,353500.0,-1.1900000000000013
4.0,2.0,22.030001,22.087,21.16,21.32,107400.0,-0.7100009999999983
4.0,1.0,22.33,22.389999,21.219999,21.860001,234400.0,-0.46999899999999784
3.0,31.0,21.700001,22.459999,21.530001,22.02,164400.0,0.31999899999999926
3.0,28.0,21.709999,22.35,21.51,21.889999,242600.0,0.17999999999999972
3.0,27.0,22.1,22.219999,20.52,21.52,534300.0,-0.5800000000000018
3.0,26.0,23.0,24.219999,21.58,22.18,276400.0,-0.8200000000000003
3.0,25.0,24.780001,25.43,22.700001,22.92,302300.0,-1.860000999999997
3.0,24.0,26.049999,26.18,24.49,24.5,136200.0,-1.5499989999999997
3.0,21.0,26.84,26.84,24.700001,26.0,273000.0,-0.8399999999999999
3.0,20.0,27.530001,27.530001,26.5,26.809999,197000.0,-0.7200019999999974
3.0,19.0,27.799999,27.809999,27.280001,27.469999,61400.0,-0.3299999999999983
3.0,18.0,28.15,28.15,27.700001,27.84,60500.0,-0.3099999999999987
3.0,17.0,28.200001,28.299999,27.74,28.049999,85600.0,-0.15000200000000063
3.0,14.0,27.5,28.030001,27.450001,27.68,83900.0,0.17999999999999972
3.0,13.0,28.49,28.9,27.360001,27.540001,139800.0,-0.9499989999999983
3.0,12.0,27.49,28.4,27.200001,28.139999,153400.0,0.6499990000000011
3.0,11.0,27.51,27.549999,26.200001,27.309999,292000.0,-0.20000100000000032
3.0,10.0,27.6,27.6,25.879999,25.959999,154200.0,-1.6400010000000016
3.0,7.0,27.75,28.1,27.0,27.6,103300.0,-0.14999999999999858
3.0,6.0,28.200001,28.25,27.51,27.870001,132300.0,-0.33000000000000185
3.0,5.0,28.15,28.32,28.01,28.219999,73500.0,0.06999900000000281
3.0,4.0,28.1,28.790001,27.860001,28.110001,176500.0,0.010000999999999038
3.0,3.0,27.84,28.1,27.5,27.969999,231900.0,0.12999900000000153
2.0,28.0,28.0,28.290001,27.4,27.9,2279600.0,-0.10000000000000142
2.0,27.0,27.450001,29.75,27.4,29.25,110000.0,1.7999989999999997
2.0,26.0,28.0,28.0,27.5,27.690001,56400.0,-0.30999900000000125
2.0,25.0,27.73,28.5,27.110001,27.67,79400.0,-0.05999999999999872
2.0,24.0,26.99,27.66,26.84,27.549999,69000.0,0.5599990000000012
2.0,21.0,26.700001,27.0,26.02,26.84,61800.0,0.13999899999999954
2.0,20.0,26.41,26.75,25.950001,26.5,44500.0,0.08999999999999986
2.0,19.0,25.940001,26.1,25.57,25.709999,34900.0,-0.23000199999999893
2.0,18.0,25.469999,26.0,25.35,25.780001,41600.0,0.3100019999999972
2.0,14.0,26.5,27.0,25.23,25.34,26700.0,-1.1600000000000001
2.0,13.0,26.969999,26.969999,23.940001,25.719999,89800.0,-1.25
2.0,12.0,26.34,26.34,24.959999,25.6,39500.0,-0.7399999999999984
2.0,11.0,25.719999,26.27,25.51,25.65,40000.0,-0.06999900000000281
2.0,10.0,24.77,25.469999,24.65,25.0,58200.0,0.23000000000000043
2.0,7.0,24.41,24.700001,24.299999,24.549999,17700.0,0.13999899999999954
2.0,6.0,24.5,24.9,24.01,24.27,46400.0,-0.23000000000000043
2.0,5.0,24.469999,24.469999,23.299999,24.25,47700.0,-0.2199990000000014
2.0,4.0,24.17,24.860001,24.17,24.450001,22000.0,0.2800009999999986
2.0,3.0,25.799999,25.799999,23.549999,24.26,79500.0,-1.5399989999999981
1.0,31.0,26.1,26.68,25.4,25.59,19300.0,-0.5100000000000016
1.0,30.0,26.129999,26.49,25.540001,26.469999,32400.0,0.33999999999999986
1.0,29.0,25.889999,26.35,25.07,25.41,74700.0,-0.4799989999999994
1.0,28.0,25.66,26.23,25.209999,25.98,40300.0,0.3200000000000003
1.0,27.0,26.110001,26.43,24.27,25.6,122300.0,-0.510000999999999
1.0,24.0,28.24,28.440001,25.68,26.07,89000.0,-2.169999999999998
1.0,23.0,29.48,29.48,28.0,28.209999,32800.0,-1.2700010000000006
1.0,22.0,29.67,29.77,28.49,29.5,30700.0,-0.1700000000000017
1.0,21.0,29.200001,30.4,28.469999,28.889999,49900.0,-0.3100020000000008
1.0,17.0,29.299999,30.370001,28.0,29.1,91600.0,-0.19999899999999826
1.0,16.0,27.5,29.68,27.190001,29.16,196000.0,1.6600000000000001
1.0,15.0,27.83,27.83,27.209999,27.4,21500.0,-0.4299999999999997
1.0,14.0,27.950001,28.0,26.860001,27.559999,59500.0,-0.39000199999999907
1.0,13.0,27.25,28.879999,26.129999,27.870001,86200.0,0.6200009999999985
1.0,10.0,27.34,27.35,26.700001,26.91,41700.0,-0.4299999999999997
1.0,9.0,28.07,28.5,27.25,27.41,24700.0,-0.6600000000000001
1.0,8.0,27.75,28.200001,27.1,27.959999,65200.0,0.20999899999999982
1.0,7.0,27.629999,28.25,26.700001,27.190001,60000.0,-0.4399980000000028
1.0,6.0,28.450001,28.889999,27.52,27.530001,55900.0,-0.9200000000000017
1.0,3.0,27.82,28.77,27.780001,28.07,51100.0,0.25
1.0,2.0,26.969999,28.360001,26.860001,27.6,94600.0,0.630001
12.0,31.0,29.0,29.0,26.700001,27.01,145300.0,-1.9899999999999984
12.0,30.0,30.280001,30.309999,28.9,28.9,21800.0,-1.380001
12.0,27.0,30.219999,30.42,29.85,30.280001,29900.0,0.060001999999997224
12.0,26.0,29.83,30.780001,29.51,30.15,35400.0,0.3200000000000003
12.0,24.0,29.74,30.35,29.41,29.870001,20600.0,0.13000100000000003
12.0,23.0,30.0,30.5,29.219999,29.74,50600.0,-0.26000000000000156
12.0,20.0,30.360001,30.48,29.1,29.6,53300.0,-0.760000999999999
12.0,19.0,29.33,31.1,29.07,30.860001,67800.0,1.5300010000000022
12.0,18.0,28.49,29.5,27.0,29.209999,161700.0,0.7199990000000014
12.0,17.0,32.380001,32.380001,27.190001,28.59,264700.0,-3.790001
12.0,16.0,34.0,35.119999,32.25,32.950001,117300.0,-1.0499989999999997
12.0,13.0,32.720001,34.669998,32.580002,33.439999,107700.0,0.7199979999999968
12.0,12.0,29.57,33.0,29.1,32.349998,142200.0,2.779997999999999
12.0,11.0,29.639999,29.959999,27.0,29.42,217600.0,-0.21999899999999784
12.0,10.0,30.1,30.5,29.450001,30.200001,82900.0,0.1000009999999989
12.0,9.0,28.1,31.059999,28.049999,29.91,150400.0,1.8099999999999987
12.0,6.0,27.139999,28.440001,26.77,28.0,46000.0,0.8600010000000005
12.0,5.0,27.9,28.440001,27.0,27.1,54000.0,-0.7999999999999972
12.0,4.0,27.700001,27.99,26.18,27.889999,24400.0,0.18999799999999922
12.0,3.0,28.35,28.35,27.0,27.68,19000.0,-0.6700000000000017
12.0,2.0,26.120001,28.32,26.110001,27.23,82300.0,1.109999000000002
11.0,29.0,26.98,26.98,26.1,26.360001,19600.0,-0.619999
11.0,27.0,26.51,26.969999,26.51,26.75,10200.0,0.23999999999999844
11.0,26.0,26.57,26.98,26.049999,26.49,20500.0,-0.08000000000000185
11.0,25.0,26.700001,26.85,26.0,26.84,25800.0,0.13999899999999954
11.0,22.0,26.83,27.0,25.6,26.719999,52000.0,-0.1100009999999969
11.0,21.0,27.639999,27.639999,26.0,27.02,53500.0,-0.619999
11.0,20.0,27.15,27.84,26.5,27.469999,58800.0,0.3199990000000028
11.0,19.0,28.110001,28.129999,25.0,27.379999,101900.0,-0.7300019999999989
11.0,18.0,27.85,28.940001,27.01,27.299999,294800.0,-0.5500010000000017
11.0,15.0,25.75,27.66,25.75,26.709999,137200.0,0.9599989999999998
11.0,14.0,24.85,26.42,24.25,25.780001,235300.0,0.9300009999999972
11.0,13.0,23.5,25.209999,23.5,23.969999,163500.0,0.4699990000000014
11.0,12.0,24.5,25.5,22.790001,23.41,373400.0,-1.0899999999999999
11.0,11.0,22.5,23.41,21.66,23.290001,135400.0,0.7900010000000002
11.0,8.0,21.049999,21.93,20.58,21.93,42200.0,0.880001
11.0,7.0,22.190001,22.629999,20.25,21.200001,96800.0,-0.9899999999999984
11.0,6.0,23.18,23.18,21.35,22.17,55300.0,-1.009999999999998
11.0,5.0,23.6,23.6,22.27,22.4,70600.0,-1.2000000000000028
11.0,4.0,21.889999,22.77,21.5,22.34,112000.0,0.4500010000000003
11.0,1.0,21.5,21.5,20.799999,21.25,79900.0,-0.25
10.0,31.0,20.190001,21.74,19.780001,20.780001,196600.0,0.5899999999999999
10.0,30.0,19.700001,20.549999,19.02,20.0,223900.0,0.2999989999999997
10.0,29.0,19.5,19.700001,18.780001,19.0,55300.0,-0.5
10.0,28.0,18.9,19.02,18.559999,19.02,76600.0,0.120000000000001
10.0,25.0,18.75,18.809999,18.280001,18.719999,33900.0,-0.030000999999998612
10.0,24.0,18.27,18.74,18.02,18.549999,98700.0,0.2799990000000001
10.0,23.0,18.049999,18.51,17.549999,18.110001,41700.0,0.06000200000000078
10.0,22.0,18.200001,18.440001,17.9,17.959999,162200.0,-0.2400020000000005
10.0,21.0,18.0,18.190001,17.209999,17.809999,113100.0,-0.19000099999999875
10.0,18.0,17.0,17.389999,16.709999,16.93,163600.0,-0.07000000000000028
10.0,17.0,16.530001,16.9,16.5,16.68,24200.0,0.1499990000000011
10.0,16.0,16.65,16.93,16.549999,16.67,12100.0,0.020000000000003126
10.0,15.0,16.92,17.0,16.5,16.559999,95800.0,-0.36000100000000046
10.0,14.0,17.0,17.0,16.59,16.870001,41500.0,-0.12999900000000153
10.0,11.0,17.440001,17.440001,16.610001,16.790001,41300.0,-0.6499999999999986
10.0,10.0,16.950001,17.0,16.549999,16.709999,36400.0,-0.2400020000000005
10.0,9.0,16.82,17.139999,16.309999,16.780001,73000.0,-0.03999900000000167
10.0,8.0,17.049999,17.48,16.33,16.860001,375400.0,-0.18999799999999922
10.0,7.0,17.24,17.450001,16.799999,16.940001,53600.0,-0.2999989999999997
10.0,4.0,17.1,17.1,16.719999,17.07,89100.0,-0.030000000000001137
10.0,3.0,17.33,17.33,16.34,16.940001,147000.0,-0.38999899999999954
10.0,2.0,16.959999,16.959999,16.5,16.6,122500.0,-0.3599989999999984
10.0,1.0,16.65,16.77,16.309999,16.629999,112900.0,-0.02000099999999705
9.0,30.0,19.379999,19.379999,16.209999,16.549999,477900.0,-2.830000000000002
9.0,27.0,14.25,18.25,14.25,18.16,2129500.0,3.91
