9.0,25.0,0.01,0.01,0.01,0.01,0.0,0.0
9.0,24.0,0.01,0.01,0.01,0.01,0.0,0.0
9.0,23.0,0.01,0.01,0.01,0.01,0.0,0.0
9.0,22.0,0.01,0.01,0.01,0.01,0.0,0.0
9.0,21.0,0.01,0.01,0.01,0.01,0.0,0.0
9.0,18.0,0.01,0.01,0.01,0.01,0.0,0.0
9.0,17.0,0.01,0.01,0.01,0.01,0.0,0.0
9.0,16.0,0.01,0.01,0.01,0.01,0.0,0.0
9.0,15.0,0.01,0.01,0.01,0.01,0.0,0.0
9.0,14.0,0.01,0.01,0.01,0.01,0.0,0.0
9.0,11.0,0.01,0.01,0.01,0.01,0.0,0.0
9.0,10.0,0.01,0.01,0.01,0.01,0.0,0.0
9.0,9.0,0.01,0.01,0.01,0.01,0.0,0.0
9.0,8.0,0.01,0.01,0.01,0.01,0.0,0.0
9.0,4.0,0.01,0.01,0.01,0.01,0.0,0.0
9.0,3.0,0.01,0.01,0.01,0.01,0.0,0.0
9.0,2.0,0.01,0.01,0.01,0.01,0.0,0.0
9.0,1.0,0.01,0.01,0.01,0.01,0.0,0.0
8.0,31.0,0.01,0.01,0.01,0.01,0.0,0.0
8.0,28.0,0.01,0.01,0.01,0.01,0.0,0.0
8.0,27.0,0.01,0.01,0.01,0.01,0.0,0.0
8.0,26.0,0.01,0.01,0.01,0.01,0.0,0.0
8.0,25.0,0.01,0.01,0.01,0.01,0.0,0.0
8.0,24.0,0.01,0.01,0.01,0.01,0.0,0.0
8.0,21.0,0.01,0.01,0.01,0.01,0.0,0.0
8.0,20.0,0.01,0.01,0.01,0.01,0.0,0.0
8.0,19.0,0.01,0.01,0.01,0.01,0.0,0.0
8.0,18.0,0.01,0.01,0.01,0.01,0.0,0.0
8.0,17.0,0.01,0.01,0.01,0.01,0.0,0.0
8.0,14.0,0.01,0.01,0.01,0.01,0.0,0.0
8.0,13.0,0.01,0.01,0.01,0.01,0.0,0.0
8.0,12.0,0.01,0.01,0.01,0.01,0.0,0.0
8.0,11.0,0.01,0.01,0.01,0.01,0.0,0.0
8.0,10.0,0.01,0.01,0.01,0.01,0.0,0.0
8.0,7.0,0.01,0.01,0.01,0.01,0.0,0.0
8.0,6.0,0.01,0.01,0.01,0.01,0.0,0.0
8.0,5.0,0.01,0.01,0.01,0.01,0.0,0.0
8.0,4.0,0.01,0.01,0.01,0.01,0.0,0.0
8.0,3.0,0.01,0.01,0.01,0.01,0.0,0.0
7.0,31.0,0.01,0.01,0.01,0.01,0.0,0.0
7.0,30.0,0.01,0.01,0.01,0.01,0.0,0.0
7.0,29.0,0.01,0.01,0.01,0.01,0.0,0.0
7.0,28.0,0.01,0.01,0.01,0.01,0.0,0.0
7.0,27.0,0.01,0.01,0.01,0.01,0.0,0.0
7.0,24.0,0.01,0.01,0.01,0.01,0.0,0.0
7.0,23.0,0.01,0.01,0.01,0.01,0.0,0.0
7.0,22.0,0.01,0.01,0.01,0.01,0.0,0.0
7.0,21.0,0.01,0.01,0.01,0.01,0.0,0.0
7.0,20.0,0.01,0.01,0.01,0.01,0.0,0.0
7.0,17.0,0.01,0.01,0.01,0.01,0.0,0.0
7.0,16.0,0.01,0.01,0.01,0.01,0.0,0.0
7.0,15.0,0.01,0.01,0.01,0.01,0.0,0.0
7.0,14.0,0.01,0.01,0.01,0.01,0.0,0.0
7.0,13.0,0.01,0.01,0.01,0.01,0.0,0.0
7.0,10.0,0.01,0.01,0.01,0.01,0.0,0.0
7.0,9.0,0.01,0.01,0.01,0.01,0.0,0.0
7.0,8.0,0.01,0.01,0.01,0.01,0.0,0.0
7.0,7.0,0.01,0.01,0.01,0.01,0.0,0.0
7.0,6.0,0.01,0.01,0.01,0.01,0.0,0.0
7.0,2.0,0.01,0.01,0.01,0.01,0.0,0.0
7.0,1.0,0.01,0.01,0.01,0.01,0.0,0.0
6.0,30.0,0.01,0.01,0.01,0.01,0.0,0.0
6.0,29.0,0.01,0.01,0.01,0.01,0.0,0.0
6.0,26.0,0.01,0.01,0.01,0.01,0.0,0.0
6.0,25.0,0.01,0.01,0.01,0.01,0.0,0.0
6.0,24.0,0.01,0.01,0.01,0.01,0.0,0.0
6.0,23.0,0.01,0.01,0.01,0.01,0.0,0.0
6.0,22.0,0.01,0.01,0.01,0.01,0.0,0.0
6.0,19.0,0.01,0.01,0.01,0.01,0.0,0.0
6.0,18.0,0.01,0.01,0.01,0.01,0.0,0.0
6.0,17.0,0.01,0.01,0.01,0.01,0.0,0.0
6.0,16.0,0.01,0.01,0.01,0.01,0.0,0.0
6.0,15.0,0.01,0.01,0.01,0.01,0.0,0.0
6.0,12.0,0.01,0.01,0.01,0.01,0.0,0.0
6.0,11.0,0.01,0.01,0.01,0.01,0.0,0.0
6.0,10.0,0.01,0.01,0.01,0.01,0.0,0.0
6.0,9.0,0.01,0.01,0.01,0.01,0.0,0.0
6.0,8.0,0.01,0.01,0.01,0.01,0.0,0.0
6.0,5.0,0.01,0.01,0.01,0.01,0.0,0.0
6.0,4.0,0.01,0.01,0.01,0.01,0.0,0.0
6.0,3.0,0.01,0.01,0.01,0.01,0.0,0.0
6.0,2.0,0.01,0.01,0.01,0.01,0.0,0.0
6.0,1.0,0.01,0.01,0.01,0.01,0.0,0.0
5.0,29.0,0.01,0.01,0.01,0.01,0.0,0.0
5.0,28.0,0.01,0.01,0.01,0.01,0.0,0.0
5.0,27.0,0.01,0.01,0.01,0.01,0.0,0.0
5.0,26.0,0.01,0.01,0.01,0.01,0.0,0.0
5.0,22.0,0.01,0.01,0.01,0.01,0.0,0.0
5.0,21.0,0.01,0.01,0.01,0.01,0.0,0.0
5.0,20.0,0.01,0.01,0.01,0.01,0.0,0.0
5.0,19.0,0.01,0.01,0.01,0.01,0.0,0.0
5.0,18.0,0.01,0.01,0.01,0.01,0.0,0.0
5.0,15.0,0.01,0.01,0.01,0.01,0.0,0.0
5.0,14.0,0.01,0.01,0.01,0.01,0.0,0.0
5.0,13.0,0.01,0.01,0.01,0.01,0.0,0.0
5.0,12.0,0.01,0.01,0.01,0.01,0.0,0.0
5.0,11.0,0.01,0.01,0.01,0.01,0.0,0.0
5.0,8.0,0.01,0.01,0.01,0.01,0.0,0.0
5.0,7.0,0.01,0.01,0.01,0.01,0.0,0.0
5.0,6.0,0.01,0.01,0.01,0.01,0.0,0.0
5.0,5.0,0.01,0.01,0.01,0.01,0.0,0.0
5.0,4.0,0.01,0.01,0.01,0.01,0.0,0.0
5.0,1.0,0.01,0.01,0.01,0.01,0.0,0.0
4.0,30.0,0.01,0.01,0.01,0.01,0.0,0.0
4.0,29.0,0.01,0.01,0.01,0.01,0.0,0.0
4.0,28.0,0.01,0.01,0.01,0.01,0.0,0.0
4.0,27.0,0.01,0.01,0.01,0.01,0.0,0.0
4.0,24.0,0.01,0.01,0.01,0.01,0.0,0.0
4.0,23.0,0.01,0.01,0.01,0.01,0.0,0.0
4.0,22.0,0.01,0.01,0.01,0.01,0.0,0.0
4.0,21.0,0.01,0.01,0.01,0.01,0.0,0.0
4.0,20.0,0.01,0.01,0.01,0.01,0.0,0.0
4.0,17.0,0.01,0.01,0.01,0.01,0.0,0.0
4.0,16.0,0.01,0.01,0.01,0.01,0.0,0.0
4.0,15.0,0.01,0.01,0.01,0.01,0.0,0.0
4.0,14.0,0.01,0.01,0.01,0.01,0.0,0.0
4.0,13.0,0.01,0.01,0.01,0.01,0.0,0.0
4.0,10.0,0.01,0.01,0.01,0.01,0.0,0.0
4.0,9.0,0.01,0.01,0.01,0.01,0.0,0.0
4.0,8.0,0.01,0.01,0.01,0.01,0.0,0.0
4.0,7.0,0.01,0.01,0.01,0.01,400.0,0.0
4.0,6.0,0.01,0.01,0.01,0.01,0.0,0.0
4.0,2.0,0.01,0.01,0.01,0.01,0.0,0.0
4.0,1.0,0.01,0.01,0.01,0.01,0.0,0.0
3.0,31.0,0.01,0.01,0.01,0.01,0.0,0.0
3.0,30.0,0.01,0.01,0.01,0.01,0.0,0.0
3.0,27.0,0.01,0.01,0.01,0.01,0.0,0.0
3.0,26.0,0.01,0.01,0.01,0.01,0.0,0.0
3.0,25.0,0.01,0.01,0.01,0.01,0.0,0.0
3.0,24.0,0.01,0.01,0.01,0.01,0.0,0.0
3.0,23.0,0.01,0.01,0.01,0.01,100.0,0.0
3.0,20.0,0.04,0.04,0.04,0.04,0.0,0.0
3.0,19.0,0.04,0.04,0.04,0.04,0.0,0.0
3.0,18.0,0.04,0.04,0.04,0.04,0.0,0.0
3.0,17.0,0.04,0.04,0.04,0.04,0.0,0.0
3.0,16.0,0.04,0.04,0.04,0.04,0.0,0.0
3.0,13.0,0.04,0.04,0.04,0.04,0.0,0.0
3.0,12.0,0.04,0.04,0.04,0.04,0.0,0.0
3.0,11.0,0.04,0.04,0.04,0.04,0.0,0.0
3.0,10.0,0.04,0.04,0.04,0.04,0.0,0.0
3.0,9.0,0.04,0.04,0.04,0.04,200.0,0.0
3.0,6.0,0.56,0.56,0.56,0.56,0.0,0.0
3.0,5.0,0.56,0.56,0.56,0.56,0.0,0.0
3.0,4.0,0.56,0.56,0.56,0.56,0.0,0.0
3.0,3.0,0.56,0.56,0.56,0.56,0.0,0.0
3.0,2.0,0.56,0.56,0.56,0.56,0.0,0.0
2.0,27.0,0.56,0.56,0.56,0.56,0.0,0.0
2.0,26.0,0.56,0.56,0.56,0.56,0.0,0.0
2.0,25.0,0.56,0.56,0.56,0.56,0.0,0.0
2.0,24.0,0.56,0.56,0.56,0.56,0.0,0.0
2.0,23.0,0.56,0.56,0.56,0.56,0.0,0.0
2.0,20.0,0.56,0.56,0.56,0.56,0.0,0.0
2.0,19.0,0.56,0.56,0.56,0.56,0.0,0.0
2.0,18.0,0.56,0.56,0.56,0.56,0.0,0.0
2.0,17.0,0.56,0.56,0.56,0.56,0.0,0.0
2.0,13.0,0.56,0.56,0.56,0.56,0.0,0.0
2.0,12.0,0.56,0.56,0.56,0.56,0.0,0.0
2.0,11.0,0.56,0.56,0.56,0.56,0.0,0.0
2.0,10.0,0.56,0.56,0.56,0.56,0.0,0.0
2.0,9.0,0.56,0.56,0.56,0.56,0.0,0.0
2.0,6.0,0.56,0.56,0.56,0.56,0.0,0.0
2.0,5.0,0.56,0.56,0.56,0.56,0.0,0.0
2.0,4.0,0.56,0.56,0.56,0.56,0.0,0.0
2.0,3.0,0.56,0.56,0.56,0.56,0.0,0.0
2.0,2.0,0.56,0.56,0.56,0.56,0.0,0.0
1.0,30.0,0.56,0.56,0.56,0.56,0.0,0.0
1.0,29.0,0.56,0.56,0.56,0.56,0.0,0.0
1.0,28.0,0.56,0.56,0.56,0.56,0.0,0.0
1.0,27.0,0.56,0.56,0.56,0.56,0.0,0.0
1.0,26.0,0.56,0.56,0.56,0.56,0.0,0.0
1.0,23.0,0.56,0.56,0.56,0.56,0.0,0.0
1.0,22.0,0.56,0.56,0.56,0.56,0.0,0.0
1.0,21.0,0.56,0.56,0.56,0.56,0.0,0.0
1.0,20.0,0.56,0.56,0.56,0.56,0.0,0.0
1.0,16.0,0.56,0.56,0.56,0.56,1000.0,0.0
1.0,15.0,0.04,0.04,0.04,0.04,0.0,0.0
1.0,14.0,0.04,0.04,0.04,0.04,0.0,0.0
1.0,13.0,0.04,0.04,0.04,0.04,0.0,0.0
1.0,12.0,0.04,0.04,0.04,0.04,0.0,0.0
1.0,9.0,0.04,0.04,0.04,0.04,0.0,0.0
1.0,8.0,0.04,0.04,0.04,0.04,700.0,0.0
1.0,7.0,0.03,0.03,0.03,0.03,0.0,0.0
1.0,6.0,0.03,0.03,0.03,0.03,0.0,0.0
1.0,5.0,0.03,0.03,0.03,0.03,0.0,0.0
1.0,2.0,0.03,0.03,0.03,0.03,0.0,0.0
12.0,31.0,0.03,0.03,0.03,0.03,500.0,0.0
12.0,30.0,0.05,0.05,0.05,0.05,0.0,0.0
12.0,29.0,0.05,0.05,0.05,0.05,0.0,0.0
12.0,26.0,0.05,0.05,0.05,0.05,0.0,0.0
12.0,24.0,0.05,0.05,0.05,0.05,500.0,0.0
12.0,23.0,0.05,0.05,0.05,0.05,0.0,0.0
12.0,22.0,0.05,0.05,0.05,0.05,0.0,0.0
12.0,19.0,0.05,0.05,0.05,0.05,0.0,0.0
12.0,18.0,0.05,0.05,0.05,0.05,0.0,0.0
12.0,17.0,0.05,0.05,0.05,0.05,500.0,0.0
12.0,16.0,0.05,0.05,0.05,0.05,0.0,0.0
12.0,15.0,0.05,0.05,0.05,0.05,0.0,0.0
12.0,12.0,0.05,0.05,0.05,0.05,0.0,0.0
12.0,11.0,0.05,0.05,0.05,0.05,0.0,0.0
12.0,10.0,0.05,0.05,0.05,0.05,0.0,0.0
12.0,9.0,0.05,0.05,0.05,0.05,0.0,0.0
12.0,8.0,0.05,0.05,0.05,0.05,0.0,0.0
12.0,5.0,0.05,0.05,0.05,0.05,0.0,0.0
12.0,4.0,0.05,0.05,0.05,0.05,0.0,0.0
12.0,3.0,0.05,0.05,0.05,0.05,0.0,0.0
12.0,2.0,0.05,0.05,0.05,0.05,0.0,0.0
12.0,1.0,0.05,0.05,0.05,0.05,1000.0,0.0
11.0,28.0,0.05,0.05,0.05,0.05,0.0,0.0
11.0,26.0,0.05,0.05,0.05,0.05,0.0,0.0
11.0,25.0,0.05,0.05,0.05,0.05,0.0,0.0
11.0,24.0,0.05,0.05,0.05,0.05,0.0,0.0
11.0,21.0,0.05,0.05,0.05,0.05,0.0,0.0
11.0,20.0,0.05,0.05,0.05,0.05,0.0,0.0
11.0,19.0,0.05,0.05,0.05,0.05,0.0,0.0
11.0,18.0,0.05,0.05,0.05,0.05,0.0,0.0
11.0,17.0,0.05,0.05,0.05,0.05,400.0,0.0
11.0,14.0,0.05,0.05,0.05,0.05,0.0,0.0
11.0,13.0,0.05,0.05,0.05,0.05,0.0,0.0
11.0,12.0,0.05,0.05,0.05,0.05,0.0,0.0
11.0,11.0,0.05,0.05,0.05,0.05,0.0,0.0
11.0,10.0,0.05,0.05,0.05,0.05,0.0,0.0
11.0,7.0,0.05,0.05,0.05,0.05,0.0,0.0
11.0,6.0,0.05,0.05,0.05,0.05,0.0,0.0
11.0,5.0,0.05,0.05,0.05,0.05,0.0,0.0
11.0,4.0,0.05,0.05,0.05,0.05,0.0,0.0
11.0,3.0,0.05,0.05,0.05,0.05,0.0,0.0
10.0,31.0,0.05,0.05,0.05,0.05,0.0,0.0
10.0,30.0,0.05,0.05,0.05,0.05,0.0,0.0
10.0,29.0,0.05,0.05,0.05,0.05,0.0,0.0
10.0,28.0,0.05,0.05,0.05,0.05,0.0,0.0
10.0,27.0,0.05,0.05,0.05,0.05,2000.0,0.0
10.0,24.0,0.05,0.05,0.05,0.05,0.0,0.0
10.0,23.0,0.05,0.05,0.05,0.05,0.0,0.0
10.0,22.0,0.05,0.05,0.05,0.05,0.0,0.0
10.0,21.0,0.05,0.05,0.05,0.05,0.0,0.0
10.0,20.0,0.05,0.05,0.05,0.05,0.0,0.0
10.0,17.0,0.05,0.05,0.05,0.05,0.0,0.0
10.0,16.0,0.05,0.05,0.05,0.05,0.0,0.0
10.0,15.0,0.05,0.05,0.05,0.05,0.0,0.0
10.0,14.0,0.05,0.05,0.05,0.05,0.0,0.0
10.0,13.0,0.05,0.05,0.05,0.05,0.0,0.0
10.0,10.0,0.05,0.05,0.05,0.05,0.0,0.0
10.0,9.0,0.05,0.05,0.05,0.05,0.0,0.0
10.0,8.0,0.05,0.05,0.05,0.05,0.0,0.0
10.0,7.0,0.05,0.05,0.05,0.05,0.0,0.0
10.0,6.0,0.05,0.05,0.05,0.05,0.0,0.0
10.0,3.0,0.05,0.05,0.05,0.05,1000.0,0.0
10.0,2.0,0.05,0.05,0.05,0.05,0.0,0.0
10.0,1.0,0.05,0.05,0.05,0.05,0.0,0.0
9.0,30.0,0.05,0.05,0.05,0.05,0.0,0.0
9.0,29.0,0.05,0.05,0.05,0.05,0.0,0.0
9.0,26.0,0.05,0.05,0.05,0.05,0.0,0.0
9.0,25.0,0.05,0.05,0.05,0.05,0.0,0.0
9.0,24.0,0.05,0.05,0.05,0.05,0.0,0.0
9.0,23.0,0.05,0.05,0.05,0.05,0.0,0.0
9.0,22.0,0.05,0.05,0.05,0.05,0.0,0.0
9.0,19.0,0.05,0.05,0.05,0.05,0.0,0.0
9.0,18.0,0.05,0.05,0.05,0.05,5000.0,0.0
9.0,17.0,0.05,0.05,0.05,0.05,0.0,0.0
9.0,16.0,0.05,0.05,0.05,0.05,0.0,0.0
9.0,15.0,0.05,0.05,0.05,0.05,0.0,0.0
9.0,12.0,0.05,0.05,0.05,0.05,0.0,0.0
9.0,11.0,0.05,0.05,0.05,0.05,0.0,0.0
9.0,10.0,0.05,0.05,0.05,0.05,0.0,0.0
9.0,9.0,0.05,0.05,0.05,0.05,0.0,0.0
9.0,8.0,0.05,0.05,0.05,0.05,200.0,0.0
9.0,5.0,0.05,0.05,0.05,0.05,0.0,0.0
9.0,4.0,0.05,0.05,0.05,0.05,0.0,0.0
9.0,3.0,0.05,0.05,0.05,0.05,0.0,0.0
9.0,2.0,0.05,0.05,0.05,0.05,0.0,0.0
8.0,29.0,0.05,0.05,0.05,0.05,0.0,0.0
8.0,28.0,0.05,0.05,0.05,0.05,0.0,0.0
8.0,27.0,0.05,0.05,0.05,0.05,0.0,0.0
8.0,26.0,0.05,0.05,0.05,0.05,0.0,0.0
8.0,25.0,0.05,0.05,0.05,0.05,0.0,0.0
8.0,22.0,0.05,0.05,0.05,0.05,0.0,0.0
8.0,21.0,0.05,0.05,0.05,0.05,0.0,0.0
8.0,20.0,0.05,0.05,0.05,0.05,0.0,0.0
8.0,19.0,0.05,0.05,0.05,0.05,0.0,0.0
8.0,18.0,0.05,0.05,0.05,0.05,0.0,0.0
8.0,15.0,0.05,0.05,0.05,0.05,0.0,0.0
8.0,14.0,0.05,0.05,0.05,0.05,0.0,0.0
8.0,13.0,0.05,0.05,0.05,0.05,0.0,0.0
8.0,12.0,0.05,0.05,0.05,0.05,0.0,0.0
8.0,11.0,0.05,0.05,0.05,0.05,0.0,0.0
8.0,8.0,0.05,0.05,0.05,0.05,0.0,0.0
8.0,7.0,0.05,0.05,0.05,0.05,0.0,0.0
8.0,6.0,0.05,0.05,0.05,0.05,0.0,0.0
8.0,5.0,0.05,0.05,0.05,0.05,0.0,0.0
8.0,4.0,0.05,0.05,0.05,0.05,0.0,0.0
8.0,1.0,0.05,0.05,0.05,0.05,0.0,0.0
7.0,31.0,0.05,0.05,0.05,0.05,0.0,0.0
7.0,30.0,0.05,0.05,0.05,0.05,0.0,0.0
7.0,29.0,0.05,0.05,0.05,0.05,0.0,0.0
7.0,28.0,0.05,0.05,0.05,0.05,0.0,0.0
7.0,25.0,0.05,0.05,0.05,0.05,0.0,0.0
7.0,24.0,0.05,0.05,0.05,0.05,0.0,0.0
7.0,23.0,0.05,0.05,0.05,0.05,0.0,0.0
7.0,22.0,0.05,0.05,0.05,0.05,0.0,0.0
7.0,21.0,0.05,0.05,0.05,0.05,0.0,0.0
7.0,18.0,0.05,0.05,0.05,0.05,0.0,0.0
7.0,17.0,0.05,0.05,0.05,0.05,0.0,0.0
7.0,16.0,0.05,0.05,0.05,0.05,0.0,0.0
7.0,15.0,0.05,0.05,0.05,0.05,0.0,0.0
7.0,14.0,0.05,0.05,0.05,0.05,0.0,0.0
7.0,11.0,0.05,0.05,0.05,0.05,0.0,0.0
7.0,10.0,0.05,0.05,0.05,0.05,0.0,0.0
7.0,9.0,0.05,0.05,0.05,0.05,0.0,0.0
7.0,8.0,0.05,0.05,0.05,0.05,0.0,0.0
7.0,7.0,0.05,0.05,0.05,0.05,1700.0,0.0
7.0,3.0,0.05,0.05,0.05,0.05,0.0,0.0
7.0,2.0,0.05,0.05,0.05,0.05,500.0,0.0
7.0,1.0,0.03,0.03,0.03,0.03,0.0,0.0
6.0,30.0,0.03,0.03,0.03,0.03,0.0,0.0
6.0,27.0,0.03,0.03,0.03,0.03,0.0,0.0
6.0,26.0,0.03,0.03,0.03,0.03,0.0,0.0
6.0,25.0,0.03,0.03,0.03,0.03,0.0,0.0
6.0,24.0,0.03,0.03,0.03,0.03,0.0,0.0
6.0,23.0,0.03,0.03,0.03,0.03,0.0,0.0
6.0,20.0,0.03,0.03,0.03,0.03,0.0,0.0
6.0,19.0,0.03,0.03,0.03,0.03,0.0,0.0
6.0,18.0,0.03,0.03,0.03,0.03,0.0,0.0
6.0,17.0,0.03,0.03,0.03,0.03,0.0,0.0
6.0,16.0,0.03,0.03,0.03,0.03,0.0,0.0
6.0,13.0,0.03,0.03,0.03,0.03,0.0,0.0
6.0,12.0,0.03,0.03,0.03,0.03,0.0,0.0
6.0,11.0,0.03,0.03,0.03,0.03,0.0,0.0
6.0,10.0,0.03,0.03,0.03,0.03,0.0,0.0
6.0,9.0,0.03,0.03,0.03,0.03,6700.0,0.0
6.0,6.0,0.03,0.03,0.03,0.03,0.0,0.0
6.0,5.0,0.03,0.03,0.03,0.03,0.0,0.0
6.0,4.0,0.03,0.03,0.03,0.03,0.0,0.0
6.0,3.0,0.03,0.03,0.03,0.03,0.0,0.0
6.0,2.0,0.03,0.03,0.03,0.03,0.0,0.0
5.0,30.0,0.03,0.03,0.03,0.03,0.0,0.0
5.0,29.0,0.03,0.03,0.03,0.03,0.0,0.0
5.0,28.0,0.03,0.03,0.03,0.03,0.0,0.0
5.0,27.0,0.03,0.03,0.03,0.03,0.0,0.0
5.0,23.0,0.03,0.03,0.03,0.03,0.0,0.0
5.0,22.0,0.03,0.03,0.03,0.03,0.0,0.0
5.0,21.0,0.03,0.03,0.03,0.03,0.0,0.0
5.0,20.0,0.03,0.03,0.03,0.03,0.0,0.0
5.0,19.0,0.03,0.03,0.03,0.03,0.0,0.0
5.0,16.0,0.03,0.03,0.03,0.03,0.0,0.0
5.0,15.0,0.03,0.03,0.03,0.03,0.0,0.0
5.0,14.0,0.03,0.03,0.03,0.03,600.0,0.0
5.0,13.0,0.03,0.03,0.03,0.03,0.0,0.0
5.0,12.0,0.03,0.03,0.03,0.03,0.0,0.0
5.0,9.0,0.03,0.03,0.03,0.03,0.0,0.0
5.0,8.0,0.03,0.03,0.03,0.03,100.0,0.0
5.0,7.0,0.03,0.03,0.03,0.03,0.0,0.0
5.0,6.0,0.03,0.03,0.03,0.03,0.0,0.0
5.0,5.0,0.03,0.03,0.03,0.03,0.0,0.0
5.0,2.0,0.03,0.03,0.03,0.03,0.0,0.0
5.0,1.0,0.03,0.03,0.03,0.03,0.0,0.0
4.0,30.0,0.03,0.03,0.03,0.03,0.0,0.0
4.0,29.0,0.03,0.03,0.03,0.03,0.0,0.0
4.0,28.0,0.03,0.03,0.03,0.03,0.0,0.0
4.0,25.0,0.03,0.03,0.03,0.03,0.0,0.0
4.0,24.0,0.03,0.03,0.03,0.03,0.0,0.0
4.0,23.0,0.03,0.03,0.03,0.03,0.0,0.0
4.0,22.0,0.03,0.03,0.03,0.03,0.0,0.0
4.0,21.0,0.03,0.03,0.03,0.03,0.0,0.0
4.0,17.0,0.03,0.03,0.03,0.03,0.0,0.0
4.0,16.0,0.03,0.03,0.03,0.03,0.0,0.0
4.0,15.0,0.03,0.03,0.03,0.03,0.0,0.0
4.0,14.0,0.03,0.03,0.03,0.03,0.0,0.0
4.0,11.0,0.03,0.03,0.03,0.03,0.0,0.0
4.0,10.0,0.03,0.03,0.03,0.03,0.0,0.0
4.0,9.0,0.03,0.03,0.03,0.03,0.0,0.0
4.0,8.0,0.03,0.03,0.03,0.03,0.0,0.0
4.0,7.0,0.03,0.03,0.03,0.03,0.0,0.0
4.0,4.0,0.03,0.03,0.03,0.03,0.0,0.0
4.0,3.0,0.03,0.03,0.03,0.03,0.0,0.0
4.0,2.0,0.03,0.03,0.03,0.03,0.0,0.0
4.0,1.0,0.03,0.03,0.03,0.03,0.0,0.0
3.0,31.0,0.03,0.03,0.03,0.03,0.0,0.0
3.0,28.0,0.03,0.03,0.03,0.03,0.0,0.0
3.0,27.0,0.03,0.03,0.03,0.03,0.0,0.0
3.0,26.0,0.03,0.03,0.03,0.03,0.0,0.0
3.0,25.0,0.03,0.03,0.03,0.03,0.0,0.0
3.0,24.0,0.03,0.03,0.03,0.03,0.0,0.0
3.0,21.0,0.03,0.03,0.03,0.03,0.0,0.0
3.0,20.0,0.03,0.03,0.03,0.03,0.0,0.0
3.0,19.0,0.03,0.03,0.03,0.03,0.0,0.0
3.0,18.0,0.03,0.03,0.03,0.03,0.0,0.0
3.0,17.0,0.03,0.03,0.03,0.03,0.0,0.0
3.0,14.0,0.03,0.03,0.03,0.03,0.0,0.0
3.0,13.0,0.03,0.03,0.03,0.03,0.0,0.0
3.0,12.0,0.03,0.03,0.03,0.03,0.0,0.0
3.0,11.0,0.03,0.03,0.03,0.03,0.0,0.0
3.0,10.0,0.03,0.03,0.03,0.03,0.0,0.0
3.0,7.0,0.03,0.03,0.03,0.03,0.0,0.0
3.0,6.0,0.03,0.03,0.03,0.03,500.0,0.0
3.0,5.0,0.02,0.02,0.02,0.02,0.0,0.0
3.0,4.0,0.02,0.02,0.02,0.02,0.0,0.0
3.0,3.0,0.02,0.02,0.02,0.02,0.0,0.0
2.0,28.0,0.02,0.02,0.02,0.02,0.0,0.0
2.0,27.0,0.02,0.02,0.02,0.02,0.0,0.0
2.0,26.0,0.02,0.02,0.02,0.02,0.0,0.0
2.0,25.0,0.02,0.02,0.02,0.02,0.0,0.0
2.0,24.0,0.02,0.02,0.02,0.02,100.0,0.0
2.0,21.0,0.01,0.01,0.01,0.01,0.0,0.0
2.0,20.0,0.01,0.01,0.01,0.01,0.0,0.0
2.0,19.0,0.01,0.01,0.01,0.01,0.0,0.0
2.0,18.0,0.01,0.01,0.01,0.01,1500.0,0.0
2.0,14.0,0.22,0.22,0.22,0.22,0.0,0.0
2.0,13.0,0.22,0.22,0.22,0.22,0.0,0.0
2.0,12.0,0.22,0.22,0.22,0.22,0.0,0.0
2.0,11.0,0.22,0.22,0.22,0.22,0.0,0.0
2.0,10.0,0.22,0.22,0.22,0.22,0.0,0.0
2.0,7.0,0.22,0.22,0.22,0.22,0.0,0.0
2.0,6.0,0.22,0.22,0.22,0.22,500.0,0.0
2.0,5.0,0.27,0.27,0.27,0.27,0.0,0.0
2.0,4.0,0.27,0.27,0.27,0.27,0.0,0.0
2.0,3.0,0.27,0.27,0.27,0.27,0.0,0.0
1.0,31.0,0.27,0.27,0.27,0.27,0.0,0.0
1.0,30.0,0.27,0.27,0.27,0.27,0.0,0.0
1.0,29.0,0.27,0.27,0.27,0.27,0.0,0.0
1.0,28.0,0.27,0.27,0.27,0.27,0.0,0.0
1.0,27.0,0.27,0.27,0.27,0.27,0.0,0.0
1.0,24.0,0.27,0.27,0.27,0.27,0.0,0.0
1.0,23.0,0.27,0.27,0.27,0.27,0.0,0.0
1.0,22.0,0.27,0.27,0.27,0.27,0.0,0.0
1.0,21.0,0.27,0.27,0.27,0.27,0.0,0.0
1.0,17.0,0.27,0.27,0.27,0.27,0.0,0.0
1.0,16.0,0.27,0.27,0.27,0.27,0.0,0.0
1.0,15.0,0.27,0.27,0.27,0.27,0.0,0.0
1.0,14.0,0.27,0.27,0.27,0.27,0.0,0.0
1.0,13.0,0.27,0.27,0.27,0.27,0.0,0.0
1.0,10.0,0.27,0.27,0.27,0.27,0.0,0.0
1.0,9.0,0.27,0.27,0.27,0.27,0.0,0.0
1.0,8.0,0.27,0.27,0.27,0.27,0.0,0.0
1.0,7.0,0.27,0.27,0.27,0.27,0.0,0.0
1.0,6.0,0.27,0.27,0.27,0.27,0.0,0.0
1.0,3.0,0.27,0.27,0.27,0.27,0.0,0.0
1.0,2.0,0.27,0.27,0.27,0.27,0.0,0.0
12.0,31.0,0.27,0.27,0.27,0.27,0.0,0.0
12.0,30.0,0.27,0.27,0.27,0.27,0.0,0.0
12.0,27.0,0.27,0.27,0.27,0.27,1000.0,0.0
12.0,26.0,0.22,0.22,0.22,0.22,0.0,0.0
12.0,24.0,0.22,0.22,0.22,0.22,0.0,0.0
12.0,23.0,0.22,0.22,0.22,0.22,600.0,0.0
12.0,20.0,0.22,0.22,0.22,0.22,0.0,0.0
12.0,19.0,0.22,0.22,0.22,0.22,300.0,0.0
12.0,18.0,0.25,0.25,0.25,0.25,0.0,0.0
12.0,17.0,0.25,0.25,0.25,0.25,0.0,0.0
12.0,16.0,0.25,0.25,0.25,0.25,0.0,0.0
12.0,13.0,0.25,0.25,0.25,0.25,0.0,0.0
12.0,12.0,0.25,0.25,0.25,0.25,0.0,0.0
12.0,11.0,0.25,0.25,0.25,0.25,0.0,0.0
12.0,10.0,0.25,0.25,0.25,0.25,0.0,0.0
12.0,9.0,0.25,0.25,0.25,0.25,0.0,0.0
12.0,6.0,0.25,0.25,0.25,0.25,0.0,0.0
12.0,5.0,0.25,0.25,0.25,0.25,0.0,0.0
12.0,4.0,0.25,0.25,0.25,0.25,0.0,0.0
12.0,3.0,0.25,0.25,0.25,0.25,0.0,0.0
12.0,2.0,0.25,0.25,0.25,0.25,0.0,0.0
11.0,29.0,0.25,0.25,0.25,0.25,0.0,0.0
11.0,27.0,0.25,0.25,0.25,0.25,0.0,0.0
11.0,26.0,0.25,0.25,0.25,0.25,0.0,0.0
11.0,25.0,0.25,0.25,0.25,0.25,0.0,0.0
11.0,22.0,0.25,0.25,0.25,0.25,0.0,0.0
11.0,21.0,0.25,0.25,0.25,0.25,0.0,0.0
11.0,20.0,0.25,0.25,0.25,0.25,0.0,0.0
11.0,19.0,0.25,0.25,0.25,0.25,0.0,0.0
11.0,18.0,0.25,0.25,0.25,0.25,0.0,0.0
11.0,15.0,0.25,0.25,0.25,0.25,0.0,0.0
11.0,14.0,0.25,0.25,0.25,0.25,500.0,0.0
11.0,13.0,0.8,0.8,0.8,0.8,0.0,0.0
11.0,12.0,0.8,0.8,0.8,0.8,0.0,0.0
11.0,11.0,0.8,0.8,0.8,0.8,0.0,0.0
11.0,8.0,0.8,0.8,0.8,0.8,400.0,0.0
11.0,7.0,0.4,0.4,0.4,0.4,0.0,0.0
11.0,6.0,0.4,0.4,0.4,0.4,0.0,0.0
11.0,5.0,0.4,0.4,0.4,0.4,0.0,0.0
11.0,4.0,0.51,0.8,0.25,0.4,10200.0,-0.10999999999999999
11.0,1.0,0.02,0.02,0.02,0.02,0.0,0.0
10.0,31.0,0.02,0.02,0.02,0.02,0.0,0.0
10.0,30.0,0.02,0.02,0.02,0.02,0.0,0.0
10.0,29.0,0.02,0.02,0.02,0.02,0.0,0.0
10.0,28.0,0.02,0.02,0.02,0.02,0.0,0.0
10.0,25.0,0.02,0.02,0.02,0.02,0.0,0.0
10.0,24.0,0.02,0.02,0.02,0.02,0.0,0.0
10.0,23.0,0.02,0.02,0.02,0.02,0.0,0.0
10.0,22.0,0.02,0.02,0.02,0.02,0.0,0.0
10.0,21.0,0.02,0.02,0.02,0.02,0.0,0.0
10.0,18.0,0.02,0.02,0.02,0.02,0.0,0.0
10.0,17.0,0.02,0.02,0.02,0.02,1100.0,0.0
10.0,16.0,0.2,0.2,0.2,0.2,0.0,0.0
10.0,15.0,0.2,0.2,0.2,0.2,0.0,0.0
10.0,14.0,0.2,0.2,0.2,0.2,0.0,0.0
10.0,11.0,0.2,0.2,0.2,0.2,0.0,0.0
10.0,10.0,0.2,0.2,0.2,0.2,0.0,0.0
10.0,9.0,0.2,0.2,0.2,0.2,3300.0,0.0
10.0,8.0,0.7,0.7,0.7,0.7,0.0,0.0
10.0,7.0,0.7,0.7,0.7,0.7,1000.0,0.0
10.0,4.0,0.65,0.65,0.65,0.65,0.0,0.0
10.0,3.0,0.65,0.65,0.65,0.65,0.0,0.0
10.0,2.0,0.65,0.65,0.65,0.65,0.0,0.0
10.0,1.0,0.65,0.65,0.65,0.65,0.0,0.0
9.0,30.0,0.65,0.65,0.65,0.65,0.0,0.0
9.0,27.0,0.65,0.65,0.65,0.65,0.0,0.0
9.0,26.0,0.65,0.65,0.65,0.65,0.0,0.0
9.0,25.0,0.65,0.65,0.65,0.65,0.0,0.0
9.0,24.0,0.65,0.65,0.65,0.65,0.0,0.0
9.0,23.0,0.65,0.65,0.65,0.65,0.0,0.0
9.0,20.0,0.65,0.65,0.65,0.65,0.0,0.0
9.0,19.0,0.65,0.65,0.65,0.65,0.0,0.0
9.0,18.0,0.65,0.65,0.65,0.65,0.0,0.0
9.0,17.0,0.65,0.65,0.65,0.65,0.0,0.0
9.0,16.0,0.65,0.65,0.65,0.65,0.0,0.0
9.0,13.0,0.65,0.65,0.65,0.65,0.0,0.0
9.0,12.0,0.65,0.65,0.65,0.65,0.0,0.0
9.0,11.0,0.65,0.65,0.65,0.65,0.0,0.0
9.0,10.0,0.65,0.65,0.65,0.65,0.0,0.0
9.0,9.0,0.65,0.65,0.65,0.65,0.0,0.0
9.0,6.0,0.65,0.65,0.65,0.65,0.0,0.0
9.0,5.0,0.65,0.65,0.65,0.65,0.0,0.0
9.0,4.0,0.65,0.65,0.65,0.65,0.0,0.0
9.0,3.0,0.65,0.65,0.65,0.65,0.0,0.0
8.0,30.0,0.65,0.65,0.65,0.65,0.0,0.0
8.0,29.0,0.65,0.65,0.65,0.65,0.0,0.0
8.0,28.0,0.65,0.65,0.65,0.65,0.0,0.0
8.0,27.0,0.65,0.65,0.65,0.65,0.0,0.0
8.0,26.0,0.65,0.65,0.65,0.65,0.0,0.0
8.0,23.0,0.65,0.65,0.65,0.65,0.0,0.0
8.0,22.0,0.65,0.65,0.65,0.65,0.0,0.0
8.0,21.0,0.65,0.65,0.65,0.65,0.0,0.0
8.0,20.0,0.6,0.65,0.6,0.65,1400.0,0.050000000000000044
8.0,19.0,0.65,0.65,0.65,0.65,0.0,0.0
8.0,16.0,0.65,0.65,0.65,0.65,0.0,0.0
8.0,15.0,0.65,0.65,0.65,0.65,0.0,0.0
8.0,14.0,0.65,0.65,0.65,0.65,0.0,0.0
8.0,13.0,0.65,0.65,0.65,0.65,100.0,0.0
8.0,12.0,0.65,0.65,0.65,0.65,0.0,0.0
8.0,9.0,0.65,0.65,0.65,0.65,0.0,0.0
8.0,8.0,0.65,0.65,0.65,0.65,200.0,0.0
8.0,7.0,0.65,0.65,0.65,0.65,500.0,0.0
8.0,6.0,0.75,0.75,0.75,0.75,0.0,0.0
8.0,5.0,0.75,0.75,0.75,0.75,0.0,0.0
8.0,2.0,0.75,0.75,0.75,0.75,0.0,0.0
8.0,1.0,0.75,0.75,0.75,0.75,1000.0,0.0
7.0,31.0,0.76,0.76,0.76,0.76,0.0,0.0
7.0,30.0,0.76,0.76,0.76,0.76,0.0,0.0
7.0,29.0,0.76,0.76,0.76,0.76,0.0,0.0
7.0,26.0,0.76,0.76,0.76,0.76,0.0,0.0
7.0,25.0,0.76,0.76,0.76,0.76,100.0,0.0
7.0,24.0,0.75,0.75,0.75,0.75,0.0,0.0
7.0,23.0,0.75,0.75,0.75,0.75,0.0,0.0
7.0,22.0,0.75,0.75,0.75,0.75,0.0,0.0
7.0,19.0,0.75,0.75,0.75,0.75,0.0,0.0
7.0,18.0,0.75,0.75,0.75,0.75,0.0,0.0
7.0,17.0,0.75,0.75,0.75,0.75,400.0,0.0
7.0,16.0,0.65,0.65,0.65,0.65,0.0,0.0
7.0,15.0,0.65,0.65,0.65,0.65,0.0,0.0
7.0,12.0,0.65,0.65,0.65,0.65,0.0,0.0
7.0,11.0,0.65,0.65,0.65,0.65,0.0,0.0
7.0,10.0,0.65,0.65,0.65,0.65,0.0,0.0
7.0,9.0,0.65,0.65,0.65,0.65,0.0,0.0
7.0,8.0,0.65,0.65,0.65,0.65,0.0,0.0
7.0,5.0,0.65,0.65,0.65,0.65,0.0,0.0
7.0,3.0,0.65,0.65,0.65,0.65,0.0,0.0
7.0,2.0,0.65,0.65,0.65,0.65,0.0,0.0
7.0,1.0,0.65,0.65,0.65,0.65,0.0,0.0
6.0,28.0,0.65,0.65,0.65,0.65,0.0,0.0
6.0,27.0,0.65,0.65,0.65,0.65,0.0,0.0
6.0,26.0,0.65,0.65,0.65,0.65,0.0,0.0
6.0,25.0,0.65,0.65,0.65,0.65,0.0,0.0
6.0,24.0,0.65,0.65,0.65,0.65,0.0,0.0
6.0,21.0,0.65,0.65,0.65,0.65,0.0,0.0
6.0,20.0,0.65,0.65,0.65,0.65,0.0,0.0
6.0,19.0,0.65,0.65,0.65,0.65,0.0,0.0
6.0,18.0,0.65,0.65,0.65,0.65,0.0,0.0
6.0,17.0,0.65,0.65,0.65,0.65,0.0,0.0
6.0,14.0,0.65,0.65,0.65,0.65,0.0,0.0
6.0,13.0,0.65,0.65,0.65,0.65,0.0,0.0
6.0,12.0,0.65,0.65,0.65,0.65,0.0,0.0
6.0,11.0,0.79,0.79,0.55,0.65,1900.0,-0.14
6.0,10.0,0.79,0.79,0.79,0.79,0.0,0.0
6.0,7.0,0.79,0.79,0.79,0.79,0.0,0.0
6.0,6.0,0.79,0.79,0.79,0.79,0.0,0.0
6.0,5.0,0.79,0.79,0.79,0.79,1000.0,0.0
6.0,4.0,0.79,0.79,0.79,0.79,0.0,0.0
6.0,3.0,0.79,0.79,0.79,0.79,0.0,0.0
5.0,31.0,0.79,0.79,0.79,0.79,0.0,0.0
5.0,30.0,0.79,0.79,0.79,0.79,0.0,0.0
5.0,29.0,0.79,0.79,0.79,0.79,0.0,0.0
5.0,28.0,0.79,0.79,0.79,0.79,0.0,0.0
5.0,24.0,0.79,0.79,0.79,0.79,0.0,0.0
5.0,23.0,0.79,0.79,0.79,0.79,0.0,0.0
5.0,22.0,0.79,0.79,0.79,0.79,0.0,0.0
5.0,21.0,0.79,0.79,0.79,0.79,300.0,0.0
5.0,20.0,0.79,0.79,0.79,0.79,0.0,0.0
5.0,17.0,0.79,0.79,0.79,0.79,0.0,0.0
5.0,16.0,0.79,0.79,0.79,0.79,0.0,0.0
5.0,15.0,0.79,0.79,0.79,0.79,0.0,0.0
5.0,14.0,0.79,0.79,0.79,0.79,0.0,0.0
5.0,13.0,0.79,0.79,0.79,0.79,0.0,0.0
5.0,10.0,0.79,0.79,0.79,0.79,0.0,0.0
5.0,9.0,0.79,0.79,0.79,0.79,0.0,0.0
5.0,8.0,0.79,0.79,0.79,0.79,0.0,0.0
5.0,7.0,0.79,0.79,0.79,0.79,0.0,0.0
5.0,6.0,0.79,0.79,0.79,0.79,0.0,0.0
5.0,3.0,0.79,0.79,0.79,0.79,0.0,0.0
5.0,2.0,0.79,0.79,0.79,0.79,0.0,0.0
5.0,1.0,0.79,0.79,0.79,0.79,400.0,0.0
4.0,30.0,0.79,0.79,0.79,0.79,0.0,0.0
4.0,29.0,0.79,0.79,0.79,0.79,0.0,0.0
4.0,26.0,0.79,0.79,0.79,0.79,0.0,0.0
4.0,25.0,0.79,0.79,0.79,0.79,0.0,0.0
4.0,24.0,0.79,0.79,0.79,0.79,0.0,0.0
4.0,23.0,0.79,0.79,0.79,0.79,0.0,0.0
4.0,22.0,0.79,0.79,0.79,0.79,0.0,0.0
4.0,19.0,0.79,0.79,0.79,0.79,0.0,0.0
4.0,18.0,0.79,0.79,0.79,0.79,0.0,0.0
4.0,17.0,0.79,0.79,0.79,0.79,0.0,0.0
4.0,16.0,0.79,0.79,0.79,0.79,0.0,0.0
4.0,15.0,0.79,0.79,0.79,0.79,0.0,0.0
4.0,12.0,0.79,0.79,0.79,0.79,0.0,0.0
4.0,11.0,0.79,0.79,0.79,0.79,0.0,0.0
4.0,10.0,0.79,0.79,0.79,0.79,0.0,0.0
4.0,9.0,0.79,0.79,0.79,0.79,0.0,0.0
4.0,8.0,0.79,0.79,0.79,0.79,0.0,0.0
4.0,5.0,0.79,0.79,0.79,0.79,0.0,0.0
4.0,4.0,0.79,0.79,0.79,0.79,0.0,0.0
4.0,3.0,0.79,0.79,0.79,0.79,0.0,0.0
4.0,2.0,0.79,0.79,0.79,0.79,0.0,0.0
4.0,1.0,0.79,0.79,0.79,0.79,0.0,0.0
3.0,28.0,0.79,0.79,0.79,0.79,0.0,0.0
3.0,27.0,0.79,0.79,0.79,0.79,0.0,0.0
3.0,26.0,0.79,0.79,0.79,0.79,0.0,0.0
3.0,25.0,0.79,0.79,0.79,0.79,0.0,0.0
3.0,22.0,0.79,0.79,0.79,0.79,0.0,0.0
3.0,21.0,0.79,0.79,0.79,0.79,0.0,0.0
3.0,20.0,0.79,0.79,0.79,0.79,0.0,0.0
3.0,19.0,0.79,0.79,0.79,0.79,0.0,0.0
3.0,18.0,0.79,0.79,0.79,0.79,0.0,0.0
3.0,15.0,0.79,0.79,0.79,0.79,2700.0,0.0
3.0,14.0,0.79,0.79,0.79,0.79,0.0,0.0
3.0,13.0,0.79,0.79,0.79,0.79,0.0,0.0
3.0,12.0,0.79,0.79,0.79,0.79,0.0,0.0
3.0,11.0,0.79,0.79,0.79,0.79,0.0,0.0
3.0,8.0,0.79,0.79,0.79,0.79,0.0,0.0
3.0,7.0,0.79,0.79,0.79,0.79,0.0,0.0
3.0,6.0,0.79,0.79,0.79,0.79,0.0,0.0
3.0,5.0,0.79,0.79,0.79,0.79,0.0,0.0
3.0,4.0,0.79,0.79,0.79,0.79,0.0,0.0
3.0,1.0,0.79,0.79,0.79,0.79,0.0,0.0
2.0,28.0,0.79,0.79,0.79,0.79,300.0,0.0
2.0,27.0,0.79,0.79,0.79,0.79,0.0,0.0
2.0,26.0,0.79,0.79,0.79,0.79,0.0,0.0
2.0,25.0,0.79,0.79,0.79,0.79,0.0,0.0
2.0,22.0,0.79,0.79,0.79,0.79,0.0,0.0
2.0,21.0,0.79,0.79,0.79,0.79,0.0,0.0
2.0,20.0,0.79,0.79,0.79,0.79,0.0,0.0
2.0,19.0,0.79,0.79,0.79,0.79,0.0,0.0
2.0,15.0,0.79,0.79,0.79,0.79,0.0,0.0
2.0,14.0,0.79,0.79,0.79,0.79,0.0,0.0
2.0,13.0,0.79,0.79,0.79,0.79,0.0,0.0
2.0,12.0,0.79,0.79,0.79,0.79,0.0,0.0
2.0,11.0,0.79,0.79,0.79,0.79,0.0,0.0
2.0,8.0,0.79,0.79,0.79,0.79,0.0,0.0
2.0,7.0,0.79,0.79,0.79,0.79,0.0,0.0
2.0,6.0,0.79,0.79,0.79,0.79,0.0,0.0
2.0,5.0,0.79,0.79,0.79,0.79,1100.0,0.0
2.0,4.0,0.75,0.75,0.75,0.75,0.0,0.0
2.0,1.0,0.75,0.75,0.75,0.75,0.0,0.0
1.0,31.0,0.75,0.75,0.75,0.75,0.0,0.0
1.0,30.0,0.75,0.75,0.75,0.75,0.0,0.0
1.0,29.0,0.75,0.75,0.75,0.75,0.0,0.0
1.0,28.0,0.75,0.75,0.75,0.75,1000.0,0.0
1.0,25.0,0.65,0.65,0.65,0.65,0.0,0.0
1.0,24.0,0.65,0.65,0.65,0.65,0.0,0.0
1.0,23.0,0.65,0.65,0.65,0.65,0.0,0.0
1.0,22.0,0.65,0.65,0.65,0.65,0.0,0.0
1.0,18.0,0.65,0.65,0.65,0.65,0.0,0.0
1.0,17.0,0.65,0.65,0.65,0.65,0.0,0.0
1.0,16.0,0.65,0.65,0.65,0.65,0.0,0.0
1.0,15.0,0.65,0.65,0.65,0.65,0.0,0.0
1.0,14.0,0.65,0.65,0.65,0.65,200.0,0.0
1.0,11.0,0.65,0.65,0.65,0.65,0.0,0.0
1.0,10.0,0.65,0.65,0.65,0.65,0.0,0.0
1.0,9.0,0.65,0.65,0.65,0.65,0.0,0.0
1.0,8.0,0.65,0.65,0.65,0.65,0.0,0.0
1.0,7.0,0.65,0.65,0.65,0.65,0.0,0.0
1.0,4.0,0.65,0.65,0.65,0.65,0.0,0.0
1.0,3.0,0.65,0.65,0.65,0.65,0.0,0.0
1.0,2.0,0.65,0.65,0.65,0.65,0.0,0.0
12.0,31.0,0.65,0.65,0.65,0.65,0.0,0.0
12.0,28.0,0.65,0.65,0.65,0.65,0.0,0.0
12.0,27.0,0.65,0.65,0.65,0.65,1300.0,0.0
12.0,26.0,0.65,0.65,0.65,0.65,300.0,0.0
12.0,24.0,0.65,0.65,0.65,0.65,0.0,0.0
12.0,21.0,0.65,0.65,0.65,0.65,0.0,0.0
12.0,20.0,0.65,0.65,0.65,0.65,0.0,0.0
12.0,19.0,0.65,0.65,0.65,0.65,0.0,0.0
12.0,18.0,0.65,0.65,0.65,0.65,0.0,0.0
12.0,17.0,0.65,0.65,0.65,0.65,0.0,0.0
12.0,14.0,0.65,0.65,0.65,0.65,0.0,0.0
12.0,13.0,0.65,0.65,0.65,0.65,0.0,0.0
12.0,12.0,0.65,0.65,0.65,0.65,0.0,0.0
12.0,11.0,0.65,0.65,0.65,0.65,0.0,0.0
12.0,10.0,0.65,0.65,0.65,0.65,200.0,0.0
12.0,7.0,0.65,0.65,0.65,0.65,0.0,0.0
12.0,6.0,0.65,0.65,0.65,0.65,1900.0,0.0
12.0,5.0,0.65,0.65,0.65,0.65,0.0,0.0
12.0,4.0,0.65,0.65,0.65,0.65,200.0,0.0
12.0,3.0,0.6,0.6,0.6,0.6,0.0,0.0
11.0,30.0,0.6,0.6,0.6,0.6,600.0,0.0
11.0,29.0,0.55,0.55,0.55,0.55,0.0,0.0
11.0,28.0,0.55,0.55,0.55,0.55,0.0,0.0
11.0,27.0,0.55,0.55,0.55,0.55,0.0,0.0
11.0,26.0,0.55,0.55,0.55,0.55,0.0,0.0
11.0,23.0,0.55,0.55,0.55,0.55,0.0,0.0
11.0,21.0,0.55,0.55,0.55,0.55,0.0,0.0
11.0,20.0,0.55,0.55,0.55,0.55,0.0,0.0
11.0,19.0,0.55,0.55,0.55,0.55,0.0,0.0
11.0,16.0,0.55,0.55,0.55,0.55,0.0,0.0
11.0,15.0,0.55,0.55,0.55,0.55,200.0,0.0
11.0,14.0,0.52,0.52,0.52,0.52,0.0,0.0
11.0,13.0,0.52,0.52,0.52,0.52,0.0,0.0
11.0,12.0,0.52,0.52,0.52,0.52,0.0,0.0
11.0,9.0,0.52,0.52,0.52,0.52,0.0,0.0
11.0,8.0,0.52,0.52,0.52,0.52,500.0,0.0
11.0,7.0,0.52,0.52,0.52,0.52,0.0,0.0
11.0,6.0,0.52,0.52,0.52,0.52,0.0,0.0
11.0,5.0,0.52,0.52,0.52,0.52,0.0,0.0
11.0,2.0,0.52,0.52,0.52,0.52,0.0,0.0
11.0,1.0,0.52,0.52,0.52,0.52,100.0,0.0
10.0,31.0,1.36,1.36,1.36,1.36,0.0,0.0
10.0,26.0,1.36,1.36,1.36,1.36,0.0,0.0
10.0,25.0,1.36,1.36,1.36,1.36,0.0,0.0
10.0,24.0,1.36,1.36,1.36,1.36,0.0,0.0
10.0,23.0,1.36,1.36,1.36,1.36,0.0,0.0
10.0,22.0,1.36,1.36,1.36,1.36,0.0,0.0
10.0,19.0,1.36,1.36,1.36,1.36,0.0,0.0
10.0,18.0,1.36,1.36,1.36,1.36,0.0,0.0
10.0,17.0,1.36,1.36,1.36,1.36,0.0,0.0
10.0,16.0,1.36,1.36,1.36,1.36,0.0,0.0
10.0,15.0,1.36,1.36,1.36,1.36,800.0,0.0
10.0,12.0,1.36,1.36,1.36,1.36,0.0,0.0
10.0,11.0,1.36,1.36,1.36,1.36,0.0,0.0
10.0,10.0,1.36,1.36,1.36,1.36,0.0,0.0
10.0,9.0,1.36,1.36,1.36,1.36,0.0,0.0
10.0,8.0,1.36,1.36,1.36,1.36,0.0,0.0
10.0,5.0,1.36,1.36,1.36,1.36,0.0,0.0
10.0,4.0,1.36,1.36,1.36,1.36,0.0,0.0
10.0,3.0,1.36,1.36,1.36,1.36,0.0,0.0
10.0,2.0,1.36,1.36,1.36,1.36,0.0,0.0
10.0,1.0,1.36,1.36,1.36,1.36,0.0,0.0
9.0,28.0,1.36,1.36,1.36,1.36,0.0,0.0
9.0,27.0,1.36,1.36,1.36,1.36,0.0,0.0
9.0,26.0,1.36,1.36,1.36,1.36,0.0,0.0
9.0,25.0,1.36,1.36,1.36,1.36,0.0,0.0
9.0,24.0,1.36,1.36,1.36,1.36,0.0,0.0
9.0,21.0,1.36,1.36,1.36,1.36,0.0,0.0
9.0,20.0,1.36,1.36,1.36,1.36,0.0,0.0
9.0,19.0,1.36,1.36,1.36,1.36,0.0,0.0
9.0,18.0,1.4,1.4,1.36,1.36,1800.0,-0.039999999999999813
9.0,17.0,1.27,1.27,1.27,1.27,0.0,0.0
9.0,14.0,1.27,1.27,1.27,1.27,0.0,0.0
9.0,13.0,1.27,1.27,1.27,1.27,0.0,0.0
9.0,12.0,1.27,1.27,1.27,1.27,0.0,0.0
9.0,11.0,1.27,1.27,1.27,1.27,0.0,0.0
9.0,10.0,1.27,1.27,1.27,1.27,0.0,0.0
9.0,7.0,1.27,1.27,1.27,1.27,0.0,0.0
9.0,6.0,1.27,1.27,1.27,1.27,0.0,0.0
9.0,5.0,1.27,1.27,1.27,1.27,0.0,0.0
9.0,4.0,1.27,1.27,1.27,1.27,0.0,0.0
8.0,31.0,1.27,1.27,1.27,1.27,0.0,0.0
8.0,30.0,1.27,1.27,1.27,1.27,0.0,0.0
8.0,29.0,1.27,1.27,1.27,1.27,0.0,0.0
8.0,28.0,1.27,1.27,1.27,1.27,0.0,0.0
8.0,27.0,1.27,1.27,1.27,1.27,0.0,0.0
8.0,24.0,1.27,1.27,1.27,1.27,0.0,0.0
8.0,23.0,1.27,1.27,1.27,1.27,0.0,0.0
8.0,22.0,1.27,1.27,1.27,1.27,200.0,0.0
8.0,21.0,1.27,1.27,1.27,1.27,300.0,0.0
8.0,20.0,1.01,1.01,1.01,1.01,0.0,0.0
8.0,17.0,1.01,1.01,1.01,1.01,0.0,0.0
8.0,16.0,1.01,1.01,1.01,1.01,0.0,0.0
8.0,15.0,1.01,1.01,1.01,1.01,0.0,0.0
8.0,14.0,1.01,1.01,1.01,1.01,0.0,0.0
8.0,13.0,1.01,1.01,1.01,1.01,0.0,0.0
8.0,10.0,1.01,1.01,1.01,1.01,0.0,0.0
8.0,9.0,1.01,1.01,1.01,1.01,1300.0,0.0
8.0,8.0,0.5,0.5,0.5,0.5,0.0,0.0
8.0,7.0,0.5,0.5,0.5,0.5,0.0,0.0
8.0,6.0,0.5,0.5,0.5,0.5,0.0,0.0
8.0,3.0,0.5,0.5,0.5,0.5,0.0,0.0
8.0,2.0,0.5,0.5,0.5,0.5,0.0,0.0
8.0,1.0,0.5,0.5,0.5,0.5,0.0,0.0
7.0,31.0,0.5,0.5,0.5,0.5,0.0,0.0
7.0,30.0,0.5,0.5,0.5,0.5,0.0,0.0
7.0,27.0,0.5,0.5,0.5,0.5,0.0,0.0
7.0,26.0,0.5,0.5,0.5,0.5,0.0,0.0
7.0,25.0,0.5,0.5,0.5,0.5,0.0,0.0
7.0,24.0,0.5,0.5,0.5,0.5,0.0,0.0
7.0,23.0,0.5,0.5,0.5,0.5,0.0,0.0
7.0,20.0,0.5,0.5,0.5,0.5,0.0,0.0
7.0,19.0,0.5,0.5,0.5,0.5,0.0,0.0
7.0,18.0,0.5,0.5,0.5,0.5,0.0,0.0
7.0,17.0,0.5,0.5,0.5,0.5,0.0,0.0
7.0,16.0,0.5,0.5,0.5,0.5,500.0,0.0
7.0,13.0,0.5,0.5,0.5,0.5,0.0,0.0
7.0,12.0,0.5,0.5,0.5,0.5,0.0,0.0
7.0,11.0,0.5,0.5,0.5,0.5,0.0,0.0
7.0,10.0,0.5,0.5,0.5,0.5,0.0,0.0
7.0,9.0,0.5,0.5,0.5,0.5,0.0,0.0
7.0,6.0,0.5,0.5,0.5,0.5,0.0,0.0
7.0,5.0,0.5,0.5,0.5,0.5,0.0,0.0
7.0,3.0,0.5,0.5,0.5,0.5,0.0,0.0
7.0,2.0,0.5,0.5,0.5,0.5,0.0,0.0
6.0,29.0,0.5,0.5,0.5,0.5,0.0,0.0
6.0,28.0,0.5,0.5,0.5,0.5,0.0,0.0
6.0,27.0,0.5,0.5,0.5,0.5,0.0,0.0
6.0,26.0,0.5,0.5,0.5,0.5,0.0,0.0
6.0,25.0,0.5,0.5,0.5,0.5,0.0,0.0
6.0,22.0,0.5,0.5,0.5,0.5,0.0,0.0
6.0,21.0,0.5,0.5,0.5,0.5,0.0,0.0
6.0,20.0,0.5,0.5,0.5,0.5,0.0,0.0
6.0,19.0,0.5,0.5,0.5,0.5,0.0,0.0
6.0,18.0,0.5,0.5,0.5,0.5,400.0,0.0
6.0,15.0,0.5,0.5,0.5,0.5,2000.0,0.0
6.0,14.0,0.5,0.5,0.5,0.5,0.0,0.0
6.0,13.0,0.5,0.5,0.5,0.5,0.0,0.0
6.0,12.0,0.5,0.5,0.5,0.5,0.0,0.0
6.0,11.0,0.5,0.5,0.5,0.5,0.0,0.0
6.0,8.0,0.5,0.5,0.5,0.5,0.0,0.0
6.0,7.0,0.5,0.5,0.5,0.5,0.0,0.0
6.0,6.0,0.5,0.5,0.5,0.5,0.0,0.0
6.0,5.0,0.5,0.5,0.5,0.5,200.0,0.0
6.0,4.0,4.0,4.0,4.0,4.0,0.0,0.0
6.0,1.0,4.0,4.0,4.0,4.0,0.0,0.0
5.0,31.0,4.0,4.0,4.0,4.0,0.0,0.0
5.0,30.0,4.0,4.0,4.0,4.0,0.0,0.0
5.0,29.0,4.0,4.0,4.0,4.0,0.0,0.0
5.0,25.0,4.0,4.0,4.0,4.0,0.0,0.0
5.0,24.0,4.0,4.0,4.0,4.0,0.0,0.0
5.0,23.0,4.0,4.0,4.0,4.0,0.0,0.0
5.0,22.0,4.0,4.0,4.0,4.0,0.0,0.0
5.0,21.0,4.0,4.0,4.0,4.0,0.0,0.0
5.0,18.0,4.0,4.0,4.0,4.0,0.0,0.0
5.0,17.0,4.0,4.0,4.0,4.0,0.0,0.0
5.0,16.0,4.0,4.0,4.0,4.0,0.0,0.0
5.0,15.0,4.0,4.0,4.0,4.0,100.0,0.0
5.0,14.0,1.56,1.56,1.56,1.56,0.0,0.0
5.0,11.0,1.56,1.56,1.56,1.56,0.0,0.0
5.0,10.0,1.56,1.56,1.56,1.56,500.0,0.0
5.0,9.0,0.51,0.51,0.51,0.51,500.0,0.0
5.0,8.0,0.57,0.57,0.57,0.57,0.0,0.0
5.0,7.0,0.57,0.57,0.57,0.57,200.0,0.0
5.0,4.0,1.55,1.55,1.55,1.55,0.0,0.0
5.0,3.0,1.55,1.55,1.55,1.55,0.0,0.0
5.0,2.0,1.55,1.55,1.55,1.55,0.0,0.0
5.0,1.0,1.55,1.55,1.55,1.55,0.0,0.0
4.0,30.0,1.55,1.55,1.55,1.55,0.0,0.0
4.0,27.0,1.55,1.55,1.55,1.55,0.0,0.0
4.0,26.0,1.51,1.55,1.51,1.55,2000.0,0.040000000000000036
4.0,25.0,1.51,1.51,1.51,1.51,100.0,0.0
4.0,24.0,3.0,3.0,3.0,3.0,0.0,0.0
4.0,23.0,3.0,3.0,3.0,3.0,0.0,0.0
4.0,20.0,3.0,3.0,3.0,3.0,0.0,0.0
4.0,19.0,3.0,3.0,3.0,3.0,0.0,0.0
4.0,18.0,3.45,3.45,3.0,3.0,1100.0,-0.4500000000000002
4.0,17.0,3.0,3.49,3.0,3.49,1000.0,0.4900000000000002
4.0,16.0,0.51,0.51,0.51,0.51,300.0,0.0
4.0,13.0,0.5,0.5,0.5,0.5,200.0,0.0
4.0,12.0,0.51,0.51,0.51,0.51,0.0,0.0
4.0,11.0,0.51,0.51,0.51,0.51,0.0,0.0
4.0,10.0,1.5,1.5,0.51,0.51,1600.0,-0.99
4.0,9.0,3.76,3.76,3.76,3.76,0.0,0.0
4.0,5.0,3.76,3.76,3.76,3.76,0.0,0.0
4.0,4.0,3.76,3.76,3.76,3.76,0.0,0.0
4.0,3.0,3.76,3.76,3.76,3.76,0.0,0.0
4.0,2.0,3.76,3.76,3.76,3.76,0.0,0.0
3.0,30.0,3.76,3.76,3.76,3.76,0.0,0.0
3.0,29.0,3.76,3.76,3.76,3.76,0.0,0.0
3.0,28.0,3.76,3.76,3.76,3.76,0.0,0.0
3.0,27.0,3.76,3.76,3.76,3.76,100.0,0.0
3.0,26.0,3.76,3.76,3.76,3.76,0.0,0.0
3.0,23.0,3.76,3.76,3.76,3.76,0.0,0.0
3.0,22.0,3.76,3.76,3.76,3.76,0.0,0.0
3.0,21.0,3.76,3.76,3.76,3.76,500.0,0.0
3.0,20.0,4.2,4.2,4.2,4.2,0.0,0.0
3.0,19.0,4.2,4.2,4.2,4.2,0.0,0.0
3.0,16.0,4.2,4.2,4.2,4.2,0.0,0.0
3.0,15.0,4.2,4.2,4.2,4.2,0.0,0.0
3.0,14.0,4.2,4.2,4.2,4.2,0.0,0.0
3.0,13.0,4.25,4.25,4.2,4.2,1500.0,-0.04999999999999982
3.0,12.0,4.49,4.49,4.49,4.49,0.0,0.0
3.0,9.0,4.49,4.49,4.49,4.49,1000.0,0.0
3.0,8.0,4.65,4.65,4.65,4.65,200.0,0.0
3.0,7.0,5.2,5.2,5.2,5.2,200.0,0.0
3.0,6.0,4.65,4.65,4.65,4.65,0.0,0.0
3.0,5.0,4.65,4.65,4.65,4.65,0.0,0.0
3.0,2.0,4.65,4.65,4.65,4.65,0.0,0.0
3.0,1.0,4.65,4.65,4.65,4.65,200.0,0.0
2.0,29.0,4.25,4.25,4.25,4.25,0.0,0.0
2.0,28.0,4.25,4.25,4.25,4.25,0.0,0.0
2.0,27.0,4.25,4.25,4.25,4.25,0.0,0.0
2.0,24.0,4.25,4.25,4.25,4.25,0.0,0.0
2.0,23.0,4.25,4.25,4.25,4.25,0.0,0.0
2.0,22.0,4.25,4.25,4.25,4.25,0.0,0.0
2.0,21.0,4.25,4.25,4.25,4.25,0.0,0.0
2.0,17.0,4.25,4.25,4.25,4.25,400.0,0.0
2.0,16.0,4.25,4.25,4.25,4.25,0.0,0.0
2.0,15.0,4.25,4.25,4.25,4.25,0.0,0.0
2.0,14.0,4.25,4.25,4.25,4.25,200.0,0.0
2.0,13.0,5.5,5.5,5.5,5.5,100.0,0.0
2.0,10.0,4.2,4.2,4.2,4.2,0.0,0.0
2.0,9.0,4.2,4.2,4.2,4.2,0.0,0.0
2.0,8.0,4.2,4.2,4.2,4.2,0.0,0.0
2.0,7.0,4.2,4.2,4.2,4.2,0.0,0.0
2.0,6.0,4.2,4.2,4.2,4.2,0.0,0.0
2.0,3.0,4.15,4.2,4.15,4.2,1000.0,0.04999999999999982
2.0,2.0,4.16,4.16,4.16,4.16,300.0,0.0
2.0,1.0,6.0,6.0,6.0,6.0,200.0,0.0
1.0,31.0,4.16,4.16,4.16,4.16,800.0,0.0
1.0,30.0,4.15,4.15,4.15,4.15,0.0,0.0
1.0,27.0,4.15,4.15,4.15,4.15,800.0,0.0
1.0,26.0,4.99,4.99,4.99,4.99,0.0,0.0
1.0,25.0,4.99,4.99,4.99,4.99,500.0,0.0
1.0,24.0,4.15,4.2,4.15,4.16,3300.0,0.009999999999999787
1.0,23.0,5.0,5.0,5.0,5.0,0.0,0.0
1.0,20.0,5.0,5.0,5.0,5.0,0.0,0.0
1.0,19.0,5.0,5.0,5.0,5.0,0.0,0.0
1.0,18.0,5.0,5.0,5.0,5.0,0.0,0.0
1.0,17.0,5.0,5.0,5.0,5.0,0.0,0.0
1.0,13.0,5.0,5.0,5.0,5.0,0.0,0.0
1.0,12.0,5.0,5.0,5.0,5.0,0.0,0.0
1.0,11.0,5.05,5.05,5.0,5.0,600.0,-0.04999999999999982
1.0,10.0,4.0,5.04,4.0,5.04,700.0,1.04
1.0,9.0,3.15,3.15,3.15,3.15,300.0,0.0
1.0,6.0,3.05,3.05,3.05,3.05,0.0,0.0
1.0,5.0,3.05,3.05,3.05,3.05,500.0,0.0
1.0,4.0,5.05,5.05,5.05,5.05,0.0,0.0
1.0,3.0,4.5,5.05,4.5,5.05,700.0,0.5499999999999998
12.0,30.0,3.0,5.05,3.0,5.05,2400.0,2.05
12.0,29.0,3.01,4.81,3.0,4.81,1400.0,1.7999999999999998
12.0,28.0,4.5,4.5,4.5,4.5,0.0,0.0
12.0,27.0,4.5,4.5,4.5,4.5,900.0,0.0
12.0,23.0,5.15,5.15,5.15,5.15,0.0,0.0
12.0,22.0,5.15,5.15,5.15,5.15,0.0,0.0
12.0,21.0,5.15,5.15,5.15,5.15,1600.0,0.0
12.0,20.0,5.25,5.25,5.0,5.0,1200.0,-0.25
12.0,19.0,5.25,5.25,5.0,5.0,1400.0,-0.25
12.0,16.0,5.5,5.5,5.25,5.25,2600.0,-0.25
12.0,15.0,5.5,5.5,5.5,5.5,0.0,0.0
12.0,14.0,5.5,5.5,5.5,5.5,100.0,0.0
12.0,13.0,6.3,6.3,5.6,6.19,1300.0,-0.10999999999999943
12.0,12.0,6.3,6.3,6.3,6.3,1000.0,0.0
12.0,9.0,6.4,6.4,6.4,6.4,0.0,0.0
12.0,8.0,6.4,6.4,6.4,6.4,0.0,0.0
12.0,7.0,5.35,6.4,5.0,6.4,700.0,1.0500000000000007
12.0,6.0,6.4,6.4,6.4,6.4,0.0,0.0
12.0,5.0,6.0,6.4,5.5,6.4,1300.0,0.40000000000000036
12.0,2.0,6.4,6.4,6.0,6.0,4000.0,-0.40000000000000036
12.0,1.0,6.2,6.2,6.2,6.2,900.0,0.0
11.0,30.0,9.3,9.3,6.2,6.2,6100.0,-3.1000000000000005
11.0,29.0,6.4,10.01,6.3,6.3,7100.0,-0.10000000000000053
11.0,28.0,6.2,6.25,6.0,6.0,4900.0,-0.20000000000000018
11.0,25.0,5.95,5.95,5.95,5.95,1800.0,0.0
11.0,23.0,5.93,5.95,5.93,5.95,6000.0,0.020000000000000462
11.0,22.0,5.91,6.0,5.9,5.93,6400.0,0.019999999999999574
11.0,21.0,5.95,5.95,5.9,5.91,14900.0,-0.040000000000000036
11.0,18.0,5.75,5.87,5.5,5.87,4900.0,0.1200000000000001
11.0,17.0,5.74,5.74,5.6,5.7,4000.0,-0.040000000000000036
11.0,16.0,5.4,5.51,5.4,5.51,7300.0,0.10999999999999943
11.0,15.0,5.35,5.45,5.35,5.45,5600.0,0.10000000000000053
11.0,14.0,5.3,5.35,5.2,5.35,4500.0,0.04999999999999982
11.0,11.0,5.25,5.48,5.2,5.2,400.0,-0.04999999999999982
11.0,10.0,5.1,5.25,5.1,5.25,900.0,0.15000000000000036
11.0,9.0,5.1,5.1,5.1,5.1,500.0,0.0
11.0,8.0,5.0,5.0,5.0,5.0,400.0,0.0
11.0,7.0,5.0,5.0,5.0,5.0,100.0,0.0
11.0,4.0,5.49,5.49,5.49,5.49,0.0,0.0
11.0,3.0,5.49,5.49,5.49,5.49,0.0,0.0
11.0,2.0,5.49,5.49,5.49,5.49,0.0,0.0
11.0,1.0,5.49,5.49,5.49,5.49,0.0,0.0
10.0,31.0,5.49,5.49,5.49,5.49,0.0,0.0
10.0,28.0,5.49,5.49,5.49,5.49,0.0,0.0
10.0,27.0,5.49,5.49,5.49,5.49,0.0,0.0
10.0,26.0,5.49,5.49,5.49,5.49,0.0,0.0
10.0,25.0,5.49,5.49,5.49,5.49,0.0,0.0
10.0,24.0,5.49,5.49,5.49,5.49,0.0,0.0
10.0,21.0,5.49,5.49,5.49,5.49,0.0,0.0
10.0,20.0,5.49,5.49,5.49,5.49,0.0,0.0
10.0,19.0,5.49,5.49,5.49,5.49,0.0,0.0
10.0,18.0,5.49,5.49,5.49,5.49,0.0,0.0
10.0,17.0,5.49,5.49,5.49,5.49,100.0,0.0
10.0,14.0,5.49,5.49,5.49,5.49,0.0,0.0
10.0,13.0,5.49,5.49,5.49,5.49,0.0,0.0
10.0,12.0,5.49,5.49,5.49,5.49,0.0,0.0
10.0,11.0,5.49,5.49,5.49,5.49,0.0,0.0
10.0,10.0,5.49,5.49,5.49,5.49,0.0,0.0
10.0,7.0,5.49,5.49,5.49,5.49,0.0,0.0
10.0,6.0,5.49,5.49,5.49,5.49,0.0,0.0
10.0,5.0,5.49,5.49,5.49,5.49,0.0,0.0
10.0,4.0,5.49,5.49,5.49,5.49,0.0,0.0
10.0,3.0,5.49,5.49,5.49,5.49,0.0,0.0
9.0,30.0,5.49,5.49,5.49,5.49,0.0,0.0
9.0,29.0,5.49,5.49,5.49,5.49,0.0,0.0
9.0,28.0,5.49,5.49,5.49,5.49,0.0,0.0
9.0,27.0,5.49,5.49,5.49,5.49,0.0,0.0
9.0,26.0,5.49,5.49,5.49,5.49,0.0,0.0
9.0,23.0,5.49,5.49,5.49,5.49,0.0,0.0
9.0,22.0,5.49,5.49,5.49,5.49,0.0,0.0
9.0,21.0,5.49,5.49,5.49,5.49,0.0,0.0
9.0,20.0,5.49,5.49,5.49,5.49,0.0,0.0
9.0,19.0,5.49,5.49,5.49,5.49,0.0,0.0
9.0,16.0,5.49,5.49,5.49,5.49,0.0,0.0
9.0,15.0,5.49,5.49,5.49,5.49,0.0,0.0
9.0,14.0,5.49,5.49,5.49,5.49,0.0,0.0
9.0,13.0,5.49,5.49,5.49,5.49,0.0,0.0
9.0,12.0,5.49,5.49,5.49,5.49,0.0,0.0
9.0,9.0,5.49,5.49,5.49,5.49,0.0,0.0
9.0,8.0,5.49,5.49,5.49,5.49,0.0,0.0
9.0,7.0,5.49,5.49,5.49,5.49,0.0,0.0
9.0,6.0,5.49,5.49,5.49,5.49,0.0,0.0
9.0,2.0,5.49,5.49,5.49,5.49,0.0,0.0
9.0,1.0,5.49,5.49,5.49,5.49,0.0,0.0
8.0,31.0,5.49,5.49,5.49,5.49,0.0,0.0
8.0,30.0,5.49,5.49,5.49,5.49,0.0,0.0
8.0,29.0,5.49,5.49,5.49,5.49,0.0,0.0
8.0,26.0,5.49,5.49,5.49,5.49,0.0,0.0
8.0,25.0,5.49,5.49,5.49,5.49,0.0,0.0
8.0,24.0,5.49,5.49,5.49,5.49,0.0,0.0
8.0,23.0,5.49,5.49,5.49,5.49,0.0,0.0
8.0,22.0,5.49,5.49,5.49,5.49,0.0,0.0
8.0,19.0,5.49,5.49,5.49,5.49,0.0,0.0
8.0,18.0,5.49,5.49,5.49,5.49,0.0,0.0
8.0,17.0,5.49,5.49,5.49,5.49,0.0,0.0
8.0,16.0,5.49,5.49,5.49,5.49,0.0,0.0
8.0,15.0,5.49,5.49,5.49,5.49,0.0,0.0
8.0,12.0,5.49,5.49,5.49,5.49,0.0,0.0
8.0,11.0,5.49,5.49,5.49,5.49,0.0,0.0
8.0,10.0,5.49,5.49,5.49,5.49,0.0,0.0
8.0,9.0,5.49,5.49,5.49,5.49,0.0,0.0
8.0,8.0,5.49,5.49,5.49,5.49,0.0,0.0
8.0,5.0,5.49,5.49,5.49,5.49,0.0,0.0
8.0,4.0,5.49,5.49,5.49,5.49,0.0,0.0
8.0,3.0,5.49,5.49,5.49,5.49,0.0,0.0
8.0,2.0,5.49,5.49,5.49,5.49,0.0,0.0
8.0,1.0,5.49,5.49,5.49,5.49,0.0,0.0
7.0,29.0,5.49,5.49,5.49,5.49,0.0,0.0
7.0,28.0,5.49,5.49,5.49,5.49,0.0,0.0
7.0,27.0,5.49,5.49,5.49,5.49,0.0,0.0
7.0,26.0,5.49,5.49,5.49,5.49,0.0,0.0
7.0,25.0,5.49,5.49,5.49,5.49,300.0,0.0
7.0,22.0,5.1,5.1,5.1,5.1,0.0,0.0
7.0,21.0,5.1,5.1,5.1,5.1,0.0,0.0
7.0,20.0,5.1,5.1,5.1,5.1,0.0,0.0
7.0,19.0,5.1,5.1,5.1,5.1,0.0,0.0
7.0,18.0,5.1,5.1,5.1,5.1,0.0,0.0
7.0,15.0,5.45,5.45,5.45,5.45,0.0,0.0
7.0,14.0,5.45,5.45,5.45,5.45,0.0,0.0
7.0,13.0,5.45,5.45,5.45,5.45,0.0,0.0
7.0,12.0,5.45,5.45,5.45,5.45,0.0,0.0
7.0,11.0,5.45,5.45,5.45,5.45,0.0,0.0
7.0,8.0,5.45,5.45,5.45,5.45,0.0,0.0
7.0,7.0,5.45,5.45,5.45,5.45,0.0,0.0
7.0,6.0,5.45,5.45,5.45,5.45,0.0,0.0
7.0,5.0,5.45,5.45,5.45,5.45,0.0,0.0
7.0,1.0,5.45,5.45,5.45,5.45,0.0,0.0
6.0,30.0,5.45,5.45,5.45,5.45,0.0,0.0
6.0,29.0,5.45,5.45,5.45,5.45,0.0,0.0
6.0,28.0,5.45,5.45,5.45,5.45,0.0,0.0
6.0,27.0,5.45,5.45,5.45,5.45,0.0,0.0
6.0,24.0,5.45,5.45,5.45,5.45,0.0,0.0
6.0,23.0,5.45,5.45,5.45,5.45,0.0,0.0
6.0,22.0,5.45,5.45,5.45,5.45,0.0,0.0
6.0,21.0,5.45,5.45,5.45,5.45,0.0,0.0
6.0,20.0,5.45,5.45,5.45,5.45,0.0,0.0
6.0,17.0,5.45,5.45,5.45,5.45,0.0,0.0
6.0,16.0,5.45,5.45,5.45,5.45,0.0,0.0
6.0,15.0,5.45,5.45,5.45,5.45,0.0,0.0
6.0,14.0,5.45,5.45,5.45,5.45,0.0,0.0
6.0,13.0,5.45,5.45,5.45,5.45,0.0,0.0
6.0,10.0,5.45,5.45,5.45,5.45,0.0,0.0
6.0,9.0,5.45,5.45,5.45,5.45,0.0,0.0
6.0,8.0,5.45,5.45,5.45,5.45,0.0,0.0
6.0,7.0,5.45,5.45,5.45,5.45,0.0,0.0
6.0,6.0,5.45,5.45,5.45,5.45,0.0,0.0
6.0,3.0,5.45,5.45,5.45,5.45,0.0,0.0
6.0,2.0,5.45,5.45,5.45,5.45,0.0,0.0
6.0,1.0,5.45,5.45,5.45,5.45,0.0,0.0
5.0,31.0,5.45,5.45,5.45,5.45,0.0,0.0
5.0,27.0,5.45,5.45,5.45,5.45,0.0,0.0
5.0,26.0,5.45,5.45,5.45,5.45,0.0,0.0
5.0,25.0,5.45,5.45,5.45,5.45,0.0,0.0
5.0,24.0,5.45,5.45,5.45,5.45,0.0,0.0
5.0,23.0,5.45,5.45,5.45,5.45,0.0,0.0
5.0,20.0,5.45,5.45,5.45,5.45,0.0,0.0
5.0,19.0,5.45,5.45,5.45,5.45,0.0,0.0
5.0,18.0,5.45,5.45,5.45,5.45,0.0,0.0
5.0,17.0,5.45,5.45,5.45,5.45,0.0,0.0
5.0,16.0,5.45,5.45,5.45,5.45,0.0,0.0
5.0,13.0,5.45,5.45,5.45,5.45,0.0,0.0
5.0,12.0,5.45,5.45,5.45,5.45,0.0,0.0
5.0,11.0,5.45,5.45,5.45,5.45,0.0,0.0
5.0,10.0,5.45,5.45,5.45,5.45,0.0,0.0
5.0,9.0,5.45,5.45,5.45,5.45,0.0,0.0
5.0,6.0,5.45,5.45,5.45,5.45,0.0,0.0
5.0,5.0,5.45,5.45,5.45,5.45,0.0,0.0
5.0,4.0,5.45,5.45,5.45,5.45,0.0,0.0
5.0,3.0,5.45,5.45,5.45,5.45,0.0,0.0
5.0,2.0,5.45,5.45,5.45,5.45,0.0,0.0
4.0,29.0,5.45,5.45,5.45,5.45,0.0,0.0
4.0,28.0,5.45,5.45,5.45,5.45,0.0,0.0
4.0,27.0,5.45,5.45,5.45,5.45,0.0,0.0
4.0,26.0,5.45,5.45,5.45,5.45,100.0,0.0
4.0,25.0,4.5,4.5,4.5,4.5,0.0,0.0
4.0,21.0,4.5,4.5,4.5,4.5,1000.0,0.0
4.0,20.0,5.1,5.1,5.1,5.1,0.0,0.0
4.0,19.0,5.1,5.1,5.1,5.1,0.0,0.0
4.0,18.0,5.1,5.1,5.1,5.1,0.0,0.0
4.0,15.0,5.1,5.1,5.1,5.1,0.0,0.0
4.0,14.0,5.1,5.1,5.1,5.1,0.0,0.0
4.0,13.0,5.1,5.1,5.1,5.1,0.0,0.0
4.0,12.0,5.1,5.1,5.1,5.1,0.0,0.0
4.0,11.0,5.1,5.1,5.1,5.1,0.0,0.0
4.0,8.0,5.1,5.1,5.1,5.1,0.0,0.0
4.0,7.0,5.1,5.1,5.1,5.1,0.0,0.0
4.0,6.0,5.1,5.1,5.1,5.1,0.0,0.0
4.0,5.0,5.1,5.1,5.1,5.1,0.0,0.0
4.0,4.0,5.1,5.1,5.1,5.1,0.0,0.0
4.0,1.0,5.1,5.1,5.1,5.1,0.0,0.0
3.0,31.0,5.1,5.1,5.1,5.1,0.0,0.0
3.0,30.0,5.1,5.1,5.1,5.1,0.0,0.0
3.0,29.0,5.1,5.1,5.1,5.1,0.0,0.0
3.0,28.0,5.1,5.1,5.1,5.1,0.0,0.0
3.0,25.0,5.1,5.1,5.1,5.1,0.0,0.0
3.0,24.0,5.1,5.1,5.1,5.1,100.0,0.0
3.0,23.0,5.1,5.1,5.1,5.1,0.0,0.0
3.0,22.0,5.1,5.1,5.1,5.1,0.0,0.0
3.0,21.0,5.1,5.1,5.1,5.1,0.0,0.0
3.0,18.0,5.1,5.1,5.1,5.1,0.0,0.0
3.0,17.0,5.1,5.1,5.1,5.1,0.0,0.0
3.0,16.0,5.1,5.1,5.1,5.1,0.0,0.0
3.0,15.0,5.1,5.1,5.1,5.1,300.0,0.0
3.0,14.0,1.5,1.5,1.5,1.5,0.0,0.0
3.0,11.0,1.5,1.5,1.5,1.5,0.0,0.0
3.0,10.0,1.5,1.5,1.5,1.5,0.0,0.0
3.0,9.0,1.5,1.5,1.5,1.5,0.0,0.0
3.0,8.0,1.5,1.5,1.5,1.5,0.0,0.0
3.0,7.0,1.5,1.5,1.5,1.5,0.0,0.0
3.0,4.0,1.5,1.5,1.5,1.5,0.0,0.0
3.0,3.0,1.5,1.5,1.5,1.5,0.0,0.0
3.0,2.0,1.5,1.5,1.5,1.5,0.0,0.0
3.0,1.0,1.5,1.5,1.5,1.5,0.0,0.0
2.0,28.0,1.5,1.5,1.5,1.5,0.0,0.0
2.0,25.0,1.5,1.5,1.5,1.5,0.0,0.0
2.0,24.0,1.5,1.5,1.5,1.5,0.0,0.0
2.0,23.0,1.5,1.5,1.5,1.5,0.0,0.0
2.0,22.0,1.5,1.5,1.5,1.5,0.0,0.0
2.0,18.0,1.5,1.5,1.5,1.5,0.0,0.0
2.0,17.0,1.5,1.5,1.5,1.5,0.0,0.0
2.0,16.0,1.5,1.5,1.5,1.5,0.0,0.0
2.0,15.0,1.5,1.5,1.5,1.5,0.0,0.0
2.0,14.0,1.5,1.5,1.5,1.5,0.0,0.0
2.0,11.0,1.5,1.5,1.5,1.5,0.0,0.0
2.0,10.0,1.5,1.5,1.5,1.5,0.0,0.0
2.0,9.0,1.5,1.5,1.5,1.5,0.0,0.0
2.0,8.0,1.5,1.5,1.5,1.5,0.0,0.0
2.0,7.0,1.5,1.5,1.5,1.5,0.0,0.0
2.0,4.0,1.5,1.5,1.5,1.5,0.0,0.0
2.0,3.0,1.5,1.5,1.5,1.5,0.0,0.0
2.0,2.0,1.5,1.5,1.5,1.5,0.0,0.0
2.0,1.0,1.5,1.5,1.5,1.5,0.0,0.0
1.0,31.0,1.5,1.5,1.5,1.5,0.0,0.0
1.0,28.0,1.5,1.5,1.5,1.5,0.0,0.0
1.0,27.0,1.5,1.5,1.5,1.5,0.0,0.0
1.0,26.0,1.5,1.5,1.5,1.5,0.0,0.0
1.0,25.0,1.5,1.5,1.5,1.5,0.0,0.0
1.0,24.0,1.5,1.5,1.5,1.5,0.0,0.0
1.0,21.0,1.5,1.5,1.5,1.5,0.0,0.0
1.0,20.0,1.5,1.5,1.5,1.5,0.0,0.0
1.0,19.0,1.5,1.5,1.5,1.5,0.0,0.0
1.0,18.0,1.5,1.5,1.5,1.5,0.0,0.0
1.0,14.0,1.5,1.5,1.5,1.5,0.0,0.0
1.0,13.0,1.5,1.5,1.5,1.5,0.0,0.0
1.0,12.0,1.5,1.5,1.5,1.5,0.0,0.0
1.0,11.0,1.5,1.5,1.5,1.5,0.0,0.0
1.0,10.0,1.5,1.5,1.5,1.5,0.0,0.0
1.0,7.0,1.5,1.5,1.5,1.5,0.0,0.0
1.0,6.0,1.5,1.5,1.5,1.5,0.0,0.0
1.0,5.0,1.5,1.5,1.5,1.5,0.0,0.0
1.0,4.0,1.5,1.5,1.5,1.5,0.0,0.0
1.0,3.0,1.5,1.5,1.5,1.5,0.0,0.0
12.0,31.0,1.5,1.5,1.5,1.5,0.0,0.0
12.0,30.0,1.5,1.5,1.5,1.5,0.0,0.0
12.0,29.0,1.5,1.5,1.5,1.5,0.0,0.0
12.0,28.0,1.5,1.5,1.5,1.5,0.0,0.0
12.0,27.0,1.5,1.5,1.5,1.5,0.0,0.0
12.0,23.0,1.5,1.5,1.5,1.5,0.0,0.0
12.0,22.0,1.5,1.5,1.5,1.5,0.0,0.0
12.0,21.0,1.5,1.5,1.5,1.5,0.0,0.0
12.0,20.0,1.5,1.5,1.5,1.5,0.0,0.0
12.0,17.0,1.5,1.5,1.5,1.5,0.0,0.0
12.0,16.0,1.5,1.5,1.5,1.5,0.0,0.0
12.0,15.0,1.5,1.5,1.5,1.5,0.0,0.0
12.0,14.0,1.5,1.5,1.5,1.5,0.0,0.0
12.0,13.0,1.5,1.5,1.5,1.5,0.0,0.0
12.0,10.0,1.5,1.5,1.5,1.5,0.0,0.0
12.0,9.0,1.5,1.5,1.5,1.5,0.0,0.0
12.0,8.0,1.5,1.5,1.5,1.5,0.0,0.0
12.0,7.0,1.5,1.5,1.5,1.5,0.0,0.0
12.0,6.0,1.5,1.5,1.5,1.5,0.0,0.0
12.0,3.0,1.5,1.5,1.5,1.5,0.0,0.0
12.0,2.0,1.5,1.5,1.5,1.5,0.0,0.0
12.0,1.0,1.5,1.5,1.5,1.5,0.0,0.0
11.0,30.0,1.5,1.5,1.5,1.5,0.0,0.0
11.0,29.0,1.5,1.5,1.5,1.5,0.0,0.0
11.0,26.0,1.5,1.5,1.5,1.5,0.0,0.0
11.0,24.0,1.5,1.5,1.5,1.5,0.0,0.0
11.0,23.0,1.5,1.5,1.5,1.5,0.0,0.0
11.0,22.0,1.5,1.5,1.5,1.5,0.0,0.0
11.0,19.0,1.5,1.5,1.5,1.5,0.0,0.0
11.0,18.0,1.5,1.5,1.5,1.5,0.0,0.0
11.0,17.0,1.5,1.5,1.5,1.5,0.0,0.0
11.0,16.0,1.5,1.5,1.5,1.5,0.0,0.0
11.0,15.0,1.5,1.5,1.5,1.5,0.0,0.0
11.0,12.0,1.5,1.5,1.5,1.5,0.0,0.0
11.0,11.0,1.5,1.5,1.5,1.5,0.0,0.0
11.0,10.0,1.5,1.5,1.5,1.5,0.0,0.0
11.0,9.0,1.5,1.5,1.5,1.5,0.0,0.0
11.0,8.0,1.5,1.5,1.5,1.5,0.0,0.0
11.0,5.0,1.5,1.5,1.5,1.5,0.0,0.0
11.0,4.0,1.5,1.5,1.5,1.5,0.0,0.0
11.0,3.0,1.5,1.5,1.5,1.5,0.0,0.0
11.0,2.0,1.5,1.5,1.5,1.5,0.0,0.0
11.0,1.0,1.5,1.5,1.5,1.5,0.0,0.0
10.0,29.0,1.5,1.5,1.5,1.5,0.0,0.0
10.0,28.0,1.5,1.5,1.5,1.5,0.0,0.0
10.0,27.0,1.5,1.5,1.5,1.5,0.0,0.0
10.0,26.0,1.5,1.5,1.5,1.5,0.0,0.0
10.0,25.0,1.5,1.5,1.5,1.5,0.0,0.0
10.0,22.0,1.5,1.5,1.5,1.5,0.0,0.0
10.0,21.0,1.5,1.5,1.5,1.5,0.0,0.0
10.0,20.0,1.5,1.5,1.5,1.5,0.0,0.0
10.0,19.0,1.5,1.5,1.5,1.5,0.0,0.0
10.0,18.0,1.5,1.5,1.5,1.5,0.0,0.0
10.0,15.0,1.5,1.5,1.5,1.5,0.0,0.0
10.0,14.0,1.5,1.5,1.5,1.5,0.0,0.0
10.0,13.0,1.5,1.5,1.5,1.5,0.0,0.0
10.0,12.0,1.5,1.5,1.5,1.5,0.0,0.0
10.0,11.0,1.5,1.5,1.5,1.5,0.0,0.0
10.0,8.0,1.5,1.5,1.5,1.5,0.0,0.0
10.0,7.0,1.5,1.5,1.5,1.5,0.0,0.0
10.0,6.0,1.5,1.5,1.5,1.5,0.0,0.0
10.0,5.0,1.5,1.5,1.5,1.5,0.0,0.0
10.0,4.0,1.5,1.5,1.5,1.5,0.0,0.0
10.0,1.0,1.5,1.5,1.5,1.5,0.0,0.0
9.0,30.0,1.5,1.5,1.5,1.5,0.0,0.0
9.0,29.0,1.5,1.5,1.5,1.5,0.0,0.0
9.0,28.0,1.5,1.5,1.5,1.5,0.0,0.0
9.0,27.0,1.5,1.5,1.5,1.5,0.0,0.0
9.0,24.0,1.5,1.5,1.5,1.5,0.0,0.0
9.0,23.0,1.5,1.5,1.5,1.5,0.0,0.0
9.0,22.0,1.5,1.5,1.5,1.5,0.0,0.0
9.0,21.0,1.5,1.5,1.5,1.5,0.0,0.0
9.0,20.0,1.5,1.5,1.5,1.5,0.0,0.0
9.0,17.0,1.5,1.5,1.5,1.5,0.0,0.0
9.0,16.0,1.5,1.5,1.5,1.5,0.0,0.0
9.0,15.0,1.5,1.5,1.5,1.5,0.0,0.0
9.0,14.0,1.5,1.5,1.5,1.5,0.0,0.0
9.0,13.0,1.5,1.5,1.5,1.5,0.0,0.0
9.0,10.0,1.5,1.5,1.5,1.5,0.0,0.0
9.0,9.0,1.5,1.5,1.5,1.5,0.0,0.0
9.0,8.0,1.5,1.5,1.5,1.5,0.0,0.0
9.0,7.0,1.5,1.5,1.5,1.5,0.0,0.0
9.0,3.0,1.5,1.5,1.5,1.5,0.0,0.0
9.0,2.0,1.5,1.5,1.5,1.5,0.0,0.0
9.0,1.0,1.5,1.5,1.5,1.5,0.0,0.0
8.0,31.0,1.5,1.5,1.5,1.5,0.0,0.0
8.0,30.0,1.5,1.5,1.5,1.5,0.0,0.0
8.0,27.0,1.5,1.5,1.5,1.5,0.0,0.0
8.0,26.0,1.5,1.5,1.5,1.5,0.0,0.0
8.0,25.0,1.5,1.5,1.5,1.5,0.0,0.0
8.0,24.0,1.5,1.5,1.5,1.5,0.0,0.0
8.0,23.0,1.5,1.5,1.5,1.5,0.0,0.0
8.0,20.0,1.5,1.5,1.5,1.5,0.0,0.0
8.0,19.0,1.5,1.5,1.5,1.5,0.0,0.0
8.0,18.0,1.5,1.5,1.5,1.5,0.0,0.0
8.0,17.0,1.5,1.5,1.5,1.5,0.0,0.0
8.0,16.0,1.5,1.5,1.5,1.5,0.0,0.0
8.0,13.0,1.5,1.5,1.5,1.5,0.0,0.0
8.0,12.0,1.5,1.5,1.5,1.5,0.0,0.0
8.0,11.0,1.5,1.5,1.5,1.5,0.0,0.0
8.0,10.0,1.5,1.5,1.5,1.5,0.0,0.0
8.0,9.0,1.5,1.5,1.5,1.5,0.0,0.0
8.0,6.0,1.5,1.5,1.5,1.5,0.0,0.0
8.0,5.0,1.5,1.5,1.5,1.5,0.0,0.0
8.0,4.0,1.5,1.5,1.5,1.5,0.0,0.0
8.0,3.0,1.5,1.5,1.5,1.5,0.0,0.0
8.0,2.0,1.5,1.5,1.5,1.5,0.0,0.0
7.0,30.0,1.5,1.5,1.5,1.5,0.0,0.0
7.0,29.0,1.5,1.5,1.5,1.5,0.0,0.0
7.0,28.0,1.5,1.5,1.5,1.5,0.0,0.0
7.0,27.0,1.5,1.5,1.5,1.5,0.0,0.0
7.0,26.0,1.5,1.5,1.5,1.5,0.0,0.0
7.0,23.0,1.5,1.5,1.5,1.5,0.0,0.0
7.0,22.0,1.5,1.5,1.5,1.5,0.0,0.0
7.0,21.0,1.5,1.5,1.5,1.5,0.0,0.0
7.0,20.0,1.5,1.5,1.5,1.5,0.0,0.0
7.0,19.0,1.5,1.5,1.5,1.5,0.0,0.0
7.0,16.0,1.5,1.5,1.5,1.5,0.0,0.0
7.0,15.0,1.5,1.5,1.5,1.5,0.0,0.0
7.0,14.0,1.5,1.5,1.5,1.5,0.0,0.0
7.0,13.0,1.5,1.5,1.5,1.5,0.0,0.0
7.0,12.0,1.5,1.5,1.5,1.5,0.0,0.0
7.0,9.0,1.5,1.5,1.5,1.5,0.0,0.0
7.0,8.0,1.5,1.5,1.5,1.5,0.0,0.0
7.0,7.0,1.5,1.5,1.5,1.5,0.0,0.0
7.0,6.0,1.5,1.5,1.5,1.5,0.0,0.0
7.0,2.0,1.5,1.5,1.5,1.5,0.0,0.0
7.0,1.0,1.5,1.5,1.5,1.5,0.0,0.0
6.0,30.0,1.5,1.5,1.5,1.5,0.0,0.0
6.0,29.0,1.5,1.5,1.5,1.5,0.0,0.0
6.0,28.0,1.5,1.5,1.5,1.5,0.0,0.0
6.0,25.0,1.5,1.5,1.5,1.5,0.0,0.0
6.0,24.0,1.5,1.5,1.5,1.5,0.0,0.0
6.0,23.0,1.5,1.5,1.5,1.5,0.0,0.0
6.0,22.0,1.5,1.5,1.5,1.5,0.0,0.0
6.0,21.0,1.5,1.5,1.5,1.5,0.0,0.0
6.0,18.0,1.5,1.5,1.5,1.5,0.0,0.0
6.0,17.0,1.5,1.5,1.5,1.5,0.0,0.0
6.0,16.0,1.5,1.5,1.5,1.5,0.0,0.0
6.0,15.0,1.5,1.5,1.5,1.5,0.0,0.0
6.0,14.0,1.5,1.5,1.5,1.5,0.0,0.0
6.0,11.0,1.5,1.5,1.5,1.5,0.0,0.0
6.0,10.0,1.5,1.5,1.5,1.5,0.0,0.0
6.0,9.0,1.5,1.5,1.5,1.5,0.0,0.0
6.0,8.0,1.5,1.5,1.5,1.5,0.0,0.0
6.0,7.0,1.5,1.5,1.5,1.5,0.0,0.0
6.0,4.0,1.5,1.5,1.5,1.5,0.0,0.0
6.0,3.0,1.5,1.5,1.5,1.5,0.0,0.0
6.0,2.0,1.5,1.5,1.5,1.5,0.0,0.0
6.0,1.0,1.5,1.5,1.5,1.5,0.0,0.0
5.0,28.0,1.5,1.5,1.5,1.5,0.0,0.0
5.0,27.0,1.5,1.5,1.5,1.5,0.0,0.0
5.0,26.0,1.5,1.5,1.5,1.5,0.0,0.0
5.0,25.0,1.5,1.5,1.5,1.5,0.0,0.0
5.0,24.0,1.5,1.5,1.5,1.5,0.0,0.0
5.0,21.0,1.5,1.5,1.5,1.5,0.0,0.0
5.0,20.0,1.5,1.5,1.5,1.5,0.0,0.0
5.0,19.0,1.5,1.5,1.5,1.5,0.0,0.0
5.0,18.0,1.5,1.5,1.5,1.5,0.0,0.0
5.0,17.0,1.5,1.5,1.5,1.5,0.0,0.0
5.0,14.0,1.5,1.5,1.5,1.5,0.0,0.0
5.0,13.0,1.5,1.5,1.5,1.5,0.0,0.0
5.0,12.0,1.5,1.5,1.5,1.5,0.0,0.0
5.0,11.0,1.5,1.5,1.5,1.5,0.0,0.0
5.0,10.0,1.5,1.5,1.5,1.5,0.0,0.0
5.0,7.0,1.5,1.5,1.5,1.5,0.0,0.0
5.0,6.0,1.5,1.5,1.5,1.5,0.0,0.0
5.0,5.0,1.5,1.5,1.5,1.5,0.0,0.0
5.0,4.0,1.5,1.5,1.5,1.5,0.0,0.0
5.0,3.0,1.5,1.5,1.5,1.5,0.0,0.0
4.0,30.0,1.5,1.5,1.5,1.5,0.0,0.0
4.0,29.0,1.5,1.5,1.5,1.5,0.0,0.0
4.0,28.0,1.5,1.5,1.5,1.5,0.0,0.0
4.0,27.0,1.5,1.5,1.5,1.5,0.0,0.0
4.0,26.0,1.5,1.5,1.5,1.5,0.0,0.0
4.0,23.0,1.5,1.5,1.5,1.5,0.0,0.0
4.0,22.0,1.5,1.5,1.5,1.5,0.0,0.0
4.0,21.0,1.5,1.5,1.5,1.5,0.0,0.0
4.0,20.0,1.5,1.5,1.5,1.5,0.0,0.0
4.0,19.0,1.5,1.5,1.5,1.5,0.0,0.0
4.0,16.0,1.5,1.5,1.5,1.5,0.0,0.0
4.0,15.0,1.5,1.5,1.5,1.5,0.0,0.0
4.0,14.0,1.5,1.5,1.5,1.5,0.0,0.0
4.0,13.0,1.5,1.5,1.5,1.5,0.0,0.0
4.0,12.0,1.5,1.5,1.5,1.5,0.0,0.0
4.0,9.0,1.5,1.5,1.5,1.5,0.0,0.0
4.0,8.0,1.5,1.5,1.5,1.5,0.0,0.0
4.0,7.0,1.5,1.5,1.5,1.5,0.0,0.0
4.0,6.0,1.5,1.5,1.5,1.5,0.0,0.0
4.0,5.0,1.5,1.5,1.5,1.5,0.0,0.0
4.0,1.0,1.5,1.5,1.5,1.5,0.0,0.0
3.0,31.0,1.5,1.5,1.5,1.5,0.0,0.0
3.0,30.0,1.5,1.5,1.5,1.5,0.0,0.0
3.0,29.0,1.5,1.5,1.5,1.5,0.0,0.0
3.0,26.0,1.5,1.5,1.5,1.5,0.0,0.0
3.0,25.0,1.5,1.5,1.5,1.5,0.0,0.0
3.0,24.0,1.5,1.5,1.5,1.5,0.0,0.0
3.0,23.0,1.5,1.5,1.5,1.5,0.0,0.0
3.0,22.0,1.5,1.5,1.5,1.5,0.0,0.0
3.0,19.0,1.5,1.5,1.5,1.5,0.0,0.0
3.0,18.0,1.5,1.5,1.5,1.5,0.0,0.0
3.0,17.0,1.5,1.5,1.5,1.5,0.0,0.0
3.0,16.0,1.5,1.5,1.5,1.5,0.0,0.0
3.0,15.0,1.5,1.5,1.5,1.5,0.0,0.0
3.0,12.0,1.5,1.5,1.5,1.5,0.0,0.0
3.0,11.0,1.5,1.5,1.5,1.5,0.0,0.0
3.0,10.0,1.5,1.5,1.5,1.5,0.0,0.0
3.0,9.0,1.5,1.5,1.5,1.5,0.0,0.0
3.0,8.0,1.5,1.5,1.5,1.5,0.0,0.0
3.0,5.0,1.5,1.5,1.5,1.5,0.0,0.0
3.0,4.0,1.5,1.5,1.5,1.5,0.0,0.0
3.0,3.0,1.5,1.5,1.5,1.5,0.0,0.0
3.0,2.0,1.5,1.5,1.5,1.5,0.0,0.0
3.0,1.0,1.5,1.5,1.5,1.5,0.0,0.0
2.0,26.0,1.5,1.5,1.5,1.5,0.0,0.0
2.0,25.0,1.5,1.5,1.5,1.5,0.0,0.0
2.0,24.0,1.5,1.5,1.5,1.5,0.0,0.0
2.0,23.0,1.5,1.5,1.5,1.5,0.0,0.0
2.0,22.0,1.5,1.5,1.5,1.5,0.0,0.0
2.0,19.0,1.5,1.5,1.5,1.5,0.0,0.0
2.0,18.0,1.5,1.5,1.5,1.5,0.0,0.0
2.0,17.0,1.5,1.5,1.5,1.5,0.0,0.0
2.0,16.0,1.5,1.5,1.5,1.5,0.0,0.0
2.0,12.0,1.5,1.5,1.5,1.5,0.0,0.0
2.0,11.0,1.5,1.5,1.5,1.5,0.0,0.0
2.0,10.0,1.5,1.5,1.5,1.5,0.0,0.0
2.0,9.0,1.5,1.5,1.5,1.5,0.0,0.0
2.0,8.0,1.5,1.5,1.5,1.5,0.0,0.0
2.0,5.0,1.5,1.5,1.5,1.5,0.0,0.0
2.0,4.0,1.5,1.5,1.5,1.5,0.0,0.0
2.0,3.0,1.5,1.5,1.5,1.5,0.0,0.0
2.0,2.0,1.5,1.5,1.5,1.5,0.0,0.0
2.0,1.0,1.5,1.5,1.5,1.5,0.0,0.0
1.0,29.0,1.5,1.5,1.5,1.5,0.0,0.0
1.0,28.0,1.5,1.5,1.5,1.5,0.0,0.0
1.0,27.0,1.5,1.5,1.5,1.5,0.0,0.0
1.0,26.0,1.5,1.5,1.5,1.5,0.0,0.0
1.0,25.0,1.5,1.5,1.5,1.5,0.0,0.0
1.0,22.0,1.5,1.5,1.5,1.5,0.0,0.0
1.0,21.0,1.5,1.5,1.5,1.5,0.0,0.0
1.0,20.0,1.5,1.5,1.5,1.5,0.0,0.0
1.0,19.0,1.5,1.5,1.5,1.5,0.0,0.0
1.0,15.0,1.5,1.5,1.5,1.5,0.0,0.0
1.0,14.0,1.5,1.5,1.5,1.5,0.0,0.0
1.0,13.0,1.5,1.5,1.5,1.5,0.0,0.0
1.0,12.0,1.5,1.5,1.5,1.5,0.0,0.0
1.0,11.0,1.5,1.5,1.5,1.5,0.0,0.0
1.0,8.0,1.5,1.5,1.5,1.5,0.0,0.0
1.0,7.0,1.5,1.5,1.5,1.5,0.0,0.0
1.0,6.0,1.5,1.5,1.5,1.5,0.0,0.0
1.0,5.0,1.5,1.5,1.5,1.5,0.0,0.0
1.0,4.0,1.5,1.5,1.5,1.5,0.0,0.0
12.0,31.0,1.5,1.5,1.5,1.5,0.0,0.0
12.0,30.0,1.5,1.5,1.5,1.5,0.0,0.0
12.0,29.0,1.5,1.5,1.5,1.5,0.0,0.0
12.0,28.0,1.5,1.5,1.5,1.5,0.0,0.0
12.0,24.0,1.5,1.5,1.5,1.5,0.0,0.0
12.0,23.0,1.5,1.5,1.5,1.5,0.0,0.0
12.0,22.0,1.5,1.5,1.5,1.5,0.0,0.0
12.0,21.0,1.5,1.5,1.5,1.5,0.0,0.0
12.0,18.0,1.5,1.5,1.5,1.5,0.0,0.0
12.0,17.0,1.5,1.5,1.5,1.5,0.0,0.0
12.0,16.0,1.5,1.5,1.5,1.5,0.0,0.0
12.0,15.0,1.5,1.5,1.5,1.5,0.0,0.0
12.0,14.0,1.5,1.5,1.5,1.5,0.0,0.0
12.0,11.0,1.5,1.5,1.5,1.5,0.0,0.0
12.0,10.0,1.5,1.5,1.5,1.5,0.0,0.0
12.0,9.0,1.5,1.5,1.5,1.5,0.0,0.0
12.0,8.0,1.5,1.5,1.5,1.5,0.0,0.0
12.0,7.0,1.5,1.5,1.5,1.5,0.0,0.0
12.0,4.0,1.5,1.5,1.5,1.5,0.0,0.0
12.0,3.0,1.5,1.5,1.5,1.5,0.0,0.0
12.0,2.0,1.5,1.5,1.5,1.5,0.0,0.0
12.0,1.0,1.5,1.5,1.5,1.5,0.0,0.0
11.0,30.0,1.5,1.5,1.5,1.5,0.0,0.0
11.0,27.0,1.5,1.5,1.5,1.5,0.0,0.0
11.0,25.0,1.5,1.5,1.5,1.5,0.0,0.0
11.0,24.0,1.5,1.5,1.5,1.5,0.0,0.0
11.0,23.0,1.5,1.5,1.5,1.5,0.0,0.0
11.0,20.0,1.5,1.5,1.5,1.5,0.0,0.0
11.0,19.0,1.5,1.5,1.5,1.5,0.0,0.0
11.0,18.0,1.5,1.5,1.5,1.5,0.0,0.0
11.0,17.0,1.5,1.5,1.5,1.5,0.0,0.0
11.0,16.0,1.5,1.5,1.5,1.5,0.0,0.0
11.0,13.0,1.5,1.5,1.5,1.5,0.0,0.0
11.0,12.0,1.5,1.5,1.5,1.5,0.0,0.0
11.0,11.0,1.5,1.5,1.5,1.5,0.0,0.0
11.0,10.0,1.5,1.5,1.5,1.5,0.0,0.0
11.0,9.0,1.5,1.5,1.5,1.5,0.0,0.0
11.0,6.0,1.5,1.5,1.5,1.5,0.0,0.0
11.0,5.0,1.5,1.5,1.5,1.5,0.0,0.0
11.0,4.0,1.5,1.5,1.5,1.5,0.0,0.0
11.0,3.0,1.5,1.5,1.5,1.5,0.0,0.0
11.0,2.0,1.5,1.5,1.5,1.5,0.0,0.0
10.0,30.0,1.5,1.5,1.5,1.5,0.0,0.0
10.0,29.0,1.5,1.5,1.5,1.5,0.0,0.0
10.0,28.0,1.5,1.5,1.5,1.5,0.0,0.0
10.0,27.0,1.5,1.5,1.5,1.5,0.0,0.0
10.0,26.0,1.5,1.5,1.5,1.5,0.0,0.0
10.0,23.0,1.5,1.5,1.5,1.5,0.0,0.0
10.0,22.0,1.5,1.5,1.5,1.5,0.0,0.0
10.0,21.0,1.5,1.5,1.5,1.5,0.0,0.0
10.0,20.0,1.5,1.5,1.5,1.5,0.0,0.0
10.0,19.0,1.5,1.5,1.5,1.5,0.0,0.0
10.0,16.0,1.5,1.5,1.5,1.5,0.0,0.0
10.0,15.0,1.5,1.5,1.5,1.5,0.0,0.0
10.0,14.0,1.5,1.5,1.5,1.5,0.0,0.0
10.0,13.0,1.5,1.5,1.5,1.5,0.0,0.0
10.0,12.0,1.5,1.5,1.5,1.5,0.0,0.0
10.0,9.0,1.5,1.5,1.5,1.5,0.0,0.0
10.0,8.0,1.5,1.5,1.5,1.5,0.0,0.0
10.0,7.0,1.5,1.5,1.5,1.5,0.0,0.0
10.0,6.0,1.5,1.5,1.5,1.5,0.0,0.0
10.0,5.0,1.5,1.5,1.5,1.5,0.0,0.0
10.0,2.0,1.5,1.5,1.5,1.5,0.0,0.0
10.0,1.0,1.5,1.5,1.5,1.5,0.0,0.0
9.0,30.0,1.5,1.5,1.5,1.5,0.0,0.0
9.0,29.0,1.5,1.5,1.5,1.5,0.0,0.0
9.0,28.0,1.5,1.5,1.5,1.5,0.0,0.0
9.0,25.0,1.5,1.5,1.5,1.5,0.0,0.0
9.0,24.0,1.5,1.5,1.5,1.5,0.0,0.0
9.0,23.0,1.5,1.5,1.5,1.5,0.0,0.0
9.0,22.0,1.5,1.5,1.5,1.5,0.0,0.0
9.0,21.0,1.5,1.5,1.5,1.5,0.0,0.0
9.0,18.0,1.5,1.5,1.5,1.5,0.0,0.0
9.0,17.0,1.5,1.5,1.5,1.5,0.0,0.0
9.0,16.0,1.5,1.5,1.5,1.5,0.0,0.0
9.0,15.0,1.5,1.5,1.5,1.5,0.0,0.0
9.0,14.0,1.5,1.5,1.5,1.5,0.0,0.0
9.0,11.0,1.5,1.5,1.5,1.5,0.0,0.0
9.0,10.0,1.5,1.5,1.5,1.5,0.0,0.0
9.0,9.0,1.5,1.5,1.5,1.5,0.0,0.0
9.0,8.0,1.5,1.5,1.5,1.5,0.0,0.0
9.0,4.0,1.5,1.5,1.5,1.5,0.0,0.0
9.0,3.0,1.5,1.5,1.5,1.5,0.0,0.0
9.0,2.0,1.5,1.5,1.5,1.5,0.0,0.0
9.0,1.0,1.5,1.5,1.5,1.5,1000.0,0.0
