9.0,25.0,45.25,45.25,45.25,45.25,0.0,0.0
9.0,24.0,45.25,45.25,45.25,45.25,0.0,0.0
9.0,23.0,45.25,45.25,45.25,45.25,0.0,0.0
9.0,22.0,45.25,45.25,45.25,45.25,0.0,0.0
9.0,21.0,45.25,45.25,45.25,45.25,0.0,0.0
9.0,18.0,45.25,45.25,45.25,45.25,0.0,0.0
9.0,17.0,45.25,45.25,45.25,45.25,0.0,0.0
9.0,16.0,45.25,45.25,45.25,45.25,0.0,0.0
9.0,15.0,45.25,45.25,45.25,45.25,0.0,0.0
9.0,14.0,45.25,45.25,45.25,45.25,0.0,0.0
9.0,11.0,45.25,45.25,45.25,45.25,0.0,0.0
9.0,10.0,45.25,45.25,45.25,45.25,0.0,0.0
9.0,9.0,45.25,45.25,45.25,45.25,0.0,0.0
9.0,8.0,45.25,45.25,45.25,45.25,0.0,0.0
9.0,4.0,45.25,45.25,45.25,45.25,0.0,0.0
9.0,3.0,45.25,45.25,45.25,45.25,0.0,0.0
9.0,2.0,45.25,45.25,45.25,45.25,0.0,0.0
9.0,1.0,45.25,45.25,45.25,45.25,0.0,0.0
8.0,31.0,45.25,45.25,45.25,45.25,0.0,0.0
8.0,28.0,45.25,45.25,45.25,45.25,0.0,0.0
8.0,27.0,45.25,45.25,45.25,45.25,300.0,0.0
8.0,26.0,47.959999,47.959999,47.959999,47.959999,0.0,0.0
8.0,25.0,47.959999,47.959999,47.959999,47.959999,0.0,0.0
8.0,24.0,47.959999,47.959999,47.959999,47.959999,0.0,0.0
8.0,21.0,47.959999,47.959999,47.959999,47.959999,0.0,0.0
8.0,20.0,47.959999,47.959999,47.959999,47.959999,0.0,0.0
8.0,19.0,47.959999,47.959999,47.959999,47.959999,0.0,0.0
8.0,18.0,47.959999,47.959999,47.959999,47.959999,0.0,0.0
8.0,17.0,47.959999,47.959999,47.959999,47.959999,0.0,0.0
8.0,14.0,47.959999,47.959999,47.959999,47.959999,0.0,0.0
8.0,13.0,47.959999,47.959999,47.959999,47.959999,0.0,0.0
8.0,12.0,47.959999,47.959999,47.959999,47.959999,0.0,0.0
8.0,11.0,47.959999,47.959999,47.959999,47.959999,0.0,0.0
8.0,10.0,47.959999,47.959999,47.959999,47.959999,0.0,0.0
8.0,7.0,47.959999,47.959999,47.959999,47.959999,0.0,0.0
8.0,6.0,47.959999,47.959999,47.959999,47.959999,0.0,0.0
8.0,5.0,47.959999,47.959999,47.959999,47.959999,0.0,0.0
8.0,4.0,47.959999,47.959999,47.959999,47.959999,0.0,0.0
8.0,3.0,47.959999,47.959999,47.959999,47.959999,0.0,0.0
7.0,31.0,47.959999,47.959999,47.959999,47.959999,0.0,0.0
7.0,30.0,47.959999,47.959999,47.959999,47.959999,0.0,0.0
7.0,29.0,47.959999,47.959999,47.959999,47.959999,0.0,0.0
7.0,28.0,47.959999,47.959999,47.959999,47.959999,0.0,0.0
7.0,27.0,47.959999,47.959999,47.959999,47.959999,0.0,0.0
7.0,24.0,47.959999,47.959999,47.959999,47.959999,0.0,0.0
7.0,23.0,47.959999,47.959999,47.959999,47.959999,0.0,0.0
7.0,22.0,47.959999,47.959999,47.959999,47.959999,0.0,0.0
7.0,21.0,47.959999,47.959999,47.959999,47.959999,0.0,0.0
7.0,20.0,47.959999,47.959999,47.959999,47.959999,0.0,0.0
7.0,17.0,47.959999,47.959999,47.959999,47.959999,0.0,0.0
7.0,16.0,47.959999,47.959999,47.959999,47.959999,0.0,0.0
7.0,15.0,47.959999,47.959999,47.959999,47.959999,0.0,0.0
7.0,14.0,47.959999,47.959999,47.959999,47.959999,0.0,0.0
7.0,13.0,47.959999,47.959999,47.959999,47.959999,0.0,0.0
7.0,10.0,47.959999,47.959999,47.959999,47.959999,0.0,0.0
7.0,9.0,47.959999,47.959999,47.959999,47.959999,0.0,0.0
7.0,8.0,47.959999,47.959999,47.959999,47.959999,0.0,0.0
7.0,7.0,47.959999,47.959999,47.959999,47.959999,0.0,0.0
7.0,6.0,47.959999,47.959999,47.959999,47.959999,0.0,0.0
7.0,2.0,47.959999,47.959999,47.959999,47.959999,0.0,0.0
7.0,1.0,47.959999,47.959999,47.959999,47.959999,0.0,0.0
6.0,30.0,47.959999,47.959999,47.959999,47.959999,0.0,0.0
6.0,29.0,47.959999,47.959999,47.959999,47.959999,0.0,0.0
6.0,26.0,47.959999,47.959999,47.959999,47.959999,0.0,0.0
6.0,25.0,47.959999,47.959999,47.959999,47.959999,0.0,0.0
6.0,24.0,47.959999,47.959999,47.959999,47.959999,0.0,0.0
6.0,23.0,47.959999,47.959999,47.959999,47.959999,0.0,0.0
6.0,22.0,47.959999,47.959999,47.959999,47.959999,0.0,0.0
6.0,19.0,47.959999,47.959999,47.959999,47.959999,0.0,0.0
6.0,18.0,47.959999,47.959999,47.959999,47.959999,0.0,0.0
6.0,17.0,47.959999,47.959999,47.959999,47.959999,0.0,0.0
6.0,16.0,47.959999,47.959999,47.959999,47.959999,0.0,0.0
6.0,15.0,47.959999,47.959999,47.959999,47.959999,0.0,0.0
6.0,12.0,47.959999,47.959999,47.959999,47.959999,0.0,0.0
6.0,11.0,47.959999,47.959999,47.959999,47.959999,0.0,0.0
6.0,10.0,47.959999,47.959999,47.959999,47.959999,0.0,0.0
6.0,9.0,47.959999,47.959999,47.959999,47.959999,0.0,0.0
6.0,8.0,47.959999,47.959999,47.959999,47.959999,0.0,0.0
6.0,5.0,47.959999,47.959999,47.959999,47.959999,0.0,0.0
6.0,4.0,47.959999,47.959999,47.959999,47.959999,0.0,0.0
6.0,3.0,47.959999,47.959999,47.959999,47.959999,0.0,0.0
6.0,2.0,47.959999,47.959999,47.959999,47.959999,0.0,0.0
6.0,1.0,47.959999,47.959999,47.959999,47.959999,0.0,0.0
5.0,29.0,47.959999,47.959999,47.959999,47.959999,0.0,0.0
5.0,28.0,47.959999,47.959999,47.959999,47.959999,0.0,0.0
5.0,27.0,47.959999,47.959999,47.959999,47.959999,0.0,0.0
5.0,26.0,47.959999,47.959999,47.959999,47.959999,0.0,0.0
5.0,22.0,47.959999,47.959999,47.959999,47.959999,0.0,0.0
5.0,21.0,47.959999,47.959999,47.959999,47.959999,0.0,0.0
5.0,20.0,47.959999,47.959999,47.959999,47.959999,0.0,0.0
5.0,19.0,47.959999,47.959999,47.959999,47.959999,0.0,0.0
5.0,18.0,47.959999,47.959999,47.959999,47.959999,0.0,0.0
5.0,15.0,47.959999,47.959999,47.959999,47.959999,0.0,0.0
5.0,14.0,47.959999,47.959999,47.959999,47.959999,100.0,0.0
5.0,13.0,46.900002,46.900002,46.900002,46.900002,0.0,0.0
5.0,12.0,46.900002,46.900002,46.900002,46.900002,0.0,0.0
5.0,11.0,46.900002,46.900002,46.900002,46.900002,0.0,0.0
5.0,8.0,46.900002,46.900002,46.900002,46.900002,0.0,0.0
5.0,7.0,46.900002,46.900002,46.900002,46.900002,0.0,0.0
5.0,6.0,46.900002,46.900002,46.900002,46.900002,0.0,0.0
5.0,5.0,46.900002,46.900002,46.900002,46.900002,0.0,0.0
5.0,4.0,46.900002,46.900002,46.900002,46.900002,0.0,0.0
5.0,1.0,46.900002,46.900002,46.900002,46.900002,0.0,0.0
4.0,30.0,46.900002,46.900002,46.900002,46.900002,0.0,0.0
4.0,29.0,46.900002,46.900002,46.900002,46.900002,0.0,0.0
4.0,28.0,46.900002,46.900002,46.900002,46.900002,0.0,0.0
4.0,27.0,46.900002,46.900002,46.900002,46.900002,0.0,0.0
4.0,24.0,46.900002,46.900002,46.900002,46.900002,300.0,0.0
4.0,23.0,40.299999,40.299999,40.299999,40.299999,0.0,0.0
4.0,22.0,40.299999,40.299999,40.299999,40.299999,0.0,0.0
4.0,21.0,40.299999,40.299999,40.299999,40.299999,0.0,0.0
4.0,20.0,40.299999,40.299999,40.299999,40.299999,0.0,0.0
4.0,17.0,40.299999,40.299999,40.299999,40.299999,0.0,0.0
4.0,16.0,40.299999,40.299999,40.299999,40.299999,0.0,0.0
4.0,15.0,40.299999,40.299999,40.299999,40.299999,0.0,0.0
4.0,14.0,40.299999,40.299999,40.299999,40.299999,0.0,0.0
4.0,13.0,40.299999,40.299999,40.299999,40.299999,0.0,0.0
4.0,10.0,40.299999,40.299999,40.299999,40.299999,0.0,0.0
4.0,9.0,40.299999,40.299999,40.299999,40.299999,0.0,0.0
4.0,8.0,40.299999,40.299999,40.299999,40.299999,0.0,0.0
4.0,7.0,40.299999,40.299999,40.299999,40.299999,0.0,0.0
4.0,6.0,40.299999,40.299999,40.299999,40.299999,0.0,0.0
4.0,2.0,40.299999,40.299999,40.299999,40.299999,0.0,0.0
4.0,1.0,40.299999,40.299999,40.299999,40.299999,0.0,0.0
3.0,31.0,40.299999,40.299999,40.299999,40.299999,0.0,0.0
3.0,30.0,40.299999,40.299999,40.299999,40.299999,0.0,0.0
3.0,27.0,40.299999,40.299999,40.299999,40.299999,0.0,0.0
3.0,26.0,40.299999,40.299999,40.299999,40.299999,2500.0,0.0
3.0,25.0,42.700001,42.700001,42.700001,42.700001,0.0,0.0
3.0,24.0,42.700001,42.700001,42.700001,42.700001,0.0,0.0
3.0,23.0,42.700001,42.700001,42.700001,42.700001,0.0,0.0
3.0,20.0,42.700001,42.700001,42.700001,42.700001,0.0,0.0
3.0,19.0,42.700001,42.700001,42.700001,42.700001,0.0,0.0
3.0,18.0,42.700001,42.700001,42.700001,42.700001,0.0,0.0
3.0,17.0,42.700001,42.700001,42.700001,42.700001,0.0,0.0
3.0,16.0,42.700001,42.700001,42.700001,42.700001,0.0,0.0
3.0,13.0,42.700001,42.700001,42.700001,42.700001,0.0,0.0
3.0,12.0,42.700001,42.700001,42.700001,42.700001,0.0,0.0
3.0,11.0,42.700001,42.700001,42.700001,42.700001,0.0,0.0
3.0,10.0,42.700001,42.700001,42.700001,42.700001,0.0,0.0
3.0,9.0,42.700001,42.700001,42.700001,42.700001,0.0,0.0
3.0,6.0,42.700001,42.700001,42.700001,42.700001,0.0,0.0
3.0,5.0,42.700001,42.700001,42.700001,42.700001,0.0,0.0
3.0,4.0,42.700001,42.700001,42.700001,42.700001,0.0,0.0
3.0,3.0,42.700001,42.700001,42.700001,42.700001,100.0,0.0
3.0,2.0,42.98,42.98,42.98,42.98,0.0,0.0
2.0,27.0,42.98,42.98,42.98,42.98,0.0,0.0
2.0,26.0,42.98,42.98,42.98,42.98,0.0,0.0
2.0,25.0,42.98,42.98,42.98,42.98,100.0,0.0
2.0,24.0,36.5,36.5,36.5,36.5,0.0,0.0
2.0,23.0,36.5,36.5,36.5,36.5,0.0,0.0
2.0,20.0,36.5,36.5,36.5,36.5,0.0,0.0
2.0,19.0,36.5,36.5,36.5,36.5,0.0,0.0
2.0,18.0,36.5,36.5,36.5,36.5,0.0,0.0
2.0,17.0,36.5,36.5,36.5,36.5,0.0,0.0
2.0,13.0,36.5,36.5,36.5,36.5,0.0,0.0
2.0,12.0,36.5,36.5,36.5,36.5,0.0,0.0
2.0,11.0,36.5,36.5,36.5,36.5,0.0,0.0
2.0,10.0,36.5,36.5,36.5,36.5,0.0,0.0
2.0,9.0,36.5,36.5,36.5,36.5,0.0,0.0
2.0,6.0,36.5,36.5,36.5,36.5,0.0,0.0
2.0,5.0,36.5,36.5,36.5,36.5,0.0,0.0
2.0,4.0,36.5,36.5,36.5,36.5,0.0,0.0
2.0,3.0,36.5,36.5,36.5,36.5,0.0,0.0
2.0,2.0,36.5,36.5,36.5,36.5,0.0,0.0
1.0,30.0,36.5,36.5,36.5,36.5,0.0,0.0
1.0,29.0,36.5,36.5,36.5,36.5,0.0,0.0
1.0,28.0,36.5,36.5,36.5,36.5,0.0,0.0
1.0,27.0,36.5,36.5,36.5,36.5,0.0,0.0
1.0,26.0,36.5,36.5,36.5,36.5,0.0,0.0
1.0,23.0,36.5,36.5,36.5,36.5,0.0,0.0
1.0,22.0,36.5,36.5,36.5,36.5,0.0,0.0
1.0,21.0,36.5,36.5,36.5,36.5,0.0,0.0
1.0,20.0,36.5,36.5,36.5,36.5,0.0,0.0
1.0,16.0,36.5,36.5,36.5,36.5,0.0,0.0
1.0,15.0,36.5,36.5,36.5,36.5,0.0,0.0
1.0,14.0,36.5,36.5,36.5,36.5,0.0,0.0
1.0,13.0,36.5,36.5,36.5,36.5,0.0,0.0
1.0,12.0,36.5,36.5,36.5,36.5,0.0,0.0
1.0,9.0,36.5,36.5,36.5,36.5,0.0,0.0
1.0,8.0,36.5,36.5,36.5,36.5,0.0,0.0
1.0,7.0,36.5,36.5,36.5,36.5,0.0,0.0
1.0,6.0,36.5,36.5,36.5,36.5,0.0,0.0
1.0,5.0,36.5,36.5,36.5,36.5,0.0,0.0
1.0,2.0,36.5,36.5,36.5,36.5,0.0,0.0
12.0,31.0,36.5,36.5,36.5,36.5,0.0,0.0
12.0,30.0,36.5,36.5,36.5,36.5,0.0,0.0
12.0,29.0,36.5,36.5,36.5,36.5,0.0,0.0
12.0,26.0,36.5,36.5,36.5,36.5,0.0,0.0
12.0,24.0,36.5,36.5,36.5,36.5,0.0,0.0
12.0,23.0,36.5,36.5,36.5,36.5,0.0,0.0
12.0,22.0,36.5,36.5,36.5,36.5,0.0,0.0
12.0,19.0,36.5,36.5,36.5,36.5,0.0,0.0
12.0,18.0,36.5,36.5,36.5,36.5,0.0,0.0
12.0,17.0,36.5,36.5,36.5,36.5,0.0,0.0
12.0,16.0,36.5,36.5,36.5,36.5,0.0,0.0
12.0,15.0,36.5,36.5,36.5,36.5,0.0,0.0
12.0,12.0,36.5,36.5,36.5,36.5,0.0,0.0
12.0,11.0,36.5,36.5,36.5,36.5,0.0,0.0
12.0,10.0,36.5,36.5,36.5,36.5,0.0,0.0
12.0,9.0,36.5,36.5,36.5,36.5,0.0,0.0
12.0,8.0,36.5,36.5,36.5,36.5,0.0,0.0
12.0,5.0,36.5,36.5,36.5,36.5,0.0,0.0
12.0,4.0,36.5,36.5,36.5,36.5,0.0,0.0
12.0,3.0,36.5,36.5,36.5,36.5,200.0,0.0
12.0,2.0,35.759998,35.759998,35.759998,35.759998,0.0,0.0
12.0,1.0,35.759998,35.759998,35.759998,35.759998,0.0,0.0
11.0,28.0,35.759998,35.759998,35.759998,35.759998,0.0,0.0
11.0,26.0,35.759998,35.759998,35.759998,35.759998,0.0,0.0
11.0,25.0,35.759998,35.759998,35.759998,35.759998,0.0,0.0
11.0,24.0,35.759998,35.759998,35.759998,35.759998,0.0,0.0
11.0,21.0,35.759998,35.759998,35.759998,35.759998,0.0,0.0
11.0,20.0,35.759998,35.759998,35.759998,35.759998,0.0,0.0
11.0,19.0,35.759998,35.759998,35.759998,35.759998,0.0,0.0
11.0,18.0,35.759998,35.759998,35.759998,35.759998,0.0,0.0
11.0,17.0,35.759998,35.759998,35.759998,35.759998,0.0,0.0
11.0,14.0,35.759998,35.759998,35.759998,35.759998,0.0,0.0
11.0,13.0,35.759998,35.759998,35.759998,35.759998,0.0,0.0
11.0,12.0,35.759998,35.759998,35.759998,35.759998,0.0,0.0
11.0,11.0,35.759998,35.759998,35.759998,35.759998,0.0,0.0
11.0,10.0,35.759998,35.759998,35.759998,35.759998,0.0,0.0
11.0,7.0,35.759998,35.759998,35.759998,35.759998,0.0,0.0
11.0,6.0,35.759998,35.759998,35.759998,35.759998,0.0,0.0
11.0,5.0,35.759998,35.759998,35.759998,35.759998,0.0,0.0
11.0,4.0,35.759998,35.759998,35.759998,35.759998,0.0,0.0
11.0,3.0,35.759998,35.759998,35.759998,35.759998,0.0,0.0
10.0,31.0,35.759998,35.759998,35.759998,35.759998,0.0,0.0
10.0,30.0,35.759998,35.759998,35.759998,35.759998,0.0,0.0
10.0,29.0,35.759998,35.759998,35.759998,35.759998,0.0,0.0
10.0,28.0,35.759998,35.759998,35.759998,35.759998,0.0,0.0
10.0,27.0,35.759998,35.759998,35.759998,35.759998,0.0,0.0
10.0,24.0,35.759998,35.759998,35.759998,35.759998,0.0,0.0
10.0,23.0,35.759998,35.759998,35.759998,35.759998,0.0,0.0
10.0,22.0,35.759998,35.759998,35.759998,35.759998,0.0,0.0
10.0,21.0,35.759998,35.759998,35.759998,35.759998,0.0,0.0
10.0,20.0,35.759998,35.759998,35.759998,35.759998,0.0,0.0
10.0,17.0,35.759998,35.759998,35.759998,35.759998,0.0,0.0
10.0,16.0,35.759998,35.759998,35.759998,35.759998,0.0,0.0
10.0,15.0,35.759998,35.759998,35.759998,35.759998,0.0,0.0
10.0,14.0,35.759998,35.759998,35.759998,35.759998,0.0,0.0
10.0,13.0,35.759998,35.759998,35.759998,35.759998,0.0,0.0
10.0,10.0,35.759998,35.759998,35.759998,35.759998,0.0,0.0
10.0,9.0,35.759998,35.759998,35.759998,35.759998,0.0,0.0
10.0,8.0,35.759998,35.759998,35.759998,35.759998,0.0,0.0
10.0,7.0,35.759998,35.759998,35.759998,35.759998,0.0,0.0
10.0,6.0,35.759998,35.759998,35.759998,35.759998,0.0,0.0
10.0,3.0,35.759998,35.759998,35.759998,35.759998,0.0,0.0
10.0,2.0,35.759998,35.759998,35.759998,35.759998,0.0,0.0
10.0,1.0,35.759998,35.759998,35.759998,35.759998,0.0,0.0
9.0,30.0,35.759998,35.759998,35.759998,35.759998,0.0,0.0
9.0,29.0,35.759998,35.759998,35.759998,35.759998,0.0,0.0
9.0,26.0,35.759998,35.759998,35.759998,35.759998,0.0,0.0
9.0,25.0,35.759998,35.759998,35.759998,35.759998,0.0,0.0
9.0,24.0,35.759998,35.759998,35.759998,35.759998,0.0,0.0
9.0,23.0,35.759998,35.759998,35.759998,35.759998,0.0,0.0
9.0,22.0,35.759998,35.759998,35.759998,35.759998,0.0,0.0
9.0,19.0,35.759998,35.759998,35.759998,35.759998,0.0,0.0
9.0,18.0,35.759998,35.759998,35.759998,35.759998,0.0,0.0
9.0,17.0,35.759998,35.759998,35.759998,35.759998,0.0,0.0
9.0,16.0,35.759998,35.759998,35.759998,35.759998,0.0,0.0
9.0,15.0,35.759998,35.759998,35.759998,35.759998,0.0,0.0
9.0,12.0,35.759998,35.759998,35.759998,35.759998,0.0,0.0
9.0,11.0,35.759998,35.759998,35.759998,35.759998,0.0,0.0
9.0,10.0,35.759998,35.759998,35.759998,35.759998,0.0,0.0
9.0,9.0,35.759998,35.759998,35.759998,35.759998,0.0,0.0
9.0,8.0,35.759998,35.759998,35.759998,35.759998,0.0,0.0
9.0,5.0,35.759998,35.759998,35.759998,35.759998,0.0,0.0
9.0,4.0,35.759998,35.759998,35.759998,35.759998,0.0,0.0
9.0,3.0,35.759998,35.759998,35.759998,35.759998,0.0,0.0
9.0,2.0,35.759998,35.759998,35.759998,35.759998,0.0,0.0
8.0,29.0,35.759998,35.759998,35.759998,35.759998,0.0,0.0
8.0,28.0,35.759998,35.759998,35.759998,35.759998,0.0,0.0
8.0,27.0,35.759998,35.759998,35.759998,35.759998,0.0,0.0
8.0,26.0,35.759998,35.759998,35.759998,35.759998,0.0,0.0
8.0,25.0,35.759998,35.759998,35.759998,35.759998,0.0,0.0
8.0,22.0,35.759998,35.759998,35.759998,35.759998,0.0,0.0
8.0,21.0,35.759998,35.759998,35.759998,35.759998,0.0,0.0
8.0,20.0,35.759998,35.759998,35.759998,35.759998,0.0,0.0
8.0,19.0,35.759998,35.759998,35.759998,35.759998,0.0,0.0
8.0,18.0,35.759998,35.759998,35.759998,35.759998,0.0,0.0
8.0,15.0,35.759998,35.759998,35.759998,35.759998,0.0,0.0
8.0,14.0,35.759998,35.759998,35.759998,35.759998,0.0,0.0
8.0,13.0,35.759998,35.759998,35.759998,35.759998,0.0,0.0
8.0,12.0,35.759998,35.759998,35.759998,35.759998,0.0,0.0
8.0,11.0,35.759998,35.759998,35.759998,35.759998,0.0,0.0
8.0,8.0,35.759998,35.759998,35.759998,35.759998,0.0,0.0
8.0,7.0,35.759998,35.759998,35.759998,35.759998,0.0,0.0
8.0,6.0,35.759998,35.759998,35.759998,35.759998,0.0,0.0
8.0,5.0,35.759998,35.759998,35.759998,35.759998,0.0,0.0
8.0,4.0,35.759998,35.759998,35.759998,35.759998,0.0,0.0
8.0,1.0,35.759998,35.759998,35.759998,35.759998,0.0,0.0
7.0,31.0,35.759998,35.759998,35.759998,35.759998,200.0,0.0
7.0,30.0,35.759998,35.759998,35.759998,35.759998,0.0,0.0
7.0,29.0,35.759998,35.759998,35.759998,35.759998,0.0,0.0
7.0,28.0,35.759998,35.759998,35.759998,35.759998,500.0,0.0
7.0,25.0,38.900002,38.900002,38.900002,38.900002,0.0,0.0
7.0,24.0,38.900002,38.900002,38.900002,38.900002,0.0,0.0
7.0,23.0,38.900002,38.900002,38.900002,38.900002,0.0,0.0
7.0,22.0,38.900002,38.900002,38.900002,38.900002,0.0,0.0
7.0,21.0,38.900002,38.900002,38.900002,38.900002,0.0,0.0
7.0,18.0,38.900002,38.900002,38.900002,38.900002,0.0,0.0
7.0,17.0,38.900002,38.900002,38.900002,38.900002,0.0,0.0
7.0,16.0,38.900002,38.900002,38.900002,38.900002,0.0,0.0
7.0,15.0,38.900002,38.900002,38.900002,38.900002,0.0,0.0
7.0,14.0,38.900002,38.900002,38.900002,38.900002,0.0,0.0
7.0,11.0,38.900002,38.900002,38.900002,38.900002,0.0,0.0
7.0,10.0,38.900002,38.900002,38.900002,38.900002,0.0,0.0
7.0,9.0,38.900002,38.900002,38.900002,38.900002,0.0,0.0
7.0,8.0,38.900002,38.900002,38.900002,38.900002,0.0,0.0
7.0,7.0,38.900002,38.900002,38.900002,38.900002,0.0,0.0
7.0,3.0,38.900002,38.900002,38.900002,38.900002,0.0,0.0
7.0,2.0,38.900002,38.900002,38.900002,38.900002,0.0,0.0
7.0,1.0,38.900002,38.900002,38.900002,38.900002,700.0,0.0
6.0,30.0,36.060001,36.060001,36.060001,36.060001,0.0,0.0
6.0,27.0,36.060001,36.060001,36.060001,36.060001,0.0,0.0
6.0,26.0,36.056999,36.056999,36.056999,36.056999,0.0,0.0
6.0,25.0,36.060001,36.060001,36.060001,36.060001,0.0,0.0
6.0,24.0,36.060001,36.060001,36.060001,36.060001,0.0,0.0
6.0,23.0,36.060001,36.060001,36.060001,36.060001,0.0,0.0
6.0,20.0,36.060001,36.060001,36.060001,36.060001,0.0,0.0
6.0,19.0,36.060001,36.060001,36.060001,36.060001,0.0,0.0
6.0,18.0,36.060001,36.060001,36.060001,36.060001,0.0,0.0
6.0,17.0,36.060001,36.060001,36.060001,36.060001,0.0,0.0
6.0,16.0,36.060001,36.060001,36.060001,36.060001,0.0,0.0
6.0,13.0,36.060001,36.060001,36.060001,36.060001,0.0,0.0
6.0,12.0,36.060001,36.060001,36.060001,36.060001,0.0,0.0
6.0,11.0,36.060001,36.060001,36.060001,36.060001,0.0,0.0
6.0,10.0,36.060001,36.060001,36.060001,36.060001,0.0,0.0
6.0,9.0,36.060001,36.060001,36.060001,36.060001,0.0,0.0
6.0,6.0,36.060001,36.060001,36.060001,36.060001,400.0,0.0
6.0,5.0,34.779999,34.779999,34.779999,34.779999,0.0,0.0
6.0,4.0,34.779999,34.779999,34.779999,34.779999,0.0,0.0
6.0,3.0,34.779999,34.779999,34.779999,34.779999,0.0,0.0
6.0,2.0,34.779999,34.779999,34.779999,34.779999,0.0,0.0
5.0,30.0,34.779999,34.779999,34.779999,34.779999,0.0,0.0
5.0,29.0,34.779999,34.779999,34.779999,34.779999,0.0,0.0
5.0,28.0,34.700001,34.779999,34.700001,34.779999,57700.0,0.07999799999999624
5.0,27.0,34.599998,34.599998,34.48,34.560001,14100.0,-0.039996999999999616
5.0,23.0,32.240002,32.240002,32.240002,32.240002,0.0,0.0
5.0,22.0,32.240002,32.240002,32.240002,32.240002,0.0,0.0
5.0,21.0,32.240002,32.240002,32.240002,32.240002,0.0,0.0
5.0,20.0,32.240002,32.240002,32.240002,32.240002,0.0,0.0
5.0,19.0,32.240002,32.240002,32.240002,32.240002,0.0,0.0
5.0,16.0,32.240002,32.240002,32.240002,32.240002,0.0,0.0
5.0,15.0,32.240002,32.240002,32.240002,32.240002,0.0,0.0
5.0,14.0,32.240002,32.240002,32.240002,32.240002,0.0,0.0
5.0,13.0,32.240002,32.240002,32.240002,32.240002,0.0,0.0
5.0,12.0,32.240002,32.240002,32.240002,32.240002,0.0,0.0
5.0,9.0,32.240002,32.240002,32.240002,32.240002,0.0,0.0
5.0,8.0,32.240002,32.240002,32.240002,32.240002,0.0,0.0
5.0,7.0,32.240002,32.240002,32.240002,32.240002,0.0,0.0
5.0,6.0,32.240002,32.240002,32.240002,32.240002,0.0,0.0
5.0,5.0,32.240002,32.240002,32.240002,32.240002,0.0,0.0
5.0,2.0,32.240002,32.240002,32.240002,32.240002,0.0,0.0
5.0,1.0,32.240002,32.240002,32.240002,32.240002,0.0,0.0
4.0,30.0,32.240002,32.240002,32.240002,32.240002,0.0,0.0
4.0,29.0,32.240002,32.240002,32.240002,32.240002,0.0,0.0
4.0,28.0,32.240002,32.240002,32.240002,32.240002,0.0,0.0
4.0,25.0,32.240002,32.240002,32.240002,32.240002,0.0,0.0
4.0,24.0,32.240002,32.240002,32.240002,32.240002,0.0,0.0
4.0,23.0,32.240002,32.240002,32.240002,32.240002,0.0,0.0
4.0,22.0,32.240002,32.240002,32.240002,32.240002,0.0,0.0
4.0,21.0,32.240002,32.240002,32.240002,32.240002,0.0,0.0
4.0,17.0,32.240002,32.240002,32.240002,32.240002,0.0,0.0
4.0,16.0,32.240002,32.240002,32.240002,32.240002,0.0,0.0
4.0,15.0,32.240002,32.240002,32.240002,32.240002,0.0,0.0
4.0,14.0,32.240002,32.240002,32.240002,32.240002,0.0,0.0
4.0,11.0,32.240002,32.240002,32.240002,32.240002,0.0,0.0
4.0,10.0,32.240002,32.240002,32.240002,32.240002,0.0,0.0
4.0,9.0,32.240002,32.240002,32.240002,32.240002,0.0,0.0
4.0,8.0,32.240002,32.240002,32.240002,32.240002,0.0,0.0
4.0,7.0,32.240002,32.240002,32.240002,32.240002,0.0,0.0
4.0,4.0,32.240002,32.240002,32.240002,32.240002,0.0,0.0
4.0,3.0,32.240002,32.240002,32.240002,32.240002,0.0,0.0
4.0,2.0,32.259998,32.259998,32.240002,32.240002,1000.0,-0.01999600000000612
4.0,1.0,32.349998,32.349998,32.299999,32.299999,5000.0,-0.04999899999999968
3.0,31.0,27.200001,27.200001,27.200001,27.200001,0.0,0.0
3.0,28.0,27.200001,27.200001,27.200001,27.200001,0.0,0.0
3.0,27.0,27.200001,27.200001,27.200001,27.200001,0.0,0.0
3.0,26.0,27.200001,27.200001,27.200001,27.200001,0.0,0.0
3.0,25.0,27.200001,27.200001,27.200001,27.200001,0.0,0.0
3.0,24.0,27.200001,27.200001,27.200001,27.200001,0.0,0.0
3.0,21.0,27.200001,27.200001,27.200001,27.200001,0.0,0.0
3.0,20.0,27.200001,27.200001,27.200001,27.200001,0.0,0.0
3.0,19.0,27.200001,27.200001,27.200001,27.200001,0.0,0.0
3.0,18.0,27.200001,27.200001,27.200001,27.200001,0.0,0.0
3.0,17.0,27.200001,27.200001,27.200001,27.200001,0.0,0.0
3.0,14.0,27.200001,27.200001,27.200001,27.200001,0.0,0.0
3.0,13.0,27.200001,27.200001,27.200001,27.200001,0.0,0.0
3.0,12.0,27.200001,27.200001,27.200001,27.200001,0.0,0.0
3.0,11.0,27.200001,27.200001,27.200001,27.200001,0.0,0.0
3.0,10.0,27.200001,27.200001,27.200001,27.200001,0.0,0.0
3.0,7.0,27.200001,27.200001,27.200001,27.200001,0.0,0.0
3.0,6.0,27.200001,27.200001,27.200001,27.200001,0.0,0.0
3.0,5.0,27.200001,27.200001,27.200001,27.200001,0.0,0.0
3.0,4.0,27.200001,27.200001,27.200001,27.200001,0.0,0.0
3.0,3.0,27.200001,27.200001,27.200001,27.200001,0.0,0.0
2.0,28.0,27.200001,27.200001,27.200001,27.200001,0.0,0.0
2.0,27.0,27.200001,27.200001,27.200001,27.200001,0.0,0.0
2.0,26.0,27.200001,27.200001,27.200001,27.200001,0.0,0.0
2.0,25.0,27.200001,27.200001,27.200001,27.200001,0.0,0.0
2.0,24.0,27.200001,27.200001,27.200001,27.200001,0.0,0.0
2.0,21.0,27.200001,27.200001,27.200001,27.200001,0.0,0.0
2.0,20.0,27.200001,27.200001,27.200001,27.200001,0.0,0.0
2.0,19.0,27.200001,27.200001,27.200001,27.200001,0.0,0.0
2.0,18.0,27.200001,27.200001,27.200001,27.200001,0.0,0.0
2.0,14.0,27.200001,27.200001,27.200001,27.200001,0.0,0.0
2.0,13.0,27.200001,27.200001,27.200001,27.200001,0.0,0.0
2.0,12.0,27.200001,27.200001,27.200001,27.200001,0.0,0.0
2.0,11.0,27.200001,27.200001,27.200001,27.200001,0.0,0.0
2.0,10.0,27.200001,27.200001,27.200001,27.200001,0.0,0.0
2.0,7.0,27.200001,27.200001,27.200001,27.200001,0.0,0.0
2.0,6.0,27.200001,27.200001,27.200001,27.200001,0.0,0.0
2.0,5.0,27.200001,27.200001,27.200001,27.200001,0.0,0.0
2.0,4.0,27.200001,27.200001,27.200001,27.200001,0.0,0.0
2.0,3.0,27.200001,27.200001,27.200001,27.200001,0.0,0.0
1.0,31.0,27.200001,27.200001,27.200001,27.200001,0.0,0.0
1.0,30.0,27.200001,27.200001,27.200001,27.200001,0.0,0.0
1.0,29.0,27.200001,27.200001,27.200001,27.200001,0.0,0.0
1.0,28.0,27.200001,27.200001,27.200001,27.200001,0.0,0.0
1.0,27.0,27.200001,27.200001,27.200001,27.200001,500.0,0.0
1.0,24.0,25.950001,25.950001,25.950001,25.950001,0.0,0.0
1.0,23.0,25.950001,25.950001,25.950001,25.950001,0.0,0.0
1.0,22.0,25.950001,25.950001,25.950001,25.950001,0.0,0.0
1.0,21.0,25.950001,25.950001,25.950001,25.950001,0.0,0.0
1.0,17.0,25.950001,25.950001,25.950001,25.950001,0.0,0.0
1.0,16.0,25.950001,25.950001,25.950001,25.950001,0.0,0.0
1.0,15.0,25.950001,25.950001,25.950001,25.950001,0.0,0.0
1.0,14.0,25.950001,25.950001,25.950001,25.950001,0.0,0.0
1.0,13.0,25.950001,25.950001,25.950001,25.950001,0.0,0.0
1.0,10.0,25.950001,25.950001,25.950001,25.950001,0.0,0.0
1.0,9.0,25.950001,25.950001,25.950001,25.950001,0.0,0.0
1.0,8.0,25.950001,25.950001,25.950001,25.950001,0.0,0.0
1.0,7.0,25.950001,25.950001,25.950001,25.950001,0.0,0.0
1.0,6.0,25.950001,25.950001,25.950001,25.950001,0.0,0.0
1.0,3.0,25.950001,25.950001,25.950001,25.950001,0.0,0.0
1.0,2.0,25.950001,25.950001,25.950001,25.950001,0.0,0.0
12.0,31.0,25.950001,25.950001,25.950001,25.950001,0.0,0.0
12.0,30.0,25.950001,25.950001,25.950001,25.950001,0.0,0.0
12.0,27.0,25.950001,25.950001,25.950001,25.950001,0.0,0.0
12.0,26.0,25.950001,25.950001,25.950001,25.950001,0.0,0.0
12.0,24.0,25.950001,25.950001,25.950001,25.950001,0.0,0.0
12.0,23.0,25.950001,25.950001,25.950001,25.950001,0.0,0.0
12.0,20.0,25.950001,25.950001,25.950001,25.950001,0.0,0.0
12.0,19.0,25.950001,25.950001,25.950001,25.950001,0.0,0.0
12.0,18.0,25.950001,25.950001,25.950001,25.950001,0.0,0.0
12.0,17.0,25.950001,25.950001,25.950001,25.950001,0.0,0.0
12.0,16.0,25.950001,25.950001,25.950001,25.950001,0.0,0.0
12.0,13.0,25.950001,25.950001,25.950001,25.950001,0.0,0.0
12.0,12.0,25.950001,25.950001,25.950001,25.950001,0.0,0.0
12.0,11.0,25.950001,25.950001,25.950001,25.950001,0.0,0.0
12.0,10.0,25.950001,25.950001,25.950001,25.950001,0.0,0.0
12.0,9.0,25.950001,25.950001,25.950001,25.950001,0.0,0.0
12.0,6.0,25.950001,25.950001,25.950001,25.950001,500.0,0.0
12.0,5.0,26.85,26.85,26.85,26.85,0.0,0.0
12.0,4.0,26.85,26.85,26.85,26.85,0.0,0.0
12.0,3.0,26.85,26.85,26.85,26.85,0.0,0.0
12.0,2.0,26.85,26.85,26.85,26.85,0.0,0.0
11.0,29.0,26.85,26.85,26.85,26.85,0.0,0.0
11.0,27.0,26.85,26.85,26.85,26.85,0.0,0.0
11.0,26.0,26.85,26.85,26.85,26.85,0.0,0.0
11.0,25.0,26.85,26.85,26.85,26.85,0.0,0.0
11.0,22.0,26.85,26.85,26.85,26.85,0.0,0.0
11.0,21.0,26.85,26.85,26.85,26.85,0.0,0.0
11.0,20.0,26.85,26.85,26.85,26.85,0.0,0.0
11.0,19.0,26.85,26.85,26.85,26.85,0.0,0.0
11.0,18.0,26.85,26.85,26.85,26.85,0.0,0.0
11.0,15.0,26.85,26.85,26.85,26.85,0.0,0.0
11.0,14.0,26.85,26.85,26.85,26.85,0.0,0.0
11.0,13.0,26.85,26.85,26.85,26.85,0.0,0.0
11.0,12.0,26.85,26.85,26.85,26.85,0.0,0.0
11.0,11.0,26.85,26.85,26.85,26.85,0.0,0.0
11.0,8.0,26.85,26.85,26.85,26.85,0.0,0.0
11.0,7.0,26.85,26.85,26.85,26.85,0.0,0.0
11.0,6.0,26.85,26.85,26.85,26.85,0.0,0.0
11.0,5.0,26.85,26.85,26.85,26.85,0.0,0.0
11.0,4.0,26.85,26.85,26.85,26.85,0.0,0.0
11.0,1.0,26.85,26.85,26.85,26.85,0.0,0.0
10.0,31.0,26.85,26.85,26.85,26.85,0.0,0.0
10.0,30.0,26.85,26.85,26.85,26.85,0.0,0.0
10.0,29.0,26.85,26.85,26.85,26.85,0.0,0.0
10.0,28.0,26.85,26.85,26.85,26.85,0.0,0.0
10.0,25.0,26.85,26.85,26.85,26.85,0.0,0.0
10.0,24.0,26.85,26.85,26.85,26.85,0.0,0.0
10.0,23.0,26.85,26.85,26.85,26.85,0.0,0.0
10.0,22.0,26.85,26.85,26.85,26.85,0.0,0.0
10.0,21.0,26.85,26.85,26.85,26.85,0.0,0.0
10.0,18.0,26.85,26.85,26.85,26.85,0.0,0.0
10.0,17.0,26.85,26.85,26.85,26.85,0.0,0.0
10.0,16.0,26.85,26.85,26.85,26.85,0.0,0.0
10.0,15.0,26.85,26.85,26.85,26.85,0.0,0.0
10.0,14.0,26.85,26.85,26.85,26.85,0.0,0.0
10.0,11.0,26.85,26.85,26.85,26.85,0.0,0.0
10.0,10.0,26.85,26.85,26.85,26.85,0.0,0.0
10.0,9.0,26.85,26.85,26.85,26.85,0.0,0.0
10.0,8.0,26.85,26.85,26.85,26.85,0.0,0.0
10.0,7.0,26.85,26.85,26.85,26.85,0.0,0.0
10.0,4.0,26.85,26.85,26.85,26.85,0.0,0.0
10.0,3.0,26.85,26.85,26.85,26.85,0.0,0.0
10.0,2.0,26.85,26.85,26.85,26.85,0.0,0.0
10.0,1.0,26.85,26.85,26.85,26.85,0.0,0.0
9.0,30.0,26.85,26.85,26.85,26.85,0.0,0.0
9.0,27.0,26.85,26.85,26.85,26.85,0.0,0.0
9.0,26.0,26.85,26.85,26.85,26.85,0.0,0.0
9.0,25.0,26.85,26.85,26.85,26.85,500.0,0.0
9.0,24.0,27.15,27.15,27.15,27.15,0.0,0.0
9.0,23.0,27.15,27.15,27.15,27.15,0.0,0.0
9.0,20.0,27.15,27.15,27.15,27.15,0.0,0.0
9.0,19.0,27.15,27.15,27.15,27.15,0.0,0.0
9.0,18.0,27.15,27.15,27.15,27.15,0.0,0.0
9.0,17.0,27.15,27.15,27.15,27.15,0.0,0.0
9.0,16.0,27.15,27.15,27.15,27.15,0.0,0.0
9.0,13.0,27.15,27.15,27.15,27.15,0.0,0.0
9.0,12.0,27.15,27.15,27.15,27.15,0.0,0.0
9.0,11.0,27.15,27.15,27.15,27.15,0.0,0.0
9.0,10.0,27.15,27.15,27.15,27.15,0.0,0.0
9.0,9.0,27.15,27.15,27.15,27.15,0.0,0.0
9.0,6.0,27.15,27.15,27.15,27.15,0.0,0.0
9.0,5.0,27.15,27.15,27.15,27.15,0.0,0.0
9.0,4.0,27.15,27.15,27.15,27.15,0.0,0.0
9.0,3.0,27.15,27.15,27.15,27.15,0.0,0.0
8.0,30.0,27.15,27.15,27.15,27.15,0.0,0.0
8.0,29.0,27.15,27.15,27.15,27.15,0.0,0.0
8.0,28.0,27.15,27.15,27.15,27.15,0.0,0.0
8.0,27.0,27.15,27.15,27.15,27.15,0.0,0.0
8.0,26.0,27.15,27.15,27.15,27.15,0.0,0.0
8.0,23.0,27.15,27.15,27.15,27.15,0.0,0.0
8.0,22.0,27.15,27.15,27.15,27.15,0.0,0.0
8.0,21.0,27.15,27.15,27.15,27.15,700.0,0.0
8.0,20.0,23.17,23.17,23.17,23.17,0.0,0.0
8.0,19.0,23.17,23.17,23.17,23.17,0.0,0.0
8.0,16.0,23.17,23.17,23.17,23.17,0.0,0.0
8.0,15.0,23.17,23.17,23.17,23.17,0.0,0.0
8.0,14.0,23.166,23.166,23.166,23.166,0.0,0.0
8.0,13.0,23.166,23.166,23.166,23.166,0.0,0.0
8.0,12.0,23.166,23.166,23.166,23.166,0.0,0.0
8.0,9.0,23.166,23.166,23.166,23.166,0.0,0.0
8.0,8.0,23.166,23.166,23.166,23.166,0.0,0.0
8.0,7.0,23.166,23.166,23.166,23.166,0.0,0.0
8.0,6.0,23.166,23.166,23.166,23.166,0.0,0.0
8.0,5.0,23.166,23.166,23.166,23.166,0.0,0.0
8.0,2.0,23.166,23.166,23.166,23.166,0.0,0.0
8.0,1.0,23.166,23.166,23.166,23.166,0.0,0.0
7.0,31.0,23.166,23.166,23.166,23.166,0.0,0.0
7.0,30.0,23.166,23.166,23.166,23.166,0.0,0.0
7.0,29.0,23.166,23.166,23.166,23.166,0.0,0.0
7.0,26.0,23.166,23.166,23.166,23.166,0.0,0.0
7.0,25.0,23.166,23.166,23.166,23.166,0.0,0.0
7.0,24.0,23.166,23.166,23.166,23.166,0.0,0.0
7.0,23.0,23.166,23.166,23.166,23.166,0.0,0.0
7.0,22.0,23.166,23.166,23.166,23.166,0.0,0.0
7.0,19.0,23.166,23.166,23.166,23.166,0.0,0.0
7.0,18.0,23.166,23.166,23.166,23.166,0.0,0.0
7.0,17.0,23.166,23.166,23.166,23.166,0.0,0.0
7.0,16.0,23.166,23.166,23.166,23.166,0.0,0.0
7.0,15.0,23.166,23.166,23.166,23.166,0.0,0.0
7.0,12.0,23.166,23.166,23.166,23.166,0.0,0.0
7.0,11.0,23.166,23.166,23.166,23.166,0.0,0.0
7.0,10.0,23.166,23.166,23.166,23.166,0.0,0.0
7.0,9.0,23.166,23.166,23.166,23.166,0.0,0.0
7.0,8.0,23.166,23.166,23.166,23.166,0.0,0.0
7.0,5.0,23.166,23.166,23.166,23.166,0.0,0.0
7.0,3.0,23.166,23.166,23.166,23.166,0.0,0.0
7.0,2.0,23.166,23.166,23.166,23.166,0.0,0.0
7.0,1.0,23.166,23.166,23.166,23.166,0.0,0.0
6.0,28.0,23.166,23.166,23.166,23.166,0.0,0.0
6.0,27.0,23.166,23.166,23.166,23.166,0.0,0.0
6.0,26.0,23.166,23.166,23.166,23.166,0.0,0.0
6.0,25.0,23.166,23.166,23.166,23.166,0.0,0.0
6.0,24.0,23.166,23.166,23.166,23.166,0.0,0.0
6.0,21.0,23.166,23.166,23.166,23.166,0.0,0.0
6.0,20.0,23.166,23.166,23.166,23.166,0.0,0.0
6.0,19.0,23.166,23.166,23.166,23.166,0.0,0.0
6.0,18.0,23.166,23.166,23.166,23.166,0.0,0.0
6.0,17.0,23.166,23.166,23.166,23.166,0.0,0.0
6.0,14.0,23.166,23.166,23.166,23.166,0.0,0.0
6.0,13.0,23.166,23.166,23.166,23.166,0.0,0.0
6.0,12.0,23.166,23.166,23.166,23.166,0.0,0.0
6.0,11.0,23.166,23.166,23.166,23.166,0.0,0.0
6.0,10.0,23.166,23.166,23.166,23.166,0.0,0.0
6.0,7.0,23.166,23.166,23.166,23.166,0.0,0.0
6.0,6.0,23.166,23.166,23.166,23.166,1400.0,0.0
6.0,5.0,20.549999,20.549999,20.549999,20.549999,0.0,0.0
6.0,4.0,20.549999,20.549999,20.549999,20.549999,0.0,0.0
6.0,3.0,20.549999,20.549999,20.549999,20.549999,0.0,0.0
5.0,31.0,20.549999,20.549999,20.549999,20.549999,0.0,0.0
5.0,30.0,20.549999,20.549999,20.549999,20.549999,0.0,0.0
5.0,29.0,20.549999,20.549999,20.549999,20.549999,0.0,0.0
5.0,28.0,20.549999,20.549999,20.549999,20.549999,0.0,0.0
5.0,24.0,20.549999,20.549999,20.549999,20.549999,0.0,0.0
5.0,23.0,20.549999,20.549999,20.549999,20.549999,0.0,0.0
5.0,22.0,20.549999,20.549999,20.549999,20.549999,0.0,0.0
5.0,21.0,20.549999,20.549999,20.549999,20.549999,0.0,0.0
5.0,20.0,20.549999,20.549999,20.549999,20.549999,0.0,0.0
5.0,17.0,20.549999,20.549999,20.549999,20.549999,0.0,0.0
5.0,16.0,20.549999,20.549999,20.549999,20.549999,0.0,0.0
5.0,15.0,20.549999,20.549999,20.549999,20.549999,0.0,0.0
5.0,14.0,20.549999,20.549999,20.549999,20.549999,0.0,0.0
5.0,13.0,20.549999,20.549999,20.549999,20.549999,0.0,0.0
5.0,10.0,20.549999,20.549999,20.549999,20.549999,0.0,0.0
5.0,9.0,20.549999,20.549999,20.549999,20.549999,0.0,0.0
5.0,8.0,20.549999,20.549999,20.549999,20.549999,0.0,0.0
5.0,7.0,20.549999,20.549999,20.549999,20.549999,0.0,0.0
5.0,6.0,20.549999,20.549999,20.549999,20.549999,0.0,0.0
5.0,3.0,20.549999,20.549999,20.549999,20.549999,0.0,0.0
5.0,2.0,20.549999,20.549999,20.549999,20.549999,0.0,0.0
5.0,1.0,20.549999,20.549999,20.549999,20.549999,0.0,0.0
4.0,30.0,20.549999,20.549999,20.549999,20.549999,0.0,0.0
4.0,29.0,20.549999,20.549999,20.549999,20.549999,0.0,0.0
4.0,26.0,20.549999,20.549999,20.549999,20.549999,0.0,0.0
4.0,25.0,20.549999,20.549999,20.549999,20.549999,0.0,0.0
4.0,24.0,20.549999,20.549999,20.549999,20.549999,0.0,0.0
4.0,23.0,20.549999,20.549999,20.549999,20.549999,0.0,0.0
4.0,22.0,20.549999,20.549999,20.549999,20.549999,0.0,0.0
4.0,19.0,20.549999,20.549999,20.549999,20.549999,0.0,0.0
4.0,18.0,20.549999,20.549999,20.549999,20.549999,0.0,0.0
4.0,17.0,20.549999,20.549999,20.549999,20.549999,0.0,0.0
4.0,16.0,20.549999,20.549999,20.549999,20.549999,0.0,0.0
4.0,15.0,20.549999,20.549999,20.549999,20.549999,0.0,0.0
4.0,12.0,20.549999,20.549999,20.549999,20.549999,0.0,0.0
4.0,11.0,20.549999,20.549999,20.549999,20.549999,0.0,0.0
4.0,10.0,20.549999,20.549999,20.549999,20.549999,0.0,0.0
4.0,9.0,20.549999,20.549999,20.549999,20.549999,0.0,0.0
4.0,8.0,20.549999,20.549999,20.549999,20.549999,0.0,0.0
4.0,5.0,20.549999,20.549999,20.549999,20.549999,0.0,0.0
4.0,4.0,20.549999,20.549999,20.549999,20.549999,0.0,0.0
4.0,3.0,20.549999,20.549999,20.549999,20.549999,0.0,0.0
4.0,2.0,20.549999,20.549999,20.549999,20.549999,0.0,0.0
4.0,1.0,20.549999,20.549999,20.549999,20.549999,0.0,0.0
3.0,28.0,20.549999,20.549999,20.549999,20.549999,0.0,0.0
3.0,27.0,20.549999,20.549999,20.549999,20.549999,0.0,0.0
3.0,26.0,20.549999,20.549999,20.549999,20.549999,0.0,0.0
3.0,25.0,20.549999,20.549999,20.549999,20.549999,0.0,0.0
3.0,22.0,20.549999,20.549999,20.549999,20.549999,0.0,0.0
3.0,21.0,20.549999,20.549999,20.549999,20.549999,0.0,0.0
3.0,20.0,20.549999,20.549999,20.549999,20.549999,0.0,0.0
3.0,19.0,20.549999,20.549999,20.549999,20.549999,0.0,0.0
3.0,18.0,20.549999,20.549999,20.549999,20.549999,0.0,0.0
3.0,15.0,20.549999,20.549999,20.549999,20.549999,0.0,0.0
3.0,14.0,20.549999,20.549999,20.549999,20.549999,0.0,0.0
3.0,13.0,20.549999,20.549999,20.549999,20.549999,0.0,0.0
3.0,12.0,20.549999,20.549999,20.549999,20.549999,0.0,0.0
3.0,11.0,20.549999,20.549999,20.549999,20.549999,0.0,0.0
3.0,8.0,20.549999,20.549999,20.549999,20.549999,0.0,0.0
3.0,7.0,20.549999,20.549999,20.549999,20.549999,0.0,0.0
3.0,6.0,20.549999,20.549999,20.549999,20.549999,0.0,0.0
3.0,5.0,20.549999,20.549999,20.549999,20.549999,0.0,0.0
3.0,4.0,20.549999,20.549999,20.549999,20.549999,0.0,0.0
3.0,1.0,20.549999,20.549999,20.549999,20.549999,0.0,0.0
2.0,28.0,20.549999,20.549999,20.549999,20.549999,0.0,0.0
2.0,27.0,20.549999,20.549999,20.549999,20.549999,0.0,0.0
2.0,26.0,20.549999,20.549999,20.549999,20.549999,0.0,0.0
2.0,25.0,20.549999,20.549999,20.549999,20.549999,0.0,0.0
2.0,22.0,20.549999,20.549999,20.549999,20.549999,0.0,0.0
2.0,21.0,20.549999,20.549999,20.549999,20.549999,0.0,0.0
2.0,20.0,20.549999,20.549999,20.549999,20.549999,0.0,0.0
2.0,19.0,20.549999,20.549999,20.549999,20.549999,0.0,0.0
2.0,15.0,20.549999,20.549999,20.549999,20.549999,0.0,0.0
2.0,14.0,20.549999,20.549999,20.549999,20.549999,0.0,0.0
2.0,13.0,20.549999,20.549999,20.549999,20.549999,0.0,0.0
2.0,12.0,20.549999,20.549999,20.549999,20.549999,0.0,0.0
2.0,11.0,20.549999,20.549999,20.549999,20.549999,0.0,0.0
2.0,8.0,20.549999,20.549999,20.549999,20.549999,0.0,0.0
2.0,7.0,20.549999,20.549999,20.549999,20.549999,0.0,0.0
2.0,6.0,20.549999,20.549999,20.549999,20.549999,0.0,0.0
2.0,5.0,20.549999,20.549999,20.549999,20.549999,0.0,0.0
2.0,4.0,20.549999,20.549999,20.549999,20.549999,0.0,0.0
2.0,1.0,20.549999,20.549999,20.549999,20.549999,0.0,0.0
1.0,31.0,20.549999,20.549999,20.549999,20.549999,0.0,0.0
1.0,30.0,20.549999,20.549999,20.549999,20.549999,0.0,0.0
1.0,29.0,20.549999,20.549999,20.549999,20.549999,0.0,0.0
1.0,28.0,20.549999,20.549999,20.549999,20.549999,0.0,0.0
1.0,25.0,20.549999,20.549999,20.549999,20.549999,0.0,0.0
1.0,24.0,20.549999,20.549999,20.549999,20.549999,0.0,0.0
1.0,23.0,20.549999,20.549999,20.549999,20.549999,0.0,0.0
1.0,22.0,20.549999,20.549999,20.549999,20.549999,0.0,0.0
1.0,18.0,20.549999,20.549999,20.549999,20.549999,0.0,0.0
1.0,17.0,20.549999,20.549999,20.549999,20.549999,0.0,0.0
1.0,16.0,20.549999,20.549999,20.549999,20.549999,0.0,0.0
1.0,15.0,20.549999,20.549999,20.549999,20.549999,0.0,0.0
1.0,14.0,20.549999,20.549999,20.549999,20.549999,0.0,0.0
1.0,11.0,20.549999,20.549999,20.549999,20.549999,0.0,0.0
1.0,10.0,20.549999,20.549999,20.549999,20.549999,0.0,0.0
1.0,9.0,20.549999,20.549999,20.549999,20.549999,0.0,0.0
1.0,8.0,20.549999,20.549999,20.549999,20.549999,0.0,0.0
1.0,7.0,20.549999,20.549999,20.549999,20.549999,0.0,0.0
1.0,4.0,20.549999,20.549999,20.549999,20.549999,0.0,0.0
1.0,3.0,20.549999,20.549999,20.549999,20.549999,0.0,0.0
1.0,2.0,20.549999,20.549999,20.549999,20.549999,0.0,0.0
12.0,31.0,20.549999,20.549999,20.549999,20.549999,0.0,0.0
12.0,28.0,20.549999,20.549999,20.549999,20.549999,0.0,0.0
12.0,27.0,20.549999,20.549999,20.549999,20.549999,0.0,0.0
12.0,26.0,20.549999,20.549999,20.549999,20.549999,0.0,0.0
12.0,24.0,20.549999,20.549999,20.549999,20.549999,0.0,0.0
12.0,21.0,20.549999,20.549999,20.549999,20.549999,0.0,0.0
12.0,20.0,20.549999,20.549999,20.549999,20.549999,0.0,0.0
12.0,19.0,20.549999,20.549999,20.549999,20.549999,0.0,0.0
12.0,18.0,20.549999,20.549999,20.549999,20.549999,0.0,0.0
12.0,17.0,20.549999,20.549999,20.549999,20.549999,0.0,0.0
12.0,14.0,20.549999,20.549999,20.549999,20.549999,0.0,0.0
12.0,13.0,20.549999,20.549999,20.549999,20.549999,0.0,0.0
12.0,12.0,20.549999,20.549999,20.549999,20.549999,0.0,0.0
12.0,11.0,20.549999,20.549999,20.549999,20.549999,0.0,0.0
12.0,10.0,20.549999,20.549999,20.549999,20.549999,0.0,0.0
12.0,7.0,20.549999,20.549999,20.549999,20.549999,0.0,0.0
12.0,6.0,20.549999,20.549999,20.549999,20.549999,0.0,0.0
12.0,5.0,20.549999,20.549999,20.549999,20.549999,0.0,0.0
12.0,4.0,20.549999,20.549999,20.549999,20.549999,0.0,0.0
12.0,3.0,20.549999,20.549999,20.549999,20.549999,0.0,0.0
11.0,30.0,20.549999,20.549999,20.549999,20.549999,1500.0,0.0
11.0,29.0,22.9,22.9,22.9,22.9,0.0,0.0
11.0,28.0,22.9,22.9,22.9,22.9,0.0,0.0
11.0,27.0,22.9,22.9,22.9,22.9,0.0,0.0
11.0,26.0,22.9,22.9,22.9,22.9,0.0,0.0
11.0,23.0,22.9,22.9,22.9,22.9,0.0,0.0
11.0,21.0,22.9,22.9,22.9,22.9,0.0,0.0
11.0,20.0,22.9,22.9,22.9,22.9,0.0,0.0
11.0,19.0,22.9,22.9,22.9,22.9,0.0,0.0
11.0,16.0,22.9,22.9,22.9,22.9,0.0,0.0
11.0,15.0,22.9,22.9,22.9,22.9,0.0,0.0
11.0,14.0,22.9,22.9,22.9,22.9,0.0,0.0
11.0,13.0,22.9,22.9,22.9,22.9,0.0,0.0
11.0,12.0,22.9,22.9,22.9,22.9,0.0,0.0
11.0,9.0,22.9,22.9,22.9,22.9,0.0,0.0
11.0,8.0,22.9,22.9,22.9,22.9,0.0,0.0
11.0,7.0,22.9,22.9,22.9,22.9,0.0,0.0
11.0,6.0,22.9,22.9,22.9,22.9,0.0,0.0
11.0,5.0,22.9,22.9,22.9,22.9,0.0,0.0
11.0,2.0,22.9,22.9,22.9,22.9,0.0,0.0
11.0,1.0,22.9,22.9,22.9,22.9,0.0,0.0
10.0,31.0,22.9,22.9,22.9,22.9,0.0,0.0
10.0,26.0,22.9,22.9,22.9,22.9,0.0,0.0
10.0,25.0,22.9,22.9,22.9,22.9,0.0,0.0
10.0,24.0,22.9,22.9,22.9,22.9,0.0,0.0
10.0,23.0,22.9,22.9,22.9,22.9,0.0,0.0
10.0,22.0,22.9,22.9,22.9,22.9,0.0,0.0
10.0,19.0,22.9,22.9,22.9,22.9,0.0,0.0
10.0,18.0,22.9,22.9,22.9,22.9,0.0,0.0
10.0,17.0,22.9,22.9,22.9,22.9,0.0,0.0
10.0,16.0,22.9,22.9,22.9,22.9,0.0,0.0
10.0,15.0,22.9,22.9,22.9,22.9,0.0,0.0
10.0,12.0,22.9,22.9,22.9,22.9,0.0,0.0
10.0,11.0,22.9,22.9,22.9,22.9,0.0,0.0
10.0,10.0,22.9,22.9,22.9,22.9,0.0,0.0
10.0,9.0,22.9,22.9,22.9,22.9,0.0,0.0
10.0,8.0,22.9,22.9,22.9,22.9,0.0,0.0
10.0,5.0,22.9,22.9,22.9,22.9,0.0,0.0
10.0,4.0,22.9,22.9,22.9,22.9,0.0,0.0
10.0,3.0,22.9,22.9,22.9,22.9,0.0,0.0
10.0,2.0,22.9,22.9,22.9,22.9,0.0,0.0
10.0,1.0,22.9,22.9,22.9,22.9,0.0,0.0
9.0,28.0,22.9,22.9,22.9,22.9,0.0,0.0
9.0,27.0,22.9,22.9,22.9,22.9,0.0,0.0
9.0,26.0,22.9,22.9,22.9,22.9,0.0,0.0
9.0,25.0,22.9,22.9,22.9,22.9,0.0,0.0
9.0,24.0,22.9,22.9,22.9,22.9,0.0,0.0
9.0,21.0,22.9,22.9,22.9,22.9,0.0,0.0
9.0,20.0,22.9,22.9,22.9,22.9,0.0,0.0
9.0,19.0,22.9,22.9,22.9,22.9,400.0,0.0
9.0,18.0,20.4,20.4,20.4,20.4,0.0,0.0
9.0,17.0,20.4,20.4,20.4,20.4,0.0,0.0
9.0,14.0,20.4,20.4,20.4,20.4,0.0,0.0
9.0,13.0,20.4,20.4,20.4,20.4,0.0,0.0
9.0,12.0,20.4,20.4,20.4,20.4,0.0,0.0
9.0,11.0,20.4,20.4,20.4,20.4,0.0,0.0
9.0,10.0,20.4,20.4,20.4,20.4,0.0,0.0
9.0,7.0,20.4,20.4,20.4,20.4,0.0,0.0
9.0,6.0,20.4,20.4,20.4,20.4,0.0,0.0
9.0,5.0,20.4,20.4,20.4,20.4,0.0,0.0
9.0,4.0,20.5,20.5,20.34,20.4,1400.0,-0.10000000000000142
8.0,31.0,20.15,20.15,20.15,20.15,0.0,0.0
8.0,30.0,20.15,20.15,20.15,20.15,0.0,0.0
8.0,29.0,20.15,20.15,20.15,20.15,0.0,0.0
8.0,28.0,20.15,20.15,20.15,20.15,0.0,0.0
8.0,27.0,20.15,20.15,20.15,20.15,0.0,0.0
8.0,24.0,20.15,20.15,20.15,20.15,0.0,0.0
8.0,23.0,20.15,20.15,20.15,20.15,0.0,0.0
8.0,22.0,20.15,20.15,20.15,20.15,0.0,0.0
8.0,21.0,20.15,20.15,20.15,20.15,0.0,0.0
8.0,20.0,20.15,20.15,20.15,20.15,0.0,0.0
8.0,17.0,20.15,20.15,20.15,20.15,0.0,0.0
8.0,16.0,20.15,20.15,20.15,20.15,0.0,0.0
8.0,15.0,20.15,20.15,20.15,20.15,0.0,0.0
8.0,14.0,20.15,20.15,20.15,20.15,0.0,0.0
8.0,13.0,20.15,20.15,20.15,20.15,0.0,0.0
8.0,10.0,20.15,20.15,20.15,20.15,0.0,0.0
8.0,9.0,20.15,20.15,20.15,20.15,0.0,0.0
8.0,8.0,20.15,20.15,20.15,20.15,0.0,0.0
8.0,7.0,20.15,20.15,20.15,20.15,2500.0,0.0
8.0,6.0,20.576,20.576,20.576,20.576,400.0,0.0
8.0,3.0,19.75,19.75,19.75,19.75,0.0,0.0
