9.0,25.0,23.23,23.23,22.290001,22.48,2212100.0,-0.75
9.0,24.0,22.98,23.059999,22.639999,22.950001,1761600.0,-0.02999900000000011
9.0,23.0,23.25,23.35,23.059999,23.18,1724200.0,-0.07000000000000028
9.0,22.0,23.360001,23.370001,22.976999,23.200001,1842900.0,-0.16000000000000014
9.0,21.0,23.93,24.07,23.41,23.59,1558100.0,-0.33999999999999986
9.0,18.0,23.75,24.1,23.75,23.85,1979500.0,0.10000000000000142
9.0,17.0,24.040001,24.48,23.959999,24.190001,2867400.0,0.14999999999999858
9.0,16.0,23.92,24.02,23.74,24.0,2157800.0,0.0799999999999983
9.0,15.0,23.65,23.91,23.52,23.870001,2148000.0,0.2200009999999999
9.0,14.0,23.639999,23.65,23.450001,23.58,1441600.0,-0.059999000000001246
9.0,11.0,23.370001,23.639999,23.280001,23.639999,1905100.0,0.26999800000000107
9.0,10.0,23.17,23.565001,23.16,23.41,1949200.0,0.23999999999999844
9.0,9.0,23.780001,23.790001,23.200001,23.24,2711300.0,-0.5400010000000002
9.0,8.0,23.280001,23.540001,23.15,23.51,1758500.0,0.22999900000000295
9.0,4.0,22.85,23.07,22.76,22.93,2755800.0,0.0799999999999983
9.0,3.0,23.219999,23.469999,23.01,23.09,2136300.0,-0.12999900000000153
9.0,2.0,22.959999,23.200001,22.77,23.200001,2421800.0,0.2400020000000005
9.0,1.0,22.82,23.1,22.555,22.690001,4376100.0,-0.12999900000000153
8.0,31.0,23.52,23.75,23.290001,23.35,2129100.0,-0.16999999999999815
8.0,28.0,23.530001,23.709999,23.48,23.709999,2634900.0,0.1799980000000012
8.0,27.0,23.34,23.648001,23.143,23.6,6345700.0,0.26000000000000156
8.0,26.0,22.620001,23.076,22.18,23.040001,4655800.0,0.4200000000000017
8.0,25.0,23.049999,23.209999,22.23,22.26,4564700.0,-0.7899989999999981
8.0,24.0,21.15,22.99,11.7,22.16,1.12823E7,1.0100000000000016
8.0,21.0,23.709999,23.799999,23.190001,23.200001,5688300.0,-0.5099979999999995
8.0,20.0,24.440001,24.5,23.809999,23.83,2300500.0,-0.6100010000000005
8.0,19.0,24.76,24.780001,24.43,24.610001,1923900.0,-0.1499990000000011
8.0,18.0,24.99,24.99,24.77,24.809999,1466600.0,-0.1800009999999972
8.0,17.0,24.52,24.959999,24.495001,24.959999,1408600.0,0.43999900000000025
8.0,14.0,24.610001,24.690001,24.450001,24.66,1204400.0,0.04999899999999968
8.0,13.0,24.690001,24.84,24.58,24.66,1946400.0,-0.030000999999998612
8.0,12.0,24.530001,24.700001,24.09,24.65,1949800.0,0.11999899999999997
8.0,11.0,24.709999,24.799999,24.5,24.65,1691100.0,-0.059999000000001246
8.0,10.0,24.84,24.950001,24.73,24.83,2351400.0,-0.010000000000001563
8.0,7.0,24.84,24.886,24.360001,24.629999,1470200.0,-0.21000099999999833
8.0,6.0,25.42,25.469999,24.67,24.790001,2546000.0,-0.6299990000000015
8.0,5.0,25.35,25.5,25.290001,25.35,2013500.0,0.0
8.0,4.0,25.17,25.299999,25.1,25.18,1463700.0,0.00999999999999801
8.0,3.0,25.25,25.32,24.959999,25.120001,1705800.0,-0.12999900000000153
7.0,31.0,25.0,25.33,25.0,25.209999,1593100.0,0.20999899999999982
7.0,30.0,24.9,25.1,24.719999,25.09,1275500.0,0.19000000000000128
7.0,29.0,25.059999,25.1,24.830999,25.02,2835300.0,-0.03999900000000167
7.0,28.0,24.6,25.030001,24.58,25.02,3117000.0,0.41999999999999815
7.0,27.0,24.83,24.84,24.52,24.65,2235900.0,-0.17999999999999972
7.0,24.0,25.25,25.309999,24.844,24.879999,1725000.0,-0.37000099999999847
7.0,23.0,25.42,25.493999,25.200001,25.27,1707900.0,-0.15000000000000213
7.0,22.0,25.290001,25.43,25.209999,25.389999,1804100.0,0.09999799999999937
7.0,21.0,25.549999,25.57,25.219999,25.360001,1898700.0,-0.18999799999999922
7.0,20.0,25.559999,25.59,25.408001,25.51,1878400.0,-0.04999899999999968
7.0,17.0,25.450001,25.540001,25.35,25.51,2022800.0,0.059999000000001246
7.0,16.0,25.309999,25.4,25.190001,25.4,2618400.0,0.09000099999999733
7.0,15.0,25.27,25.290001,25.030001,25.1,1876200.0,-0.16999999999999815
7.0,14.0,25.110001,25.17,24.860001,25.15,2255600.0,0.03999899999999812
7.0,13.0,24.85,25.200001,24.715,25.200001,1656100.0,0.3500009999999989
7.0,10.0,24.530001,24.57,24.379999,24.549999,1777000.0,0.01999800000000107
7.0,9.0,24.18,24.4,24.16,24.219999,2883500.0,0.03999900000000167
7.0,8.0,24.43,24.43,24.0,24.040001,1763000.0,-0.38999899999999954
7.0,7.0,24.540001,24.540001,24.049999,24.540001,2749000.0,0.0
7.0,6.0,24.32,24.59,24.200001,24.43,1276300.0,0.10999999999999943
7.0,2.0,24.629999,24.65,24.35,24.450001,1518600.0,-0.1799980000000012
7.0,1.0,24.780001,24.790001,24.41,24.540001,3372800.0,-0.23999999999999844
6.0,30.0,24.559999,24.559999,24.280001,24.450001,1906000.0,-0.10999800000000093
6.0,29.0,24.790001,24.85,24.18,24.209999,2074300.0,-0.5800020000000004
6.0,26.0,25.1,25.1,24.690001,24.809999,1073500.0,-0.2900010000000002
6.0,25.0,25.139999,25.139999,24.799999,24.91,1257000.0,-0.2299989999999994
6.0,24.0,25.24,25.24,24.85,24.889999,1459200.0,-0.3500009999999989
6.0,23.0,25.27,25.27,25.018999,25.15,1356400.0,-0.120000000000001
6.0,22.0,25.190001,25.190001,24.986,25.1,1522500.0,-0.09000099999999733
6.0,19.0,24.85,24.889999,24.76,24.860001,1240000.0,0.010000999999999038
6.0,18.0,24.49,24.879999,24.48,24.799999,1681000.0,0.30999900000000125
6.0,17.0,24.4,24.469999,24.280001,24.43,1443300.0,0.030000000000001137
6.0,16.0,24.139999,24.360001,24.139999,24.33,1005900.0,0.19000099999999875
6.0,15.0,24.110001,24.190001,23.940001,24.15,1042400.0,0.03999899999999812
6.0,12.0,24.389999,24.41,24.219999,24.26,1353300.0,-0.12999899999999798
6.0,11.0,24.459999,24.49,24.370001,24.459999,1645900.0,0.0
6.0,10.0,24.190001,24.379999,24.08,24.360001,1297400.0,0.1700000000000017
6.0,9.0,24.190001,24.225,23.882,24.08,1424100.0,-0.11000100000000046
6.0,8.0,24.32,24.370001,24.139999,24.18,1064200.0,-0.14000000000000057
6.0,5.0,24.280001,24.370001,24.08,24.34,1134800.0,0.059999000000001246
6.0,4.0,24.43,24.5,24.200001,24.299999,1435500.0,-0.13000100000000003
6.0,3.0,24.5,24.549999,24.389999,24.530001,2239700.0,0.030000999999998612
6.0,2.0,24.42,24.528999,24.27,24.42,905000.0,0.0
6.0,1.0,24.690001,24.690001,24.27,24.459999,2161800.0,-0.23000199999999893
5.0,29.0,24.58,24.59,24.4,24.459999,1397100.0,-0.12000099999999847
5.0,28.0,24.6,24.629999,24.440001,24.549999,1115500.0,-0.05000100000000174
5.0,27.0,24.43,24.620001,24.35,24.620001,1098300.0,0.19000099999999875
5.0,26.0,24.440001,24.51,24.299999,24.370001,1493700.0,-0.07000000000000028
5.0,22.0,24.5,24.610001,24.469999,24.57,1012300.0,0.07000000000000028
5.0,21.0,24.49,24.58,24.469999,24.549999,1061700.0,0.059999000000001246
5.0,20.0,24.389999,24.59,24.27,24.5,1252800.0,0.11000100000000046
5.0,19.0,24.389999,24.450001,24.333,24.370001,1233500.0,-0.01999800000000107
5.0,18.0,24.17,24.42,24.139999,24.4,1330500.0,0.22999999999999687
5.0,15.0,24.18,24.200001,24.08,24.190001,1080200.0,0.010000999999999038
5.0,14.0,24.049999,24.139999,23.82,24.139999,1427100.0,0.08999999999999986
5.0,13.0,24.0,24.059999,23.84,23.9,1329300.0,-0.10000000000000142
5.0,12.0,23.9,23.969999,23.690001,23.91,1622100.0,0.010000000000001563
5.0,11.0,23.93,24.1,23.92,23.98,1142200.0,0.05000000000000071
5.0,8.0,23.809999,24.049999,23.809999,23.969999,989100.0,0.16000000000000014
5.0,7.0,23.530001,23.719999,23.41,23.67,1520300.0,0.1399990000000031
5.0,6.0,23.549999,23.610001,23.35,23.51,1191400.0,-0.03999899999999812
5.0,5.0,23.790001,23.848,23.450001,23.51,1574400.0,-0.2800009999999986
5.0,4.0,23.65,23.99,23.65,23.82,1445800.0,0.1700000000000017
5.0,1.0,23.42,23.719999,23.4,23.719999,1234200.0,0.2999989999999997
4.0,30.0,23.73,23.76,23.209999,23.35,2160800.0,-0.379999999999999
4.0,29.0,23.780001,23.934,23.57,23.77,1120100.0,-0.010000999999999038
4.0,28.0,24.07,24.110001,23.65,23.889999,1959500.0,-0.18000100000000074
4.0,27.0,24.610001,24.610001,24.049999,24.08,1973400.0,-0.5300010000000022
4.0,24.0,24.57,24.6,24.5,24.51,1355300.0,-0.05999999999999872
4.0,23.0,24.370001,24.549999,24.309999,24.49,1355900.0,0.11999899999999997
4.0,22.0,24.49,24.49,24.209,24.379999,1504300.0,-0.1100009999999969
4.0,21.0,24.43,24.43,24.288,24.360001,1916800.0,-0.06999899999999926
4.0,20.0,24.16,24.26,24.129999,24.25,1367900.0,0.08999999999999986
4.0,17.0,24.360001,24.360001,23.959999,24.110001,1750300.0,-0.25
4.0,16.0,24.35,24.469999,24.32,24.440001,1633400.0,0.09000099999999733
4.0,15.0,24.48,24.48,24.309999,24.360001,1483900.0,-0.11999899999999997
4.0,14.0,24.42,24.43,24.139999,24.33,1442400.0,-0.09000000000000341
4.0,13.0,24.43,24.559999,24.370001,24.379999,1479200.0,-0.050000999999998186
4.0,10.0,24.34,24.41,24.23,24.389999,1527400.0,0.04999899999999968
4.0,9.0,24.27,24.309999,24.030001,24.25,1653700.0,-0.019999999999999574
4.0,8.0,24.1,24.24,24.0,24.209999,1937100.0,0.1099989999999984
4.0,7.0,23.959999,24.200001,23.92,23.940001,2446700.0,-0.01999800000000107
4.0,6.0,23.860001,24.07,23.75,23.969999,1539900.0,0.10999800000000093
4.0,2.0,23.9,23.959999,23.766001,23.889999,2080000.0,-0.010000999999999038
4.0,1.0,24.049999,24.049999,23.59,23.84,2677900.0,-0.20999899999999982
3.0,31.0,24.209999,24.26,23.993,24.01,2460900.0,-0.19999899999999826
3.0,30.0,24.25,24.299999,24.129999,24.290001,2809500.0,0.040001000000000175
3.0,27.0,23.75,24.059999,23.75,24.030001,1556600.0,0.2800009999999986
3.0,26.0,23.51,23.879999,23.450001,23.709999,1790900.0,0.19999899999999826
3.0,25.0,24.440001,24.469,23.780001,23.799999,1810600.0,-0.6400019999999991
3.0,24.0,24.540001,24.610001,24.379999,24.389999,1228200.0,-0.15000200000000063
3.0,23.0,24.639999,24.639999,24.450001,24.51,1837700.0,-0.12999899999999798
3.0,20.0,24.860001,24.860001,24.58,24.66,1789100.0,-0.20000100000000032
3.0,19.0,24.4,24.59,24.389999,24.58,1820000.0,0.17999999999999972
3.0,18.0,24.25,24.5,24.049999,24.41,1590800.0,0.16000000000000014
3.0,17.0,24.16,24.290001,24.08,24.26,1862000.0,0.10000000000000142
3.0,16.0,24.02,24.25,24.0,24.25,1436400.0,0.23000000000000043
3.0,13.0,23.99,24.049999,23.73,23.889999,1495100.0,-0.1000009999999989
3.0,12.0,23.780001,23.950001,23.73,23.950001,2282000.0,0.1700000000000017
3.0,11.0,23.68,23.690001,23.518999,23.639999,1691200.0,-0.040001000000000175
3.0,10.0,23.68,23.719999,23.48,23.6,1265100.0,-0.0799999999999983
3.0,9.0,23.860001,23.860001,23.662001,23.809999,1043900.0,-0.050001999999999214
3.0,6.0,24.030001,24.030001,23.709999,23.77,1541600.0,-0.26000099999999904
3.0,5.0,23.950001,24.139999,23.950001,24.08,1455500.0,0.12999899999999798
3.0,4.0,23.799999,23.889999,23.639999,23.860001,927200.0,0.06000200000000078
3.0,3.0,23.93,23.93,23.639999,23.809999,1488700.0,-0.12000099999999847
3.0,2.0,23.74,23.91,23.732,23.91,2148300.0,0.1700000000000017
2.0,27.0,23.84,23.85,23.673,23.709999,1344900.0,-0.13000100000000003
2.0,26.0,23.780001,23.809999,23.65,23.799999,1130100.0,0.01999800000000107
2.0,25.0,23.610001,23.83,23.5,23.75,1564500.0,0.13999899999999954
2.0,24.0,23.68,23.68,23.459999,23.57,1394900.0,-0.10999999999999943
2.0,23.0,23.629999,23.75,23.586,23.65,1311900.0,0.02000099999999705
2.0,20.0,23.389999,23.6,23.309999,23.6,1494600.0,0.21000100000000188
2.0,19.0,23.280001,23.41,23.264999,23.379999,1662500.0,0.09999800000000292
2.0,18.0,23.15,23.290001,23.1,23.290001,1857100.0,0.1400010000000016
2.0,17.0,23.120001,23.190001,23.049999,23.15,1688000.0,0.02999900000000011
2.0,13.0,23.030001,23.1,22.865,23.1,1564500.0,0.06999900000000281
2.0,12.0,22.77,22.93,22.709999,22.93,1958900.0,0.16000000000000014
2.0,11.0,22.65,22.761,22.540001,22.68,1721400.0,0.030000000000001137
2.0,10.0,22.52,22.67,22.43,22.639999,2073100.0,0.11999899999999997
2.0,9.0,22.450001,22.51,22.309999,22.360001,896600.0,-0.08999999999999986
2.0,6.0,22.690001,22.75,22.434999,22.52,1229800.0,-0.17000099999999918
2.0,5.0,22.530001,22.639,22.424,22.629999,1115200.0,0.09999800000000292
2.0,4.0,22.379999,22.459999,22.17,22.360001,1462700.0,-0.01999800000000107
2.0,3.0,22.379999,22.459999,22.129999,22.459999,910500.0,0.0799999999999983
2.0,2.0,22.379999,22.379999,21.91,22.32,982100.0,-0.059999000000001246
1.0,30.0,22.42,22.639,22.25,22.27,1894000.0,-0.15000000000000213
1.0,29.0,22.4,22.52,22.120001,22.51,1227200.0,0.11000000000000298
1.0,28.0,22.85,22.85,22.285,22.33,1718600.0,-0.5200000000000031
1.0,27.0,22.77,22.809999,22.48,22.66,1692500.0,-0.10999999999999943
1.0,26.0,22.639999,22.82,22.549999,22.82,1461400.0,0.18000100000000074
1.0,23.0,22.620001,22.67,22.51,22.610001,1440400.0,-0.00999999999999801
1.0,22.0,22.4,22.59,22.079,22.59,2104800.0,0.19000000000000128
1.0,21.0,22.200001,22.41,22.120001,22.27,1458200.0,0.06999899999999926
1.0,20.0,22.280001,22.280001,21.93,22.209999,1204800.0,-0.07000199999999879
1.0,16.0,21.809999,22.120001,21.74,22.120001,2157700.0,0.3100019999999972
1.0,15.0,22.200001,22.209999,21.75,21.780001,1371800.0,-0.4200000000000017
1.0,14.0,21.940001,22.110001,21.9,22.09,1292700.0,0.1499990000000011
1.0,13.0,22.299999,22.49,21.931,22.139999,1297600.0,-0.16000000000000014
1.0,12.0,22.33,22.33,22.045,22.120001,1461300.0,-0.20999899999999982
1.0,9.0,22.41,22.41,22.07,22.17,1709900.0,-0.23999999999999844
1.0,8.0,22.24,22.32,22.146,22.32,2240300.0,0.08000000000000185
1.0,7.0,21.799999,21.99,21.709999,21.99,1753900.0,0.19000099999999875
1.0,6.0,21.98,21.98,21.370001,21.549999,1072500.0,-0.43000100000000074
1.0,5.0,21.92,21.92,21.695,21.780001,1146600.0,-0.1399990000000031
1.0,2.0,22.17,22.219999,21.83,21.98,892100.0,-0.19000000000000128
12.0,31.0,22.25,22.34,22.0,22.030001,912000.0,-0.2199990000000014
12.0,30.0,22.370001,22.370001,22.129999,22.17,653000.0,-0.20000099999999676
12.0,29.0,22.34,22.34,22.24,22.32,588500.0,-0.019999999999999574
12.0,26.0,22.27,22.33,22.18,22.299999,431200.0,0.02999900000000011
12.0,24.0,21.99,22.190001,21.99,22.09,278600.0,0.10000000000000142
12.0,23.0,22.42,22.42,21.91,21.99,1556700.0,-0.43000000000000327
12.0,22.0,22.32,22.32,22.139999,22.280001,872400.0,-0.03999900000000167
12.0,19.0,22.1,22.34,22.1,22.27,1094400.0,0.16999999999999815
12.0,18.0,22.0,22.139999,21.82,22.139999,1710300.0,0.13999899999999954
12.0,17.0,21.43,21.65,21.17,21.620001,860600.0,0.19000099999999875
12.0,16.0,21.32,21.58,21.108999,21.120001,1068700.0,-0.19999900000000181
12.0,15.0,21.799999,21.799999,21.25,21.360001,735500.0,-0.4399979999999992
12.0,12.0,21.780001,21.9,21.617001,21.620001,758400.0,-0.16000000000000014
12.0,11.0,21.870001,22.09,21.834999,21.889999,904700.0,0.01999800000000107
12.0,10.0,22.18,22.18,21.73,21.75,728400.0,-0.4299999999999997
12.0,9.0,21.940001,22.110001,21.73,22.110001,759300.0,0.1700000000000017
12.0,8.0,22.139999,22.27,21.98,22.059999,748100.0,-0.0799999999999983
12.0,5.0,22.309999,22.309999,21.959999,22.049999,850700.0,-0.26000000000000156
12.0,4.0,22.07,22.07,21.882,21.959999,843400.0,-0.11000100000000046
12.0,3.0,22.129999,22.129999,21.83,22.0,843700.0,-0.12999900000000153
12.0,2.0,21.889999,21.969999,21.84,21.950001,763000.0,0.06000200000000078
12.0,1.0,21.76,22.030001,21.76,21.77,596500.0,0.00999999999999801
11.0,28.0,22.0,22.16,21.99,22.037001,375500.0,0.03700100000000006
11.0,26.0,21.879999,21.940001,21.77,21.940001,455500.0,0.060001999999997224
11.0,25.0,21.85,21.85,21.697001,21.799999,728300.0,-0.05000100000000174
11.0,24.0,21.76,21.780001,21.628,21.780001,1093000.0,0.02000099999999705
11.0,21.0,21.82,21.82,21.549999,21.58,905700.0,-0.240000000000002
11.0,20.0,21.51,21.59,21.393,21.530001,957500.0,0.02000099999999705
11.0,19.0,21.5,21.599001,21.458,21.530001,896400.0,0.030000999999998612
11.0,18.0,21.450001,21.59,21.42,21.57,1021600.0,0.11999899999999997
11.0,17.0,21.35,21.440001,21.309999,21.379999,757100.0,0.02999900000000011
11.0,14.0,21.469999,21.469999,21.25,21.32,537500.0,-0.1499990000000011
11.0,13.0,21.51,21.58,21.360001,21.43,827800.0,-0.08000000000000185
11.0,12.0,21.370001,21.469999,21.27,21.438999,608200.0,0.06899800000000056
11.0,11.0,21.42,21.440001,21.290001,21.389999,989200.0,-0.030001000000002165
11.0,10.0,21.27,21.34,21.16,21.329,1661400.0,0.05900000000000105
11.0,7.0,21.299999,21.299999,21.075001,21.17,679800.0,-0.12999899999999798
11.0,6.0,21.190001,21.34,21.125,21.34,760100.0,0.1499990000000011
11.0,5.0,21.290001,21.379999,21.049999,21.105,1066600.0,-0.18500099999999975
11.0,4.0,21.32,21.35,21.156,21.25,722700.0,-0.07000000000000028
11.0,3.0,21.459999,21.459999,21.290001,21.34,1053000.0,-0.11999899999999997
10.0,31.0,21.57,21.610001,21.23,21.290001,1377500.0,-0.2799990000000001
10.0,30.0,20.860001,21.129999,20.799999,21.08,998300.0,0.21999899999999784
10.0,29.0,21.030001,21.030001,20.754,20.879999,1066100.0,-0.15000199999999708
10.0,28.0,20.92,20.969999,20.780001,20.969999,1048700.0,0.04999899999999968
10.0,27.0,20.690001,20.76,20.549999,20.76,807700.0,0.06999900000000281
10.0,24.0,20.6,20.700001,20.5,20.700001,714300.0,0.1000009999999989
10.0,23.0,20.51,20.65,20.389999,20.540001,2653500.0,0.030000999999998612
10.0,22.0,20.459999,20.469999,20.219999,20.24,1337700.0,-0.2199990000000014
10.0,21.0,20.1,20.368999,20.040001,20.33,1058500.0,0.22999999999999687
10.0,20.0,19.690001,19.92,19.643999,19.92,604400.0,0.22999900000000295
10.0,17.0,19.68,19.75,19.530001,19.65,605500.0,-0.030000000000001137
10.0,16.0,19.15,19.549999,18.969999,19.41,862200.0,0.26000000000000156
10.0,15.0,19.290001,19.48,18.912001,19.41,1324100.0,0.11999899999999997
10.0,14.0,19.5,19.68,19.264999,19.43,788000.0,-0.07000000000000028
10.0,13.0,19.75,19.860001,19.4,19.42,734100.0,-0.3299999999999983
10.0,10.0,20.08,20.26,19.809999,19.82,538600.0,-0.259999999999998
10.0,9.0,20.440001,20.440001,20.013,20.040001,880200.0,-0.3999999999999986
10.0,8.0,20.110001,20.450001,19.923,20.440001,423100.0,0.3299999999999983
10.0,7.0,20.309999,20.309999,20.040001,20.049999,431900.0,-0.26000000000000156
10.0,6.0,20.620001,20.620001,20.299999,20.35,388300.0,-0.27000099999999705
10.0,3.0,20.200001,20.549999,20.200001,20.51,601000.0,0.30999900000000125
10.0,2.0,20.02,20.24,19.870001,20.190001,869700.0,0.17000099999999918
10.0,1.0,20.379999,20.41,20.045,20.120001,618300.0,-0.25999800000000306
9.0,30.0,20.620001,20.620001,20.370001,20.379999,483600.0,-0.24000199999999694
9.0,29.0,20.42,20.58,20.309999,20.530001,448900.0,0.1100009999999969
9.0,26.0,20.49,20.549999,20.379999,20.530001,326300.0,0.040001000000000175
9.0,25.0,20.73,20.73,20.370001,20.389999,717800.0,-0.3400010000000009
9.0,24.0,20.530001,20.75,20.440001,20.75,1125500.0,0.2199990000000014
9.0,23.0,20.549999,20.549999,20.42,20.43,299200.0,-0.11999899999999997
9.0,22.0,20.790001,20.790001,20.451,20.540001,255000.0,-0.25
9.0,19.0,20.99,20.99,20.698,20.780001,376600.0,-0.20999899999999982
9.0,18.0,20.870001,20.870001,20.719999,20.83,311800.0,-0.040001000000000175
9.0,17.0,20.799999,20.83,20.639999,20.73,264600.0,-0.06999899999999926
9.0,16.0,20.540001,20.75,20.41,20.74,401300.0,0.19999899999999826
9.0,15.0,20.83,20.83,20.41,20.52,168500.0,-0.3099999999999987
9.0,12.0,20.870001,20.881001,20.655001,20.719999,255200.0,-0.15000199999999708
9.0,11.0,20.84,20.85,20.719999,20.85,277700.0,0.010000000000001563
9.0,10.0,20.76,20.85,20.646,20.85,225300.0,0.08999999999999986
9.0,9.0,20.809999,20.844,20.643999,20.67,307100.0,-0.13999899999999954
9.0,8.0,20.790001,20.870001,20.736,20.870001,143900.0,0.0799999999999983
9.0,5.0,20.77,20.77,20.533001,20.76,359100.0,-0.00999999999999801
9.0,4.0,20.969999,20.969999,20.65,20.690001,280800.0,-0.27999800000000263
9.0,3.0,21.030001,21.030001,20.754999,20.780001,336800.0,-0.25
9.0,2.0,20.92,20.92,20.749001,20.84,491200.0,-0.08000000000000185
8.0,29.0,20.73,20.790001,20.6,20.76,166100.0,0.030000000000001137
8.0,28.0,20.639999,20.66,20.57,20.629999,290800.0,-0.00999999999999801
8.0,27.0,20.639999,20.709999,20.639999,20.68,140100.0,0.040001000000000175
8.0,26.0,20.74,20.74,20.608999,20.700001,596500.0,-0.03999899999999812
8.0,25.0,20.540001,20.65,20.540001,20.607,426100.0,0.06699899999999914
8.0,22.0,20.360001,20.4,20.24,20.360001,179600.0,0.0
8.0,21.0,20.42,20.42,20.26,20.309999,217100.0,-0.11000100000000046
8.0,20.0,20.379999,20.379999,20.238001,20.360001,680700.0,-0.01999800000000107
8.0,19.0,20.360001,20.360001,20.219999,20.299999,453300.0,-0.06000200000000078
8.0,18.0,20.23,20.24,20.110001,20.200001,415600.0,-0.02999900000000011
8.0,15.0,20.129999,20.129999,19.836,20.02,413000.0,-0.10999900000000196
8.0,14.0,19.82,20.01,19.82,19.997999,172900.0,0.1779989999999998
8.0,13.0,19.809999,19.85,19.620001,19.84,227000.0,0.030000999999998612
8.0,12.0,19.690001,19.690001,19.559,19.639999,161600.0,-0.050001999999999214
8.0,11.0,19.559999,19.75,19.559999,19.68,275600.0,0.12000099999999847
8.0,8.0,19.459999,19.549999,19.33,19.540001,207900.0,0.08000200000000035
8.0,7.0,19.639999,19.639999,19.299999,19.370001,191000.0,-0.26999800000000107
8.0,6.0,19.27,19.587999,19.221001,19.48,242300.0,0.21000000000000085
8.0,5.0,19.59,19.629999,19.360001,19.476,184600.0,-0.11400000000000077
8.0,4.0,19.450001,19.6,19.370001,19.57,114200.0,0.11999899999999997
8.0,1.0,19.48,19.530001,19.219999,19.4,355600.0,-0.08000000000000185
7.0,31.0,19.77,19.77,19.35,19.379999,313700.0,-0.39000099999999804
7.0,30.0,19.93,19.93,19.739,19.809999,168600.0,-0.12000099999999847
7.0,29.0,19.809999,19.841,19.709999,19.74,265400.0,-0.06999900000000281
7.0,28.0,19.860001,19.860001,19.59,19.690001,199200.0,-0.1700000000000017
7.0,25.0,19.889999,19.889999,19.690001,19.73,322600.0,-0.15999899999999911
7.0,24.0,19.962999,19.962999,19.85,19.896999,145900.0,-0.06599999999999895
7.0,23.0,19.85,19.895,19.799999,19.889999,536400.0,0.03999899999999812
7.0,22.0,19.700001,19.774,19.610001,19.74,119700.0,0.03999899999999812
7.0,21.0,19.67,19.67,19.482,19.57,144800.0,-0.10000000000000142
7.0,18.0,19.450001,19.639999,19.4,19.629999,150300.0,0.1799980000000012
7.0,17.0,19.549999,19.620001,19.26,19.309999,180000.0,-0.23999999999999844
7.0,16.0,19.82,19.82,19.559999,19.59,254100.0,-0.23000000000000043
7.0,15.0,19.959999,19.959999,19.59,19.67,393400.0,-0.2899989999999981
7.0,14.0,19.940001,19.940001,19.83,19.874001,93600.0,-0.06599999999999895
7.0,11.0,19.620001,19.790001,19.620001,19.75,210200.0,0.12999900000000153
7.0,10.0,19.559999,19.77,19.4,19.639999,376700.0,0.0799999999999983
7.0,9.0,19.75,19.780001,19.58,19.719999,233700.0,-0.030000999999998612
7.0,8.0,20.02,20.02,19.530001,19.620001,202400.0,-0.3999990000000011
7.0,7.0,20.26,20.26,19.93,19.940001,362200.0,-0.3199990000000028
7.0,3.0,20.209999,20.209999,20.09,20.190001,137500.0,-0.01999800000000107
7.0,2.0,20.17,20.17,20.030001,20.08,168500.0,-0.09000000000000341
7.0,1.0,19.9,20.110001,19.879999,20.083,197200.0,0.18299999999999983
6.0,30.0,19.860001,19.860001,19.76,19.83,216300.0,-0.030001000000002165
6.0,27.0,19.76,19.799999,19.662001,19.799999,124700.0,0.03999899999999812
6.0,26.0,19.82,19.82,19.556,19.73,219200.0,-0.08999999999999986
6.0,25.0,19.610001,19.77,19.601,19.77,130100.0,0.15999899999999911
6.0,24.0,19.83,19.878,19.6,19.65,183000.0,-0.17999999999999972
6.0,23.0,19.639999,19.749001,19.639999,19.68,152400.0,0.040001000000000175
6.0,20.0,19.799999,19.799999,19.591999,19.700001,148100.0,-0.09999799999999937
6.0,19.0,19.75,19.75,19.530001,19.6,203300.0,-0.14999999999999858
6.0,18.0,19.559999,19.690001,19.41,19.690001,386400.0,0.1300019999999975
6.0,17.0,19.51,19.530001,19.389999,19.5,527200.0,-0.010000000000001563
6.0,16.0,19.450001,19.450001,19.288,19.42,143400.0,-0.030000999999998612
6.0,13.0,19.450001,19.450001,19.200001,19.360001,183800.0,-0.08999999999999986
6.0,12.0,19.49,19.49,19.209999,19.299999,173100.0,-0.19000099999999875
6.0,11.0,19.43,19.43,19.280001,19.34,1321000.0,-0.08999999999999986
6.0,10.0,19.440001,19.440001,19.285,19.41,766300.0,-0.030000999999998612
6.0,9.0,19.440001,19.49,19.332001,19.35,205600.0,-0.09000099999999733
6.0,6.0,19.389999,19.389999,19.280001,19.379999,655200.0,-0.00999999999999801
6.0,5.0,19.25,19.35,19.09,19.309999,429400.0,0.059999000000001246
6.0,4.0,18.93,19.17,18.927999,19.15,295600.0,0.21999999999999886
6.0,3.0,19.09,19.09,18.9,19.049999,286600.0,-0.040001000000000175
6.0,2.0,19.16,19.16,18.896,19.030001,269300.0,-0.12999900000000153
5.0,30.0,19.129999,19.129999,18.92,19.040001,599100.0,-0.08999800000000135
5.0,29.0,19.059999,19.08,18.950001,19.08,238200.0,0.02000099999999705
5.0,28.0,19.030001,19.059999,18.85,18.93,627100.0,-0.1000009999999989
5.0,27.0,18.92,18.99,18.849001,18.99,284300.0,0.06999999999999673
5.0,23.0,18.790001,18.790001,18.638,18.780001,112700.0,-0.010000000000001563
5.0,22.0,18.469999,18.74,18.469999,18.68,142200.0,0.21000099999999833
5.0,21.0,18.530001,18.540001,18.4,18.540001,229900.0,0.010000000000001563
5.0,20.0,18.65,18.65,18.32,18.42,184200.0,-0.22999999999999687
5.0,19.0,18.32,18.610001,18.32,18.610001,242600.0,0.2900010000000002
5.0,16.0,18.450001,18.450001,18.200001,18.35,258600.0,-0.1000009999999989
5.0,15.0,18.59,18.59,18.110001,18.33,181600.0,-0.26000000000000156
5.0,14.0,18.639999,18.649,18.459999,18.51,169900.0,-0.12999899999999798
5.0,13.0,18.780001,18.780001,18.598,18.6,192700.0,-0.1800009999999972
5.0,12.0,18.379999,18.65,18.360001,18.65,321100.0,0.27000099999999705
5.0,9.0,18.17,18.27,17.98,18.23,319300.0,0.05999999999999872
5.0,8.0,18.219999,18.4,17.99,18.07,158600.0,-0.1499990000000011
5.0,7.0,18.389999,18.389999,17.92,18.17,188300.0,-0.21999899999999784
5.0,6.0,18.99,18.99,18.219999,18.25,490600.0,-0.7399999999999984
5.0,5.0,18.35,18.51,18.18,18.51,303000.0,0.16000000000000014
5.0,2.0,18.52,18.549999,18.280001,18.370001,225500.0,-0.1499990000000011
5.0,1.0,18.209999,18.57,18.209999,18.414,142000.0,0.20400100000000165
4.0,30.0,18.24,18.309999,18.02,18.309999,242000.0,0.06999900000000281
4.0,29.0,18.17,18.23,17.99,18.209999,279100.0,0.03999899999999812
4.0,28.0,18.23,18.23,17.681,17.99,176100.0,-0.240000000000002
4.0,25.0,18.459999,18.459999,18.018,18.049999,217600.0,-0.41000000000000014
4.0,24.0,18.67,18.67,18.16,18.469999,245200.0,-0.20000100000000032
4.0,23.0,18.66,18.66,18.41,18.43,215400.0,-0.23000000000000043
4.0,22.0,18.52,18.67,18.4,18.610001,710600.0,0.09000100000000089
4.0,21.0,18.34,18.34,18.129999,18.34,218100.0,0.0
4.0,17.0,18.25,18.34,18.1,18.219999,239600.0,-0.030000999999998612
4.0,16.0,18.190001,18.23,18.0,18.23,377900.0,0.03999900000000167
4.0,15.0,17.98,18.01,17.389999,17.940001,829100.0,-0.03999900000000167
4.0,14.0,18.0,18.030001,17.610001,17.84,125000.0,-0.16000000000000014
4.0,11.0,17.950001,18.15,17.709999,17.747999,194600.0,-0.20200200000000024
4.0,10.0,18.780001,18.780001,17.969999,18.08,195400.0,-0.7000010000000003
4.0,9.0,18.450001,18.73,18.389999,18.73,540500.0,0.2799990000000001
4.0,8.0,18.32,18.370001,18.110001,18.33,193700.0,0.00999999999999801
4.0,7.0,18.450001,18.51,18.07,18.26,153800.0,-0.19000099999999875
4.0,4.0,19.139999,19.139999,18.370001,18.459999,248500.0,-0.6799999999999997
4.0,3.0,19.299999,19.299999,18.799999,18.93,212300.0,-0.36999899999999997
4.0,2.0,19.370001,19.370001,19.108999,19.209999,591800.0,-0.16000199999999865
4.0,1.0,19.02,19.200001,18.889999,19.16,223300.0,0.14000000000000057
3.0,31.0,18.799999,18.889999,18.684999,18.870001,546200.0,0.07000199999999879
3.0,28.0,18.77,18.85,18.5,18.59,243100.0,-0.17999999999999972
3.0,27.0,18.77,18.790001,18.42,18.68,208600.0,-0.08999999999999986
3.0,26.0,19.059999,19.059999,18.67,18.68,343200.0,-0.37999900000000153
3.0,25.0,19.139999,19.200001,18.76,18.92,658200.0,-0.21999899999999784
3.0,24.0,19.469999,19.469999,18.719999,18.950001,443300.0,-0.5199980000000011
3.0,21.0,19.780001,19.809999,19.290001,19.299999,1081200.0,-0.48000199999999893
3.0,20.0,19.719999,19.719999,19.530001,19.620001,234600.0,-0.09999800000000292
3.0,19.0,19.940001,19.940001,19.534,19.629999,319400.0,-0.3100019999999972
3.0,18.0,19.629999,19.780001,19.559,19.778,256500.0,0.14800099999999716
3.0,17.0,19.41,19.610001,19.41,19.469999,225100.0,0.059999000000001246
3.0,14.0,19.4,19.48,19.32,19.370001,684300.0,-0.02999900000000011
3.0,13.0,19.85,19.85,19.32,19.389999,417200.0,-0.4600010000000019
3.0,12.0,19.639999,19.74,19.49,19.690001,162000.0,0.050001999999999214
3.0,11.0,20.49,20.49,19.620001,19.67,306800.0,-0.8199999999999967
3.0,10.0,19.860001,19.860001,19.68,19.82,222000.0,-0.040001000000000175
3.0,7.0,20.09,20.09,19.700001,19.860001,499400.0,-0.2299989999999994
3.0,6.0,20.09,20.129999,19.864,19.864,926500.0,-0.2259999999999991
