9.0,25.0,29.790001,29.84,29.23,29.41,1.31391E7,-0.38000100000000003
9.0,24.0,29.41,29.51,28.77,29.440001,1.92807E7,0.030000999999998612
9.0,23.0,30.01,30.139999,29.59,29.719999,1.11406E7,-0.2900010000000002
9.0,22.0,29.42,30.059999,29.41,30.030001,1.66777E7,0.6100009999999969
9.0,21.0,30.67,30.959999,30.379999,30.620001,1.40597E7,-0.049999000000003235
9.0,18.0,30.98,31.120001,30.469999,30.51,3.0809E7,-0.46999999999999886
9.0,17.0,31.25,31.809999,31.129999,31.309999,1.63938E7,0.059999000000001246
9.0,16.0,31.08,31.57,30.92,31.200001,1.70264E7,0.12000100000000202
9.0,15.0,30.77,31.549999,30.77,30.99,2.21619E7,0.21999999999999886
9.0,14.0,30.110001,30.77,30.059999,30.719999,2.01262E7,0.6099980000000009
9.0,11.0,30.01,30.200001,29.58,30.15,1.52602E7,0.13999999999999702
9.0,10.0,29.190001,30.469999,29.190001,30.0,1.83504E7,0.8099990000000012
9.0,9.0,30.200001,30.4,29.52,29.620001,1.57478E7,-0.5800000000000018
9.0,8.0,29.5,29.940001,29.5,29.879999,1.92989E7,0.37999900000000153
9.0,4.0,28.780001,29.040001,28.57,28.879999,1.34353E7,0.09999800000000292
9.0,3.0,29.379999,29.709999,29.02,29.110001,1.15042E7,-0.26999800000000107
9.0,2.0,29.01,29.219999,28.620001,29.209999,1.07763E7,0.19999899999999826
9.0,1.0,29.18,29.370001,28.4,28.639999,1.66874E7,-0.5400010000000002
8.0,31.0,29.09,29.690001,29.02,29.440001,1.62839E7,0.3500009999999989
8.0,28.0,28.6,29.139999,28.530001,29.0,1.51673E7,0.3999999999999986
8.0,27.0,28.52,28.82,28.02,28.58,2.84989E7,0.05999999999999872
8.0,26.0,27.620001,28.200001,26.9,28.1,2.77173E7,0.47999900000000295
8.0,25.0,29.200001,29.200001,27.280001,27.280001,1.99662E7,-1.9200000000000017
8.0,24.0,27.299999,28.18,24.620001,27.799999,3.57404E7,0.5
8.0,21.0,30.459999,30.530001,29.57,29.6,2.75422E7,-0.8599989999999984
8.0,20.0,31.459999,31.459999,30.83,30.84,1.33525E7,-0.619999
8.0,19.0,31.610001,32.049999,31.370001,31.629999,1.39191E7,0.01999800000000107
8.0,18.0,31.41,31.77,31.34,31.709999,9279800.0,0.2999989999999997
8.0,17.0,31.469999,31.68,31.17,31.610001,1.20579E7,0.14000199999999907
8.0,14.0,31.139999,31.549999,31.059999,31.49,1.22224E7,0.3500009999999989
8.0,13.0,30.870001,31.25,30.809999,31.059999,2.04324E7,0.18999800000000278
8.0,12.0,30.43,31.0,29.790001,30.870001,2.30936E7,0.44000099999999875
8.0,11.0,31.290001,31.309999,30.59,30.83,2.43403E7,-0.4600010000000019
8.0,10.0,31.950001,32.25,31.860001,31.940001,1.16764E7,-0.010000000000001563
8.0,7.0,32.09,32.139999,31.6,31.74,1.296E7,-0.350000000000005
8.0,6.0,31.59,31.93,31.139999,31.860001,1.95679E7,0.2700010000000006
8.0,5.0,31.77,31.77,31.200001,31.6,1.44036E7,-0.16999999999999815
8.0,4.0,31.66,31.77,31.389999,31.52,1.51059E7,-0.14000000000000057
8.0,3.0,31.790001,31.889999,31.309999,31.68,1.48006E7,-0.11000100000000046
7.0,31.0,32.080002,32.130001,31.43,31.51,1.23993E7,-0.5700019999999988
7.0,30.0,31.889999,32.049999,31.75,31.91,1.01233E7,0.0200010000000006
7.0,29.0,31.48,32.060001,31.43,31.950001,2.06327E7,0.4700009999999999
7.0,28.0,31.49,31.639999,31.219999,31.32,2.31844E7,-0.16999999999999815
7.0,27.0,30.950001,31.32,30.6,31.049999,2.33361E7,0.09999799999999937
7.0,24.0,31.9,31.940001,30.82,31.059999,2.29676E7,-0.8400009999999973
7.0,23.0,32.66,32.700001,31.4,31.5,3.89676E7,-1.1599999999999966
7.0,22.0,30.33,30.52,29.889999,30.299999,2.08678E7,-0.030000999999998612
7.0,21.0,30.51,30.559999,30.32,30.389999,2.34721E7,-0.12000100000000202
7.0,20.0,30.85,30.85,30.42,30.5,1.56439E7,-0.3500000000000014
7.0,17.0,30.639999,30.799999,30.43,30.65,1.62302E7,0.010000999999999038
7.0,16.0,31.139999,31.200001,30.309999,30.610001,3.59207E7,-0.5299979999999991
7.0,15.0,31.85,31.9,31.299999,31.43,1.8022E7,-0.4200000000000017
7.0,14.0,31.59,31.99,31.43,31.77,1.08329E7,0.17999999999999972
7.0,13.0,31.870001,31.9,31.459999,31.68,1.63271E7,-0.19000099999999875
7.0,10.0,31.299999,31.42,30.99,31.4,1.22378E7,0.1000009999999989
7.0,9.0,31.620001,31.75,30.92,31.01,1.69342E7,-0.6100009999999969
7.0,8.0,32.389999,32.41,30.940001,31.190001,2.99714E7,-1.1999980000000043
7.0,7.0,32.619999,32.950001,32.009998,32.860001,1.85893E7,0.24000199999999694
7.0,6.0,32.849998,33.119999,32.610001,32.650002,1.04331E7,-0.19999599999999873
7.0,2.0,33.189999,33.450001,33.060001,33.23,8646400.0,0.04000099999999662
7.0,1.0,33.610001,33.610001,32.68,33.040001,1.61695E7,-0.5700000000000003
6.0,30.0,33.5,33.57,33.060001,33.330002,1.29118E7,-0.16999799999999965
6.0,29.0,34.119999,34.169998,33.200001,33.23,1.87177E7,-0.8899990000000031
6.0,26.0,34.700001,34.82,34.279999,34.380001,1.16328E7,-0.3200000000000003
6.0,25.0,35.209999,35.32,34.57,34.700001,1.45931E7,-0.5099980000000031
6.0,24.0,35.91,35.970001,35.110001,35.16,1.693E7,-0.75
6.0,23.0,36.369999,36.48,36.27,36.299999,7279900.0,-0.07000000000000028
6.0,22.0,36.290001,36.540001,36.130001,36.189999,1.3783E7,-0.10000199999999637
6.0,19.0,36.119999,36.330002,35.950001,36.110001,1.48313E7,-0.00999800000000306
6.0,18.0,35.869999,36.48,35.849998,36.200001,1.54909E7,0.33000200000000035
6.0,17.0,35.68,35.810001,35.279999,35.810001,1.02866E7,0.13000100000000003
6.0,16.0,35.360001,35.779999,35.169998,35.610001,6638600.0,0.25
6.0,15.0,35.349998,35.73,35.009998,35.459999,1.4016E7,0.11000100000000401
6.0,12.0,35.380001,35.900002,35.380001,35.709999,1.11702E7,0.32999800000000334
6.0,11.0,35.720001,36.009998,35.549999,35.549999,1.6819E7,-0.17000200000000376
6.0,10.0,35.450001,35.619999,35.290001,35.59,1.14022E7,0.1399990000000031
6.0,9.0,35.110001,35.32,35.0,35.259998,1.2901E7,0.14999700000000615
6.0,8.0,34.860001,35.119999,34.799999,34.990002,1.56361E7,0.13000100000000003
6.0,5.0,35.5,35.549999,34.959999,35.119999,2.46292E7,-0.38000100000000003
6.0,4.0,35.66,35.869999,35.470001,35.540001,1.05385E7,-0.11999899999999997
6.0,3.0,36.369999,36.419998,35.869999,35.939999,1.28171E7,-0.4299999999999997
6.0,2.0,36.09,36.5,35.970001,36.220001,1.69483E7,0.13000100000000003
6.0,1.0,36.060001,36.34,35.650002,36.18,1.20125E7,0.11999899999999997
5.0,29.0,36.490002,36.580002,35.849998,35.970001,1.58063E7,-0.5200009999999935
5.0,28.0,36.110001,36.48,35.970001,36.389999,1.80639E7,0.2799980000000062
5.0,27.0,35.52,35.810001,35.43,35.810001,1.00583E7,0.2900009999999966
5.0,26.0,35.450001,35.599998,35.43,35.52,1.25663E7,0.06999900000000281
5.0,22.0,35.52,35.740002,35.419998,35.700001,9648200.0,0.1800009999999972
5.0,21.0,35.0,35.66,35.0,35.580002,1.6016E7,0.5800020000000004
5.0,20.0,35.240002,35.299999,34.66,35.02,1.29256E7,-0.2200019999999938
5.0,19.0,35.169998,35.240002,34.959999,35.119999,9856700.0,-0.04999899999999968
5.0,18.0,34.970001,35.209999,34.849998,35.049999,1.02857E7,0.07999799999999624
5.0,15.0,34.700001,34.98,34.700001,34.91,9778800.0,0.20999899999999627
5.0,14.0,35.0,35.040001,34.529999,34.650002,1.26453E7,-0.34999799999999937
5.0,13.0,34.779999,34.970001,34.709999,34.799999,9196900.0,0.020000000000003126
5.0,12.0,34.959999,34.959999,34.509998,34.740002,1.40493E7,-0.21999700000000644
5.0,11.0,35.299999,35.59,35.169998,35.220001,8833100.0,-0.07999799999999624
5.0,8.0,35.049999,35.459999,35.029999,35.32,1.2787E7,0.2700010000000006
5.0,7.0,34.639999,35.029999,34.549999,34.880001,1.40337E7,0.24000199999999694
5.0,6.0,35.139999,35.23,34.549999,34.77,1.30762E7,-0.36999899999999997
5.0,5.0,35.400002,35.52,34.990002,35.009998,1.10681E7,-0.3900039999999976
5.0,4.0,35.5,35.720001,35.400002,35.400002,1.20201E7,-0.09999799999999937
5.0,1.0,35.169998,35.470001,34.810001,35.419998,1.53074E7,0.25
4.0,30.0,35.259998,35.43,34.93,35.060001,1.57845E7,-0.1999970000000033
4.0,29.0,35.5,35.700001,35.240002,35.509998,1.19073E7,0.00999800000000306
4.0,28.0,35.75,35.959999,35.169998,35.720001,1.48575E7,-0.029998999999996556
4.0,27.0,35.650002,35.950001,35.560001,35.779999,1.54974E7,0.12999699999999592
4.0,24.0,35.720001,35.810001,35.439999,35.59,2.12525E7,-0.13000100000000003
4.0,23.0,36.25,36.299999,35.580002,35.919998,4.18204E7,-0.33000200000000035
4.0,22.0,37.130001,37.220001,36.669998,37.16,1.60251E7,0.029998999999996556
4.0,21.0,37.330002,37.450001,36.830002,37.16,1.71305E7,-0.17000200000000376
4.0,20.0,36.950001,37.169998,36.75,37.110001,1.38798E7,0.1599999999999966
4.0,17.0,36.830002,36.849998,36.5,36.639999,1.43752E7,-0.19000299999999726
4.0,16.0,37.130001,37.18,36.740002,37.080002,1.22258E7,-0.04999899999999968
4.0,15.0,36.82,37.080002,36.650002,36.939999,1.37349E7,0.11999899999999997
4.0,14.0,36.459999,36.82,36.439999,36.48,1.29897E7,0.020000999999993496
4.0,13.0,36.630001,36.860001,36.389999,36.400002,1.35307E7,-0.2299989999999994
4.0,10.0,36.740002,36.779999,36.369999,36.57,1.67689E7,-0.17000199999999666
4.0,9.0,36.099998,36.389999,36.029999,36.290001,1.54753E7,0.19000299999999726
4.0,8.0,35.889999,36.189999,35.75,36.110001,2.74603E7,0.2200019999999938
4.0,7.0,35.990002,36.09,35.639999,35.73,5.6224E7,-0.26000200000000007
4.0,6.0,36.259998,36.970001,36.209999,36.66,1.3179E7,0.40000199999999353
4.0,2.0,36.610001,36.73,36.330002,36.5,1.65177E7,-0.1100009999999969
4.0,1.0,37.27,37.369999,36.560001,36.740002,1.66312E7,-0.5299980000000062
3.0,31.0,37.68,38.040001,37.470001,37.5,1.26334E7,-0.17999999999999972
3.0,30.0,37.580002,37.869999,37.529999,37.68,9980300.0,0.09999799999999937
3.0,27.0,37.34,37.48,37.080002,37.310001,9237600.0,-0.02999900000000366
3.0,26.0,37.700001,37.91,37.150002,37.349998,1.38145E7,-0.35000300000000095
3.0,25.0,37.880001,37.91,37.369999,37.380001,1.02098E7,-0.5
3.0,24.0,38.52,38.52,37.75,37.849998,1.58559E7,-0.6700020000000038
3.0,23.0,38.810001,38.990002,38.59,38.59,1.16569E7,-0.22000099999999634
3.0,20.0,38.759998,38.93,38.549999,38.869999,1.97697E7,0.1100009999999969
3.0,19.0,38.450001,38.779999,38.290001,38.650002,1.12557E7,0.20000100000000032
3.0,18.0,38.169998,38.599998,37.779999,38.5,1.90156E7,0.33000200000000035
3.0,17.0,38.150002,38.470001,38.060001,38.290001,9702700.0,0.139998999999996
3.0,16.0,38.27,38.599998,38.209999,38.580002,1.1219E7,0.3100019999999972
3.0,13.0,38.389999,38.389999,37.73,38.049999,1.14042E7,-0.3400000000000034
3.0,12.0,37.860001,38.470001,37.84,38.43,1.3986E7,0.5699990000000028
3.0,11.0,37.599998,38.130001,37.52,37.779999,1.31916E7,0.1800009999999972
3.0,10.0,37.43,37.779999,37.150002,37.549999,2.0314E7,0.11999899999999997
3.0,9.0,37.549999,37.810001,37.32,37.66,2.29793E7,0.1100009999999969
3.0,6.0,37.459999,37.549999,36.73,36.84,1.37642E7,-0.619999
3.0,5.0,37.639999,37.82,37.560001,37.610001,6620700.0,-0.029998000000006186
3.0,4.0,37.630001,37.799999,37.299999,37.57,1.27364E7,-0.06000099999999975
3.0,3.0,37.380001,37.810001,37.299999,37.799999,1.0036E7,0.41999799999999965
3.0,2.0,37.310001,37.709999,37.310001,37.610001,1.12342E7,0.29999999999999716
2.0,27.0,37.380001,37.450001,37.110001,37.310001,1.04902E7,-0.07000000000000028
2.0,26.0,37.810001,38.130001,37.509998,37.560001,1.07082E7,-0.25
2.0,25.0,37.790001,37.959999,37.610001,37.860001,1.11615E7,0.07000000000000028
2.0,24.0,37.619999,37.91,37.580002,37.75,8562400.0,0.13000100000000003
2.0,23.0,37.619999,37.77,37.34,37.689999,1.09702E7,0.07000000000000028
2.0,20.0,37.490002,37.720001,37.16,37.650002,9345200.0,0.1600000000000037
2.0,19.0,37.029999,37.610001,36.98,37.509998,1.17808E7,0.4799990000000065
2.0,18.0,37.25,37.48,37.130001,37.189999,8513300.0,-0.06000099999999975
2.0,17.0,37.200001,37.470001,37.049999,37.240002,1.31471E7,0.04000099999999662
2.0,13.0,37.93,38.07,37.349998,37.619999,1.46963E7,-0.31000099999999975
2.0,12.0,37.849998,38.18,37.73,38.02,1.55374E7,0.17000200000000376
2.0,11.0,37.509998,37.860001,37.279999,37.669998,2.2634E7,0.1599999999999966
2.0,10.0,37.279999,37.549999,36.400002,37.52,3.23694E7,0.24000100000000657
2.0,9.0,35.790001,36.099998,35.509998,36.0,1.47975E7,0.20999900000000338
2.0,6.0,36.259998,36.540001,35.919998,36.0,1.62401E7,-0.25999800000000306
2.0,5.0,36.279999,36.599998,36.009998,36.25,2.08549E7,-0.029998999999996556
2.0,4.0,35.27,35.98,34.150002,35.830002,4.92981E7,0.5600019999999972
2.0,3.0,33.5,34.200001,33.439999,33.98,2.6207E7,0.4799999999999969
2.0,2.0,32.669998,33.150002,32.439999,33.110001,1.8397E7,0.44000299999999726
1.0,30.0,32.880001,33.150002,32.619999,32.619999,1.91665E7,-0.26000200000000007
1.0,29.0,32.91,33.34,32.360001,33.16,1.58192E7,0.25
1.0,28.0,33.509998,33.57,32.75,32.84,1.69362E7,-0.6699979999999996
1.0,27.0,33.400002,33.689999,33.150002,33.419998,1.47933E7,0.019995999999999015
1.0,26.0,33.709999,34.040001,33.599998,33.700001,1.08248E7,-0.00999800000000306
1.0,23.0,33.900002,34.18,33.709999,33.75,1.39902E7,-0.15000200000000063
1.0,22.0,34.150002,34.18,33.310001,33.82,1.42611E7,-0.33000200000000035
1.0,21.0,33.82,34.119999,33.52,33.889999,1.43499E7,0.06999900000000281
1.0,20.0,33.900002,34.009998,33.349998,33.93,1.20525E7,0.02999799999999908
1.0,16.0,33.310001,33.790001,33.27,33.68,1.778E7,0.36999899999999997
1.0,15.0,34.779999,34.869999,33.380001,33.43,1.94374E7,-1.3499989999999968
1.0,14.0,34.360001,34.57,33.59,34.299999,2.79013E7,-0.060001999999997224
1.0,13.0,36.080002,36.400002,34.68,35.25,2.18935E7,-0.8300020000000004
1.0,12.0,35.810001,35.939999,35.470001,35.84,1.06567E7,0.02999900000000366
1.0,9.0,36.209999,36.369999,35.41,35.59,1.46906E7,-0.619999
1.0,8.0,36.060001,36.450001,35.799999,36.200001,1.52066E7,0.14000000000000057
1.0,7.0,35.23,35.950001,35.040001,35.84,1.93192E7,0.6100000000000065
1.0,6.0,34.41,35.220001,34.099998,34.849998,1.77476E7,0.4399980000000028
1.0,5.0,34.98,35.25,34.07,34.330002,1.6223E7,-0.6499979999999965
1.0,2.0,35.27,35.310001,34.41,34.84,9756700.0,-0.4299999999999997
12.0,31.0,35.240002,35.450001,34.889999,34.91,1.22797E7,-0.33000200000000035
12.0,30.0,34.560001,35.200001,34.41,35.09,1.49669E7,0.5299990000000037
12.0,29.0,33.869999,34.830002,33.790001,34.599998,1.66543E7,0.7299989999999994
12.0,26.0,33.549999,33.849998,33.450001,33.73,6673200.0,0.1800009999999972
12.0,24.0,33.529999,33.59,33.240002,33.43,4496000.0,-0.09999899999999684
12.0,23.0,33.48,33.700001,33.380001,33.560001,8469500.0,0.08000100000000288
12.0,22.0,32.630001,33.310001,32.619999,33.23,1.32437E7,0.5999989999999968
12.0,19.0,31.76,32.93,31.75,32.810001,1.89909E7,1.0500009999999982
12.0,18.0,31.639999,31.75,31.17,31.75,1.4112E7,0.11000100000000046
12.0,17.0,30.809999,31.299999,30.639999,31.15,1.32818E7,0.34000099999999733
12.0,16.0,30.620001,31.059999,30.299999,30.73,2.4294E7,0.10999900000000196
12.0,15.0,31.700001,31.77,30.98,31.0,1.6084E7,-0.7000010000000003
12.0,12.0,31.940001,32.16,31.57,31.57,1.12391E7,-0.37000099999999847
12.0,11.0,32.139999,32.689999,31.99,32.189999,1.32826E7,0.04999999999999716
12.0,10.0,32.720001,32.849998,31.870001,31.969999,1.15835E7,-0.7500020000000021
12.0,9.0,32.279999,32.869999,32.169998,32.810001,1.11471E7,0.5300020000000032
12.0,8.0,33.52,33.560001,32.610001,32.68,1.61258E7,-0.8400000000000034
12.0,5.0,33.23,34.09,33.169998,33.93,1.77308E7,0.7000000000000028
12.0,4.0,33.66,33.669998,33.040001,33.09,1.16328E7,-0.5699999999999932
12.0,3.0,33.369999,33.779999,33.349998,33.639999,1.16485E7,0.2700000000000031
12.0,2.0,33.049999,33.619999,32.990002,33.259998,1.47591E7,0.20999900000000338
12.0,1.0,33.310001,33.470001,32.860001,32.939999,1.43919E7,-0.3700019999999995
11.0,28.0,32.400002,33.540001,32.23,33.43,1.40398E7,1.029997999999999
11.0,26.0,32.27,32.299999,31.950001,32.07,7414500.0,-0.20000000000000284
11.0,25.0,32.25,32.380001,31.969999,32.23,9269300.0,-0.020000000000003126
11.0,24.0,32.25,32.349998,31.77,32.189999,1.3311E7,-0.06000099999999975
11.0,21.0,32.540001,32.549999,31.969999,32.130001,8566700.0,-0.4099999999999966
11.0,20.0,31.959999,32.259998,31.799999,32.130001,8052300.0,0.1700020000000002
11.0,19.0,32.209999,32.310001,31.940001,32.150002,8290100.0,-0.05999700000000274
11.0,18.0,32.41,32.490002,31.870001,32.27,9766000.0,-0.13999999999999346
11.0,17.0,32.0,32.490002,31.9,32.310001,1.1898E7,0.31000099999999975
11.0,14.0,31.65,32.009998,31.48,31.790001,8495800.0,0.1400010000000016
11.0,13.0,31.51,31.9,31.469999,31.65,8353600.0,0.13999999999999702
11.0,12.0,31.299999,31.549999,31.110001,31.42,7455900.0,0.12000100000000202
11.0,11.0,31.040001,31.4,31.0,31.35,7537800.0,0.30999900000000125
11.0,10.0,31.33,31.5,30.82,31.120001,1.02978E7,-0.20999899999999982
11.0,7.0,31.309999,31.74,31.24,31.59,1.00709E7,0.2800009999999986
11.0,6.0,30.700001,31.459999,30.65,31.370001,1.27295E7,0.6699999999999982
11.0,5.0,31.15,31.18,30.559999,30.73,1.11096E7,-0.41999999999999815
11.0,4.0,31.040001,31.309999,30.68,30.82,1.20583E7,-0.2200009999999999
11.0,3.0,31.35,31.459999,30.790001,31.18,9931100.0,-0.1700000000000017
10.0,31.0,31.15,31.620001,30.950001,31.4,1.5539E7,0.25
10.0,30.0,30.57,31.030001,30.450001,30.780001,1.00739E7,0.21000099999999833
10.0,29.0,31.200001,31.33,30.35,30.719999,1.16383E7,-0.48000199999999893
10.0,28.0,30.389999,31.219999,30.139999,31.17,2.60344E7,0.7800010000000022
10.0,27.0,30.15,30.49,29.82,30.08,1.27902E7,-0.07000000000000028
10.0,24.0,31.040001,31.280001,29.98,30.040001,3.03138E7,-1.0
10.0,23.0,31.950001,31.99,30.809999,30.93,2.54369E7,-1.0200010000000006
10.0,22.0,30.610001,31.51,30.57,31.309999,1.78458E7,0.6999980000000008
10.0,21.0,30.5,31.07,30.32,30.84,1.25768E7,0.33999999999999986
10.0,20.0,30.219999,30.52,30.02,30.34,1.16922E7,0.12000099999999847
10.0,17.0,30.379999,30.969999,30.17,30.24,1.83399E7,-0.1399990000000031
10.0,16.0,29.129999,30.15,29.09,29.940001,1.82262E7,0.8100019999999972
10.0,15.0,29.67,30.26,28.82,29.690001,2.96233E7,0.02000099999999705
10.0,14.0,29.9,30.379999,29.85,30.110001,1.44955E7,0.21000100000000188
10.0,13.0,30.290001,30.620001,29.73,29.790001,1.77229E7,-0.5
10.0,10.0,30.280001,30.940001,30.09,30.290001,2.0496E7,0.010000000000001563
10.0,9.0,32.09,32.130001,30.809999,31.030001,2.30976E7,-1.0599990000000048
10.0,8.0,31.84,32.220001,30.790001,32.18,2.83085E7,0.33999999999999986
10.0,7.0,33.040001,33.040001,31.65,31.77,2.56613E7,-1.270000999999997
10.0,6.0,33.84,34.240002,33.369999,33.75,9092100.0,-0.09000000000000341
10.0,3.0,33.43,33.900002,33.25,33.759998,1.69813E7,0.32999800000000334
10.0,2.0,32.529999,33.400002,32.490002,33.18,2.07946E7,0.6500010000000032
10.0,1.0,31.969999,33.029999,31.709999,32.490002,3.11387E7,0.5200029999999956
9.0,30.0,32.240002,32.540001,31.67,31.940001,2.47908E7,-0.3000009999999982
9.0,29.0,32.970001,33.16,31.98,32.220001,1.97109E7,-0.75
9.0,26.0,33.040001,33.310001,32.939999,33.169998,9417600.0,0.12999700000000303
9.0,25.0,33.57,33.650002,32.830002,32.869999,1.23092E7,-0.7000010000000003
9.0,24.0,33.330002,33.68,33.02,33.650002,1.06654E7,0.3200000000000003
9.0,23.0,33.240002,33.580002,33.139999,33.220001,8731900.0,-0.020000999999993496
9.0,22.0,33.740002,33.84,33.09,33.439999,1.118E7,-0.3000029999999967
9.0,19.0,34.23,34.240002,33.77,33.939999,1.45214E7,-0.2900009999999966
9.0,18.0,33.93,34.220001,33.93,34.029999,8929600.0,0.09999899999999684
9.0,17.0,33.720001,34.139999,33.669998,33.849998,1.0301E7,0.12999699999999592
9.0,16.0,33.490002,33.950001,33.450001,33.709999,1.1083E7,0.21999700000000644
9.0,15.0,33.16,33.799999,33.150002,33.630001,1.25099E7,0.47000100000000344
9.0,12.0,33.48,33.599998,33.099998,33.27,1.10779E7,-0.20999999999999375
9.0,11.0,33.16,33.700001,33.150002,33.610001,1.01204E7,0.4500010000000003
9.0,10.0,33.119999,33.34,33.060001,33.290001,1.0471E7,0.17000199999999666
9.0,9.0,33.200001,33.299999,33.009998,33.07,1.1861E7,-0.13000100000000003
9.0,8.0,34.029999,34.150002,33.150002,33.240002,2.21206E7,-0.7899969999999996
9.0,5.0,34.59,34.610001,34.23,34.580002,1.36718E7,-0.00999800000000306
9.0,4.0,34.490002,34.919998,34.439999,34.630001,9566300.0,0.1399990000000031
9.0,3.0,35.060001,35.119999,34.459999,34.470001,1.16264E7,-0.5899999999999963
9.0,2.0,34.880001,35.139999,34.619999,34.799999,7824100.0,-0.08000200000000035
8.0,29.0,34.740002,34.849998,34.610001,34.799999,5548700.0,0.05999700000000274
8.0,28.0,34.490002,34.75,34.220001,34.68,5971400.0,0.18999800000000278
8.0,27.0,34.919998,34.93,34.580002,34.709999,7118000.0,-0.20999899999999627
8.0,26.0,34.759998,35.0,34.630001,34.849998,7535000.0,0.0899999999999963
8.0,25.0,34.43,34.740002,34.310001,34.669998,9546400.0,0.23999799999999993
8.0,22.0,34.509998,34.52,34.16,34.240002,8665700.0,-0.2699960000000061
8.0,21.0,34.619999,34.73,34.459999,34.599998,6585300.0,-0.0200010000000006
8.0,20.0,34.490002,34.720001,34.299999,34.529999,9112500.0,0.039996999999999616
8.0,19.0,34.689999,34.75,34.330002,34.57,1.04229E7,-0.11999899999999997
8.0,18.0,34.09,34.439999,34.040001,34.400002,1.03272E7,0.3100019999999972
8.0,15.0,34.049999,34.16,33.509998,33.84,1.41535E7,-0.20999899999999627
8.0,14.0,33.810001,33.959999,33.220001,33.950001,9956800.0,0.14000000000000057
8.0,13.0,33.93,34.07,33.779999,33.950001,7156100.0,0.0200010000000006
8.0,12.0,33.75,34.139999,33.549999,33.700001,1.0304E7,-0.04999899999999968
8.0,11.0,33.639999,33.849998,33.41,33.799999,1.08737E7,0.1599999999999966
8.0,8.0,33.09,33.560001,33.09,33.529999,9935600.0,0.43999899999999315
8.0,7.0,33.560001,33.630001,32.799999,33.110001,1.35267E7,-0.45000000000000284
8.0,6.0,33.23,33.669998,33.23,33.400002,8715400.0,0.17000200000000376
8.0,5.0,33.57,33.810001,33.150002,33.360001,1.10125E7,-0.20999900000000338
8.0,4.0,33.759998,34.02,33.5,33.610001,1.14863E7,-0.14999700000000615
8.0,1.0,33.790001,34.0,33.299999,33.439999,1.53438E7,-0.35000199999999637
7.0,31.0,34.150002,34.240002,33.779999,33.82,1.34084E7,-0.33000200000000035
7.0,30.0,34.5,34.66,34.009998,34.310001,1.89417E7,-0.18999900000000025
7.0,29.0,35.009998,35.200001,34.43,34.450001,1.65601E7,-0.5599970000000027
7.0,28.0,35.029999,35.09,34.779999,34.900002,1.50513E7,-0.12999699999999592
7.0,25.0,35.099998,35.290001,34.560001,35.07,2.85373E7,-0.02999799999999908
7.0,24.0,36.669998,36.849998,35.32,35.740002,3.56941E7,-0.9299960000000027
7.0,23.0,37.790001,37.919998,37.41,37.41,1.38651E7,-0.38000100000000003
7.0,22.0,37.560001,37.900002,37.529999,37.759998,9655800.0,0.1999970000000033
7.0,21.0,37.380001,37.529999,37.049999,37.43,6625100.0,0.04999899999999968
7.0,18.0,37.34,37.419998,37.060001,37.41,8741400.0,0.06999999999999318
7.0,17.0,37.310001,37.669998,37.009998,37.099998,1.10147E7,-0.21000300000000038
7.0,16.0,37.77,37.91,37.459999,37.48,1.09542E7,-0.29000000000000625
7.0,15.0,37.610001,37.950001,37.439999,37.580002,8615400.0,-0.029998999999996556
7.0,14.0,38.099998,38.130001,37.560001,37.700001,9314600.0,-0.39999699999999905
7.0,11.0,37.720001,38.009998,37.59,37.950001,6203400.0,0.22999999999999687
7.0,10.0,37.48,37.900002,37.349998,37.75,9898900.0,0.2700000000000031
7.0,9.0,37.66,38.130001,37.630001,37.970001,1.16763E7,0.31000100000000685
7.0,8.0,37.41,37.77,37.200001,37.580002,1.17832E7,0.17000200000000376
7.0,7.0,37.91,37.91,37.169998,37.439999,1.11299E7,-0.47000099999999634
7.0,3.0,37.959999,38.110001,37.720001,37.740002,6743700.0,-0.21999700000000644
7.0,2.0,37.5,38.150002,37.369999,37.740002,1.76722E7,0.24000199999999694
7.0,1.0,36.25,37.639999,36.25,37.59,2.34141E7,1.3400000000000034
6.0,30.0,36.59,36.900002,35.98,36.299999,2.08802E7,-0.29000100000000373
6.0,27.0,36.73,37.029999,36.619999,36.619999,2.54265E7,-0.1100009999999969
6.0,26.0,36.889999,36.970001,36.41,36.900002,1.14632E7,0.010002999999997542
6.0,25.0,36.459999,37.18,36.450001,37.09,1.22013E7,0.630001
6.0,24.0,36.619999,37.07,36.470001,36.580002,1.50318E7,-0.039996999999999616
6.0,23.0,36.209999,36.799999,36.189999,36.669998,1.15848E7,0.45999899999999627
6.0,20.0,36.549999,36.580002,36.099998,36.220001,1.40187E7,-0.32999799999999624
6.0,19.0,36.349998,36.639999,36.200001,36.369999,1.12778E7,0.0200010000000006
6.0,18.0,36.360001,36.470001,35.93,36.299999,1.6352E7,-0.060001999999997224
6.0,17.0,35.869999,36.380001,35.619999,36.360001,1.32116E7,0.49000199999999694
6.0,16.0,35.490002,36.18,35.490002,36.060001,1.26037E7,0.5699990000000028
6.0,13.0,35.380001,35.779999,35.380001,35.630001,1.20466E7,0.25
6.0,12.0,36.0,36.279999,35.490002,35.52,1.68185E7,-0.4799999999999969
6.0,11.0,36.23,36.290001,35.919998,36.119999,8866200.0,-0.1100009999999969
6.0,10.0,36.279999,36.700001,36.18,36.400002,8460700.0,0.12000300000000408
6.0,9.0,36.470001,36.830002,36.34,36.5,1.02793E7,0.029998999999996556
6.0,6.0,36.07,36.75,35.75,36.549999,1.76428E7,0.4799989999999994
6.0,5.0,36.959999,37.040001,36.16,36.27,2.50945E7,-0.6899990000000003
6.0,4.0,35.5,36.880001,35.349998,36.52,3.32522E7,1.0200000000000031
6.0,3.0,35.119999,35.689999,34.75,35.259998,1.77959E7,0.1399990000000031
6.0,2.0,34.540001,34.900002,34.290001,34.860001,1.15418E7,0.3200000000000003
5.0,30.0,34.299999,34.639999,34.200001,34.580002,1.41721E7,0.28000300000000067
5.0,29.0,34.599998,34.650002,34.25,34.450001,1.08809E7,-0.14999699999999905
5.0,28.0,34.09,34.619999,33.959999,34.59,1.25758E7,0.5
5.0,27.0,33.919998,33.98,33.77,33.939999,8995100.0,0.0200010000000006
5.0,23.0,33.490002,33.689999,33.41,33.630001,8267100.0,0.1399990000000031
5.0,22.0,33.389999,33.700001,33.310001,33.419998,8428000.0,0.029998999999996556
5.0,21.0,33.150002,33.619999,33.099998,33.459999,1.23924E7,0.30999700000000274
5.0,20.0,34.16,34.299999,32.959999,33.07,2.48942E7,-1.0899999999999963
5.0,19.0,33.84,34.349998,33.799999,34.25,9006100.0,0.4099999999999966
5.0,16.0,33.75,34.650002,33.490002,34.0,2.14852E7,0.25
5.0,15.0,34.610001,34.75,33.830002,34.360001,1.80886E7,-0.25
5.0,14.0,35.099998,35.110001,34.799999,34.939999,1.04953E7,-0.15999899999999911
5.0,13.0,34.84,35.189999,34.599998,35.150002,9048300.0,0.3100019999999972
5.0,12.0,34.380001,34.939999,34.380001,34.82,9498900.0,0.43999900000000025
5.0,9.0,34.799999,34.900002,34.150002,34.23,1.68035E7,-0.5699990000000028
5.0,8.0,34.98,35.43,34.73,34.849998,1.02515E7,-0.1300019999999975
5.0,7.0,34.959999,35.110001,34.610001,35.07,9269700.0,0.1100009999999969
5.0,6.0,35.07,35.139999,34.75,34.75,1.01145E7,-0.3200000000000003
5.0,5.0,34.84,34.889999,34.630001,34.75,8449100.0,-0.09000000000000341
5.0,2.0,35.029999,35.330002,34.860001,34.970001,1.13967E7,-0.05999799999999311
5.0,1.0,34.669998,35.400002,34.540001,34.900002,1.95726E7,0.23000400000000099
4.0,30.0,33.84,34.540001,33.84,34.48,1.40378E7,0.6399999999999935
4.0,29.0,33.700001,34.099998,33.619999,33.990002,1.20877E7,0.2900009999999966
4.0,28.0,33.93,33.939999,33.52,33.759998,2.01759E7,-0.17000199999999666
4.0,25.0,33.549999,34.080002,33.549999,33.720001,1.60311E7,0.17000200000000376
4.0,24.0,35.5,35.700001,33.52,34.169998,3.33524E7,-1.3300020000000004
4.0,23.0,34.290001,34.610001,34.099998,34.389999,1.60639E7,0.09999800000000647
4.0,22.0,34.029999,34.439999,34.0,34.23,1.22916E7,0.20000100000000032
4.0,21.0,33.950001,34.209999,33.75,33.98,9909400.0,0.029998999999996556
4.0,17.0,33.830002,34.09,33.799999,33.98,1.23511E7,0.14999799999999652
4.0,16.0,33.689999,33.990002,33.32,33.970001,1.81407E7,0.2800020000000032
4.0,15.0,32.810001,33.439999,32.290001,33.360001,2.34509E7,0.5499999999999972
4.0,14.0,32.290001,32.880001,32.150002,32.549999,1.87597E7,0.25999800000000306
4.0,11.0,33.0,33.09,31.700001,31.93,4.57602E7,-1.0700000000000003
4.0,10.0,33.709999,34.060001,33.299999,33.299999,3.43021E7,-0.4100000000000037
4.0,9.0,33.900002,34.240002,33.599998,33.619999,3.31654E7,-0.28000300000000067
4.0,8.0,34.150002,34.599998,33.849998,34.529999,2.06156E7,0.3799969999999959
4.0,7.0,34.669998,34.73,33.82,34.110001,2.43481E7,-0.5599970000000027
4.0,4.0,35.580002,35.700001,34.650002,34.810001,2.03689E7,-0.7700010000000006
4.0,3.0,34.939999,35.5,34.73,35.439999,2.05787E7,0.5
4.0,2.0,34.650002,35.049999,34.380001,34.880001,4.18639E7,0.2299989999999994
4.0,1.0,34.5,35.139999,34.32,34.34,4.65698E7,-0.1599999999999966
3.0,31.0,34.529999,34.790001,33.950001,34.419998,2.42926E7,-0.1100009999999969
3.0,28.0,34.639999,35.02,34.560001,34.73,1.91754E7,0.09000099999999378
3.0,27.0,34.279999,34.990002,34.110001,34.509998,1.63829E7,0.2299990000000065
3.0,26.0,34.68,34.740002,34.200001,34.220001,1.6997E7,-0.45999899999999627
3.0,25.0,35.130001,35.18,34.189999,34.509998,2.48176E7,-0.620002999999997
3.0,24.0,34.689999,35.169998,34.279999,35.139999,2.14615E7,0.45000000000000284
3.0,21.0,35.389999,35.5,34.779999,35.009998,2.40101E7,-0.38000100000000003
3.0,20.0,34.790001,35.27,34.400002,35.259998,1.44561E7,0.46999700000000644
3.0,19.0,35.279999,36.0,34.599998,34.91,1.46909E7,-0.36999899999999997
3.0,18.0,34.68,35.240002,34.5,35.169998,2.13297E7,0.48999799999999993
3.0,17.0,34.139999,34.689999,33.709999,34.630001,2.96964E7,0.49000199999999694
3.0,14.0,33.849998,34.560001,33.57,34.09,3.19086E7,0.24000200000000405
3.0,13.0,35.040001,35.16,33.869999,34.09,3.96286E7,-0.9500009999999932
3.0,12.0,34.759998,35.25,34.369999,34.860001,4.63005E7,0.10000299999999385
3.0,11.0,37.0,37.119999,35.02,35.18,4.10334E7,-1.8200000000000003
3.0,10.0,37.560001,37.560001,36.759998,37.09,1.75526E7,-0.47000099999999634
3.0,7.0,37.939999,38.009998,37.450001,37.689999,1.75478E7,-0.25
3.0,6.0,37.869999,38.049999,37.540001,37.540001,1.91052E7,-0.32999800000000334
3.0,5.0,37.540001,38.049999,37.330002,37.52,2.8489E7,-0.020000999999993496
3.0,4.0,36.529999,36.990002,36.43,36.93,1.78846E7,0.40000100000000316
3.0,3.0,35.700001,36.59,35.700001,36.209999,2.40132E7,0.5099980000000031
2.0,28.0,36.73,36.759998,35.889999,36.200001,4.43451E7,-0.5299989999999966
2.0,27.0,36.560001,36.849998,35.970001,36.77,2.87501E7,0.20999900000000338
2.0,26.0,35.950001,37.130001,35.939999,36.830002,2.66575E7,0.880001
2.0,25.0,36.669998,36.799999,35.990002,36.099998,2.25041E7,-0.5700000000000003
2.0,24.0,36.700001,36.82,36.439999,36.549999,2.20002E7,-0.15000200000000063
2.0,21.0,36.68,36.75,36.139999,36.689999,5.17224E7,0.009999000000000535
2.0,20.0,36.189999,36.599998,36.0,36.509998,1.86377E7,0.3199990000000028
2.0,19.0,36.220001,36.720001,36.0,36.029999,2.30609E7,-0.1900020000000069
2.0,18.0,36.43,36.490002,36.0,36.310001,2.45559E7,-0.11999899999999997
2.0,14.0,35.369999,36.080002,35.25,35.950001,2.27673E7,0.5800020000000004
2.0,13.0,35.169998,35.220001,34.759998,35.200001,3.05009E7,0.030003000000000668
2.0,12.0,35.490002,35.650002,35.130001,35.560001,2.33009E7,0.06999900000000281
2.0,11.0,35.220001,35.740002,35.189999,35.25,2.37724E7,0.029998999999996556
2.0,10.0,35.91,35.919998,34.619999,34.900002,4.32684E7,-1.009997999999996
2.0,7.0,35.970001,36.470001,35.419998,36.110001,3.1248E7,0.13999999999999346
2.0,6.0,34.43,35.82,34.360001,35.23,5.36854E7,0.7999999999999972
2.0,5.0,35.84,35.84,34.959999,35.240002,2.94464E7,-0.5999980000000065
2.0,4.0,35.470001,35.98,35.25,35.82,2.09487E7,0.34999899999999684
2.0,3.0,36.27,36.310001,34.91,35.25,3.89741E7,-1.0200000000000031
1.0,31.0,36.220001,36.84,35.880001,36.080002,2.7201E7,-0.1399990000000031
1.0,30.0,36.880001,37.07,36.48,36.84,1.54818E7,-0.04000099999999662
1.0,29.0,36.060001,36.959999,36.009998,36.349998,1.75233E7,0.2899969999999996
1.0,28.0,37.16,37.200001,36.720001,36.810001,1.59267E7,-0.34999899999999684
1.0,27.0,36.799999,37.279999,36.060001,36.759998,3.39153E7,-0.04000099999999662
1.0,24.0,38.07,38.110001,36.700001,36.830002,3.95645E7,-1.239998
1.0,23.0,38.34,38.5,37.91,38.419998,2.05563E7,0.07999799999999624
1.0,22.0,38.400002,38.82,38.119999,38.799999,1.6902E7,0.39999699999999905
1.0,21.0,38.889999,39.0,37.900002,38.34,3.07866E7,-0.5499989999999997
1.0,17.0,39.07,39.099998,38.330002,38.599998,2.80033E7,-0.4700020000000009
1.0,16.0,39.310001,39.549999,38.759998,39.0,3.60913E7,-0.31000099999999975
1.0,15.0,39.630001,39.77,38.959999,39.380001,8.92076E7,-0.25
1.0,14.0,39.77,40.16,39.57,40.02,1.73891E7,0.25
1.0,13.0,40.16,40.639999,39.439999,39.580002,2.09932E7,-0.5799979999999962
1.0,10.0,40.599998,40.68,39.84,40.029999,1.4596E7,-0.5699990000000028
1.0,9.0,40.880001,40.939999,40.279999,40.490002,9790600.0,-0.3899990000000031
1.0,8.0,40.330002,40.84,40.200001,40.419998,1.13424E7,0.0899959999999993
1.0,7.0,40.700001,40.939999,40.099998,40.200001,1.41569E7,-0.5
1.0,6.0,39.900002,40.59,39.639999,40.400002,2.50635E7,0.5
1.0,3.0,40.919998,40.950001,39.0,39.57,4.14269E7,-1.3499979999999994
1.0,2.0,40.68,41.060001,40.34,40.950001,1.47633E7,0.2700010000000006
12.0,31.0,40.700001,41.040001,40.580002,40.869999,1.11009E7,0.16999799999999965
12.0,30.0,41.0,41.130001,40.650002,40.689999,8737600.0,-0.31000099999999975
12.0,27.0,41.310001,41.439999,40.860001,40.939999,1.00527E7,-0.3700019999999995
12.0,26.0,41.040001,41.849998,41.040001,41.52,1.11684E7,0.4799990000000065
12.0,24.0,41.25,41.310001,40.830002,40.880001,7605300.0,-0.36999899999999997
12.0,23.0,40.900002,41.580002,40.610001,41.290001,2.037E7,0.389998999999996
12.0,20.0,40.48,41.049999,40.18,40.990002,4.96548E7,0.5100020000000001
12.0,19.0,41.139999,41.27,40.080002,40.299999,2.52254E7,-0.8400000000000034
12.0,18.0,41.169998,41.400002,39.860001,41.27,5.18507E7,0.10000200000000348
12.0,17.0,41.66,41.849998,41.139999,41.529999,2.82975E7,-0.13000100000000003
12.0,16.0,40.560001,41.549999,40.459999,41.439999,3.35832E7,0.8799980000000005
12.0,13.0,40.189999,40.349998,40.02,40.040001,1.48854E7,-0.14999800000000363
12.0,12.0,40.099998,40.610001,40.009998,40.049999,1.89005E7,-0.04999899999999968
12.0,11.0,40.759998,40.830002,40.07,40.16,1.63848E7,-0.5999980000000065
12.0,10.0,40.549999,41.130001,40.400002,40.400002,3.25423E7,-0.14999699999999905
12.0,9.0,40.380001,41.169998,40.310001,40.900002,2.92911E7,0.5200010000000006
12.0,6.0,39.990002,40.380001,39.599998,40.169998,3.79095E7,0.1799960000000027
12.0,5.0,38.990002,39.34,38.549999,39.09,3.45808E7,0.09999800000000647
12.0,4.0,38.529999,39.619999,38.119999,38.709999,3.97279E7,0.18000000000000682
12.0,3.0,38.889999,39.09,37.68,38.139999,4.48351E7,-0.75
12.0,2.0,39.099998,39.389999,38.91,39.110001,2.12006E7,0.010002999999997542
11.0,29.0,38.900002,39.150002,38.5,38.73,7672100.0,-0.17000200000000376
11.0,27.0,37.709999,38.990002,37.599998,38.849998,2.74158E7,1.139998999999996
11.0,26.0,37.700001,37.939999,37.400002,37.669998,2.27986E7,-0.030003000000000668
11.0,25.0,37.75,37.869999,37.389999,37.549999,2.11111E7,-0.20000100000000032
11.0,22.0,38.200001,38.5,37.580002,37.630001,2.67713E7,-0.5700000000000003
11.0,21.0,38.849998,39.0,38.040001,38.119999,3.39039E7,-0.7299989999999994
11.0,20.0,38.110001,38.709999,37.599998,37.689999,1.68987E7,-0.42000199999999666
11.0,19.0,38.57,38.740002,37.889999,38.009998,1.98431E7,-0.5600019999999972
11.0,18.0,38.810001,39.18,38.529999,38.57,1.67924E7,-0.24000099999999946
11.0,15.0,38.509998,39.080002,38.200001,38.77,2.16914E7,0.26000200000000007
11.0,14.0,38.700001,38.799999,38.150002,38.5,2.84911E7,-0.20000100000000032
11.0,13.0,36.5,38.529999,36.48,38.439999,4.38602E7,1.9399990000000003
11.0,12.0,36.669998,36.799999,36.369999,36.66,1.43636E7,-0.00999800000000306
11.0,11.0,36.68,37.09,36.5,36.68,1.36665E7,0.0
11.0,8.0,36.150002,36.77,36.009998,36.66,1.82031E7,0.509997999999996
11.0,7.0,36.610001,36.75,35.91,35.919998,1.98937E7,-0.6900029999999973
11.0,6.0,37.240002,37.400002,36.57,36.59,1.61623E7,-0.6500019999999935
11.0,5.0,37.279999,37.509998,37.07,37.09,1.51977E7,-0.18999899999999315
11.0,4.0,37.5,37.799999,37.41,37.470001,1.80052E7,-0.029998999999996556
11.0,1.0,37.169998,38.209999,37.049999,37.389999,3.07654E7,0.22000100000000344
10.0,31.0,37.18,37.990002,36.950001,36.950001,2.81028E7,-0.2299989999999994
10.0,30.0,37.200001,37.549999,36.779999,37.23,4.213E7,0.029998999999996556
10.0,29.0,35.82,36.18,35.509998,36.060001,2.4055E7,0.24000099999999946
10.0,28.0,35.439999,35.970001,35.43,35.799999,1.29851E7,0.35999999999999943
10.0,25.0,35.669998,35.77,35.32,35.59,1.28491E7,-0.07999799999999624
10.0,24.0,35.490002,36.029999,35.099998,35.630001,1.9287E7,0.1399990000000031
10.0,23.0,35.380001,35.389999,34.529999,35.049999,1.73076E7,-0.33000200000000035
10.0,22.0,35.619999,36.130001,35.369999,35.41,1.70082E7,-0.20999900000000338
10.0,21.0,36.259998,36.27,35.34,35.5,1.34517E7,-0.7599980000000031
10.0,18.0,36.209999,36.299999,35.68,35.889999,1.46385E7,-0.3200000000000003
10.0,17.0,35.16,35.790001,34.959999,35.66,1.26029E7,0.5
10.0,16.0,35.02,35.209999,34.779999,35.130001,1.55296E7,0.1100009999999969
10.0,15.0,35.279999,35.380001,34.509998,34.700001,1.37084E7,-0.5799979999999962
10.0,14.0,34.830002,35.450001,34.810001,35.330002,1.11934E7,0.5
10.0,11.0,34.790001,35.52,34.66,35.349998,1.54067E7,0.5599970000000027
10.0,10.0,34.740002,34.889999,34.610001,34.849998,1.80419E7,0.10999600000000243
10.0,9.0,34.330002,34.389999,33.919998,34.16,2.11099E7,-0.17000200000000376
10.0,8.0,35.25,35.27,34.169998,34.209999,2.36584E7,-1.0400009999999966
10.0,7.0,35.23,35.52,35.02,35.18,1.2181E7,-0.04999999999999716
10.0,4.0,35.439999,35.799999,35.130001,35.700001,1.38111E7,0.26000200000000007
10.0,3.0,35.759998,35.939999,35.130001,35.290001,1.50012E7,-0.46999700000000644
10.0,2.0,35.740002,36.0,35.23,35.939999,1.94597E7,0.1999970000000033
10.0,1.0,36.040001,36.41,35.32,35.91,2.18866E7,-0.13000100000000003
9.0,30.0,35.709999,36.310001,35.619999,35.970001,1.77244E7,0.26000200000000007
9.0,27.0,36.77,36.900002,36.16,36.369999,1.41735E7,-0.40000100000000316
9.0,26.0,37.189999,37.349998,36.759998,36.950001,1.40229E7,-0.23999799999999993
9.0,25.0,37.529999,37.779999,37.16,37.18,1.51146E7,-0.34999899999999684
9.0,24.0,37.16,37.970001,37.060001,37.439999,2.37238E7,0.27999900000000366
9.0,23.0,37.150002,37.5,36.549999,37.130001,1.84847E7,-0.0200010000000006
9.0,20.0,37.639999,37.68,36.830002,36.830002,3.57003E7,-0.8099970000000027
9.0,19.0,37.84,37.880001,37.16,37.23,1.68195E7,-0.6100000000000065
9.0,18.0,36.759998,37.73,36.709999,37.580002,2.14328E7,0.8200039999999973
9.0,17.0,36.32,36.98,36.32,36.709999,1.29923E7,0.3899990000000031
9.0,16.0,36.470001,36.619999,36.150002,36.220001,1.47152E7,-0.25
9.0,13.0,36.490002,36.549999,35.990002,36.060001,1.26429E7,-0.4300009999999972
9.0,12.0,36.369999,36.560001,35.880001,36.369999,1.57437E7,0.0
9.0,11.0,36.529999,36.599998,36.02,36.349998,2.70256E7,-0.1800009999999972
9.0,10.0,36.939999,37.27,36.720001,37.0,1.06262E7,0.06000099999999975
9.0,9.0,36.34,36.700001,36.25,36.48,1.35155E7,0.13999999999999346
9.0,6.0,36.400002,36.619999,35.610001,36.150002,1.42449E7,-0.25
9.0,5.0,36.009998,36.790001,35.869999,36.330002,1.86338E7,0.3200039999999973
9.0,4.0,34.200001,35.900002,34.169998,35.849998,2.30369E7,1.649996999999999
9.0,3.0,34.68,34.77,33.959999,34.139999,1.09067E7,-0.5400009999999966
8.0,30.0,34.5,34.540001,33.900002,34.080002,8099400.0,-0.41999799999999965
8.0,29.0,33.82,34.689999,33.810001,34.450001,1.0558E7,0.630001
8.0,28.0,33.57,34.16,33.5,33.919998,9109200.0,0.34999799999999937
8.0,27.0,34.439999,34.610001,33.619999,33.689999,1.19056E7,-0.75
8.0,26.0,35.029999,35.52,34.849998,34.919998,1.08318E7,-0.1100009999999969
8.0,23.0,35.139999,35.220001,34.860001,35.060001,7487000.0,-0.07999800000000334
8.0,22.0,34.66,35.049999,34.650002,34.990002,9572200.0,0.33000200000000035
8.0,21.0,34.779999,34.950001,34.389999,34.529999,9798600.0,-0.25
8.0,20.0,34.560001,34.91,34.049999,34.790001,1.37669E7,0.22999999999999687
8.0,19.0,34.560001,34.830002,34.419998,34.490002,9211700.0,-0.06999900000000281
8.0,16.0,34.59,34.91,34.18,34.380001,1.24983E7,-0.20999900000000338
8.0,15.0,35.169998,35.18,34.41,34.549999,2.03846E7,-0.619999
8.0,14.0,35.84,36.009998,35.209999,35.57,1.13411E7,-0.2700000000000031
8.0,13.0,36.209999,36.209999,35.59,35.84,7145700.0,-0.36999899999999997
8.0,12.0,35.759998,36.099998,35.599998,35.98,8441900.0,0.2200019999999938
8.0,9.0,35.959999,36.27,35.700001,36.02,7705800.0,0.06000099999999975
8.0,8.0,35.610001,36.110001,35.57,36.009998,1.4457E7,0.39999700000000615
8.0,7.0,36.009998,36.099998,35.43,35.48,1.93951E7,-0.5299980000000062
8.0,6.0,36.439999,36.490002,35.959999,35.959999,1.34851E7,-0.4799999999999969
8.0,5.0,37.029999,37.049999,36.650002,36.75,7144300.0,-0.27999899999999656
8.0,2.0,36.439999,37.18,36.34,36.950001,1.1913E7,0.5100020000000001
8.0,1.0,36.389999,36.860001,36.009998,36.470001,1.61483E7,0.08000200000000035
7.0,31.0,36.619999,36.720001,35.669998,35.869999,2.06963E7,-0.75
7.0,30.0,36.529999,36.779999,36.32,36.5,1.22445E7,-0.029998999999996556
7.0,29.0,36.57,36.669998,36.150002,36.380001,8407800.0,-0.18999900000000025
7.0,26.0,36.93,37.0,36.459999,36.669998,1.58928E7,-0.26000200000000007
7.0,25.0,37.470001,37.709999,36.509998,37.080002,1.80959E7,-0.3899990000000031
7.0,24.0,37.110001,37.450001,36.869999,37.139999,1.52006E7,0.029998000000006186
7.0,23.0,36.889999,36.950001,36.52,36.610001,9296600.0,-0.2799980000000062
7.0,22.0,36.619999,36.990002,36.48,36.759998,1.12607E7,0.1399990000000031
7.0,19.0,36.889999,36.889999,36.060001,36.610001,1.16083E7,-0.2799980000000062
7.0,18.0,36.5,36.990002,36.330002,36.84,1.06794E7,0.3400000000000034
7.0,17.0,36.23,36.560001,36.080002,36.360001,1.09434E7,0.13000100000000003
7.0,16.0,36.869999,36.939999,35.759998,36.18,1.62737E7,-0.6899990000000003
7.0,15.0,36.599998,36.720001,36.279999,36.5,8968200.0,-0.09999799999999937
7.0,12.0,36.09,36.580002,35.91,36.400002,1.07443E7,0.3100019999999972
7.0,11.0,35.720001,36.200001,35.639999,36.139999,1.32465E7,0.41999799999999965
7.0,10.0,34.900002,35.34,34.84,35.330002,1.18202E7,0.4299999999999997
7.0,9.0,34.900002,35.25,34.720001,34.919998,7243300.0,0.019995999999999015
7.0,8.0,34.779999,35.02,34.540001,34.639999,1.12336E7,-0.13999999999999346
7.0,5.0,34.349998,34.830002,34.240002,34.669998,7107800.0,0.3200000000000003
7.0,3.0,33.939999,34.400002,33.759998,34.139999,5715700.0,0.20000000000000284
7.0,2.0,34.040001,34.939999,33.82,34.099998,1.51719E7,0.05999700000000274
7.0,1.0,33.52,34.189999,33.41,34.0,1.03108E7,0.4799999999999969
6.0,28.0,33.02,33.720001,32.799999,33.310001,1.58134E7,0.2900009999999966
6.0,27.0,32.919998,33.5,32.779999,33.099998,1.10003E7,0.17999999999999972
6.0,26.0,32.18,32.700001,32.029999,32.549999,1.0374E7,0.36999899999999997
6.0,25.0,31.75,32.02,31.540001,31.82,9268300.0,0.07000000000000028
6.0,24.0,31.76,31.84,31.129999,31.42,1.89704E7,-0.33999999999999986
6.0,21.0,32.959999,32.970001,31.74,32.209999,1.8998E7,-0.75
6.0,20.0,33.41,33.41,32.279999,32.560001,2.91072E7,-0.8499989999999968
6.0,19.0,34.02,34.25,33.650002,33.66,8428700.0,-0.36000000000000654
6.0,18.0,33.799999,34.060001,33.439999,34.009998,9926100.0,0.20999900000000338
6.0,17.0,34.5,34.560001,33.599998,33.73,1.0195E7,-0.7700000000000031
6.0,14.0,34.459999,34.619999,34.09,34.290001,1.00916E7,-0.16999800000000675
6.0,13.0,33.360001,34.509998,33.099998,34.5,1.56048E7,1.139999000000003
6.0,12.0,34.279999,34.459999,33.240002,33.450001,1.3642E7,-0.8299979999999962
6.0,11.0,34.369999,34.490002,33.59,33.93,1.70239E7,-0.43999900000000025
6.0,10.0,35.18,35.240002,34.52,34.740002,1.52195E7,-0.4399980000000028
6.0,7.0,34.790001,35.099998,34.0,35.029999,3.06836E7,0.23999799999999993
6.0,6.0,34.119999,34.529999,33.779999,34.439999,7.98477E7,0.3200000000000003
6.0,5.0,35.0,35.07,34.0,34.02,2.23452E7,-0.9799999999999969
6.0,4.0,35.400002,35.490002,34.75,34.959999,3.05172E7,-0.44000299999999726
6.0,3.0,34.57,34.689999,33.380001,34.419998,1.77945E7,-0.15000200000000063
5.0,31.0,34.529999,34.779999,33.889999,33.889999,1.01374E7,-0.6399999999999935
5.0,30.0,34.040001,34.91,33.869999,34.639999,1.50853E7,0.5999980000000065
5.0,29.0,33.709999,34.299999,33.450001,34.049999,1.08672E7,0.3399999999999963
5.0,28.0,34.0,34.299999,33.75,33.959999,1.69694E7,-0.04000099999999662
5.0,24.0,32.549999,33.0,32.509998,32.869999,5861200.0,0.3200000000000003
5.0,23.0,32.330002,33.110001,32.099998,32.849998,1.05373E7,0.519995999999999
5.0,22.0,33.220001,33.93,32.990002,33.23,1.32384E7,0.00999899999999343
5.0,21.0,33.59,33.959999,32.880001,33.400002,1.37905E7,-0.18999800000000278
5.0,20.0,33.369999,34.009998,33.360001,33.700001,1.52606E7,0.33000200000000035
5.0,17.0,32.990002,33.77,32.810001,33.419998,2.08977E7,0.4299960000000027
5.0,16.0,32.09,32.669998,32.0,32.389999,1.04253E7,0.2999989999999997
5.0,15.0,31.549999,32.400002,31.51,32.310001,1.5086E7,0.7600020000000001
5.0,14.0,31.02,31.700001,31.01,31.549999,1.06766E7,0.5299990000000001
5.0,13.0,31.16,31.35,30.870001,31.0,8098100.0,-0.16000000000000014
5.0,10.0,31.549999,31.700001,30.969999,31.42,1.28114E7,-0.12999899999999798
5.0,9.0,32.009998,32.16,31.620001,31.65,1.08617E7,-0.3599980000000045
5.0,8.0,31.41,32.189999,31.09,32.080002,9991300.0,0.6700020000000002
5.0,7.0,31.92,32.130001,31.459999,31.65,1.14216E7,-0.2700000000000031
5.0,6.0,32.02,32.220001,31.780001,31.82,8501500.0,-0.20000000000000284
5.0,3.0,31.74,32.439999,31.629999,32.099998,1.24718E7,0.35999800000000093
5.0,2.0,31.309999,31.82,31.049999,31.16,1.91245E7,-0.1499990000000011
5.0,1.0,30.77,31.08,30.110001,30.18,1.03937E7,-0.5899999999999999
4.0,30.0,30.77,30.969999,30.57,30.84,8117200.0,0.07000000000000028
4.0,29.0,30.620001,30.9,30.42,30.790001,6197700.0,0.1700000000000017
4.0,26.0,30.790001,30.799999,30.030001,30.5,1.37383E7,-0.2900010000000002
4.0,25.0,30.059999,30.780001,30.0,30.709999,1.4499E7,0.6499999999999986
4.0,24.0,29.91,30.799999,29.860001,30.450001,2.1511E7,0.5400010000000002
4.0,23.0,29.34,29.92,29.280001,29.85,8454200.0,0.5100000000000016
4.0,22.0,29.200001,29.34,28.85,29.25,6767000.0,0.04999899999999968
4.0,19.0,29.1,29.26,28.91,29.15,7183000.0,0.04999999999999716
4.0,18.0,29.25,29.379999,28.75,28.98,1.11214E7,-0.2699999999999996
4.0,17.0,29.030001,29.33,28.77,29.27,1.06704E7,0.23999900000000096
4.0,16.0,29.17,29.52,29.17,29.469999,8007700.0,0.2999989999999997
4.0,15.0,29.41,29.690001,28.84,28.91,1.40808E7,-0.5
4.0,12.0,29.57,29.84,29.549999,29.620001,1.56175E7,0.050000999999998186
4.0,11.0,28.49,29.76,28.440001,29.719999,2.23052E7,1.229999000000003
4.0,10.0,27.690001,28.51,27.68,28.370001,1.29278E7,0.6799999999999997
4.0,9.0,27.77,27.780001,27.5,27.530001,9682300.0,-0.23999900000000096
4.0,8.0,27.5,27.639999,27.4,27.59,1.15729E7,0.08999999999999986
4.0,5.0,27.379999,27.559999,27.110001,27.52,1.17928E7,0.14000099999999804
4.0,4.0,27.75,28.0,27.51,27.74,8571800.0,-0.010000000000001563
4.0,3.0,28.0,28.1,27.66,27.799999,1.11997E7,-0.20000100000000032
4.0,2.0,27.959999,28.299999,27.530001,27.93,1.61881E7,-0.02999900000000011
4.0,1.0,27.65,28.09,27.65,27.799999,8834600.0,0.1499990000000011
3.0,28.0,28.02,28.09,27.639999,27.82,9331000.0,-0.1999999999999993
3.0,27.0,28.049999,28.27,27.959999,28.059999,5444400.0,0.010000000000001563
3.0,26.0,28.280001,28.35,27.99,28.15,6876400.0,-0.13000100000000003
3.0,25.0,28.389999,28.48,28.02,28.16,6669900.0,-0.2299989999999994
3.0,22.0,28.620001,28.709999,27.959999,28.219999,1.26733E7,-0.4000019999999971
3.0,21.0,28.91,29.17,28.57,28.629999,1.3452E7,-0.2800009999999986
3.0,20.0,28.25,29.299999,28.190001,29.200001,2.54841E7,0.9500010000000003
3.0,19.0,28.1,28.200001,27.9,28.1,1.27495E7,0.0
3.0,18.0,27.950001,28.15,27.73,28.040001,1.37582E7,0.08999999999999986
3.0,15.0,27.959999,28.26,27.799999,28.209999,1.21012E7,0.25
3.0,14.0,28.049999,28.23,28.040001,28.16,6438500.0,0.11000100000000046
3.0,13.0,28.379999,28.379999,28.049999,28.07,1.02874E7,-0.30999900000000125
3.0,12.0,28.26,28.639999,28.09,28.370001,1.06868E7,0.1100009999999969
3.0,11.0,27.950001,28.389999,27.549999,28.309999,1.9122E7,0.35999800000000093
3.0,8.0,27.91,28.190001,27.889999,28.0,5910500.0,0.08999999999999986
3.0,7.0,27.860001,28.139999,27.790001,27.879999,9428100.0,0.01999800000000107
3.0,6.0,27.76,27.959999,27.620001,27.91,9002500.0,0.14999999999999858
3.0,5.0,27.219999,27.790001,27.190001,27.58,9199300.0,0.3600009999999969
3.0,4.0,27.139999,27.290001,26.99,27.09,6583900.0,-0.04999899999999968
3.0,1.0,26.83,27.49,26.75,27.209999,9017700.0,0.37999900000000153
2.0,28.0,27.5,27.57,26.889999,27.15,1.03055E7,-0.3500000000000014
2.0,27.0,26.799999,27.58,26.719999,27.4,1.31157E7,0.6000009999999989
2.0,26.0,26.65,26.85,26.190001,26.83,1.33635E7,0.17999999999999972
2.0,25.0,27.110001,27.17,26.33,26.33,1.11214E7,-0.7800010000000022
2.0,22.0,26.4,27.120001,26.309999,27.110001,9279400.0,0.7100010000000019
2.0,21.0,27.02,27.040001,26.33,26.51,1.38932E7,-0.509999999999998
2.0,20.0,27.809999,27.809999,27.049999,27.1,7236600.0,-0.7099989999999998
2.0,19.0,27.690001,27.799999,27.459999,27.68,7086100.0,-0.010000999999999038
2.0,15.0,27.59,27.92,27.219999,27.76,1.28611E7,0.1700000000000017
2.0,14.0,28.74,29.360001,27.67,27.75,1.92262E7,-0.9899999999999984
2.0,13.0,28.75,28.870001,28.440001,28.67,9283900.0,-0.0799999999999983
2.0,12.0,28.43,28.75,28.24,28.549999,7175600.0,0.11999899999999997
2.0,11.0,28.51,28.65,28.35,28.530001,5589900.0,0.02000099999999705
2.0,8.0,28.540001,28.73,28.5,28.57,6316700.0,0.02999900000000011
2.0,7.0,28.68,28.91,28.030001,28.469999,1.04935E7,-0.21000099999999833
2.0,6.0,28.35,28.6,28.219999,28.52,7010500.0,0.16999999999999815
2.0,5.0,28.030001,28.6,28.030001,28.59,1.10975E7,0.5599990000000012
2.0,4.0,27.889999,28.200001,27.879999,27.959999,6508900.0,0.07000000000000028
2.0,1.0,28.389999,28.5,28.08,28.17,1.07138E7,-0.21999899999999784
1.0,31.0,27.799999,28.139999,27.610001,28.09,8685200.0,0.2900010000000002
1.0,30.0,28.280001,28.65,27.77,27.940001,1.12307E7,-0.33999999999999986
1.0,29.0,28.799999,28.82,28.16,28.450001,1.30598E7,-0.34999799999999937
1.0,28.0,29.049999,29.15,28.610001,28.83,7038300.0,-0.2199990000000014
1.0,25.0,28.959999,29.16,28.870001,29.07,1.02584E7,0.11000100000000046
1.0,24.0,28.59,28.98,28.35,28.780001,8398900.0,0.19000099999999875
1.0,23.0,28.58,28.84,26.620001,28.57,1.13553E7,-0.00999999999999801
1.0,22.0,29.190001,29.27,28.379999,28.629999,1.85386E7,-0.5600019999999972
1.0,18.0,29.440001,29.530001,28.879999,29.280001,9993700.0,-0.16000000000000014
1.0,17.0,29.48,29.65,29.190001,29.49,1.20647E7,0.00999999999999801
1.0,16.0,29.57,29.73,28.83,29.309999,2.82989E7,-0.26000099999999904
1.0,15.0,30.110001,30.68,29.950001,30.6,7497500.0,0.48999900000000096
1.0,14.0,30.15,30.389999,29.889999,30.33,6634700.0,0.17999999999999972
1.0,11.0,30.379999,30.6,30.110001,30.360001,6862900.0,-0.01999800000000107
1.0,10.0,30.280001,30.450001,29.780001,30.440001,1.21154E7,0.16000000000000014
1.0,9.0,29.58,30.280001,29.559999,29.969999,1.33414E7,0.3899990000000031
1.0,8.0,29.66,29.85,29.049999,29.370001,1.04352E7,-0.28999900000000167
1.0,7.0,29.639999,29.860001,29.299999,29.66,8385300.0,0.0200010000000006
1.0,4.0,29.74,29.860001,29.23,29.860001,8066600.0,0.12000100000000202
1.0,3.0,29.049999,30.23,28.84,29.82,2.29038E7,0.7700010000000006
1.0,2.0,29.41,29.5,28.629999,29.129999,1.56059E7,-0.2800009999999986
12.0,31.0,27.76,28.9,27.620001,28.83,1.32433E7,1.0699999999999967
12.0,28.0,27.66,27.940001,27.549999,27.85,5133500.0,0.19000000000000128
12.0,27.0,27.74,27.99,27.43,27.959999,9431200.0,0.2199990000000014
12.0,26.0,27.629999,27.950001,27.49,27.620001,7006200.0,-0.00999800000000306
12.0,24.0,27.309999,27.74,27.309999,27.66,4877400.0,0.3500009999999989
12.0,21.0,26.74,27.379999,26.540001,27.32,8773000.0,0.5800000000000018
12.0,20.0,27.0,27.48,26.870001,27.34,1.57689E7,0.33999999999999986
12.0,19.0,27.440001,27.91,26.860001,27.18,5.48705E7,-0.26000099999999904
12.0,18.0,24.98,25.540001,24.799999,25.49,9589000.0,0.509999999999998
12.0,17.0,24.67,24.9,24.65,24.85,7130600.0,0.17999999999999972
12.0,14.0,25.08,25.110001,24.4,24.610001,9661400.0,-0.46999899999999784
12.0,13.0,25.559999,25.83,24.9,25.120001,7737400.0,-0.4399980000000028
12.0,12.0,25.540001,26.07,25.440001,25.629999,8395500.0,0.08999800000000135
12.0,11.0,25.309999,25.5,25.110001,25.450001,5709300.0,0.14000199999999907
12.0,10.0,25.059999,25.41,25.040001,25.280001,5931900.0,0.22000199999999737
12.0,7.0,24.76,25.209999,24.57,25.190001,9060300.0,0.4300009999999972
12.0,6.0,24.91,25.0,24.459999,24.57,9708900.0,-0.33999999999999986
12.0,5.0,25.370001,25.6,24.940001,25.0,7652700.0,-0.37000099999999847
12.0,4.0,25.34,25.5,24.52,25.41,1.26339E7,0.07000000000000028
12.0,3.0,26.059999,26.360001,25.459999,25.51,1.13311E7,-0.5499989999999997
11.0,30.0,25.889999,26.17,25.58,25.879999,6538600.0,-0.00999999999999801
11.0,29.0,25.610001,26.24,25.51,26.09,1.00125E7,0.4799989999999994
11.0,28.0,24.690001,25.299999,24.639999,25.280001,5312900.0,0.5899999999999999
11.0,27.0,25.139999,25.35,25.0,25.01,5822200.0,-0.12999899999999798
11.0,26.0,25.17,25.41,24.950001,25.23,6460000.0,0.05999999999999872
11.0,23.0,24.959999,25.42,24.860001,25.209999,4595900.0,0.25
11.0,21.0,24.57,24.969999,24.43,24.6,4907700.0,0.030000000000001137
11.0,20.0,24.9,24.940001,24.379999,24.6,6578700.0,-0.29999999999999716
11.0,19.0,24.27,24.940001,24.129999,24.93,7996800.0,0.6600000000000001
11.0,16.0,23.92,23.98,23.389999,23.85,9647800.0,-0.07000000000000028
11.0,15.0,24.18,24.190001,23.540001,23.879999,9371700.0,-0.3000009999999982
11.0,14.0,24.93,24.99,24.1,24.17,9587600.0,-0.759999999999998
11.0,13.0,24.889999,25.18,24.75,24.82,9697600.0,-0.06999899999999926
11.0,12.0,25.049999,25.379999,25.049999,25.26,5297000.0,0.21000100000000188
11.0,9.0,24.379999,25.280001,24.379999,25.040001,7648400.0,0.6600019999999986
11.0,8.0,25.219999,25.5,24.700001,24.719999,5239800.0,-0.5
11.0,7.0,25.639999,25.67,24.92,25.030001,1.11063E7,-0.6099980000000009
11.0,6.0,25.59,26.27,25.450001,26.190001,1.08885E7,0.6000009999999989
11.0,5.0,25.440001,25.99,25.35,25.57,7680700.0,0.12999900000000153
11.0,2.0,25.809999,25.99,25.549999,25.790001,9918400.0,-0.01999800000000107
11.0,1.0,25.530001,25.85,24.91,25.68,1.45581E7,0.1499990000000011
10.0,31.0,24.299999,25.719999,23.9,25.5,2.47002E7,1.2000010000000003
10.0,26.0,23.610001,23.9,23.190001,23.280001,1.01469E7,-0.33000000000000185
10.0,25.0,23.98,24.27,23.58,23.629999,1.18759E7,-0.3500009999999989
10.0,24.0,24.15,24.27,23.66,23.690001,6230800.0,-0.4599989999999998
10.0,23.0,24.07,24.1,23.73,23.870001,8196000.0,-0.19999900000000181
10.0,22.0,24.559999,24.85,24.280001,24.620001,7067800.0,0.060001999999997224
10.0,19.0,25.43,25.5,24.549999,24.59,1.04543E7,-0.8399999999999999
10.0,18.0,25.09,25.719999,24.959999,25.559999,9762100.0,0.4699990000000014
10.0,17.0,24.9,25.129999,24.6,25.059999,6002700.0,0.15999900000000267
10.0,16.0,24.52,24.85,24.41,24.790001,4252100.0,0.2700010000000006
10.0,15.0,24.51,24.58,24.33,24.48,5114300.0,-0.030000000000001137
10.0,12.0,24.559999,24.83,24.33,24.440001,4230300.0,-0.11999800000000249
10.0,11.0,24.41,24.99,24.23,24.66,8771700.0,0.25
10.0,10.0,24.41,24.58,24.1,24.23,6049300.0,-0.17999999999999972
10.0,9.0,24.74,24.860001,24.27,24.370001,7210000.0,-0.36999899999999997
10.0,8.0,24.790001,24.809999,24.51,24.57,6249500.0,-0.2200009999999999
10.0,5.0,24.879999,25.43,24.57,24.799999,1.4251E7,-0.08000000000000185
10.0,4.0,24.549999,24.67,24.32,24.65,8693500.0,0.1000009999999989
10.0,3.0,23.709999,24.610001,23.66,24.389999,1.4739E7,0.6799999999999997
10.0,2.0,23.5,24.1,22.67,23.68,2.14034E7,0.17999999999999972
10.0,1.0,23.0,23.41,22.85,23.09,7582100.0,0.08999999999999986
9.0,28.0,23.0,23.1,22.709999,22.75,8614500.0,-0.25
9.0,27.0,23.67,23.700001,23.139999,23.18,6843400.0,-0.490000000000002
9.0,26.0,23.25,23.73,22.85,23.389999,8329400.0,0.13999899999999954
9.0,25.0,24.43,24.5,23.280001,23.52,1.03268E7,-0.9100000000000001
9.0,24.0,24.51,24.68,24.120001,24.360001,5689300.0,-0.1499990000000011
9.0,21.0,24.540001,24.889999,24.5,24.799999,1.21893E7,0.2599979999999995
9.0,20.0,24.34,24.540001,23.91,24.42,7414900.0,0.08000000000000185
9.0,19.0,24.360001,25.15,24.32,24.75,1.60336E7,0.38999899999999954
9.0,18.0,24.290001,24.450001,24.02,24.43,1.1308E7,0.13999899999999954
9.0,17.0,23.92,23.950001,23.73,23.799999,6098600.0,-0.12000100000000202
9.0,14.0,23.690001,24.33,23.629999,24.139999,1.18813E7,0.4499980000000008
9.0,13.0,23.049999,23.68,22.82,23.530001,9479800.0,0.48000199999999893
9.0,12.0,23.139999,23.33,23.049999,23.129999,5201000.0,-0.00999999999999801
9.0,11.0,22.98,23.25,22.879999,22.969999,5442600.0,-0.010000999999999038
9.0,10.0,23.280001,23.42,22.940001,22.98,8156800.0,-0.3000009999999982
9.0,7.0,22.549999,23.42,22.540001,23.370001,1.29084E7,0.8200019999999988
9.0,6.0,21.790001,22.73,21.75,22.450001,1.24848E7,0.6600000000000001
9.0,5.0,21.219999,21.76,21.02,21.76,7933000.0,0.5400010000000002
9.0,4.0,21.25,21.5,21.02,21.309999,7505300.0,0.059999000000001246
8.0,31.0,21.299999,21.48,21.110001,21.35,5826200.0,0.05000100000000174
8.0,30.0,21.25,21.26,21.02,21.110001,3882800.0,-0.13999899999999954
8.0,29.0,20.9,21.639999,20.860001,21.299999,9625000.0,0.3999990000000011
8.0,28.0,21.0,21.25,20.91,20.940001,5784600.0,-0.059999000000001246
8.0,27.0,21.200001,21.370001,21.0,21.219999,6216400.0,0.01999800000000107
8.0,24.0,21.209999,21.360001,21.07,21.18,5443300.0,-0.02999900000000011
8.0,23.0,21.610001,21.610001,21.23,21.34,8960500.0,-0.2700010000000006
8.0,22.0,21.58,21.75,21.139999,21.73,7180500.0,0.15000000000000213
8.0,21.0,21.950001,22.07,21.52,21.629999,6545200.0,-0.3200019999999988
8.0,20.0,21.75,22.02,21.66,21.870001,6615800.0,0.12000099999999847
8.0,17.0,21.35,22.139999,21.34,22.01,1.79523E7,0.6600000000000001
8.0,16.0,20.120001,21.459999,20.120001,21.33,1.44075E7,1.2099989999999998
8.0,15.0,20.209999,20.360001,19.98,20.139999,6498600.0,-0.07000000000000028
8.0,14.0,20.629999,20.790001,20.1,20.209999,7681000.0,-0.4200000000000017
8.0,13.0,20.52,20.799999,20.360001,20.469999,4027000.0,-0.050000999999998186
8.0,10.0,20.52,20.700001,20.309999,20.540001,3899800.0,0.0200010000000006
8.0,9.0,20.370001,20.82,20.209999,20.65,6651400.0,0.2799990000000001
8.0,8.0,20.139999,20.450001,20.049999,20.379999,4702600.0,0.240000000000002
8.0,7.0,19.92,20.52,19.92,20.42,9577200.0,0.5
8.0,6.0,20.049999,20.1,19.76,19.85,6205800.0,-0.19999899999999826
8.0,3.0,19.26,20.1,19.25,20.040001,9394800.0,0.7800009999999986
8.0,2.0,19.59,20.059999,18.93,19.139999,1.0881E7,-0.4500010000000003
8.0,1.0,19.780001,20.58,19.43,19.66,1.48319E7,-0.12000099999999847
7.0,31.0,19.459999,19.77,19.370001,19.709999,5607600.0,0.25
7.0,30.0,19.549999,19.65,19.299999,19.360001,4219200.0,-0.18999799999999922
7.0,27.0,19.139999,19.690001,19.07,19.67,6803900.0,0.5300010000000022
7.0,26.0,19.02,19.15,18.75,19.110001,5571600.0,0.09000100000000089
7.0,25.0,19.1,19.129999,18.719999,18.799999,6777100.0,-0.30000100000000174
7.0,24.0,19.25,19.379999,18.85,19.02,8202100.0,-0.23000000000000043
7.0,23.0,19.09,19.360001,18.85,19.299999,8764600.0,0.20999899999999982
7.0,20.0,20.02,20.16,19.33,19.360001,8798000.0,-0.6599989999999991
7.0,19.0,20.120001,20.35,20.07,20.139999,6855400.0,0.01999800000000107
7.0,18.0,19.620001,20.209999,19.57,20.07,8770400.0,0.4499990000000018
7.0,17.0,19.549999,19.6,19.299999,19.6,7951200.0,0.05000100000000174
7.0,16.0,19.469999,19.549999,19.23,19.379999,9066500.0,-0.08999999999999986
7.0,13.0,19.33,19.709999,19.27,19.620001,7474700.0,0.2900010000000002
7.0,12.0,19.610001,19.77,19.23,19.33,1.4117E7,-0.28000100000000216
7.0,11.0,19.75,20.01,19.6,19.9,6668400.0,0.14999999999999858
7.0,10.0,20.25,20.48,19.73,19.799999,9803300.0,-0.4500010000000003
7.0,9.0,20.209999,20.4,20.049999,20.219999,5520400.0,0.010000000000001563
7.0,6.0,20.35,20.6,20.049999,20.309999,6512900.0,-0.040001000000000175
7.0,5.0,20.75,21.209999,20.540001,20.540001,8075600.0,-0.20999899999999982
7.0,3.0,19.799999,21.120001,19.67,20.67,1.07187E7,0.870001000000002
7.0,2.0,19.700001,19.74,19.299999,19.57,6307700.0,-0.13000100000000003
6.0,29.0,20.0,20.0,19.24,19.719999,1.34474E7,-0.2800009999999986
6.0,28.0,19.639999,19.92,19.49,19.82,1.12209E7,0.18000100000000074
6.0,27.0,19.83,19.98,19.620001,19.66,8314800.0,-0.16999999999999815
6.0,26.0,19.940001,20.040001,19.620001,19.85,8923000.0,-0.09000099999999733
6.0,25.0,20.32,20.389999,19.91,19.91,9975700.0,-0.41000000000000014
6.0,22.0,20.950001,20.950001,20.459999,20.6,6972200.0,-0.3500009999999989
6.0,21.0,21.450001,21.5,20.6,20.639999,9193500.0,-0.8100020000000008
6.0,20.0,21.780001,21.82,21.280001,21.48,8588900.0,-0.3000009999999982
6.0,19.0,21.43,22.0,21.4,21.74,7768600.0,0.3099999999999987
6.0,18.0,21.540001,21.719999,21.379999,21.43,6394000.0,-0.11000100000000046
6.0,15.0,21.76,21.809999,21.42,21.74,5714300.0,-0.020000000000003126
6.0,14.0,21.84,21.99,21.58,21.799999,4534300.0,-0.040001000000000175
6.0,13.0,22.040001,22.17,21.74,21.870001,8588100.0,-0.1700000000000017
6.0,12.0,21.92,22.200001,21.68,22.17,6100200.0,0.25
6.0,11.0,22.280001,22.299999,21.9,21.92,6050800.0,-0.3600009999999969
6.0,8.0,21.85,22.09,21.5,22.049999,4258600.0,0.19999899999999826
6.0,7.0,22.110001,22.379999,21.76,21.85,5951200.0,-0.26000099999999904
6.0,6.0,21.43,21.940001,21.34,21.83,6122700.0,0.3999999999999986
6.0,5.0,20.98,21.469999,20.969999,21.25,5645900.0,0.2699999999999996
6.0,4.0,22.01,22.040001,20.66,21.110001,1.54198E7,-0.8999990000000011
6.0,1.0,21.65,23.34,21.450001,22.01,2.96154E7,0.360000000000003
5.0,31.0,22.26,22.41,22.0,22.200001,6009300.0,-0.059999000000001246
5.0,30.0,22.5,22.5,21.98,22.370001,7369500.0,-0.12999900000000153
5.0,29.0,22.620001,22.93,22.59,22.85,9790400.0,0.22999900000000295
5.0,25.0,22.040001,22.459999,22.0,22.440001,5662000.0,0.3999999999999986
5.0,24.0,21.98,22.129999,21.82,22.040001,5093400.0,0.06000099999999975
5.0,23.0,21.33,22.200001,21.32,22.129999,8340500.0,0.7999990000000032
5.0,22.0,21.709999,21.9,21.34,21.5,7021500.0,-0.20999899999999982
5.0,21.0,21.34,21.68,21.26,21.540001,6295900.0,0.20000100000000032
5.0,18.0,21.540001,21.690001,21.09,21.18,7532600.0,-0.36000100000000046
5.0,17.0,21.940001,22.27,21.549999,21.610001,1.21326E7,-0.3299999999999983
5.0,16.0,22.049999,22.620001,21.85,21.91,1.36402E7,-0.13999899999999954
5.0,15.0,21.57,21.83,21.34,21.42,7410500.0,-0.14999999999999858
5.0,14.0,21.75,21.969999,21.6,21.629999,9665400.0,-0.12000099999999847
5.0,11.0,22.0,22.540001,21.98,22.0,8045700.0,0.0
5.0,10.0,22.690001,22.889999,22.34,22.370001,7235100.0,-0.3200000000000003
5.0,9.0,21.879999,22.799999,21.85,22.440001,9812900.0,0.5600019999999972
5.0,8.0,22.25,22.35,21.870001,22.23,9317900.0,-0.019999999999999574
5.0,7.0,21.870001,22.5,21.85,22.41,7853500.0,0.5399990000000017
5.0,4.0,22.200001,22.41,21.82,22.360001,1.48308E7,0.16000000000000014
5.0,3.0,23.129999,23.190001,22.190001,22.370001,2.28168E7,-0.7599980000000031
5.0,2.0,23.190001,23.25,22.629999,22.93,1.44763E7,-0.26000099999999904
5.0,1.0,23.040001,23.48,22.6,23.309999,1.01516E7,0.26999800000000107
4.0,30.0,23.379999,23.49,22.799999,23.0,8279100.0,-0.37999900000000153
4.0,27.0,23.809999,24.09,23.34,23.530001,1.04953E7,-0.27999800000000263
4.0,26.0,23.16,23.75,23.16,23.719999,8132600.0,0.5599990000000012
4.0,25.0,23.15,23.360001,22.889999,23.309999,5548200.0,0.15999900000000267
4.0,24.0,23.02,23.4,22.879999,22.889999,8679500.0,-0.13000100000000003
4.0,23.0,23.17,23.299999,22.9,22.950001,1.61877E7,-0.2199990000000014
4.0,20.0,24.059999,24.059999,23.52,23.6,1.2948E7,-0.4599989999999998
4.0,19.0,24.09,24.870001,23.870001,24.01,1.12068E7,-0.0799999999999983
4.0,18.0,23.870001,24.290001,23.75,24.15,6253300.0,0.2799990000000001
4.0,17.0,23.59,24.540001,23.549999,24.040001,1.02569E7,0.4500010000000003
4.0,16.0,23.780001,23.93,23.360001,23.42,7528500.0,-0.3600009999999969
4.0,13.0,24.219999,24.290001,23.620001,23.799999,7310900.0,-0.4200000000000017
4.0,12.0,24.049999,24.49,24.0,24.299999,5041800.0,0.25
4.0,11.0,23.84,24.280001,23.82,24.030001,9260900.0,0.19000099999999875
4.0,10.0,24.110001,24.139999,23.290001,23.709999,1.18561E7,-0.40000200000000063
4.0,9.0,24.219999,24.4,24.030001,24.200001,7242200.0,-0.01999800000000107
4.0,5.0,24.99,25.18,24.610001,24.809999,8211300.0,-0.1800009999999972
4.0,4.0,25.1,25.4,24.9,25.1,9785500.0,0.0
4.0,3.0,26.639999,27.030001,25.27,25.540001,2.64104E7,-1.0999979999999994
4.0,2.0,26.030001,26.91,25.98,26.76,1.44653E7,0.729999000000003
3.0,30.0,25.49,25.780001,25.110001,25.65,6035000.0,0.16000000000000014
3.0,29.0,25.02,25.370001,24.940001,25.309999,6433300.0,0.28999900000000167
3.0,28.0,25.41,25.48,25.02,25.15,5162000.0,-0.26000000000000156
3.0,27.0,25.42,25.85,25.34,25.35,6632500.0,-0.07000000000000028
3.0,26.0,25.23,25.629999,25.139999,25.58,7957700.0,0.34999999999999787
3.0,23.0,25.040001,25.32,24.77,25.17,5802800.0,0.12999900000000153
3.0,22.0,25.01,25.26,24.870001,25.049999,5605800.0,0.03999899999999812
3.0,21.0,25.17,25.49,25.1,25.290001,6122800.0,0.12000099999999847
3.0,20.0,25.1,25.42,24.6,25.09,1.08193E7,-0.010000000000001563
3.0,19.0,25.5,25.700001,25.24,25.389999,5462700.0,-0.11000100000000046
3.0,16.0,26.07,26.07,25.26,25.57,1.17524E7,-0.5
3.0,15.0,26.370001,26.58,25.879999,26.049999,1.01337E7,-0.3200019999999988
3.0,14.0,26.129999,26.59,26.0,26.32,9082600.0,0.19000099999999875
3.0,13.0,25.48,26.1,25.33,26.07,8361200.0,0.5899999999999999
3.0,12.0,25.620001,25.709999,25.15,25.389999,4006300.0,-0.23000199999999893
3.0,9.0,25.700001,25.82,25.389999,25.620001,6323600.0,-0.08000000000000185
3.0,8.0,25.370001,25.59,25.1,25.450001,8646700.0,0.08000000000000185
3.0,7.0,24.75,25.209999,24.75,24.879999,6888800.0,0.12999900000000153
3.0,6.0,25.309999,25.34,24.379999,24.58,1.90713E7,-0.729999000000003
3.0,5.0,26.27,26.4,25.799999,26.0,7650500.0,-0.2699999999999996
3.0,2.0,26.549999,26.75,26.360001,26.450001,8465700.0,-0.09999799999999937
3.0,1.0,26.190001,26.799999,26.15,26.469999,8893300.0,0.27999800000000263
2.0,29.0,26.07,26.549999,25.92,26.02,1.20189E7,-0.05000000000000071
2.0,28.0,26.49,26.530001,26.1,26.139999,7547000.0,-0.3500009999999989
2.0,27.0,26.07,26.549999,25.57,26.459999,8600900.0,0.38999899999999954
2.0,24.0,26.9,26.950001,26.059999,26.07,9404600.0,-0.8299999999999983
2.0,23.0,26.690001,27.27,26.26,26.790001,1.03009E7,0.10000000000000142
2.0,22.0,27.08,27.129999,26.530001,26.549999,1.06933E7,-0.5300009999999986
2.0,21.0,27.299999,27.549999,26.99,27.059999,8593200.0,-0.23999999999999844
2.0,17.0,27.17,27.68,27.01,27.34,1.76036E7,0.16999999999999815
2.0,16.0,25.290001,27.26,25.27,27.17,3.53136E7,1.8799990000000015
2.0,15.0,25.73,25.75,24.9,24.93,1.3329E7,-0.8000000000000007
2.0,14.0,25.209999,25.450001,25.0,25.4,9885800.0,0.19000099999999875
2.0,13.0,26.0,26.0,25.209999,25.34,1.05036E7,-0.6600000000000001
2.0,10.0,25.48,25.52,25.25,25.5,9819000.0,0.019999999999999574
2.0,9.0,25.959999,26.219999,25.5,25.74,7440000.0,-0.2199990000000014
2.0,8.0,26.309999,26.42,25.58,25.75,1.75243E7,-0.5599990000000012
2.0,7.0,26.620001,26.620001,26.15,26.219999,1.07641E7,-0.4000019999999971
2.0,6.0,26.469999,26.83,25.950001,26.700001,1.72641E7,0.23000199999999893
2.0,3.0,25.0,26.440001,24.790001,26.18,2.55281E7,1.1799999999999997
2.0,2.0,24.65,24.690001,24.299999,24.309999,6670900.0,-0.34000099999999733
2.0,1.0,24.33,24.58,24.07,24.370001,1.33375E7,0.040001000000000175
1.0,31.0,24.530001,24.59,23.950001,24.02,9190800.0,-0.510000999999999
1.0,30.0,24.059999,24.57,23.950001,24.23,6319800.0,0.17000099999999918
1.0,27.0,23.799999,24.540001,23.33,24.370001,1.47841E7,0.5700019999999988
1.0,26.0,25.1,25.5,24.6,24.719999,1.15853E7,-0.38000100000000003
1.0,25.0,24.889999,25.01,24.379999,24.92,1.3441E7,0.030001000000002165
1.0,24.0,24.84,24.93,24.5,24.790001,8350000.0,-0.04999899999999968
1.0,23.0,25.139999,25.25,24.790001,24.92,8923500.0,-0.21999899999999784
1.0,20.0,24.93,25.110001,24.84,25.0,9896400.0,0.07000000000000028
1.0,19.0,24.690001,24.98,24.450001,24.82,1.52228E7,0.12999900000000153
1.0,18.0,24.27,24.58,24.02,24.51,8919200.0,0.240000000000002
1.0,17.0,24.6,24.68,24.17,24.200001,9385800.0,-0.3999990000000011
1.0,13.0,24.27,24.65,23.91,24.290001,1.29631E7,0.0200010000000006
1.0,12.0,24.35,24.82,23.76,24.67,1.67508E7,0.3200000000000003
1.0,11.0,23.370001,24.639999,23.34,24.469999,2.1947E7,1.099998000000003
1.0,10.0,23.219999,23.4,22.780001,23.24,1.35383E7,0.02000099999999705
1.0,9.0,23.200001,23.43,22.700001,22.84,1.20845E7,-0.36000100000000046
1.0,6.0,22.26,23.030001,22.24,22.92,1.82345E7,0.6600000000000001
1.0,5.0,21.1,22.290001,20.959999,22.17,1.78806E7,1.0700000000000003
1.0,4.0,21.049999,21.370001,20.75,21.15,7856700.0,0.1000009999999989
1.0,3.0,20.83,21.18,20.75,21.049999,9321300.0,0.2199990000000014
12.0,30.0,20.120001,20.370001,20.049999,20.27,6971400.0,0.1499990000000011
12.0,29.0,19.85,20.25,19.709999,20.209999,6891400.0,0.3599989999999984
12.0,28.0,20.08,20.129999,19.76,19.860001,7116200.0,-0.21999899999999784
12.0,27.0,20.43,20.43,20.08,20.09,5866200.0,-0.33999999999999986
12.0,23.0,20.809999,20.889999,20.450001,20.5,6480600.0,-0.30999900000000125
12.0,22.0,20.25,20.85,20.17,20.700001,7287200.0,0.4500010000000003
12.0,21.0,19.74,20.440001,19.58,20.32,1.30546E7,0.5800000000000018
12.0,20.0,19.42,19.9,19.35,19.690001,1.39525E7,0.27000099999999705
12.0,19.0,20.120001,20.23,19.0,19.049999,1.56089E7,-1.0700019999999988
12.0,16.0,20.16,20.52,19.969999,20.15,9109900.0,-0.010000000000001563
12.0,15.0,19.76,20.219999,19.51,20.1,1.01524E7,0.33999999999999986
12.0,14.0,19.950001,20.01,19.42,19.469999,1.50537E7,-0.48000199999999893
12.0,13.0,20.959999,21.0,19.950001,20.110001,1.26471E7,-0.8499979999999994
12.0,12.0,20.66,20.9,20.559999,20.799999,6281600.0,0.13999899999999954
12.0,9.0,21.09,21.4,21.059999,21.15,6491100.0,0.05999999999999872
12.0,8.0,21.76,21.76,20.85,20.98,1.15085E7,-0.7800000000000011
12.0,7.0,21.620001,22.110001,21.48,21.940001,9194700.0,0.3200000000000003
12.0,6.0,21.6,21.879999,21.280001,21.68,1.06689E7,0.0799999999999983
12.0,5.0,21.52,21.99,21.43,21.59,9808700.0,0.07000000000000028
12.0,2.0,21.35,21.73,21.129999,21.280001,9781200.0,-0.06999900000000281
12.0,1.0,21.24,21.77,20.93,20.959999,1.21285E7,-0.2800009999999986
11.0,30.0,21.02,21.309999,20.940001,21.290001,1.11477E7,0.2700010000000006
11.0,29.0,20.73,20.85,20.299999,20.309999,7665000.0,-0.4200009999999992
11.0,28.0,20.950001,21.43,20.65,20.74,8959100.0,-0.21000100000000188
11.0,25.0,20.219999,20.709999,20.209999,20.34,2757600.0,0.12000099999999847
11.0,23.0,20.48,20.690001,20.059999,20.24,9594500.0,-0.240000000000002
11.0,22.0,20.92,21.120001,20.700001,20.73,7288600.0,-0.19000000000000128
11.0,21.0,21.1,21.18,20.540001,21.049999,1.17579E7,-0.05000100000000174
11.0,18.0,22.01,22.18,21.620001,21.68,6592500.0,-0.33000000000000185
11.0,17.0,22.719999,22.75,21.559999,21.790001,1.26927E7,-0.9299980000000012
11.0,16.0,23.24,23.35,22.620001,22.65,9297200.0,-0.5899999999999999
11.0,15.0,22.809999,23.530001,22.6,23.35,1.38672E7,0.5400010000000002
11.0,14.0,22.559999,23.290001,22.51,22.99,1.34333E7,0.4300009999999972
11.0,11.0,22.950001,23.1,22.219999,22.51,1.54383E7,-0.44000099999999875
11.0,10.0,22.440001,22.85,21.93,22.700001,1.58666E7,0.26000000000000156
11.0,9.0,23.07,23.57,22.15,22.309999,3.29116E7,-0.760000999999999
11.0,8.0,24.200001,25.17,23.98,25.040001,1.98918E7,0.8399999999999999
11.0,7.0,23.93,24.15,23.52,24.01,9802800.0,0.08000000000000185
11.0,4.0,23.889999,23.92,23.309999,23.610001,9452000.0,-0.2799979999999991
11.0,3.0,23.82,24.120001,22.76,24.030001,1.9953E7,0.21000099999999833
11.0,2.0,23.700001,23.73,22.92,23.200001,1.43558E7,-0.5
11.0,1.0,24.82,24.9,23.25,23.33,2.53652E7,-1.490000000000002
10.0,31.0,25.92,26.16,25.610001,25.85,8853600.0,-0.07000000000000028
10.0,28.0,26.219999,26.549999,26.0,26.450001,1.07187E7,0.23000199999999893
10.0,27.0,25.870001,26.469999,25.200001,26.32,1.84286E7,0.4499990000000018
10.0,26.0,25.02,25.280001,24.690001,24.99,1.74975E7,-0.030000000000001137
10.0,25.0,24.860001,25.190001,24.16,24.860001,1.13845E7,0.0
10.0,24.0,24.280001,25.24,24.25,24.98,1.35341E7,0.6999990000000018
10.0,21.0,23.4,24.379999,23.200001,24.35,1.23525E7,0.9500000000000028
10.0,20.0,23.02,23.18,22.51,22.959999,9488400.0,-0.06000099999999975
10.0,19.0,23.52,23.549999,22.959999,23.09,7600700.0,-0.4299999999999997
10.0,18.0,23.190001,23.870001,22.77,23.540001,1.41357E7,0.3500000000000014
10.0,17.0,24.17,24.190001,23.15,23.18,8633400.0,-0.990000000000002
10.0,14.0,23.68,24.16,23.360001,24.16,1.47532E7,0.4800000000000004
10.0,13.0,23.379999,23.379999,22.5,23.15,9858600.0,-0.22999900000000295
10.0,12.0,22.940001,23.969999,22.860001,23.41,1.73039E7,0.4699990000000014
10.0,11.0,22.43,22.690001,22.280001,22.5,1.02583E7,0.07000000000000028
10.0,10.0,22.51,22.969999,22.360001,22.620001,1.12917E7,0.1100009999999969
10.0,7.0,22.58,22.93,21.82,22.01,1.44768E7,-0.5699999999999967
10.0,6.0,22.299999,22.6,21.75,22.35,1.3553E7,0.05000100000000174
10.0,5.0,21.33,22.290001,20.76,22.27,1.71558E7,0.9400000000000013
10.0,4.0,19.450001,21.459999,19.049999,21.42,2.38E7,1.9699990000000014
10.0,3.0,20.129999,20.9,19.65,19.73,1.39507E7,-0.3999990000000011
9.0,30.0,20.440001,20.5,20.1,20.18,1.01511E7,-0.26000099999999904
9.0,29.0,20.719999,20.969999,20.120001,20.76,1.0781E7,0.040001000000000175
9.0,28.0,21.200001,21.440001,20.370001,20.41,1.01209E7,-0.7900010000000002
9.0,27.0,21.6,21.83,21.08,21.190001,1.11709E7,-0.40999900000000267
9.0,26.0,21.32,21.440001,20.530001,21.08,8503500.0,-0.240000000000002
9.0,23.0,19.77,21.280001,19.77,21.0,1.3722E7,1.2300000000000004
9.0,22.0,20.59,20.99,20.040001,20.24,1.72842E7,-0.3500000000000014
9.0,21.0,22.389999,22.700001,21.219999,21.280001,9850700.0,-1.109998000000001
9.0,20.0,23.049999,23.1,22.42,22.43,9507100.0,-0.619999
9.0,19.0,22.15,23.17,22.049999,23.049999,1.40824E7,0.8999990000000011
9.0,16.0,22.68,22.77,22.34,22.610001,7932400.0,-0.06999899999999926
9.0,15.0,22.59,22.790001,22.15,22.700001,8039200.0,0.11000100000000046
9.0,14.0,22.219999,22.49,21.620001,22.18,1.16231E7,-0.03999900000000167
9.0,13.0,21.870001,22.33,21.5,22.0,1.11896E7,0.12999900000000153
9.0,12.0,21.15,21.950001,21.0,21.870001,9325700.0,0.7200009999999999
9.0,9.0,22.360001,22.450001,21.469999,21.76,1.19206E7,-0.6000009999999989
9.0,8.0,22.790001,23.129999,22.24,22.48,1.17825E7,-0.31000099999999975
9.0,7.0,21.82,23.040001,21.82,22.860001,1.34122E7,1.0400010000000002
9.0,6.0,21.360001,21.58,20.879999,21.440001,1.42825E7,0.0799999999999983
9.0,2.0,22.41,22.549999,21.73,22.07,1.40867E7,-0.33999999999999986
9.0,1.0,24.09,24.25,22.91,23.030001,1.69262E7,-1.0599990000000012
8.0,31.0,23.870001,24.49,23.83,24.030001,1.23296E7,0.16000000000000014
8.0,30.0,23.459999,23.74,23.049999,23.58,8142900.0,0.12000099999999847
8.0,29.0,23.299999,23.959999,23.27,23.790001,1.06421E7,0.4900020000000005
8.0,26.0,22.200001,23.08,21.799999,22.870001,1.0278E7,0.6699999999999982
8.0,25.0,22.49,22.74,22.1,22.299999,1.10999E7,-0.19000099999999875
8.0,24.0,21.889999,22.389999,21.57,22.370001,1.45274E7,0.48000199999999893
8.0,23.0,21.780001,22.059999,21.209999,22.059999,2.00071E7,0.27999800000000263
8.0,22.0,22.540001,22.719999,21.18,21.709999,2.71587E7,-0.8300020000000004
8.0,19.0,23.25,23.440001,21.709999,22.16,3.44329E7,-1.0899999999999999
8.0,18.0,23.99,24.08,23.27,23.6,1.58537E7,-0.389999999999997
8.0,17.0,26.0,26.09,24.9,24.940001,1.2062E7,-1.0599990000000012
8.0,16.0,26.219999,26.690001,25.690001,25.83,1.01455E7,-0.3899990000000031
8.0,15.0,26.030001,26.540001,25.790001,26.42,1.29948E7,0.3899990000000031
8.0,12.0,26.299999,26.5,25.49,25.75,1.88615E7,-0.5499989999999997
8.0,11.0,24.110001,26.17,24.110001,25.809999,2.51796E7,1.6999980000000008
8.0,10.0,24.66,25.0,23.83,23.92,2.06424E7,-0.7399999999999984
8.0,9.0,25.09,25.559999,24.0,25.540001,2.67046E7,0.4500010000000003
8.0,8.0,24.610001,25.35,23.790001,24.57,3.26087E7,-0.040001000000000175
8.0,5.0,26.07,26.459999,24.49,26.309999,3.49261E7,0.23999900000000096
8.0,4.0,27.16,27.200001,25.709999,25.99,3.88395E7,-1.1700000000000017
8.0,3.0,27.030001,27.17,26.129999,27.17,1.57904E7,0.1399990000000031
8.0,2.0,27.75,28.09,27.02,27.049999,1.8222E7,-0.7000010000000003
8.0,1.0,28.879999,28.879999,27.700001,28.07,1.28256E7,-0.8099990000000012
7.0,29.0,27.620001,28.1,27.309999,27.68,1.21829E7,0.059999000000001246
7.0,28.0,28.219999,28.9,28.02,28.1,1.1029E7,-0.11999899999999997
7.0,27.0,28.9,29.0,28.030001,28.139999,1.45529E7,-0.760000999999999
7.0,26.0,29.67,29.700001,28.959999,29.09,9268400.0,-0.5800000000000018
7.0,25.0,29.530001,29.84,29.389999,29.5,8690700.0,-0.030000999999998612
7.0,22.0,29.969999,30.290001,29.879999,30.1,7820100.0,0.13000100000000003
7.0,21.0,29.389999,30.02,29.16,29.959999,1.22316E7,0.5700000000000003
7.0,20.0,29.450001,29.48,29.049999,29.24,6997900.0,-0.21000100000000188
7.0,19.0,29.200001,29.49,28.76,29.33,1.02834E7,0.12999899999999798
7.0,18.0,29.57,29.65,28.620001,29.1,1.385E7,-0.46999999999999886
7.0,15.0,30.389999,30.620001,29.52,29.76,1.04E7,-0.629998999999998
7.0,14.0,30.85,30.969999,30.030001,30.1,1.08002E7,-0.75
7.0,13.0,30.870001,31.299999,30.610001,30.75,8093200.0,-0.12000099999999847
7.0,12.0,30.24,30.940001,30.02,30.68,1.05366E7,0.4400000000000013
7.0,11.0,30.98,31.200001,30.549999,30.75,8376600.0,-0.23000000000000043
7.0,8.0,31.25,31.700001,31.16,31.58,9872100.0,0.3299999999999983
7.0,7.0,31.790001,32.080002,31.65,31.799999,1.33394E7,0.009997999999999507
7.0,6.0,31.370001,31.68,31.09,31.190001,1.42237E7,-0.17999999999999972
7.0,5.0,30.870001,31.360001,30.58,30.860001,8836900.0,-0.00999999999999801
7.0,1.0,30.35,30.860001,29.92,30.58,1.80984E7,0.22999999999999687
6.0,30.0,30.299999,30.559999,30.219999,30.360001,1.86457E7,0.06000200000000078
6.0,29.0,30.790001,30.790001,30.25,30.299999,1.27161E7,-0.4900020000000005
6.0,28.0,30.209999,30.790001,30.18,30.5,1.26983E7,0.2900010000000002
6.0,27.0,29.790001,30.459999,29.6,30.26,1.5348E7,0.4699990000000014
6.0,24.0,30.15,30.299999,29.66,29.92,5.00623E7,-0.22999999999999687
6.0,23.0,29.530001,30.200001,29.32,30.139999,1.37804E7,0.6099980000000009
6.0,22.0,29.620001,30.18,29.5,29.969999,1.55203E7,0.3499980000000029
6.0,21.0,29.51,30.0,29.43,29.59,1.26483E7,0.0799999999999983
6.0,20.0,28.870001,29.6,28.77,29.52,9038000.0,0.6499990000000011
6.0,17.0,28.73,29.059999,28.57,29.0,1.67323E7,0.2699999999999996
6.0,16.0,28.700001,28.99,28.17,28.59,1.40794E7,-0.11000100000000046
6.0,15.0,28.77,29.110001,28.639999,28.950001,1.16699E7,0.18000100000000074
6.0,14.0,28.92,29.49,28.860001,29.110001,1.09484E7,0.19000099999999875
6.0,13.0,28.9,29.08,28.290001,28.59,9791900.0,-0.3099999999999987
6.0,10.0,29.299999,29.299999,28.65,28.85,1.1734E7,-0.44999899999999826
6.0,9.0,29.200001,29.58,28.91,29.450001,1.35936E7,0.25
6.0,8.0,28.52,29.34,28.4,28.860001,1.6534E7,0.3400010000000009
6.0,7.0,28.889999,29.040001,28.389999,28.780001,1.52379E7,-0.10999800000000093
6.0,6.0,29.02,29.41,28.549999,28.559999,1.34161E7,-0.46000099999999833
6.0,3.0,29.280001,29.559999,28.9,29.120001,2.19684E7,-0.16000000000000014
6.0,2.0,30.33,30.559999,29.4,29.6,2.24409E7,-0.7299999999999969
6.0,1.0,31.700001,31.700001,30.15,30.23,1.91344E7,-1.470001
5.0,31.0,31.440001,31.870001,31.129999,31.809999,2.29389E7,0.3699980000000025
5.0,27.0,30.77,31.48,30.59,31.280001,9114200.0,0.510000999999999
5.0,26.0,31.08,31.1,30.52,30.68,1.22444E7,-0.3999999999999986
5.0,25.0,30.559999,31.379999,30.5,31.27,1.43908E7,0.7100009999999983
5.0,24.0,31.129999,31.200001,30.5,30.83,8779100.0,-0.29999900000000324
5.0,23.0,30.68,31.16,30.5,30.959999,8971700.0,0.2799990000000001
5.0,20.0,31.360001,31.5,31.1,31.18,7224100.0,-0.18000100000000074
5.0,19.0,31.530001,31.790001,31.309999,31.469999,9575300.0,-0.060001999999997224
5.0,18.0,31.07,31.620001,31.0,31.52,9949400.0,0.4499999999999993
5.0,17.0,31.059999,31.379999,30.83,31.1,1.11912E7,0.040001000000000175
5.0,16.0,31.25,31.5,31.08,31.1,7291700.0,-0.14999999999999858
5.0,13.0,31.459999,31.540001,30.85,31.07,1.08372E7,-0.38999899999999954
5.0,12.0,31.07,31.6,30.93,31.42,1.41282E7,0.3500000000000014
5.0,11.0,31.57,31.860001,31.110001,31.299999,9073300.0,-0.2700010000000006
5.0,10.0,31.469999,31.639999,31.33,31.610001,7841900.0,0.14000199999999907
5.0,9.0,31.74,32.060001,31.360001,31.389999,1.07164E7,-0.3500009999999989
5.0,6.0,32.5,32.599998,31.84,31.91,1.28018E7,-0.5899999999999999
5.0,5.0,32.060001,32.68,31.49,32.02,2.66234E7,-0.04000099999999662
5.0,4.0,33.16,33.470001,32.709999,33.040001,2.0492E7,-0.11999899999999997
5.0,3.0,32.380001,33.200001,32.360001,32.990002,2.98948E7,0.6100009999999969
5.0,2.0,32.41,32.5,31.92,32.18,1.10145E7,-0.22999999999999687
4.0,29.0,31.99,32.580002,31.91,32.09,1.37746E7,0.10000000000000497
4.0,28.0,31.76,32.099998,31.48,31.91,1.58101E7,0.14999999999999858
4.0,27.0,31.469999,31.790001,31.280001,31.780001,1.49456E7,0.3100019999999972
4.0,26.0,31.389999,31.51,30.959999,31.27,1.57E7,-0.11999899999999997
4.0,25.0,31.0,31.190001,30.32,31.139999,1.54425E7,0.13999899999999954
4.0,21.0,30.049999,31.0,30.01,30.950001,1.89208E7,0.9000020000000006
4.0,20.0,29.76,30.379999,29.42,29.93,2.20381E7,0.16999999999999815
4.0,19.0,29.809999,29.91,29.17,29.59,1.99148E7,-0.2199990000000014
4.0,18.0,30.059999,30.34,29.9,29.969999,1.27456E7,-0.08999999999999986
4.0,15.0,30.59,30.719999,30.18,30.24,9882800.0,-0.3500000000000014
4.0,14.0,30.65,30.860001,30.35,30.58,9044800.0,-0.07000000000000028
4.0,13.0,31.23,31.32,30.59,30.860001,1.37811E7,-0.36999899999999997
4.0,12.0,30.4,31.34,30.1,31.15,1.96486E7,0.75
4.0,11.0,31.34,31.450001,30.549999,30.77,1.51791E7,-0.5700000000000003
4.0,8.0,32.400002,32.75,31.33,31.52,1.60577E7,-0.8800020000000011
4.0,7.0,32.84,32.84,32.07,32.310001,1.12424E7,-0.5299990000000037
4.0,6.0,33.0,33.279999,32.52,32.869999,8160100.0,-0.13000100000000003
4.0,5.0,32.32,32.869999,32.099998,32.869999,1.01069E7,0.5499989999999997
4.0,4.0,32.5,32.720001,32.200001,32.389999,1.23314E7,-0.1100009999999969
4.0,1.0,31.389999,32.630001,30.84,32.41,2.98831E7,1.020000999999997
3.0,31.0,31.4,31.549999,31.0,31.030001,8976600.0,-0.36999899999999997
3.0,30.0,31.16,31.639999,31.040001,31.549999,7657000.0,0.38999899999999954
3.0,29.0,30.93,31.17,30.68,31.1,9756700.0,0.1700000000000017
3.0,28.0,31.58,31.58,30.85,30.85,1.03026E7,-0.7299999999999969
3.0,25.0,31.49,31.700001,31.09,31.469999,1.52423E7,-0.02000099999999705
3.0,24.0,31.32,31.6,31.24,31.389999,1.57431E7,0.06999899999999926
3.0,23.0,30.6,31.280001,30.200001,31.16,2.3016E7,0.5599999999999987
3.0,22.0,31.280001,31.35,30.51,30.74,1.69821E7,-0.5400010000000002
3.0,21.0,32.240002,32.299999,31.23,31.280001,1.31965E7,-0.9600009999999983
3.0,18.0,31.74,31.950001,31.42,31.85,9861200.0,0.11000000000000298
3.0,17.0,32.18,32.389999,31.33,31.440001,1.10256E7,-0.739999000000001
3.0,16.0,32.419998,32.529999,31.4,31.780001,1.41489E7,-0.639997000000001
3.0,15.0,30.98,32.490002,30.65,32.349998,2.14713E7,1.369997999999999
3.0,14.0,32.139999,32.299999,31.43,31.59,9976500.0,-0.5499990000000032
3.0,11.0,31.25,32.060001,31.24,31.93,1.4024E7,0.6799999999999997
3.0,10.0,31.469999,31.780001,30.950001,31.42,3.83336E7,-0.04999899999999968
3.0,9.0,32.740002,32.759998,32.099998,32.25,1.12256E7,-0.49000199999999694
3.0,8.0,31.74,32.82,31.690001,32.720001,1.45094E7,0.980001000000005
3.0,7.0,32.349998,32.5,31.52,31.700001,1.50771E7,-0.649996999999999
3.0,4.0,33.07,33.080002,32.009998,32.389999,2.42409E7,-0.6800009999999972
3.0,3.0,33.029999,33.169998,32.650002,33.029999,1.76148E7,0.0
3.0,2.0,32.900002,33.169998,32.59,32.880001,1.43067E7,-0.0200010000000006
3.0,1.0,33.689999,33.75,32.43,32.950001,2.73216E7,-0.7399979999999999
2.0,28.0,33.490002,33.740002,32.860001,33.529999,1.58864E7,0.039996999999999616
2.0,25.0,33.669998,34.200001,33.049999,33.25,2.90178E7,-0.41999799999999965
2.0,24.0,34.900002,35.0,32.049999,33.02,6.35628E7,-1.8800019999999975
2.0,23.0,35.849998,35.939999,33.799999,34.59,2.81925E7,-1.259997999999996
2.0,22.0,35.860001,36.150002,35.450001,35.77,1.39374E7,-0.09000099999999378
2.0,18.0,36.419998,36.759998,36.380001,36.509998,6815800.0,0.09000000000000341
2.0,17.0,36.549999,36.700001,36.299999,36.369999,7463000.0,-0.17999999999999972
2.0,16.0,36.110001,36.84,36.02,36.75,8680900.0,0.6399990000000031
2.0,15.0,36.189999,36.41,35.799999,36.110001,1.03365E7,-0.07999800000000334
2.0,14.0,36.549999,36.560001,35.470001,36.290001,7121200.0,-0.25999800000000306
2.0,11.0,35.759998,36.57,35.549999,36.450001,1.35083E7,0.6900029999999973
2.0,10.0,36.169998,36.639999,35.52,35.880001,1.15424E7,-0.2899969999999996
2.0,9.0,36.82,36.91,36.279999,36.41,6399300.0,-0.4100000000000037
2.0,8.0,36.970001,37.049999,36.400002,36.889999,6243000.0,-0.08000200000000035
2.0,7.0,36.950001,37.09,36.610001,36.700001,7328800.0,-0.25
2.0,4.0,36.25,36.73,35.889999,36.59,1.1115E7,0.3400000000000034
2.0,3.0,35.970001,36.060001,35.130001,36.060001,1.935E7,0.0899999999999963
2.0,2.0,36.459999,36.560001,35.580002,35.68,1.74347E7,-0.7799990000000037
2.0,1.0,36.93,37.23,36.130001,36.450001,2.80916E7,-0.4799989999999994
1.0,31.0,36.889999,37.049999,35.889999,36.490002,1.39548E7,-0.39999700000000615
1.0,28.0,38.0,38.02,36.009998,36.599998,3.71346E7,-1.4000020000000006
1.0,27.0,38.200001,38.950001,38.029999,38.669998,1.395E7,0.46999699999999933
1.0,26.0,38.75,38.91,37.860001,37.889999,1.15346E7,-0.8600009999999969
1.0,25.0,37.849998,38.490002,37.709999,38.400002,1.23187E7,0.5500040000000013
1.0,24.0,37.709999,37.860001,37.029999,37.639999,1.22028E7,-0.07000000000000028
1.0,21.0,37.330002,37.849998,36.82,37.240002,9548500.0,-0.09000000000000341
1.0,20.0,37.110001,37.290001,36.27,37.18,1.58449E7,0.06999900000000281
1.0,19.0,37.779999,37.93,37.259998,37.400002,1.26677E7,-0.3799969999999959
1.0,18.0,38.049999,38.330002,37.32,38.029999,8918200.0,-0.020000000000003126
1.0,14.0,38.18,38.470001,38.040001,38.200001,5894200.0,0.0200010000000006
1.0,13.0,38.66,38.709999,38.110001,38.27,1.13583E7,-0.38999999999999346
1.0,12.0,38.950001,39.369999,38.369999,38.619999,1.67739E7,-0.33000200000000035
1.0,11.0,38.66,39.43,38.509998,38.75,1.48565E7,0.09000000000000341
1.0,10.0,39.34,39.360001,38.439999,38.560001,1.83416E7,-0.7799990000000037
1.0,7.0,38.84,39.330002,38.509998,38.98,1.99011E7,0.13999999999999346
1.0,6.0,38.240002,39.48,38.07,38.900002,3.85569E7,0.6600000000000037
1.0,5.0,37.470001,38.299999,37.470001,38.07,2.25039E7,0.5999989999999968
1.0,4.0,37.099998,37.990002,36.68,37.900002,3.23634E7,0.8000040000000013
1.0,3.0,37.32,38.0,37.029999,37.060001,2.48749E7,-0.25999900000000054
12.0,31.0,36.84,36.959999,36.57,36.860001,6163900.0,0.020000999999993496
12.0,30.0,36.099998,36.98,36.02,36.82,1.69808E7,0.7200020000000009
12.0,29.0,35.470001,36.299999,35.25,36.02,2.09608E7,0.5499989999999997
12.0,28.0,35.380001,35.669998,35.07,35.32,2.3489E7,-0.06000099999999975
12.0,27.0,34.41,34.889999,34.189999,34.599998,7368300.0,0.18999800000000278
12.0,23.0,34.669998,35.52,34.619999,34.810001,2.05292E7,0.1400030000000001
12.0,22.0,33.720001,34.950001,33.529999,34.919998,2.09351E7,1.1999969999999962
12.0,21.0,33.860001,33.939999,33.720001,33.849998,9012400.0,-0.010002999999997542
12.0,20.0,33.91,34.049999,33.740002,33.759998,1.24764E7,-0.15000199999999353
12.0,17.0,33.529999,34.0,33.189999,34.0,3.56816E7,0.47000100000000344
12.0,16.0,33.57,33.860001,33.560001,33.610001,9885700.0,0.04000099999999662
12.0,15.0,33.810001,34.009998,33.610001,33.610001,1.01827E7,-0.20000000000000284
12.0,14.0,33.73,33.919998,33.450001,33.889999,1.51656E7,0.15999900000000622
12.0,13.0,33.959999,34.049999,33.700001,33.799999,1.10293E7,-0.1600000000000037
12.0,10.0,33.849998,33.990002,33.529999,33.810001,1.17417E7,-0.039996999999999616
12.0,9.0,34.360001,34.43,33.619999,33.740002,1.84022E7,-0.619999
12.0,8.0,34.610001,34.73,34.330002,34.450001,1.26039E7,-0.1599999999999966
12.0,7.0,34.75,34.889999,34.459999,34.68,2.0823E7,-0.07000000000000028
12.0,6.0,34.48,34.779999,34.41,34.48,1.16765E7,0.0
12.0,3.0,34.549999,34.599998,33.970001,34.549999,1.93952E7,0.0
12.0,2.0,34.919998,34.98,34.509998,34.68,2.31961E7,-0.23999799999999993
12.0,1.0,34.650002,34.950001,34.419998,34.779999,3.46332E7,0.12999699999999592
11.0,30.0,33.529999,34.25,33.360001,34.200001,5.74769E7,0.6700020000000038
11.0,29.0,33.799999,33.810001,33.07,33.799999,2.77769E7,0.0
11.0,26.0,33.41,33.810001,33.209999,33.799999,1.23012E7,0.3899990000000031
11.0,24.0,33.73,33.799999,33.220001,33.48,2.6138E7,-0.25
11.0,23.0,33.950001,33.990002,33.189999,33.25,3.11702E7,-0.7000010000000003
11.0,22.0,34.200001,34.48,33.810001,34.080002,3.66506E7,-0.11999899999999997
11.0,19.0,34.150002,34.5,33.110001,34.259998,1.07842E8,0.10999600000000243
11.0,18.0,35.0,35.990002,33.889999,34.189999,4.570443E8,-0.8100009999999997
