9.0,25.0,0.1,0.1,0.1,0.1,40000.0,0.0
9.0,24.0,0.1,0.1,0.1,0.1,0.0,0.0
9.0,23.0,0.1,0.1,0.1,0.1,5400.0,0.0
9.0,22.0,0.11,0.11,0.1,0.1,1000.0,-0.009999999999999995
9.0,21.0,0.1,0.1,0.1,0.1,900.0,0.0
9.0,18.0,0.08,0.1,0.08,0.1,29000.0,0.020000000000000004
9.0,17.0,0.08,0.08,0.08,0.08,0.0,0.0
9.0,16.0,0.08,0.08,0.08,0.08,0.0,0.0
9.0,15.0,0.08,0.08,0.08,0.08,2000.0,0.0
9.0,14.0,0.08,0.08,0.08,0.08,3000.0,0.0
9.0,11.0,0.08,0.08,0.08,0.08,0.0,0.0
9.0,10.0,0.08,0.08,0.08,0.08,0.0,0.0
9.0,9.0,0.08,0.08,0.08,0.08,0.0,0.0
9.0,8.0,0.08,0.08,0.08,0.08,7300.0,0.0
9.0,4.0,0.08,0.08,0.08,0.08,0.0,0.0
9.0,3.0,0.08,0.08,0.08,0.08,500.0,0.0
9.0,2.0,0.08,0.08,0.08,0.08,7000.0,0.0
9.0,1.0,0.08,0.08,0.08,0.08,2700.0,0.0
8.0,31.0,0.08,0.08,0.08,0.08,11000.0,0.0
8.0,28.0,0.08,0.08,0.08,0.08,0.0,0.0
8.0,27.0,0.08,0.08,0.08,0.08,0.0,0.0
8.0,26.0,0.08,0.08,0.08,0.08,5800.0,0.0
8.0,25.0,0.08,0.08,0.08,0.08,800.0,0.0
8.0,24.0,0.08,0.08,0.08,0.08,0.0,0.0
8.0,21.0,0.08,0.08,0.08,0.08,0.0,0.0
8.0,20.0,0.08,0.08,0.08,0.08,1200.0,0.0
8.0,19.0,0.08,0.08,0.08,0.08,10000.0,0.0
8.0,18.0,0.08,0.08,0.08,0.08,0.0,0.0
8.0,17.0,0.08,0.08,0.08,0.08,900.0,0.0
8.0,14.0,0.08,0.08,0.08,0.08,2600.0,0.0
8.0,13.0,0.08,0.08,0.08,0.08,0.0,0.0
8.0,12.0,0.08,0.08,0.08,0.08,2200.0,0.0
8.0,11.0,0.08,0.08,0.08,0.08,0.0,0.0
8.0,10.0,0.08,0.08,0.08,0.08,0.0,0.0
8.0,7.0,0.08,0.08,0.08,0.08,3000.0,0.0
8.0,6.0,0.08,0.08,0.08,0.08,1500.0,0.0
8.0,5.0,0.08,0.08,0.08,0.08,0.0,0.0
8.0,4.0,0.08,0.08,0.08,0.08,0.0,0.0
8.0,3.0,0.08,0.08,0.08,0.08,500.0,0.0
7.0,31.0,0.08,0.08,0.08,0.08,200.0,0.0
7.0,30.0,0.08,0.08,0.08,0.08,0.0,0.0
7.0,29.0,0.08,0.08,0.08,0.08,0.0,0.0
7.0,28.0,0.08,0.08,0.08,0.08,0.0,0.0
7.0,27.0,0.08,0.08,0.08,0.08,1000.0,0.0
7.0,24.0,0.08,0.08,0.08,0.08,0.0,0.0
7.0,23.0,0.08,0.08,0.08,0.08,3000.0,0.0
7.0,22.0,0.08,0.08,0.08,0.08,0.0,0.0
7.0,21.0,0.08,0.08,0.08,0.08,2500.0,0.0
7.0,20.0,0.08,0.08,0.08,0.08,0.0,0.0
7.0,17.0,0.08,0.08,0.08,0.08,400.0,0.0
7.0,16.0,0.08,0.08,0.08,0.08,0.0,0.0
7.0,15.0,0.08,0.08,0.08,0.08,1000.0,0.0
7.0,14.0,0.08,0.08,0.08,0.08,0.0,0.0
7.0,13.0,0.08,0.08,0.08,0.08,2300.0,0.0
7.0,10.0,0.1,0.1,0.1,0.1,0.0,0.0
7.0,9.0,0.1,0.1,0.1,0.1,0.0,0.0
7.0,8.0,0.1,0.1,0.1,0.1,0.0,0.0
7.0,7.0,0.1,0.1,0.1,0.1,0.0,0.0
7.0,6.0,0.1,0.1,0.1,0.1,0.0,0.0
7.0,2.0,0.1,0.1,0.1,0.1,0.0,0.0
7.0,1.0,0.1,0.1,0.1,0.1,12200.0,0.0
6.0,30.0,0.07,0.07,0.07,0.07,2700.0,0.0
6.0,29.0,0.08,0.08,0.08,0.08,2200.0,0.0
6.0,26.0,0.08,0.08,0.08,0.08,0.0,0.0
6.0,25.0,0.09,0.09,0.08,0.08,1400.0,-0.009999999999999995
6.0,24.0,0.12,0.12,0.12,0.12,0.0,0.0
6.0,23.0,0.09,0.12,0.09,0.12,2100.0,0.03
6.0,22.0,0.1,0.1,0.08,0.09,18100.0,-0.010000000000000009
6.0,19.0,0.1,0.1,0.1,0.1,0.0,0.0
6.0,18.0,0.1,0.1,0.1,0.1,0.0,0.0
6.0,17.0,0.1,0.1,0.1,0.1,0.0,0.0
6.0,16.0,0.1,0.1,0.1,0.1,500.0,0.0
6.0,15.0,0.11,0.11,0.11,0.11,3100.0,0.0
6.0,12.0,0.11,0.11,0.11,0.11,0.0,0.0
6.0,11.0,0.11,0.11,0.11,0.11,0.0,0.0
6.0,10.0,0.11,0.11,0.11,0.11,0.0,0.0
6.0,9.0,0.11,0.11,0.11,0.11,0.0,0.0
6.0,8.0,0.11,0.11,0.11,0.11,300.0,0.0
6.0,5.0,0.11,0.11,0.11,0.11,0.0,0.0
6.0,4.0,0.11,0.11,0.11,0.11,10500.0,0.0
6.0,3.0,0.11,0.11,0.11,0.11,0.0,0.0
6.0,2.0,0.11,0.11,0.11,0.11,500.0,0.0
6.0,1.0,0.13,0.13,0.13,0.13,7600.0,0.0
5.0,29.0,0.12,0.12,0.12,0.12,0.0,0.0
5.0,28.0,0.12,0.12,0.12,0.12,0.0,0.0
5.0,27.0,0.12,0.12,0.12,0.12,0.0,0.0
5.0,26.0,0.12,0.12,0.12,0.12,0.0,0.0
5.0,22.0,0.2,0.2,0.12,0.12,7300.0,-0.08000000000000002
5.0,21.0,0.11,0.11,0.11,0.11,4300.0,0.0
5.0,20.0,0.11,0.2,0.11,0.11,8900.0,0.0
5.0,19.0,0.13,0.15,0.11,0.11,36100.0,-0.020000000000000004
5.0,18.0,0.11,0.11,0.11,0.11,12800.0,0.0
5.0,15.0,0.11,0.11,0.11,0.11,0.0,0.0
5.0,14.0,0.11,0.11,0.11,0.11,200.0,0.0
5.0,13.0,0.11,0.11,0.11,0.11,700.0,0.0
5.0,12.0,0.11,0.11,0.11,0.11,0.0,0.0
5.0,11.0,0.11,0.11,0.11,0.11,0.0,0.0
5.0,8.0,0.11,0.11,0.11,0.11,5000.0,0.0
5.0,7.0,0.12,0.12,0.12,0.12,21000.0,0.0
5.0,6.0,0.14,0.14,0.1,0.1,1700.0,-0.04000000000000001
5.0,5.0,0.1,0.25,0.1,0.25,106200.0,0.15
5.0,4.0,0.09,0.09,0.08,0.08,14200.0,-0.009999999999999995
5.0,1.0,0.11,0.12,0.11,0.12,46300.0,0.009999999999999995
4.0,30.0,0.08,0.12,0.08,0.1,6400.0,0.020000000000000004
4.0,29.0,0.09,0.09,0.09,0.09,0.0,0.0
4.0,28.0,0.09,0.09,0.09,0.09,63200.0,0.0
4.0,27.0,0.09,0.09,0.09,0.09,200.0,0.0
4.0,24.0,0.09,0.09,0.09,0.09,0.0,0.0
4.0,23.0,0.08,0.09,0.08,0.09,2700.0,0.009999999999999995
4.0,22.0,0.08,0.08,0.08,0.08,9000.0,0.0
4.0,21.0,0.09,0.09,0.09,0.09,10300.0,0.0
4.0,20.0,0.09,0.09,0.09,0.09,54300.0,0.0
4.0,17.0,0.08,0.09,0.08,0.09,4500.0,0.009999999999999995
4.0,16.0,0.09,0.09,0.08,0.08,900.0,-0.009999999999999995
4.0,15.0,0.08,0.08,0.08,0.08,1000.0,0.0
4.0,14.0,0.08,0.08,0.08,0.08,18900.0,0.0
4.0,13.0,0.1,0.1,0.06,0.07,127100.0,-0.03
4.0,10.0,0.1,0.1,0.1,0.1,400.0,0.0
4.0,9.0,0.1,0.1,0.1,0.1,13500.0,0.0
4.0,8.0,0.1,0.1,0.1,0.1,500.0,0.0
4.0,7.0,0.1,0.1,0.1,0.1,1300.0,0.0
4.0,6.0,0.1,0.1,0.1,0.1,27700.0,0.0
4.0,2.0,0.1,0.1,0.09,0.1,39800.0,0.0
4.0,1.0,0.11,0.11,0.11,0.11,0.0,0.0
3.0,31.0,0.11,0.11,0.11,0.11,0.0,0.0
3.0,30.0,0.11,0.11,0.11,0.11,5100.0,0.0
3.0,27.0,0.11,0.11,0.01,0.1,64400.0,-0.009999999999999995
3.0,26.0,0.11,0.11,0.11,0.11,400.0,0.0
3.0,25.0,0.11,0.11,0.11,0.11,1300.0,0.0
3.0,24.0,0.12,0.12,0.12,0.12,0.0,0.0
3.0,23.0,0.12,0.12,0.12,0.12,2100.0,0.0
3.0,20.0,0.12,0.13,0.12,0.13,700.0,0.010000000000000009
3.0,19.0,0.14,0.14,0.14,0.14,0.0,0.0
3.0,18.0,0.14,0.14,0.14,0.14,2000.0,0.0
3.0,17.0,0.15,0.15,0.15,0.15,0.0,0.0
3.0,16.0,0.15,0.15,0.15,0.15,4500.0,0.0
3.0,13.0,0.12,0.12,0.12,0.12,300.0,0.0
3.0,12.0,0.12,0.12,0.12,0.12,800.0,0.0
3.0,11.0,0.15,0.15,0.12,0.12,2300.0,-0.03
3.0,10.0,0.14,0.15,0.12,0.12,34400.0,-0.020000000000000018
3.0,9.0,0.13,0.15,0.13,0.14,28100.0,0.010000000000000009
3.0,6.0,0.13,0.13,0.12,0.12,1800.0,-0.010000000000000009
3.0,5.0,0.15,0.15,0.13,0.13,21100.0,-0.01999999999999999
3.0,4.0,0.14,0.14,0.13,0.13,73600.0,-0.010000000000000009
3.0,3.0,0.15,0.15,0.15,0.15,3000.0,0.0
3.0,2.0,0.14,0.16,0.14,0.16,1900.0,0.01999999999999999
2.0,27.0,0.17,0.17,0.17,0.17,0.0,0.0
2.0,26.0,0.17,0.17,0.16,0.17,2100.0,0.0
2.0,25.0,0.14,0.14,0.14,0.14,0.0,0.0
2.0,24.0,0.16,0.17,0.14,0.14,4100.0,-0.01999999999999999
2.0,23.0,0.16,0.16,0.16,0.16,10000.0,0.0
2.0,20.0,0.14,0.14,0.14,0.14,0.0,0.0
2.0,19.0,0.14,0.16,0.14,0.14,11200.0,0.0
2.0,18.0,0.14,0.17,0.14,0.14,16500.0,0.0
2.0,17.0,0.14,0.17,0.14,0.17,300.0,0.03
2.0,13.0,0.13,0.15,0.13,0.15,19100.0,0.01999999999999999
2.0,12.0,0.16,0.16,0.16,0.16,0.0,0.0
2.0,11.0,0.15,0.17,0.15,0.16,22100.0,0.010000000000000009
2.0,10.0,0.17,0.17,0.15,0.15,700.0,-0.020000000000000018
2.0,9.0,0.14,0.17,0.14,0.17,86400.0,0.03
2.0,6.0,0.15,0.16,0.14,0.16,42300.0,0.010000000000000009
2.0,5.0,0.14,0.15,0.14,0.15,27500.0,0.009999999999999981
2.0,4.0,0.14,0.14,0.14,0.14,500.0,0.0
2.0,3.0,0.14,0.16,0.14,0.14,15300.0,0.0
2.0,2.0,0.15,0.15,0.14,0.14,20300.0,-0.009999999999999981
1.0,30.0,0.13,0.15,0.13,0.15,10800.0,0.01999999999999999
1.0,29.0,0.16,0.16,0.14,0.14,28000.0,-0.01999999999999999
1.0,28.0,0.16,0.16,0.16,0.16,4000.0,0.0
1.0,27.0,0.16,0.16,0.16,0.16,0.0,0.0
1.0,26.0,0.14,0.16,0.14,0.16,1500.0,0.01999999999999999
1.0,23.0,0.14,0.16,0.14,0.16,12900.0,0.01999999999999999
1.0,22.0,0.15,0.15,0.14,0.15,45700.0,0.0
1.0,21.0,0.17,0.17,0.17,0.17,0.0,0.0
1.0,20.0,0.16,0.17,0.15,0.17,69000.0,0.010000000000000009
1.0,16.0,0.14,0.16,0.14,0.16,1500.0,0.01999999999999999
1.0,15.0,0.16,0.16,0.16,0.16,12400.0,0.0
1.0,14.0,0.15,0.16,0.13,0.16,40500.0,0.010000000000000009
1.0,13.0,0.16,0.17,0.14,0.15,27600.0,-0.010000000000000009
1.0,12.0,0.16,0.18,0.16,0.16,43700.0,0.0
1.0,9.0,0.16,0.16,0.16,0.16,2500.0,0.0
1.0,8.0,0.18,0.18,0.15,0.16,11700.0,-0.01999999999999999
1.0,7.0,0.19,0.19,0.15,0.15,5200.0,-0.04000000000000001
1.0,6.0,0.2,0.2,0.2,0.2,0.0,0.0
1.0,5.0,0.16,0.2,0.14,0.2,27200.0,0.04000000000000001
1.0,2.0,0.16,0.2,0.15,0.15,51100.0,-0.010000000000000009
12.0,31.0,0.14,0.19,0.14,0.19,18100.0,0.04999999999999999
12.0,30.0,0.15,0.16,0.14,0.14,69100.0,-0.009999999999999981
12.0,29.0,0.15,0.2,0.15,0.18,47800.0,0.03
12.0,26.0,0.15,0.16,0.15,0.15,106700.0,0.0
12.0,24.0,0.15,0.16,0.15,0.15,19000.0,0.0
12.0,23.0,0.15,0.16,0.15,0.15,56800.0,0.0
12.0,22.0,0.15,0.16,0.15,0.15,26600.0,0.0
12.0,19.0,0.16,0.16,0.15,0.15,51500.0,-0.010000000000000009
12.0,18.0,0.23,0.23,0.16,0.16,2400.0,-0.07
12.0,17.0,0.16,0.18,0.16,0.18,5300.0,0.01999999999999999
12.0,16.0,0.17,0.17,0.15,0.15,19800.0,-0.020000000000000018
12.0,15.0,0.18,0.2,0.18,0.18,12700.0,0.0
12.0,12.0,0.18,0.18,0.18,0.18,600.0,0.0
12.0,11.0,0.29,0.29,0.18,0.18,4200.0,-0.10999999999999999
12.0,10.0,0.23,0.23,0.18,0.2,6400.0,-0.03
12.0,9.0,0.23,0.23,0.23,0.23,300.0,0.0
12.0,8.0,0.18,0.18,0.18,0.18,3600.0,0.0
12.0,5.0,0.24,0.24,0.18,0.23,7100.0,-0.009999999999999981
12.0,4.0,0.19,0.19,0.16,0.18,127700.0,-0.010000000000000009
12.0,3.0,0.2,0.2,0.2,0.2,3600.0,0.0
12.0,2.0,0.15,0.15,0.15,0.15,300.0,0.0
12.0,1.0,0.23,0.3,0.15,0.3,14300.0,0.06999999999999998
11.0,28.0,0.25,0.25,0.25,0.25,0.0,0.0
11.0,26.0,0.25,0.25,0.25,0.25,2500.0,0.0
11.0,25.0,0.26,0.26,0.25,0.25,2300.0,-0.010000000000000009
11.0,24.0,0.26,0.26,0.25,0.26,8600.0,0.0
11.0,21.0,0.29,0.29,0.25,0.29,5700.0,0.0
11.0,20.0,0.25,0.29,0.25,0.29,42600.0,0.03999999999999998
11.0,19.0,0.25,0.25,0.25,0.25,7500.0,0.0
11.0,18.0,0.25,0.26,0.25,0.25,12100.0,0.0
11.0,17.0,0.25,0.29,0.25,0.25,12900.0,0.0
11.0,14.0,0.25,0.25,0.25,0.25,500.0,0.0
11.0,13.0,0.22,0.22,0.22,0.22,26600.0,0.0
11.0,12.0,0.2,0.21,0.2,0.21,6000.0,0.009999999999999981
11.0,11.0,0.2,0.2,0.2,0.2,8800.0,0.0
11.0,10.0,0.15,0.27,0.15,0.2,114600.0,0.05000000000000002
11.0,7.0,0.15,0.17,0.15,0.15,19600.0,0.0
11.0,6.0,0.21,0.21,0.18,0.21,7100.0,0.0
11.0,5.0,0.25,0.25,0.15,0.21,21900.0,-0.04000000000000001
11.0,4.0,0.16,0.16,0.16,0.16,11500.0,0.0
11.0,3.0,0.16,0.45,0.16,0.16,5100.0,0.0
10.0,31.0,0.17,0.21,0.11,0.16,3100.0,-0.010000000000000009
10.0,30.0,0.2,0.21,0.16,0.21,7000.0,0.009999999999999981
10.0,29.0,0.22,0.22,0.19,0.22,35200.0,0.0
10.0,28.0,0.21,0.22,0.21,0.22,9800.0,0.010000000000000009
10.0,27.0,0.2,0.2,0.2,0.2,18700.0,0.0
10.0,24.0,0.22,0.24,0.21,0.22,12100.0,0.0
10.0,23.0,0.28,0.28,0.24,0.24,17400.0,-0.040000000000000036
10.0,22.0,0.24,0.25,0.22,0.25,17400.0,0.010000000000000009
10.0,21.0,0.26,0.29,0.21,0.24,27400.0,-0.020000000000000018
10.0,20.0,0.26,0.29,0.26,0.26,15000.0,0.0
10.0,17.0,0.23,0.25,0.23,0.25,12500.0,0.01999999999999999
10.0,16.0,0.23,0.25,0.22,0.22,22700.0,-0.010000000000000009
10.0,15.0,0.25,0.25,0.23,0.23,11300.0,-0.01999999999999999
10.0,14.0,0.34,0.34,0.21,0.25,92700.0,-0.09000000000000002
10.0,13.0,0.39,0.4,0.35,0.35,40400.0,-0.040000000000000036
10.0,10.0,0.43,0.43,0.3,0.4,6100.0,-0.02999999999999997
10.0,9.0,0.32,0.5,0.32,0.43,65600.0,0.10999999999999999
10.0,8.0,0.63,1.0,0.26,0.35,382900.0,-0.28
10.0,7.0,0.64,0.66,0.6,0.63,45000.0,-0.010000000000000009
10.0,6.0,0.69,0.69,0.56,0.62,43500.0,-0.06999999999999995
10.0,3.0,0.75,0.75,0.67,0.68,27500.0,-0.06999999999999995
10.0,2.0,0.63,0.73,0.62,0.68,30600.0,0.050000000000000044
10.0,1.0,0.65,0.71,0.58,0.69,39500.0,0.039999999999999925
9.0,30.0,0.67,0.72,0.65,0.65,59800.0,-0.020000000000000018
9.0,29.0,0.71,0.71,0.64,0.69,18700.0,-0.020000000000000018
9.0,26.0,0.73,0.77,0.7,0.72,62800.0,-0.010000000000000009
9.0,25.0,0.7,0.83,0.68,0.75,106700.0,0.050000000000000044
9.0,24.0,0.68,0.7,0.55,0.69,42900.0,0.009999999999999898
9.0,23.0,0.62,0.72,0.6,0.67,106400.0,0.050000000000000044
9.0,22.0,0.67,0.68,0.53,0.63,139000.0,-0.040000000000000036
9.0,19.0,0.68,0.72,0.68,0.7,15700.0,0.019999999999999907
9.0,18.0,0.69,0.72,0.69,0.71,7400.0,0.020000000000000018
9.0,17.0,0.73,0.73,0.68,0.72,25200.0,-0.010000000000000009
9.0,16.0,0.72,0.72,0.7,0.72,17700.0,0.0
9.0,15.0,0.8,0.8,0.71,0.73,21100.0,-0.07000000000000006
9.0,12.0,0.68,0.78,0.68,0.77,39600.0,0.08999999999999997
9.0,11.0,0.78,0.82,0.62,0.67,206200.0,-0.10999999999999999
9.0,10.0,0.81,0.82,0.75,0.81,12100.0,0.0
9.0,9.0,0.87,0.87,0.8,0.84,15400.0,-0.030000000000000027
9.0,8.0,0.79,0.88,0.79,0.87,65700.0,0.07999999999999996
9.0,5.0,0.84,0.84,0.77,0.77,5500.0,-0.06999999999999995
9.0,4.0,0.75,0.89,0.75,0.84,90200.0,0.08999999999999997
9.0,3.0,0.78,0.79,0.74,0.75,36800.0,-0.030000000000000027
9.0,2.0,0.8,0.81,0.78,0.78,35700.0,-0.020000000000000018
8.0,29.0,0.85,0.85,0.79,0.8,5400.0,-0.04999999999999993
8.0,28.0,0.85,0.85,0.81,0.84,17100.0,-0.010000000000000009
8.0,27.0,0.83,0.84,0.8,0.84,20100.0,0.010000000000000009
8.0,26.0,0.83,0.9,0.8,0.8,58500.0,-0.029999999999999916
8.0,25.0,0.68,0.86,0.65,0.79,153900.0,0.10999999999999999
8.0,22.0,0.68,0.69,0.64,0.68,26100.0,0.0
8.0,21.0,0.65,0.69,0.63,0.65,89500.0,0.0
8.0,20.0,0.68,0.68,0.62,0.64,43300.0,-0.040000000000000036
8.0,19.0,0.68,0.68,0.63,0.67,42500.0,-0.010000000000000009
8.0,18.0,0.69,0.71,0.68,0.7,60800.0,0.010000000000000009
8.0,15.0,0.89,0.89,0.62,0.74,147900.0,-0.15000000000000002
8.0,14.0,0.84,0.9,0.77,0.81,146300.0,-0.029999999999999916
8.0,13.0,0.57,0.94,0.57,0.84,436700.0,0.27
8.0,12.0,0.4,0.65,0.4,0.58,443000.0,0.17999999999999994
8.0,11.0,0.39,0.46,0.37,0.41,277000.0,0.019999999999999962
8.0,8.0,0.71,0.71,0.44,0.45,282700.0,-0.25999999999999995
8.0,7.0,0.84,0.85,0.66,0.67,303600.0,-0.16999999999999993
8.0,6.0,0.9,0.91,0.81,0.87,72700.0,-0.030000000000000027
8.0,5.0,0.91,0.93,0.91,0.92,24800.0,0.010000000000000009
8.0,4.0,0.95,0.95,0.92,0.93,27700.0,-0.019999999999999907
8.0,1.0,0.94,0.97,0.94,0.96,41000.0,0.020000000000000018
7.0,31.0,0.91,0.93,0.91,0.93,15600.0,0.020000000000000018
7.0,30.0,0.92,0.93,0.9,0.93,40700.0,0.010000000000000009
7.0,29.0,0.92,0.92,0.91,0.92,30100.0,0.0
7.0,28.0,0.92,0.93,0.9,0.91,79700.0,-0.010000000000000009
7.0,25.0,0.98,1.0,0.9,0.93,132800.0,-0.04999999999999993
7.0,24.0,1.25,1.3,0.75,1.03,542900.0,-0.21999999999999997
7.0,23.0,1.44,1.51,1.4,1.44,46400.0,0.0
7.0,22.0,1.42,1.43,1.38,1.41,10800.0,-0.010000000000000009
7.0,21.0,1.38,1.43,1.36,1.38,18600.0,0.0
7.0,18.0,1.39,1.4,1.37,1.39,16800.0,0.0
7.0,17.0,1.37,1.39,1.37,1.38,28000.0,0.009999999999999787
7.0,16.0,1.4,1.42,1.37,1.38,18100.0,-0.020000000000000018
7.0,15.0,1.42,1.42,1.37,1.39,4500.0,-0.030000000000000027
7.0,14.0,1.41,1.53,1.33,1.35,104000.0,-0.05999999999999983
7.0,11.0,1.37,1.41,1.32,1.38,33800.0,0.009999999999999787
7.0,10.0,1.37,1.4,1.33,1.33,19700.0,-0.040000000000000036
7.0,9.0,1.36,1.39,1.35,1.36,14100.0,0.0
7.0,8.0,1.41,1.47,1.36,1.39,24900.0,-0.020000000000000018
7.0,7.0,1.43,1.47,1.42,1.43,2100.0,0.0
7.0,3.0,1.49,1.49,1.41,1.42,2100.0,-0.07000000000000006
7.0,2.0,1.39,1.5,1.39,1.41,44300.0,0.020000000000000018
7.0,1.0,1.45,1.45,1.4,1.4,18700.0,-0.050000000000000044
6.0,30.0,1.44,1.52,1.39,1.39,24700.0,-0.050000000000000044
6.0,27.0,1.46,1.48,1.39,1.39,45200.0,-0.07000000000000006
6.0,26.0,1.48,1.54,1.45,1.46,12100.0,-0.020000000000000018
6.0,25.0,1.4,1.57,1.39,1.52,126700.0,0.1200000000000001
6.0,24.0,1.38,1.51,1.38,1.39,18800.0,0.010000000000000009
6.0,23.0,1.4,1.4,1.38,1.4,22800.0,0.0
6.0,20.0,1.47,1.47,1.39,1.39,63800.0,-0.08000000000000007
6.0,19.0,1.45,1.49,1.45,1.45,4900.0,0.0
6.0,18.0,1.48,1.48,1.45,1.45,15700.0,-0.030000000000000027
6.0,17.0,1.52,1.53,1.45,1.46,24700.0,-0.06000000000000005
6.0,16.0,1.53,1.55,1.51,1.52,12800.0,-0.010000000000000009
6.0,13.0,1.51,1.51,1.49,1.49,6000.0,-0.020000000000000018
6.0,12.0,1.47,1.56,1.47,1.53,35400.0,0.06000000000000005
6.0,11.0,1.54,1.54,1.45,1.49,11400.0,-0.050000000000000044
6.0,10.0,1.48,1.57,1.46,1.5,27900.0,0.020000000000000018
6.0,9.0,1.45,1.47,1.4,1.45,49700.0,0.0
6.0,6.0,1.46,1.55,1.46,1.48,46500.0,0.020000000000000018
6.0,5.0,1.5,1.56,1.45,1.46,20200.0,-0.040000000000000036
6.0,4.0,1.6,1.65,1.51,1.52,29400.0,-0.08000000000000007
6.0,3.0,1.6,1.67,1.5,1.64,100100.0,0.039999999999999813
6.0,2.0,1.69,1.69,1.58,1.64,119300.0,-0.050000000000000044
5.0,30.0,1.4,1.6,1.4,1.57,237600.0,0.17000000000000015
5.0,29.0,1.4,1.4,1.38,1.4,5000.0,0.0
5.0,28.0,1.43,1.43,1.37,1.38,10500.0,-0.050000000000000044
5.0,27.0,1.4,1.42,1.36,1.38,16800.0,-0.020000000000000018
5.0,23.0,1.49,1.49,1.36,1.4,24000.0,-0.09000000000000008
5.0,22.0,1.44,1.45,1.38,1.39,14700.0,-0.050000000000000044
5.0,21.0,1.48,1.48,1.36,1.42,46100.0,-0.06000000000000005
5.0,20.0,1.52,1.52,1.43,1.45,27500.0,-0.07000000000000006
5.0,19.0,1.36,1.46,1.33,1.43,77200.0,0.06999999999999984
5.0,16.0,1.7,1.7,1.27,1.37,409800.0,-0.32999999999999985
5.0,15.0,1.95,2.0,1.35,1.65,210600.0,-0.30000000000000004
5.0,14.0,1.95,2.15,1.92,2.06,138500.0,0.1100000000000001
5.0,13.0,1.88,1.95,1.88,1.93,64400.0,0.050000000000000044
5.0,12.0,1.76,1.93,1.76,1.88,165700.0,0.11999999999999988
5.0,9.0,1.57,1.75,1.57,1.75,90500.0,0.17999999999999994
5.0,8.0,1.88,1.89,1.38,1.56,533600.0,-0.31999999999999984
5.0,7.0,2.25,2.25,1.94,2.01,153500.0,-0.2400000000000002
5.0,6.0,2.34,2.34,2.25,2.29,74700.0,-0.04999999999999982
5.0,5.0,2.6,2.62,2.34,2.35,11200.0,-0.25
5.0,2.0,2.42,2.42,2.35,2.39,13100.0,-0.029999999999999805
5.0,1.0,2.34,2.46,2.3,2.4,18200.0,0.06000000000000005
4.0,30.0,2.4,2.46,2.34,2.34,32500.0,-0.06000000000000005
4.0,29.0,2.58,2.58,2.42,2.44,16300.0,-0.14000000000000012
4.0,28.0,2.49,2.55,2.37,2.54,42700.0,0.04999999999999982
4.0,25.0,2.52,2.6,2.48,2.58,29000.0,0.06000000000000005
4.0,24.0,2.57,2.57,2.48,2.5,41500.0,-0.06999999999999984
4.0,23.0,2.56,2.57,2.5,2.56,12400.0,0.0
4.0,22.0,2.56,2.63,2.53,2.57,35500.0,0.009999999999999787
4.0,21.0,2.54,2.56,2.51,2.53,21100.0,-0.010000000000000231
4.0,17.0,2.59,2.61,2.5,2.54,36500.0,-0.04999999999999982
4.0,16.0,2.4,2.65,2.4,2.59,63000.0,0.18999999999999995
4.0,15.0,2.43,2.5,2.3,2.39,90300.0,-0.040000000000000036
4.0,14.0,2.55,2.57,2.43,2.45,52200.0,-0.09999999999999964
4.0,11.0,2.51,2.6,2.5,2.54,50000.0,0.03000000000000025
4.0,10.0,2.45,2.53,2.45,2.5,46900.0,0.04999999999999982
4.0,9.0,2.53,2.53,2.44,2.45,26600.0,-0.07999999999999963
4.0,8.0,2.45,2.53,2.42,2.47,54800.0,0.020000000000000018
4.0,7.0,2.5,2.54,2.41,2.44,94600.0,-0.06000000000000005
4.0,4.0,2.72,2.72,2.51,2.54,75400.0,-0.18000000000000016
4.0,3.0,2.73,2.73,2.6,2.62,41900.0,-0.10999999999999988
4.0,2.0,2.7,2.74,2.57,2.7,82800.0,0.0
4.0,1.0,2.76,2.82,2.57,2.72,211100.0,-0.03999999999999959
3.0,31.0,3.23,3.23,2.63,2.78,561500.0,-0.4500000000000002
3.0,28.0,3.28,3.45,3.2,3.23,62900.0,-0.04999999999999982
3.0,27.0,3.32,3.4,3.29,3.34,18900.0,0.020000000000000018
3.0,26.0,3.6,3.68,3.33,3.38,107400.0,-0.2200000000000002
3.0,25.0,3.51,3.65,3.5,3.6,98900.0,0.0900000000000003
3.0,24.0,3.43,3.88,3.36,3.61,401900.0,0.17999999999999972
3.0,21.0,3.4,3.67,3.31,3.31,211100.0,-0.08999999999999986
3.0,20.0,3.24,3.5,3.24,3.36,101600.0,0.11999999999999966
3.0,19.0,3.4,3.7,3.18,3.22,396600.0,-0.17999999999999972
3.0,18.0,3.22,3.39,3.07,3.36,100500.0,0.13999999999999968
3.0,17.0,2.93,3.4,2.93,3.22,578600.0,0.29000000000000004
3.0,14.0,2.89,2.89,2.8,2.87,14400.0,-0.020000000000000018
3.0,13.0,2.81,2.85,2.8,2.81,17000.0,0.0
3.0,12.0,2.82,2.88,2.78,2.83,15900.0,0.010000000000000231
3.0,11.0,2.91,2.92,2.81,2.89,41300.0,-0.020000000000000018
3.0,10.0,3.09,3.09,2.89,2.94,44500.0,-0.1499999999999999
3.0,7.0,3.06,3.06,2.8,3.0,82200.0,-0.06000000000000005
3.0,6.0,2.85,3.19,2.85,3.02,347300.0,0.16999999999999993
3.0,5.0,2.6,2.85,2.6,2.83,112200.0,0.22999999999999998
3.0,4.0,2.6,2.65,2.55,2.6,21700.0,0.0
3.0,3.0,2.57,2.6,2.57,2.58,8800.0,0.010000000000000231
2.0,28.0,2.75,2.8,2.64,2.64,26900.0,-0.10999999999999988
2.0,27.0,2.75,2.78,2.71,2.74,13300.0,-0.009999999999999787
2.0,26.0,2.6,2.86,2.56,2.73,144100.0,0.1299999999999999
2.0,25.0,2.61,2.69,2.55,2.55,28500.0,-0.06000000000000005
2.0,24.0,2.57,2.6,2.56,2.59,31400.0,0.020000000000000018
2.0,21.0,2.61,2.61,2.58,2.59,18400.0,-0.020000000000000018
2.0,20.0,2.62,2.74,2.56,2.59,36400.0,-0.03000000000000025
2.0,19.0,2.64,2.64,2.59,2.61,14300.0,-0.03000000000000025
2.0,18.0,2.66,2.69,2.61,2.63,24700.0,-0.03000000000000025
2.0,14.0,2.62,2.77,2.62,2.67,24400.0,0.04999999999999982
2.0,13.0,2.61,2.64,2.6,2.6,18200.0,-0.009999999999999787
2.0,12.0,2.6,2.66,2.6,2.64,18000.0,0.040000000000000036
2.0,11.0,2.56,2.67,2.56,2.58,64700.0,0.020000000000000018
2.0,10.0,2.67,2.67,2.55,2.6,42400.0,-0.06999999999999984
2.0,7.0,2.73,2.73,2.6,2.68,23800.0,-0.04999999999999982
2.0,6.0,2.75,2.77,2.71,2.73,14300.0,-0.020000000000000018
2.0,5.0,2.71,2.72,2.65,2.69,14700.0,-0.020000000000000018
2.0,4.0,2.8,2.8,2.69,2.71,26800.0,-0.08999999999999986
2.0,3.0,2.87,2.87,2.76,2.78,33900.0,-0.0900000000000003
1.0,31.0,2.75,2.81,2.72,2.79,17900.0,0.040000000000000036
1.0,30.0,2.79,2.85,2.77,2.84,24000.0,0.04999999999999982
1.0,29.0,2.78,2.78,2.72,2.75,21000.0,-0.029999999999999805
1.0,28.0,2.73,2.9,2.68,2.79,50200.0,0.06000000000000005
1.0,27.0,2.76,2.84,2.65,2.72,80600.0,-0.03999999999999959
1.0,24.0,2.97,2.97,2.75,2.83,98800.0,-0.14000000000000012
1.0,23.0,3.25,3.26,2.95,2.99,119100.0,-0.2599999999999998
1.0,22.0,3.05,3.37,3.05,3.21,319400.0,0.16000000000000014
1.0,21.0,2.82,3.05,2.8,3.01,269900.0,0.18999999999999995
1.0,17.0,2.77,2.83,2.7,2.78,29000.0,0.009999999999999787
1.0,16.0,2.72,2.78,2.72,2.73,13800.0,0.009999999999999787
1.0,15.0,2.71,2.8,2.7,2.76,30700.0,0.04999999999999982
1.0,14.0,2.71,2.71,2.62,2.67,32400.0,-0.040000000000000036
1.0,13.0,2.66,2.75,2.63,2.65,58200.0,-0.010000000000000231
1.0,10.0,2.88,2.95,2.75,2.81,22200.0,-0.06999999999999984
1.0,9.0,2.99,2.99,2.77,2.81,43500.0,-0.18000000000000016
1.0,8.0,2.8,3.07,2.8,2.96,85200.0,0.16000000000000014
1.0,7.0,2.64,2.85,2.64,2.78,28200.0,0.13999999999999968
1.0,6.0,2.78,2.81,2.6,2.62,54200.0,-0.1599999999999997
1.0,3.0,2.8,2.85,2.71,2.76,66700.0,-0.040000000000000036
1.0,2.0,2.91,2.91,2.79,2.82,54200.0,-0.0900000000000003
12.0,31.0,2.89,2.9,2.83,2.88,48500.0,-0.010000000000000231
12.0,30.0,2.9,3.01,2.87,2.89,60800.0,-0.009999999999999787
12.0,27.0,2.88,2.96,2.77,2.87,54300.0,-0.009999999999999787
12.0,26.0,2.9,2.97,2.88,2.89,14300.0,-0.009999999999999787
12.0,24.0,2.9,2.96,2.9,2.9,15000.0,0.0
12.0,23.0,2.88,2.99,2.88,2.96,16200.0,0.08000000000000007
12.0,20.0,2.9,2.91,2.84,2.86,11700.0,-0.040000000000000036
12.0,19.0,2.82,2.92,2.8,2.87,70100.0,0.050000000000000266
12.0,18.0,2.92,2.92,2.81,2.85,51900.0,-0.06999999999999984
12.0,17.0,3.0,3.06,2.86,2.87,74900.0,-0.1299999999999999
12.0,16.0,3.09,3.09,2.93,3.01,40000.0,-0.08000000000000007
12.0,13.0,2.99,3.11,2.87,3.03,64400.0,0.03999999999999959
12.0,12.0,2.85,3.15,2.85,2.93,131500.0,0.08000000000000007
12.0,11.0,2.99,3.01,2.8,2.82,105400.0,-0.17000000000000037
12.0,10.0,3.26,3.26,2.92,3.05,141100.0,-0.20999999999999996
12.0,9.0,3.29,3.35,3.16,3.21,91000.0,-0.08000000000000007
12.0,6.0,3.48,3.6,3.16,3.21,264900.0,-0.27
12.0,5.0,2.85,3.49,2.85,3.48,683000.0,0.6299999999999999
12.0,4.0,3.03,3.03,2.75,2.86,57900.0,-0.16999999999999993
12.0,3.0,2.9,3.25,2.9,2.95,264900.0,0.050000000000000266
12.0,2.0,2.97,3.14,2.9,2.91,94800.0,-0.06000000000000005
11.0,29.0,2.86,3.05,2.85,2.99,153000.0,0.13000000000000034
11.0,27.0,2.66,2.85,2.5,2.81,192700.0,0.1499999999999999
11.0,26.0,2.62,2.78,2.55,2.55,202300.0,-0.07000000000000028
11.0,25.0,2.45,2.82,2.27,2.62,310600.0,0.16999999999999993
11.0,22.0,2.55,2.56,2.47,2.48,54800.0,-0.06999999999999984
11.0,21.0,2.46,2.64,2.44,2.5,33200.0,0.040000000000000036
11.0,20.0,2.37,2.51,2.37,2.47,52900.0,0.10000000000000009
11.0,19.0,2.49,2.49,2.24,2.36,139200.0,-0.13000000000000034
11.0,18.0,2.6,2.62,2.45,2.52,42900.0,-0.08000000000000007
11.0,15.0,2.55,2.7,2.55,2.59,29400.0,0.040000000000000036
11.0,14.0,2.63,2.65,2.47,2.54,79300.0,-0.08999999999999986
11.0,13.0,2.8,2.8,2.2,2.6,281700.0,-0.19999999999999973
11.0,12.0,2.85,2.99,2.85,2.93,86400.0,0.08000000000000007
11.0,11.0,2.72,2.96,2.72,2.84,89400.0,0.11999999999999966
11.0,8.0,2.77,2.85,2.73,2.73,56300.0,-0.040000000000000036
11.0,7.0,2.86,2.86,2.77,2.78,34400.0,-0.08000000000000007
11.0,6.0,2.79,2.86,2.76,2.86,17700.0,0.06999999999999984
11.0,5.0,2.78,2.82,2.72,2.79,48300.0,0.010000000000000231
11.0,4.0,2.77,2.88,2.71,2.83,33500.0,0.06000000000000005
11.0,1.0,2.65,2.8,2.65,2.71,58900.0,0.06000000000000005
10.0,31.0,2.83,2.84,2.64,2.68,92800.0,-0.1499999999999999
10.0,30.0,2.87,2.95,2.76,2.83,37600.0,-0.040000000000000036
10.0,29.0,2.8,2.88,2.8,2.83,42700.0,0.03000000000000025
10.0,28.0,2.79,2.92,2.76,2.77,117500.0,-0.020000000000000018
10.0,25.0,3.11,3.11,2.75,2.78,195900.0,-0.33000000000000007
10.0,24.0,3.1,3.19,3.06,3.14,77200.0,0.040000000000000036
10.0,23.0,3.1,3.19,2.94,3.1,144900.0,0.0
10.0,22.0,3.04,3.1,2.73,3.1,396900.0,0.06000000000000005
10.0,21.0,3.06,3.23,3.01,3.09,248300.0,0.029999999999999805
10.0,18.0,2.93,3.22,2.88,3.02,410800.0,0.08999999999999986
10.0,17.0,2.68,3.17,2.5,2.93,672100.0,0.25
10.0,16.0,2.77,2.77,2.51,2.66,358500.0,-0.10999999999999988
10.0,15.0,2.55,2.94,2.51,2.59,992200.0,0.040000000000000036
10.0,14.0,2.3,2.57,2.19,2.51,222200.0,0.20999999999999996
10.0,11.0,2.25,2.55,2.18,2.31,575600.0,0.06000000000000005
10.0,10.0,2.0,2.34,2.0,2.25,350500.0,0.25
10.0,9.0,1.82,2.04,1.82,1.98,114800.0,0.15999999999999992
10.0,8.0,1.93,1.95,1.77,1.89,54300.0,-0.040000000000000036
10.0,7.0,1.76,1.98,1.76,1.92,146900.0,0.15999999999999992
10.0,4.0,1.79,1.8,1.7,1.77,88300.0,-0.020000000000000018
10.0,3.0,1.8,1.85,1.67,1.75,70200.0,-0.050000000000000044
10.0,2.0,1.89,1.89,1.8,1.8,46400.0,-0.08999999999999986
10.0,1.0,1.85,1.89,1.83,1.88,59200.0,0.029999999999999805
9.0,30.0,1.8,1.85,1.69,1.78,55200.0,-0.020000000000000018
9.0,27.0,1.76,1.89,1.75,1.8,138000.0,0.040000000000000036
9.0,26.0,1.69,1.77,1.69,1.74,27200.0,0.050000000000000044
9.0,25.0,1.69,1.75,1.66,1.7,39200.0,0.010000000000000009
9.0,24.0,1.64,1.7,1.64,1.7,20500.0,0.06000000000000005
9.0,23.0,1.66,1.7,1.62,1.65,36300.0,-0.010000000000000009
9.0,20.0,1.69,1.7,1.63,1.65,15600.0,-0.040000000000000036
9.0,19.0,1.65,1.75,1.62,1.71,47300.0,0.06000000000000005
9.0,18.0,1.62,1.69,1.62,1.64,18700.0,0.019999999999999796
9.0,17.0,1.61,1.71,1.61,1.65,34600.0,0.039999999999999813
9.0,16.0,1.75,1.83,1.68,1.68,70100.0,-0.07000000000000006
9.0,13.0,1.73,1.74,1.61,1.73,19500.0,0.0
9.0,12.0,1.71,1.73,1.66,1.68,26000.0,-0.030000000000000027
9.0,11.0,1.63,1.73,1.55,1.72,57100.0,0.09000000000000008
9.0,10.0,1.66,1.66,1.55,1.64,94400.0,-0.020000000000000018
9.0,9.0,1.7,1.74,1.63,1.64,73100.0,-0.06000000000000005
9.0,6.0,1.73,1.74,1.67,1.71,19400.0,-0.020000000000000018
9.0,5.0,1.78,1.8,1.67,1.68,61200.0,-0.10000000000000009
9.0,4.0,1.7,1.78,1.65,1.75,44200.0,0.050000000000000044
9.0,3.0,1.7,1.73,1.63,1.65,30400.0,-0.050000000000000044
8.0,30.0,1.69,1.7,1.62,1.68,84000.0,-0.010000000000000009
8.0,29.0,1.74,1.77,1.71,1.71,70300.0,-0.030000000000000027
8.0,28.0,1.83,1.87,1.73,1.76,69600.0,-0.07000000000000006
8.0,27.0,1.93,1.96,1.77,1.86,144500.0,-0.06999999999999984
8.0,26.0,2.03,2.03,1.9,1.91,75900.0,-0.11999999999999988
8.0,23.0,2.0,2.05,1.97,2.01,43500.0,0.009999999999999787
8.0,22.0,2.05,2.06,1.95,2.01,61200.0,-0.040000000000000036
8.0,21.0,2.01,2.05,1.88,2.04,162100.0,0.03000000000000025
8.0,20.0,2.15,2.23,2.0,2.03,195600.0,-0.1200000000000001
8.0,19.0,2.3,2.42,2.12,2.18,371600.0,-0.11999999999999966
8.0,16.0,1.95,2.35,1.95,2.2,754300.0,0.2500000000000002
8.0,15.0,1.96,2.12,1.87,1.94,349000.0,-0.020000000000000018
8.0,14.0,1.93,2.14,1.89,1.89,386300.0,-0.040000000000000036
8.0,13.0,1.77,2.15,1.75,1.89,744400.0,0.11999999999999988
8.0,12.0,1.75,1.79,1.71,1.73,47100.0,-0.020000000000000018
8.0,9.0,1.67,1.82,1.66,1.77,138600.0,0.10000000000000009
8.0,8.0,1.78,1.78,1.68,1.68,99800.0,-0.10000000000000009
8.0,7.0,1.83,1.83,1.78,1.78,87200.0,-0.050000000000000044
8.0,6.0,1.75,1.95,1.75,1.78,249000.0,0.030000000000000027
8.0,5.0,1.68,1.75,1.68,1.75,26600.0,0.07000000000000006
8.0,2.0,1.76,1.76,1.68,1.68,43400.0,-0.08000000000000007
8.0,1.0,1.75,1.84,1.7,1.72,73800.0,-0.030000000000000027
7.0,31.0,1.67,1.88,1.67,1.7,272600.0,0.030000000000000027
7.0,30.0,1.75,1.75,1.65,1.65,38700.0,-0.10000000000000009
7.0,29.0,1.68,1.86,1.62,1.75,200300.0,0.07000000000000006
7.0,26.0,1.69,1.76,1.62,1.64,53500.0,-0.050000000000000044
7.0,25.0,1.6,1.68,1.6,1.67,9600.0,0.06999999999999984
7.0,24.0,1.67,1.7,1.6,1.6,26400.0,-0.06999999999999984
7.0,23.0,1.53,1.83,1.53,1.67,289600.0,0.1399999999999999
7.0,22.0,1.4,1.57,1.4,1.49,93100.0,0.09000000000000008
7.0,19.0,1.38,1.47,1.38,1.41,18700.0,0.030000000000000027
7.0,18.0,1.42,1.47,1.4,1.4,17700.0,-0.020000000000000018
7.0,17.0,1.47,1.47,1.4,1.43,12000.0,-0.040000000000000036
7.0,16.0,1.49,1.49,1.41,1.41,9000.0,-0.08000000000000007
7.0,15.0,1.45,1.48,1.38,1.46,28300.0,0.010000000000000009
7.0,12.0,1.41,1.45,1.4,1.45,3000.0,0.040000000000000036
7.0,11.0,1.49,1.49,1.41,1.41,11400.0,-0.08000000000000007
7.0,10.0,1.49,1.54,1.42,1.46,19600.0,-0.030000000000000027
7.0,9.0,1.5,1.66,1.39,1.46,49700.0,-0.040000000000000036
7.0,8.0,1.38,1.59,1.37,1.52,178100.0,0.14000000000000012
7.0,5.0,1.36,1.39,1.36,1.39,4200.0,0.029999999999999805
7.0,3.0,1.41,1.41,1.32,1.38,21600.0,-0.030000000000000027
7.0,2.0,1.36,1.45,1.34,1.38,40800.0,0.019999999999999796
7.0,1.0,1.39,1.4,1.38,1.4,9700.0,0.010000000000000009
6.0,28.0,1.39,1.4,1.38,1.38,1300.0,-0.010000000000000009
6.0,27.0,1.36,1.39,1.36,1.39,7700.0,0.029999999999999805
6.0,26.0,1.36,1.42,1.36,1.36,6900.0,0.0
6.0,25.0,1.4,1.42,1.31,1.36,30500.0,-0.039999999999999813
6.0,24.0,1.39,1.4,1.35,1.36,19400.0,-0.029999999999999805
6.0,21.0,1.39,1.42,1.39,1.4,25000.0,0.010000000000000009
6.0,20.0,1.42,1.43,1.33,1.37,45900.0,-0.04999999999999982
6.0,19.0,1.53,1.53,1.43,1.47,21100.0,-0.06000000000000005
6.0,18.0,1.5,1.54,1.42,1.54,24900.0,0.040000000000000036
6.0,17.0,1.56,1.57,1.46,1.47,45800.0,-0.09000000000000008
6.0,14.0,1.64,1.64,1.45,1.54,56100.0,-0.09999999999999987
6.0,13.0,1.57,1.88,1.5,1.61,437300.0,0.040000000000000036
6.0,12.0,1.46,1.73,1.42,1.63,373200.0,0.16999999999999993
6.0,11.0,1.36,1.54,1.36,1.45,115800.0,0.08999999999999986
6.0,10.0,1.38,1.42,1.38,1.38,8200.0,0.0
6.0,7.0,1.36,1.42,1.33,1.41,16000.0,0.04999999999999982
6.0,6.0,1.45,1.45,1.33,1.39,28700.0,-0.06000000000000005
6.0,5.0,1.47,1.49,1.43,1.44,16200.0,-0.030000000000000027
6.0,4.0,1.43,1.54,1.38,1.42,22200.0,-0.010000000000000009
6.0,3.0,1.39,1.47,1.38,1.47,34700.0,0.08000000000000007
5.0,31.0,1.37,1.42,1.34,1.39,30500.0,0.019999999999999796
5.0,30.0,1.36,1.43,1.36,1.41,9100.0,0.04999999999999982
5.0,29.0,1.44,1.44,1.31,1.4,41700.0,-0.040000000000000036
5.0,28.0,1.52,1.56,1.44,1.45,25400.0,-0.07000000000000006
5.0,24.0,1.53,1.53,1.49,1.52,5400.0,-0.010000000000000009
5.0,23.0,1.56,1.56,1.48,1.49,3700.0,-0.07000000000000006
5.0,22.0,1.4,1.63,1.4,1.57,111400.0,0.17000000000000015
5.0,21.0,1.55,1.55,1.34,1.42,32300.0,-0.13000000000000012
5.0,20.0,1.48,1.52,1.48,1.48,17200.0,0.0
5.0,17.0,1.5,1.54,1.33,1.41,43100.0,-0.09000000000000008
5.0,16.0,1.67,1.68,1.47,1.49,72200.0,-0.17999999999999994
5.0,15.0,1.41,1.74,1.37,1.47,265400.0,0.06000000000000005
5.0,14.0,1.27,1.29,1.26,1.29,7500.0,0.020000000000000018
5.0,13.0,1.28,1.3,1.18,1.3,16900.0,0.020000000000000018
5.0,10.0,1.25,1.28,1.25,1.28,2800.0,0.030000000000000027
5.0,9.0,1.26,1.34,1.25,1.26,7100.0,0.0
5.0,8.0,1.31,1.31,1.28,1.3,4000.0,-0.010000000000000009
5.0,7.0,1.28,1.34,1.28,1.33,20500.0,0.050000000000000044
5.0,6.0,1.41,1.41,1.26,1.33,7100.0,-0.07999999999999985
5.0,3.0,1.26,1.37,1.26,1.35,16400.0,0.09000000000000008
5.0,2.0,1.28,1.4,1.25,1.25,15300.0,-0.030000000000000027
5.0,1.0,1.3,1.3,1.29,1.3,1400.0,0.0
4.0,30.0,1.28,1.28,1.28,1.28,100.0,0.0
4.0,29.0,1.3,1.38,1.25,1.26,15300.0,-0.040000000000000036
4.0,26.0,1.27,1.34,1.23,1.25,4100.0,-0.020000000000000018
4.0,25.0,1.34,1.34,1.21,1.34,6000.0,0.0
4.0,24.0,1.21,1.35,1.21,1.34,33400.0,0.13000000000000012
4.0,23.0,1.33,1.33,1.21,1.21,3100.0,-0.1200000000000001
4.0,22.0,1.3,1.3,1.3,1.3,800.0,0.0
4.0,19.0,1.25,1.29,1.24,1.29,8000.0,0.040000000000000036
4.0,18.0,1.3,1.3,1.24,1.25,10500.0,-0.050000000000000044
4.0,17.0,1.31,1.33,1.19,1.28,14600.0,-0.030000000000000027
4.0,16.0,1.31,1.37,1.31,1.37,2100.0,0.06000000000000005
4.0,15.0,1.35,1.4,1.14,1.32,50600.0,-0.030000000000000027
4.0,12.0,1.45,1.45,1.29,1.41,29200.0,-0.040000000000000036
4.0,11.0,1.49,1.49,1.42,1.45,2100.0,-0.040000000000000036
4.0,10.0,1.41,1.51,1.4,1.42,16500.0,0.010000000000000009
4.0,9.0,1.49,1.5,1.4,1.4,12300.0,-0.09000000000000008
4.0,8.0,1.49,1.49,1.4,1.44,10400.0,-0.050000000000000044
4.0,5.0,1.44,1.44,1.4,1.44,2700.0,0.0
4.0,4.0,1.41,1.45,1.4,1.43,6000.0,0.020000000000000018
4.0,3.0,1.4,1.53,1.4,1.4,5900.0,0.0
4.0,2.0,1.41,1.47,1.41,1.42,7400.0,0.010000000000000009
4.0,1.0,1.4,1.49,1.4,1.41,11200.0,0.010000000000000009
3.0,28.0,1.55,1.65,1.44,1.49,62000.0,-0.06000000000000005
3.0,27.0,1.47,1.55,1.46,1.55,5900.0,0.08000000000000007
3.0,26.0,1.5,1.5,1.45,1.49,16000.0,-0.010000000000000009
3.0,25.0,1.5,1.5,1.46,1.46,5500.0,-0.040000000000000036
3.0,22.0,1.49,1.49,1.45,1.47,4200.0,-0.020000000000000018
3.0,21.0,1.49,1.49,1.46,1.47,8100.0,-0.020000000000000018
3.0,20.0,1.5,1.51,1.46,1.49,3500.0,-0.010000000000000009
3.0,19.0,1.5,1.57,1.49,1.5,10600.0,0.0
3.0,18.0,1.69,1.69,1.41,1.49,113300.0,-0.19999999999999996
3.0,15.0,1.61,1.69,1.61,1.69,11000.0,0.07999999999999985
3.0,14.0,1.71,1.75,1.58,1.61,33000.0,-0.09999999999999987
3.0,13.0,1.61,1.74,1.6,1.71,39500.0,0.09999999999999987
3.0,12.0,1.61,1.67,1.6,1.61,27600.0,0.0
3.0,11.0,1.52,1.62,1.52,1.6,54500.0,0.08000000000000007
3.0,8.0,1.43,1.52,1.43,1.51,10100.0,0.08000000000000007
3.0,7.0,1.46,1.49,1.45,1.46,1800.0,0.0
3.0,6.0,1.51,1.53,1.48,1.51,4000.0,0.0
3.0,5.0,1.48,1.53,1.43,1.51,6800.0,0.030000000000000027
3.0,4.0,1.54,1.54,1.43,1.44,6200.0,-0.10000000000000009
3.0,1.0,1.43,1.45,1.43,1.45,6500.0,0.020000000000000018
2.0,28.0,1.44,1.44,1.42,1.43,2200.0,-0.010000000000000009
2.0,27.0,1.43,1.52,1.42,1.47,14500.0,0.040000000000000036
2.0,26.0,1.43,1.47,1.43,1.47,5700.0,0.040000000000000036
2.0,25.0,1.46,1.5,1.45,1.45,6600.0,-0.010000000000000009
2.0,22.0,1.45,1.49,1.45,1.46,4800.0,0.010000000000000009
2.0,21.0,1.45,1.48,1.45,1.46,4200.0,0.010000000000000009
2.0,20.0,1.5,1.5,1.45,1.46,16400.0,-0.040000000000000036
2.0,19.0,1.5,1.52,1.5,1.5,5200.0,0.0
2.0,15.0,1.52,1.52,1.5,1.5,5900.0,-0.020000000000000018
2.0,14.0,1.45,1.51,1.45,1.51,11100.0,0.06000000000000005
2.0,13.0,1.5,1.5,1.45,1.47,4900.0,-0.030000000000000027
2.0,12.0,1.48,1.48,1.46,1.46,700.0,-0.020000000000000018
2.0,11.0,1.44,1.48,1.43,1.48,7400.0,0.040000000000000036
2.0,8.0,1.48,1.5,1.43,1.43,4300.0,-0.050000000000000044
2.0,7.0,1.47,1.51,1.46,1.46,17300.0,-0.010000000000000009
2.0,6.0,1.5,1.53,1.45,1.53,13100.0,0.030000000000000027
2.0,5.0,1.49,1.51,1.48,1.48,6100.0,-0.010000000000000009
2.0,4.0,1.53,1.53,1.48,1.51,15800.0,-0.020000000000000018
2.0,1.0,1.6,1.61,1.53,1.53,17500.0,-0.07000000000000006
1.0,31.0,1.63,1.63,1.53,1.53,3000.0,-0.09999999999999987
1.0,30.0,1.53,1.55,1.53,1.53,5800.0,0.0
1.0,29.0,1.52,1.57,1.52,1.57,5800.0,0.050000000000000044
1.0,28.0,1.53,1.56,1.51,1.56,19000.0,0.030000000000000027
1.0,25.0,1.52,1.63,1.52,1.53,24800.0,0.010000000000000009
1.0,24.0,1.52,1.62,1.52,1.59,2500.0,0.07000000000000006
1.0,23.0,1.56,1.65,1.54,1.57,31700.0,0.010000000000000009
1.0,22.0,1.54,1.57,1.5,1.55,36400.0,0.010000000000000009
1.0,18.0,1.45,1.55,1.45,1.5,16000.0,0.050000000000000044
1.0,17.0,1.45,1.55,1.45,1.47,38400.0,0.020000000000000018
1.0,16.0,1.47,1.49,1.42,1.46,13900.0,-0.010000000000000009
1.0,15.0,1.47,1.5,1.45,1.47,12500.0,0.0
1.0,14.0,1.55,1.55,1.45,1.5,9100.0,-0.050000000000000044
1.0,11.0,1.5,1.62,1.46,1.48,39200.0,-0.020000000000000018
1.0,10.0,1.46,1.5,1.42,1.45,4800.0,-0.010000000000000009
1.0,9.0,1.43,1.5,1.42,1.48,31000.0,0.050000000000000044
1.0,8.0,1.47,1.51,1.4,1.42,52000.0,-0.050000000000000044
1.0,7.0,1.45,1.54,1.45,1.47,49400.0,0.020000000000000018
1.0,4.0,1.68,1.68,1.38,1.46,162300.0,-0.21999999999999997
1.0,3.0,1.67,1.67,1.62,1.64,38400.0,-0.030000000000000027
1.0,2.0,1.66,1.79,1.66,1.67,54800.0,0.010000000000000009
12.0,31.0,1.65,1.7,1.65,1.65,10300.0,0.0
12.0,28.0,1.74,1.9,1.7,1.7,111200.0,-0.040000000000000036
12.0,27.0,1.78,1.8,1.76,1.79,7500.0,0.010000000000000009
12.0,26.0,1.84,1.9,1.71,1.86,41100.0,0.020000000000000018
12.0,24.0,1.71,1.84,1.7,1.83,7000.0,0.1200000000000001
12.0,21.0,1.77,1.77,1.71,1.72,5000.0,-0.050000000000000044
12.0,20.0,1.75,1.85,1.7,1.78,44000.0,0.030000000000000027
12.0,19.0,1.76,1.76,1.62,1.66,74000.0,-0.10000000000000009
12.0,18.0,1.77,1.94,1.72,1.8,110800.0,0.030000000000000027
12.0,17.0,1.72,1.8,1.72,1.79,50700.0,0.07000000000000006
12.0,14.0,1.77,1.77,1.73,1.73,29100.0,-0.040000000000000036
12.0,13.0,1.73,1.78,1.7,1.77,10800.0,0.040000000000000036
12.0,12.0,1.76,1.95,1.72,1.79,49400.0,0.030000000000000027
12.0,11.0,1.82,1.95,1.76,1.77,84600.0,-0.050000000000000044
12.0,10.0,1.86,2.23,1.86,1.9,499600.0,0.039999999999999813
12.0,7.0,1.76,1.79,1.65,1.67,33500.0,-0.09000000000000008
12.0,6.0,1.71,1.89,1.7,1.79,103100.0,0.08000000000000007
12.0,5.0,1.7,1.83,1.52,1.71,91400.0,0.010000000000000009
12.0,4.0,0.9,0.9,0.85,0.88,8700.0,-0.020000000000000018
12.0,3.0,0.85,0.9,0.82,0.9,63600.0,0.050000000000000044
11.0,30.0,0.85,0.86,0.81,0.81,32900.0,-0.039999999999999925
11.0,29.0,0.9,0.9,0.83,0.85,25900.0,-0.050000000000000044
11.0,28.0,0.93,0.93,0.85,0.9,26900.0,-0.030000000000000027
11.0,27.0,0.93,0.93,0.9,0.93,8400.0,0.0
11.0,26.0,0.87,0.94,0.85,0.94,36800.0,0.06999999999999995
11.0,23.0,0.8,0.86,0.8,0.84,31000.0,0.039999999999999925
11.0,21.0,0.86,0.86,0.78,0.81,16100.0,-0.04999999999999993
11.0,20.0,0.82,0.85,0.8,0.85,8400.0,0.030000000000000027
11.0,19.0,0.84,0.86,0.81,0.82,23000.0,-0.020000000000000018
11.0,16.0,0.85,0.88,0.8,0.83,34400.0,-0.020000000000000018
11.0,15.0,0.85,0.98,0.83,0.88,63800.0,0.030000000000000027
11.0,14.0,0.96,0.96,0.8,0.84,142200.0,-0.12
11.0,13.0,1.18,1.18,0.95,0.98,102200.0,-0.19999999999999996
11.0,12.0,1.11,1.17,1.1,1.13,72600.0,0.019999999999999796
11.0,9.0,1.06,1.08,1.02,1.08,45200.0,0.020000000000000018
11.0,8.0,0.96,1.05,0.92,1.02,50400.0,0.06000000000000005
11.0,7.0,0.99,0.99,0.93,0.93,17700.0,-0.05999999999999994
11.0,6.0,1.0,1.0,0.96,0.98,24700.0,-0.020000000000000018
11.0,5.0,0.96,1.07,0.92,0.95,197300.0,-0.010000000000000009
11.0,2.0,0.87,0.95,0.84,0.94,97900.0,0.06999999999999995
11.0,1.0,0.8,0.87,0.8,0.84,23500.0,0.039999999999999925
10.0,31.0,0.85,0.88,0.82,0.82,9800.0,-0.030000000000000027
10.0,26.0,0.85,0.85,0.81,0.83,14800.0,-0.020000000000000018
10.0,25.0,0.85,0.85,0.8,0.83,11600.0,-0.020000000000000018
10.0,24.0,0.86,0.88,0.81,0.85,33000.0,-0.010000000000000009
10.0,23.0,0.88,0.9,0.85,0.87,33600.0,-0.010000000000000009
10.0,22.0,0.81,0.98,0.81,0.88,102700.0,0.06999999999999995
10.0,19.0,0.8,0.81,0.77,0.8,32900.0,0.0
10.0,18.0,0.71,0.79,0.71,0.79,13500.0,0.08000000000000007
10.0,17.0,0.72,0.75,0.7,0.74,31500.0,0.020000000000000018
10.0,16.0,0.68,0.72,0.67,0.72,57400.0,0.039999999999999925
10.0,15.0,0.68,0.68,0.67,0.68,3000.0,0.0
10.0,12.0,0.68,0.68,0.66,0.66,10300.0,-0.020000000000000018
10.0,11.0,0.66,0.68,0.66,0.68,23900.0,0.020000000000000018
10.0,10.0,0.7,0.7,0.66,0.66,20700.0,-0.039999999999999925
10.0,9.0,0.71,0.71,0.69,0.7,26500.0,-0.010000000000000009
10.0,8.0,0.72,0.73,0.71,0.71,10000.0,-0.010000000000000009
10.0,5.0,0.71,0.74,0.71,0.74,5800.0,0.030000000000000027
10.0,4.0,0.71,0.71,0.7,0.71,3200.0,0.0
10.0,3.0,0.71,0.71,0.7,0.71,6500.0,0.0
10.0,2.0,0.7,0.71,0.7,0.7,3500.0,0.0
10.0,1.0,0.71,0.71,0.7,0.7,14200.0,-0.010000000000000009
9.0,28.0,0.69,0.71,0.69,0.69,7100.0,0.0
9.0,27.0,0.68,0.69,0.68,0.69,6200.0,0.009999999999999898
9.0,26.0,0.69,0.71,0.69,0.71,8500.0,0.020000000000000018
9.0,25.0,0.72,0.72,0.68,0.69,9700.0,-0.030000000000000027
9.0,24.0,0.71,0.73,0.7,0.71,22900.0,0.0
9.0,21.0,0.7,0.7,0.68,0.68,17500.0,-0.019999999999999907
9.0,20.0,0.7,0.71,0.7,0.7,4300.0,0.0
9.0,19.0,0.7,0.72,0.7,0.71,25000.0,0.010000000000000009
9.0,18.0,0.68,0.71,0.67,0.71,5800.0,0.029999999999999916
9.0,17.0,0.69,0.7,0.68,0.69,14300.0,0.0
9.0,14.0,0.7,0.7,0.69,0.69,15100.0,-0.010000000000000009
9.0,13.0,0.71,0.72,0.67,0.69,18800.0,-0.020000000000000018
9.0,12.0,0.67,0.72,0.67,0.71,7100.0,0.039999999999999925
9.0,11.0,0.72,0.72,0.67,0.68,23500.0,-0.039999999999999925
9.0,10.0,0.7,0.73,0.69,0.7,14100.0,0.0
9.0,7.0,0.74,0.74,0.7,0.7,47400.0,-0.040000000000000036
9.0,6.0,0.78,0.78,0.75,0.75,2800.0,-0.030000000000000027
9.0,5.0,0.74,0.78,0.74,0.78,2200.0,0.040000000000000036
9.0,4.0,0.73,0.78,0.73,0.74,9000.0,0.010000000000000009
8.0,31.0,0.74,0.76,0.73,0.73,15500.0,-0.010000000000000009
8.0,30.0,0.83,0.83,0.74,0.74,10000.0,-0.08999999999999997
8.0,29.0,0.76,0.79,0.75,0.79,12400.0,0.030000000000000027
8.0,28.0,0.82,0.82,0.78,0.78,24000.0,-0.039999999999999925
8.0,27.0,0.8,0.83,0.8,0.82,42100.0,0.019999999999999907
8.0,24.0,0.8,0.83,0.8,0.8,4200.0,0.0
8.0,23.0,0.79,0.82,0.79,0.81,27900.0,0.020000000000000018
8.0,22.0,0.79,0.79,0.77,0.79,14400.0,0.0
8.0,21.0,0.79,0.79,0.78,0.78,19800.0,-0.010000000000000009
8.0,20.0,0.78,0.79,0.7,0.79,76500.0,0.010000000000000009
8.0,17.0,0.75,0.79,0.72,0.75,40800.0,0.0
8.0,16.0,0.67,0.74,0.67,0.72,93300.0,0.04999999999999993
8.0,15.0,0.85,0.85,0.63,0.66,226000.0,-0.18999999999999995
8.0,14.0,0.79,1.05,0.76,0.87,589100.0,0.07999999999999996
8.0,13.0,0.7,0.7,0.63,0.63,103600.0,-0.06999999999999995
8.0,10.0,0.7,0.73,0.7,0.7,39500.0,0.0
8.0,9.0,0.69,0.78,0.69,0.7,54300.0,0.010000000000000009
8.0,8.0,0.71,0.71,0.63,0.69,47400.0,-0.020000000000000018
8.0,7.0,0.61,0.69,0.61,0.63,43900.0,0.020000000000000018
8.0,6.0,0.64,0.65,0.63,0.64,39500.0,0.0
8.0,3.0,0.71,0.71,0.66,0.66,31900.0,-0.04999999999999993
8.0,2.0,0.72,0.75,0.7,0.71,51000.0,-0.010000000000000009
8.0,1.0,0.73,0.75,0.72,0.72,11500.0,-0.010000000000000009
7.0,31.0,0.74,0.78,0.71,0.74,18000.0,0.0
7.0,30.0,0.75,0.77,0.72,0.73,23100.0,-0.020000000000000018
7.0,27.0,0.75,0.8,0.73,0.73,12000.0,-0.020000000000000018
7.0,26.0,0.76,0.8,0.76,0.76,8200.0,0.0
7.0,25.0,0.73,0.79,0.73,0.78,17900.0,0.050000000000000044
7.0,24.0,0.77,0.77,0.71,0.73,40400.0,-0.040000000000000036
7.0,23.0,0.8,0.81,0.75,0.78,15300.0,-0.020000000000000018
7.0,20.0,0.81,0.84,0.8,0.81,23700.0,0.0
7.0,19.0,0.85,0.85,0.83,0.85,12400.0,0.0
7.0,18.0,0.81,0.88,0.81,0.81,5800.0,0.0
7.0,17.0,0.83,0.85,0.81,0.85,5300.0,0.020000000000000018
7.0,16.0,0.85,0.88,0.81,0.83,15000.0,-0.020000000000000018
7.0,13.0,0.87,0.9,0.81,0.87,17600.0,0.0
7.0,12.0,0.9,0.91,0.85,0.89,7200.0,-0.010000000000000009
7.0,11.0,0.88,0.91,0.83,0.9,6700.0,0.020000000000000018
7.0,10.0,0.87,0.9,0.84,0.84,15000.0,-0.030000000000000027
7.0,9.0,0.9,0.9,0.84,0.84,19600.0,-0.06000000000000005
7.0,6.0,0.88,0.9,0.88,0.89,12700.0,0.010000000000000009
7.0,5.0,0.88,0.88,0.87,0.87,9100.0,-0.010000000000000009
7.0,3.0,0.83,0.85,0.83,0.85,3500.0,0.020000000000000018
7.0,2.0,0.83,0.89,0.8,0.81,29400.0,-0.019999999999999907
6.0,29.0,0.82,0.83,0.79,0.8,39400.0,-0.019999999999999907
6.0,28.0,0.86,0.86,0.79,0.83,18700.0,-0.030000000000000027
6.0,27.0,0.84,0.86,0.84,0.85,15000.0,0.010000000000000009
6.0,26.0,0.84,0.85,0.81,0.84,11200.0,0.0
6.0,25.0,0.87,0.87,0.8,0.85,20600.0,-0.020000000000000018
6.0,22.0,0.89,0.93,0.8,0.87,29100.0,-0.020000000000000018
6.0,21.0,0.89,0.9,0.87,0.9,15100.0,0.010000000000000009
6.0,20.0,0.93,0.94,0.89,0.9,9200.0,-0.030000000000000027
6.0,19.0,0.84,0.97,0.84,0.89,46200.0,0.050000000000000044
6.0,18.0,0.85,0.85,0.82,0.84,19500.0,-0.010000000000000009
6.0,15.0,0.89,0.92,0.84,0.85,28100.0,-0.040000000000000036
6.0,14.0,0.9,0.91,0.84,0.89,24700.0,-0.010000000000000009
6.0,13.0,0.91,0.96,0.9,0.91,17600.0,0.0
6.0,12.0,0.96,1.01,0.9,0.9,9800.0,-0.05999999999999994
6.0,11.0,0.92,0.95,0.9,0.9,24100.0,-0.020000000000000018
6.0,8.0,0.9,0.93,0.88,0.92,17300.0,0.020000000000000018
6.0,7.0,0.9,1.01,0.87,0.92,107200.0,0.020000000000000018
6.0,6.0,0.87,0.9,0.84,0.87,13800.0,0.0
6.0,5.0,0.86,0.91,0.84,0.88,15100.0,0.020000000000000018
6.0,4.0,0.89,0.89,0.83,0.85,32100.0,-0.040000000000000036
6.0,1.0,0.9,0.96,0.85,0.88,20500.0,-0.020000000000000018
5.0,31.0,0.88,0.99,0.87,0.92,18200.0,0.040000000000000036
5.0,30.0,0.93,0.93,0.89,0.93,39300.0,0.0
5.0,29.0,0.93,1.0,0.93,0.94,19600.0,0.009999999999999898
5.0,25.0,0.95,0.97,0.93,0.94,26000.0,-0.010000000000000009
5.0,24.0,0.95,1.01,0.93,0.99,38300.0,0.040000000000000036
5.0,23.0,1.02,1.07,0.96,0.99,68800.0,-0.030000000000000027
5.0,22.0,0.88,1.1,0.87,1.02,134000.0,0.14
5.0,21.0,0.97,0.97,0.87,0.89,24700.0,-0.07999999999999996
5.0,18.0,1.0,1.04,0.89,0.89,93000.0,-0.10999999999999999
5.0,17.0,1.1,1.12,0.96,0.98,114800.0,-0.1200000000000001
5.0,16.0,1.26,1.27,1.03,1.07,290100.0,-0.18999999999999995
5.0,15.0,1.68,1.7,0.93,1.3,587800.0,-0.3799999999999999
5.0,14.0,1.56,1.68,1.56,1.65,111500.0,0.08999999999999986
5.0,11.0,1.5,1.72,1.4,1.7,374400.0,0.19999999999999996
5.0,10.0,1.23,1.49,1.21,1.47,192500.0,0.24
5.0,9.0,1.3,1.3,1.21,1.23,57600.0,-0.07000000000000006
5.0,8.0,1.32,1.32,1.27,1.3,37900.0,-0.020000000000000018
5.0,7.0,1.32,1.33,1.29,1.29,60100.0,-0.030000000000000027
5.0,4.0,1.4,1.4,1.35,1.37,28800.0,-0.029999999999999805
5.0,3.0,1.46,1.46,1.36,1.36,59000.0,-0.09999999999999987
5.0,2.0,1.39,1.43,1.36,1.42,76000.0,0.030000000000000027
5.0,1.0,1.5,1.5,1.38,1.41,74000.0,-0.09000000000000008
4.0,30.0,1.47,1.49,1.45,1.46,51000.0,-0.010000000000000009
4.0,27.0,1.55,1.55,1.46,1.51,97000.0,-0.040000000000000036
4.0,26.0,1.73,1.73,1.5,1.57,334300.0,-0.15999999999999992
4.0,25.0,1.53,1.57,1.46,1.56,126300.0,0.030000000000000027
4.0,24.0,1.55,1.71,1.48,1.55,399600.0,0.0
4.0,23.0,1.36,1.62,1.35,1.46,553000.0,0.09999999999999987
4.0,20.0,1.34,1.39,1.26,1.38,107000.0,0.039999999999999813
4.0,19.0,1.27,1.38,1.27,1.35,132100.0,0.08000000000000007
4.0,18.0,1.36,1.47,1.27,1.27,213400.0,-0.09000000000000008
4.0,17.0,1.36,1.52,1.34,1.38,304700.0,0.019999999999999796
4.0,16.0,1.65,1.65,1.42,1.5,199600.0,-0.1499999999999999
4.0,13.0,1.64,1.65,1.46,1.52,230300.0,-0.11999999999999988
4.0,12.0,1.8,1.8,1.55,1.68,495200.0,-0.1200000000000001
4.0,11.0,1.85,1.93,1.6,1.71,1169600.0,-0.14000000000000012
4.0,10.0,1.55,1.85,1.41,1.64,2232800.0,0.08999999999999986
4.0,9.0,1.21,1.35,1.07,1.24,431700.0,0.030000000000000027
4.0,5.0,1.25,1.85,1.12,1.17,1902900.0,-0.08000000000000007
4.0,4.0,0.8,1.14,0.77,1.0,274100.0,0.19999999999999996
4.0,3.0,0.92,0.92,0.71,0.75,162900.0,-0.17000000000000004
4.0,2.0,0.97,1.1,0.9,0.92,140300.0,-0.04999999999999993
3.0,30.0,0.85,1.15,0.85,0.93,348900.0,0.08000000000000007
3.0,29.0,0.81,0.85,0.7,0.85,10000.0,0.039999999999999925
3.0,28.0,0.82,0.82,0.82,0.82,3100.0,0.0
3.0,27.0,0.82,0.82,0.82,0.82,3200.0,0.0
3.0,26.0,0.8,0.82,0.79,0.82,10500.0,0.019999999999999907
3.0,23.0,0.79,0.8,0.78,0.8,4700.0,0.010000000000000009
3.0,22.0,0.79,0.8,0.79,0.79,1800.0,0.0
3.0,21.0,0.78,0.81,0.78,0.81,4200.0,0.030000000000000027
3.0,20.0,0.8,0.82,0.78,0.78,5500.0,-0.020000000000000018
3.0,19.0,0.85,0.85,0.8,0.81,2100.0,-0.039999999999999925
3.0,16.0,0.8,0.8,0.79,0.79,200.0,-0.010000000000000009
3.0,15.0,0.83,0.87,0.78,0.79,3300.0,-0.039999999999999925
3.0,14.0,0.79,0.83,0.78,0.83,4600.0,0.039999999999999925
3.0,13.0,0.81,0.82,0.78,0.82,14600.0,0.009999999999999898
3.0,12.0,0.78,0.83,0.78,0.81,19900.0,0.030000000000000027
3.0,9.0,0.8,0.8,0.77,0.78,12000.0,-0.020000000000000018
3.0,8.0,0.8,0.81,0.75,0.75,12700.0,-0.050000000000000044
3.0,7.0,0.82,0.85,0.81,0.84,3900.0,0.020000000000000018
3.0,6.0,0.87,0.89,0.81,0.86,10200.0,-0.010000000000000009
3.0,5.0,0.83,0.89,0.82,0.89,15500.0,0.06000000000000005
3.0,2.0,0.89,0.89,0.82,0.82,12100.0,-0.07000000000000006
3.0,1.0,0.81,0.89,0.81,0.89,8100.0,0.07999999999999996
2.0,29.0,0.83,0.84,0.82,0.82,7200.0,-0.010000000000000009
2.0,28.0,0.84,0.84,0.81,0.81,2000.0,-0.029999999999999916
2.0,27.0,0.81,0.85,0.81,0.83,11900.0,0.019999999999999907
2.0,24.0,0.82,0.85,0.82,0.85,7900.0,0.030000000000000027
2.0,23.0,0.84,0.85,0.82,0.83,18100.0,-0.010000000000000009
2.0,22.0,0.83,0.84,0.82,0.84,4000.0,0.010000000000000009
2.0,21.0,0.82,0.86,0.82,0.83,4000.0,0.010000000000000009
2.0,17.0,0.79,0.85,0.79,0.82,15500.0,0.029999999999999916
2.0,16.0,0.87,0.87,0.82,0.82,1900.0,-0.050000000000000044
2.0,15.0,0.84,0.9,0.84,0.87,19300.0,0.030000000000000027
2.0,14.0,0.85,0.9,0.85,0.9,12900.0,0.050000000000000044
2.0,13.0,0.8,0.83,0.8,0.82,20800.0,0.019999999999999907
2.0,10.0,0.86,0.86,0.81,0.82,11100.0,-0.040000000000000036
2.0,9.0,0.93,0.93,0.88,0.88,2200.0,-0.050000000000000044
2.0,8.0,0.89,0.92,0.84,0.92,8900.0,0.030000000000000027
2.0,7.0,0.92,0.94,0.89,0.89,19300.0,-0.030000000000000027
2.0,6.0,0.82,0.91,0.82,0.9,22300.0,0.08000000000000007
2.0,3.0,0.85,0.88,0.85,0.88,9300.0,0.030000000000000027
2.0,2.0,0.82,0.86,0.8,0.81,10200.0,-0.009999999999999898
2.0,1.0,0.75,0.87,0.75,0.82,12800.0,0.06999999999999995
1.0,31.0,0.76,0.8,0.76,0.78,5700.0,0.020000000000000018
1.0,30.0,0.76,0.77,0.75,0.76,7900.0,0.0
1.0,27.0,0.76,0.92,0.76,0.77,3300.0,0.010000000000000009
1.0,26.0,0.82,0.84,0.76,0.78,12200.0,-0.039999999999999925
1.0,25.0,0.8,0.86,0.77,0.86,9200.0,0.05999999999999994
1.0,24.0,0.8,0.81,0.8,0.8,5800.0,0.0
1.0,23.0,0.83,0.85,0.77,0.8,19800.0,-0.029999999999999916
1.0,20.0,0.83,0.86,0.81,0.86,2700.0,0.030000000000000027
1.0,19.0,0.83,0.86,0.83,0.83,2600.0,0.0
1.0,18.0,0.92,0.92,0.82,0.83,5400.0,-0.09000000000000008
1.0,17.0,0.82,0.89,0.82,0.84,4900.0,0.020000000000000018
1.0,13.0,0.83,0.85,0.83,0.83,10200.0,0.0
1.0,12.0,0.85,0.91,0.83,0.86,7100.0,0.010000000000000009
1.0,11.0,0.85,0.88,0.83,0.88,9300.0,0.030000000000000027
1.0,10.0,0.86,0.91,0.86,0.87,3700.0,0.010000000000000009
1.0,9.0,0.79,0.85,0.76,0.85,3900.0,0.05999999999999994
1.0,6.0,0.82,0.84,0.78,0.82,6800.0,0.0
1.0,5.0,0.75,0.82,0.75,0.82,4100.0,0.06999999999999995
1.0,4.0,0.75,0.8,0.75,0.75,6500.0,0.0
1.0,3.0,0.8,0.84,0.75,0.75,11200.0,-0.050000000000000044
12.0,30.0,0.82,0.85,0.81,0.85,5400.0,0.030000000000000027
12.0,29.0,0.8,0.82,0.8,0.81,7400.0,0.010000000000000009
12.0,28.0,0.81,0.85,0.8,0.8,14300.0,-0.010000000000000009
12.0,27.0,0.88,0.93,0.82,0.86,12900.0,-0.020000000000000018
12.0,23.0,0.84,0.93,0.84,0.93,4100.0,0.09000000000000008
12.0,22.0,0.83,0.85,0.83,0.84,4700.0,0.010000000000000009
12.0,21.0,0.83,0.83,0.8,0.82,7000.0,-0.010000000000000009
12.0,20.0,0.81,0.85,0.7,0.79,10500.0,-0.020000000000000018
12.0,19.0,0.9,0.9,0.8,0.82,5900.0,-0.08000000000000007
12.0,16.0,0.88,0.95,0.86,0.95,8400.0,0.06999999999999995
12.0,15.0,0.85,0.89,0.83,0.87,4000.0,0.020000000000000018
12.0,14.0,0.92,0.92,0.88,0.9,17000.0,-0.020000000000000018
12.0,13.0,0.95,0.95,0.92,0.92,1500.0,-0.029999999999999916
12.0,12.0,0.92,0.94,0.92,0.94,2800.0,0.019999999999999907
12.0,9.0,0.97,0.97,0.91,0.92,8000.0,-0.04999999999999993
12.0,8.0,0.98,0.99,0.97,0.97,2500.0,-0.010000000000000009
12.0,7.0,1.03,1.03,0.98,0.98,3200.0,-0.050000000000000044
12.0,6.0,0.97,1.06,0.97,1.06,6200.0,0.09000000000000008
12.0,5.0,1.05,1.05,0.92,0.96,9000.0,-0.09000000000000008
12.0,2.0,1.17,1.17,0.97,1.08,3700.0,-0.08999999999999986
12.0,1.0,0.93,0.94,0.93,0.93,3100.0,0.0
11.0,30.0,1.0,1.0,0.94,0.95,7900.0,-0.050000000000000044
11.0,29.0,0.93,1.02,0.93,1.02,3400.0,0.08999999999999997
11.0,28.0,1.0,1.03,0.9,0.9,4600.0,-0.09999999999999998
11.0,25.0,0.9,0.99,0.9,0.95,5100.0,0.04999999999999993
11.0,23.0,1.23,1.23,0.89,1.05,22300.0,-0.17999999999999994
11.0,22.0,1.2,1.2,1.18,1.18,16000.0,-0.020000000000000018
11.0,21.0,1.3,1.3,1.2,1.2,3300.0,-0.10000000000000009
11.0,18.0,1.33,1.36,1.3,1.3,4500.0,-0.030000000000000027
11.0,17.0,1.38,1.4,1.3,1.36,3200.0,-0.019999999999999796
11.0,16.0,1.4,1.4,1.35,1.36,2700.0,-0.039999999999999813
11.0,15.0,1.4,1.4,1.3,1.39,4600.0,-0.010000000000000009
11.0,14.0,1.32,1.46,1.28,1.4,8400.0,0.07999999999999985
11.0,11.0,1.38,1.49,1.37,1.37,19600.0,-0.009999999999999787
11.0,10.0,1.34,1.35,1.27,1.27,2900.0,-0.07000000000000006
11.0,9.0,1.3,1.39,1.3,1.32,2300.0,0.020000000000000018
11.0,8.0,1.38,1.4,1.38,1.4,300.0,0.020000000000000018
11.0,7.0,1.39,1.39,1.39,1.39,1200.0,0.0
11.0,4.0,1.4,1.4,1.4,1.4,1800.0,0.0
11.0,3.0,1.3,1.37,1.3,1.37,7800.0,0.07000000000000006
11.0,2.0,1.31,1.36,1.3,1.36,2400.0,0.050000000000000044
11.0,1.0,1.22,1.25,1.19,1.19,1900.0,-0.030000000000000027
10.0,31.0,1.29,1.29,1.27,1.27,700.0,-0.020000000000000018
10.0,28.0,1.3,1.3,1.3,1.3,1600.0,0.0
10.0,27.0,1.29,1.35,1.29,1.29,11600.0,0.0
10.0,26.0,1.25,1.31,1.25,1.31,7800.0,0.06000000000000005
10.0,25.0,1.22,1.31,1.18,1.3,3900.0,0.08000000000000007
10.0,24.0,1.14,1.21,1.14,1.21,3600.0,0.07000000000000006
10.0,21.0,1.1,1.14,1.1,1.14,4800.0,0.039999999999999813
10.0,20.0,1.15,1.15,1.12,1.15,3000.0,0.0
10.0,19.0,1.17,1.19,1.15,1.15,5400.0,-0.020000000000000018
10.0,18.0,1.15,1.25,1.15,1.2,6700.0,0.050000000000000044
10.0,17.0,1.16,1.17,1.16,1.17,5900.0,0.010000000000000009
10.0,14.0,1.17,1.17,1.14,1.17,9300.0,0.0
10.0,13.0,1.11,1.17,1.11,1.14,11100.0,0.029999999999999805
10.0,12.0,1.13,1.19,1.11,1.11,13800.0,-0.019999999999999796
10.0,11.0,1.17,1.17,1.1,1.17,5000.0,0.0
10.0,10.0,1.17,1.17,1.15,1.17,7900.0,0.0
10.0,7.0,1.2,1.2,1.15,1.17,22700.0,-0.030000000000000027
10.0,6.0,1.38,1.42,1.2,1.2,7500.0,-0.17999999999999994
10.0,5.0,1.35,1.36,1.29,1.29,1000.0,-0.06000000000000005
10.0,4.0,1.21,1.44,1.17,1.28,6800.0,0.07000000000000006
10.0,3.0,1.37,1.49,1.17,1.19,7000.0,-0.18000000000000016
9.0,30.0,1.42,1.48,1.42,1.42,3800.0,0.0
9.0,29.0,1.35,1.4,1.35,1.37,3800.0,0.020000000000000018
9.0,28.0,1.55,1.55,1.32,1.35,9500.0,-0.19999999999999996
9.0,27.0,1.5,1.52,1.42,1.48,7800.0,-0.020000000000000018
9.0,26.0,1.5,1.5,1.35,1.36,10000.0,-0.1399999999999999
9.0,23.0,1.45,1.53,1.44,1.53,3300.0,0.08000000000000007
9.0,22.0,1.39,1.51,1.39,1.43,9900.0,0.040000000000000036
9.0,21.0,1.63,1.63,1.57,1.6,1900.0,-0.029999999999999805
9.0,20.0,1.67,1.81,1.63,1.64,14700.0,-0.030000000000000027
9.0,19.0,1.53,1.71,1.51,1.52,6200.0,-0.010000000000000009
9.0,16.0,1.66,1.66,1.52,1.52,4700.0,-0.1399999999999999
9.0,15.0,1.6,1.95,1.5,1.77,19700.0,0.16999999999999993
9.0,14.0,1.53,1.71,1.47,1.52,14100.0,-0.010000000000000009
9.0,13.0,1.45,1.55,1.45,1.45,8100.0,0.0
9.0,12.0,1.38,1.42,1.38,1.4,1400.0,0.020000000000000018
9.0,9.0,1.33,1.41,1.32,1.36,1700.0,0.030000000000000027
9.0,8.0,1.4,1.55,1.4,1.4,7900.0,0.0
9.0,7.0,1.4,1.4,1.4,1.4,800.0,0.0
9.0,6.0,1.4,1.52,1.4,1.43,3200.0,0.030000000000000027
9.0,2.0,1.5,1.5,1.35,1.35,600.0,-0.1499999999999999
9.0,1.0,1.49,1.49,1.45,1.45,200.0,-0.040000000000000036
8.0,31.0,1.43,1.45,1.43,1.45,1100.0,0.020000000000000018
8.0,30.0,1.49,1.55,1.49,1.52,3400.0,0.030000000000000027
8.0,29.0,1.5,1.5,1.45,1.47,700.0,-0.030000000000000027
8.0,26.0,1.39,1.4,1.34,1.4,9200.0,0.010000000000000009
8.0,25.0,1.45,1.45,1.45,1.45,1200.0,0.0
8.0,24.0,1.37,1.41,1.37,1.41,3500.0,0.039999999999999813
8.0,23.0,1.49,1.49,1.41,1.42,1100.0,-0.07000000000000006
8.0,22.0,1.5,1.54,1.36,1.43,7000.0,-0.07000000000000006
8.0,19.0,1.44,1.5,1.36,1.43,4300.0,-0.010000000000000009
8.0,18.0,1.5,1.52,1.44,1.44,2400.0,-0.06000000000000005
8.0,17.0,1.51,1.52,1.5,1.5,5600.0,-0.010000000000000009
8.0,16.0,1.58,1.61,1.44,1.45,16600.0,-0.13000000000000012
8.0,15.0,1.49,1.7,1.49,1.5,36100.0,0.010000000000000009
8.0,12.0,1.4,1.49,1.4,1.48,5900.0,0.08000000000000007
8.0,11.0,1.35,1.49,1.35,1.4,4100.0,0.04999999999999982
8.0,10.0,1.17,1.49,1.17,1.4,12700.0,0.22999999999999998
8.0,9.0,1.25,1.35,1.19,1.21,3200.0,-0.040000000000000036
8.0,8.0,1.29,1.46,1.24,1.27,14000.0,-0.020000000000000018
8.0,5.0,1.35,1.35,1.3,1.3,4900.0,-0.050000000000000044
8.0,4.0,1.51,1.55,1.3,1.35,29800.0,-0.15999999999999992
8.0,3.0,1.62,1.62,1.44,1.44,7600.0,-0.18000000000000016
8.0,2.0,1.61,1.61,1.55,1.61,9300.0,0.0
8.0,1.0,1.53,1.61,1.53,1.61,900.0,0.08000000000000007
7.0,29.0,1.46,1.53,1.45,1.49,8800.0,0.030000000000000027
7.0,28.0,1.57,1.6,1.45,1.46,13100.0,-0.1100000000000001
7.0,27.0,1.57,1.6,1.57,1.57,4700.0,0.0
7.0,26.0,1.62,1.62,1.55,1.56,7200.0,-0.06000000000000005
7.0,25.0,1.63,1.63,1.6,1.61,15000.0,-0.019999999999999796
7.0,22.0,1.53,1.6,1.52,1.58,11300.0,0.050000000000000044
7.0,21.0,1.62,1.72,1.46,1.46,24100.0,-0.16000000000000014
7.0,20.0,1.76,1.76,1.64,1.66,8100.0,-0.10000000000000009
7.0,19.0,1.92,1.92,1.77,1.77,6700.0,-0.1499999999999999
7.0,18.0,1.95,1.95,1.81,1.83,11400.0,-0.11999999999999988
7.0,15.0,1.95,2.05,1.95,1.96,10500.0,0.010000000000000009
7.0,14.0,1.95,1.96,1.75,1.92,23300.0,-0.030000000000000027
7.0,13.0,2.0,2.0,1.86,1.91,44000.0,-0.09000000000000008
7.0,12.0,1.99,2.1,1.95,2.0,30500.0,0.010000000000000009
7.0,11.0,1.82,1.99,1.74,1.93,54200.0,0.10999999999999988
7.0,8.0,1.59,1.84,1.57,1.74,15800.0,0.1499999999999999
7.0,7.0,1.42,1.57,1.33,1.56,18900.0,0.14000000000000012
7.0,6.0,1.37,1.43,1.35,1.35,12200.0,-0.020000000000000018
7.0,5.0,1.29,1.47,1.29,1.41,8500.0,0.11999999999999988
7.0,1.0,1.35,1.35,1.28,1.3,8500.0,-0.050000000000000044
6.0,30.0,1.31,1.37,1.28,1.31,13000.0,0.0
6.0,29.0,1.33,1.36,1.28,1.29,22500.0,-0.040000000000000036
6.0,28.0,1.26,1.45,1.26,1.33,6100.0,0.07000000000000006
6.0,27.0,1.32,1.33,1.27,1.27,11300.0,-0.050000000000000044
6.0,24.0,1.38,1.45,1.29,1.34,9100.0,-0.039999999999999813
6.0,23.0,1.36,1.36,1.26,1.31,2700.0,-0.050000000000000044
6.0,22.0,1.25,1.4,1.25,1.39,4600.0,0.1399999999999999
6.0,21.0,1.19,1.28,1.19,1.25,9900.0,0.06000000000000005
6.0,20.0,1.25,1.29,1.17,1.19,2600.0,-0.06000000000000005
6.0,17.0,1.18,1.27,1.18,1.24,13200.0,0.06000000000000005
6.0,16.0,1.37,1.37,1.17,1.17,12300.0,-0.20000000000000018
6.0,15.0,1.4,1.4,1.37,1.37,7300.0,-0.029999999999999805
6.0,14.0,1.45,1.46,1.39,1.4,17600.0,-0.050000000000000044
6.0,13.0,1.57,1.57,1.39,1.48,16000.0,-0.09000000000000008
6.0,10.0,1.58,1.59,1.44,1.58,4800.0,0.0
6.0,9.0,1.5,1.57,1.39,1.57,27500.0,0.07000000000000006
6.0,8.0,1.54,1.54,1.42,1.53,19100.0,-0.010000000000000009
6.0,7.0,1.66,1.66,1.55,1.55,16100.0,-0.10999999999999988
6.0,6.0,1.8,1.83,1.67,1.67,9300.0,-0.13000000000000012
6.0,3.0,1.95,1.95,1.76,1.8,24900.0,-0.1499999999999999
6.0,2.0,1.83,1.98,1.81,1.94,5600.0,0.10999999999999988
6.0,1.0,1.79,1.84,1.79,1.81,10200.0,0.020000000000000018
5.0,31.0,1.81,1.84,1.8,1.8,10800.0,-0.010000000000000009
5.0,27.0,1.89,1.89,1.81,1.81,9300.0,-0.07999999999999985
5.0,26.0,1.94,1.94,1.82,1.83,7500.0,-0.10999999999999988
5.0,25.0,1.89,1.99,1.81,1.94,10400.0,0.050000000000000044
5.0,24.0,2.07,2.07,1.88,1.91,14000.0,-0.15999999999999992
5.0,23.0,2.1,2.1,2.0,2.07,16100.0,-0.03000000000000025
5.0,20.0,2.17,2.17,2.0,2.0,17600.0,-0.16999999999999993
5.0,19.0,2.25,2.25,2.16,2.18,3900.0,-0.06999999999999984
5.0,18.0,2.1,2.21,2.1,2.21,9600.0,0.10999999999999988
5.0,17.0,2.3,2.3,2.05,2.13,22200.0,-0.16999999999999993
5.0,16.0,2.13,2.27,2.13,2.24,13500.0,0.11000000000000032
5.0,13.0,2.29,2.29,2.14,2.14,29500.0,-0.1499999999999999
5.0,12.0,2.25,2.3,2.16,2.24,29600.0,-0.009999999999999787
5.0,11.0,2.25,2.29,2.21,2.28,8600.0,0.029999999999999805
5.0,10.0,2.25,2.3,2.2,2.2,10800.0,-0.04999999999999982
5.0,9.0,2.32,2.32,2.28,2.28,6200.0,-0.040000000000000036
5.0,6.0,2.16,2.35,2.16,2.32,11000.0,0.1599999999999997
5.0,5.0,2.18,2.18,2.11,2.15,11100.0,-0.03000000000000025
5.0,4.0,2.26,2.27,2.1,2.16,23500.0,-0.09999999999999964
5.0,3.0,2.37,2.38,2.27,2.28,22800.0,-0.0900000000000003
5.0,2.0,2.3,2.36,2.3,2.3,14300.0,0.0
4.0,29.0,2.48,2.48,2.25,2.3,46000.0,-0.18000000000000016
4.0,28.0,2.5,2.55,2.45,2.48,53000.0,-0.020000000000000018
4.0,27.0,2.21,2.5,2.2,2.46,54700.0,0.25
4.0,26.0,2.1,2.12,2.06,2.1,22600.0,0.0
4.0,25.0,1.95,2.05,1.94,2.05,23100.0,0.09999999999999987
4.0,21.0,1.91,2.04,1.91,1.91,13200.0,0.0
4.0,20.0,2.1,2.12,1.8,1.93,34900.0,-0.17000000000000015
4.0,19.0,2.14,2.18,2.05,2.07,8800.0,-0.07000000000000028
4.0,18.0,2.19,2.19,2.13,2.13,23500.0,-0.06000000000000005
4.0,15.0,2.16,2.23,2.16,2.18,6500.0,0.020000000000000018
4.0,14.0,2.15,2.2,2.12,2.18,4800.0,0.03000000000000025
4.0,13.0,2.12,2.18,2.11,2.12,17400.0,0.0
4.0,12.0,2.15,2.16,2.11,2.12,20000.0,-0.029999999999999805
4.0,11.0,2.34,2.4,2.15,2.18,27100.0,-0.1599999999999997
4.0,8.0,2.29,2.35,2.25,2.32,17300.0,0.029999999999999805
4.0,7.0,2.38,2.45,2.18,2.29,38600.0,-0.08999999999999986
4.0,6.0,2.45,2.45,2.35,2.38,23800.0,-0.07000000000000028
4.0,5.0,2.48,2.5,2.4,2.46,15900.0,-0.020000000000000018
4.0,4.0,2.52,2.52,2.44,2.46,12100.0,-0.06000000000000005
4.0,1.0,2.5,2.6,2.41,2.47,19300.0,-0.029999999999999805
3.0,31.0,2.5,2.51,2.38,2.43,25700.0,-0.06999999999999984
3.0,30.0,2.42,2.5,2.36,2.48,13500.0,0.06000000000000005
3.0,29.0,2.48,2.48,2.32,2.44,26200.0,-0.040000000000000036
3.0,28.0,2.4,2.7,2.3,2.48,21400.0,0.08000000000000007
3.0,25.0,2.46,2.55,2.41,2.43,21200.0,-0.029999999999999805
3.0,24.0,2.53,2.72,2.35,2.47,22800.0,-0.05999999999999961
3.0,23.0,2.45,2.63,2.3,2.47,29800.0,0.020000000000000018
3.0,22.0,2.8,2.84,2.36,2.5,50200.0,-0.2999999999999998
3.0,21.0,2.8,2.87,2.75,2.81,6800.0,0.010000000000000231
3.0,18.0,2.84,2.84,2.75,2.78,12100.0,-0.06000000000000005
3.0,17.0,2.85,2.85,2.77,2.83,6700.0,-0.020000000000000018
3.0,16.0,2.96,2.96,2.8,2.85,14200.0,-0.10999999999999988
3.0,15.0,2.79,2.99,2.75,2.95,33000.0,0.16000000000000014
3.0,14.0,2.82,2.96,2.79,2.91,6900.0,0.0900000000000003
3.0,11.0,3.0,3.0,2.8,2.8,15800.0,-0.20000000000000018
3.0,10.0,2.9,2.96,2.9,2.96,5700.0,0.06000000000000005
3.0,9.0,2.92,2.95,2.85,2.93,10900.0,0.010000000000000231
3.0,8.0,2.96,2.96,2.9,2.9,20900.0,-0.06000000000000005
3.0,7.0,3.0,3.04,2.91,2.94,11600.0,-0.06000000000000005
3.0,4.0,3.0,3.0,2.94,2.96,14400.0,-0.040000000000000036
3.0,3.0,3.0,3.0,2.95,2.99,12200.0,-0.009999999999999787
3.0,2.0,3.05,3.05,2.94,2.98,11400.0,-0.06999999999999984
3.0,1.0,3.1,3.1,2.96,3.0,12500.0,-0.10000000000000009
2.0,28.0,2.99,3.01,2.95,2.98,7800.0,-0.010000000000000231
2.0,25.0,2.94,3.06,2.94,2.95,8200.0,0.010000000000000231
2.0,24.0,3.18,3.18,2.93,3.05,10500.0,-0.13000000000000034
2.0,23.0,3.23,3.24,3.1,3.18,13600.0,-0.04999999999999982
2.0,22.0,3.13,3.25,3.0,3.23,35900.0,0.10000000000000009
2.0,18.0,3.16,3.18,3.06,3.13,11600.0,-0.03000000000000025
2.0,17.0,3.15,3.2,3.1,3.16,37000.0,0.010000000000000231
2.0,16.0,3.03,3.15,3.0,3.15,17600.0,0.1200000000000001
2.0,15.0,3.04,3.04,2.99,3.02,7600.0,-0.020000000000000018
2.0,14.0,3.05,3.1,3.0,3.04,24300.0,-0.009999999999999787
2.0,11.0,2.97,3.05,2.9,2.94,19700.0,-0.03000000000000025
2.0,10.0,2.93,3.0,2.9,2.93,13500.0,0.0
2.0,9.0,2.84,2.99,2.79,2.9,11100.0,0.06000000000000005
2.0,8.0,2.99,3.0,2.88,2.88,31200.0,-0.11000000000000032
2.0,7.0,3.04,3.05,2.89,2.95,27400.0,-0.08999999999999986
2.0,4.0,2.95,3.01,2.95,3.0,10700.0,0.04999999999999982
2.0,3.0,3.07,3.07,2.95,2.96,4600.0,-0.10999999999999988
2.0,2.0,3.04,3.07,2.97,3.07,27900.0,0.029999999999999805
2.0,1.0,3.12,3.15,3.0,3.03,20400.0,-0.0900000000000003
1.0,31.0,3.13,3.13,2.99,2.99,21200.0,-0.13999999999999968
1.0,28.0,3.02,3.25,3.0,3.01,17800.0,-0.010000000000000231
1.0,27.0,3.05,3.05,2.97,2.97,13600.0,-0.07999999999999963
1.0,26.0,3.05,3.1,2.96,2.96,16900.0,-0.08999999999999986
1.0,25.0,3.01,3.04,2.95,3.0,13000.0,-0.009999999999999787
1.0,24.0,3.19,3.19,2.9,3.05,47700.0,-0.14000000000000012
1.0,21.0,3.15,3.2,3.06,3.1,13300.0,-0.04999999999999982
1.0,20.0,3.25,3.25,3.0,3.08,26400.0,-0.16999999999999993
1.0,19.0,3.27,3.29,3.19,3.23,13100.0,-0.040000000000000036
1.0,18.0,3.5,3.5,3.04,3.22,38800.0,-0.2799999999999998
1.0,14.0,3.45,3.45,3.04,3.15,115600.0,-0.30000000000000027
1.0,13.0,3.37,3.43,3.27,3.4,25900.0,0.029999999999999805
1.0,12.0,3.3,3.59,3.27,3.41,17100.0,0.11000000000000032
1.0,11.0,3.37,3.4,3.22,3.27,11800.0,-0.10000000000000009
1.0,10.0,3.35,3.39,3.25,3.25,10100.0,-0.10000000000000009
1.0,7.0,3.42,3.42,3.21,3.26,32500.0,-0.16000000000000014
1.0,6.0,3.52,3.55,3.37,3.37,33400.0,-0.1499999999999999
1.0,5.0,3.54,3.6,3.46,3.54,14700.0,0.0
1.0,4.0,3.71,3.71,3.5,3.58,30700.0,-0.1299999999999999
1.0,3.0,3.59,4.2,3.5,3.65,129800.0,0.06000000000000005
12.0,31.0,3.29,3.46,3.29,3.45,11900.0,0.16000000000000014
12.0,30.0,3.35,3.54,3.25,3.25,24800.0,-0.10000000000000009
12.0,29.0,3.44,3.44,3.27,3.3,13300.0,-0.14000000000000012
12.0,28.0,3.44,3.48,3.41,3.44,11100.0,0.0
12.0,27.0,3.5,3.5,3.41,3.41,9700.0,-0.08999999999999986
12.0,23.0,3.54,3.54,3.37,3.37,7600.0,-0.16999999999999993
12.0,22.0,3.45,3.5,3.27,3.45,22700.0,0.0
12.0,21.0,3.37,3.4,3.25,3.37,8600.0,0.0
12.0,20.0,3.5,3.5,3.27,3.32,12600.0,-0.18000000000000016
12.0,17.0,3.45,3.45,3.28,3.4,27400.0,-0.050000000000000266
12.0,16.0,3.37,3.37,3.18,3.25,6800.0,-0.1200000000000001
12.0,15.0,3.3,3.3,3.2,3.27,7700.0,-0.029999999999999805
12.0,14.0,3.41,3.44,3.24,3.32,19200.0,-0.0900000000000003
12.0,13.0,3.5,3.57,3.35,3.35,22100.0,-0.1499999999999999
12.0,10.0,3.55,3.59,3.36,3.5,17500.0,-0.04999999999999982
12.0,9.0,3.28,3.48,3.18,3.48,14700.0,0.20000000000000018
12.0,8.0,3.69,3.7,3.19,3.2,61300.0,-0.48999999999999977
12.0,7.0,3.5,3.57,3.41,3.41,12100.0,-0.08999999999999986
12.0,6.0,3.34,3.55,3.34,3.47,21900.0,0.13000000000000034
12.0,3.0,3.21,3.45,3.01,3.34,23900.0,0.1299999999999999
12.0,2.0,3.6,3.62,3.25,3.25,19900.0,-0.3500000000000001
12.0,1.0,3.62,3.8,3.58,3.65,8800.0,0.029999999999999805
11.0,30.0,3.79,3.88,3.61,3.8,10700.0,0.009999999999999787
11.0,29.0,3.9,3.9,3.71,3.82,14400.0,-0.08000000000000007
11.0,26.0,3.9,3.9,3.71,3.81,6700.0,-0.08999999999999986
11.0,24.0,4.0,4.08,3.86,4.08,12700.0,0.08000000000000007
11.0,23.0,3.88,4.05,3.68,4.02,8400.0,0.13999999999999968
11.0,22.0,3.86,4.1,3.86,4.04,5700.0,0.18000000000000016
11.0,19.0,4.14,4.14,3.87,4.05,5900.0,-0.08999999999999986
11.0,18.0,3.9,4.2,3.88,4.1,27500.0,0.19999999999999973
11.0,17.0,3.9,4.05,3.88,3.98,9700.0,0.08000000000000007
11.0,16.0,3.42,4.05,3.4,3.95,21700.0,0.5300000000000002
11.0,15.0,3.72,3.99,3.64,3.64,18500.0,-0.08000000000000007
11.0,12.0,4.02,4.12,3.76,3.86,20800.0,-0.1599999999999997
11.0,11.0,4.12,4.69,4.03,4.03,48400.0,-0.08999999999999986
11.0,10.0,4.02,4.26,4.02,4.26,20200.0,0.2400000000000002
11.0,9.0,3.95,4.11,3.88,4.1,39100.0,0.14999999999999947
11.0,8.0,3.96,3.96,3.77,3.94,6700.0,-0.020000000000000018
11.0,5.0,3.84,4.15,3.84,4.0,14600.0,0.16000000000000014
11.0,4.0,3.59,3.85,3.53,3.85,17000.0,0.26000000000000023
11.0,3.0,3.7,3.7,3.5,3.59,6300.0,-0.11000000000000032
11.0,2.0,3.75,3.77,3.6,3.74,3500.0,-0.009999999999999787
11.0,1.0,3.96,3.96,3.8,3.87,9100.0,-0.08999999999999986
10.0,29.0,3.88,3.94,3.8,3.94,9000.0,0.06000000000000005
10.0,28.0,3.5,3.88,3.46,3.88,19800.0,0.3799999999999999
10.0,27.0,3.42,3.5,3.42,3.5,7400.0,0.08000000000000007
10.0,26.0,3.4,3.45,3.34,3.39,4800.0,-0.009999999999999787
10.0,25.0,3.27,3.45,3.27,3.43,3500.0,0.16000000000000014
10.0,22.0,3.39,3.44,3.27,3.4,7700.0,0.009999999999999787
10.0,21.0,3.34,3.44,3.25,3.44,2100.0,0.10000000000000009
10.0,20.0,3.38,3.44,3.34,3.34,2100.0,-0.040000000000000036
10.0,19.0,3.39,3.44,3.31,3.44,9400.0,0.04999999999999982
10.0,18.0,3.35,3.4,3.35,3.4,5600.0,0.04999999999999982
10.0,15.0,3.41,3.44,3.3,3.39,2400.0,-0.020000000000000018
10.0,14.0,3.44,3.49,3.1,3.42,14600.0,-0.020000000000000018
10.0,13.0,3.14,3.46,3.14,3.45,13200.0,0.31000000000000005
10.0,12.0,3.11,3.19,3.07,3.12,6000.0,0.010000000000000231
10.0,11.0,3.08,3.18,3.01,3.15,2800.0,0.06999999999999984
10.0,8.0,3.06,3.15,3.0,3.15,2600.0,0.08999999999999986
10.0,7.0,3.11,3.2,2.86,3.14,9500.0,0.03000000000000025
10.0,6.0,3.15,3.2,3.05,3.14,4600.0,-0.009999999999999787
10.0,5.0,3.21,3.23,3.15,3.22,7300.0,0.010000000000000231
10.0,4.0,3.25,3.25,2.96,3.24,9500.0,-0.009999999999999787
10.0,1.0,3.2,3.4,3.19,3.25,4100.0,0.04999999999999982
9.0,30.0,3.2,3.28,3.2,3.2,2000.0,0.0
9.0,29.0,3.2,3.38,3.13,3.17,35700.0,-0.03000000000000025
9.0,28.0,2.97,3.16,2.91,3.04,20000.0,0.06999999999999984
9.0,27.0,3.02,3.09,2.83,2.95,9300.0,-0.06999999999999984
9.0,24.0,3.04,3.04,2.99,3.04,4900.0,0.0
9.0,23.0,2.97,3.08,2.97,3.04,8000.0,0.06999999999999984
9.0,22.0,3.1,3.15,3.06,3.12,7600.0,0.020000000000000018
9.0,21.0,3.3,3.3,3.16,3.2,4800.0,-0.09999999999999964
9.0,20.0,3.32,3.38,3.16,3.33,8000.0,0.010000000000000231
9.0,17.0,3.33,3.37,3.32,3.36,8200.0,0.029999999999999805
9.0,16.0,3.29,3.38,3.16,3.35,16400.0,0.06000000000000005
9.0,15.0,3.16,3.45,3.16,3.23,66100.0,0.06999999999999984
9.0,14.0,2.84,3.19,2.84,3.1,6100.0,0.26000000000000023
9.0,13.0,3.22,3.35,2.89,3.08,36500.0,-0.14000000000000012
9.0,10.0,2.85,3.2,2.74,3.2,88500.0,0.3500000000000001
9.0,9.0,2.77,2.95,2.77,2.95,10000.0,0.18000000000000016
9.0,8.0,3.01,3.17,2.56,2.75,25800.0,-0.2599999999999998
9.0,7.0,2.75,3.0,2.75,2.95,22200.0,0.20000000000000018
9.0,3.0,2.82,2.9,2.76,2.81,6800.0,-0.009999999999999787
9.0,2.0,3.0,3.0,2.72,2.82,25100.0,-0.18000000000000016
9.0,1.0,2.96,3.14,2.91,3.14,21700.0,0.18000000000000016
8.0,31.0,3.09,3.09,3.0,3.0,3700.0,-0.08999999999999986
8.0,30.0,3.02,3.02,2.99,3.02,6300.0,0.0
8.0,27.0,2.88,3.17,2.88,3.11,3800.0,0.22999999999999998
8.0,26.0,2.8,3.03,2.75,2.97,21500.0,0.17000000000000037
8.0,25.0,3.01,3.03,2.5,2.8,100700.0,-0.20999999999999996
8.0,24.0,3.18,3.21,2.87,3.01,10100.0,-0.17000000000000037
8.0,23.0,3.26,3.36,3.2,3.25,8400.0,-0.009999999999999787
8.0,20.0,3.26,3.41,3.25,3.31,6200.0,0.050000000000000266
8.0,19.0,3.7,3.7,3.3,3.35,19000.0,-0.3500000000000001
8.0,18.0,3.84,3.9,3.63,3.63,25600.0,-0.20999999999999996
8.0,17.0,3.96,3.96,3.62,3.74,33100.0,-0.21999999999999975
8.0,16.0,4.01,4.18,3.96,4.04,4200.0,0.03000000000000025
8.0,13.0,4.1,4.1,4.03,4.03,1300.0,-0.0699999999999994
8.0,12.0,4.11,4.11,4.0,4.09,2900.0,-0.020000000000000462
8.0,11.0,4.0,4.19,3.99,4.08,6200.0,0.08000000000000007
8.0,10.0,4.04,4.13,4.0,4.12,8500.0,0.08000000000000007
8.0,9.0,4.2,4.22,4.0,4.0,13200.0,-0.20000000000000018
8.0,6.0,4.36,4.36,4.0,4.0,45300.0,-0.3600000000000003
8.0,5.0,4.4,4.5,4.25,4.33,59900.0,-0.07000000000000028
8.0,4.0,3.91,4.7,3.91,4.36,140300.0,0.4500000000000002
8.0,3.0,3.87,3.88,3.75,3.83,6100.0,-0.040000000000000036
8.0,2.0,3.88,3.99,3.8,3.88,19800.0,0.0
7.0,30.0,3.8,3.88,3.79,3.88,19500.0,0.08000000000000007
7.0,29.0,3.78,3.81,3.63,3.8,3300.0,0.020000000000000018
7.0,28.0,3.63,3.89,3.4,3.81,24400.0,0.18000000000000016
7.0,27.0,3.82,3.9,3.82,3.82,3700.0,0.0
7.0,26.0,4.0,4.0,3.86,3.88,1500.0,-0.1200000000000001
7.0,23.0,4.05,4.19,4.0,4.12,9900.0,0.07000000000000028
7.0,22.0,4.05,4.06,3.94,4.06,6800.0,0.009999999999999787
7.0,21.0,4.02,4.09,4.0,4.05,7200.0,0.03000000000000025
7.0,20.0,3.98,3.98,3.88,3.88,600.0,-0.10000000000000009
7.0,19.0,4.02,4.02,3.73,3.92,3500.0,-0.09999999999999964
7.0,16.0,3.97,4.02,3.85,3.99,600.0,0.020000000000000018
7.0,15.0,4.05,4.05,3.97,4.03,700.0,-0.019999999999999574
7.0,14.0,4.01,4.08,3.85,3.94,1600.0,-0.06999999999999984
7.0,13.0,4.0,4.19,4.0,4.09,4800.0,0.08999999999999986
7.0,12.0,4.23,4.23,4.12,4.15,3200.0,-0.08000000000000007
7.0,9.0,4.15,4.22,4.1,4.13,12700.0,-0.020000000000000462
7.0,8.0,4.15,4.21,4.14,4.15,12600.0,0.0
7.0,7.0,4.0,4.2,3.9,4.19,27500.0,0.1900000000000004
7.0,6.0,4.0,4.03,3.9,4.03,6200.0,0.03000000000000025
7.0,2.0,3.75,4.0,3.7,4.0,5300.0,0.25
7.0,1.0,3.88,3.9,3.7,3.81,1800.0,-0.06999999999999984
6.0,30.0,3.83,3.97,3.8,3.97,7200.0,0.14000000000000012
6.0,29.0,4.04,4.04,3.76,3.95,2100.0,-0.08999999999999986
6.0,28.0,3.88,4.04,3.88,3.98,2200.0,0.10000000000000009
6.0,25.0,4.0,4.04,3.91,4.01,10700.0,0.009999999999999787
6.0,24.0,3.82,4.04,3.82,4.03,600.0,0.2100000000000004
6.0,23.0,4.01,4.04,3.93,3.94,1600.0,-0.06999999999999984
6.0,22.0,3.89,4.04,3.73,4.0,4900.0,0.10999999999999988
6.0,21.0,4.05,4.05,3.91,3.99,1100.0,-0.05999999999999961
6.0,18.0,3.87,4.05,3.87,4.05,600.0,0.17999999999999972
6.0,17.0,4.02,4.02,3.87,4.0,5400.0,-0.019999999999999574
6.0,16.0,4.08,4.08,3.95,4.03,2200.0,-0.04999999999999982
6.0,15.0,3.99,4.08,3.85,4.03,1700.0,0.040000000000000036
6.0,14.0,4.07,4.07,3.9,4.0,4400.0,-0.07000000000000028
6.0,11.0,3.82,4.09,3.82,4.08,2000.0,0.26000000000000023
6.0,10.0,4.05,4.11,3.84,4.04,4600.0,-0.009999999999999787
6.0,9.0,3.69,4.07,3.69,4.07,4400.0,0.38000000000000034
6.0,8.0,3.76,4.01,3.75,3.9,15400.0,0.14000000000000012
6.0,7.0,3.94,4.0,3.7,3.93,9600.0,-0.009999999999999787
6.0,4.0,3.65,3.85,3.65,3.77,1800.0,0.1200000000000001
6.0,3.0,3.95,3.95,3.8,3.85,200.0,-0.10000000000000009
6.0,2.0,4.1,4.1,3.65,3.95,5500.0,-0.14999999999999947
6.0,1.0,3.83,4.1,3.77,4.0,11700.0,0.16999999999999993
5.0,28.0,3.6,3.9,3.6,3.85,11600.0,0.25
5.0,27.0,4.13,4.14,3.8,3.8,3300.0,-0.33000000000000007
5.0,26.0,4.05,4.05,3.95,4.02,5200.0,-0.03000000000000025
5.0,25.0,3.52,3.99,3.5,3.88,4300.0,0.3599999999999999
5.0,24.0,3.83,4.1,3.75,4.05,10300.0,0.21999999999999975
5.0,21.0,3.36,3.76,3.36,3.75,7300.0,0.3900000000000001
5.0,20.0,3.5,3.65,3.5,3.64,10900.0,0.14000000000000012
5.0,19.0,3.98,3.98,3.59,3.85,2800.0,-0.1299999999999999
5.0,18.0,4.1,4.1,3.75,3.81,4800.0,-0.2899999999999996
5.0,17.0,4.28,4.28,3.35,3.68,18000.0,-0.6000000000000001
5.0,14.0,4.36,4.36,4.0,4.11,5800.0,-0.25
5.0,13.0,4.3,4.5,4.05,4.35,6300.0,0.04999999999999982
5.0,12.0,4.09,4.5,4.09,4.19,21600.0,0.10000000000000053
5.0,11.0,4.05,4.05,4.0,4.05,3300.0,0.0
5.0,10.0,4.15,4.15,3.85,4.0,8800.0,-0.15000000000000036
5.0,7.0,4.0,4.15,3.95,4.01,10000.0,0.009999999999999787
5.0,6.0,4.02,4.18,3.9,4.0,22200.0,-0.019999999999999574
5.0,5.0,4.05,4.2,4.02,4.07,6700.0,0.020000000000000462
5.0,4.0,4.28,4.28,4.11,4.17,10400.0,-0.11000000000000032
5.0,3.0,4.46,4.5,4.25,4.27,2800.0,-0.1900000000000004
4.0,30.0,4.49,4.49,4.31,4.4,1400.0,-0.08999999999999986
4.0,29.0,4.4,4.59,4.4,4.49,6200.0,0.08999999999999986
4.0,28.0,4.2,4.47,4.2,4.35,8900.0,0.14999999999999947
4.0,27.0,4.67,4.74,4.14,4.15,15700.0,-0.5199999999999996
4.0,26.0,4.65,4.76,4.31,4.62,18000.0,-0.03000000000000025
4.0,23.0,4.75,4.95,4.66,4.76,2400.0,0.009999999999999787
4.0,22.0,4.8,4.95,4.75,4.85,13700.0,0.04999999999999982
4.0,21.0,4.71,4.95,4.71,4.92,3600.0,0.20999999999999996
4.0,20.0,4.7,5.19,4.57,4.95,12800.0,0.25
4.0,19.0,5.08,5.08,4.83,4.83,6500.0,-0.25
4.0,16.0,5.05,5.34,4.93,5.08,17800.0,0.03000000000000025
4.0,15.0,5.5,5.7,4.93,5.45,59600.0,-0.04999999999999982
4.0,14.0,4.9,5.5,4.9,5.45,103200.0,0.5499999999999998
4.0,13.0,4.7,4.8,4.67,4.8,7500.0,0.09999999999999964
4.0,12.0,4.7,4.7,4.65,4.65,2300.0,-0.04999999999999982
4.0,9.0,4.55,4.7,4.55,4.7,6300.0,0.15000000000000036
4.0,8.0,4.6,4.6,4.5,4.55,11700.0,-0.04999999999999982
4.0,7.0,4.7,4.7,4.6,4.6,2100.0,-0.10000000000000053
4.0,6.0,4.8,4.8,4.67,4.67,1400.0,-0.1299999999999999
4.0,5.0,4.8,4.8,4.8,4.8,200.0,0.0
4.0,1.0,4.9,4.95,4.8,4.8,5700.0,-0.10000000000000053
3.0,31.0,4.9,4.95,4.9,4.9,18500.0,0.0
3.0,30.0,4.76,4.83,4.75,4.83,2300.0,0.07000000000000028
3.0,29.0,4.9,4.9,4.85,4.9,2800.0,0.0
3.0,26.0,4.75,4.9,4.75,4.9,1200.0,0.15000000000000036
3.0,25.0,4.8,4.81,4.75,4.75,2200.0,-0.04999999999999982
3.0,24.0,4.91,4.91,4.8,4.8,1600.0,-0.11000000000000032
3.0,23.0,4.8,4.89,4.8,4.89,1200.0,0.08999999999999986
3.0,22.0,4.75,4.85,4.65,4.8,3100.0,0.04999999999999982
3.0,19.0,4.89,4.89,4.75,4.89,4200.0,0.0
3.0,18.0,4.6,4.8,4.6,4.75,4000.0,0.15000000000000036
3.0,17.0,4.7,4.7,4.6,4.6,24900.0,-0.10000000000000053
3.0,16.0,4.7,4.71,4.65,4.65,3000.0,-0.04999999999999982
3.0,15.0,4.76,4.76,4.65,4.65,20000.0,-0.10999999999999943
3.0,12.0,4.85,4.85,4.75,4.8,20200.0,-0.04999999999999982
3.0,11.0,4.95,4.95,4.75,4.8,12900.0,-0.15000000000000036
3.0,10.0,4.75,5.05,4.7,5.0,48500.0,0.25
3.0,9.0,4.85,4.93,4.4,4.75,12000.0,-0.09999999999999964
3.0,8.0,4.7,4.9,4.6,4.7,29100.0,0.0
3.0,5.0,4.41,4.55,4.41,4.55,1000.0,0.13999999999999968
3.0,4.0,4.5,4.5,4.3,4.3,9700.0,-0.20000000000000018
3.0,3.0,4.8,4.8,4.41,4.48,20100.0,-0.3199999999999994
3.0,2.0,4.49,4.8,4.48,4.8,17800.0,0.3099999999999996
3.0,1.0,4.47,4.5,4.47,4.5,8300.0,0.03000000000000025
2.0,26.0,4.5,4.5,4.4,4.47,15500.0,-0.03000000000000025
2.0,25.0,4.5,4.5,4.4,4.45,9700.0,-0.04999999999999982
2.0,24.0,4.45,4.45,4.35,4.45,10200.0,0.0
2.0,23.0,4.4,4.5,4.4,4.45,8700.0,0.04999999999999982
2.0,22.0,4.55,4.55,4.4,4.4,6300.0,-0.14999999999999947
2.0,19.0,4.53,4.65,4.4,4.64,3800.0,0.10999999999999943
2.0,18.0,4.6,4.6,4.4,4.5,11200.0,-0.09999999999999964
2.0,17.0,4.35,4.65,4.35,4.35,7700.0,0.0
2.0,16.0,4.35,4.35,4.25,4.33,4900.0,-0.019999999999999574
2.0,12.0,4.22,4.35,4.21,4.3,3500.0,0.08000000000000007
2.0,11.0,4.3,4.3,4.21,4.22,4200.0,-0.08000000000000007
2.0,10.0,4.4,4.4,4.4,4.4,900.0,0.0
2.0,9.0,4.39,4.5,4.25,4.5,6000.0,0.11000000000000032
2.0,8.0,4.25,4.39,4.25,4.39,12700.0,0.13999999999999968
2.0,5.0,4.34,4.34,4.2,4.34,7500.0,0.0
2.0,4.0,4.3,4.5,4.2,4.39,4200.0,0.08999999999999986
2.0,3.0,4.5,4.5,4.35,4.35,4000.0,-0.15000000000000036
2.0,2.0,4.3,4.45,4.3,4.4,5800.0,0.10000000000000053
2.0,1.0,4.3,4.5,4.3,4.45,3600.0,0.15000000000000036
1.0,29.0,4.25,4.39,4.2,4.2,5400.0,-0.04999999999999982
1.0,28.0,4.2,4.3,4.2,4.3,4100.0,0.09999999999999964
1.0,27.0,4.2,4.27,4.19,4.2,6400.0,0.0
1.0,26.0,4.2,4.29,4.15,4.29,7400.0,0.08999999999999986
1.0,25.0,4.24,4.3,4.15,4.2,48200.0,-0.040000000000000036
1.0,22.0,4.32,4.35,4.2,4.2,14400.0,-0.1200000000000001
1.0,21.0,4.7,4.7,4.32,4.32,15200.0,-0.3799999999999999
1.0,20.0,4.5,4.6,4.5,4.6,2800.0,0.09999999999999964
1.0,19.0,4.6,4.6,4.25,4.42,4700.0,-0.17999999999999972
1.0,15.0,4.7,4.8,4.6,4.65,2400.0,-0.04999999999999982
1.0,14.0,4.6,4.7,4.55,4.65,9800.0,0.05000000000000071
1.0,13.0,4.55,4.7,4.52,4.6,49600.0,0.04999999999999982
1.0,12.0,4.5,4.51,4.4,4.45,7200.0,-0.04999999999999982
1.0,11.0,4.45,4.54,4.35,4.5,12700.0,0.04999999999999982
1.0,8.0,4.7,4.7,4.26,4.26,15000.0,-0.4400000000000004
1.0,7.0,4.05,4.75,4.05,4.65,27100.0,0.6000000000000005
1.0,6.0,3.85,4.09,3.75,4.09,46600.0,0.23999999999999977
1.0,5.0,3.6,3.85,3.5,3.85,44400.0,0.25
1.0,4.0,3.2,3.5,3.06,3.5,28500.0,0.2999999999999998
12.0,31.0,2.99,3.45,2.88,3.15,67300.0,0.1599999999999997
12.0,30.0,2.7,2.9,2.65,2.85,56600.0,0.1499999999999999
12.0,29.0,2.69,2.8,2.5,2.6,16200.0,-0.08999999999999986
12.0,28.0,1.92,3.0,1.92,2.25,132500.0,0.33000000000000007
