9.0,25.0,3.9,3.95,3.72,3.77,32800.0,-0.1299999999999999
9.0,24.0,3.81,3.92,3.72,3.9,108700.0,0.08999999999999986
9.0,23.0,3.81,3.92,3.81,3.81,18700.0,0.0
9.0,22.0,3.84,3.86,3.7,3.8,68700.0,-0.040000000000000036
9.0,21.0,3.71,4.02,3.71,3.91,18100.0,0.20000000000000018
9.0,18.0,4.01,4.07,3.75,3.75,107000.0,-0.2599999999999998
9.0,17.0,4.11,4.2,3.88,4.11,40500.0,0.0
9.0,16.0,4.25,4.27,4.19,4.19,28600.0,-0.05999999999999961
9.0,15.0,4.25,4.27,4.19,4.23,47800.0,-0.019999999999999574
9.0,14.0,4.2,4.28,4.16,4.24,37200.0,0.040000000000000036
9.0,11.0,4.32,4.32,4.21,4.27,37900.0,-0.05000000000000071
9.0,10.0,4.25,4.3,4.25,4.28,11100.0,0.03000000000000025
9.0,9.0,4.16,4.33,4.16,4.24,43400.0,0.08000000000000007
9.0,8.0,4.2,4.2,3.86,4.17,117500.0,-0.03000000000000025
9.0,4.0,4.19,4.2,4.13,4.18,79200.0,-0.010000000000000675
9.0,3.0,4.27,4.29,4.18,4.28,86900.0,0.010000000000000675
9.0,2.0,4.24,4.29,4.17,4.24,81300.0,0.0
9.0,1.0,4.31,4.31,4.16,4.2,69100.0,-0.10999999999999943
8.0,31.0,4.34,4.45,4.34,4.36,28200.0,0.020000000000000462
8.0,28.0,4.51,4.54,4.39,4.4,98900.0,-0.10999999999999943
8.0,27.0,4.16,4.54,4.1,4.44,132400.0,0.28000000000000025
8.0,26.0,4.08,4.36,4.04,4.2,94200.0,0.1200000000000001
8.0,25.0,4.09,4.2,3.96,4.02,266800.0,-0.07000000000000028
8.0,24.0,4.1,4.13,4.09,4.13,72200.0,0.03000000000000025
8.0,21.0,4.07,4.25,4.06,4.2,42700.0,0.1299999999999999
8.0,20.0,4.15,4.22,4.06,4.17,144900.0,0.019999999999999574
8.0,19.0,4.32,4.32,4.14,4.24,207600.0,-0.08000000000000007
8.0,18.0,4.32,4.37,4.2,4.28,131000.0,-0.040000000000000036
8.0,17.0,4.32,4.43,4.11,4.25,382700.0,-0.07000000000000028
8.0,14.0,4.84,4.84,4.0,4.26,317900.0,-0.5800000000000001
8.0,13.0,5.05,5.2,4.85,4.89,53500.0,-0.16000000000000014
8.0,12.0,5.2,5.23,4.99,5.06,24900.0,-0.14000000000000057
8.0,11.0,5.4,5.49,5.25,5.31,26700.0,-0.09000000000000075
8.0,10.0,5.49,5.63,5.45,5.48,122400.0,-0.009999999999999787
8.0,7.0,5.5,5.57,5.44,5.44,79000.0,-0.05999999999999961
8.0,6.0,5.46,5.5,5.46,5.47,23500.0,0.009999999999999787
8.0,5.0,5.56,5.66,5.46,5.53,59800.0,-0.02999999999999936
8.0,4.0,5.81,5.82,5.36,5.57,103300.0,-0.23999999999999932
8.0,3.0,5.88,5.98,5.72,5.75,39100.0,-0.1299999999999999
7.0,31.0,5.91,5.97,5.85,5.91,96300.0,0.0
7.0,30.0,5.9,6.17,5.88,5.9,82200.0,0.0
7.0,29.0,5.94,5.98,5.86,5.88,37600.0,-0.0600000000000005
7.0,28.0,5.94,5.94,5.8,5.87,58300.0,-0.07000000000000028
7.0,27.0,5.86,5.91,5.64,5.8,168300.0,-0.0600000000000005
7.0,24.0,5.58,5.91,5.5,5.86,96500.0,0.28000000000000025
7.0,23.0,5.94,6.08,5.55,5.55,75500.0,-0.39000000000000057
7.0,22.0,6.23,6.28,5.87,5.97,43700.0,-0.2600000000000007
7.0,21.0,6.36,6.56,6.26,6.28,204500.0,-0.08000000000000007
7.0,20.0,6.49,6.49,6.25,6.32,72800.0,-0.16999999999999993
7.0,17.0,6.68,6.68,6.42,6.53,307000.0,-0.14999999999999947
7.0,16.0,6.75,6.81,6.61,6.77,82100.0,0.019999999999999574
7.0,15.0,6.7,6.75,6.6,6.74,30200.0,0.040000000000000036
7.0,14.0,6.69,6.83,6.64,6.7,26000.0,0.009999999999999787
7.0,13.0,6.92,6.92,6.67,6.71,34000.0,-0.20999999999999996
7.0,10.0,6.88,7.13,6.85,6.86,25800.0,-0.019999999999999574
7.0,9.0,6.73,6.92,6.73,6.84,39200.0,0.10999999999999943
7.0,8.0,6.7,6.84,6.69,6.76,52900.0,0.05999999999999961
7.0,7.0,6.95,7.03,6.8,6.86,67200.0,-0.08999999999999986
7.0,6.0,7.17,7.33,6.8,6.99,43800.0,-0.17999999999999972
7.0,2.0,7.17,7.36,7.12,7.21,78400.0,0.040000000000000036
7.0,1.0,7.1,7.27,6.99,7.2,64200.0,0.10000000000000053
6.0,30.0,7.32,7.38,6.91,7.02,113300.0,-0.3000000000000007
6.0,29.0,7.4,7.4,7.15,7.21,8900.0,-0.1900000000000004
6.0,26.0,7.39,7.39,7.23,7.28,138800.0,-0.10999999999999943
6.0,25.0,7.3,7.37,7.26,7.26,23900.0,-0.040000000000000036
6.0,24.0,7.25,7.43,7.25,7.28,95100.0,0.03000000000000025
6.0,23.0,7.25,7.45,7.23,7.29,419900.0,0.040000000000000036
6.0,22.0,7.18,7.39,7.18,7.29,98900.0,0.11000000000000032
6.0,19.0,7.24,7.32,7.14,7.22,120200.0,-0.020000000000000462
6.0,18.0,7.3,7.39,7.22,7.26,179700.0,-0.040000000000000036
6.0,17.0,7.32,7.4,7.2,7.33,56900.0,0.009999999999999787
6.0,16.0,7.36,7.39,7.13,7.39,21600.0,0.02999999999999936
6.0,15.0,7.32,7.42,7.26,7.36,26800.0,0.040000000000000036
6.0,12.0,7.3,7.47,7.28,7.4,77500.0,0.10000000000000053
6.0,11.0,7.1,7.33,7.08,7.28,108400.0,0.1800000000000006
6.0,10.0,7.32,7.35,7.15,7.15,66000.0,-0.16999999999999993
6.0,9.0,7.28,7.36,7.24,7.29,20600.0,0.009999999999999787
6.0,8.0,7.26,7.34,7.08,7.26,116800.0,0.0
6.0,5.0,7.3,7.5,7.21,7.21,96100.0,-0.08999999999999986
6.0,4.0,7.42,7.56,7.37,7.38,93000.0,-0.040000000000000036
6.0,3.0,7.49,7.59,7.43,7.5,6500.0,0.009999999999999787
6.0,2.0,7.65,7.7,7.51,7.55,37900.0,-0.10000000000000053
6.0,1.0,7.81,7.81,7.47,7.61,79500.0,-0.1999999999999993
5.0,29.0,7.64,7.83,7.37,7.73,99200.0,0.09000000000000075
5.0,28.0,7.5,7.69,7.33,7.68,50900.0,0.17999999999999972
5.0,27.0,7.66,7.84,7.41,7.62,54300.0,-0.040000000000000036
5.0,26.0,7.75,7.75,7.43,7.6,46600.0,-0.15000000000000036
5.0,22.0,8.06,8.06,7.76,7.83,29900.0,-0.23000000000000043
5.0,21.0,8.12,8.16,7.91,7.96,43200.0,-0.15999999999999925
5.0,20.0,8.09,8.15,8.0,8.1,30800.0,0.009999999999999787
5.0,19.0,8.39,8.4,8.02,8.15,34400.0,-0.2400000000000002
5.0,18.0,8.27,8.39,7.97,8.3,52400.0,0.030000000000001137
5.0,15.0,8.45,8.55,8.19,8.27,22200.0,-0.17999999999999972
5.0,14.0,8.7,8.73,8.33,8.42,18500.0,-0.27999999999999936
5.0,13.0,8.67,8.71,8.58,8.65,23200.0,-0.019999999999999574
5.0,12.0,8.55,8.75,8.52,8.59,41600.0,0.03999999999999915
5.0,11.0,8.17,8.56,8.17,8.53,69400.0,0.35999999999999943
5.0,8.0,8.02,8.16,8.02,8.13,37100.0,0.11000000000000121
5.0,7.0,7.97,8.06,7.87,8.02,160400.0,0.04999999999999982
5.0,6.0,8.16,8.16,8.05,8.08,44000.0,-0.08000000000000007
5.0,5.0,8.03,8.12,7.94,8.07,100500.0,0.040000000000000924
5.0,4.0,7.86,8.08,7.86,8.03,40100.0,0.16999999999999904
5.0,1.0,7.99,8.0,7.83,7.87,32400.0,-0.1200000000000001
4.0,30.0,7.99,8.13,7.81,8.02,70400.0,0.02999999999999936
4.0,29.0,8.75,8.75,7.94,8.0,76600.0,-0.75
4.0,28.0,8.65,8.85,8.44,8.82,92800.0,0.16999999999999993
4.0,27.0,8.32,8.65,8.28,8.57,130800.0,0.25
4.0,24.0,8.03,8.32,8.0,8.29,114400.0,0.2599999999999998
4.0,23.0,7.72,8.06,7.68,8.02,103100.0,0.2999999999999998
4.0,22.0,7.95,8.05,7.9,7.95,90300.0,0.0
4.0,21.0,7.85,7.94,7.74,7.9,95500.0,0.05000000000000071
4.0,20.0,7.97,8.03,7.79,7.79,217600.0,-0.17999999999999972
4.0,17.0,8.0,8.1,7.78,7.88,156900.0,-0.1200000000000001
4.0,16.0,7.6,8.01,7.6,7.98,76500.0,0.3800000000000008
4.0,15.0,7.87,7.96,7.6,7.66,743700.0,-0.20999999999999996
4.0,14.0,7.59,7.86,7.5,7.79,84400.0,0.20000000000000018
4.0,13.0,7.54,7.57,7.31,7.53,273900.0,-0.009999999999999787
4.0,10.0,7.4,7.57,7.39,7.51,65200.0,0.10999999999999943
4.0,9.0,7.44,7.49,7.33,7.38,88500.0,-0.0600000000000005
4.0,8.0,7.52,7.61,7.34,7.39,54600.0,-0.1299999999999999
4.0,7.0,7.54,7.62,7.47,7.48,59300.0,-0.05999999999999961
4.0,6.0,7.59,7.72,7.47,7.52,117000.0,-0.07000000000000028
4.0,2.0,7.43,7.63,7.43,7.51,53600.0,0.08000000000000007
4.0,1.0,7.63,7.71,7.53,7.56,67700.0,-0.07000000000000028
3.0,31.0,7.64,7.77,7.46,7.55,55100.0,-0.08999999999999986
3.0,30.0,7.83,7.98,7.79,7.83,18300.0,0.0
3.0,27.0,7.74,7.85,7.44,7.77,47400.0,0.02999999999999936
3.0,26.0,7.93,8.03,7.7,7.76,33700.0,-0.16999999999999993
3.0,25.0,8.01,8.01,7.87,7.89,38800.0,-0.1200000000000001
3.0,24.0,8.19,8.19,7.92,7.99,68000.0,-0.1999999999999993
3.0,23.0,8.24,8.3,8.15,8.15,27400.0,-0.08999999999999986
3.0,20.0,8.16,8.3,8.15,8.2,156100.0,0.03999999999999915
3.0,19.0,8.41,8.49,8.0,8.13,245300.0,-0.27999999999999936
3.0,18.0,8.64,8.74,8.25,8.36,238500.0,-0.28000000000000114
3.0,17.0,8.68,8.85,8.58,8.61,137500.0,-0.07000000000000028
3.0,16.0,8.67,8.7,8.44,8.68,16500.0,0.009999999999999787
3.0,13.0,8.9,8.9,8.54,8.7,46300.0,-0.20000000000000107
3.0,12.0,8.9,8.96,8.63,8.67,213000.0,-0.23000000000000043
3.0,11.0,8.8,8.92,8.8,8.83,112100.0,0.02999999999999936
3.0,10.0,8.75,8.9,8.75,8.81,53900.0,0.0600000000000005
3.0,9.0,8.92,8.95,8.75,8.79,63000.0,-0.13000000000000078
3.0,6.0,8.97,9.2,8.86,8.91,30600.0,-0.0600000000000005
3.0,5.0,8.85,9.0,8.85,8.97,85500.0,0.120000000000001
3.0,4.0,8.96,9.0,8.85,8.89,143800.0,-0.07000000000000028
3.0,3.0,8.81,8.99,8.81,8.96,35300.0,0.15000000000000036
3.0,2.0,9.16,9.22,8.84,8.85,88100.0,-0.3100000000000005
2.0,27.0,9.08,9.2,9.02,9.15,56500.0,0.07000000000000028
2.0,26.0,9.23,9.23,9.07,9.13,146900.0,-0.09999999999999964
2.0,25.0,9.08,9.21,8.98,9.14,230200.0,0.0600000000000005
2.0,24.0,9.19,9.28,9.12,9.19,80600.0,0.0
2.0,23.0,9.26,9.32,9.12,9.12,93500.0,-0.14000000000000057
2.0,20.0,9.46,9.46,9.17,9.2,47600.0,-0.26000000000000156
2.0,19.0,9.5,9.6,9.33,9.34,22300.0,-0.16000000000000014
2.0,18.0,9.45,9.53,9.05,9.37,125200.0,-0.08000000000000007
2.0,17.0,9.63,9.63,9.26,9.42,24400.0,-0.21000000000000085
2.0,13.0,9.58,9.6,9.53,9.58,31100.0,0.0
2.0,12.0,9.67,9.67,9.5,9.52,61800.0,-0.15000000000000036
2.0,11.0,9.76,9.76,9.49,9.54,21800.0,-0.22000000000000064
2.0,10.0,9.97,9.98,9.64,9.7,26100.0,-0.27000000000000135
2.0,9.0,10.31,10.31,9.89,9.95,59500.0,-0.3600000000000012
2.0,6.0,10.52,10.54,10.17,10.19,22900.0,-0.33000000000000007
2.0,5.0,10.47,10.53,10.35,10.49,43000.0,0.019999999999999574
2.0,4.0,10.65,10.65,10.43,10.52,1142000.0,-0.13000000000000078
2.0,3.0,10.65,10.66,10.43,10.58,64200.0,-0.07000000000000028
2.0,2.0,10.53,10.68,10.42,10.5,139600.0,-0.02999999999999936
1.0,30.0,9.85,10.41,9.82,10.38,50700.0,0.5300000000000011
1.0,29.0,9.93,10.12,9.71,9.85,7900.0,-0.08000000000000007
1.0,28.0,9.98,10.07,9.8,9.89,19400.0,-0.08999999999999986
1.0,27.0,10.05,10.26,9.88,9.88,32600.0,-0.16999999999999993
1.0,26.0,10.15,10.16,10.0,10.08,20400.0,-0.07000000000000028
1.0,23.0,10.22,10.25,10.01,10.04,96000.0,-0.1800000000000015
1.0,22.0,10.12,10.18,10.01,10.1,147100.0,-0.019999999999999574
1.0,21.0,10.04,10.26,9.98,10.01,41300.0,-0.02999999999999936
1.0,20.0,10.11,10.16,9.89,10.0,97600.0,-0.10999999999999943
1.0,16.0,10.17,10.2,9.85,10.14,32600.0,-0.02999999999999936
1.0,15.0,10.6,10.6,10.19,10.27,49500.0,-0.33000000000000007
1.0,14.0,11.38,11.38,10.2,10.48,44000.0,-0.9000000000000004
1.0,13.0,11.93,11.97,11.19,11.33,19300.0,-0.5999999999999996
1.0,12.0,12.08,12.08,11.68,11.78,19600.0,-0.3000000000000007
1.0,9.0,12.19,12.21,11.98,12.04,9100.0,-0.15000000000000036
1.0,8.0,12.36,12.37,12.17,12.17,19400.0,-0.1899999999999995
1.0,7.0,12.12,12.3,12.12,12.22,24500.0,0.10000000000000142
1.0,6.0,12.46,12.46,12.1,12.14,43100.0,-0.3200000000000003
1.0,5.0,12.7,12.84,12.27,12.39,41700.0,-0.3099999999999987
1.0,2.0,12.86,12.86,12.55,12.68,16000.0,-0.17999999999999972
12.0,31.0,12.34,12.66,12.19,12.64,21900.0,0.3000000000000007
12.0,30.0,12.25,12.38,12.1,12.29,171200.0,0.03999999999999915
12.0,29.0,12.22,12.28,11.99,12.25,95900.0,0.02999999999999936
12.0,26.0,11.94,12.18,11.94,12.12,6900.0,0.17999999999999972
12.0,24.0,12.04,12.04,11.78,11.94,9800.0,-0.09999999999999964
12.0,23.0,12.22,12.26,12.0,12.04,31100.0,-0.1800000000000015
12.0,22.0,12.09,12.09,11.91,12.07,29200.0,-0.019999999999999574
12.0,19.0,12.3,12.3,11.98,12.08,33000.0,-0.22000000000000064
12.0,18.0,11.96,12.59,11.72,12.23,146900.0,0.2699999999999996
12.0,17.0,11.77,12.01,11.73,11.94,62400.0,0.16999999999999993
12.0,16.0,11.81,12.15,11.63,11.7,234300.0,-0.11000000000000121
12.0,15.0,12.23,12.24,11.86,11.88,254700.0,-0.34999999999999964
12.0,12.0,12.27,12.28,12.15,12.16,71800.0,-0.10999999999999943
12.0,11.0,12.23,12.34,12.16,12.25,102500.0,0.019999999999999574
12.0,10.0,12.28,12.38,12.11,12.18,88900.0,-0.09999999999999964
12.0,9.0,12.19,12.45,12.15,12.28,26400.0,0.08999999999999986
12.0,8.0,12.41,12.51,12.17,12.19,13500.0,-0.22000000000000064
12.0,5.0,12.39,12.41,12.24,12.37,30700.0,-0.02000000000000135
12.0,4.0,12.5,12.5,12.22,12.33,15600.0,-0.16999999999999993
12.0,3.0,12.42,12.66,12.42,12.57,42400.0,0.15000000000000036
12.0,2.0,12.39,12.74,12.23,12.57,80300.0,0.17999999999999972
12.0,1.0,12.85,12.85,12.46,12.67,151800.0,-0.17999999999999972
11.0,28.0,13.08,13.08,12.92,13.05,11000.0,-0.02999999999999936
11.0,26.0,12.77,13.2,12.68,13.17,105800.0,0.40000000000000036
11.0,25.0,12.51,12.84,12.26,12.78,309400.0,0.2699999999999996
11.0,24.0,12.5,12.84,12.45,12.55,726000.0,0.05000000000000071
11.0,21.0,12.36,12.55,12.35,12.46,100500.0,0.10000000000000142
11.0,20.0,12.12,12.3,12.05,12.14,78600.0,0.02000000000000135
11.0,19.0,12.12,12.28,11.99,12.25,33900.0,0.13000000000000078
11.0,18.0,12.17,12.25,12.0,12.16,221500.0,-0.009999999999999787
11.0,17.0,12.1,12.34,11.99,12.13,108000.0,0.030000000000001137
11.0,14.0,12.27,12.39,12.05,12.16,141600.0,-0.10999999999999943
11.0,13.0,12.38,12.48,12.26,12.32,53000.0,-0.0600000000000005
11.0,12.0,12.38,12.47,12.27,12.34,40500.0,-0.040000000000000924
11.0,11.0,12.64,12.7,12.34,12.45,74800.0,-0.19000000000000128
11.0,10.0,12.97,12.97,12.35,12.6,122500.0,-0.370000000000001
11.0,7.0,13.14,13.15,12.87,12.99,43300.0,-0.15000000000000036
11.0,6.0,13.27,13.27,13.03,13.15,15100.0,-0.11999999999999922
11.0,5.0,13.36,13.37,13.13,13.27,40100.0,-0.08999999999999986
11.0,4.0,13.48,13.48,13.33,13.36,16400.0,-0.120000000000001
11.0,3.0,13.7,13.7,13.36,13.51,55100.0,-0.1899999999999995
10.0,31.0,13.67,13.74,13.49,13.72,104100.0,0.05000000000000071
10.0,30.0,13.58,13.7,13.41,13.49,31600.0,-0.08999999999999986
10.0,29.0,13.59,13.6,13.41,13.5,28800.0,-0.08999999999999986
10.0,28.0,13.77,13.96,13.41,13.51,107100.0,-0.2599999999999998
10.0,27.0,13.76,13.84,13.43,13.75,36200.0,-0.009999999999999787
10.0,24.0,13.63,13.7,13.61,13.69,25400.0,0.05999999999999872
10.0,23.0,13.53,13.55,13.33,13.53,64000.0,0.0
10.0,22.0,13.51,13.68,13.33,13.49,30700.0,-0.019999999999999574
10.0,21.0,13.48,13.6,13.31,13.57,110000.0,0.08999999999999986
10.0,20.0,13.55,13.57,13.32,13.43,48300.0,-0.120000000000001
10.0,17.0,13.66,13.66,13.41,13.56,39700.0,-0.09999999999999964
10.0,16.0,12.8,13.67,12.57,13.53,63300.0,0.7299999999999986
10.0,15.0,13.86,13.97,13.61,13.77,76900.0,-0.08999999999999986
10.0,14.0,14.04,14.32,13.83,13.92,198500.0,-0.11999999999999922
10.0,13.0,14.39,14.42,14.0,14.05,74200.0,-0.33999999999999986
10.0,10.0,14.21,14.25,13.9,14.14,119800.0,-0.07000000000000028
10.0,9.0,14.23,14.35,13.98,14.15,46600.0,-0.08000000000000007
10.0,8.0,14.43,14.43,13.99,14.25,90100.0,-0.17999999999999972
10.0,7.0,14.6,14.85,14.46,14.47,32000.0,-0.129999999999999
10.0,6.0,15.04,15.04,14.52,14.56,24900.0,-0.47999999999999865
10.0,3.0,14.85,15.07,14.85,15.03,43000.0,0.17999999999999972
10.0,2.0,14.91,14.98,14.64,14.89,41000.0,-0.019999999999999574
10.0,1.0,14.92,15.01,14.73,14.74,40200.0,-0.17999999999999972
9.0,30.0,15.08,15.09,14.87,15.02,75500.0,-0.0600000000000005
9.0,29.0,15.24,15.26,15.0,15.1,38200.0,-0.14000000000000057
9.0,26.0,15.3,15.51,15.16,15.37,84700.0,0.06999999999999851
9.0,25.0,15.62,15.63,15.11,15.29,79800.0,-0.33000000000000007
9.0,24.0,15.87,15.97,15.55,15.69,167700.0,-0.17999999999999972
9.0,23.0,15.94,15.94,15.6,15.8,54500.0,-0.1399999999999988
9.0,22.0,15.98,16.030001,15.66,15.9,54000.0,-0.08000000000000007
9.0,19.0,15.99,16.040001,15.84,16.040001,105800.0,0.05000099999999996
9.0,18.0,15.96,16.15,15.96,16.01,50300.0,0.05000000000000071
9.0,17.0,16.01,16.08,15.8,16.01,33200.0,0.0
9.0,16.0,16.040001,16.120001,15.94,16.02,145500.0,-0.0200010000000006
9.0,15.0,16.35,16.370001,16.1,16.219999,22400.0,-0.13000100000000003
9.0,12.0,16.299999,16.5,16.299999,16.41,17500.0,0.11000100000000046
9.0,11.0,16.25,16.450001,16.030001,16.450001,256200.0,0.20000100000000032
9.0,10.0,16.1,16.26,16.1,16.15,214600.0,0.04999999999999716
9.0,9.0,16.110001,16.23,16.0,16.129999,148600.0,0.01999800000000107
9.0,8.0,16.16,16.280001,15.97,16.15,133200.0,-0.010000000000001563
9.0,5.0,16.139999,16.18,15.99,16.16,48000.0,0.0200010000000006
9.0,4.0,16.0,16.15,16.0,16.07,75600.0,0.07000000000000028
9.0,3.0,16.09,16.16,15.98,16.040001,78400.0,-0.04999899999999968
9.0,2.0,16.34,16.389999,15.87,16.129999,76100.0,-0.21000099999999833
8.0,29.0,16.42,16.440001,16.200001,16.379999,15200.0,-0.040001000000000175
8.0,28.0,16.6,16.6,16.27,16.379999,26500.0,-0.2200009999999999
8.0,27.0,16.25,16.57,16.25,16.43,25000.0,0.17999999999999972
8.0,26.0,16.360001,16.6,16.33,16.4,17900.0,0.03999899999999812
8.0,25.0,16.540001,16.549999,16.42,16.5,74200.0,-0.040001000000000175
8.0,22.0,16.52,16.639999,16.469999,16.540001,85700.0,0.0200010000000006
8.0,21.0,16.77,16.77,16.530001,16.65,444000.0,-0.120000000000001
8.0,20.0,16.85,16.85,16.49,16.690001,283600.0,-0.15999900000000267
8.0,19.0,16.799999,16.889999,16.549999,16.74,168300.0,-0.059999000000001246
8.0,18.0,16.879999,16.92,16.67,16.809999,60400.0,-0.07000000000000028
8.0,15.0,16.549999,16.82,16.549999,16.700001,61200.0,0.15000200000000063
8.0,14.0,16.57,16.639999,16.15,16.6,113300.0,0.030000000000001137
8.0,13.0,16.530001,16.639999,16.450001,16.58,133800.0,0.04999899999999968
8.0,12.0,16.41,16.65,16.33,16.540001,84500.0,0.13000100000000003
8.0,11.0,16.26,16.469999,16.23,16.4,101800.0,0.13999999999999702
8.0,8.0,16.41,16.58,16.209999,16.280001,87700.0,-0.12999900000000153
8.0,7.0,16.5,16.5,16.200001,16.4,67500.0,-0.10000000000000142
8.0,6.0,16.110001,16.42,16.049999,16.389999,140300.0,0.2799979999999991
8.0,5.0,16.24,16.290001,16.07,16.120001,112700.0,-0.11999899999999997
8.0,4.0,16.68,16.780001,16.23,16.27,295700.0,-0.41000000000000014
8.0,1.0,16.610001,16.719999,16.540001,16.709999,120900.0,0.09999799999999937
7.0,31.0,16.92,16.92,16.629999,16.700001,81000.0,-0.2199990000000014
7.0,30.0,16.700001,17.040001,16.6,16.85,353500.0,0.1499990000000011
7.0,29.0,16.92,17.15,16.6,16.700001,275500.0,-0.2199990000000014
7.0,28.0,17.700001,18.09,16.85,16.9,139800.0,-0.8000010000000017
7.0,25.0,18.23,18.23,17.41,17.66,304200.0,-0.5700000000000003
7.0,24.0,18.1,18.299999,17.950001,18.200001,319000.0,0.1000009999999989
7.0,23.0,18.370001,18.379999,17.98,18.24,93600.0,-0.13000100000000003
7.0,22.0,18.26,18.4,18.059999,18.16,99500.0,-0.10000000000000142
7.0,21.0,18.17,18.389999,18.0,18.27,137300.0,0.09999999999999787
7.0,18.0,18.4,18.4,17.91,18.16,61300.0,-0.23999999999999844
7.0,17.0,18.15,18.299999,18.0,18.09,134300.0,-0.05999999999999872
7.0,16.0,17.690001,18.33,17.690001,18.219999,95500.0,0.5299980000000026
7.0,15.0,18.15,18.15,17.9,17.959999,23000.0,-0.19000099999999875
7.0,14.0,18.030001,18.120001,17.91,18.0,124800.0,-0.030000999999998612
7.0,11.0,17.879999,18.09,17.68,18.01,79000.0,0.13000100000000003
7.0,10.0,17.959999,18.16,17.49,18.040001,2186500.0,0.08000200000000035
7.0,9.0,18.15,18.219999,17.98,18.17,112500.0,0.020000000000003126
7.0,8.0,18.049999,18.23,18.0,18.120001,27300.0,0.07000199999999879
7.0,7.0,18.120001,18.16,17.879999,18.110001,84300.0,-0.00999999999999801
7.0,3.0,18.110001,18.299999,18.110001,18.23,6800.0,0.11999899999999997
7.0,2.0,18.059999,18.209999,17.690001,18.08,49400.0,0.02000099999999705
7.0,1.0,18.01,18.200001,17.870001,18.07,53300.0,0.05999999999999872
6.0,30.0,17.620001,18.15,17.379999,18.040001,56900.0,0.4200000000000017
6.0,27.0,17.43,17.5,17.309999,17.48,14400.0,0.05000000000000071
6.0,26.0,17.34,17.41,17.16,17.41,47400.0,0.07000000000000028
6.0,25.0,17.52,17.52,17.25,17.42,62400.0,-0.09999999999999787
6.0,24.0,17.15,17.360001,17.15,17.309999,29100.0,0.15999900000000267
6.0,23.0,17.18,17.219999,17.0,17.219999,62900.0,0.03999900000000167
6.0,20.0,17.16,17.27,17.09,17.27,40700.0,0.10999999999999943
6.0,19.0,17.15,17.16,16.969999,17.08,36100.0,-0.07000000000000028
6.0,18.0,16.76,16.969999,16.700001,16.950001,129800.0,0.19000099999999875
6.0,17.0,16.6,16.969999,16.309999,16.85,142600.0,0.25
6.0,16.0,16.209999,16.43,16.15,16.389999,14300.0,0.17999999999999972
6.0,13.0,16.16,16.32,16.08,16.27,27800.0,0.10999999999999943
6.0,12.0,16.16,16.280001,16.08,16.18,321200.0,0.019999999999999574
6.0,11.0,16.379999,16.379999,16.18,16.200001,37100.0,-0.1799980000000012
6.0,10.0,16.450001,16.49,16.299999,16.33,47700.0,-0.12000100000000202
6.0,9.0,16.34,16.51,16.190001,16.49,7500.0,0.14999999999999858
6.0,6.0,16.16,16.59,16.08,16.290001,45100.0,0.13000100000000003
6.0,5.0,16.629999,16.809999,15.94,16.1,71200.0,-0.5299990000000001
6.0,4.0,16.51,16.709999,16.290001,16.540001,31700.0,0.030000999999998612
6.0,3.0,16.5,16.57,16.34,16.41,39700.0,-0.08999999999999986
6.0,2.0,16.700001,16.700001,16.25,16.450001,81800.0,-0.25
5.0,30.0,16.57,16.75,16.24,16.700001,65600.0,0.13000100000000003
5.0,29.0,16.450001,16.719999,16.440001,16.67,29500.0,0.2199990000000014
5.0,28.0,16.209999,16.549999,16.209999,16.540001,57600.0,0.33000200000000035
5.0,27.0,16.76,16.77,16.17,16.17,43900.0,-0.5899999999999999
5.0,23.0,16.52,16.77,16.52,16.77,93300.0,0.25
5.0,22.0,16.59,16.780001,16.42,16.469999,27400.0,-0.12000099999999847
5.0,21.0,16.58,17.01,16.41,16.5,23600.0,-0.0799999999999983
5.0,20.0,16.700001,16.700001,16.540001,16.610001,45400.0,-0.08999999999999986
5.0,19.0,16.719999,16.75,16.65,16.67,30100.0,-0.04999899999999968
5.0,16.0,16.92,16.92,16.66,16.74,71600.0,-0.18000000000000327
5.0,15.0,16.83,17.18,16.66,16.879999,301100.0,0.049999000000003235
5.0,14.0,17.610001,17.610001,17.1,17.23,93100.0,-0.38000100000000003
5.0,13.0,17.67,17.67,17.32,17.360001,27400.0,-0.30999900000000125
5.0,12.0,17.68,18.1,17.559999,17.610001,42900.0,-0.06999899999999926
5.0,9.0,17.26,17.879999,17.26,17.73,1093700.0,0.46999999999999886
5.0,8.0,17.290001,17.32,17.08,17.32,17600.0,0.02999900000000011
5.0,7.0,17.360001,17.360001,17.0,17.23,37200.0,-0.13000100000000003
5.0,6.0,17.370001,17.370001,17.15,17.23,16400.0,-0.14000099999999804
5.0,5.0,17.35,17.42,17.280001,17.33,11100.0,-0.020000000000003126
5.0,2.0,17.25,17.559999,17.25,17.530001,9800.0,0.2800009999999986
5.0,1.0,17.530001,17.58,17.459999,17.48,8100.0,-0.050000999999998186
4.0,30.0,17.43,17.719999,17.4,17.5,37400.0,0.07000000000000028
4.0,29.0,17.379999,17.59,17.379999,17.48,77500.0,0.1000009999999989
4.0,28.0,17.76,17.76,17.32,17.440001,273500.0,-0.3199990000000028
4.0,25.0,17.98,18.0,17.74,17.799999,30800.0,-0.18000100000000074
4.0,24.0,18.09,18.18,17.879999,18.040001,258900.0,-0.04999899999999968
4.0,23.0,18.25,18.48,18.129999,18.23,55100.0,-0.019999999999999574
4.0,22.0,18.379999,18.459999,18.040001,18.16,60300.0,-0.2199990000000014
4.0,21.0,17.99,18.08,17.719999,18.0,46700.0,0.010000000000001563
4.0,17.0,17.719999,18.16,17.639999,17.870001,35100.0,0.15000199999999708
4.0,16.0,17.32,17.74,17.139999,17.709999,47700.0,0.38999899999999954
4.0,15.0,17.51,17.93,17.01,17.370001,121300.0,-0.1399990000000031
4.0,14.0,17.200001,17.540001,17.049999,17.450001,106600.0,0.25
4.0,11.0,16.91,17.24,16.82,17.139999,138000.0,0.2299989999999994
4.0,10.0,16.59,17.0,16.48,16.9,122900.0,0.3099999999999987
4.0,9.0,16.49,16.790001,16.49,16.65,477500.0,0.16000000000000014
4.0,8.0,16.42,16.639999,16.35,16.52,222700.0,0.09999999999999787
4.0,7.0,16.99,17.17,16.299999,16.57,260500.0,-0.41999999999999815
4.0,4.0,17.26,17.34,16.84,16.92,248300.0,-0.33999999999999986
4.0,3.0,17.200001,17.26,16.93,17.15,147000.0,-0.05000100000000174
4.0,2.0,17.190001,17.34,17.02,17.24,54900.0,0.04999899999999968
4.0,1.0,17.370001,17.370001,16.92,17.040001,366700.0,-0.3299999999999983
3.0,31.0,17.389999,17.67,17.25,17.26,120600.0,-0.12999899999999798
3.0,28.0,17.389999,17.49,17.26,17.290001,321000.0,-0.09999799999999937
3.0,27.0,17.370001,17.5,16.950001,17.25,196700.0,-0.12000099999999847
3.0,26.0,17.65,17.75,17.200001,17.43,157100.0,-0.21999999999999886
3.0,25.0,17.52,17.879999,17.299999,17.559999,234300.0,0.03999900000000167
3.0,24.0,17.9,17.92,17.15,17.26,271700.0,-0.639999999999997
3.0,21.0,18.75,18.75,17.5,17.799999,314500.0,-0.9500010000000003
3.0,20.0,19.219999,19.219999,18.360001,18.66,100700.0,-0.5599990000000012
3.0,19.0,18.969999,19.030001,18.16,18.379999,219600.0,-0.5899999999999999
3.0,18.0,18.99,19.379999,18.870001,19.030001,147700.0,0.040001000000000175
3.0,17.0,18.93,19.18,18.9,19.02,70500.0,0.08999999999999986
3.0,14.0,19.35,19.559999,18.66,18.93,130600.0,-0.4200000000000017
3.0,13.0,19.709999,19.75,19.35,19.370001,28600.0,-0.33999800000000135
3.0,12.0,19.74,19.85,19.68,19.719999,274100.0,-0.02000099999999705
3.0,11.0,19.77,19.92,19.65,19.74,418600.0,-0.030000000000001137
3.0,10.0,19.99,20.0,19.280001,19.790001,76100.0,-0.19999899999999826
3.0,7.0,19.870001,20.139999,19.74,19.99,161700.0,0.11999899999999997
3.0,6.0,19.25,20.6,19.25,19.879999,405700.0,0.6299990000000015
3.0,5.0,19.290001,19.290001,18.780001,18.84,46000.0,-0.4500010000000003
3.0,4.0,19.040001,19.360001,18.700001,19.030001,193100.0,-0.010000000000001563
3.0,3.0,19.02,19.02,18.6,18.889999,25200.0,-0.13000100000000003
2.0,28.0,18.940001,19.110001,18.67,18.969999,42200.0,0.029998000000002634
2.0,27.0,19.08,19.15,18.809999,19.01,46400.0,-0.06999999999999673
2.0,26.0,19.200001,19.27,18.84,18.959999,32400.0,-0.2400020000000005
2.0,25.0,19.200001,19.32,19.01,19.16,49900.0,-0.040001000000000175
2.0,24.0,19.43,19.610001,19.190001,19.33,57000.0,-0.10000000000000142
2.0,21.0,18.73,19.4,18.719999,19.219999,123400.0,0.48999900000000096
2.0,20.0,18.59,18.83,18.530001,18.629999,102000.0,0.03999900000000167
2.0,19.0,19.280001,19.280001,18.809999,18.889999,289600.0,-0.39000199999999907
2.0,18.0,19.870001,19.879999,19.17,19.209999,282300.0,-0.6600019999999986
2.0,14.0,19.5,20.469999,19.5,19.76,75700.0,0.26000000000000156
2.0,13.0,19.450001,19.73,19.370001,19.58,49500.0,0.12999899999999798
2.0,12.0,19.02,19.74,19.02,19.540001,90800.0,0.5200010000000006
2.0,11.0,19.059999,19.26,18.629999,19.059999,113200.0,0.0
2.0,10.0,19.389999,19.5,19.110001,19.110001,11600.0,-0.2799979999999991
2.0,7.0,19.889999,19.889999,19.209999,19.450001,91600.0,-0.4399979999999992
2.0,6.0,19.4,19.809999,19.200001,19.440001,36800.0,0.040001000000000175
2.0,5.0,19.639999,19.74,19.25,19.450001,294700.0,-0.18999799999999922
2.0,4.0,20.209999,20.209999,19.5,19.629999,167300.0,-0.5799999999999983
2.0,3.0,20.809999,21.0,20.110001,20.35,54500.0,-0.4599989999999998
1.0,31.0,20.799999,21.1,20.030001,21.08,43600.0,0.2800009999999986
1.0,30.0,19.950001,20.440001,19.92,20.440001,52700.0,0.48999999999999844
1.0,29.0,20.450001,20.559999,19.74,19.940001,67000.0,-0.5100000000000016
1.0,28.0,20.120001,20.620001,20.049999,20.6,82100.0,0.47999900000000295
1.0,27.0,20.07,20.469999,20.07,20.24,60100.0,0.16999999999999815
1.0,24.0,20.110001,20.93,20.110001,20.82,7500.0,0.7099989999999998
1.0,23.0,21.15,21.709999,20.799999,20.940001,59400.0,-0.20999899999999982
1.0,22.0,21.690001,21.780001,21.5,21.690001,18000.0,0.0
1.0,21.0,21.82,21.889999,21.190001,21.51,1016100.0,-0.3099999999999987
1.0,17.0,21.65,22.02,21.65,21.799999,578500.0,0.1499990000000011
1.0,16.0,21.75,21.82,21.5,21.559999,54200.0,-0.19000099999999875
1.0,15.0,21.82,22.08,21.51,21.610001,236900.0,-0.20999899999999982
1.0,14.0,21.75,22.129999,21.59,21.969999,146900.0,0.2199990000000014
1.0,13.0,21.52,21.860001,21.41,21.58,73100.0,0.05999999999999872
1.0,10.0,21.67,21.9,21.629999,21.83,6400.0,0.1599999999999966
1.0,9.0,21.6,21.9,21.540001,21.82,18600.0,0.21999999999999886
1.0,8.0,21.370001,21.73,21.370001,21.67,92500.0,0.29999900000000324
1.0,7.0,21.309999,21.639999,21.309999,21.43,51100.0,0.12000099999999847
1.0,6.0,21.370001,21.41,21.030001,21.35,8800.0,-0.02000099999999705
1.0,3.0,20.41,21.629999,20.4,21.43,43300.0,1.0199999999999996
1.0,2.0,21.34,21.57,21.09,21.33,15500.0,-0.010000000000001563
12.0,31.0,21.41,21.49,21.1,21.23,27100.0,-0.17999999999999972
12.0,30.0,20.950001,21.5,20.950001,21.370001,47000.0,0.41999999999999815
12.0,27.0,21.15,21.290001,20.67,20.83,21500.0,-0.3200000000000003
12.0,26.0,20.9,21.41,20.59,21.02,18800.0,0.120000000000001
12.0,24.0,21.08,21.18,20.34,20.950001,35300.0,-0.12999899999999798
12.0,23.0,21.58,21.75,21.49,21.559999,16800.0,-0.02000099999999705
12.0,20.0,21.459999,21.6,21.190001,21.51,91100.0,0.05000100000000174
12.0,19.0,21.559999,21.85,21.25,21.469999,151900.0,-0.08999999999999986
12.0,18.0,20.190001,21.6,20.190001,21.440001,325900.0,1.25
12.0,17.0,21.0,21.23,20.440001,21.1,271500.0,0.10000000000000142
12.0,16.0,19.780001,20.92,19.440001,20.92,201000.0,1.139999000000003
12.0,13.0,19.129999,19.700001,19.129999,19.6,141200.0,0.4700009999999999
12.0,12.0,18.92,19.74,18.690001,19.24,194000.0,0.31999999999999673
12.0,11.0,18.82,19.049999,18.799999,18.91,11300.0,0.08999999999999986
12.0,10.0,18.51,19.219999,18.51,18.9,139100.0,0.389999999999997
12.0,9.0,18.879999,19.049999,18.52,18.67,110100.0,-0.20999899999999982
12.0,6.0,18.799999,19.030001,18.700001,18.76,25700.0,-0.03999899999999812
12.0,5.0,18.889999,18.889999,18.540001,18.68,24500.0,-0.20999899999999982
12.0,4.0,19.040001,19.040001,18.799999,19.0,48600.0,-0.040001000000000175
12.0,3.0,19.68,19.68,18.879999,19.129999,73700.0,-0.5500009999999982
12.0,2.0,19.610001,20.0,19.610001,19.67,228900.0,0.059999000000001246
11.0,29.0,19.75,20.0,19.6,19.700001,75900.0,-0.04999899999999968
11.0,27.0,19.84,20.17,19.84,19.950001,61200.0,0.11000100000000046
11.0,26.0,20.0,20.049999,19.780001,19.870001,46800.0,-0.12999900000000153
11.0,25.0,20.110001,20.110001,19.73,20.0,27100.0,-0.11000100000000046
11.0,22.0,20.02,20.280001,19.889999,20.0,80300.0,-0.019999999999999574
11.0,21.0,20.16,20.299999,19.75,19.76,44300.0,-0.3999999999999986
11.0,20.0,19.959999,20.120001,19.92,19.99,17200.0,0.030000999999998612
11.0,19.0,20.58,20.59,19.58,20.059999,47200.0,-0.520000999999997
11.0,18.0,20.92,20.93,20.26,20.540001,91000.0,-0.37999900000000153
11.0,15.0,20.940001,21.030001,20.809999,21.01,4900.0,0.06999900000000281
11.0,14.0,20.85,21.17,20.85,20.879999,10200.0,0.02999900000000011
11.0,13.0,20.870001,20.940001,20.85,20.85,8400.0,-0.02000099999999705
11.0,12.0,20.639999,21.32,20.6,20.9,71200.0,0.26000099999999904
11.0,11.0,20.889999,20.92,20.66,20.75,2300.0,-0.13999899999999954
11.0,8.0,21.309999,21.309999,20.469999,20.84,28800.0,-0.4699990000000014
11.0,7.0,20.59,21.200001,20.59,21.15,10400.0,0.5599999999999987
11.0,6.0,21.379999,21.5,21.129999,21.450001,3800.0,0.07000199999999879
11.0,5.0,22.059999,22.059999,21.450001,21.540001,93400.0,-0.5199980000000011
11.0,4.0,21.969999,22.110001,21.82,22.07,61600.0,0.1000009999999989
11.0,1.0,21.75,22.139999,21.6,21.940001,191000.0,0.19000099999999875
10.0,31.0,21.32,21.75,21.309999,21.66,110600.0,0.33999999999999986
10.0,30.0,21.549999,21.610001,21.139999,21.32,79100.0,-0.2299989999999994
10.0,29.0,21.26,21.51,21.07,21.51,34900.0,0.25
10.0,28.0,21.5,21.5,21.139999,21.309999,140900.0,-0.19000099999999875
10.0,25.0,21.4,21.549999,20.889999,21.52,68100.0,0.120000000000001
10.0,24.0,20.82,21.290001,20.700001,21.290001,88600.0,0.4700009999999999
10.0,23.0,20.48,20.74,20.48,20.74,9600.0,0.259999999999998
10.0,22.0,20.32,20.77,20.16,20.5,267300.0,0.17999999999999972
10.0,21.0,20.48,20.51,20.23,20.35,81600.0,-0.129999999999999
10.0,18.0,19.639999,20.860001,19.639999,20.370001,348800.0,0.7300019999999989
10.0,17.0,19.559999,19.76,19.07,19.440001,221100.0,-0.11999800000000249
10.0,16.0,19.49,19.83,19.32,19.74,67300.0,0.25
10.0,15.0,19.35,19.57,19.0,19.459999,79400.0,0.1099989999999984
10.0,14.0,19.459999,19.459999,19.35,19.450001,5700.0,-0.009997999999999507
10.0,11.0,19.76,19.76,19.370001,19.629999,13100.0,-0.13000100000000003
10.0,10.0,19.540001,19.9,19.41,19.690001,398400.0,0.14999999999999858
10.0,9.0,19.459999,19.75,19.27,19.629999,45600.0,0.1700000000000017
10.0,8.0,19.59,19.719999,19.299999,19.48,41200.0,-0.10999999999999943
10.0,7.0,19.6,19.799999,19.0,19.639999,24600.0,0.03999899999999812
10.0,4.0,18.469999,19.85,18.309999,19.809999,137400.0,1.3399999999999999
10.0,3.0,19.610001,19.66,18.4,18.52,77000.0,-1.0900010000000009
10.0,2.0,19.469999,19.690001,19.469999,19.559999,34700.0,0.08999999999999986
10.0,1.0,19.889999,19.969999,19.530001,19.559999,18600.0,-0.3299999999999983
9.0,30.0,20.09,20.09,19.77,19.959999,44000.0,-0.13000100000000003
9.0,27.0,20.440001,20.440001,20.0,20.139999,458400.0,-0.3000019999999992
9.0,26.0,20.0,20.549999,20.0,20.440001,145700.0,0.44000099999999875
9.0,25.0,20.75,20.809999,19.959999,19.98,180800.0,-0.7699999999999996
9.0,24.0,20.9,21.07,20.459999,20.76,37000.0,-0.13999999999999702
9.0,23.0,21.5,21.540001,20.799999,20.99,69300.0,-0.5100000000000016
9.0,20.0,20.83,21.700001,20.65,21.700001,198100.0,0.870001000000002
9.0,19.0,21.0,22.139999,20.4,20.690001,57200.0,-0.30999900000000125
9.0,18.0,20.83,21.040001,20.209999,20.77,79400.0,-0.05999999999999872
9.0,17.0,20.91,21.0,20.719999,20.74,83600.0,-0.1700000000000017
9.0,16.0,21.040001,21.040001,20.84,20.84,135400.0,-0.20000100000000032
9.0,13.0,21.0,21.059999,20.75,20.790001,214300.0,-0.20999899999999982
9.0,12.0,21.08,21.1,20.66,20.870001,58000.0,-0.20999899999999982
9.0,11.0,21.4,21.4,21.0,21.040001,19800.0,-0.3599989999999984
9.0,10.0,20.82,21.530001,20.58,21.360001,300400.0,0.5400010000000002
9.0,9.0,20.73,20.950001,20.610001,20.790001,116000.0,0.06000099999999975
9.0,6.0,20.809999,20.860001,20.65,20.73,60800.0,-0.07999900000000082
9.0,5.0,20.27,20.780001,20.25,20.65,106700.0,0.379999999999999
9.0,4.0,20.559999,20.68,20.219999,20.27,146000.0,-0.28999900000000167
9.0,3.0,19.809999,20.4,19.6,20.219999,87100.0,0.41000000000000014
8.0,30.0,19.32,19.690001,19.32,19.6,46400.0,0.28000000000000114
8.0,29.0,18.959999,19.4,18.959999,19.389999,93700.0,0.4299999999999997
8.0,28.0,19.24,19.35,19.030001,19.059999,63200.0,-0.1800009999999972
8.0,27.0,19.799999,19.809999,18.74,19.299999,169200.0,-0.5
8.0,26.0,19.93,20.0,19.799999,19.809999,41700.0,-0.12000099999999847
8.0,23.0,20.379999,20.379999,19.549999,20.01,47600.0,-0.36999899999999997
8.0,22.0,20.450001,20.6,19.84,20.4,157000.0,-0.05000100000000174
8.0,21.0,20.610001,20.700001,20.5,20.52,163400.0,-0.09000100000000089
8.0,20.0,20.860001,20.91,20.68,20.799999,76200.0,-0.06000200000000078
8.0,19.0,21.0,21.09,20.299999,20.860001,187500.0,-0.13999899999999954
8.0,16.0,21.07,21.200001,20.969999,21.129999,242300.0,0.059999000000001246
8.0,15.0,21.129999,21.27,21.0,21.1,92100.0,-0.02999900000000011
8.0,14.0,21.18,21.18,20.76,21.129999,37600.0,-0.050000999999998186
8.0,13.0,21.0,21.299999,20.610001,21.08,206200.0,0.0799999999999983
8.0,12.0,20.49,20.860001,20.49,20.85,268200.0,0.360000000000003
8.0,9.0,21.0,21.0,20.299999,20.690001,88700.0,-0.30999900000000125
8.0,8.0,20.75,20.959999,20.709999,20.719999,132300.0,-0.030000999999998612
8.0,7.0,20.309999,20.85,20.309999,20.719999,165200.0,0.41000000000000014
8.0,6.0,20.700001,20.83,20.4,20.549999,295500.0,-0.15000200000000063
8.0,5.0,20.709999,20.99,20.629999,20.950001,18000.0,0.2400020000000005
8.0,2.0,21.35,21.35,20.700001,21.0,142900.0,-0.3500000000000014
8.0,1.0,21.0,21.200001,20.780001,21.0,170400.0,0.0
7.0,31.0,20.9,20.93,19.85,20.9,635100.0,0.0
7.0,30.0,20.799999,21.01,20.610001,20.92,437300.0,0.12000100000000202
7.0,29.0,20.98,21.0,20.530001,21.0,143400.0,0.019999999999999574
7.0,26.0,21.0,21.200001,20.799999,20.98,342500.0,-0.019999999999999574
7.0,25.0,21.129999,21.18,20.049999,21.0,931100.0,-0.12999900000000153
7.0,24.0,21.35,21.940001,21.110001,21.129999,8658200.0,-0.2200009999999999
