9.0,25.0,79.0,79.0,79.0,79.0,0.0,0.0
9.0,24.0,79.0,79.0,79.0,79.0,0.0,0.0
9.0,23.0,79.0,79.0,79.0,79.0,0.0,0.0
9.0,22.0,79.0,79.0,79.0,79.0,0.0,0.0
9.0,21.0,79.0,79.0,79.0,79.0,0.0,0.0
9.0,18.0,79.0,79.0,79.0,79.0,0.0,0.0
9.0,17.0,79.0,79.0,79.0,79.0,0.0,0.0
9.0,16.0,79.0,79.0,79.0,79.0,0.0,0.0
9.0,15.0,79.0,79.0,79.0,79.0,0.0,0.0
9.0,14.0,79.0,79.0,79.0,79.0,0.0,0.0
9.0,11.0,79.0,79.0,79.0,79.0,0.0,0.0
9.0,10.0,79.0,79.0,79.0,79.0,0.0,0.0
9.0,9.0,79.0,79.0,79.0,79.0,0.0,0.0
9.0,8.0,79.0,79.0,79.0,79.0,0.0,0.0
9.0,4.0,79.0,79.0,79.0,79.0,0.0,0.0
9.0,3.0,79.0,79.0,79.0,79.0,0.0,0.0
9.0,2.0,79.0,79.0,79.0,79.0,0.0,0.0
9.0,1.0,79.0,79.0,79.0,79.0,0.0,0.0
8.0,31.0,79.0,79.0,79.0,79.0,0.0,0.0
8.0,28.0,79.0,79.0,79.0,79.0,0.0,0.0
8.0,27.0,79.0,79.0,79.0,79.0,0.0,0.0
8.0,26.0,79.0,79.0,79.0,79.0,0.0,0.0
8.0,25.0,79.0,79.0,79.0,79.0,0.0,0.0
8.0,24.0,79.0,79.0,79.0,79.0,0.0,0.0
8.0,21.0,79.0,79.0,79.0,79.0,0.0,0.0
8.0,20.0,79.0,79.0,79.0,79.0,0.0,0.0
8.0,19.0,79.0,79.0,79.0,79.0,0.0,0.0
8.0,18.0,79.0,79.0,79.0,79.0,0.0,0.0
8.0,17.0,79.0,79.0,79.0,79.0,0.0,0.0
8.0,14.0,79.0,79.0,79.0,79.0,0.0,0.0
8.0,13.0,79.0,79.0,79.0,79.0,0.0,0.0
8.0,12.0,79.0,79.0,79.0,79.0,0.0,0.0
8.0,11.0,79.0,79.0,79.0,79.0,0.0,0.0
8.0,10.0,79.0,79.0,79.0,79.0,0.0,0.0
8.0,7.0,79.0,79.0,79.0,79.0,0.0,0.0
8.0,6.0,79.0,79.0,79.0,79.0,0.0,0.0
8.0,5.0,79.0,79.0,79.0,79.0,0.0,0.0
8.0,4.0,79.0,79.0,79.0,79.0,0.0,0.0
8.0,3.0,79.0,79.0,79.0,79.0,0.0,0.0
7.0,31.0,79.0,79.0,79.0,79.0,0.0,0.0
7.0,30.0,79.0,79.0,79.0,79.0,0.0,0.0
7.0,29.0,79.0,79.0,79.0,79.0,0.0,0.0
7.0,28.0,79.0,79.0,79.0,79.0,0.0,0.0
7.0,27.0,79.0,79.0,79.0,79.0,0.0,0.0
7.0,24.0,79.0,79.0,79.0,79.0,0.0,0.0
7.0,23.0,79.0,79.0,79.0,79.0,0.0,0.0
7.0,22.0,79.0,79.0,79.0,79.0,0.0,0.0
7.0,21.0,79.0,79.0,79.0,79.0,0.0,0.0
7.0,20.0,79.0,79.0,79.0,79.0,0.0,0.0
7.0,17.0,79.0,79.0,79.0,79.0,0.0,0.0
7.0,16.0,79.0,79.0,79.0,79.0,0.0,0.0
7.0,15.0,79.0,79.0,79.0,79.0,0.0,0.0
7.0,14.0,79.0,79.0,79.0,79.0,0.0,0.0
7.0,13.0,79.0,79.0,79.0,79.0,0.0,0.0
7.0,10.0,79.0,79.0,79.0,79.0,0.0,0.0
7.0,9.0,79.0,79.0,79.0,79.0,0.0,0.0
7.0,8.0,79.0,79.0,79.0,79.0,0.0,0.0
7.0,7.0,79.0,79.0,79.0,79.0,0.0,0.0
7.0,6.0,79.0,79.0,79.0,79.0,0.0,0.0
7.0,2.0,79.0,79.0,79.0,79.0,0.0,0.0
7.0,1.0,79.0,79.0,79.0,79.0,0.0,0.0
6.0,30.0,79.0,79.0,79.0,79.0,0.0,0.0
6.0,29.0,79.0,79.0,79.0,79.0,0.0,0.0
6.0,26.0,79.0,79.0,79.0,79.0,0.0,0.0
6.0,25.0,79.0,79.0,79.0,79.0,0.0,0.0
6.0,24.0,79.0,79.0,79.0,79.0,0.0,0.0
6.0,23.0,79.0,79.0,79.0,79.0,0.0,0.0
6.0,22.0,79.0,79.0,79.0,79.0,0.0,0.0
6.0,19.0,79.0,79.0,79.0,79.0,0.0,0.0
6.0,18.0,79.0,79.0,79.0,79.0,0.0,0.0
6.0,17.0,79.0,79.0,79.0,79.0,0.0,0.0
6.0,16.0,79.0,79.0,79.0,79.0,0.0,0.0
6.0,15.0,79.0,79.0,79.0,79.0,0.0,0.0
6.0,12.0,79.0,79.0,79.0,79.0,0.0,0.0
6.0,11.0,79.0,79.0,79.0,79.0,0.0,0.0
6.0,10.0,79.0,79.0,79.0,79.0,0.0,0.0
6.0,9.0,79.0,79.0,79.0,79.0,0.0,0.0
6.0,8.0,79.0,79.0,79.0,79.0,0.0,0.0
6.0,5.0,79.0,79.0,79.0,79.0,0.0,0.0
6.0,4.0,79.0,79.0,79.0,79.0,0.0,0.0
6.0,3.0,79.0,79.0,79.0,79.0,0.0,0.0
6.0,2.0,79.0,79.0,79.0,79.0,0.0,0.0
6.0,1.0,79.0,79.0,79.0,79.0,0.0,0.0
5.0,29.0,79.0,79.0,79.0,79.0,0.0,0.0
5.0,28.0,79.0,79.0,79.0,79.0,0.0,0.0
5.0,27.0,79.0,79.0,79.0,79.0,0.0,0.0
5.0,26.0,79.0,79.0,79.0,79.0,0.0,0.0
5.0,22.0,79.0,79.0,79.0,79.0,0.0,0.0
5.0,21.0,79.0,79.0,79.0,79.0,0.0,0.0
5.0,20.0,79.0,79.0,79.0,79.0,0.0,0.0
5.0,19.0,79.0,79.0,79.0,79.0,0.0,0.0
5.0,18.0,79.0,79.0,79.0,79.0,0.0,0.0
5.0,15.0,79.0,79.0,79.0,79.0,0.0,0.0
5.0,14.0,79.0,79.0,79.0,79.0,0.0,0.0
5.0,13.0,79.0,79.0,79.0,79.0,0.0,0.0
5.0,12.0,79.0,79.0,79.0,79.0,0.0,0.0
5.0,11.0,79.0,79.0,79.0,79.0,0.0,0.0
5.0,8.0,79.0,79.0,79.0,79.0,0.0,0.0
5.0,7.0,79.0,79.0,79.0,79.0,0.0,0.0
5.0,6.0,79.0,79.0,79.0,79.0,0.0,0.0
5.0,5.0,79.0,79.0,79.0,79.0,0.0,0.0
5.0,4.0,79.0,79.0,79.0,79.0,0.0,0.0
5.0,1.0,79.0,79.0,79.0,79.0,0.0,0.0
4.0,30.0,79.0,79.0,79.0,79.0,0.0,0.0
4.0,29.0,79.0,79.0,79.0,79.0,0.0,0.0
4.0,28.0,79.0,79.0,79.0,79.0,0.0,0.0
4.0,27.0,79.0,79.0,79.0,79.0,0.0,0.0
4.0,24.0,79.0,79.0,79.0,79.0,0.0,0.0
4.0,23.0,79.0,79.0,79.0,79.0,0.0,0.0
4.0,22.0,79.0,79.0,79.0,79.0,0.0,0.0
4.0,21.0,79.0,79.0,79.0,79.0,0.0,0.0
4.0,20.0,79.0,79.0,79.0,79.0,0.0,0.0
4.0,17.0,79.0,79.0,79.0,79.0,0.0,0.0
4.0,16.0,79.0,79.0,79.0,79.0,0.0,0.0
4.0,15.0,79.0,79.0,79.0,79.0,0.0,0.0
4.0,14.0,79.0,79.0,79.0,79.0,0.0,0.0
4.0,13.0,79.0,79.0,79.0,79.0,0.0,0.0
4.0,10.0,79.0,79.0,79.0,79.0,0.0,0.0
4.0,9.0,79.0,79.0,79.0,79.0,0.0,0.0
4.0,8.0,79.0,79.0,79.0,79.0,0.0,0.0
4.0,7.0,79.0,79.0,79.0,79.0,0.0,0.0
4.0,6.0,79.0,79.0,79.0,79.0,0.0,0.0
4.0,2.0,79.0,79.0,79.0,79.0,0.0,0.0
4.0,1.0,79.0,79.0,79.0,79.0,0.0,0.0
3.0,31.0,79.0,79.0,79.0,79.0,0.0,0.0
3.0,30.0,79.0,79.0,79.0,79.0,0.0,0.0
3.0,27.0,79.0,79.0,79.0,79.0,0.0,0.0
3.0,26.0,79.0,79.0,79.0,79.0,0.0,0.0
3.0,25.0,79.0,79.0,79.0,79.0,0.0,0.0
3.0,24.0,79.0,79.0,79.0,79.0,0.0,0.0
3.0,23.0,79.0,79.0,79.0,79.0,0.0,0.0
3.0,20.0,79.0,79.0,79.0,79.0,0.0,0.0
3.0,19.0,79.0,79.0,79.0,79.0,0.0,0.0
3.0,18.0,79.0,79.0,79.0,79.0,0.0,0.0
3.0,17.0,79.0,79.0,79.0,79.0,0.0,0.0
3.0,16.0,79.0,79.0,79.0,79.0,0.0,0.0
3.0,13.0,79.0,79.0,79.0,79.0,0.0,0.0
3.0,12.0,79.0,79.0,79.0,79.0,0.0,0.0
3.0,11.0,79.0,79.0,79.0,79.0,0.0,0.0
3.0,10.0,79.0,79.0,79.0,79.0,0.0,0.0
3.0,9.0,79.0,79.0,79.0,79.0,0.0,0.0
3.0,6.0,79.0,79.0,79.0,79.0,0.0,0.0
3.0,5.0,79.0,79.0,79.0,79.0,0.0,0.0
3.0,4.0,79.0,79.0,79.0,79.0,0.0,0.0
3.0,3.0,79.0,79.0,79.0,79.0,0.0,0.0
3.0,2.0,79.0,79.0,79.0,79.0,0.0,0.0
2.0,27.0,79.0,79.0,79.0,79.0,0.0,0.0
2.0,26.0,79.0,79.0,79.0,79.0,0.0,0.0
2.0,25.0,79.0,79.0,79.0,79.0,300.0,0.0
2.0,24.0,79.0,79.0,79.0,79.0,0.0,0.0
2.0,23.0,79.0,79.0,79.0,79.0,0.0,0.0
2.0,20.0,79.0,79.0,79.0,79.0,0.0,0.0
2.0,19.0,79.0,79.0,79.0,79.0,0.0,0.0
2.0,18.0,79.0,79.0,79.0,79.0,0.0,0.0
2.0,17.0,79.0,79.0,79.0,79.0,0.0,0.0
2.0,13.0,79.0,79.0,79.0,79.0,0.0,0.0
2.0,12.0,79.0,79.0,79.0,79.0,0.0,0.0
2.0,11.0,79.0,79.0,79.0,79.0,0.0,0.0
2.0,10.0,79.0,79.0,79.0,79.0,0.0,0.0
2.0,9.0,79.0,79.0,79.0,79.0,0.0,0.0
2.0,6.0,79.0,79.0,79.0,79.0,0.0,0.0
2.0,5.0,79.0,79.0,79.0,79.0,0.0,0.0
2.0,4.0,79.0,79.0,79.0,79.0,0.0,0.0
2.0,3.0,79.0,79.0,79.0,79.0,0.0,0.0
2.0,2.0,79.0,79.0,79.0,79.0,0.0,0.0
1.0,30.0,79.0,79.0,79.0,79.0,0.0,0.0
1.0,29.0,79.0,79.0,79.0,79.0,0.0,0.0
1.0,28.0,79.0,79.0,79.0,79.0,0.0,0.0
1.0,27.0,79.0,79.0,79.0,79.0,0.0,0.0
1.0,26.0,79.0,79.0,79.0,79.0,0.0,0.0
1.0,23.0,79.0,79.0,79.0,79.0,0.0,0.0
1.0,22.0,79.0,79.0,79.0,79.0,0.0,0.0
1.0,21.0,79.0,79.0,79.0,79.0,0.0,0.0
1.0,20.0,79.0,79.0,79.0,79.0,0.0,0.0
1.0,16.0,79.0,79.0,79.0,79.0,0.0,0.0
1.0,15.0,79.0,79.0,79.0,79.0,0.0,0.0
1.0,14.0,79.0,79.0,79.0,79.0,0.0,0.0
1.0,13.0,79.0,79.0,79.0,79.0,0.0,0.0
1.0,12.0,79.0,79.0,79.0,79.0,0.0,0.0
1.0,9.0,79.0,79.0,79.0,79.0,0.0,0.0
1.0,8.0,79.0,79.0,79.0,79.0,0.0,0.0
1.0,7.0,79.0,79.0,79.0,79.0,0.0,0.0
1.0,6.0,79.0,79.0,79.0,79.0,0.0,0.0
1.0,5.0,79.0,79.0,79.0,79.0,0.0,0.0
1.0,2.0,79.0,79.0,79.0,79.0,0.0,0.0
12.0,31.0,79.0,79.0,79.0,79.0,0.0,0.0
12.0,30.0,79.0,79.0,79.0,79.0,0.0,0.0
12.0,29.0,79.0,79.0,79.0,79.0,0.0,0.0
12.0,26.0,79.0,79.0,79.0,79.0,0.0,0.0
12.0,24.0,79.0,79.0,79.0,79.0,0.0,0.0
12.0,23.0,79.0,79.0,79.0,79.0,0.0,0.0
12.0,22.0,79.0,79.0,79.0,79.0,0.0,0.0
12.0,19.0,79.0,79.0,79.0,79.0,0.0,0.0
12.0,18.0,79.0,79.0,79.0,79.0,0.0,0.0
12.0,17.0,79.0,79.0,79.0,79.0,0.0,0.0
12.0,16.0,79.0,79.0,79.0,79.0,0.0,0.0
12.0,15.0,79.0,79.0,79.0,79.0,0.0,0.0
12.0,12.0,79.0,79.0,79.0,79.0,0.0,0.0
12.0,11.0,79.0,79.0,79.0,79.0,0.0,0.0
12.0,10.0,79.0,79.0,79.0,79.0,0.0,0.0
12.0,9.0,79.0,79.0,79.0,79.0,200.0,0.0
12.0,8.0,81.0,81.0,81.0,81.0,0.0,0.0
12.0,5.0,81.0,81.0,81.0,81.0,0.0,0.0
12.0,4.0,81.0,81.0,81.0,81.0,0.0,0.0
12.0,3.0,81.0,81.0,81.0,81.0,0.0,0.0
12.0,2.0,81.0,81.0,81.0,81.0,0.0,0.0
12.0,1.0,81.0,81.0,81.0,81.0,0.0,0.0
11.0,28.0,81.0,81.0,81.0,81.0,0.0,0.0
11.0,26.0,81.0,81.0,81.0,81.0,0.0,0.0
11.0,25.0,81.0,81.0,81.0,81.0,0.0,0.0
11.0,24.0,81.0,81.0,81.0,81.0,0.0,0.0
11.0,21.0,81.0,81.0,81.0,81.0,0.0,0.0
11.0,20.0,81.0,81.0,81.0,81.0,0.0,0.0
11.0,19.0,81.0,81.0,81.0,81.0,0.0,0.0
11.0,18.0,81.0,81.0,81.0,81.0,0.0,0.0
11.0,17.0,81.0,81.0,81.0,81.0,0.0,0.0
11.0,14.0,81.0,81.0,81.0,81.0,0.0,0.0
11.0,13.0,81.0,81.0,81.0,81.0,0.0,0.0
11.0,12.0,81.0,81.0,81.0,81.0,0.0,0.0
11.0,11.0,81.0,81.0,81.0,81.0,0.0,0.0
11.0,10.0,81.0,81.0,81.0,81.0,0.0,0.0
11.0,7.0,81.0,81.0,81.0,81.0,0.0,0.0
11.0,6.0,81.0,81.0,81.0,81.0,0.0,0.0
11.0,5.0,81.0,81.0,81.0,81.0,0.0,0.0
11.0,4.0,81.0,81.0,81.0,81.0,0.0,0.0
11.0,3.0,81.0,81.0,81.0,81.0,0.0,0.0
10.0,31.0,81.0,81.0,81.0,81.0,0.0,0.0
10.0,30.0,81.0,81.0,81.0,81.0,0.0,0.0
10.0,29.0,81.0,81.0,81.0,81.0,0.0,0.0
10.0,28.0,81.0,81.0,81.0,81.0,0.0,0.0
10.0,27.0,81.0,81.0,81.0,81.0,0.0,0.0
10.0,24.0,81.0,81.0,81.0,81.0,0.0,0.0
10.0,23.0,81.0,81.0,81.0,81.0,0.0,0.0
10.0,22.0,81.0,81.0,81.0,81.0,0.0,0.0
10.0,21.0,81.0,81.0,81.0,81.0,0.0,0.0
10.0,20.0,81.0,81.0,81.0,81.0,0.0,0.0
10.0,17.0,81.0,81.0,81.0,81.0,0.0,0.0
10.0,16.0,81.0,81.0,81.0,81.0,0.0,0.0
10.0,15.0,81.0,81.0,81.0,81.0,0.0,0.0
10.0,14.0,81.0,81.0,81.0,81.0,0.0,0.0
10.0,13.0,81.0,81.0,81.0,81.0,0.0,0.0
10.0,10.0,81.0,81.0,81.0,81.0,0.0,0.0
10.0,9.0,81.0,81.0,81.0,81.0,0.0,0.0
10.0,8.0,81.0,81.0,81.0,81.0,500.0,0.0
10.0,7.0,78.599998,78.599998,78.599998,78.599998,0.0,0.0
10.0,6.0,78.599998,78.599998,78.599998,78.599998,0.0,0.0
10.0,3.0,78.599998,78.599998,78.599998,78.599998,0.0,0.0
10.0,2.0,78.599998,78.599998,78.599998,78.599998,0.0,0.0
10.0,1.0,78.599998,78.599998,78.599998,78.599998,0.0,0.0
9.0,30.0,78.599998,78.599998,78.599998,78.599998,0.0,0.0
9.0,29.0,78.599998,78.599998,78.599998,78.599998,0.0,0.0
9.0,26.0,78.599998,78.599998,78.599998,78.599998,0.0,0.0
9.0,25.0,78.599998,78.599998,78.599998,78.599998,0.0,0.0
9.0,24.0,78.599998,78.599998,78.599998,78.599998,0.0,0.0
9.0,23.0,78.599998,78.599998,78.599998,78.599998,0.0,0.0
9.0,22.0,78.599998,78.599998,78.599998,78.599998,0.0,0.0
9.0,19.0,78.599998,78.599998,78.599998,78.599998,0.0,0.0
9.0,18.0,78.599998,78.599998,78.599998,78.599998,0.0,0.0
9.0,17.0,78.599998,78.599998,78.599998,78.599998,0.0,0.0
9.0,16.0,78.599998,78.599998,78.599998,78.599998,0.0,0.0
9.0,15.0,78.599998,78.599998,78.599998,78.599998,0.0,0.0
9.0,12.0,78.599998,78.599998,78.599998,78.599998,0.0,0.0
9.0,11.0,78.599998,78.599998,78.599998,78.599998,0.0,0.0
9.0,10.0,78.599998,78.599998,78.599998,78.599998,0.0,0.0
9.0,9.0,78.599998,78.599998,78.599998,78.599998,0.0,0.0
9.0,8.0,78.599998,78.599998,78.599998,78.599998,0.0,0.0
9.0,5.0,78.599998,78.599998,78.599998,78.599998,0.0,0.0
9.0,4.0,78.599998,78.599998,78.599998,78.599998,0.0,0.0
9.0,3.0,78.599998,78.599998,78.599998,78.599998,0.0,0.0
9.0,2.0,78.599998,78.599998,78.599998,78.599998,0.0,0.0
8.0,29.0,78.599998,78.599998,78.599998,78.599998,0.0,0.0
8.0,28.0,78.599998,78.599998,78.599998,78.599998,0.0,0.0
8.0,27.0,78.599998,78.599998,78.599998,78.599998,0.0,0.0
8.0,26.0,78.599998,78.599998,78.599998,78.599998,0.0,0.0
8.0,25.0,78.599998,78.599998,78.599998,78.599998,0.0,0.0
8.0,22.0,78.599998,78.599998,78.599998,78.599998,0.0,0.0
8.0,21.0,78.599998,78.599998,78.599998,78.599998,0.0,0.0
8.0,20.0,78.599998,78.599998,78.599998,78.599998,0.0,0.0
8.0,19.0,78.599998,78.599998,78.599998,78.599998,0.0,0.0
8.0,18.0,78.599998,78.599998,78.599998,78.599998,0.0,0.0
8.0,15.0,78.599998,78.599998,78.599998,78.599998,0.0,0.0
8.0,14.0,78.599998,78.599998,78.599998,78.599998,0.0,0.0
8.0,13.0,78.599998,78.599998,78.599998,78.599998,0.0,0.0
8.0,12.0,78.599998,78.599998,78.599998,78.599998,0.0,0.0
8.0,11.0,78.599998,78.599998,78.599998,78.599998,0.0,0.0
8.0,8.0,78.599998,78.599998,78.599998,78.599998,0.0,0.0
8.0,7.0,78.599998,78.599998,78.599998,78.599998,0.0,0.0
8.0,6.0,78.599998,78.599998,78.599998,78.599998,0.0,0.0
8.0,5.0,78.599998,78.599998,78.599998,78.599998,0.0,0.0
8.0,4.0,78.599998,78.599998,78.599998,78.599998,0.0,0.0
8.0,1.0,78.599998,78.599998,78.599998,78.599998,0.0,0.0
7.0,31.0,78.599998,78.599998,78.599998,78.599998,0.0,0.0
7.0,30.0,78.599998,78.599998,78.599998,78.599998,0.0,0.0
7.0,29.0,78.599998,78.599998,78.599998,78.599998,0.0,0.0
7.0,28.0,78.599998,78.599998,78.599998,78.599998,0.0,0.0
7.0,25.0,78.599998,78.599998,78.599998,78.599998,0.0,0.0
7.0,24.0,78.599998,78.599998,78.599998,78.599998,0.0,0.0
7.0,23.0,78.599998,78.599998,78.599998,78.599998,0.0,0.0
7.0,22.0,78.599998,78.599998,78.599998,78.599998,0.0,0.0
7.0,21.0,78.599998,78.599998,78.599998,78.599998,0.0,0.0
7.0,18.0,78.599998,78.599998,78.599998,78.599998,0.0,0.0
7.0,17.0,78.599998,78.599998,78.599998,78.599998,0.0,0.0
7.0,16.0,78.599998,78.599998,78.599998,78.599998,0.0,0.0
7.0,15.0,78.599998,78.599998,78.599998,78.599998,0.0,0.0
7.0,14.0,78.599998,78.599998,78.599998,78.599998,0.0,0.0
7.0,11.0,78.599998,78.599998,78.599998,78.599998,0.0,0.0
7.0,10.0,78.599998,78.599998,78.599998,78.599998,0.0,0.0
7.0,9.0,78.599998,78.599998,78.599998,78.599998,0.0,0.0
7.0,8.0,78.599998,78.599998,78.599998,78.599998,0.0,0.0
7.0,7.0,78.599998,78.599998,78.599998,78.599998,0.0,0.0
7.0,3.0,78.599998,78.599998,78.599998,78.599998,0.0,0.0
7.0,2.0,78.599998,78.599998,78.599998,78.599998,0.0,0.0
7.0,1.0,78.599998,78.599998,78.599998,78.599998,0.0,0.0
6.0,30.0,78.599998,78.599998,78.599998,78.599998,0.0,0.0
6.0,27.0,78.599998,78.599998,78.599998,78.599998,0.0,0.0
6.0,26.0,78.599998,78.599998,78.599998,78.599998,0.0,0.0
6.0,25.0,78.599998,78.599998,78.599998,78.599998,300.0,0.0
6.0,24.0,80.0,80.0,80.0,80.0,0.0,0.0
6.0,23.0,80.0,80.0,80.0,80.0,0.0,0.0
6.0,20.0,80.0,80.0,80.0,80.0,0.0,0.0
6.0,19.0,80.0,80.0,80.0,80.0,0.0,0.0
6.0,18.0,80.0,80.0,80.0,80.0,0.0,0.0
6.0,17.0,80.0,80.0,80.0,80.0,0.0,0.0
6.0,16.0,80.0,80.0,80.0,80.0,0.0,0.0
6.0,13.0,80.0,80.0,80.0,80.0,0.0,0.0
6.0,12.0,80.0,80.0,80.0,80.0,0.0,0.0
6.0,11.0,80.0,80.0,80.0,80.0,0.0,0.0
6.0,10.0,80.0,80.0,80.0,80.0,0.0,0.0
6.0,9.0,80.0,80.0,80.0,80.0,0.0,0.0
6.0,6.0,80.0,80.0,80.0,80.0,0.0,0.0
6.0,5.0,80.0,80.0,80.0,80.0,0.0,0.0
6.0,4.0,80.0,80.0,80.0,80.0,0.0,0.0
6.0,3.0,80.0,80.0,80.0,80.0,0.0,0.0
6.0,2.0,80.0,80.0,80.0,80.0,0.0,0.0
5.0,30.0,80.0,80.0,80.0,80.0,0.0,0.0
5.0,29.0,80.0,80.0,80.0,80.0,0.0,0.0
5.0,28.0,80.0,80.0,80.0,80.0,0.0,0.0
5.0,27.0,80.0,80.0,80.0,80.0,0.0,0.0
5.0,23.0,80.0,80.0,80.0,80.0,0.0,0.0
5.0,22.0,80.0,80.0,80.0,80.0,0.0,0.0
5.0,21.0,80.0,80.0,80.0,80.0,0.0,0.0
5.0,20.0,80.0,80.0,80.0,80.0,0.0,0.0
5.0,19.0,80.0,80.0,80.0,80.0,0.0,0.0
5.0,16.0,80.0,80.0,80.0,80.0,0.0,0.0
5.0,15.0,80.0,80.0,80.0,80.0,0.0,0.0
5.0,14.0,80.0,80.0,80.0,80.0,0.0,0.0
5.0,13.0,80.0,80.0,80.0,80.0,0.0,0.0
5.0,12.0,80.0,80.0,80.0,80.0,0.0,0.0
5.0,9.0,80.0,80.0,80.0,80.0,0.0,0.0
5.0,8.0,80.0,80.0,80.0,80.0,0.0,0.0
5.0,7.0,80.0,80.0,80.0,80.0,0.0,0.0
5.0,6.0,80.0,80.0,80.0,80.0,0.0,0.0
5.0,5.0,80.0,80.0,80.0,80.0,0.0,0.0
5.0,2.0,80.0,80.0,80.0,80.0,0.0,0.0
5.0,1.0,80.0,80.0,80.0,80.0,0.0,0.0
4.0,30.0,80.0,80.0,80.0,80.0,0.0,0.0
4.0,29.0,80.0,80.0,80.0,80.0,0.0,0.0
4.0,28.0,80.0,80.0,80.0,80.0,0.0,0.0
4.0,25.0,80.0,80.0,80.0,80.0,0.0,0.0
4.0,24.0,80.0,80.0,80.0,80.0,0.0,0.0
4.0,23.0,80.0,80.0,80.0,80.0,0.0,0.0
4.0,22.0,80.0,80.0,80.0,80.0,0.0,0.0
4.0,21.0,80.0,80.0,80.0,80.0,0.0,0.0
4.0,17.0,80.0,80.0,80.0,80.0,0.0,0.0
4.0,16.0,80.0,80.0,80.0,80.0,0.0,0.0
4.0,15.0,80.0,80.0,80.0,80.0,0.0,0.0
4.0,14.0,80.0,80.0,80.0,80.0,0.0,0.0
4.0,11.0,80.0,80.0,80.0,80.0,0.0,0.0
4.0,10.0,80.0,80.0,80.0,80.0,0.0,0.0
4.0,9.0,80.0,80.0,80.0,80.0,0.0,0.0
4.0,8.0,80.0,80.0,80.0,80.0,0.0,0.0
4.0,7.0,80.0,80.0,80.0,80.0,0.0,0.0
4.0,4.0,80.0,80.0,80.0,80.0,0.0,0.0
4.0,3.0,80.0,80.0,80.0,80.0,0.0,0.0
4.0,2.0,80.0,80.0,80.0,80.0,0.0,0.0
4.0,1.0,80.0,80.0,80.0,80.0,0.0,0.0
3.0,31.0,80.0,80.0,80.0,80.0,0.0,0.0
3.0,28.0,80.0,80.0,80.0,80.0,0.0,0.0
3.0,27.0,80.0,80.0,80.0,80.0,0.0,0.0
3.0,26.0,80.0,80.0,80.0,80.0,0.0,0.0
3.0,25.0,80.0,80.0,80.0,80.0,0.0,0.0
3.0,24.0,80.0,80.0,80.0,80.0,0.0,0.0
3.0,21.0,80.0,80.0,80.0,80.0,0.0,0.0
3.0,20.0,80.0,80.0,80.0,80.0,0.0,0.0
3.0,19.0,80.0,80.0,80.0,80.0,0.0,0.0
3.0,18.0,80.0,80.0,80.0,80.0,0.0,0.0
3.0,17.0,80.0,80.0,80.0,80.0,0.0,0.0
3.0,14.0,80.0,80.0,80.0,80.0,0.0,0.0
3.0,13.0,80.0,80.0,80.0,80.0,0.0,0.0
3.0,12.0,80.0,80.0,80.0,80.0,0.0,0.0
3.0,11.0,80.0,80.0,80.0,80.0,0.0,0.0
3.0,10.0,80.0,80.0,80.0,80.0,0.0,0.0
3.0,7.0,80.0,80.0,80.0,80.0,0.0,0.0
3.0,6.0,80.0,80.0,80.0,80.0,0.0,0.0
3.0,5.0,80.0,80.0,80.0,80.0,0.0,0.0
3.0,4.0,80.0,80.0,80.0,80.0,0.0,0.0
3.0,3.0,80.0,80.0,80.0,80.0,0.0,0.0
2.0,28.0,80.0,80.0,80.0,80.0,0.0,0.0
2.0,27.0,80.0,80.0,80.0,80.0,0.0,0.0
2.0,26.0,80.0,80.0,80.0,80.0,0.0,0.0
2.0,25.0,80.0,80.0,80.0,80.0,0.0,0.0
2.0,24.0,80.0,80.0,80.0,80.0,0.0,0.0
2.0,21.0,80.0,80.0,80.0,80.0,0.0,0.0
2.0,20.0,80.0,80.0,80.0,80.0,0.0,0.0
2.0,19.0,80.0,80.0,80.0,80.0,0.0,0.0
2.0,18.0,80.0,80.0,80.0,80.0,0.0,0.0
2.0,14.0,80.0,80.0,80.0,80.0,0.0,0.0
2.0,13.0,80.0,80.0,80.0,80.0,0.0,0.0
2.0,12.0,80.0,80.0,80.0,80.0,0.0,0.0
2.0,11.0,80.0,80.0,80.0,80.0,0.0,0.0
2.0,10.0,80.0,80.0,80.0,80.0,0.0,0.0
2.0,7.0,80.0,80.0,80.0,80.0,100.0,0.0
2.0,6.0,85.0,85.0,85.0,85.0,0.0,0.0
2.0,5.0,85.0,85.0,85.0,85.0,0.0,0.0
2.0,4.0,85.0,85.0,85.0,85.0,0.0,0.0
2.0,3.0,85.0,85.0,85.0,85.0,0.0,0.0
1.0,31.0,85.0,85.0,85.0,85.0,0.0,0.0
1.0,30.0,85.0,85.0,85.0,85.0,0.0,0.0
1.0,29.0,85.0,85.0,85.0,85.0,0.0,0.0
1.0,28.0,85.0,85.0,85.0,85.0,0.0,0.0
1.0,27.0,85.0,85.0,85.0,85.0,0.0,0.0
1.0,24.0,85.0,85.0,85.0,85.0,0.0,0.0
1.0,23.0,85.0,85.0,85.0,85.0,0.0,0.0
1.0,22.0,85.0,85.0,85.0,85.0,0.0,0.0
1.0,21.0,85.0,85.0,85.0,85.0,0.0,0.0
1.0,17.0,85.0,85.0,85.0,85.0,0.0,0.0
1.0,16.0,85.0,85.0,85.0,85.0,0.0,0.0
1.0,15.0,85.0,85.0,85.0,85.0,0.0,0.0
1.0,14.0,85.0,85.0,85.0,85.0,0.0,0.0
1.0,13.0,85.0,85.0,85.0,85.0,0.0,0.0
1.0,10.0,85.0,85.0,85.0,85.0,0.0,0.0
1.0,9.0,85.0,85.0,85.0,85.0,0.0,0.0
1.0,8.0,85.0,85.0,85.0,85.0,0.0,0.0
1.0,7.0,85.0,85.0,85.0,85.0,0.0,0.0
1.0,6.0,85.0,85.0,85.0,85.0,0.0,0.0
1.0,3.0,85.0,85.0,85.0,85.0,0.0,0.0
1.0,2.0,85.0,85.0,85.0,85.0,0.0,0.0
12.0,31.0,85.0,85.0,85.0,85.0,0.0,0.0
12.0,30.0,85.0,85.0,85.0,85.0,0.0,0.0
12.0,27.0,85.0,85.0,85.0,85.0,0.0,0.0
12.0,26.0,85.0,85.0,85.0,85.0,0.0,0.0
12.0,24.0,85.0,85.0,85.0,85.0,0.0,0.0
12.0,23.0,85.0,85.0,85.0,85.0,0.0,0.0
12.0,20.0,85.0,85.0,85.0,85.0,0.0,0.0
12.0,19.0,85.0,85.0,85.0,85.0,0.0,0.0
12.0,18.0,85.0,85.0,85.0,85.0,0.0,0.0
12.0,17.0,85.0,85.0,85.0,85.0,0.0,0.0
12.0,16.0,85.0,85.0,85.0,85.0,0.0,0.0
12.0,13.0,85.0,85.0,85.0,85.0,0.0,0.0
12.0,12.0,85.0,85.0,85.0,85.0,0.0,0.0
12.0,11.0,85.0,85.0,85.0,85.0,0.0,0.0
12.0,10.0,85.0,85.0,85.0,85.0,0.0,0.0
12.0,9.0,85.0,85.0,85.0,85.0,0.0,0.0
12.0,6.0,85.0,85.0,85.0,85.0,0.0,0.0
12.0,5.0,85.0,85.0,85.0,85.0,0.0,0.0
12.0,4.0,85.0,85.0,85.0,85.0,0.0,0.0
12.0,3.0,85.0,85.0,85.0,85.0,0.0,0.0
12.0,2.0,85.0,85.0,85.0,85.0,0.0,0.0
11.0,29.0,85.0,85.0,85.0,85.0,0.0,0.0
11.0,27.0,85.0,85.0,85.0,85.0,0.0,0.0
11.0,26.0,85.0,85.0,85.0,85.0,0.0,0.0
11.0,25.0,85.0,85.0,85.0,85.0,0.0,0.0
11.0,22.0,85.0,85.0,85.0,85.0,0.0,0.0
11.0,21.0,85.0,85.0,85.0,85.0,0.0,0.0
11.0,20.0,85.0,85.0,85.0,85.0,0.0,0.0
11.0,19.0,85.0,85.0,85.0,85.0,0.0,0.0
11.0,18.0,85.0,85.0,85.0,85.0,0.0,0.0
11.0,15.0,85.0,85.0,85.0,85.0,0.0,0.0
11.0,14.0,85.0,85.0,85.0,85.0,0.0,0.0
11.0,13.0,85.0,85.0,85.0,85.0,0.0,0.0
11.0,12.0,85.0,85.0,85.0,85.0,0.0,0.0
11.0,11.0,85.0,85.0,85.0,85.0,0.0,0.0
11.0,8.0,85.0,85.0,85.0,85.0,0.0,0.0
11.0,7.0,85.0,85.0,85.0,85.0,0.0,0.0
11.0,6.0,85.0,85.0,85.0,85.0,0.0,0.0
11.0,5.0,85.0,85.0,85.0,85.0,0.0,0.0
11.0,4.0,85.0,85.0,85.0,85.0,0.0,0.0
11.0,1.0,85.0,85.0,85.0,85.0,0.0,0.0
10.0,31.0,85.0,85.0,85.0,85.0,0.0,0.0
10.0,30.0,85.0,85.0,85.0,85.0,0.0,0.0
10.0,29.0,85.0,85.0,85.0,85.0,0.0,0.0
10.0,28.0,85.0,85.0,85.0,85.0,0.0,0.0
10.0,25.0,85.0,85.0,85.0,85.0,0.0,0.0
10.0,24.0,85.0,85.0,85.0,85.0,0.0,0.0
10.0,23.0,85.0,85.0,85.0,85.0,0.0,0.0
10.0,22.0,85.0,85.0,85.0,85.0,0.0,0.0
10.0,21.0,85.0,85.0,85.0,85.0,0.0,0.0
10.0,18.0,85.0,85.0,85.0,85.0,0.0,0.0
10.0,17.0,85.0,85.0,85.0,85.0,0.0,0.0
10.0,16.0,85.0,85.0,85.0,85.0,0.0,0.0
10.0,15.0,85.0,85.0,85.0,85.0,0.0,0.0
10.0,14.0,85.0,85.0,85.0,85.0,0.0,0.0
10.0,11.0,85.0,85.0,85.0,85.0,0.0,0.0
10.0,10.0,85.0,85.0,85.0,85.0,0.0,0.0
10.0,9.0,85.0,85.0,85.0,85.0,0.0,0.0
10.0,8.0,85.0,85.0,85.0,85.0,0.0,0.0
10.0,7.0,85.0,85.0,85.0,85.0,0.0,0.0
10.0,4.0,85.0,85.0,85.0,85.0,0.0,0.0
10.0,3.0,85.0,85.0,85.0,85.0,0.0,0.0
10.0,2.0,85.0,85.0,85.0,85.0,0.0,0.0
10.0,1.0,85.0,85.0,85.0,85.0,0.0,0.0
9.0,30.0,85.0,85.0,85.0,85.0,0.0,0.0
9.0,27.0,85.0,85.0,85.0,85.0,100.0,0.0
9.0,26.0,78.5,78.5,78.5,78.5,0.0,0.0
9.0,25.0,78.5,78.5,78.5,78.5,0.0,0.0
9.0,24.0,78.5,78.5,78.5,78.5,0.0,0.0
9.0,23.0,78.5,78.5,78.5,78.5,0.0,0.0
9.0,20.0,78.5,78.5,78.5,78.5,0.0,0.0
9.0,19.0,78.5,78.5,78.5,78.5,0.0,0.0
9.0,18.0,78.5,78.5,78.5,78.5,0.0,0.0
9.0,17.0,78.5,78.5,78.5,78.5,0.0,0.0
9.0,16.0,78.5,78.5,78.5,78.5,0.0,0.0
9.0,13.0,78.5,78.5,78.5,78.5,0.0,0.0
9.0,12.0,78.5,78.5,78.5,78.5,0.0,0.0
9.0,11.0,78.5,78.5,78.5,78.5,0.0,0.0
9.0,10.0,78.5,78.5,78.5,78.5,0.0,0.0
9.0,9.0,78.5,78.5,78.5,78.5,0.0,0.0
9.0,6.0,78.5,78.5,78.5,78.5,0.0,0.0
9.0,5.0,78.5,78.5,78.5,78.5,0.0,0.0
9.0,4.0,78.5,78.5,78.5,78.5,0.0,0.0
9.0,3.0,78.5,78.5,78.5,78.5,0.0,0.0
8.0,30.0,78.5,78.5,78.5,78.5,0.0,0.0
8.0,29.0,78.5,78.5,78.5,78.5,0.0,0.0
8.0,28.0,78.5,78.5,78.5,78.5,0.0,0.0
8.0,27.0,78.5,78.5,78.5,78.5,0.0,0.0
8.0,26.0,78.5,78.5,78.5,78.5,0.0,0.0
8.0,23.0,78.5,78.5,78.5,78.5,0.0,0.0
8.0,22.0,78.5,78.5,78.5,78.5,0.0,0.0
8.0,21.0,78.5,78.5,78.5,78.5,0.0,0.0
8.0,20.0,78.5,78.5,78.5,78.5,0.0,0.0
8.0,19.0,78.5,78.5,78.5,78.5,0.0,0.0
8.0,16.0,78.5,78.5,78.5,78.5,0.0,0.0
8.0,15.0,78.5,78.5,78.5,78.5,0.0,0.0
8.0,14.0,78.5,78.5,78.5,78.5,200.0,0.0
8.0,13.0,80.0,80.0,80.0,80.0,0.0,0.0
8.0,12.0,77.0,80.0,77.0,80.0,1100.0,3.0
8.0,9.0,80.0,80.0,80.0,80.0,0.0,0.0
8.0,8.0,80.0,80.0,80.0,80.0,0.0,0.0
8.0,7.0,80.0,80.0,80.0,80.0,0.0,0.0
8.0,6.0,80.0,80.0,80.0,80.0,0.0,0.0
8.0,5.0,80.0,80.0,80.0,80.0,0.0,0.0
8.0,2.0,80.0,80.0,80.0,80.0,0.0,0.0
8.0,1.0,80.0,80.0,80.0,80.0,0.0,0.0
7.0,31.0,80.0,80.0,80.0,80.0,100.0,0.0
7.0,30.0,80.0,80.0,80.0,80.0,100.0,0.0
7.0,29.0,75.0,75.0,75.0,75.0,0.0,0.0
7.0,26.0,75.0,75.0,75.0,75.0,0.0,0.0
7.0,25.0,75.0,75.0,75.0,75.0,0.0,0.0
7.0,24.0,75.0,75.0,75.0,75.0,0.0,0.0
7.0,23.0,75.0,75.0,75.0,75.0,0.0,0.0
7.0,22.0,75.0,75.0,75.0,75.0,0.0,0.0
7.0,19.0,75.0,75.0,75.0,75.0,0.0,0.0
7.0,18.0,75.0,75.0,75.0,75.0,0.0,0.0
7.0,17.0,75.0,75.0,75.0,75.0,0.0,0.0
7.0,16.0,75.0,75.0,75.0,75.0,0.0,0.0
7.0,15.0,75.0,75.0,75.0,75.0,0.0,0.0
7.0,12.0,75.0,75.0,75.0,75.0,0.0,0.0
7.0,11.0,75.0,75.0,75.0,75.0,0.0,0.0
7.0,10.0,75.0,75.0,75.0,75.0,0.0,0.0
7.0,9.0,75.0,75.0,75.0,75.0,0.0,0.0
7.0,8.0,75.0,75.0,75.0,75.0,0.0,0.0
7.0,5.0,75.0,75.0,75.0,75.0,0.0,0.0
7.0,3.0,75.0,75.0,75.0,75.0,0.0,0.0
7.0,2.0,75.0,75.0,75.0,75.0,0.0,0.0
7.0,1.0,75.0,75.0,75.0,75.0,0.0,0.0
6.0,28.0,75.0,75.0,75.0,75.0,0.0,0.0
6.0,27.0,75.0,75.0,75.0,75.0,0.0,0.0
6.0,26.0,75.0,75.0,75.0,75.0,0.0,0.0
6.0,25.0,75.0,75.0,75.0,75.0,0.0,0.0
6.0,24.0,75.0,75.0,75.0,75.0,0.0,0.0
6.0,21.0,75.0,75.0,75.0,75.0,0.0,0.0
6.0,20.0,75.0,75.0,75.0,75.0,0.0,0.0
6.0,19.0,75.0,75.0,75.0,75.0,0.0,0.0
6.0,18.0,75.0,75.0,75.0,75.0,0.0,0.0
6.0,17.0,75.0,75.0,75.0,75.0,0.0,0.0
6.0,14.0,75.0,75.0,75.0,75.0,0.0,0.0
6.0,13.0,75.0,75.0,75.0,75.0,0.0,0.0
6.0,12.0,75.0,75.0,75.0,75.0,0.0,0.0
6.0,11.0,75.0,75.0,75.0,75.0,0.0,0.0
6.0,10.0,75.0,75.0,75.0,75.0,0.0,0.0
6.0,7.0,75.0,75.0,75.0,75.0,0.0,0.0
6.0,6.0,75.0,75.0,75.0,75.0,0.0,0.0
6.0,5.0,75.0,75.0,75.0,75.0,0.0,0.0
6.0,4.0,75.0,75.0,75.0,75.0,0.0,0.0
6.0,3.0,75.0,75.0,75.0,75.0,0.0,0.0
5.0,31.0,75.0,75.0,75.0,75.0,0.0,0.0
5.0,30.0,75.0,75.0,75.0,75.0,0.0,0.0
5.0,29.0,75.0,75.0,75.0,75.0,0.0,0.0
5.0,28.0,75.0,75.0,75.0,75.0,0.0,0.0
5.0,24.0,75.0,75.0,75.0,75.0,0.0,0.0
5.0,23.0,75.0,75.0,75.0,75.0,0.0,0.0
5.0,22.0,75.0,75.0,75.0,75.0,0.0,0.0
5.0,21.0,75.0,75.0,75.0,75.0,0.0,0.0
5.0,20.0,75.0,75.0,75.0,75.0,0.0,0.0
5.0,17.0,75.0,75.0,75.0,75.0,0.0,0.0
5.0,16.0,75.0,75.0,75.0,75.0,0.0,0.0
5.0,15.0,75.0,75.0,75.0,75.0,0.0,0.0
5.0,14.0,75.0,75.0,75.0,75.0,0.0,0.0
5.0,13.0,75.0,75.0,75.0,75.0,0.0,0.0
5.0,10.0,75.0,75.0,75.0,75.0,0.0,0.0
5.0,9.0,75.0,75.0,75.0,75.0,0.0,0.0
5.0,8.0,75.0,75.0,75.0,75.0,0.0,0.0
5.0,7.0,75.0,75.0,75.0,75.0,0.0,0.0
5.0,6.0,75.0,75.0,75.0,75.0,0.0,0.0
5.0,3.0,75.0,75.0,75.0,75.0,300.0,0.0
5.0,2.0,80.0,80.0,80.0,80.0,0.0,0.0
5.0,1.0,80.0,80.0,80.0,80.0,0.0,0.0
4.0,30.0,80.0,80.0,80.0,80.0,0.0,0.0
4.0,29.0,80.0,80.0,80.0,80.0,0.0,0.0
4.0,26.0,80.0,80.0,80.0,80.0,0.0,0.0
4.0,25.0,80.0,80.0,80.0,80.0,0.0,0.0
4.0,24.0,80.0,80.0,80.0,80.0,0.0,0.0
4.0,23.0,80.0,80.0,80.0,80.0,400.0,0.0
4.0,22.0,72.5,72.5,72.5,72.5,0.0,0.0
4.0,19.0,72.5,72.5,72.5,72.5,0.0,0.0
4.0,18.0,72.5,72.5,72.5,72.5,0.0,0.0
4.0,17.0,72.5,72.5,72.5,72.5,0.0,0.0
4.0,16.0,72.5,72.5,72.5,72.5,0.0,0.0
4.0,15.0,72.5,72.5,72.5,72.5,0.0,0.0
4.0,12.0,72.5,72.5,72.5,72.5,0.0,0.0
4.0,11.0,72.5,72.5,72.5,72.5,0.0,0.0
4.0,10.0,72.5,72.5,72.5,72.5,0.0,0.0
4.0,9.0,72.5,72.5,72.5,72.5,0.0,0.0
4.0,8.0,72.5,72.5,72.5,72.5,0.0,0.0
4.0,5.0,72.5,72.5,72.5,72.5,0.0,0.0
4.0,4.0,72.5,72.5,72.5,72.5,0.0,0.0
4.0,3.0,72.5,72.5,72.5,72.5,0.0,0.0
4.0,2.0,72.5,72.5,72.5,72.5,0.0,0.0
4.0,1.0,72.5,72.5,72.5,72.5,0.0,0.0
3.0,28.0,72.5,72.5,72.5,72.5,0.0,0.0
3.0,27.0,72.5,72.5,72.5,72.5,0.0,0.0
3.0,26.0,72.5,72.5,72.5,72.5,0.0,0.0
3.0,25.0,72.5,72.5,72.5,72.5,0.0,0.0
3.0,22.0,72.5,72.5,72.5,72.5,0.0,0.0
3.0,21.0,72.5,72.5,72.5,72.5,0.0,0.0
3.0,20.0,72.5,72.5,72.5,72.5,0.0,0.0
3.0,19.0,72.5,72.5,72.5,72.5,0.0,0.0
3.0,18.0,72.5,72.5,72.5,72.5,0.0,0.0
3.0,15.0,72.5,72.5,72.5,72.5,0.0,0.0
3.0,14.0,72.5,72.5,72.5,72.5,0.0,0.0
3.0,13.0,72.5,72.5,72.5,72.5,0.0,0.0
3.0,12.0,72.5,72.5,72.5,72.5,0.0,0.0
3.0,11.0,72.5,72.5,72.5,72.5,0.0,0.0
3.0,8.0,72.5,72.5,72.5,72.5,0.0,0.0
3.0,7.0,72.5,72.5,72.5,72.5,0.0,0.0
3.0,6.0,72.5,72.5,72.5,72.5,0.0,0.0
3.0,5.0,72.5,72.5,72.5,72.5,0.0,0.0
3.0,4.0,72.5,72.5,72.5,72.5,0.0,0.0
3.0,1.0,72.5,72.5,72.5,72.5,0.0,0.0
2.0,28.0,72.5,72.5,72.5,72.5,0.0,0.0
2.0,27.0,72.5,72.5,72.5,72.5,0.0,0.0
2.0,26.0,72.5,72.5,72.5,72.5,0.0,0.0
2.0,25.0,72.5,72.5,72.5,72.5,0.0,0.0
2.0,22.0,72.5,72.5,72.5,72.5,0.0,0.0
2.0,21.0,72.5,72.5,72.5,72.5,0.0,0.0
2.0,20.0,72.5,72.5,72.5,72.5,0.0,0.0
2.0,19.0,72.5,72.5,72.5,72.5,0.0,0.0
2.0,15.0,72.5,72.5,72.5,72.5,0.0,0.0
2.0,14.0,72.5,72.5,72.5,72.5,0.0,0.0
2.0,13.0,72.5,72.5,72.5,72.5,0.0,0.0
2.0,12.0,72.5,72.5,72.5,72.5,0.0,0.0
2.0,11.0,72.5,72.5,72.5,72.5,0.0,0.0
2.0,8.0,72.5,72.5,72.5,72.5,0.0,0.0
2.0,7.0,72.5,72.5,72.5,72.5,0.0,0.0
2.0,6.0,72.5,72.5,72.5,72.5,0.0,0.0
2.0,5.0,72.5,72.5,72.5,72.5,0.0,0.0
2.0,4.0,72.5,72.5,72.5,72.5,0.0,0.0
2.0,1.0,72.5,72.5,72.5,72.5,0.0,0.0
1.0,31.0,72.5,72.5,72.5,72.5,0.0,0.0
1.0,30.0,72.5,72.5,72.5,72.5,0.0,0.0
1.0,29.0,72.5,72.5,72.5,72.5,0.0,0.0
1.0,28.0,72.5,72.5,72.5,72.5,0.0,0.0
1.0,25.0,72.5,72.5,72.5,72.5,0.0,0.0
1.0,24.0,72.5,72.5,72.5,72.5,0.0,0.0
1.0,23.0,72.5,72.5,72.5,72.5,0.0,0.0
1.0,22.0,72.5,72.5,72.5,72.5,0.0,0.0
1.0,18.0,72.5,72.5,72.5,72.5,0.0,0.0
1.0,17.0,72.5,72.5,72.5,72.5,0.0,0.0
1.0,16.0,72.5,72.5,72.5,72.5,0.0,0.0
1.0,15.0,72.5,72.5,72.5,72.5,0.0,0.0
1.0,14.0,72.5,72.5,72.5,72.5,0.0,0.0
1.0,11.0,72.5,72.5,72.5,72.5,0.0,0.0
1.0,10.0,72.5,72.5,72.5,72.5,0.0,0.0
1.0,9.0,72.5,72.5,72.5,72.5,0.0,0.0
1.0,8.0,72.5,72.5,72.5,72.5,0.0,0.0
1.0,7.0,72.5,72.5,72.5,72.5,0.0,0.0
1.0,4.0,72.5,72.5,72.5,72.5,0.0,0.0
1.0,3.0,72.5,72.5,72.5,72.5,0.0,0.0
1.0,2.0,72.5,72.5,72.5,72.5,0.0,0.0
12.0,31.0,72.5,72.5,72.5,72.5,0.0,0.0
12.0,28.0,72.5,72.5,72.5,72.5,0.0,0.0
12.0,27.0,72.5,72.5,72.5,72.5,0.0,0.0
12.0,26.0,72.5,72.5,72.5,72.5,0.0,0.0
12.0,24.0,72.5,72.5,72.5,72.5,0.0,0.0
12.0,21.0,72.5,72.5,72.5,72.5,0.0,0.0
12.0,20.0,72.5,72.5,72.5,72.5,0.0,0.0
12.0,19.0,72.5,72.5,72.5,72.5,0.0,0.0
12.0,18.0,72.5,72.5,72.5,72.5,0.0,0.0
12.0,17.0,72.5,72.5,72.5,72.5,0.0,0.0
12.0,14.0,72.5,72.5,72.5,72.5,0.0,0.0
12.0,13.0,72.5,72.5,72.5,72.5,0.0,0.0
12.0,12.0,72.5,72.5,72.5,72.5,0.0,0.0
12.0,11.0,72.5,72.5,72.5,72.5,0.0,0.0
12.0,10.0,72.5,72.5,72.5,72.5,0.0,0.0
12.0,7.0,72.5,72.5,72.5,72.5,0.0,0.0
12.0,6.0,72.5,72.5,72.5,72.5,0.0,0.0
12.0,5.0,72.5,72.5,72.5,72.5,0.0,0.0
12.0,4.0,72.5,72.5,72.5,72.5,0.0,0.0
12.0,3.0,72.5,72.5,72.5,72.5,0.0,0.0
11.0,30.0,72.5,72.5,72.5,72.5,0.0,0.0
11.0,29.0,72.5,72.5,72.5,72.5,0.0,0.0
11.0,28.0,72.5,72.5,72.5,72.5,0.0,0.0
11.0,27.0,72.5,72.5,72.5,72.5,0.0,0.0
11.0,26.0,72.5,72.5,72.5,72.5,0.0,0.0
11.0,23.0,72.5,72.5,72.5,72.5,0.0,0.0
11.0,21.0,72.5,72.5,72.5,72.5,0.0,0.0
11.0,20.0,72.5,72.5,72.5,72.5,0.0,0.0
11.0,19.0,72.5,72.5,72.5,72.5,0.0,0.0
11.0,16.0,72.5,72.5,72.5,72.5,0.0,0.0
11.0,15.0,72.5,72.5,72.5,72.5,0.0,0.0
11.0,14.0,72.5,72.5,72.5,72.5,0.0,0.0
11.0,13.0,72.5,72.5,72.5,72.5,0.0,0.0
11.0,12.0,72.5,72.5,72.5,72.5,0.0,0.0
11.0,9.0,72.5,72.5,72.5,72.5,0.0,0.0
11.0,8.0,72.5,72.5,72.5,72.5,0.0,0.0
11.0,7.0,72.5,72.5,72.5,72.5,0.0,0.0
11.0,6.0,72.5,72.5,72.5,72.5,0.0,0.0
11.0,5.0,72.5,72.5,72.5,72.5,0.0,0.0
11.0,2.0,72.5,72.5,72.5,72.5,0.0,0.0
11.0,1.0,72.5,72.5,72.5,72.5,0.0,0.0
10.0,31.0,72.5,72.5,72.5,72.5,0.0,0.0
10.0,26.0,72.5,72.5,72.5,72.5,0.0,0.0
10.0,25.0,72.5,72.5,72.5,72.5,0.0,0.0
10.0,24.0,72.5,72.5,72.5,72.5,0.0,0.0
10.0,23.0,72.5,72.5,72.5,72.5,0.0,0.0
10.0,22.0,72.5,72.5,72.5,72.5,0.0,0.0
10.0,19.0,72.5,72.5,72.5,72.5,0.0,0.0
10.0,18.0,72.5,72.5,72.5,72.5,0.0,0.0
10.0,17.0,72.5,72.5,72.5,72.5,0.0,0.0
10.0,16.0,72.5,72.5,72.5,72.5,0.0,0.0
10.0,15.0,72.5,72.5,72.5,72.5,0.0,0.0
10.0,12.0,72.5,72.5,72.5,72.5,0.0,0.0
10.0,11.0,72.5,72.5,72.5,72.5,0.0,0.0
10.0,10.0,72.5,72.5,72.5,72.5,0.0,0.0
10.0,9.0,72.5,72.5,72.5,72.5,0.0,0.0
10.0,8.0,72.5,72.5,72.5,72.5,0.0,0.0
10.0,5.0,72.5,72.5,72.5,72.5,0.0,0.0
10.0,4.0,72.5,72.5,72.5,72.5,0.0,0.0
10.0,3.0,72.5,72.5,72.5,72.5,0.0,0.0
10.0,2.0,72.5,72.5,72.5,72.5,0.0,0.0
10.0,1.0,72.5,72.5,72.5,72.5,0.0,0.0
9.0,28.0,72.5,72.5,72.5,72.5,0.0,0.0
9.0,27.0,72.5,72.5,72.5,72.5,0.0,0.0
9.0,26.0,72.5,72.5,72.5,72.5,0.0,0.0
9.0,25.0,72.5,72.5,72.5,72.5,0.0,0.0
9.0,24.0,72.5,72.5,72.5,72.5,0.0,0.0
9.0,21.0,72.5,72.5,72.5,72.5,0.0,0.0
9.0,20.0,72.5,72.5,72.5,72.5,0.0,0.0
9.0,19.0,72.5,72.5,72.5,72.5,0.0,0.0
9.0,18.0,72.5,72.5,72.5,72.5,0.0,0.0
9.0,17.0,72.5,72.5,72.5,72.5,0.0,0.0
9.0,14.0,72.5,72.5,72.5,72.5,0.0,0.0
9.0,13.0,72.5,72.5,72.5,72.5,0.0,0.0
9.0,12.0,72.5,72.5,72.5,72.5,0.0,0.0
9.0,11.0,72.5,72.5,72.5,72.5,0.0,0.0
9.0,10.0,72.5,72.5,72.5,72.5,0.0,0.0
9.0,7.0,72.5,72.5,72.5,72.5,0.0,0.0
9.0,6.0,72.5,72.5,72.5,72.5,0.0,0.0
9.0,5.0,72.5,72.5,72.5,72.5,0.0,0.0
9.0,4.0,72.5,72.5,72.5,72.5,0.0,0.0
8.0,31.0,72.5,72.5,72.5,72.5,0.0,0.0
8.0,30.0,72.5,72.5,72.5,72.5,0.0,0.0
8.0,29.0,72.5,72.5,72.5,72.5,0.0,0.0
8.0,28.0,72.5,72.5,72.5,72.5,0.0,0.0
8.0,27.0,72.5,72.5,72.5,72.5,0.0,0.0
8.0,24.0,72.5,72.5,72.5,72.5,0.0,0.0
8.0,23.0,72.5,72.5,72.5,72.5,0.0,0.0
8.0,22.0,72.5,72.5,72.5,72.5,0.0,0.0
8.0,21.0,72.5,72.5,72.5,72.5,0.0,0.0
8.0,20.0,72.5,72.5,72.5,72.5,0.0,0.0
8.0,17.0,72.5,72.5,72.5,72.5,0.0,0.0
8.0,16.0,72.5,72.5,72.5,72.5,0.0,0.0
8.0,15.0,72.5,72.5,72.5,72.5,0.0,0.0
8.0,14.0,72.5,72.5,72.5,72.5,0.0,0.0
8.0,13.0,72.5,72.5,72.5,72.5,0.0,0.0
8.0,10.0,72.5,72.5,72.5,72.5,0.0,0.0
8.0,9.0,72.5,72.5,72.5,72.5,0.0,0.0
8.0,8.0,72.5,72.5,72.5,72.5,0.0,0.0
8.0,7.0,72.5,72.5,72.5,72.5,0.0,0.0
8.0,6.0,72.5,72.5,72.5,72.5,200.0,0.0
8.0,3.0,72.25,72.25,72.25,72.25,200.0,0.0
8.0,2.0,72.260002,72.260002,72.260002,72.260002,0.0,0.0
8.0,1.0,72.260002,72.260002,72.260002,72.260002,0.0,0.0
7.0,31.0,72.260002,72.260002,72.260002,72.260002,0.0,0.0
7.0,30.0,72.260002,72.260002,72.260002,72.260002,0.0,0.0
7.0,27.0,72.260002,72.260002,72.260002,72.260002,0.0,0.0
7.0,26.0,72.260002,72.260002,72.260002,72.260002,200.0,0.0
7.0,25.0,72.5,72.5,72.5,72.5,0.0,0.0
7.0,24.0,72.5,72.5,72.5,72.5,0.0,0.0
7.0,23.0,72.5,72.5,72.5,72.5,0.0,0.0
7.0,20.0,72.5,72.5,72.5,72.5,0.0,0.0
7.0,19.0,72.5,72.5,72.5,72.5,0.0,0.0
7.0,18.0,72.5,72.5,72.5,72.5,0.0,0.0
7.0,17.0,72.5,72.5,72.5,72.5,0.0,0.0
7.0,16.0,72.5,72.5,72.5,72.5,0.0,0.0
7.0,13.0,72.5,72.5,72.5,72.5,0.0,0.0
7.0,12.0,72.5,72.5,72.5,72.5,0.0,0.0
7.0,11.0,72.5,72.5,72.5,72.5,0.0,0.0
7.0,10.0,72.5,72.5,72.5,72.5,0.0,0.0
7.0,9.0,72.5,72.5,72.5,72.5,0.0,0.0
7.0,6.0,72.5,72.5,72.5,72.5,0.0,0.0
7.0,5.0,72.5,72.5,72.5,72.5,0.0,0.0
7.0,3.0,72.5,72.5,72.5,72.5,300.0,0.0
7.0,2.0,72.260002,76.0,72.25,76.0,2000.0,3.739998
6.0,29.0,82.5,82.5,82.5,82.5,0.0,0.0
6.0,28.0,82.5,82.5,82.5,82.5,0.0,0.0
6.0,27.0,82.5,82.5,82.5,82.5,0.0,0.0
6.0,26.0,82.5,82.5,82.5,82.5,0.0,0.0
6.0,25.0,82.5,82.5,82.5,82.5,0.0,0.0
6.0,22.0,82.5,82.5,82.5,82.5,0.0,0.0
6.0,21.0,82.5,82.5,82.5,82.5,0.0,0.0
6.0,20.0,82.5,82.5,82.5,82.5,0.0,0.0
6.0,19.0,82.5,82.5,82.5,82.5,0.0,0.0
6.0,18.0,82.5,82.5,82.5,82.5,0.0,0.0
6.0,15.0,82.5,82.5,82.5,82.5,0.0,0.0
6.0,14.0,82.5,82.5,82.5,82.5,0.0,0.0
6.0,13.0,82.5,82.5,82.5,82.5,0.0,0.0
6.0,12.0,82.5,82.5,82.5,82.5,0.0,0.0
6.0,11.0,82.5,82.5,82.5,82.5,0.0,0.0
6.0,8.0,82.5,82.5,82.5,82.5,0.0,0.0
6.0,7.0,82.5,82.5,82.5,82.5,0.0,0.0
6.0,6.0,82.5,82.5,82.5,82.5,0.0,0.0
6.0,5.0,82.5,82.5,82.5,82.5,0.0,0.0
6.0,4.0,82.5,82.5,82.5,82.5,0.0,0.0
6.0,1.0,82.5,82.5,82.5,82.5,0.0,0.0
5.0,31.0,82.5,82.5,82.5,82.5,0.0,0.0
5.0,30.0,82.5,82.5,82.5,82.5,0.0,0.0
5.0,29.0,82.5,82.5,82.5,82.5,0.0,0.0
5.0,25.0,82.5,82.5,82.5,82.5,0.0,0.0
5.0,24.0,82.5,82.5,82.5,82.5,0.0,0.0
5.0,23.0,82.5,82.5,82.5,82.5,0.0,0.0
5.0,22.0,82.5,82.5,82.5,82.5,0.0,0.0
5.0,21.0,82.5,82.5,82.5,82.5,0.0,0.0
5.0,18.0,82.5,82.5,82.5,82.5,0.0,0.0
5.0,17.0,82.5,82.5,82.5,82.5,0.0,0.0
5.0,16.0,82.5,82.5,82.5,82.5,0.0,0.0
5.0,15.0,82.5,82.5,82.5,82.5,0.0,0.0
5.0,14.0,82.5,82.5,82.5,82.5,0.0,0.0
5.0,11.0,82.5,82.5,82.5,82.5,0.0,0.0
5.0,10.0,82.5,82.5,82.5,82.5,0.0,0.0
5.0,9.0,82.5,82.5,82.5,82.5,0.0,0.0
5.0,8.0,82.5,82.5,82.5,82.5,0.0,0.0
5.0,7.0,82.5,82.5,82.5,82.5,0.0,0.0
5.0,4.0,82.5,82.5,82.5,82.5,0.0,0.0
5.0,3.0,82.5,82.5,82.5,82.5,0.0,0.0
5.0,2.0,82.5,82.5,82.5,82.5,0.0,0.0
5.0,1.0,82.5,82.5,82.5,82.5,0.0,0.0
4.0,30.0,82.5,82.5,82.5,82.5,0.0,0.0
4.0,27.0,82.5,82.5,82.5,82.5,0.0,0.0
4.0,26.0,82.5,82.5,82.5,82.5,0.0,0.0
4.0,25.0,82.5,82.5,82.5,82.5,0.0,0.0
4.0,24.0,82.5,82.5,82.5,82.5,0.0,0.0
4.0,23.0,82.5,82.5,82.5,82.5,0.0,0.0
4.0,20.0,82.5,82.5,82.5,82.5,0.0,0.0
4.0,19.0,82.5,82.5,82.5,82.5,0.0,0.0
4.0,18.0,82.5,82.5,82.5,82.5,0.0,0.0
4.0,17.0,82.5,82.5,82.5,82.5,0.0,0.0
4.0,16.0,82.5,82.5,82.5,82.5,0.0,0.0
4.0,13.0,80.0,85.0,80.0,82.5,1000.0,2.5
4.0,12.0,72.0,72.0,72.0,72.0,0.0,0.0
4.0,11.0,72.0,72.0,72.0,72.0,0.0,0.0
4.0,10.0,72.0,72.0,72.0,72.0,0.0,0.0
4.0,9.0,72.0,72.0,72.0,72.0,0.0,0.0
4.0,5.0,72.0,72.0,72.0,72.0,0.0,0.0
4.0,4.0,72.0,72.0,72.0,72.0,0.0,0.0
4.0,3.0,72.0,72.0,72.0,72.0,0.0,0.0
4.0,2.0,72.0,72.0,72.0,72.0,0.0,0.0
3.0,30.0,72.0,72.0,72.0,72.0,0.0,0.0
3.0,29.0,72.0,72.0,72.0,72.0,0.0,0.0
3.0,28.0,72.0,72.0,72.0,72.0,0.0,0.0
3.0,27.0,72.0,72.0,72.0,72.0,0.0,0.0
3.0,26.0,72.0,72.0,72.0,72.0,0.0,0.0
3.0,23.0,72.0,72.0,72.0,72.0,0.0,0.0
3.0,22.0,72.0,72.0,72.0,72.0,0.0,0.0
3.0,21.0,72.0,72.0,72.0,72.0,100.0,0.0
3.0,20.0,72.0,75.0,72.0,75.0,900.0,3.0
3.0,19.0,85.0,85.0,85.0,85.0,0.0,0.0
3.0,16.0,85.0,85.0,85.0,85.0,0.0,0.0
3.0,15.0,85.0,85.0,85.0,85.0,0.0,0.0
3.0,14.0,85.0,85.0,85.0,85.0,0.0,0.0
3.0,13.0,85.0,85.0,85.0,85.0,0.0,0.0
3.0,12.0,85.0,85.0,85.0,85.0,0.0,0.0
3.0,9.0,85.0,85.0,85.0,85.0,0.0,0.0
3.0,8.0,85.0,85.0,85.0,85.0,0.0,0.0
3.0,7.0,85.0,85.0,85.0,85.0,0.0,0.0
3.0,6.0,85.0,85.0,85.0,85.0,0.0,0.0
3.0,5.0,85.0,85.0,85.0,85.0,0.0,0.0
3.0,2.0,85.0,85.0,85.0,85.0,0.0,0.0
3.0,1.0,85.0,85.0,85.0,85.0,0.0,0.0
2.0,29.0,85.0,85.0,85.0,85.0,900.0,0.0
2.0,28.0,71.0,71.0,71.0,71.0,0.0,0.0
2.0,27.0,71.0,71.0,71.0,71.0,0.0,0.0
2.0,24.0,71.0,71.0,71.0,71.0,0.0,0.0
2.0,23.0,71.0,71.0,71.0,71.0,0.0,0.0
2.0,22.0,71.0,71.0,71.0,71.0,0.0,0.0
2.0,21.0,71.0,71.0,71.0,71.0,0.0,0.0
2.0,17.0,71.0,71.0,71.0,71.0,0.0,0.0
2.0,16.0,71.0,71.0,71.0,71.0,0.0,0.0
2.0,15.0,71.0,71.0,71.0,71.0,0.0,0.0
2.0,14.0,71.0,71.0,71.0,71.0,0.0,0.0
2.0,13.0,71.0,71.0,71.0,71.0,0.0,0.0
2.0,10.0,71.0,71.0,71.0,71.0,0.0,0.0
2.0,9.0,71.0,71.0,71.0,71.0,0.0,0.0
2.0,8.0,71.0,71.0,71.0,71.0,0.0,0.0
2.0,7.0,71.0,71.0,71.0,71.0,0.0,0.0
2.0,6.0,71.0,71.0,71.0,71.0,0.0,0.0
2.0,3.0,71.0,71.0,71.0,71.0,0.0,0.0
2.0,2.0,71.0,71.0,71.0,71.0,0.0,0.0
2.0,1.0,71.0,71.0,71.0,71.0,0.0,0.0
1.0,31.0,71.0,71.0,71.0,71.0,0.0,0.0
1.0,30.0,71.0,71.0,71.0,71.0,0.0,0.0
1.0,27.0,71.0,71.0,71.0,71.0,0.0,0.0
1.0,26.0,71.0,71.0,71.0,71.0,0.0,0.0
1.0,25.0,71.0,71.0,71.0,71.0,0.0,0.0
1.0,24.0,71.0,71.0,71.0,71.0,0.0,0.0
1.0,23.0,71.0,71.0,71.0,71.0,0.0,0.0
1.0,20.0,71.0,71.0,71.0,71.0,0.0,0.0
1.0,19.0,71.0,71.0,71.0,71.0,0.0,0.0
1.0,18.0,71.0,71.0,71.0,71.0,0.0,0.0
1.0,17.0,71.0,71.0,71.0,71.0,0.0,0.0
1.0,13.0,71.0,71.0,71.0,71.0,0.0,0.0
1.0,12.0,71.0,71.0,71.0,71.0,0.0,0.0
1.0,11.0,71.0,71.0,71.0,71.0,0.0,0.0
1.0,10.0,71.0,71.0,71.0,71.0,0.0,0.0
1.0,9.0,71.0,71.0,71.0,71.0,0.0,0.0
1.0,6.0,71.0,71.0,71.0,71.0,0.0,0.0
1.0,5.0,71.0,71.0,71.0,71.0,0.0,0.0
1.0,4.0,71.0,71.0,71.0,71.0,0.0,0.0
1.0,3.0,71.0,71.0,71.0,71.0,0.0,0.0
12.0,30.0,71.0,71.0,71.0,71.0,0.0,0.0
12.0,29.0,71.0,71.0,71.0,71.0,0.0,0.0
12.0,28.0,71.0,71.0,71.0,71.0,0.0,0.0
12.0,27.0,71.0,71.0,71.0,71.0,0.0,0.0
12.0,23.0,71.0,71.0,71.0,71.0,0.0,0.0
12.0,22.0,71.0,71.0,71.0,71.0,0.0,0.0
12.0,21.0,71.0,71.0,71.0,71.0,0.0,0.0
12.0,20.0,71.0,71.0,71.0,71.0,0.0,0.0
12.0,19.0,71.0,71.0,71.0,71.0,0.0,0.0
12.0,16.0,71.0,71.0,71.0,71.0,0.0,0.0
12.0,15.0,71.0,71.0,71.0,71.0,0.0,0.0
12.0,14.0,71.0,71.0,71.0,71.0,0.0,0.0
12.0,13.0,71.0,71.0,71.0,71.0,100.0,0.0
12.0,12.0,71.0,71.0,71.0,71.0,400.0,0.0
12.0,9.0,71.0,71.0,71.0,71.0,0.0,0.0
12.0,8.0,71.0,71.0,71.0,71.0,0.0,0.0
12.0,7.0,71.0,71.0,71.0,71.0,0.0,0.0
12.0,6.0,71.0,71.0,71.0,71.0,0.0,0.0
12.0,5.0,71.0,71.0,71.0,71.0,0.0,0.0
12.0,2.0,71.0,71.0,71.0,71.0,0.0,0.0
12.0,1.0,71.0,71.0,71.0,71.0,0.0,0.0
11.0,30.0,71.0,71.0,71.0,71.0,0.0,0.0
11.0,29.0,71.0,71.0,71.0,71.0,0.0,0.0
11.0,28.0,71.0,71.0,71.0,71.0,0.0,0.0
11.0,25.0,71.0,71.0,71.0,71.0,0.0,0.0
11.0,23.0,71.0,71.0,71.0,71.0,0.0,0.0
11.0,22.0,71.0,71.0,71.0,71.0,0.0,0.0
11.0,21.0,71.0,71.0,71.0,71.0,0.0,0.0
11.0,18.0,71.0,71.0,71.0,71.0,0.0,0.0
11.0,17.0,71.0,71.0,71.0,71.0,0.0,0.0
11.0,16.0,71.0,71.0,71.0,71.0,0.0,0.0
11.0,15.0,71.0,71.0,71.0,71.0,0.0,0.0
11.0,14.0,71.0,71.0,71.0,71.0,0.0,0.0
11.0,11.0,71.0,71.0,71.0,71.0,0.0,0.0
11.0,10.0,71.0,71.0,71.0,71.0,0.0,0.0
11.0,9.0,71.0,71.0,71.0,71.0,0.0,0.0
11.0,8.0,71.0,71.0,71.0,71.0,0.0,0.0
11.0,7.0,71.0,71.0,71.0,71.0,100.0,0.0
11.0,4.0,74.0,74.0,74.0,74.0,0.0,0.0
11.0,3.0,74.0,74.0,74.0,74.0,0.0,0.0
11.0,2.0,74.0,74.0,74.0,74.0,0.0,0.0
11.0,1.0,74.0,74.0,74.0,74.0,0.0,0.0
10.0,31.0,74.0,74.0,74.0,74.0,0.0,0.0
10.0,28.0,74.0,74.0,74.0,74.0,0.0,0.0
10.0,27.0,74.0,74.0,74.0,74.0,0.0,0.0
10.0,26.0,74.0,74.0,74.0,74.0,0.0,0.0
10.0,25.0,74.0,74.0,74.0,74.0,0.0,0.0
10.0,24.0,74.0,74.0,74.0,74.0,0.0,0.0
10.0,21.0,74.0,74.0,74.0,74.0,0.0,0.0
10.0,20.0,74.0,74.0,74.0,74.0,0.0,0.0
10.0,19.0,74.0,74.0,74.0,74.0,0.0,0.0
10.0,18.0,74.0,74.0,74.0,74.0,0.0,0.0
10.0,17.0,74.0,74.0,74.0,74.0,0.0,0.0
10.0,14.0,74.0,74.0,74.0,74.0,0.0,0.0
10.0,13.0,74.0,74.0,74.0,74.0,0.0,0.0
10.0,12.0,74.0,74.0,74.0,74.0,0.0,0.0
10.0,11.0,74.0,74.0,74.0,74.0,0.0,0.0
10.0,10.0,74.0,74.0,74.0,74.0,0.0,0.0
10.0,7.0,74.0,74.0,74.0,74.0,0.0,0.0
10.0,6.0,74.0,74.0,74.0,74.0,0.0,0.0
10.0,5.0,74.0,74.0,74.0,74.0,0.0,0.0
10.0,4.0,74.0,74.0,74.0,74.0,0.0,0.0
10.0,3.0,74.0,74.0,74.0,74.0,0.0,0.0
9.0,30.0,74.0,74.0,74.0,74.0,0.0,0.0
9.0,29.0,74.0,74.0,74.0,74.0,0.0,0.0
9.0,28.0,74.0,74.0,74.0,74.0,0.0,0.0
9.0,27.0,74.0,74.0,74.0,74.0,0.0,0.0
9.0,26.0,74.0,74.0,74.0,74.0,0.0,0.0
9.0,23.0,74.0,74.0,74.0,74.0,0.0,0.0
9.0,22.0,74.0,74.0,74.0,74.0,0.0,0.0
9.0,21.0,74.0,74.0,74.0,74.0,0.0,0.0
9.0,20.0,74.0,74.0,74.0,74.0,0.0,0.0
9.0,19.0,74.0,74.0,74.0,74.0,0.0,0.0
9.0,16.0,74.0,74.0,74.0,74.0,0.0,0.0
9.0,15.0,74.0,74.0,74.0,74.0,0.0,0.0
9.0,14.0,74.0,74.0,74.0,74.0,0.0,0.0
9.0,13.0,74.0,74.0,74.0,74.0,0.0,0.0
9.0,12.0,74.0,74.0,74.0,74.0,0.0,0.0
9.0,9.0,74.0,74.0,74.0,74.0,0.0,0.0
9.0,8.0,74.0,74.0,74.0,74.0,0.0,0.0
9.0,7.0,74.0,74.0,74.0,74.0,0.0,0.0
9.0,6.0,74.0,74.0,74.0,74.0,0.0,0.0
9.0,2.0,74.0,74.0,74.0,74.0,0.0,0.0
9.0,1.0,74.0,74.0,74.0,74.0,0.0,0.0
8.0,31.0,74.0,74.0,74.0,74.0,0.0,0.0
8.0,30.0,74.0,74.0,74.0,74.0,0.0,0.0
8.0,29.0,74.0,74.0,74.0,74.0,0.0,0.0
8.0,26.0,74.0,74.0,74.0,74.0,0.0,0.0
8.0,25.0,74.0,74.0,74.0,74.0,0.0,0.0
8.0,24.0,74.0,74.0,74.0,74.0,0.0,0.0
8.0,23.0,74.0,74.0,74.0,74.0,0.0,0.0
8.0,22.0,74.0,74.0,74.0,74.0,0.0,0.0
8.0,19.0,74.0,74.0,74.0,74.0,0.0,0.0
8.0,18.0,74.0,74.0,74.0,74.0,0.0,0.0
8.0,17.0,74.0,74.0,74.0,74.0,0.0,0.0
8.0,16.0,74.0,74.0,74.0,74.0,0.0,0.0
8.0,15.0,74.0,74.0,74.0,74.0,0.0,0.0
8.0,12.0,74.0,74.0,74.0,74.0,0.0,0.0
8.0,11.0,74.0,74.0,74.0,74.0,0.0,0.0
8.0,10.0,74.0,74.0,74.0,74.0,0.0,0.0
8.0,9.0,74.0,74.0,74.0,74.0,0.0,0.0
8.0,8.0,74.0,74.0,74.0,74.0,0.0,0.0
8.0,5.0,74.0,74.0,74.0,74.0,0.0,0.0
8.0,4.0,74.0,74.0,74.0,74.0,0.0,0.0
8.0,3.0,74.0,74.0,74.0,74.0,0.0,0.0
8.0,2.0,74.0,74.0,74.0,74.0,0.0,0.0
8.0,1.0,74.0,74.0,74.0,74.0,0.0,0.0
7.0,29.0,74.0,74.0,74.0,74.0,0.0,0.0
7.0,28.0,74.0,74.0,74.0,74.0,0.0,0.0
7.0,27.0,74.0,74.0,74.0,74.0,0.0,0.0
7.0,26.0,74.0,74.0,74.0,74.0,0.0,0.0
7.0,25.0,74.0,74.0,74.0,74.0,0.0,0.0
7.0,22.0,74.0,74.0,74.0,74.0,0.0,0.0
7.0,21.0,74.0,74.0,74.0,74.0,0.0,0.0
7.0,20.0,74.0,74.0,74.0,74.0,0.0,0.0
7.0,19.0,74.0,74.0,74.0,74.0,0.0,0.0
7.0,18.0,74.0,74.0,74.0,74.0,0.0,0.0
7.0,15.0,74.0,74.0,74.0,74.0,0.0,0.0
7.0,14.0,74.0,74.0,74.0,74.0,0.0,0.0
7.0,13.0,74.0,74.0,74.0,74.0,0.0,0.0
7.0,12.0,74.0,74.0,74.0,74.0,0.0,0.0
7.0,11.0,74.0,74.0,74.0,74.0,0.0,0.0
7.0,8.0,74.0,74.0,74.0,74.0,0.0,0.0
7.0,7.0,74.0,74.0,74.0,74.0,0.0,0.0
7.0,6.0,74.0,74.0,74.0,74.0,0.0,0.0
7.0,5.0,74.0,74.0,74.0,74.0,0.0,0.0
7.0,1.0,74.0,74.0,74.0,74.0,0.0,0.0
6.0,30.0,74.0,74.0,74.0,74.0,0.0,0.0
6.0,29.0,74.0,74.0,74.0,74.0,0.0,0.0
6.0,28.0,74.0,74.0,74.0,74.0,0.0,0.0
6.0,27.0,74.0,74.0,74.0,74.0,0.0,0.0
6.0,24.0,74.0,74.0,74.0,74.0,0.0,0.0
6.0,23.0,74.0,74.0,74.0,74.0,0.0,0.0
6.0,22.0,74.0,74.0,74.0,74.0,0.0,0.0
6.0,21.0,74.0,74.0,74.0,74.0,0.0,0.0
6.0,20.0,74.0,74.0,74.0,74.0,0.0,0.0
6.0,17.0,74.0,74.0,74.0,74.0,0.0,0.0
6.0,16.0,74.0,74.0,74.0,74.0,0.0,0.0
6.0,15.0,74.0,74.0,74.0,74.0,0.0,0.0
6.0,14.0,74.0,74.0,74.0,74.0,0.0,0.0
6.0,13.0,74.0,74.0,74.0,74.0,0.0,0.0
6.0,10.0,74.0,74.0,74.0,74.0,0.0,0.0
6.0,9.0,74.0,74.0,74.0,74.0,0.0,0.0
6.0,8.0,74.0,74.0,74.0,74.0,0.0,0.0
6.0,7.0,74.0,74.0,74.0,74.0,100.0,0.0
6.0,6.0,71.0,74.0,71.0,74.0,500.0,3.0
6.0,3.0,74.5,74.5,74.5,74.5,0.0,0.0
6.0,2.0,74.5,74.5,74.5,74.5,0.0,0.0
6.0,1.0,74.5,74.5,74.5,74.5,0.0,0.0
5.0,31.0,74.5,74.5,74.5,74.5,0.0,0.0
5.0,27.0,74.5,74.5,74.5,74.5,0.0,0.0
5.0,26.0,74.5,74.5,74.5,74.5,0.0,0.0
5.0,25.0,74.5,74.5,74.5,74.5,0.0,0.0
5.0,24.0,74.5,74.5,74.5,74.5,0.0,0.0
5.0,23.0,74.5,74.5,74.5,74.5,0.0,0.0
5.0,20.0,74.5,74.5,74.5,74.5,0.0,0.0
5.0,19.0,74.5,74.5,74.5,74.5,0.0,0.0
5.0,18.0,74.5,74.5,74.5,74.5,0.0,0.0
5.0,17.0,74.5,74.5,74.5,74.5,0.0,0.0
5.0,16.0,74.5,74.5,74.5,74.5,0.0,0.0
5.0,13.0,74.5,74.5,74.5,74.5,0.0,0.0
5.0,12.0,74.5,74.5,74.5,74.5,0.0,0.0
5.0,11.0,74.5,74.5,74.5,74.5,0.0,0.0
5.0,10.0,74.5,74.5,74.5,74.5,0.0,0.0
5.0,9.0,74.5,74.5,74.5,74.5,0.0,0.0
5.0,6.0,74.5,74.5,74.5,74.5,0.0,0.0
5.0,5.0,74.5,74.5,74.5,74.5,0.0,0.0
5.0,4.0,74.5,74.5,74.5,74.5,0.0,0.0
5.0,3.0,74.5,74.5,74.5,74.5,0.0,0.0
5.0,2.0,74.5,74.5,74.5,74.5,0.0,0.0
4.0,29.0,74.5,74.5,74.5,74.5,0.0,0.0
4.0,28.0,74.5,74.5,74.5,74.5,0.0,0.0
4.0,27.0,74.5,74.5,74.5,74.5,0.0,0.0
4.0,26.0,74.5,74.5,74.5,74.5,0.0,0.0
4.0,25.0,74.5,74.5,74.5,74.5,0.0,0.0
4.0,21.0,74.5,74.5,74.5,74.5,0.0,0.0
4.0,20.0,74.5,74.5,74.5,74.5,100.0,0.0
4.0,19.0,74.5,74.5,74.5,74.5,0.0,0.0
4.0,18.0,74.5,74.5,74.5,74.5,0.0,0.0
4.0,15.0,74.5,74.5,74.5,74.5,0.0,0.0
4.0,14.0,74.5,74.5,74.5,74.5,0.0,0.0
4.0,13.0,74.5,74.5,74.5,74.5,0.0,0.0
4.0,12.0,74.5,74.5,74.5,74.5,0.0,0.0
4.0,11.0,74.5,74.5,74.5,74.5,0.0,0.0
4.0,8.0,74.5,74.5,74.5,74.5,0.0,0.0
4.0,7.0,74.5,74.5,74.5,74.5,0.0,0.0
4.0,6.0,74.5,74.5,74.5,74.5,0.0,0.0
4.0,5.0,74.5,74.5,74.5,74.5,0.0,0.0
4.0,4.0,74.5,74.5,74.5,74.5,0.0,0.0
4.0,1.0,74.5,74.5,74.5,74.5,0.0,0.0
3.0,31.0,74.5,74.5,74.5,74.5,0.0,0.0
3.0,30.0,72.550003,74.5,72.550003,74.5,500.0,1.9499969999999962
3.0,29.0,72.5,72.5,72.5,72.5,0.0,0.0
3.0,28.0,72.5,72.5,72.5,72.5,0.0,0.0
3.0,25.0,72.5,72.5,72.5,72.5,0.0,0.0
3.0,24.0,72.5,72.5,72.5,72.5,0.0,0.0
3.0,23.0,72.5,72.5,72.5,72.5,200.0,0.0
3.0,22.0,72.0,75.0,72.0,72.0,1700.0,0.0
3.0,21.0,72.0,72.0,72.0,72.0,0.0,0.0
3.0,18.0,72.0,72.0,72.0,72.0,0.0,0.0
3.0,17.0,72.0,72.0,72.0,72.0,0.0,0.0
3.0,16.0,72.0,72.0,72.0,72.0,0.0,0.0
3.0,15.0,72.0,72.0,72.0,72.0,0.0,0.0
3.0,14.0,72.0,72.0,72.0,72.0,0.0,0.0
3.0,11.0,72.0,72.0,72.0,72.0,0.0,0.0
3.0,10.0,72.0,72.0,72.0,72.0,0.0,0.0
3.0,9.0,72.0,72.0,72.0,72.0,0.0,0.0
3.0,8.0,72.0,72.0,72.0,72.0,0.0,0.0
3.0,7.0,72.0,72.0,72.0,72.0,0.0,0.0
3.0,4.0,72.0,72.0,72.0,72.0,0.0,0.0
3.0,3.0,72.0,72.0,72.0,72.0,0.0,0.0
3.0,2.0,72.0,72.0,72.0,72.0,0.0,0.0
3.0,1.0,72.0,72.0,72.0,72.0,0.0,0.0
2.0,28.0,72.0,72.0,72.0,72.0,0.0,0.0
2.0,25.0,72.0,72.0,72.0,72.0,0.0,0.0
2.0,24.0,72.0,72.0,72.0,72.0,0.0,0.0
2.0,23.0,72.0,72.0,72.0,72.0,0.0,0.0
2.0,22.0,72.0,72.0,72.0,72.0,0.0,0.0
2.0,18.0,72.0,72.0,72.0,72.0,0.0,0.0
2.0,17.0,72.0,72.0,72.0,72.0,0.0,0.0
2.0,16.0,72.0,72.0,72.0,72.0,0.0,0.0
2.0,15.0,72.0,72.0,72.0,72.0,0.0,0.0
2.0,14.0,72.0,72.0,72.0,72.0,0.0,0.0
2.0,11.0,72.0,72.0,72.0,72.0,0.0,0.0
2.0,10.0,72.0,72.0,72.0,72.0,0.0,0.0
2.0,9.0,72.0,72.0,72.0,72.0,0.0,0.0
2.0,8.0,72.0,72.0,72.0,72.0,0.0,0.0
2.0,7.0,72.0,72.0,72.0,72.0,0.0,0.0
2.0,4.0,72.0,72.0,72.0,72.0,0.0,0.0
2.0,3.0,72.0,72.0,72.0,72.0,0.0,0.0
2.0,2.0,72.0,72.0,72.0,72.0,0.0,0.0
2.0,1.0,72.0,72.0,72.0,72.0,0.0,0.0
1.0,31.0,72.0,72.0,72.0,72.0,0.0,0.0
1.0,28.0,72.0,72.0,72.0,72.0,0.0,0.0
1.0,27.0,72.0,72.0,72.0,72.0,0.0,0.0
1.0,26.0,72.0,72.0,72.0,72.0,0.0,0.0
1.0,25.0,72.0,72.0,72.0,72.0,0.0,0.0
1.0,24.0,72.0,72.0,72.0,72.0,0.0,0.0
1.0,21.0,72.0,72.0,72.0,72.0,0.0,0.0
1.0,20.0,72.0,72.0,72.0,72.0,0.0,0.0
1.0,19.0,72.0,72.0,72.0,72.0,0.0,0.0
1.0,18.0,72.0,72.0,72.0,72.0,0.0,0.0
1.0,14.0,72.0,72.0,72.0,72.0,0.0,0.0
1.0,13.0,72.0,72.0,72.0,72.0,0.0,0.0
1.0,12.0,72.0,72.0,72.0,72.0,0.0,0.0
1.0,11.0,72.0,72.0,72.0,72.0,0.0,0.0
1.0,10.0,72.0,72.0,72.0,72.0,0.0,0.0
1.0,7.0,72.0,72.0,72.0,72.0,0.0,0.0
1.0,6.0,72.0,72.0,72.0,72.0,0.0,0.0
1.0,5.0,72.0,72.0,72.0,72.0,0.0,0.0
1.0,4.0,72.0,72.0,72.0,72.0,0.0,0.0
1.0,3.0,72.0,72.0,72.0,72.0,0.0,0.0
12.0,31.0,72.0,72.0,72.0,72.0,0.0,0.0
12.0,30.0,72.0,72.0,72.0,72.0,0.0,0.0
12.0,29.0,72.0,72.0,72.0,72.0,100.0,0.0
12.0,28.0,72.0,74.0,72.0,74.0,400.0,2.0
12.0,27.0,77.0,77.0,77.0,77.0,0.0,0.0
12.0,23.0,77.0,77.0,77.0,77.0,0.0,0.0
12.0,22.0,77.0,77.0,77.0,77.0,0.0,0.0
12.0,21.0,77.0,77.0,77.0,77.0,0.0,0.0
12.0,20.0,77.0,77.0,77.0,77.0,0.0,0.0
12.0,17.0,77.0,77.0,77.0,77.0,0.0,0.0
12.0,16.0,77.0,77.0,77.0,77.0,0.0,0.0
12.0,15.0,77.0,77.0,77.0,77.0,0.0,0.0
12.0,14.0,77.0,77.0,77.0,77.0,0.0,0.0
12.0,13.0,77.0,77.0,77.0,77.0,0.0,0.0
12.0,10.0,77.0,77.0,77.0,77.0,0.0,0.0
12.0,9.0,77.0,77.0,77.0,77.0,0.0,0.0
12.0,8.0,77.0,77.0,77.0,77.0,0.0,0.0
12.0,7.0,77.0,77.0,77.0,77.0,0.0,0.0
12.0,6.0,77.0,77.0,77.0,77.0,0.0,0.0
12.0,3.0,77.0,77.0,77.0,77.0,0.0,0.0
12.0,2.0,77.0,77.0,77.0,77.0,0.0,0.0
12.0,1.0,77.0,77.0,77.0,77.0,0.0,0.0
11.0,30.0,77.0,77.0,77.0,77.0,0.0,0.0
11.0,29.0,77.0,77.0,77.0,77.0,0.0,0.0
11.0,26.0,77.0,77.0,77.0,77.0,0.0,0.0
11.0,24.0,77.0,77.0,77.0,77.0,0.0,0.0
11.0,23.0,77.0,77.0,77.0,77.0,0.0,0.0
11.0,22.0,77.0,77.0,77.0,77.0,0.0,0.0
11.0,19.0,77.0,77.0,77.0,77.0,0.0,0.0
11.0,18.0,77.0,77.0,77.0,77.0,500.0,0.0
11.0,17.0,72.0,72.0,72.0,72.0,300.0,0.0
11.0,16.0,74.0,74.0,74.0,74.0,0.0,0.0
11.0,15.0,74.0,74.0,74.0,74.0,0.0,0.0
11.0,12.0,74.0,74.0,74.0,74.0,0.0,0.0
11.0,11.0,74.0,74.0,74.0,74.0,0.0,0.0
11.0,10.0,74.0,74.0,74.0,74.0,0.0,0.0
11.0,9.0,74.0,74.0,74.0,74.0,0.0,0.0
11.0,8.0,74.0,74.0,74.0,74.0,0.0,0.0
11.0,5.0,74.0,74.0,74.0,74.0,0.0,0.0
11.0,4.0,74.0,74.0,74.0,74.0,0.0,0.0
11.0,3.0,74.0,74.0,74.0,74.0,0.0,0.0
11.0,2.0,74.0,74.0,74.0,74.0,0.0,0.0
11.0,1.0,74.0,74.0,74.0,74.0,0.0,0.0
10.0,29.0,74.0,74.0,74.0,74.0,0.0,0.0
10.0,28.0,74.0,74.0,74.0,74.0,0.0,0.0
10.0,27.0,74.0,74.0,74.0,74.0,0.0,0.0
10.0,26.0,74.0,74.0,74.0,74.0,0.0,0.0
10.0,25.0,74.0,74.0,74.0,74.0,0.0,0.0
10.0,22.0,74.0,74.0,74.0,74.0,0.0,0.0
10.0,21.0,74.0,74.0,74.0,74.0,0.0,0.0
10.0,20.0,74.0,74.0,74.0,74.0,0.0,0.0
10.0,19.0,74.0,74.0,74.0,74.0,0.0,0.0
10.0,18.0,74.0,74.0,74.0,74.0,0.0,0.0
10.0,15.0,74.0,74.0,74.0,74.0,0.0,0.0
