9.0,25.0,0.02,0.02,0.02,0.02,0.0,0.0
9.0,24.0,0.02,0.02,0.02,0.02,0.0,0.0
9.0,23.0,0.02,0.02,0.02,0.02,200.0,0.0
9.0,22.0,0.02,0.02,0.02,0.02,0.0,0.0
9.0,21.0,0.02,0.02,0.02,0.02,0.0,0.0
9.0,18.0,0.02,0.02,0.02,0.02,3000.0,0.0
9.0,17.0,0.02,0.02,0.02,0.02,0.0,0.0
9.0,16.0,0.02,0.02,0.02,0.02,0.0,0.0
9.0,15.0,0.02,0.02,0.02,0.02,0.0,0.0
9.0,14.0,0.02,0.02,0.02,0.02,0.0,0.0
9.0,11.0,0.02,0.02,0.02,0.02,0.0,0.0
9.0,10.0,0.02,0.02,0.02,0.02,0.0,0.0
9.0,9.0,0.02,0.02,0.02,0.02,10000.0,0.0
9.0,8.0,0.02,0.02,0.02,0.02,0.0,0.0
9.0,7.0,0.02,0.02,0.02,0.02,0.0,0.0
9.0,4.0,0.02,0.02,0.02,0.02,0.0,0.0
9.0,3.0,0.02,0.02,0.02,0.02,0.0,0.0
9.0,2.0,0.02,0.02,0.02,0.02,0.0,0.0
9.0,1.0,0.02,0.02,0.02,0.02,0.0,0.0
8.0,31.0,0.02,0.02,0.02,0.02,0.0,0.0
8.0,28.0,0.02,0.02,0.02,0.02,0.0,0.0
8.0,27.0,0.02,0.02,0.02,0.02,0.0,0.0
8.0,26.0,0.02,0.02,0.02,0.02,0.0,0.0
8.0,25.0,0.02,0.02,0.02,0.02,0.0,0.0
8.0,24.0,0.02,0.02,0.02,0.02,0.0,0.0
8.0,21.0,0.02,0.02,0.02,0.02,0.0,0.0
8.0,20.0,0.02,0.02,0.02,0.02,0.0,0.0
8.0,19.0,0.02,0.02,0.02,0.02,0.0,0.0
8.0,18.0,0.02,0.02,0.02,0.02,1000.0,0.0
8.0,17.0,0.02,0.02,0.02,0.02,1000.0,0.0
8.0,14.0,0.02,0.02,0.02,0.02,0.0,0.0
8.0,13.0,0.02,0.02,0.02,0.02,300.0,0.0
8.0,12.0,0.02,0.02,0.02,0.02,0.0,0.0
8.0,11.0,0.02,0.02,0.02,0.02,0.0,0.0
8.0,10.0,0.02,0.02,0.02,0.02,1000.0,0.0
8.0,7.0,0.021,0.021,0.021,0.021,0.0,0.0
8.0,6.0,0.021,0.021,0.021,0.021,4000.0,0.0
8.0,5.0,0.02,0.02,0.02,0.02,200.0,0.0
8.0,4.0,0.02,0.02,0.02,0.02,0.0,0.0
8.0,3.0,0.02,0.02,0.02,0.02,0.0,0.0
7.0,31.0,0.02,0.02,0.02,0.02,0.0,0.0
7.0,30.0,0.02,0.02,0.02,0.02,0.0,0.0
7.0,29.0,0.02,0.02,0.02,0.02,0.0,0.0
7.0,28.0,0.02,0.02,0.02,0.02,0.0,0.0
7.0,27.0,0.02,0.02,0.02,0.02,0.0,0.0
7.0,24.0,0.02,0.02,0.02,0.02,1100.0,0.0
7.0,23.0,0.02,0.02,0.02,0.02,0.0,0.0
7.0,22.0,0.02,0.02,0.02,0.02,0.0,0.0
7.0,21.0,0.02,0.02,0.02,0.02,100.0,0.0
7.0,20.0,0.02,0.02,0.02,0.02,0.0,0.0
7.0,17.0,0.02,0.02,0.02,0.02,0.0,0.0
7.0,16.0,0.02,0.02,0.02,0.02,2800.0,0.0
7.0,15.0,0.02,0.02,0.02,0.02,0.0,0.0
7.0,14.0,0.02,0.02,0.02,0.02,0.0,0.0
7.0,13.0,0.02,0.02,0.02,0.02,0.0,0.0
7.0,10.0,0.02,0.02,0.02,0.02,400.0,0.0
7.0,9.0,0.024,0.024,0.024,0.024,10000.0,0.0
7.0,8.0,0.024,0.024,0.024,0.024,0.0,0.0
7.0,7.0,0.024,0.024,0.024,0.024,0.0,0.0
7.0,6.0,0.024,0.024,0.024,0.024,0.0,0.0
7.0,3.0,0.024,0.024,0.024,0.024,0.0,0.0
7.0,2.0,0.024,0.024,0.024,0.024,1500.0,0.0
7.0,1.0,0.024,0.024,0.024,0.024,0.0,0.0
6.0,30.0,0.024,0.024,0.024,0.024,0.0,0.0
6.0,29.0,0.024,0.024,0.024,0.024,400.0,0.0
6.0,26.0,0.024,0.024,0.024,0.024,0.0,0.0
6.0,25.0,0.024,0.024,0.024,0.024,0.0,0.0
6.0,24.0,0.024,0.024,0.024,0.024,3000.0,0.0
6.0,23.0,0.024,0.024,0.024,0.024,0.0,0.0
6.0,22.0,0.024,0.024,0.024,0.024,0.0,0.0
6.0,19.0,0.024,0.024,0.024,0.024,2000.0,0.0
6.0,18.0,0.024,0.024,0.024,0.024,0.0,0.0
6.0,17.0,0.024,0.024,0.024,0.024,17100.0,0.0
6.0,16.0,0.024,0.024,0.024,0.024,100.0,0.0
6.0,15.0,0.024,0.024,0.024,0.024,2000.0,0.0
6.0,12.0,0.024,0.024,0.024,0.024,0.0,0.0
6.0,11.0,0.024,0.024,0.024,0.024,0.0,0.0
6.0,10.0,0.024,0.024,0.024,0.024,0.0,0.0
6.0,9.0,0.024,0.024,0.024,0.024,1000.0,0.0
6.0,8.0,0.024,0.024,0.024,0.024,0.0,0.0
6.0,5.0,0.024,0.024,0.024,0.024,0.0,0.0
6.0,4.0,0.024,0.024,0.024,0.024,200.0,0.0
6.0,3.0,0.024,0.024,0.024,0.024,0.0,0.0
6.0,2.0,0.024,0.024,0.024,0.024,0.0,0.0
6.0,1.0,0.024,0.024,0.024,0.024,500.0,0.0
5.0,29.0,0.024,0.024,0.024,0.024,0.0,0.0
5.0,28.0,0.024,0.024,0.024,0.024,0.0,0.0
5.0,27.0,0.024,0.024,0.024,0.024,0.0,0.0
5.0,26.0,0.024,0.024,0.024,0.024,0.0,0.0
5.0,25.0,0.024,0.024,0.024,0.024,0.0,0.0
5.0,22.0,0.024,0.024,0.024,0.024,0.0,0.0
5.0,21.0,0.024,0.024,0.024,0.024,0.0,0.0
5.0,20.0,0.024,0.024,0.024,0.024,0.0,0.0
5.0,19.0,0.024,0.024,0.024,0.024,0.0,0.0
5.0,18.0,0.024,0.024,0.024,0.024,0.0,0.0
5.0,15.0,0.024,0.024,0.024,0.024,2900.0,0.0
5.0,14.0,0.024,0.024,0.024,0.024,0.0,0.0
5.0,13.0,0.024,0.024,0.024,0.024,0.0,0.0
5.0,12.0,0.024,0.024,0.024,0.024,0.0,0.0
5.0,11.0,0.024,0.024,0.024,0.024,0.0,0.0
5.0,8.0,0.024,0.024,0.024,0.024,0.0,0.0
5.0,7.0,0.024,0.024,0.024,0.024,0.0,0.0
5.0,6.0,0.024,0.024,0.024,0.024,0.0,0.0
5.0,5.0,0.024,0.024,0.024,0.024,0.0,0.0
5.0,4.0,0.024,0.024,0.024,0.024,0.0,0.0
5.0,1.0,0.024,0.024,0.024,0.024,3500.0,0.0
4.0,30.0,0.024,0.024,0.024,0.024,500.0,0.0
4.0,29.0,0.024,0.024,0.024,0.024,0.0,0.0
4.0,28.0,0.024,0.024,0.024,0.024,0.0,0.0
4.0,27.0,0.024,0.024,0.024,0.024,100.0,0.0
4.0,24.0,0.024,0.024,0.024,0.024,0.0,0.0
4.0,23.0,0.024,0.024,0.024,0.024,0.0,0.0
4.0,22.0,0.024,0.024,0.024,0.024,300.0,0.0
4.0,21.0,0.024,0.024,0.024,0.024,0.0,0.0
4.0,20.0,0.024,0.024,0.024,0.024,1000.0,0.0
4.0,17.0,0.025,0.025,0.024,0.024,20000.0,-0.0010000000000000009
4.0,16.0,0.025,0.025,0.025,0.025,100.0,0.0
4.0,15.0,0.025,0.025,0.025,0.025,0.0,0.0
4.0,14.0,0.025,0.025,0.025,0.025,0.0,0.0
4.0,13.0,0.025,0.025,0.025,0.025,1000.0,0.0
4.0,10.0,0.025,0.025,0.025,0.025,0.0,0.0
4.0,9.0,0.025,0.025,0.025,0.025,0.0,0.0
4.0,8.0,0.025,0.025,0.025,0.025,1000.0,0.0
4.0,7.0,0.03,0.03,0.025,0.025,400.0,-0.0049999999999999975
4.0,6.0,0.025,0.025,0.025,0.025,100.0,0.0
4.0,3.0,0.025,0.025,0.025,0.025,0.0,0.0
4.0,2.0,0.025,0.025,0.025,0.025,0.0,0.0
4.0,1.0,0.025,0.025,0.025,0.025,600.0,0.0
3.0,31.0,0.025,0.025,0.025,0.025,0.0,0.0
3.0,30.0,0.04,0.0306,0.02,0.025,38300.0,-0.015
3.0,27.0,0.03,0.03,0.03,0.03,0.0,0.0
3.0,26.0,0.03,0.03,0.03,0.03,0.0,0.0
3.0,25.0,0.04,0.04,0.03,0.03,12500.0,-0.010000000000000002
3.0,24.0,0.04,0.04,0.04,0.04,1000.0,0.0
3.0,23.0,0.04,0.04,0.04,0.04,1000.0,0.0
3.0,20.0,0.045,0.045,0.045,0.045,0.0,0.0
3.0,19.0,0.045,0.045,0.045,0.045,0.0,0.0
3.0,18.0,0.045,0.045,0.045,0.045,0.0,0.0
3.0,17.0,0.045,0.045,0.045,0.045,0.0,0.0
3.0,16.0,0.045,0.045,0.045,0.045,0.0,0.0
3.0,13.0,0.045,0.045,0.045,0.045,0.0,0.0
3.0,12.0,0.045,0.045,0.045,0.045,0.0,0.0
3.0,11.0,0.045,0.045,0.045,0.045,0.0,0.0
3.0,10.0,0.045,0.045,0.045,0.045,0.0,0.0
3.0,9.0,0.045,0.045,0.045,0.045,0.0,0.0
3.0,6.0,0.045,0.045,0.045,0.045,30000.0,0.0
3.0,5.0,0.04,0.04,0.04,0.04,8200.0,0.0
3.0,4.0,0.04048,0.04048,0.04,0.04,3000.0,-4.8000000000000126E-4
3.0,3.0,0.04,0.04,0.04,0.04,500.0,0.0
3.0,2.0,0.04,0.04,0.04,0.04,1000.0,0.0
2.0,27.0,0.04,0.04,0.04,0.04,0.0,0.0
2.0,26.0,0.04,0.04,0.04,0.04,500.0,0.0
2.0,25.0,0.045,0.045,0.045,0.045,30000.0,0.0
2.0,24.0,0.0301,0.0301,0.0301,0.0301,0.0,0.0
2.0,23.0,0.0301,0.0301,0.0301,0.0301,0.0,0.0
2.0,20.0,0.0301,0.0301,0.0301,0.0301,0.0,0.0
2.0,19.0,0.0301,0.0301,0.0301,0.0301,0.0,0.0
2.0,18.0,0.0301,0.0301,0.0301,0.0301,0.0,0.0
2.0,17.0,0.0301,0.0301,0.0301,0.0301,500.0,0.0
2.0,16.0,0.03,0.03,0.03,0.03,0.0,0.0
2.0,13.0,0.03,0.03,0.03,0.03,0.0,0.0
2.0,12.0,0.03,0.03,0.03,0.03,700.0,0.0
2.0,11.0,0.03,0.03,0.03,0.03,0.0,0.0
2.0,10.0,0.03,0.03,0.03,0.03,20500.0,0.0
2.0,9.0,0.0305,0.0305,0.0305,0.0305,0.0,0.0
2.0,6.0,0.0305,0.0305,0.0305,0.0305,0.0,0.0
2.0,5.0,0.0305,0.0305,0.0305,0.0305,0.0,0.0
2.0,4.0,0.03,0.0305,0.03,0.0305,10000.0,5.000000000000004E-4
2.0,3.0,0.03,0.03,0.03,0.03,0.0,0.0
2.0,2.0,0.03,0.03,0.03,0.03,0.0,0.0
1.0,30.0,0.03,0.03,0.03,0.03,0.0,0.0
1.0,29.0,0.03,0.03,0.03,0.03,700.0,0.0
1.0,28.0,0.04,0.04,0.03,0.03,30100.0,-0.010000000000000002
1.0,27.0,0.04,0.04,0.04,0.04,0.0,0.0
1.0,26.0,0.04,0.04,0.04,0.04,0.0,0.0
1.0,23.0,0.04,0.04,0.04,0.04,200.0,0.0
1.0,22.0,0.0401,0.0401,0.04,0.04,1200.0,-9.999999999999593E-5
1.0,21.0,0.04,0.0402,0.04,0.0402,6000.0,1.999999999999988E-4
1.0,20.0,0.04,0.04,0.04,0.04,200.0,0.0
1.0,19.0,0.04,0.04,0.04,0.04,0.0,0.0
1.0,16.0,0.04,0.04,0.04,0.04,100.0,0.0
1.0,15.0,0.04,0.04,0.04,0.04,0.0,0.0
1.0,14.0,0.04,0.04,0.04,0.04,0.0,0.0
1.0,13.0,0.04,0.04,0.04,0.04,0.0,0.0
1.0,12.0,0.04,0.04,0.04,0.04,0.0,0.0
1.0,9.0,0.04,0.04,0.04,0.04,0.0,0.0
1.0,8.0,0.04,0.04,0.04,0.04,0.0,0.0
1.0,7.0,0.04,0.04,0.04,0.04,0.0,0.0
1.0,6.0,0.04,0.04,0.04,0.04,0.0,0.0
1.0,5.0,0.04,0.04,0.04,0.04,0.0,0.0
1.0,2.0,0.0401,0.0401,0.04,0.04,5200.0,-9.999999999999593E-5
1.0,1.0,0.04,0.04,0.04,0.04,0.0,0.0
12.0,31.0,0.04,0.04,0.04,0.04,500.0,0.0
12.0,30.0,0.04,0.04,0.04,0.04,0.0,0.0
12.0,29.0,0.04,0.04,0.04,0.04,1000.0,0.0
12.0,26.0,0.04,0.04,0.04,0.04,500.0,0.0
12.0,25.0,0.04,0.04,0.04,0.04,0.0,0.0
12.0,24.0,0.0401,0.0401,0.04,0.04,3400.0,-9.999999999999593E-5
12.0,23.0,0.04,0.04,0.04,0.04,1000.0,0.0
12.0,22.0,0.0401,0.0401,0.04,0.04,900.0,-9.999999999999593E-5
12.0,19.0,0.04,0.04,0.04,0.04,0.0,0.0
12.0,18.0,0.04,0.04,0.04,0.04,0.0,0.0
12.0,17.0,0.0401,0.0401,0.04,0.04,2000.0,-9.999999999999593E-5
12.0,16.0,0.04,0.04,0.04,0.04,0.0,0.0
12.0,15.0,0.04,0.04,0.04,0.04,1300.0,0.0
12.0,12.0,0.04,0.04,0.04,0.04,0.0,0.0
12.0,11.0,0.04,0.04,0.04,0.04,300.0,0.0
12.0,10.0,0.04,0.04,0.04,0.04,0.0,0.0
12.0,9.0,0.04,0.04,0.04,0.04,0.0,0.0
12.0,8.0,0.04,0.04,0.04,0.04,100.0,0.0
12.0,5.0,0.04,0.04,0.04,0.04,0.0,0.0
12.0,4.0,0.04,0.04,0.04,0.04,200.0,0.0
12.0,3.0,0.045,0.045,0.045,0.045,10800.0,0.0
12.0,2.0,0.045,0.045,0.045,0.045,0.0,0.0
12.0,1.0,0.045,0.045,0.045,0.045,0.0,0.0
11.0,28.0,0.0475,0.0475,0.045,0.045,400.0,-0.0025000000000000022
11.0,27.0,0.045,0.045,0.045,0.045,0.0,0.0
11.0,26.0,0.045,0.045,0.045,0.045,0.0,0.0
11.0,25.0,0.045,0.045,0.045,0.045,1900.0,0.0
11.0,24.0,0.045,0.045,0.045,0.045,13000.0,0.0
11.0,21.0,0.045,0.045,0.045,0.045,0.0,0.0
11.0,20.0,0.0475,0.0475,0.045,0.045,3000.0,-0.0025000000000000022
11.0,19.0,0.045,0.045,0.045,0.045,100.0,0.0
11.0,18.0,0.045,0.045,0.045,0.045,3000.0,0.0
11.0,17.0,0.045,0.045,0.045,0.045,0.0,0.0
11.0,14.0,0.045,0.045,0.045,0.045,1000.0,0.0
11.0,13.0,0.045,0.045,0.045,0.045,0.0,0.0
11.0,12.0,0.045,0.045,0.045,0.045,0.0,0.0
11.0,11.0,0.045,0.045,0.045,0.045,500.0,0.0
11.0,10.0,0.045,0.045,0.045,0.045,500.0,0.0
11.0,7.0,0.045,0.045,0.045,0.045,0.0,0.0
11.0,6.0,0.045,0.045,0.045,0.045,3000.0,0.0
11.0,5.0,0.045,0.045,0.045,0.045,0.0,0.0
11.0,4.0,0.045,0.045,0.045,0.045,0.0,0.0
11.0,3.0,0.045,0.045,0.045,0.045,2100.0,0.0
10.0,31.0,0.045,0.045,0.045,0.045,0.0,0.0
10.0,30.0,0.045,0.045,0.045,0.045,500.0,0.0
10.0,29.0,0.045,0.045,0.045,0.045,0.0,0.0
10.0,28.0,0.045,0.045,0.045,0.045,0.0,0.0
10.0,27.0,0.045,0.045,0.045,0.045,500.0,0.0
10.0,24.0,0.045,0.045,0.045,0.045,0.0,0.0
10.0,23.0,0.045,0.045,0.045,0.045,0.0,0.0
10.0,22.0,0.045,0.045,0.045,0.045,500.0,0.0
10.0,21.0,0.045,0.045,0.045,0.045,9800.0,0.0
10.0,20.0,0.045,0.045,0.045,0.045,0.0,0.0
10.0,17.0,0.045,0.045,0.045,0.045,0.0,0.0
10.0,16.0,0.045,0.045,0.045,0.045,0.0,0.0
10.0,15.0,0.045,0.045,0.045,0.045,0.0,0.0
10.0,14.0,0.045,0.045,0.045,0.045,1500.0,0.0
10.0,13.0,0.045,0.045,0.045,0.045,0.0,0.0
10.0,10.0,0.045,0.045,0.045,0.045,0.0,0.0
10.0,9.0,0.045,0.045,0.045,0.045,500.0,0.0
10.0,8.0,0.045,0.045,0.045,0.045,0.0,0.0
10.0,7.0,0.045,0.045,0.045,0.045,400.0,0.0
10.0,6.0,0.0451,0.0451,0.0451,0.0451,0.0,0.0
10.0,3.0,0.0451,0.0451,0.0451,0.0451,0.0,0.0
10.0,2.0,0.0451,0.0451,0.0451,0.0451,0.0,0.0
10.0,1.0,0.0451,0.0451,0.0451,0.0451,0.0,0.0
9.0,30.0,0.0451,0.0451,0.0451,0.0451,2000.0,0.0
9.0,29.0,0.045,0.045,0.045,0.045,0.0,0.0
9.0,26.0,0.045,0.045,0.045,0.045,0.0,0.0
9.0,25.0,0.045,0.045,0.045,0.045,0.0,0.0
9.0,24.0,0.045,0.045,0.045,0.045,300.0,0.0
9.0,23.0,0.045,0.045,0.045,0.045,3500.0,0.0
9.0,22.0,0.045,0.045,0.045,0.045,2200.0,0.0
9.0,19.0,0.06,0.06,0.06,0.06,0.0,0.0
9.0,18.0,0.05,0.06,0.05,0.06,30000.0,0.009999999999999995
9.0,17.0,0.05,0.05,0.05,0.05,11000.0,0.0
9.0,16.0,0.05,0.05,0.05,0.05,300.0,0.0
9.0,15.0,0.0501,0.0501,0.0501,0.0501,0.0,0.0
9.0,12.0,0.05,0.0501,0.05,0.0501,1700.0,9.999999999999593E-5
9.0,11.0,0.05,0.05,0.05,0.05,1000.0,0.0
9.0,10.0,0.05,0.05,0.05,0.05,0.0,0.0
9.0,9.0,0.05,0.05,0.05,0.05,0.0,0.0
9.0,8.0,0.05,0.05,0.05,0.05,0.0,0.0
9.0,5.0,0.05,0.05,0.05,0.05,0.0,0.0
9.0,4.0,0.05,0.05,0.05,0.05,0.0,0.0
9.0,3.0,0.05,0.05,0.05,0.05,0.0,0.0
9.0,2.0,0.05,0.05,0.05,0.05,200.0,0.0
9.0,1.0,0.05,0.05,0.05,0.05,0.0,0.0
8.0,29.0,0.05,0.05,0.05,0.05,0.0,0.0
8.0,28.0,0.05,0.05,0.05,0.05,0.0,0.0
8.0,27.0,0.05,0.05,0.05,0.05,500.0,0.0
8.0,26.0,0.05,0.05,0.05,0.05,0.0,0.0
8.0,25.0,0.05,0.05,0.05,0.05,0.0,0.0
8.0,22.0,0.05,0.05,0.05,0.05,300.0,0.0
8.0,21.0,0.05,0.05,0.05,0.05,500.0,0.0
8.0,20.0,0.05,0.05,0.05,0.05,0.0,0.0
8.0,19.0,0.05,0.05,0.05,0.05,0.0,0.0
8.0,18.0,0.05,0.05,0.05,0.05,0.0,0.0
8.0,15.0,0.05,0.05,0.05,0.05,5000.0,0.0
8.0,14.0,0.05,0.05,0.05,0.05,0.0,0.0
8.0,13.0,0.05,0.05,0.05,0.05,3000.0,0.0
8.0,12.0,0.0502,0.0502,0.0502,0.0502,0.0,0.0
8.0,11.0,0.0502,0.0502,0.0502,0.0502,100.0,0.0
8.0,8.0,0.0501,0.0501,0.0501,0.0501,0.0,0.0
8.0,7.0,0.0501,0.0501,0.0501,0.0501,0.0,0.0
8.0,6.0,0.0501,0.0501,0.0501,0.0501,0.0,0.0
8.0,5.0,0.0501,0.0501,0.0501,0.0501,0.0,0.0
8.0,4.0,0.0501,0.0501,0.0501,0.0501,0.0,0.0
8.0,1.0,0.065,0.08,0.0501,0.0501,100900.0,-0.014900000000000004
7.0,31.0,0.05,0.05,0.05,0.05,0.0,0.0
7.0,30.0,0.055,0.055,0.04,0.05,123500.0,-0.0049999999999999975
7.0,29.0,0.055,0.0775,0.055,0.055,2000.0,0.0
7.0,28.0,0.055,0.055,0.055,0.055,100700.0,0.0
7.0,25.0,0.05,0.05,0.05,0.05,0.0,0.0
7.0,24.0,0.05,0.05,0.05,0.05,1500.0,0.0
7.0,23.0,0.1,0.1,0.1,0.1,0.0,0.0
7.0,22.0,0.1,0.1,0.1,0.1,0.0,0.0
7.0,21.0,0.051,0.1,0.051,0.1,11100.0,0.04900000000000001
7.0,18.0,0.06,0.06,0.06,0.06,1000.0,0.0
7.0,17.0,0.05,0.05,0.05,0.05,200.0,0.0
7.0,16.0,0.05,0.05,0.05,0.05,0.0,0.0
7.0,15.0,0.05,0.05,0.05,0.05,0.0,0.0
7.0,14.0,0.051,0.051,0.05,0.05,52100.0,-9.99999999999994E-4
7.0,11.0,0.06,0.06,0.06,0.06,8000.0,0.0
7.0,10.0,0.045,0.05,0.036,0.05,280400.0,0.0050000000000000044
7.0,9.0,0.05,0.05,0.05,0.05,0.0,0.0
7.0,8.0,0.045,0.05,0.045,0.05,30000.0,0.0050000000000000044
7.0,7.0,0.048,0.05,0.048,0.05,51300.0,0.0020000000000000018
7.0,4.0,0.048,0.048,0.048,0.048,0.0,0.0
7.0,3.0,0.048,0.048,0.048,0.048,0.0,0.0
7.0,2.0,0.048,0.048,0.048,0.048,0.0,0.0
7.0,1.0,0.048,0.048,0.048,0.048,1500.0,0.0
6.0,30.0,0.05,0.05,0.05,0.05,0.0,0.0
6.0,27.0,0.05,0.05,0.05,0.05,0.0,0.0
6.0,26.0,0.05,0.05,0.05,0.05,1000.0,0.0
6.0,25.0,0.05,0.05,0.05,0.05,32500.0,0.0
6.0,24.0,0.05,0.05,0.05,0.05,0.0,0.0
6.0,23.0,0.05,0.05,0.05,0.05,300.0,0.0
6.0,20.0,0.05,0.055,0.05,0.05,42100.0,0.0
6.0,19.0,0.05,0.05,0.05,0.05,0.0,0.0
6.0,18.0,0.05,0.05,0.05,0.05,0.0,0.0
6.0,17.0,0.05,0.05,0.05,0.05,0.0,0.0
6.0,16.0,0.05,0.05,0.05,0.05,100.0,0.0
6.0,13.0,0.05,0.05,0.05,0.05,100.0,0.0
6.0,12.0,0.055,0.055,0.055,0.055,0.0,0.0
6.0,11.0,0.055,0.055,0.055,0.055,26000.0,0.0
6.0,10.0,0.06,0.06,0.06,0.06,0.0,0.0
6.0,9.0,0.06,0.06,0.06,0.06,0.0,0.0
6.0,6.0,0.06,0.06,0.06,0.06,5000.0,0.0
6.0,5.0,0.06,0.06,0.06,0.06,2500.0,0.0
6.0,4.0,0.065,0.065,0.065,0.065,0.0,0.0
6.0,3.0,0.065,0.065,0.065,0.065,0.0,0.0
6.0,2.0,0.065,0.065,0.065,0.065,0.0,0.0
5.0,30.0,0.065,0.065,0.065,0.065,0.0,0.0
5.0,29.0,0.055,0.065,0.055,0.065,43900.0,0.010000000000000002
5.0,28.0,0.055,0.055,0.055,0.055,0.0,0.0
5.0,27.0,0.055,0.055,0.055,0.055,1500.0,0.0
5.0,26.0,0.06,0.06,0.06,0.06,0.0,0.0
5.0,23.0,0.06,0.06,0.06,0.06,0.0,0.0
5.0,22.0,0.05,0.06,0.05,0.06,30500.0,0.009999999999999995
5.0,21.0,0.05,0.05,0.05,0.05,600.0,0.0
5.0,20.0,0.05,0.06,0.05,0.055,99700.0,0.0049999999999999975
5.0,19.0,0.06,0.06,0.06,0.06,10000.0,0.0
5.0,16.0,0.06,0.06,0.06,0.06,0.0,0.0
5.0,15.0,0.06,0.06,0.06,0.06,0.0,0.0
5.0,14.0,0.06,0.06,0.06,0.06,0.0,0.0
5.0,13.0,0.06,0.06,0.06,0.06,600.0,0.0
5.0,12.0,0.0601,0.0601,0.0601,0.0601,0.0,0.0
5.0,9.0,0.0601,0.0601,0.0601,0.0601,0.0,0.0
5.0,8.0,0.0601,0.0601,0.0601,0.0601,200.0,0.0
5.0,7.0,0.0602,0.0602,0.0602,0.0602,1000.0,0.0
5.0,6.0,0.065,0.065,0.0576,0.06,100500.0,-0.0050000000000000044
5.0,5.0,0.065,0.065,0.065,0.065,0.0,0.0
5.0,2.0,0.065,0.065,0.065,0.065,14000.0,0.0
5.0,1.0,0.065,0.065,0.055,0.065,22500.0,0.0
4.0,30.0,0.075,0.075,0.074,0.075,26000.0,0.0
4.0,29.0,0.07,0.07,0.07,0.07,35000.0,0.0
4.0,28.0,0.06,0.075,0.06,0.075,58500.0,0.015
4.0,25.0,0.0451,0.07,0.0451,0.06,113100.0,0.014899999999999997
4.0,24.0,0.0451,0.0451,0.0451,0.0451,0.0,0.0
4.0,23.0,0.0451,0.0451,0.0451,0.0451,0.0,0.0
4.0,22.0,0.0451,0.0451,0.0451,0.0451,200.0,0.0
4.0,21.0,0.0451,0.0451,0.0451,0.0451,1000.0,0.0
4.0,18.0,0.0476,0.0476,0.0476,0.0476,0.0,0.0
4.0,17.0,0.0476,0.0476,0.0476,0.0476,0.0,0.0
4.0,16.0,0.0476,0.0476,0.0476,0.0476,14000.0,0.0
4.0,15.0,0.0471,0.0471,0.0471,0.0471,5000.0,0.0
4.0,14.0,0.06,0.06,0.06,0.06,30000.0,0.0
4.0,11.0,0.055,0.06,0.055,0.06,91000.0,0.0049999999999999975
4.0,10.0,0.0502,0.0502,0.05,0.05,63000.0,-1.999999999999988E-4
4.0,9.0,0.07,0.1,0.07,0.1,54300.0,0.03
4.0,8.0,0.06,0.06,0.0501,0.0501,38100.0,-0.009899999999999999
4.0,7.0,0.06,0.06,0.06,0.06,0.0,0.0
4.0,4.0,0.1,0.1,0.06,0.06,76000.0,-0.04000000000000001
4.0,3.0,0.075,0.1,0.075,0.1,700.0,0.02500000000000001
4.0,2.0,0.075,0.075,0.075,0.075,5700.0,0.0
4.0,1.0,0.075,0.075,0.075,0.075,1200.0,0.0
3.0,31.0,0.1,0.1,0.075,0.075,9000.0,-0.02500000000000001
3.0,28.0,0.1,0.1,0.1,0.1,200.0,0.0
3.0,27.0,0.1,0.1,0.07,0.095,11400.0,-0.0050000000000000044
3.0,26.0,0.05,0.08,0.05,0.07,98200.0,0.020000000000000004
3.0,25.0,0.07,0.07,0.07,0.07,0.0,0.0
3.0,24.0,0.05,0.07,0.05,0.07,91000.0,0.020000000000000004
3.0,21.0,0.049,0.05,0.049,0.05,67500.0,0.0010000000000000009
3.0,20.0,0.041,0.049,0.041,0.049,31000.0,0.008
3.0,19.0,0.041,0.041,0.041,0.041,0.0,0.0
3.0,18.0,0.041,0.041,0.041,0.041,0.0,0.0
3.0,17.0,0.041,0.041,0.041,0.041,0.0,0.0
3.0,14.0,0.041,0.041,0.041,0.041,0.0,0.0
3.0,13.0,0.041,0.041,0.041,0.041,5000.0,0.0
3.0,12.0,0.041,0.041,0.041,0.041,0.0,0.0
3.0,11.0,0.041,0.041,0.041,0.041,200.0,0.0
3.0,10.0,0.041,0.041,0.041,0.041,10000.0,0.0
3.0,7.0,0.041,0.041,0.041,0.041,100.0,0.0
3.0,6.0,0.05,0.05,0.05,0.05,0.0,0.0
3.0,5.0,0.05,0.05,0.05,0.05,1000.0,0.0
3.0,4.0,0.041,0.05,0.041,0.05,1100.0,0.009000000000000001
3.0,3.0,0.041,0.041,0.041,0.041,0.0,0.0
2.0,28.0,0.0495,0.0495,0.041,0.041,29400.0,-0.0085
2.0,27.0,0.041,0.0411,0.041,0.0411,3000.0,9.999999999999593E-5
2.0,26.0,0.05,0.05,0.04,0.05,13100.0,0.0
2.0,25.0,0.05,0.05,0.0351,0.05,14500.0,0.0
2.0,24.0,0.05,0.05,0.035,0.035,3500.0,-0.015
2.0,21.0,0.04,0.05,0.04,0.05,65400.0,0.010000000000000002
2.0,20.0,0.044,0.044,0.044,0.044,0.0,0.0
2.0,19.0,0.04,0.044,0.04,0.044,12500.0,0.003999999999999997
2.0,18.0,0.025,0.045,0.025,0.045,71700.0,0.019999999999999997
2.0,17.0,0.03,0.03,0.03,0.03,0.0,0.0
2.0,14.0,0.03,0.03,0.03,0.03,0.0,0.0
2.0,13.0,0.03,0.03,0.03,0.03,0.0,0.0
2.0,12.0,0.03,0.03,0.03,0.03,0.0,0.0
2.0,11.0,0.03,0.03,0.03,0.03,0.0,0.0
2.0,10.0,0.03,0.03,0.03,0.03,0.0,0.0
2.0,7.0,0.03,0.03,0.03,0.03,0.0,0.0
2.0,6.0,0.03,0.03,0.03,0.03,1600.0,0.0
2.0,5.0,0.03,0.03,0.03,0.03,800.0,0.0
2.0,4.0,0.049,0.049,0.03,0.03,51500.0,-0.019000000000000003
2.0,3.0,0.045,0.045,0.0351,0.0351,52100.0,-0.009899999999999999
1.0,31.0,0.04,0.045,0.04,0.045,21000.0,0.0049999999999999975
1.0,30.0,0.034,0.04,0.034,0.04,60200.0,0.005999999999999998
1.0,29.0,0.0285,0.035,0.0285,0.035,1700.0,0.006500000000000002
1.0,28.0,0.035,0.035,0.035,0.035,3300.0,0.0
1.0,27.0,0.03,0.035,0.03,0.032,21500.0,0.0020000000000000018
1.0,24.0,0.0299,0.035,0.0299,0.035,21500.0,0.005100000000000004
1.0,23.0,0.03,0.03,0.03,0.03,0.0,0.0
1.0,22.0,0.03,0.035,0.03,0.03,16700.0,0.0
1.0,21.0,0.0349,0.0349,0.0349,0.0349,8000.0,0.0
1.0,20.0,0.035,0.035,0.035,0.035,0.0,0.0
1.0,17.0,0.035,0.035,0.035,0.035,20000.0,0.0
1.0,16.0,0.04,0.05,0.028,0.05,148700.0,0.010000000000000002
1.0,15.0,0.02,0.02,0.02,0.02,100.0,0.0
1.0,14.0,0.02,0.022,0.02,0.022,542400.0,0.0019999999999999983
1.0,13.0,0.02,0.02,0.02,0.02,0.0,0.0
1.0,10.0,0.022,0.022,0.02,0.02,250000.0,-0.0019999999999999983
1.0,9.0,0.02,0.025,0.02,0.02,180000.0,0.0
1.0,8.0,0.02,0.02,0.019,0.02,700000.0,0.0
1.0,7.0,0.0166,0.0166,0.0166,0.0166,0.0,0.0
1.0,6.0,0.0166,0.0166,0.0166,0.0166,0.0,0.0
1.0,3.0,0.0166,0.0166,0.0166,0.0166,0.0,0.0
1.0,2.0,0.0166,0.0166,0.0166,0.0166,0.0,0.0
1.0,1.0,0.0166,0.0166,0.0166,0.0166,0.0,0.0
12.0,31.0,0.0167,0.0183,0.0166,0.0166,3200.0,-9.99999999999994E-5
12.0,30.0,0.0166,0.0183,0.0166,0.0166,6600.0,0.0
12.0,27.0,0.0183,0.0183,0.0166,0.0166,5100.0,-0.0017000000000000001
12.0,26.0,0.0167,0.0167,0.0166,0.0166,7300.0,-9.99999999999994E-5
12.0,25.0,0.0183,0.0183,0.0183,0.0183,0.0,0.0
12.0,24.0,0.0183,0.0183,0.0183,0.0183,1000.0,0.0
12.0,23.0,0.0166,0.0166,0.0166,0.0166,1800.0,0.0
12.0,20.0,0.0166,0.0166,0.0166,0.0166,0.0,0.0
12.0,19.0,0.0166,0.0166,0.0166,0.0166,1000.0,0.0
12.0,18.0,0.0166,0.0166,0.0166,0.0166,800.0,0.0
12.0,17.0,0.0166,0.0166,0.0166,0.0166,500.0,0.0
12.0,16.0,0.0167,0.0167,0.0167,0.0167,500.0,0.0
12.0,13.0,0.02,0.02,0.02,0.02,0.0,0.0
12.0,12.0,0.02,0.02,0.02,0.02,0.0,0.0
12.0,11.0,0.02,0.02,0.02,0.02,10000.0,0.0
12.0,10.0,0.0201,0.0201,0.0201,0.0201,0.0,0.0
12.0,9.0,0.0201,0.0201,0.0201,0.0201,0.0,0.0
12.0,6.0,0.0201,0.0201,0.0201,0.0201,1000.0,0.0
12.0,5.0,0.02,0.02,0.02,0.02,1100.0,0.0
12.0,4.0,0.02,0.02,0.02,0.02,100.0,0.0
12.0,3.0,0.02,0.02,0.02,0.02,400.0,0.0
12.0,2.0,0.0166,0.02,0.0166,0.02,43500.0,0.0034000000000000002
11.0,29.0,0.0166,0.0166,0.0166,0.0166,0.0,0.0
11.0,28.0,0.0166,0.0166,0.0166,0.0166,0.0,0.0
11.0,27.0,0.0166,0.0166,0.0166,0.0166,40400.0,0.0
11.0,26.0,0.02,0.02,0.02,0.02,200.0,0.0
11.0,25.0,0.0201,0.0201,0.0201,0.0201,0.0,0.0
11.0,22.0,0.0201,0.0201,0.0201,0.0201,200.0,0.0
11.0,21.0,0.02,0.02,0.02,0.02,0.0,0.0
11.0,20.0,0.02,0.02,0.02,0.02,2300.0,0.0
11.0,19.0,0.02,0.02,0.02,0.02,0.0,0.0
11.0,18.0,0.02,0.02,0.02,0.02,0.0,0.0
11.0,15.0,0.02,0.02,0.02,0.02,500.0,0.0
11.0,14.0,0.02,0.0201,0.02,0.0201,277600.0,9.99999999999994E-5
11.0,13.0,0.02,0.02,0.02,0.02,25500.0,0.0
11.0,12.0,0.02,0.02,0.02,0.02,0.0,0.0
11.0,11.0,0.02,0.02,0.02,0.02,0.0,0.0
11.0,8.0,0.02,0.02,0.02,0.02,300.0,0.0
11.0,7.0,0.02,0.02,0.02,0.02,0.0,0.0
11.0,6.0,0.02,0.02,0.02,0.02,0.0,0.0
11.0,5.0,0.02,0.02,0.02,0.02,0.0,0.0
11.0,4.0,0.02,0.02,0.02,0.02,400.0,0.0
11.0,1.0,0.02,0.02,0.02,0.02,54900.0,0.0
10.0,31.0,0.02,0.02,0.02,0.02,1000.0,0.0
10.0,30.0,0.02,0.02,0.02,0.02,0.0,0.0
10.0,29.0,0.02,0.02,0.02,0.02,100.0,0.0
10.0,28.0,0.02,0.02,0.02,0.02,200.0,0.0
10.0,25.0,0.02,0.02,0.02,0.02,1500.0,0.0
10.0,24.0,0.02,0.02,0.02,0.02,0.0,0.0
10.0,23.0,0.02,0.02,0.02,0.02,600.0,0.0
10.0,22.0,0.02,0.02,0.02,0.02,0.0,0.0
10.0,21.0,0.02,0.02,0.02,0.02,200.0,0.0
10.0,18.0,0.02,0.02,0.02,0.02,5000.0,0.0
10.0,17.0,0.015,0.015,0.015,0.015,0.0,0.0
10.0,16.0,0.015,0.015,0.015,0.015,0.0,0.0
10.0,15.0,0.015,0.015,0.015,0.015,0.0,0.0
10.0,14.0,0.015,0.015,0.015,0.015,0.0,0.0
10.0,11.0,0.015,0.015,0.015,0.015,0.0,0.0
10.0,10.0,0.015,0.015,0.015,0.015,0.0,0.0
10.0,9.0,0.015,0.015,0.015,0.015,0.0,0.0
10.0,8.0,0.03,0.03,0.015,0.015,93000.0,-0.015
10.0,7.0,0.035,0.035,0.035,0.035,0.0,0.0
10.0,4.0,0.035,0.035,0.035,0.035,0.0,0.0
10.0,3.0,0.035,0.035,0.035,0.035,4500.0,0.0
10.0,2.0,0.035,0.035,0.035,0.035,1200.0,0.0
10.0,1.0,0.05,0.05,0.035,0.035,22200.0,-0.015
9.0,30.0,0.05,0.05,0.05,0.05,0.0,0.0
9.0,27.0,0.038,0.05,0.038,0.05,11500.0,0.012000000000000004
9.0,26.0,0.05,0.05,0.036,0.05,98500.0,0.0
9.0,25.0,0.05,0.05,0.05,0.05,600.0,0.0
9.0,24.0,0.05,0.05,0.035,0.036,31600.0,-0.014000000000000005
9.0,23.0,0.03,0.03,0.03,0.03,2300.0,0.0
9.0,20.0,0.03,0.04,0.03,0.03,14000.0,0.0
9.0,19.0,0.027,0.028,0.027,0.028,701900.0,0.0010000000000000009
9.0,18.0,0.024,0.026,0.024,0.025,490000.0,0.0010000000000000009
9.0,17.0,0.03,0.05,0.03,0.04,344700.0,0.010000000000000002
9.0,16.0,0.03,0.05,0.03,0.03,309000.0,0.0
9.0,13.0,0.03,0.04,0.03,0.04,22000.0,0.010000000000000002
9.0,12.0,0.022,0.022,0.022,0.022,0.0,0.0
9.0,11.0,0.022,0.022,0.022,0.022,9500.0,0.0
9.0,10.0,0.027,0.027,0.027,0.027,0.0,0.0
9.0,9.0,0.032,0.033,0.027,0.027,65000.0,-0.005000000000000001
9.0,6.0,0.025,0.0299,0.025,0.0299,33000.0,0.004899999999999998
9.0,5.0,0.025,0.025,0.025,0.025,41700.0,0.0
9.0,4.0,0.02,0.02,0.02,0.02,25000.0,0.0
9.0,3.0,0.018,0.018,0.018,0.018,100.0,0.0
9.0,2.0,0.016,0.016,0.016,0.016,0.0,0.0
8.0,30.0,0.016,0.016,0.016,0.016,0.0,0.0
8.0,29.0,0.016,0.016,0.016,0.016,0.0,0.0
8.0,28.0,0.016,0.016,0.016,0.016,0.0,0.0
8.0,27.0,0.0126,0.016,0.0126,0.016,1700.0,0.0034000000000000002
8.0,26.0,0.03,0.03,0.03,0.03,0.0,0.0
8.0,23.0,0.028,0.03,0.028,0.03,10000.0,0.0019999999999999983
8.0,22.0,0.012,0.012,0.012,0.012,0.0,0.0
8.0,21.0,0.012,0.012,0.012,0.012,0.0,0.0
8.0,20.0,0.012,0.012,0.012,0.012,0.0,0.0
8.0,19.0,0.012,0.012,0.012,0.012,0.0,0.0
8.0,16.0,0.012,0.012,0.012,0.012,10000.0,0.0
8.0,15.0,0.014,0.014,0.008,0.008,158600.0,-0.006
8.0,14.0,0.014,0.014,0.014,0.014,0.0,0.0
8.0,13.0,0.014,0.014,0.014,0.014,28700.0,0.0
8.0,12.0,0.014,0.014,0.014,0.014,7500.0,0.0
8.0,9.0,0.014,0.014,0.014,0.014,3000.0,0.0
8.0,8.0,0.014,0.014,0.014,0.014,0.0,0.0
8.0,7.0,0.014,0.014,0.014,0.014,4700.0,0.0
8.0,6.0,0.017,0.017,0.017,0.017,0.0,0.0
8.0,5.0,0.017,0.017,0.017,0.017,0.0,0.0
8.0,2.0,0.017,0.017,0.017,0.017,10000.0,0.0
8.0,1.0,0.018,0.018,0.018,0.018,30000.0,0.0
7.0,31.0,0.017,0.017,0.0135,0.0135,2000.0,-0.0035000000000000014
7.0,30.0,0.018,0.018,0.018,0.018,400.0,0.0
7.0,29.0,0.022,0.022,0.022,0.022,0.0,0.0
7.0,26.0,0.022,0.022,0.022,0.022,18800.0,0.0
7.0,25.0,0.022,0.022,0.022,0.022,0.0,0.0
7.0,24.0,0.022,0.022,0.022,0.022,100.0,0.0
7.0,23.0,0.022,0.022,0.022,0.022,0.0,0.0
7.0,22.0,0.0245,0.0245,0.022,0.022,3200.0,-0.0025000000000000022
7.0,19.0,0.027,0.027,0.027,0.027,0.0,0.0
7.0,18.0,0.027,0.027,0.027,0.027,42200.0,0.0
7.0,17.0,0.018,0.018,0.018,0.018,0.0,0.0
7.0,16.0,0.018,0.018,0.018,0.018,0.0,0.0
7.0,15.0,0.0213,0.0213,0.018,0.018,600.0,-0.003300000000000001
7.0,12.0,0.022,0.022,0.022,0.022,0.0,0.0
7.0,11.0,0.022,0.022,0.022,0.022,0.0,0.0
7.0,10.0,0.022,0.022,0.022,0.022,35000.0,0.0
7.0,9.0,0.022,0.022,0.022,0.022,0.0,0.0
7.0,8.0,0.0201,0.022,0.0201,0.022,80500.0,0.001899999999999999
7.0,5.0,0.015,0.015,0.015,0.015,0.0,0.0
7.0,4.0,0.015,0.015,0.015,0.015,0.0,0.0
7.0,3.0,0.015,0.015,0.015,0.015,0.0,0.0
7.0,2.0,0.02,0.02,0.015,0.015,36000.0,-0.005000000000000001
7.0,1.0,0.0189,0.0189,0.0189,0.0189,0.0,0.0
6.0,28.0,0.0189,0.0189,0.0189,0.0189,1000.0,0.0
6.0,27.0,0.017,0.017,0.017,0.017,45600.0,0.0
6.0,26.0,0.0135,0.0135,0.0135,0.0135,0.0,0.0
6.0,25.0,0.0135,0.0135,0.0135,0.0135,0.0,0.0
6.0,24.0,0.0135,0.0135,0.0135,0.0135,0.0,0.0
6.0,21.0,0.013,0.014,0.013,0.0135,146900.0,5.000000000000004E-4
6.0,20.0,0.0135,0.0135,0.0135,0.0135,2000.0,0.0
6.0,19.0,0.014,0.016,0.014,0.016,122000.0,0.002
6.0,18.0,0.02,0.02,0.017,0.017,196900.0,-0.002999999999999999
6.0,17.0,0.034,0.034,0.018,0.018,12000.0,-0.016000000000000004
6.0,14.0,0.018,0.018,0.012,0.012,250000.0,-0.005999999999999998
6.0,13.0,0.022,0.025,0.016,0.016,77900.0,-0.005999999999999998
6.0,12.0,0.015,0.04,0.0091,0.015,626000.0,0.0
6.0,11.0,0.014,0.016,0.012,0.016,238000.0,0.002
6.0,10.0,0.017,0.02,0.009,0.014,4716100.0,-0.003000000000000001
6.0,7.0,0.014,0.014,0.014,0.014,0.0,0.0
6.0,6.0,0.014,0.014,0.014,0.014,0.0,0.0
6.0,5.0,0.014,0.014,0.014,0.014,500.0,0.0
6.0,4.0,0.014,0.014,0.014,0.014,2000.0,0.0
6.0,3.0,0.014,0.014,0.014,0.014,0.0,0.0
5.0,31.0,0.014,0.014,0.014,0.014,4000.0,0.0
5.0,30.0,0.015,0.015,0.015,0.015,10000.0,0.0
5.0,29.0,0.015,0.015,0.015,0.015,0.0,0.0
5.0,28.0,0.015,0.015,0.015,0.015,2100.0,0.0
5.0,27.0,0.015,0.015,0.015,0.015,0.0,0.0
5.0,24.0,0.015,0.015,0.015,0.015,0.0,0.0
5.0,23.0,0.015,0.015,0.015,0.015,0.0,0.0
5.0,22.0,0.015,0.015,0.015,0.015,1100.0,0.0
5.0,21.0,0.02,0.02,0.02,0.02,2700.0,0.0
5.0,20.0,0.0085,0.025,0.0085,0.025,164000.0,0.0165
5.0,17.0,0.0085,0.0085,0.0085,0.0085,1600.0,0.0
5.0,16.0,0.0081,0.0085,0.0081,0.0085,2000.0,4.0000000000000105E-4
5.0,15.0,0.009,0.009,0.009,0.009,110000.0,0.0
5.0,14.0,0.012,0.012,0.008,0.01,252200.0,-0.002
5.0,13.0,0.012,0.012,0.012,0.012,0.0,0.0
5.0,10.0,0.012,0.012,0.012,0.012,0.0,0.0
5.0,9.0,0.012,0.012,0.012,0.012,0.0,0.0
5.0,8.0,0.012,0.012,0.012,0.012,3500.0,0.0
5.0,7.0,0.012,0.012,0.012,0.012,3200.0,0.0
5.0,6.0,0.012,0.012,0.012,0.012,0.0,0.0
5.0,3.0,0.012,0.012,0.012,0.012,0.0,0.0
5.0,2.0,0.012,0.012,0.012,0.012,0.0,0.0
5.0,1.0,0.012,0.012,0.012,0.012,0.0,0.0
4.0,30.0,0.012,0.012,0.012,0.012,0.0,0.0
4.0,29.0,0.012,0.012,0.012,0.012,12000.0,0.0
4.0,26.0,0.02,0.02,0.02,0.02,0.0,0.0
4.0,25.0,0.02,0.02,0.02,0.02,0.0,0.0
4.0,24.0,0.02,0.02,0.02,0.02,1000.0,0.0
4.0,23.0,0.012,0.012,0.012,0.012,54000.0,0.0
4.0,22.0,0.011,0.011,0.011,0.011,0.0,0.0
4.0,19.0,0.011,0.011,0.011,0.011,0.0,0.0
4.0,18.0,0.011,0.011,0.011,0.011,0.0,0.0
4.0,17.0,0.011,0.011,0.011,0.011,0.0,0.0
4.0,16.0,0.011,0.011,0.011,0.011,0.0,0.0
4.0,15.0,0.011,0.011,0.011,0.011,10000.0,0.0
4.0,12.0,0.011,0.011,0.01,0.01,20000.0,-9.999999999999992E-4
4.0,11.0,0.02,0.02,0.02,0.02,0.0,0.0
4.0,10.0,0.01,0.02,0.01,0.02,180800.0,0.01
4.0,9.0,0.01,0.01,0.01,0.01,1000.0,0.0
4.0,8.0,0.01,0.01,0.01,0.01,0.0,0.0
4.0,5.0,0.01,0.01,0.01,0.01,0.0,0.0
4.0,4.0,0.01,0.01,0.01,0.01,800.0,0.0
4.0,3.0,0.01,0.01,0.01,0.01,0.0,0.0
4.0,2.0,0.01,0.01,0.01,0.01,0.0,0.0
4.0,1.0,0.01,0.01,0.01,0.01,1000.0,0.0
3.0,29.0,0.01,0.01,0.01,0.01,0.0,0.0
3.0,28.0,0.01,0.01,0.01,0.01,1000.0,0.0
3.0,27.0,0.01,0.01,0.01,0.01,0.0,0.0
3.0,26.0,0.01,0.01,0.01,0.01,100.0,0.0
3.0,25.0,0.015,0.015,0.01,0.015,55300.0,0.0
3.0,22.0,0.01,0.015,0.01,0.015,26000.0,0.004999999999999999
3.0,21.0,0.0021,0.0021,0.0021,0.0021,0.0,0.0
3.0,20.0,0.0021,0.0021,0.0021,0.0021,0.0,0.0
3.0,19.0,0.0021,0.0021,0.0021,0.0021,100.0,0.0
3.0,18.0,0.006,0.006,0.006,0.006,0.0,0.0
3.0,15.0,0.0055,0.006,0.0055,0.006,10300.0,5.000000000000004E-4
3.0,14.0,0.0052,0.0052,0.0052,0.0052,0.0,0.0
3.0,13.0,0.0052,0.0052,0.0052,0.0052,400.0,0.0
3.0,12.0,0.0051,0.0051,0.0051,0.0051,100.0,0.0
3.0,11.0,0.0032,0.0032,0.0032,0.0032,0.0,0.0
3.0,8.0,0.0032,0.0032,0.0032,0.0032,0.0,0.0
3.0,7.0,0.0032,0.0032,0.0032,0.0032,0.0,0.0
3.0,6.0,0.0032,0.0032,0.0032,0.0032,0.0,0.0
3.0,5.0,0.004,0.004,0.0032,0.0032,10100.0,-7.999999999999999E-4
3.0,4.0,0.0022,0.0022,0.0022,0.0022,0.0,0.0
3.0,1.0,0.0022,0.0022,0.0022,0.0022,0.0,0.0
2.0,28.0,0.0022,0.0022,0.0022,0.0022,0.0,0.0
2.0,27.0,0.0022,0.0022,0.0022,0.0022,0.0,0.0
2.0,26.0,0.004,0.004,0.0022,0.0022,2600.0,-0.0018
2.0,25.0,0.0039,0.0039,0.0039,0.0039,400.0,0.0
2.0,22.0,0.0035,0.0035,0.0035,0.0035,500.0,0.0
2.0,21.0,0.0022,0.0022,0.0022,0.0022,200.0,0.0
2.0,20.0,0.004,0.004,0.004,0.004,0.0,0.0
2.0,19.0,0.004,0.004,0.004,0.004,100.0,0.0
2.0,18.0,0.004,0.004,0.004,0.004,0.0,0.0
2.0,15.0,0.004,0.004,0.004,0.004,100.0,0.0
2.0,14.0,0.004,0.004,0.004,0.004,1000.0,0.0
2.0,13.0,0.003,0.003,0.003,0.003,0.0,0.0
2.0,12.0,0.003,0.003,0.003,0.003,0.0,0.0
2.0,11.0,0.003,0.003,0.003,0.003,2000.0,0.0
2.0,8.0,0.003,0.003,0.003,0.003,0.0,0.0
2.0,7.0,0.003,0.003,0.003,0.003,0.0,0.0
2.0,6.0,0.003,0.003,0.003,0.003,700.0,0.0
2.0,5.0,0.004,0.004,0.004,0.004,1000.0,0.0
2.0,4.0,0.003,0.003,0.003,0.003,0.0,0.0
2.0,1.0,0.003,0.003,0.003,0.003,0.0,0.0
1.0,31.0,0.003,0.003,0.003,0.003,0.0,0.0
1.0,30.0,0.003,0.003,0.003,0.003,0.0,0.0
1.0,29.0,0.003,0.003,0.003,0.003,0.0,0.0
1.0,28.0,0.003,0.003,0.003,0.003,0.0,0.0
1.0,25.0,0.003,0.003,0.003,0.003,0.0,0.0
1.0,24.0,0.003,0.003,0.003,0.003,100.0,0.0
1.0,23.0,0.003,0.003,0.003,0.003,2000.0,0.0
1.0,22.0,0.003,0.003,0.003,0.003,2700.0,0.0
1.0,21.0,0.0022,0.0022,0.0022,0.0022,0.0,0.0
1.0,18.0,0.0022,0.0022,0.0022,0.0022,0.0,0.0
1.0,17.0,0.0022,0.0022,0.0022,0.0022,0.0,0.0
1.0,16.0,0.0022,0.0022,0.0022,0.0022,0.0,0.0
1.0,15.0,0.0022,0.0022,0.0022,0.0022,0.0,0.0
1.0,14.0,0.0022,0.0022,0.0022,0.0022,0.0,0.0
1.0,11.0,0.0022,0.0022,0.0022,0.0022,0.0,0.0
1.0,10.0,0.0022,0.0022,0.0022,0.0022,0.0,0.0
1.0,9.0,0.0022,0.0022,0.0022,0.0022,300.0,0.0
1.0,8.0,0.0022,0.0022,0.0022,0.0022,0.0,0.0
1.0,7.0,0.0022,0.0022,0.0022,0.0022,0.0,0.0
1.0,4.0,0.0022,0.0022,0.0022,0.0022,0.0,0.0
1.0,3.0,0.0022,0.0022,0.0022,0.0022,0.0,0.0
1.0,2.0,0.0022,0.0022,0.0022,0.0022,0.0,0.0
1.0,1.0,0.0022,0.0022,0.0022,0.0022,0.0,0.0
12.0,31.0,0.0022,0.0022,0.0022,0.0022,6100.0,0.0
12.0,28.0,0.0022,0.0022,0.0022,0.0022,1400.0,0.0
12.0,27.0,0.0022,0.003,0.0022,0.003,700.0,7.999999999999999E-4
12.0,26.0,0.0022,0.0022,0.0022,0.0022,1400.0,0.0
12.0,25.0,0.0022,0.0022,0.0022,0.0022,0.0,0.0
12.0,24.0,0.0022,0.0022,0.0022,0.0022,0.0,0.0
12.0,21.0,0.0022,0.0022,0.0022,0.0022,500.0,0.0
12.0,20.0,0.0022,0.0022,0.0022,0.0022,0.0,0.0
12.0,19.0,0.0022,0.0022,0.0022,0.0022,0.0,0.0
12.0,18.0,0.0022,0.0022,0.0022,0.0022,700.0,0.0
12.0,17.0,0.0022,0.0022,0.0022,0.0022,0.0,0.0
12.0,14.0,0.0022,0.0022,0.0022,0.0022,0.0,0.0
12.0,13.0,0.0022,0.0022,0.0022,0.0022,2600.0,0.0
12.0,12.0,0.0022,0.0022,0.0022,0.0022,100.0,0.0
12.0,11.0,0.0022,0.0022,0.0022,0.0022,700.0,0.0
12.0,10.0,0.0016,0.0016,0.0016,0.0016,0.0,0.0
12.0,7.0,0.0016,0.0016,0.0016,0.0016,0.0,0.0
12.0,6.0,0.0022,0.0022,0.0022,0.0022,1700.0,0.0
12.0,5.0,0.0022,0.0022,0.0022,0.0022,0.0,0.0
12.0,4.0,0.0022,0.0022,0.0022,0.0022,0.0,0.0
12.0,3.0,0.0022,0.0022,0.0022,0.0022,1000.0,0.0
11.0,30.0,0.0022,0.0022,0.0022,0.0022,500.0,0.0
11.0,29.0,0.0022,0.0022,0.0022,0.0022,0.0,0.0
11.0,28.0,0.0022,0.0022,0.0022,0.0022,0.0,0.0
11.0,27.0,0.0022,0.0022,0.0022,0.0022,0.0,0.0
11.0,26.0,0.0022,0.0022,0.0022,0.0022,0.0,0.0
11.0,23.0,0.0022,0.0022,0.0022,0.0022,0.0,0.0
11.0,21.0,0.0022,0.0022,0.0022,0.0022,0.0,0.0
11.0,20.0,0.0022,0.0022,0.0022,0.0022,1000.0,0.0
11.0,19.0,0.0019,0.0019,0.0019,0.0019,500.0,0.0
11.0,16.0,0.0017,0.0017,0.0017,0.0017,0.0,0.0
11.0,15.0,0.0017,0.0017,0.0017,0.0017,0.0,0.0
11.0,14.0,0.0017,0.0017,0.0017,0.0017,0.0,0.0
11.0,13.0,0.0017,0.0017,0.0017,0.0017,2600.0,0.0
11.0,12.0,0.0016,0.0016,0.0016,0.0016,0.0,0.0
11.0,9.0,0.0016,0.0016,0.0016,0.0016,0.0,0.0
11.0,8.0,0.0016,0.0016,0.0016,0.0016,0.0,0.0
11.0,7.0,0.0016,0.0016,0.0016,0.0016,0.0,0.0
11.0,6.0,0.0016,0.0016,0.0016,0.0016,0.0,0.0
11.0,5.0,0.0016,0.0016,0.0016,0.0016,0.0,0.0
11.0,2.0,0.0016,0.0016,0.0016,0.0016,0.0,0.0
11.0,1.0,0.0016,0.0016,0.0016,0.0016,0.0,0.0
10.0,31.0,0.0016,0.0016,0.0016,0.0016,0.0,0.0
10.0,26.0,0.0016,0.0016,0.0016,0.0016,0.0,0.0
10.0,25.0,0.0016,0.0016,0.0016,0.0016,0.0,0.0
10.0,24.0,0.0016,0.0016,0.0016,0.0016,200.0,0.0
10.0,23.0,0.0017,0.0017,0.0017,0.0017,0.0,0.0
10.0,22.0,0.0017,0.0017,0.0017,0.0017,100.0,0.0
10.0,19.0,0.0017,0.0017,0.0017,0.0017,0.0,0.0
10.0,18.0,0.0017,0.0017,0.0017,0.0017,200.0,0.0
10.0,17.0,0.0017,0.0017,0.0017,0.0017,0.0,0.0
10.0,16.0,0.0017,0.0017,0.0017,0.0017,0.0,0.0
10.0,15.0,0.0017,0.0017,0.0017,0.0017,4000.0,0.0
10.0,12.0,0.0017,0.0017,0.0017,0.0017,0.0,0.0
10.0,11.0,0.0017,0.0017,0.0017,0.0017,2500.0,0.0
10.0,10.0,0.0017,0.0017,0.0017,0.0017,400.0,0.0
10.0,9.0,0.0017,0.0017,0.0017,0.0017,0.0,0.0
10.0,8.0,0.0017,0.0017,0.0017,0.0017,1200.0,0.0
10.0,5.0,0.0017,0.0017,0.0017,0.0017,10000.0,0.0
10.0,4.0,0.0017,0.0017,0.0017,0.0017,0.0,0.0
10.0,3.0,0.0017,0.0017,0.0017,0.0017,500.0,0.0
10.0,2.0,0.0017,0.0017,0.0017,0.0017,200.0,0.0
10.0,1.0,0.0016,0.0016,0.0016,0.0016,3000.0,0.0
9.0,28.0,0.0017,0.0017,0.0017,0.0017,0.0,0.0
9.0,27.0,0.0017,0.0017,0.0017,0.0017,0.0,0.0
9.0,26.0,0.0017,0.0017,0.0017,0.0017,1400.0,0.0
9.0,25.0,0.0017,0.0017,0.0017,0.0017,0.0,0.0
9.0,24.0,0.0017,0.0017,0.0017,0.0017,200.0,0.0
9.0,21.0,0.0016,0.0016,0.0016,0.0016,0.0,0.0
9.0,20.0,0.0016,0.0016,0.0016,0.0016,100.0,0.0
9.0,19.0,0.0016,0.0016,0.0016,0.0016,0.0,0.0
9.0,18.0,0.0016,0.0016,0.0016,0.0016,100.0,0.0
9.0,17.0,0.0017,0.0017,0.0017,0.0017,600.0,0.0
9.0,14.0,0.0017,0.0017,0.0017,0.0017,0.0,0.0
9.0,13.0,0.0017,0.0017,0.0017,0.0017,0.0,0.0
9.0,12.0,0.0017,0.0017,0.0017,0.0017,0.0,0.0
9.0,11.0,0.0017,0.0017,0.0017,0.0017,0.0,0.0
9.0,10.0,0.0017,0.0017,0.0017,0.0017,0.0,0.0
9.0,7.0,0.0017,0.0017,0.0017,0.0017,0.0,0.0
9.0,6.0,0.0017,0.0017,0.0017,0.0017,0.0,0.0
9.0,5.0,0.0017,0.0017,0.0017,0.0017,0.0,0.0
9.0,4.0,0.0017,0.0017,0.0017,0.0017,0.0,0.0
8.0,31.0,0.0017,0.0017,0.0017,0.0017,0.0,0.0
8.0,30.0,0.0017,0.0017,0.0017,0.0017,800.0,0.0
8.0,29.0,0.0017,0.0017,0.0017,0.0017,0.0,0.0
8.0,28.0,0.0017,0.0035,0.0017,0.0017,16700.0,0.0
8.0,27.0,0.0016,0.0016,0.0016,0.0016,0.0,0.0
8.0,24.0,0.0016,0.0016,0.0016,0.0016,0.0,0.0
8.0,23.0,0.0016,0.0016,0.0016,0.0016,0.0,0.0
8.0,22.0,0.0016,0.0016,0.0016,0.0016,0.0,0.0
8.0,21.0,0.0016,0.0016,0.0016,0.0016,0.0,0.0
8.0,20.0,0.0016,0.0016,0.0016,0.0016,0.0,0.0
8.0,17.0,0.0016,0.0016,0.0016,0.0016,0.0,0.0
8.0,16.0,0.0016,0.0016,0.0016,0.0016,0.0,0.0
8.0,15.0,0.0016,0.0016,0.0016,0.0016,0.0,0.0
8.0,14.0,0.0016,0.0016,0.0016,0.0016,200.0,0.0
8.0,13.0,0.0017,0.0017,0.0017,0.0017,2500.0,0.0
8.0,10.0,0.0017,0.0017,0.0017,0.0017,0.0,0.0
8.0,9.0,0.0017,0.0017,0.0017,0.0017,0.0,0.0
8.0,8.0,0.0017,0.0017,0.0017,0.0017,0.0,0.0
8.0,7.0,0.0017,0.0017,0.0017,0.0017,1000.0,0.0
8.0,6.0,0.0016,0.0016,0.0016,0.0016,0.0,0.0
8.0,3.0,0.0016,0.0016,0.0016,0.0016,0.0,0.0
8.0,2.0,0.0016,0.0016,0.0016,0.0016,0.0,0.0
8.0,1.0,0.0016,0.0016,0.0016,0.0016,0.0,0.0
7.0,31.0,0.0016,0.0016,0.0016,0.0016,0.0,0.0
7.0,30.0,0.0016,0.0016,0.0016,0.0016,0.0,0.0
7.0,27.0,0.0016,0.0016,0.0016,0.0016,0.0,0.0
7.0,26.0,0.0016,0.0016,0.0016,0.0016,0.0,0.0
7.0,25.0,0.0016,0.0016,0.0016,0.0016,0.0,0.0
7.0,24.0,0.0016,0.0016,0.0016,0.0016,0.0,0.0
7.0,23.0,0.0016,0.0016,0.0016,0.0016,0.0,0.0
7.0,20.0,0.0016,0.0016,0.0016,0.0016,4300.0,0.0
7.0,19.0,0.0016,0.0016,0.0016,0.0016,0.0,0.0
7.0,18.0,0.0016,0.0016,0.0016,0.0016,0.0,0.0
7.0,17.0,0.0016,0.0016,0.0016,0.0016,0.0,0.0
7.0,16.0,0.0016,0.0016,0.0016,0.0016,0.0,0.0
7.0,13.0,0.0016,0.0016,0.0016,0.0016,0.0,0.0
7.0,12.0,0.0016,0.0016,0.0016,0.0016,3000.0,0.0
7.0,11.0,0.0016,0.0016,0.0016,0.0016,0.0,0.0
7.0,10.0,0.0016,0.0016,0.0016,0.0016,500.0,0.0
7.0,9.0,0.0016,0.0016,0.0016,0.0016,0.0,0.0
7.0,6.0,0.0016,0.0016,0.0016,0.0016,0.0,0.0
7.0,5.0,0.0016,0.0016,0.0016,0.0016,0.0,0.0
7.0,3.0,0.0016,0.0016,0.0016,0.0016,0.0,0.0
7.0,2.0,0.0016,0.0016,0.0016,0.0016,4700.0,0.0
6.0,29.0,0.0016,0.0016,0.0016,0.0016,100.0,0.0
6.0,28.0,0.0016,0.0016,0.0016,0.0016,0.0,0.0
6.0,27.0,0.0016,0.0016,0.0016,0.0016,1000.0,0.0
6.0,26.0,0.0016,0.0016,0.0016,0.0016,0.0,0.0
6.0,25.0,0.0016,0.0016,0.0016,0.0016,500.0,0.0
6.0,22.0,0.0016,0.0016,0.0016,0.0016,0.0,0.0
6.0,21.0,0.0016,0.0016,0.0016,0.0016,0.0,0.0
6.0,20.0,0.0016,0.0016,0.0016,0.0016,900.0,0.0
6.0,19.0,0.0016,0.0016,0.0016,0.0016,0.0,0.0
6.0,18.0,0.0016,0.0016,0.0016,0.0016,100.0,0.0
6.0,15.0,0.0016,0.0016,0.0016,0.0016,0.0,0.0
6.0,14.0,0.0016,0.0016,0.0016,0.0016,0.0,0.0
6.0,13.0,0.0016,0.0016,0.0016,0.0016,700.0,0.0
6.0,12.0,0.0016,0.0016,0.0016,0.0016,0.0,0.0
6.0,11.0,0.0016,0.0016,0.0016,0.0016,0.0,0.0
6.0,8.0,0.0016,0.0016,0.0016,0.0016,0.0,0.0
6.0,7.0,0.0016,0.0016,0.0016,0.0016,1200.0,0.0
6.0,6.0,0.0016,0.0016,0.0016,0.0016,0.0,0.0
6.0,5.0,0.0016,0.0016,0.0016,0.0016,100.0,0.0
6.0,4.0,0.0016,0.0016,0.0016,0.0016,0.0,0.0
6.0,1.0,0.0016,0.0016,0.0016,0.0016,0.0,0.0
5.0,31.0,0.0016,0.0016,0.0016,0.0016,2500.0,0.0
5.0,30.0,0.0016,0.0016,0.0016,0.0016,0.0,0.0
5.0,29.0,0.0016,0.0016,0.0016,0.0016,1000.0,0.0
5.0,28.0,0.0016,0.0016,0.0016,0.0016,0.0,0.0
5.0,25.0,0.0016,0.0016,0.0016,0.0016,0.0,0.0
5.0,24.0,0.0016,0.0016,0.0016,0.0016,2000.0,0.0
5.0,23.0,0.0016,0.0016,0.0016,0.0016,0.0,0.0
5.0,22.0,0.0016,0.0016,0.0016,0.0016,0.0,0.0
5.0,21.0,0.0016,0.0016,0.0016,0.0016,0.0,0.0
5.0,18.0,0.0016,0.0016,0.0016,0.0016,0.0,0.0
5.0,17.0,0.0016,0.0016,0.0016,0.0016,12500.0,0.0
5.0,16.0,0.0016,0.0016,0.0016,0.0016,300.0,0.0
5.0,15.0,0.0016,0.0016,0.0016,0.0016,0.0,0.0
5.0,14.0,0.0016,0.0016,0.0016,0.0016,500.0,0.0
5.0,11.0,0.0016,0.0016,0.0016,0.0016,0.0,0.0
5.0,10.0,0.0016,0.0016,0.0016,0.0016,800.0,0.0
5.0,9.0,0.0016,0.0016,0.0016,0.0016,0.0,0.0
5.0,8.0,0.0016,0.0016,0.0016,0.0016,0.0,0.0
5.0,7.0,0.0016,0.0016,0.0016,0.0016,500.0,0.0
5.0,4.0,0.0016,0.0016,0.0016,0.0016,200.0,0.0
5.0,3.0,0.0016,0.0016,0.0016,0.0016,6000.0,0.0
5.0,2.0,0.0016,0.0016,0.0016,0.0016,100.0,0.0
5.0,1.0,0.0016,0.0016,0.0016,0.0016,100.0,0.0
4.0,30.0,0.0016,0.0016,0.0016,0.0016,0.0,0.0
4.0,27.0,0.0016,0.0016,0.0016,0.0016,400.0,0.0
4.0,26.0,0.0016,0.0016,0.0016,0.0016,0.0,0.0
4.0,25.0,0.0016,0.0016,0.0016,0.0016,0.0,0.0
4.0,24.0,0.0016,0.0016,0.0016,0.0016,0.0,0.0
4.0,23.0,0.0016,0.0016,0.0016,0.0016,0.0,0.0
4.0,20.0,0.0016,0.0016,0.0016,0.0016,0.0,0.0
4.0,19.0,0.0016,0.0016,0.0016,0.0016,700.0,0.0
4.0,18.0,0.0016,0.0016,0.0016,0.0016,700.0,0.0
4.0,17.0,0.0016,0.0016,0.0016,0.0016,0.0,0.0
4.0,16.0,0.0016,0.0016,0.0016,0.0016,0.0,0.0
4.0,13.0,0.0016,0.0016,0.0016,0.0016,0.0,0.0
4.0,12.0,0.0016,0.0016,0.0016,0.0016,1000.0,0.0
4.0,11.0,0.0016,0.0016,0.0016,0.0016,0.0,0.0
4.0,10.0,0.0016,0.0016,0.0016,0.0016,0.0,0.0
4.0,9.0,0.0016,0.0016,0.0016,0.0016,0.0,0.0
4.0,6.0,0.0016,0.0016,0.0016,0.0016,0.0,0.0
4.0,5.0,0.0016,0.0016,0.0016,0.0016,1000.0,0.0
4.0,4.0,0.0016,0.0016,0.0016,0.0016,0.0,0.0
4.0,3.0,0.0016,0.0016,0.0016,0.0016,2000.0,0.0
4.0,2.0,0.0016,0.0016,0.0016,0.0016,0.0,0.0
3.0,30.0,0.0016,0.0016,0.0016,0.0016,0.0,0.0
3.0,29.0,0.0016,0.0016,0.0016,0.0016,100.0,0.0
3.0,28.0,0.0016,0.0016,0.0016,0.0016,1000.0,0.0
3.0,27.0,0.0016,0.0016,0.0016,0.0016,0.0,0.0
3.0,26.0,0.0016,0.0016,0.0016,0.0016,0.0,0.0
3.0,23.0,0.0016,0.0016,0.0016,0.0016,0.0,0.0
3.0,22.0,0.0016,0.0016,0.0016,0.0016,3500.0,0.0
3.0,21.0,0.0016,0.0016,0.0016,0.0016,500.0,0.0
3.0,20.0,0.0016,0.0016,0.0016,0.0016,0.0,0.0
3.0,19.0,0.0016,0.0016,0.0016,0.0016,0.0,0.0
3.0,16.0,0.0016,0.0016,0.0016,0.0016,0.0,0.0
3.0,15.0,0.0016,0.0016,0.0016,0.0016,1000.0,0.0
3.0,14.0,0.0016,0.0016,0.0016,0.0016,100.0,0.0
3.0,13.0,0.0016,0.0016,0.0016,0.0016,7000.0,0.0
3.0,12.0,0.0016,0.0016,0.0016,0.0016,0.0,0.0
3.0,9.0,0.0016,0.0016,0.0016,0.0016,0.0,0.0
3.0,8.0,0.0016,0.0016,0.0016,0.0016,0.0,0.0
3.0,7.0,0.0016,0.0016,0.0016,0.0016,1000.0,0.0
3.0,6.0,0.0016,0.0016,0.0016,0.0016,0.0,0.0
3.0,5.0,0.0016,0.0016,0.0016,0.0016,0.0,0.0
3.0,2.0,0.0016,0.0016,0.0016,0.0016,0.0,0.0
3.0,1.0,0.0016,0.0016,0.0016,0.0016,0.0,0.0
2.0,29.0,0.0016,0.0016,0.0016,0.0016,0.0,0.0
2.0,28.0,0.0016,0.0016,0.0016,0.0016,17200.0,0.0
2.0,27.0,0.0016,0.0016,0.0016,0.0016,2000.0,0.0
2.0,24.0,0.0016,0.0016,0.0016,0.0016,0.0,0.0
2.0,23.0,0.0016,0.0016,0.0016,0.0016,0.0,0.0
2.0,22.0,0.0016,0.0016,0.0016,0.0016,0.0,0.0
2.0,21.0,0.0016,0.0016,0.0016,0.0016,0.0,0.0
2.0,20.0,0.0016,0.0016,0.0016,0.0016,0.0,0.0
2.0,17.0,0.0016,0.0016,0.0016,0.0016,60000.0,0.0
2.0,16.0,0.0016,0.0016,0.0016,0.0016,5000.0,0.0
2.0,15.0,0.0016,0.0016,0.0016,0.0016,0.0,0.0
2.0,14.0,0.0016,0.0016,0.0016,0.0016,0.0,0.0
2.0,13.0,0.0016,0.0016,0.0016,0.0016,1000.0,0.0
2.0,10.0,0.0016,0.0016,0.0016,0.0016,10800.0,0.0
2.0,9.0,0.0016,0.0016,0.0016,0.0016,0.0,0.0
2.0,8.0,0.0016,0.0016,0.0016,0.0016,200.0,0.0
2.0,7.0,0.0016,0.0016,0.0016,0.0016,0.0,0.0
2.0,6.0,0.0016,0.0016,0.0016,0.0016,0.0,0.0
2.0,3.0,0.0016,0.0016,0.0016,0.0016,0.0,0.0
2.0,2.0,0.0016,0.0016,0.0016,0.0016,0.0,0.0
2.0,1.0,0.0016,0.0016,0.0016,0.0016,200.0,0.0
1.0,31.0,0.0016,0.0016,0.0016,0.0016,0.0,0.0
1.0,30.0,0.0016,0.0016,0.0016,0.0016,1100.0,0.0
1.0,27.0,0.0016,0.0016,0.0016,0.0016,0.0,0.0
1.0,26.0,0.0016,0.0016,0.0016,0.0016,0.0,0.0
1.0,25.0,0.0016,0.0016,0.0016,0.0016,0.0,0.0
1.0,24.0,0.0016,0.0016,0.0016,0.0016,100.0,0.0
1.0,23.0,0.0016,0.0016,0.0016,0.0016,900.0,0.0
1.0,20.0,0.0016,0.0016,0.0016,0.0016,0.0,0.0
1.0,19.0,0.0016,0.0016,0.0016,0.0016,0.0,0.0
1.0,18.0,0.0016,0.0016,0.0016,0.0016,200.0,0.0
1.0,17.0,0.0016,0.0016,0.0016,0.0016,0.0,0.0
1.0,16.0,0.0016,0.0016,0.0016,0.0016,0.0,0.0
1.0,13.0,0.0016,0.0016,0.0016,0.0016,1100.0,0.0
1.0,12.0,0.0016,0.0016,0.0016,0.0016,0.0,0.0
1.0,11.0,0.0016,0.0016,0.0016,0.0016,0.0,0.0
1.0,10.0,0.0016,0.0016,0.0016,0.0016,0.0,0.0
1.0,9.0,0.0016,0.0016,0.0016,0.0016,3100.0,0.0
1.0,6.0,0.0016,0.0016,0.0016,0.0016,300.0,0.0
1.0,5.0,0.0016,0.0016,0.0016,0.0016,0.0,0.0
1.0,4.0,0.0016,0.0016,0.0016,0.0016,0.0,0.0
1.0,3.0,0.0016,0.0016,0.0016,0.0016,100.0,0.0
1.0,2.0,0.0016,0.0016,0.0016,0.0016,0.0,0.0
12.0,30.0,0.0016,0.0016,0.0016,0.0016,100.0,0.0
12.0,29.0,0.0016,0.0016,0.0016,0.0016,100.0,0.0
12.0,28.0,0.0016,0.0016,0.0016,0.0016,0.0,0.0
12.0,27.0,0.0015,0.0016,0.0015,0.0016,9100.0,1.0000000000000005E-4
12.0,26.0,0.0016,0.0016,0.0016,0.0016,0.0,0.0
12.0,23.0,0.0016,0.0016,0.0016,0.0016,0.0,0.0
12.0,22.0,0.0016,0.0016,0.0016,0.0016,10300.0,0.0
12.0,21.0,0.0016,0.0016,0.0016,0.0016,6200.0,0.0
12.0,20.0,0.0015,0.0016,0.0015,0.0016,6200.0,1.0000000000000005E-4
12.0,19.0,0.0033,0.0033,0.0013,0.0013,10000.0,-0.002
12.0,16.0,0.0033,0.0033,0.0033,0.0033,1000.0,0.0
12.0,15.0,0.0033,0.0033,0.0033,0.0033,10600.0,0.0
12.0,14.0,0.0033,0.0033,0.0033,0.0033,1000.0,0.0
12.0,13.0,0.0033,0.0033,0.0033,0.0033,1500.0,0.0
12.0,12.0,0.0033,0.0033,0.0033,0.0033,0.0,0.0
12.0,9.0,0.0033,0.0033,0.0033,0.0033,3000.0,0.0
12.0,8.0,0.0033,0.0033,0.0033,0.0033,0.0,0.0
12.0,7.0,0.0033,0.0033,0.0033,0.0033,1000.0,0.0
12.0,6.0,0.0033,0.0033,0.0033,0.0033,2000.0,0.0
12.0,5.0,0.0033,0.005,0.0033,0.005,14900.0,0.0017000000000000001
12.0,2.0,0.0033,0.0033,0.0033,0.0033,0.0,0.0
12.0,1.0,0.0033,0.0033,0.0033,0.0033,0.0,0.0
11.0,30.0,0.0033,0.0033,0.0033,0.0033,1000.0,0.0
11.0,29.0,0.0033,0.0033,0.0033,0.0033,0.0,0.0
11.0,28.0,0.0033,0.0033,0.0033,0.0033,4600.0,0.0
11.0,25.0,0.0033,0.0033,0.0033,0.0033,0.0,0.0
11.0,24.0,0.0033,0.0033,0.0033,0.0033,0.0,0.0
11.0,23.0,0.0033,0.0033,0.0033,0.0033,0.0,0.0
11.0,22.0,0.0033,0.0033,0.0033,0.0033,0.0,0.0
11.0,21.0,0.0033,0.0033,0.0033,0.0033,0.0,0.0
11.0,18.0,0.0033,0.0033,0.0033,0.0033,0.0,0.0
11.0,17.0,0.0033,0.0033,0.0033,0.0033,0.0,0.0
11.0,15.0,0.0033,0.0033,0.0033,0.0033,20000.0,0.0
11.0,14.0,0.0033,0.0033,0.0033,0.0033,15300.0,0.0
11.0,8.0,0.0033,0.0033,0.0033,0.0033,7500.0,0.0
11.0,7.0,0.0033,0.0033,0.0033,0.0033,500.0,0.0
11.0,1.0,0.0033,0.0033,0.0033,0.0033,100.0,0.0
10.0,31.0,0.0033,0.0033,0.0033,0.0033,6400.0,0.0
10.0,27.0,0.0033,0.0033,0.0033,0.0033,600.0,0.0
10.0,24.0,0.0032,0.0032,0.0032,0.0032,3000.0,0.0
10.0,19.0,0.0032,0.0032,0.0032,0.0032,21500.0,0.0
10.0,14.0,0.0032,0.0032,0.0032,0.0032,1000.0,0.0
10.0,13.0,0.0032,0.0032,0.0032,0.0032,1000.0,0.0
10.0,11.0,0.0032,0.0032,0.0032,0.0032,200.0,0.0
10.0,6.0,0.0032,0.0032,0.0032,0.0032,1300.0,0.0
10.0,4.0,0.0032,0.0032,0.0032,0.0032,3800.0,0.0
9.0,30.0,0.0032,0.0032,0.0032,0.0032,100.0,0.0
9.0,29.0,0.0032,0.0032,0.0032,0.0032,2000.0,0.0
9.0,28.0,0.0032,0.0032,0.0032,0.0032,6000.0,0.0
9.0,27.0,0.0032,0.0032,0.0032,0.0032,3100.0,0.0
9.0,21.0,0.0032,0.0032,0.0032,0.0032,5000.0,0.0
9.0,19.0,0.0031,0.0031,0.0031,0.0031,17000.0,0.0
9.0,16.0,0.0031,0.005,0.0031,0.005,3000.0,0.0019000000000000002
8.0,25.0,0.003,0.003,0.003,0.003,400.0,0.0
8.0,24.0,0.003,0.003,0.003,0.003,3000.0,0.0
8.0,23.0,0.003,0.003,0.003,0.003,300.0,0.0
8.0,22.0,0.003,0.003,0.003,0.003,10000.0,0.0
8.0,19.0,0.003,0.003,0.003,0.003,200.0,0.0
8.0,17.0,0.003,0.003,0.003,0.003,200.0,0.0
8.0,15.0,0.003,0.003,0.003,0.003,4900.0,0.0
8.0,9.0,0.003,0.003,0.003,0.003,4000.0,0.0
7.0,21.0,0.003,0.003,0.003,0.003,1400.0,0.0
6.0,30.0,0.0026,0.0026,0.0026,0.0026,1800.0,0.0
6.0,29.0,0.0026,0.0026,0.0026,0.0026,500.0,0.0
6.0,24.0,0.0026,0.0026,0.0026,0.0026,5000.0,0.0
6.0,23.0,0.0026,0.0026,0.0026,0.0026,1000.0,0.0
6.0,22.0,0.0026,0.0026,0.0026,0.0026,9100.0,0.0
6.0,16.0,0.0026,0.0026,0.0026,0.0026,400.0,0.0
6.0,15.0,0.0026,0.0026,0.0026,0.0026,100.0,0.0
6.0,14.0,0.0026,0.0026,0.0026,0.0026,800.0,0.0
6.0,9.0,0.0026,0.0026,0.0026,0.0026,1000.0,0.0
6.0,8.0,0.0026,0.0026,0.0026,0.0026,200.0,0.0
6.0,7.0,0.0026,0.0026,0.0026,0.0026,600.0,0.0
6.0,3.0,0.0026,0.0026,0.0026,0.0026,400.0,0.0
5.0,31.0,0.003,0.003,0.003,0.003,5000.0,0.0
5.0,12.0,0.003,0.003,0.003,0.003,100.0,0.0
5.0,9.0,0.003,0.003,0.003,0.003,4300.0,0.0
5.0,6.0,0.003,0.003,0.003,0.003,100.0,0.0
5.0,3.0,0.003,0.003,0.003,0.003,7000.0,0.0
4.0,29.0,0.003,0.003,0.003,0.003,500.0,0.0
4.0,21.0,0.003,0.003,0.003,0.003,1000.0,0.0
4.0,13.0,0.0026,0.0026,0.0026,0.0026,2200.0,0.0
4.0,12.0,0.0026,0.0026,0.0026,0.0026,4000.0,0.0
4.0,8.0,0.0026,0.0026,0.0026,0.0026,4000.0,0.0
4.0,7.0,0.0026,0.0026,0.0026,0.0026,2700.0,0.0
4.0,5.0,0.0026,0.0026,0.0026,0.0026,100.0,0.0
3.0,22.0,0.0025,0.0025,0.0025,0.0025,3000.0,0.0
3.0,7.0,0.0025,0.0025,0.0025,0.0025,2200.0,0.0
3.0,3.0,0.0025,0.0025,0.0025,0.0025,10000.0,0.0
2.0,28.0,0.0025,0.0025,0.0025,0.0025,12700.0,0.0
2.0,25.0,0.0025,0.0025,0.0025,0.0025,2500.0,0.0
2.0,22.0,0.0025,0.0025,0.0025,0.0025,100.0,0.0
2.0,17.0,0.0023,0.0023,0.0023,0.0023,100.0,0.0
2.0,16.0,0.0025,0.0025,0.0025,0.0025,200.0,0.0
2.0,11.0,0.002,0.002,0.002,0.002,1000.0,0.0
2.0,10.0,0.0035,0.0035,0.0035,0.0035,1000.0,0.0
2.0,8.0,0.0041,0.005,0.0041,0.005,43900.0,8.999999999999998E-4
2.0,7.0,0.0032,0.0032,0.0032,0.0032,10000.0,0.0
2.0,3.0,0.0032,0.0032,0.0032,0.0032,10200.0,0.0
2.0,2.0,0.0032,0.0032,0.0032,0.0032,100.0,0.0
1.0,31.0,0.0035,0.0035,0.0035,0.0035,1200.0,0.0
1.0,28.0,0.0036,0.0036,0.0036,0.0036,55400.0,0.0
1.0,27.0,0.0032,0.0032,0.0032,0.0032,500.0,0.0
1.0,24.0,0.0032,0.0032,0.0032,0.0032,1500.0,0.0
1.0,18.0,0.0032,0.0032,0.0032,0.0032,5100.0,0.0
1.0,12.0,0.0038,0.0038,0.0038,0.0038,100.0,0.0
1.0,10.0,0.0033,0.0033,0.0033,0.0033,2000.0,0.0
1.0,6.0,0.005,0.005,0.0033,0.0033,75100.0,-0.0017000000000000001
1.0,3.0,0.0045,0.0045,0.0045,0.0045,1000.0,0.0
12.0,31.0,0.0045,0.0045,0.0045,0.0045,3400.0,0.0
12.0,30.0,0.0045,0.0045,0.0045,0.0045,12100.0,0.0
12.0,29.0,0.0045,0.0045,0.0045,0.0045,5600.0,0.0
12.0,28.0,0.0045,0.0045,0.0045,0.0045,6700.0,0.0
12.0,27.0,0.0045,0.0045,0.0045,0.0045,7000.0,0.0
12.0,23.0,0.0045,0.0045,0.0045,0.0045,200.0,0.0
12.0,21.0,0.0045,0.0045,0.0045,0.0045,1300.0,0.0
12.0,20.0,0.004,0.0045,0.004,0.0045,19900.0,4.999999999999996E-4
12.0,17.0,0.004,0.004,0.004,0.004,800.0,0.0
12.0,16.0,0.004,0.004,0.004,0.004,1000.0,0.0
12.0,15.0,0.004,0.004,0.004,0.004,21700.0,0.0
12.0,13.0,0.007,0.007,0.004,0.004,20500.0,-0.003
12.0,10.0,0.008,0.008,0.008,0.008,5900.0,0.0
12.0,9.0,0.008,0.008,0.008,0.008,1000.0,0.0
12.0,3.0,0.01,0.01,0.01,0.01,5000.0,0.0
12.0,2.0,0.01,0.013,0.001,0.01,48200.0,0.0
12.0,1.0,0.01,0.01,0.01,0.01,7700.0,0.0
11.0,30.0,0.01,0.01,0.01,0.01,3500.0,0.0
11.0,29.0,0.013,0.013,0.01,0.01,4000.0,-0.002999999999999999
11.0,26.0,0.01,0.01,0.01,0.01,800.0,0.0
11.0,23.0,0.01,0.01,0.01,0.01,500.0,0.0
11.0,22.0,0.01,0.01,0.01,0.01,7000.0,0.0
11.0,19.0,0.013,0.013,0.013,0.013,5000.0,0.0
11.0,18.0,0.013,0.013,0.013,0.013,1000.0,0.0
11.0,16.0,0.013,0.013,0.013,0.013,200.0,0.0
11.0,15.0,0.013,0.013,0.013,0.013,1000.0,0.0
11.0,9.0,0.013,0.013,0.013,0.013,100.0,0.0
11.0,8.0,0.013,0.013,0.013,0.013,1000.0,0.0
11.0,4.0,0.015,0.015,0.013,0.013,4000.0,-0.002
10.0,29.0,0.015,0.015,0.015,0.015,3500.0,0.0
10.0,28.0,0.015,0.015,0.015,0.015,5000.0,0.0
10.0,27.0,0.015,0.015,0.015,0.015,100.0,0.0
10.0,26.0,0.015,0.015,0.015,0.015,1200.0,0.0
10.0,25.0,0.015,0.015,0.015,0.015,1000.0,0.0
10.0,21.0,0.013,0.013,0.013,0.013,400.0,0.0
10.0,20.0,0.015,0.017,0.015,0.017,3000.0,0.0020000000000000018
10.0,19.0,0.015,0.015,0.015,0.015,3400.0,0.0
10.0,18.0,0.015,0.015,0.01,0.01,3000.0,-0.004999999999999999
10.0,14.0,0.015,0.015,0.015,0.015,2000.0,0.0
10.0,13.0,0.015,0.015,0.015,0.015,400.0,0.0
10.0,12.0,0.015,0.015,0.015,0.015,4200.0,0.0
10.0,8.0,0.015,0.015,0.015,0.015,2500.0,0.0
10.0,6.0,0.015,0.015,0.015,0.015,500.0,0.0
10.0,5.0,0.015,0.015,0.015,0.015,200.0,0.0
10.0,4.0,0.015,0.015,0.015,0.015,1000.0,0.0
9.0,30.0,0.015,0.015,0.015,0.015,2300.0,0.0
9.0,29.0,0.015,0.015,0.015,0.015,5000.0,0.0
9.0,28.0,0.015,0.015,0.015,0.015,1300.0,0.0
9.0,27.0,0.015,0.015,0.015,0.015,2000.0,0.0
9.0,24.0,0.01,0.01,0.01,0.01,2000.0,0.0
9.0,22.0,0.0105,0.0105,0.0105,0.0105,5000.0,0.0
9.0,16.0,0.01,0.01,0.01,0.01,2000.0,0.0
9.0,10.0,0.015,0.015,0.015,0.015,3000.0,0.0
9.0,9.0,0.015,0.015,0.015,0.015,5000.0,0.0
9.0,8.0,0.015,0.015,0.015,0.015,2000.0,0.0
9.0,7.0,0.021,0.021,0.015,0.015,8500.0,-0.006000000000000002
9.0,3.0,0.021,0.021,0.015,0.015,100.0,-0.006000000000000002
9.0,2.0,0.015,0.015,0.015,0.015,3500.0,0.0
8.0,24.0,0.015,0.015,0.015,0.015,6100.0,0.0
8.0,20.0,0.015,0.015,0.015,0.015,10000.0,0.0
8.0,17.0,0.015,0.015,0.015,0.015,2000.0,0.0
8.0,9.0,0.015,0.015,0.015,0.015,1000.0,0.0
8.0,6.0,0.015,0.015,0.015,0.015,200.0,0.0
8.0,5.0,0.015,0.015,0.015,0.015,3500.0,0.0
8.0,4.0,0.015,0.015,0.015,0.015,2000.0,0.0
8.0,2.0,0.015,0.015,0.015,0.015,1000.0,0.0
7.0,30.0,0.015,0.015,0.015,0.015,400.0,0.0
7.0,29.0,0.015,0.015,0.015,0.015,100.0,0.0
7.0,28.0,0.015,0.015,0.015,0.015,20700.0,0.0
7.0,27.0,0.015,0.015,0.015,0.015,1500.0,0.0
7.0,26.0,0.015,0.015,0.015,0.015,1000.0,0.0
