9.0,25.0,0.0575,0.0575,0.05,0.051,2577400.0,-0.006500000000000006
9.0,24.0,0.058,0.058,0.0538,0.056,2179500.0,-0.0020000000000000018
9.0,23.0,0.06,0.062,0.053,0.055,2573200.0,-0.0049999999999999975
9.0,22.0,0.0599,0.0599,0.053,0.059,1462600.0,-9.00000000000005E-4
9.0,21.0,0.0549,0.0553,0.053,0.0553,2037400.0,4.000000000000045E-4
9.0,18.0,0.053,0.058,0.053,0.055,1326400.0,0.0020000000000000018
9.0,17.0,0.06,0.06,0.053,0.0535,996400.0,-0.006499999999999999
9.0,16.0,0.063,0.0631,0.052,0.054,2708900.0,-0.009000000000000001
9.0,15.0,0.055,0.0579,0.055,0.0579,1570600.0,0.0029
9.0,14.0,0.055,0.064,0.055,0.055,1308200.0,0.0
9.0,11.0,0.054,0.06,0.05,0.057,2676400.0,0.0030000000000000027
9.0,10.0,0.059,0.063,0.051,0.054,2954300.0,-0.0049999999999999975
9.0,9.0,0.066,0.068,0.06,0.06,1859800.0,-0.006000000000000005
9.0,8.0,0.0745,0.0779,0.065,0.066,2041500.0,-0.008499999999999994
9.0,4.0,0.079,0.079,0.07,0.073,1314600.0,-0.006000000000000005
9.0,3.0,0.07,0.078,0.07,0.077,1553300.0,0.006999999999999992
9.0,2.0,0.073,0.0789,0.072,0.072,1681600.0,-0.0010000000000000009
9.0,1.0,0.082,0.082,0.072,0.076,2722700.0,-0.006000000000000005
8.0,31.0,0.08,0.08,0.08,0.08,1760400.0,0.0
8.0,28.0,0.086,0.086,0.065,0.079,1903600.0,-0.006999999999999992
8.0,27.0,0.0745,0.083,0.07,0.08,2240600.0,0.005500000000000005
8.0,26.0,0.07,0.079,0.065,0.077,1662900.0,0.006999999999999992
8.0,25.0,0.08,0.08,0.065,0.0677,1499400.0,-0.012300000000000005
8.0,24.0,0.0815,0.083,0.065,0.073,3184000.0,-0.008500000000000008
8.0,21.0,0.065,0.096,0.065,0.0842,1791600.0,0.019199999999999995
8.0,20.0,0.05,0.095,0.05,0.0925,1851200.0,0.042499999999999996
8.0,19.0,0.065,0.081,0.065,0.081,1595900.0,0.016
8.0,18.0,0.0745,0.079,0.06,0.07,4026000.0,-0.00449999999999999
8.0,17.0,0.107,0.11,0.051,0.0795,4202700.0,-0.027499999999999997
8.0,14.0,0.117,0.124,0.102,0.106,2588400.0,-0.01100000000000001
8.0,13.0,0.147,0.16,0.107,0.13,3335000.0,-0.016999999999999987
8.0,12.0,0.19,0.19,0.142,0.147,1551700.0,-0.04300000000000001
8.0,11.0,0.2,0.2,0.167,0.175,522000.0,-0.025000000000000022
8.0,10.0,0.2,0.2,0.15,0.165,380500.0,-0.035
8.0,7.0,0.142,0.18,0.142,0.17,917500.0,0.028000000000000025
8.0,6.0,0.205,0.205,0.141,0.142,421100.0,-0.063
8.0,5.0,0.201,0.209,0.19,0.19,1610600.0,-0.01100000000000001
8.0,4.0,0.17,0.2,0.17,0.2,979600.0,0.03
8.0,3.0,0.147,0.172,0.145,0.16,767100.0,0.013000000000000012
7.0,31.0,0.13,0.13,0.13,0.13,0.0,0.0
7.0,30.0,0.0148,0.015,0.0125,0.013,2609700.0,-0.0018000000000000013
7.0,29.0,0.015,0.016,0.0146,0.015,854500.0,0.0
7.0,28.0,0.0155,0.016,0.0148,0.0156,1033300.0,9.99999999999994E-5
7.0,27.0,0.0164,0.0179,0.015,0.0155,1030600.0,-9.000000000000015E-4
7.0,24.0,0.0165,0.018,0.015,0.0163,1108900.0,-2.0000000000000226E-4
7.0,23.0,0.0155,0.0178,0.0155,0.0165,1939900.0,0.0010000000000000009
7.0,22.0,0.0164,0.0172,0.0146,0.0156,1765200.0,-8.000000000000021E-4
7.0,21.0,0.0202,0.0205,0.0161,0.0165,3587200.0,-0.0036999999999999984
7.0,20.0,0.0155,0.0225,0.015,0.0204,7766800.0,0.004900000000000002
7.0,17.0,0.0123,0.016,0.0122,0.015,3123300.0,0.0026999999999999993
7.0,16.0,0.0124,0.0125,0.012,0.0122,1247400.0,-1.999999999999988E-4
7.0,15.0,0.0117,0.0123,0.0114,0.0123,4187500.0,5.999999999999998E-4
7.0,14.0,0.0118,0.0122,0.0112,0.0114,1281200.0,-3.999999999999993E-4
7.0,13.0,0.0115,0.0118,0.0112,0.0118,858600.0,2.999999999999999E-4
7.0,10.0,0.0119,0.012,0.0112,0.0117,1148900.0,-2.0000000000000052E-4
7.0,9.0,0.0126,0.013,0.0112,0.0112,2260300.0,-0.0014000000000000002
7.0,8.0,0.0119,0.0126,0.0112,0.0123,2098600.0,3.999999999999993E-4
7.0,7.0,0.0124,0.0126,0.0109,0.0111,3075900.0,-0.001299999999999999
7.0,6.0,0.0117,0.0129,0.0115,0.0124,1726900.0,6.999999999999992E-4
7.0,2.0,0.011,0.0119,0.0108,0.0117,1261600.0,7.00000000000001E-4
7.0,1.0,0.0113,0.0119,0.011,0.0116,1267200.0,2.999999999999999E-4
6.0,30.0,0.0112,0.0115,0.0108,0.0111,928000.0,-9.99999999999994E-5
6.0,29.0,0.012,0.0124,0.011,0.0114,1214300.0,-5.999999999999998E-4
6.0,26.0,0.0128,0.0129,0.0115,0.0115,1434900.0,-0.0013000000000000008
6.0,25.0,0.0134,0.0137,0.0121,0.0125,1159100.0,-8.999999999999998E-4
6.0,24.0,0.0127,0.014,0.01,0.0131,1156500.0,4.0000000000000105E-4
6.0,23.0,0.014,0.0145,0.0139,0.014,1075500.0,0.0
6.0,22.0,0.0145,0.015,0.014,0.014,1017300.0,-5.000000000000004E-4
6.0,19.0,0.0147,0.0155,0.014,0.014,876900.0,-6.999999999999992E-4
6.0,18.0,0.0145,0.0149,0.0141,0.0147,578300.0,1.999999999999988E-4
6.0,17.0,0.0151,0.0155,0.0141,0.0141,1195100.0,-0.0010000000000000009
6.0,16.0,0.015,0.0157,0.015,0.0152,605500.0,2.0000000000000052E-4
6.0,15.0,0.0156,0.016,0.015,0.0156,1165700.0,0.0
6.0,12.0,0.0159,0.0162,0.0151,0.0157,1203200.0,-2.0000000000000226E-4
6.0,11.0,0.017,0.017,0.0155,0.016,777200.0,-0.0010000000000000009
6.0,10.0,0.0169,0.017,0.016,0.0161,1811800.0,-7.999999999999986E-4
6.0,9.0,0.017,0.0174,0.016,0.0162,729200.0,-8.000000000000021E-4
6.0,8.0,0.0173,0.0181,0.0168,0.0175,1323100.0,2.0000000000000226E-4
6.0,5.0,0.0175,0.018,0.0168,0.0175,1095300.0,0.0
6.0,4.0,0.0177,0.0179,0.017,0.0173,509300.0,-4.0000000000000105E-4
6.0,3.0,0.0182,0.0185,0.0171,0.0176,602000.0,-5.999999999999998E-4
6.0,2.0,0.0182,0.0184,0.0175,0.0181,846700.0,-9.99999999999994E-5
6.0,1.0,0.0177,0.0189,0.017,0.0181,1165300.0,4.0000000000000105E-4
5.0,29.0,0.0185,0.0185,0.018,0.0182,622500.0,-2.999999999999982E-4
5.0,28.0,0.0185,0.0192,0.018,0.0185,776800.0,0.0
5.0,27.0,0.0189,0.0193,0.0183,0.0184,1039300.0,-5.000000000000004E-4
5.0,26.0,0.0196,0.02,0.0188,0.0189,907600.0,-6.999999999999992E-4
5.0,22.0,0.0197,0.0203,0.0188,0.0194,1236300.0,-2.999999999999982E-4
5.0,21.0,0.0198,0.02,0.0195,0.0198,601100.0,0.0
5.0,20.0,0.0229,0.0229,0.0195,0.02,769700.0,-0.0029
5.0,19.0,0.0229,0.0232,0.0195,0.0202,824100.0,-0.002700000000000001
5.0,18.0,0.0192,0.0239,0.019,0.0225,3309400.0,0.003300000000000001
5.0,15.0,0.0194,0.0195,0.0188,0.019,397800.0,-4.0000000000000105E-4
5.0,14.0,0.0194,0.0198,0.0186,0.019,359400.0,-4.0000000000000105E-4
5.0,13.0,0.019,0.0198,0.0184,0.0195,401100.0,5.000000000000004E-4
5.0,12.0,0.02,0.02,0.0188,0.0195,364800.0,-5.000000000000004E-4
5.0,11.0,0.0198,0.0198,0.0187,0.0195,815000.0,-3.0000000000000165E-4
5.0,8.0,0.0195,0.02,0.0189,0.0196,515500.0,9.99999999999994E-5
5.0,7.0,0.0192,0.02,0.0188,0.0195,268200.0,3.0000000000000165E-4
5.0,6.0,0.0192,0.02,0.019,0.0195,350500.0,3.0000000000000165E-4
5.0,5.0,0.0194,0.0197,0.0191,0.0194,910600.0,0.0
5.0,4.0,0.0198,0.02,0.0193,0.0199,750500.0,9.99999999999994E-5
5.0,1.0,0.0206,0.0212,0.0199,0.02,483900.0,-5.999999999999998E-4
4.0,30.0,0.021,0.0222,0.0195,0.021,674200.0,0.0
4.0,29.0,0.0196,0.0225,0.0194,0.0209,658600.0,0.001299999999999999
4.0,28.0,0.02,0.0225,0.019,0.0194,606400.0,-5.999999999999998E-4
4.0,27.0,0.0225,0.0241,0.02,0.021,1486400.0,-0.0014999999999999979
4.0,24.0,0.019,0.024,0.0185,0.0224,3022100.0,0.0034000000000000002
4.0,23.0,0.0177,0.019,0.0175,0.0186,1813700.0,8.99999999999998E-4
4.0,22.0,0.017,0.0185,0.017,0.0175,1380200.0,5.000000000000004E-4
4.0,21.0,0.0178,0.019,0.0166,0.017,2118500.0,-7.999999999999986E-4
4.0,20.0,0.0198,0.02,0.0186,0.019,1486900.0,-8.000000000000021E-4
4.0,17.0,0.0199,0.02,0.019,0.0195,1745900.0,-4.0000000000000105E-4
4.0,16.0,0.0216,0.0219,0.019,0.0197,3182600.0,-0.0019000000000000024
4.0,15.0,0.0227,0.023,0.021,0.0214,1217100.0,-0.0013000000000000025
4.0,14.0,0.0226,0.024,0.0219,0.0225,1079800.0,-9.99999999999994E-5
4.0,13.0,0.0235,0.024,0.0222,0.0223,846600.0,-0.0011999999999999997
4.0,10.0,0.0221,0.0234,0.0219,0.023,1317800.0,8.99999999999998E-4
4.0,9.0,0.0234,0.0238,0.0222,0.0232,979800.0,-2.0000000000000226E-4
4.0,8.0,0.0235,0.0249,0.0229,0.0238,921300.0,3.0000000000000165E-4
4.0,7.0,0.0249,0.0258,0.0231,0.0235,1045200.0,-0.0013999999999999985
4.0,6.0,0.0234,0.026,0.023,0.0245,1632600.0,0.0011000000000000003
4.0,2.0,0.0244,0.0249,0.0231,0.024,2066400.0,-4.0000000000000105E-4
4.0,1.0,0.0254,0.0268,0.024,0.0247,728300.0,-6.999999999999992E-4
3.0,31.0,0.0255,0.0269,0.0242,0.0254,2200200.0,-9.99999999999994E-5
3.0,30.0,0.025,0.028,0.0245,0.025,2969600.0,0.0
3.0,27.0,0.0268,0.0275,0.0253,0.0259,974400.0,-9.000000000000015E-4
3.0,26.0,0.028,0.029,0.026,0.027,1288800.0,-0.0010000000000000009
3.0,25.0,0.0269,0.0285,0.025,0.0284,1794900.0,0.0015000000000000013
3.0,24.0,0.0272,0.028,0.0264,0.0266,921500.0,-5.999999999999998E-4
3.0,23.0,0.0285,0.029,0.0256,0.0266,794500.0,-0.0019000000000000024
3.0,20.0,0.0288,0.029,0.0275,0.0284,621100.0,-3.999999999999976E-4
3.0,19.0,0.029,0.03,0.0278,0.0285,589000.0,-5.000000000000004E-4
3.0,18.0,0.0262,0.029,0.0256,0.0283,867900.0,0.0020999999999999977
3.0,17.0,0.0266,0.0266,0.025,0.0265,1460400.0,-9.99999999999994E-5
3.0,16.0,0.0299,0.0299,0.026,0.0265,2587900.0,-0.0034000000000000002
3.0,13.0,0.03,0.03,0.028,0.029,1808000.0,-9.999999999999974E-4
3.0,12.0,0.0298,0.0305,0.029,0.0296,753500.0,-1.999999999999988E-4
3.0,11.0,0.0308,0.031,0.0298,0.0305,913100.0,-3.0000000000000165E-4
3.0,10.0,0.03,0.0314,0.0296,0.031,1842600.0,0.0010000000000000009
3.0,9.0,0.0305,0.031,0.0296,0.0296,1166000.0,-8.99999999999998E-4
3.0,6.0,0.0305,0.0309,0.0296,0.0308,520300.0,3.0000000000000165E-4
3.0,5.0,0.0305,0.031,0.0296,0.0303,641500.0,-1.999999999999988E-4
3.0,4.0,0.0301,0.032,0.0297,0.0305,578100.0,4.0000000000000105E-4
3.0,3.0,0.0305,0.032,0.03,0.0309,1225700.0,4.0000000000000105E-4
3.0,2.0,0.03,0.0345,0.03,0.0308,760000.0,8.000000000000021E-4
2.0,27.0,0.0316,0.0323,0.0307,0.0311,781400.0,-5.000000000000039E-4
2.0,26.0,0.0317,0.0323,0.0307,0.0315,556100.0,-1.999999999999988E-4
2.0,25.0,0.0308,0.0319,0.0302,0.0317,865900.0,8.99999999999998E-4
2.0,24.0,0.0311,0.0335,0.0305,0.031,1036300.0,-9.99999999999994E-5
2.0,23.0,0.034,0.0348,0.0311,0.032,1186500.0,-0.0020000000000000018
2.0,20.0,0.0304,0.034,0.0301,0.0339,966700.0,0.0034999999999999996
2.0,19.0,0.0314,0.0319,0.0301,0.0305,471600.0,-8.99999999999998E-4
2.0,18.0,0.031,0.032,0.03,0.0308,638100.0,-1.999999999999988E-4
2.0,17.0,0.0316,0.0327,0.0303,0.0315,933300.0,-1.0000000000000286E-4
2.0,13.0,0.032,0.032,0.0303,0.032,678600.0,0.0
2.0,12.0,0.0327,0.0327,0.0302,0.0315,1309700.0,-0.0011999999999999997
2.0,11.0,0.0323,0.0329,0.031,0.032,989100.0,-3.0000000000000165E-4
2.0,10.0,0.033,0.034,0.0325,0.0327,490700.0,-3.0000000000000165E-4
2.0,9.0,0.0334,0.0348,0.0325,0.0329,764300.0,-5.000000000000004E-4
2.0,6.0,0.0342,0.0343,0.033,0.0335,690100.0,-6.999999999999992E-4
2.0,5.0,0.0354,0.0358,0.034,0.034,782300.0,-0.0013999999999999985
2.0,4.0,0.0356,0.036,0.034,0.034,624400.0,-0.0015999999999999973
2.0,3.0,0.0356,0.0362,0.0345,0.0357,888500.0,1.0000000000000286E-4
2.0,2.0,0.038,0.0383,0.035,0.036,515900.0,-0.0020000000000000018
1.0,30.0,0.0371,0.0377,0.0345,0.0369,608900.0,-1.999999999999988E-4
1.0,29.0,0.0374,0.0383,0.0356,0.0365,737300.0,-9.00000000000005E-4
1.0,28.0,0.0384,0.0389,0.036,0.0366,841200.0,-0.001799999999999996
1.0,27.0,0.0394,0.05,0.037,0.037,1103400.0,-0.0023999999999999994
1.0,26.0,0.0352,0.0399,0.035,0.0394,1435700.0,0.004199999999999995
1.0,23.0,0.048,0.048,0.0327,0.036,1482200.0,-0.012000000000000004
1.0,22.0,0.032,0.0333,0.032,0.0326,682300.0,5.999999999999964E-4
1.0,21.0,0.0334,0.0342,0.0319,0.0327,824400.0,-6.999999999999992E-4
1.0,20.0,0.0339,0.035,0.0316,0.033,608200.0,-8.99999999999998E-4
1.0,16.0,0.0337,0.034,0.0315,0.033,845100.0,-6.999999999999992E-4
1.0,15.0,0.0345,0.035,0.033,0.0335,782000.0,-0.0010000000000000009
1.0,14.0,0.032,0.0339,0.031,0.0335,1183400.0,0.0015000000000000013
1.0,13.0,0.0322,0.0325,0.031,0.0318,1205800.0,-3.999999999999976E-4
1.0,12.0,0.0357,0.0366,0.0325,0.0325,857700.0,-0.0032000000000000015
1.0,9.0,0.035,0.0365,0.033,0.0335,602500.0,-0.0015000000000000013
1.0,8.0,0.0365,0.0368,0.0334,0.034,1047900.0,-0.0024999999999999953
1.0,7.0,0.0381,0.0382,0.035,0.0367,888600.0,-0.0013999999999999985
1.0,6.0,0.042,0.0425,0.035,0.0372,1905100.0,-0.004800000000000006
1.0,5.0,0.0424,0.0459,0.04,0.0418,4468900.0,-6.000000000000033E-4
1.0,2.0,0.0304,0.0419,0.0291,0.0411,4092200.0,0.010699999999999998
12.0,31.0,0.0292,0.0295,0.028,0.0285,1529000.0,-6.999999999999992E-4
12.0,30.0,0.0306,0.0308,0.029,0.0293,1968500.0,-0.001299999999999999
12.0,29.0,0.0322,0.0324,0.0302,0.0303,1082800.0,-0.001899999999999999
12.0,26.0,0.0318,0.0327,0.0315,0.0325,530300.0,6.999999999999992E-4
12.0,24.0,0.031,0.0325,0.031,0.0325,623500.0,0.0015000000000000013
12.0,23.0,0.0312,0.0319,0.0306,0.0314,621000.0,1.999999999999988E-4
12.0,22.0,0.0314,0.032,0.0307,0.031,902300.0,-3.999999999999976E-4
12.0,19.0,0.0305,0.033,0.03,0.032,951300.0,0.0015000000000000013
12.0,18.0,0.032,0.033,0.03,0.0301,870800.0,-0.0019000000000000024
12.0,17.0,0.033,0.0339,0.031,0.0312,637800.0,-0.001800000000000003
12.0,16.0,0.0344,0.0358,0.032,0.033,675400.0,-0.0013999999999999985
12.0,15.0,0.0345,0.037,0.033,0.034,685600.0,-5.000000000000004E-4
12.0,12.0,0.0342,0.0359,0.0325,0.0341,574800.0,-1.0000000000000286E-4
12.0,11.0,0.034,0.036,0.0315,0.0345,577300.0,5.000000000000004E-4
12.0,10.0,0.034,0.037,0.031,0.0328,1000100.0,-0.0011999999999999997
12.0,9.0,0.031,0.035,0.03,0.034,1015800.0,0.0030000000000000027
12.0,8.0,0.0314,0.0319,0.0302,0.0307,1058300.0,-6.999999999999958E-4
12.0,5.0,0.0315,0.032,0.03,0.0315,954800.0,0.0
12.0,4.0,0.0322,0.0329,0.0301,0.032,1015200.0,-1.999999999999988E-4
12.0,3.0,0.0322,0.0326,0.0315,0.0324,1144100.0,1.999999999999988E-4
12.0,2.0,0.0354,0.0359,0.032,0.032,1075800.0,-0.0034000000000000002
12.0,1.0,0.0372,0.038,0.035,0.0353,970700.0,-0.001899999999999999
11.0,28.0,0.0365,0.0379,0.035,0.036,429100.0,-5.000000000000004E-4
11.0,26.0,0.0375,0.04,0.036,0.0365,542600.0,-0.0010000000000000009
11.0,25.0,0.038,0.039,0.037,0.037,662000.0,-0.0010000000000000009
11.0,24.0,0.0388,0.0399,0.0378,0.038,939300.0,-8.000000000000021E-4
11.0,21.0,0.0395,0.04,0.038,0.0391,612600.0,-3.999999999999976E-4
11.0,20.0,0.0405,0.041,0.039,0.039,470100.0,-0.0015000000000000013
11.0,19.0,0.0403,0.0415,0.0395,0.0405,844000.0,1.999999999999988E-4
11.0,18.0,0.0375,0.042,0.037,0.0395,1146600.0,0.0020000000000000018
11.0,17.0,0.0381,0.0384,0.0368,0.038,812500.0,-1.0000000000000286E-4
11.0,14.0,0.0378,0.039,0.037,0.038,752500.0,1.999999999999988E-4
11.0,13.0,0.0376,0.039,0.037,0.039,1080500.0,0.0013999999999999985
11.0,12.0,0.0395,0.04,0.0381,0.0385,1004600.0,-0.0010000000000000009
11.0,11.0,0.0419,0.042,0.0382,0.0395,1735600.0,-0.0023999999999999994
11.0,10.0,0.0422,0.0445,0.041,0.041,957300.0,-0.0011999999999999997
11.0,7.0,0.0425,0.045,0.0397,0.0422,1293500.0,-3.0000000000000165E-4
11.0,6.0,0.0435,0.045,0.037,0.0415,4037900.0,-0.001999999999999995
11.0,5.0,0.0551,0.06,0.0422,0.0432,4991000.0,-0.0119
11.0,4.0,0.0601,0.062,0.049,0.055,3566300.0,-0.0051
11.0,3.0,0.0565,0.0605,0.054,0.059,5525700.0,0.0024999999999999953
10.0,31.0,0.045,0.057,0.045,0.053,5117100.0,0.008
10.0,30.0,0.0409,0.047,0.04,0.046,1813600.0,0.0051
10.0,29.0,0.0384,0.0419,0.037,0.041,1213700.0,0.002600000000000005
10.0,28.0,0.043,0.0445,0.0381,0.0389,2293200.0,-0.0040999999999999995
10.0,27.0,0.0475,0.0488,0.0411,0.042,1459100.0,-0.005499999999999998
10.0,24.0,0.0445,0.0489,0.039,0.047,2394300.0,0.0025000000000000022
10.0,23.0,0.0582,0.0625,0.0419,0.045,6976500.0,-0.013200000000000003
10.0,22.0,0.037,0.0574,0.035,0.057,8067300.0,0.020000000000000004
10.0,21.0,0.0297,0.036,0.029,0.0355,2747300.0,0.005799999999999996
10.0,20.0,0.0268,0.0309,0.0267,0.0307,2004800.0,0.0039000000000000007
10.0,17.0,0.0257,0.0267,0.025,0.0267,444800.0,0.0010000000000000009
10.0,16.0,0.024,0.0266,0.023,0.026,834800.0,0.0019999999999999983
10.0,15.0,0.0252,0.0265,0.024,0.0255,576500.0,2.999999999999982E-4
10.0,14.0,0.0262,0.0265,0.025,0.0265,608500.0,2.999999999999982E-4
10.0,13.0,0.0268,0.0276,0.0252,0.026,757000.0,-8.000000000000021E-4
10.0,10.0,0.0275,0.03,0.025,0.0276,497200.0,9.99999999999994E-5
10.0,9.0,0.0267,0.03,0.025,0.028,574500.0,0.001299999999999999
10.0,8.0,0.0262,0.0285,0.0262,0.028,1096800.0,0.0017999999999999995
10.0,7.0,0.0282,0.029,0.0275,0.0286,754800.0,4.0000000000000105E-4
10.0,6.0,0.0304,0.0305,0.0282,0.029,900400.0,-0.0013999999999999985
10.0,3.0,0.0309,0.0319,0.029,0.0303,1021600.0,-5.999999999999998E-4
10.0,2.0,0.027,0.0299,0.027,0.029,809800.0,0.0020000000000000018
10.0,1.0,0.0309,0.0319,0.0271,0.0277,1364800.0,-0.0032000000000000015
9.0,30.0,0.0335,0.034,0.029,0.0306,1395100.0,-0.0029000000000000033
9.0,29.0,0.034,0.038,0.03,0.0342,1174000.0,1.999999999999988E-4
9.0,26.0,0.0345,0.04,0.029,0.0328,2070900.0,-0.0017000000000000001
9.0,25.0,0.029,0.0347,0.026,0.033,4003600.0,0.004
9.0,24.0,0.0241,0.027,0.0235,0.027,1322400.0,0.0029
9.0,23.0,0.025,0.0265,0.024,0.0241,1090700.0,-9.000000000000015E-4
9.0,22.0,0.0275,0.028,0.0245,0.0248,1157500.0,-0.002700000000000001
9.0,19.0,0.0282,0.03,0.026,0.026,1616500.0,-0.0022000000000000006
9.0,18.0,0.0277,0.0295,0.026,0.028,560500.0,3.0000000000000165E-4
9.0,17.0,0.0274,0.031,0.025,0.028,1102400.0,5.999999999999998E-4
9.0,16.0,0.0285,0.032,0.025,0.028,971500.0,-5.000000000000004E-4
9.0,15.0,0.031,0.032,0.0285,0.0296,1006800.0,-0.0013999999999999985
9.0,12.0,0.0294,0.0328,0.029,0.0316,1469100.0,0.002200000000000004
9.0,11.0,0.0295,0.03,0.0278,0.0291,1326200.0,-3.999999999999976E-4
9.0,10.0,0.0315,0.032,0.0288,0.0288,1446700.0,-0.002700000000000001
9.0,9.0,0.0331,0.0337,0.03,0.0303,2527200.0,-0.002799999999999997
9.0,8.0,0.0352,0.0374,0.032,0.0331,1909700.0,-0.0021000000000000046
9.0,5.0,0.0378,0.0386,0.0347,0.0353,899100.0,-0.0025000000000000022
9.0,4.0,0.038,0.0385,0.0345,0.0374,1785000.0,-5.999999999999964E-4
9.0,3.0,0.0394,0.0396,0.0385,0.0388,777500.0,-5.999999999999964E-4
9.0,2.0,0.0395,0.0409,0.039,0.0393,951000.0,-1.999999999999988E-4
8.0,29.0,0.0401,0.0403,0.0391,0.04,538000.0,-9.999999999999593E-5
8.0,28.0,0.0405,0.041,0.0391,0.0403,725900.0,-1.999999999999988E-4
8.0,27.0,0.0405,0.041,0.04,0.0409,699200.0,3.999999999999976E-4
8.0,26.0,0.0397,0.042,0.0393,0.0418,713800.0,0.0020999999999999977
8.0,25.0,0.042,0.044,0.0394,0.04,489500.0,-0.0020000000000000018
8.0,22.0,0.0402,0.0408,0.0394,0.0402,723300.0,0.0
8.0,21.0,0.0412,0.0425,0.0397,0.0402,737900.0,-0.0010000000000000009
8.0,20.0,0.0415,0.042,0.0394,0.041,1414100.0,-5.000000000000004E-4
8.0,19.0,0.0415,0.0421,0.0401,0.0413,636200.0,-1.999999999999988E-4
8.0,18.0,0.0405,0.044,0.0401,0.042,616200.0,0.0015000000000000013
8.0,15.0,0.042,0.044,0.0419,0.042,783500.0,0.0
8.0,14.0,0.0437,0.0459,0.0425,0.0435,467800.0,-2.0000000000000573E-4
8.0,13.0,0.0442,0.047,0.0425,0.0445,654100.0,2.999999999999947E-4
8.0,12.0,0.048,0.049,0.0425,0.045,1081900.0,-0.0030000000000000027
8.0,11.0,0.0404,0.049,0.04,0.0477,2161200.0,0.007300000000000001
8.0,8.0,0.042,0.043,0.0387,0.0409,1840100.0,-0.0011000000000000038
8.0,7.0,0.0463,0.0464,0.0403,0.043,3195900.0,-0.0033000000000000043
8.0,6.0,0.0525,0.053,0.045,0.047,3128400.0,-0.005499999999999998
8.0,5.0,0.055,0.0569,0.053,0.053,786900.0,-0.0020000000000000018
8.0,4.0,0.0569,0.057,0.0545,0.0549,826000.0,-0.0020000000000000018
8.0,1.0,0.0569,0.0579,0.0557,0.0562,549100.0,-6.999999999999992E-4
7.0,31.0,0.0577,0.058,0.0562,0.0579,567000.0,1.999999999999988E-4
7.0,30.0,0.0574,0.059,0.0562,0.0576,486200.0,1.999999999999988E-4
7.0,29.0,0.0579,0.0599,0.056,0.0571,626400.0,-8.000000000000021E-4
7.0,28.0,0.0565,0.057,0.0552,0.057,517700.0,5.000000000000004E-4
7.0,25.0,0.0569,0.0581,0.056,0.0561,809000.0,-8.000000000000021E-4
7.0,24.0,0.0592,0.0595,0.057,0.0581,644800.0,-0.0011000000000000038
7.0,23.0,0.0575,0.0595,0.057,0.059,658900.0,0.0014999999999999944
7.0,22.0,0.0597,0.06,0.0571,0.0571,727200.0,-0.002600000000000005
7.0,21.0,0.0595,0.0602,0.057,0.0595,682300.0,0.0
7.0,18.0,0.061,0.062,0.0592,0.0602,825600.0,-8.000000000000021E-4
7.0,17.0,0.0632,0.0635,0.06,0.0615,991400.0,-0.001700000000000007
7.0,16.0,0.0632,0.0665,0.062,0.063,1170900.0,-2.0000000000000573E-4
7.0,15.0,0.0672,0.0679,0.065,0.0665,817600.0,-6.999999999999923E-4
7.0,14.0,0.0695,0.0705,0.066,0.067,1503600.0,-0.0025000000000000022
7.0,11.0,0.067,0.0719,0.065,0.068,1397500.0,0.0010000000000000009
7.0,10.0,0.0627,0.066,0.06,0.066,2008300.0,0.0032999999999999974
7.0,9.0,0.0713,0.0715,0.0626,0.063,2498700.0,-0.008300000000000002
7.0,8.0,0.074,0.0815,0.07,0.071,6809500.0,-0.0030000000000000027
7.0,7.0,0.0603,0.074,0.0595,0.0715,8273300.0,0.011199999999999995
7.0,3.0,0.0565,0.06,0.0565,0.0588,1015500.0,0.0022999999999999965
7.0,2.0,0.0584,0.06,0.0569,0.0575,909500.0,-8.99999999999998E-4
7.0,1.0,0.057,0.0584,0.056,0.058,968400.0,0.0010000000000000009
6.0,30.0,0.057,0.059,0.055,0.0581,494700.0,0.0010999999999999968
6.0,27.0,0.059,0.06,0.0576,0.0582,615300.0,-7.999999999999952E-4
6.0,26.0,0.0591,0.0595,0.0579,0.0581,333800.0,-0.0010000000000000009
6.0,25.0,0.0592,0.0595,0.0572,0.0588,426200.0,-4.000000000000045E-4
6.0,24.0,0.0595,0.061,0.0575,0.059,736800.0,-5.000000000000004E-4
6.0,23.0,0.0592,0.061,0.058,0.0597,1101700.0,5.000000000000004E-4
6.0,20.0,0.0565,0.0595,0.056,0.059,648800.0,0.0024999999999999953
6.0,19.0,0.059,0.06,0.055,0.0563,895200.0,-0.002699999999999994
6.0,18.0,0.0605,0.061,0.0577,0.059,615000.0,-0.0015000000000000013
6.0,17.0,0.0596,0.063,0.0592,0.0606,980800.0,0.0010000000000000009
6.0,16.0,0.0587,0.0605,0.0581,0.0591,516300.0,3.999999999999976E-4
6.0,13.0,0.0585,0.06,0.0564,0.059,709700.0,4.999999999999935E-4
6.0,12.0,0.0565,0.06,0.055,0.0578,1156700.0,0.0012999999999999956
6.0,11.0,0.055,0.056,0.054,0.0545,429900.0,-5.000000000000004E-4
6.0,10.0,0.056,0.057,0.053,0.056,779400.0,0.0
6.0,9.0,0.0599,0.06,0.055,0.0555,1300300.0,-0.004400000000000001
6.0,6.0,0.0583,0.0585,0.0576,0.0583,673400.0,0.0
6.0,5.0,0.061,0.062,0.0575,0.0583,981300.0,-0.002700000000000001
6.0,4.0,0.0617,0.0639,0.058,0.06,995700.0,-0.0017000000000000001
6.0,3.0,0.064,0.0659,0.0619,0.062,895900.0,-0.0020000000000000018
6.0,2.0,0.063,0.0669,0.062,0.0631,1623800.0,1.0000000000000286E-4
5.0,30.0,0.0635,0.064,0.0607,0.0639,1193300.0,3.999999999999976E-4
5.0,29.0,0.0655,0.066,0.062,0.063,908600.0,-0.0025000000000000022
5.0,28.0,0.0685,0.07,0.064,0.065,1331900.0,-0.003500000000000003
5.0,27.0,0.0675,0.07,0.064,0.0663,1315500.0,-0.0012000000000000066
5.0,23.0,0.0605,0.068,0.06,0.0635,2900600.0,0.0030000000000000027
5.0,22.0,0.061,0.065,0.057,0.06,2313200.0,-0.0010000000000000009
5.0,21.0,0.053,0.068,0.0509,0.0582,5330000.0,0.005200000000000003
5.0,20.0,0.059,0.059,0.051,0.0521,803800.0,-0.006899999999999996
5.0,19.0,0.0532,0.057,0.053,0.0545,1178500.0,0.0013000000000000025
5.0,16.0,0.0572,0.0595,0.0526,0.0532,993600.0,-0.0040000000000000036
5.0,15.0,0.0615,0.0637,0.057,0.0571,679600.0,-0.004400000000000001
5.0,14.0,0.0565,0.06,0.056,0.0582,484400.0,0.0017000000000000001
5.0,13.0,0.0599,0.06,0.0542,0.0566,630600.0,-0.0033000000000000043
5.0,12.0,0.058,0.06,0.0545,0.0572,624100.0,-8.000000000000021E-4
5.0,9.0,0.06,0.0605,0.0541,0.059,1020100.0,-0.0010000000000000009
5.0,8.0,0.069,0.07,0.0556,0.062,1714800.0,-0.007000000000000006
5.0,7.0,0.051,0.069,0.0497,0.0689,6314300.0,0.017900000000000006
5.0,6.0,0.0565,0.058,0.051,0.0525,2673200.0,-0.0040000000000000036
5.0,5.0,0.0611,0.062,0.055,0.057,1911000.0,-0.0040999999999999995
5.0,2.0,0.0622,0.063,0.06,0.062,1262300.0,-1.999999999999988E-4
5.0,1.0,0.062,0.064,0.06,0.062,1682600.0,0.0
4.0,30.0,0.07,0.07,0.06,0.065,3521200.0,-0.0050000000000000044
4.0,29.0,0.077,0.079,0.066,0.07,1937700.0,-0.006999999999999992
4.0,28.0,0.0799,0.08,0.0723,0.075,869000.0,-0.004900000000000002
4.0,25.0,0.078,0.083,0.071,0.0737,2106300.0,-0.004299999999999998
4.0,24.0,0.083,0.083,0.075,0.077,1267600.0,-0.006000000000000005
4.0,23.0,0.0857,0.086,0.08,0.083,1468400.0,-0.002699999999999994
4.0,22.0,0.0865,0.0871,0.083,0.085,908500.0,-0.0014999999999999875
4.0,21.0,0.084,0.0879,0.083,0.084,911400.0,0.0
4.0,17.0,0.0875,0.089,0.0825,0.0842,1399300.0,-0.0032999999999999974
4.0,16.0,0.0894,0.0898,0.08,0.0868,1786500.0,-0.002599999999999991
4.0,15.0,0.0855,0.0899,0.078,0.083,2581200.0,-0.0025000000000000022
4.0,14.0,0.0835,0.1,0.082,0.0823,3601600.0,-0.0012000000000000066
4.0,11.0,0.0853,0.087,0.072,0.0769,2700800.0,-0.008400000000000005
4.0,10.0,0.1037,0.104,0.08,0.0855,4359100.0,-0.018199999999999994
4.0,9.0,0.0797,0.102,0.076,0.1,6246000.0,0.020300000000000012
4.0,8.0,0.0759,0.08,0.0652,0.075,5599200.0,-8.99999999999998E-4
4.0,7.0,0.092,0.093,0.077,0.0795,3964700.0,-0.012499999999999997
4.0,4.0,0.0955,0.098,0.09,0.0925,2370700.0,-0.0030000000000000027
4.0,3.0,0.1,0.1019,0.09,0.0959,3419900.0,-0.004100000000000006
4.0,2.0,0.1,0.1025,0.1,0.101,1244600.0,0.0010000000000000009
4.0,1.0,0.104,0.105,0.1,0.102,1096200.0,-0.0020000000000000018
3.0,31.0,0.1015,0.107,0.101,0.1025,1205300.0,9.99999999999987E-4
3.0,28.0,0.105,0.108,0.1,0.101,2409400.0,-0.00399999999999999
3.0,27.0,0.1095,0.11,0.105,0.105,1137500.0,-0.004500000000000004
3.0,26.0,0.1134,0.1135,0.1076,0.1078,1395800.0,-0.005599999999999994
3.0,25.0,0.1075,0.12,0.1045,0.11,2277900.0,0.0025000000000000022
3.0,24.0,0.111,0.112,0.1032,0.1075,2362100.0,-0.003500000000000003
3.0,21.0,0.11,0.118,0.11,0.1107,3227300.0,7.000000000000062E-4
3.0,20.0,0.1179,0.121,0.1165,0.118,1253000.0,9.999999999998899E-5
3.0,19.0,0.126,0.127,0.117,0.1171,2205500.0,-0.008900000000000005
3.0,18.0,0.1258,0.13,0.1193,0.12,3425400.0,-0.0058
3.0,17.0,0.1202,0.13,0.11,0.1226,3489500.0,0.0023999999999999994
3.0,14.0,0.1204,0.1205,0.114,0.1187,1920800.0,-0.0016999999999999932
3.0,13.0,0.1225,0.1255,0.12,0.1202,2272800.0,-0.0022999999999999965
3.0,12.0,0.1338,0.136,0.12,0.1236,2926800.0,-0.0102
3.0,11.0,0.13,0.1358,0.12,0.1311,5119900.0,0.0010999999999999899
3.0,10.0,0.1095,0.1274,0.108,0.125,5046200.0,0.0155
3.0,7.0,0.1115,0.113,0.1,0.1077,7774900.0,-0.003799999999999998
3.0,6.0,0.123,0.125,0.11,0.113,8141400.0,-0.009999999999999995
3.0,5.0,0.139,0.139,0.12,0.1218,3490100.0,-0.017200000000000007
3.0,4.0,0.123,0.132,0.122,0.1265,3670700.0,0.003500000000000003
3.0,3.0,0.1355,0.136,0.121,0.1223,6140600.0,-0.013200000000000003
2.0,28.0,0.146,0.149,0.134,0.135,3507100.0,-0.010999999999999982
2.0,27.0,0.153,0.155,0.1399,0.1409,4638900.0,-0.0121
2.0,26.0,0.1445,0.151,0.135,0.1476,4324100.0,0.0031000000000000194
2.0,25.0,0.1515,0.155,0.1301,0.1415,5727300.0,-0.010000000000000009
2.0,24.0,0.132,0.159,0.13,0.1502,9354800.0,0.018199999999999994
2.0,21.0,0.1457,0.1475,0.13,0.132,7143500.0,-0.01369999999999999
2.0,20.0,0.1403,0.158,0.14,0.1453,3262700.0,0.0050000000000000044
2.0,19.0,0.1665,0.168,0.14,0.149,6566600.0,-0.017500000000000016
2.0,18.0,0.1895,0.19,0.162,0.1625,7272900.0,-0.026999999999999996
2.0,14.0,0.1741,0.182,0.16,0.173,6764800.0,-0.0011000000000000176
2.0,13.0,0.1795,0.182,0.164,0.1691,5668900.0,-0.010399999999999993
2.0,12.0,0.171,0.176,0.16,0.162,7909500.0,-0.009000000000000008
2.0,11.0,0.1315,0.1649,0.107,0.1559,1.91615E7,0.024400000000000005
2.0,10.0,0.1875,0.195,0.13,0.135,2.24574E7,-0.05249999999999999
2.0,7.0,0.2125,0.22,0.18,0.183,1.45995E7,-0.0295
2.0,6.0,0.3125,0.32,0.17,0.22,2.1147E7,-0.0925
2.0,5.0,0.2975,0.34,0.27,0.2992,1.9545E7,0.0017000000000000348
2.0,4.0,0.1915,0.288,0.19,0.261,3.15717E7,0.0695
2.0,3.0,0.1015,0.197,0.097,0.1689,3.39744E7,0.06739999999999999
1.0,31.0,0.08,0.0939,0.079,0.0921,1.19138E7,0.0121
1.0,30.0,0.0812,0.0815,0.0753,0.0781,3762300.0,-0.0030999999999999917
1.0,29.0,0.0827,0.0835,0.0685,0.075,6540800.0,-0.0076999999999999985
1.0,28.0,0.0795,0.088,0.07,0.08,1.1778E7,5.000000000000004E-4
1.0,27.0,0.0609,0.071,0.059,0.0709,1.0161E7,0.010000000000000002
1.0,24.0,0.0505,0.058,0.05,0.0569,4864800.0,0.006399999999999996
1.0,23.0,0.0479,0.06,0.0455,0.0499,5162700.0,0.0020000000000000018
1.0,22.0,0.0503,0.0505,0.045,0.047,4227900.0,-0.0032999999999999974
1.0,21.0,0.0524,0.0525,0.0451,0.0475,4691700.0,-0.004900000000000002
1.0,17.0,0.0488,0.0489,0.041,0.0444,4274500.0,-0.004400000000000001
1.0,16.0,0.0491,0.0497,0.041,0.0445,6851100.0,-0.0046
1.0,15.0,0.0578,0.058,0.045,0.05,3399300.0,-0.0077999999999999944
1.0,14.0,0.0599,0.061,0.048,0.053,5131600.0,-0.006900000000000003
1.0,13.0,0.0503,0.06,0.049,0.0594,8430700.0,0.009100000000000004
1.0,10.0,0.06,0.062,0.031,0.0405,1.16736E7,-0.019499999999999997
1.0,9.0,0.0852,0.0855,0.055,0.059,1.45172E7,-0.0262
1.0,8.0,0.0467,0.081,0.0465,0.0777,1.88376E7,0.031000000000000007
1.0,7.0,0.035,0.041,0.03,0.041,8150200.0,0.005999999999999998
1.0,6.0,0.0295,0.03,0.0267,0.029,4125100.0,-4.99999999999997E-4
1.0,3.0,0.0365,0.041,0.02,0.0255,1.14316E7,-0.011
1.0,2.0,0.0227,0.0318,0.02,0.0305,1.03939E7,0.007799999999999998
12.0,31.0,0.0155,0.02,0.0153,0.0199,4093200.0,0.004400000000000001
12.0,30.0,0.0132,0.0159,0.0132,0.0154,2150500.0,0.0022000000000000006
12.0,27.0,0.0154,0.0155,0.0137,0.014,1980000.0,-0.0014000000000000002
12.0,26.0,0.0121,0.016,0.0119,0.0148,2932000.0,0.002700000000000001
12.0,24.0,0.0115,0.012,0.011,0.012,551500.0,5.000000000000004E-4
12.0,23.0,0.0097,0.0118,0.0094,0.0118,1564500.0,0.0020999999999999994
12.0,20.0,0.01,0.02,0.009,0.0094,1908700.0,-5.999999999999998E-4
12.0,19.0,0.0101,0.0101,0.0085,0.009,2579900.0,-0.0011000000000000003
12.0,18.0,0.0105,0.0106,0.01,0.0101,817100.0,-4.0000000000000105E-4
12.0,17.0,0.0102,0.0107,0.0101,0.0102,807900.0,0.0
12.0,16.0,0.0107,0.0108,0.0102,0.0108,1184300.0,1.0000000000000113E-4
12.0,13.0,0.011,0.011,0.0105,0.0108,700400.0,-1.999999999999988E-4
12.0,12.0,0.0105,0.0109,0.0103,0.0104,793500.0,-1.0000000000000113E-4
12.0,11.0,0.011,0.0112,0.0101,0.0106,562400.0,-3.999999999999993E-4
12.0,10.0,0.0112,0.0112,0.0102,0.0105,723800.0,-6.999999999999992E-4
12.0,9.0,0.0117,0.0135,0.01,0.011,2236400.0,-7.00000000000001E-4
12.0,6.0,0.0113,0.0118,0.0107,0.0107,1020200.0,-5.999999999999998E-4
12.0,5.0,0.014,0.015,0.011,0.0114,876700.0,-0.0026
12.0,4.0,0.011,0.0121,0.011,0.0115,632500.0,5.000000000000004E-4
12.0,3.0,0.0132,0.0132,0.01,0.0113,1596900.0,-0.0019000000000000006
12.0,2.0,0.0132,0.0132,0.0115,0.012,723900.0,-0.0011999999999999997
11.0,29.0,0.013,0.0135,0.0123,0.0128,216900.0,-1.999999999999988E-4
11.0,27.0,0.011,0.013,0.0109,0.0123,1141400.0,0.0013000000000000008
11.0,26.0,0.0127,0.0128,0.0109,0.0109,857900.0,-0.0017999999999999995
11.0,25.0,0.0158,0.016,0.011,0.0127,1747900.0,-0.003100000000000002
11.0,22.0,0.0128,0.0162,0.0126,0.013,898000.0,1.999999999999988E-4
11.0,21.0,0.0128,0.0132,0.0125,0.0128,966800.0,0.0
11.0,20.0,0.0128,0.013,0.0124,0.0128,1260500.0,0.0
11.0,19.0,0.0145,0.0145,0.0125,0.0127,1453300.0,-0.0018000000000000013
11.0,18.0,0.016,0.016,0.014,0.0141,639400.0,-0.0019000000000000006
11.0,15.0,0.0155,0.0155,0.0148,0.015,1190900.0,-5.000000000000004E-4
11.0,14.0,0.016,0.016,0.0148,0.0151,1055000.0,-8.999999999999998E-4
11.0,13.0,0.0157,0.0167,0.015,0.0152,1189400.0,-4.999999999999987E-4
11.0,12.0,0.017,0.017,0.0155,0.0155,815500.0,-0.0015000000000000013
11.0,11.0,0.0173,0.0173,0.016,0.0163,829500.0,-0.0010000000000000009
11.0,8.0,0.017,0.0178,0.0164,0.0169,549500.0,-1.0000000000000286E-4
11.0,7.0,0.0171,0.0187,0.017,0.0173,73800.0,1.999999999999988E-4
11.0,6.0,0.0164,0.0177,0.0164,0.017,388700.0,5.999999999999998E-4
11.0,5.0,0.0185,0.0186,0.0162,0.0168,823400.0,-0.0017000000000000001
11.0,4.0,0.0181,0.0185,0.0165,0.0168,943200.0,-0.0013000000000000025
11.0,1.0,0.0182,0.0189,0.0176,0.018,442000.0,-2.0000000000000226E-4
10.0,31.0,0.0188,0.0189,0.0176,0.0179,748300.0,-9.000000000000015E-4
10.0,30.0,0.0188,0.0189,0.018,0.0182,575400.0,-5.999999999999998E-4
10.0,29.0,0.0189,0.0199,0.018,0.0183,727300.0,-5.999999999999998E-4
10.0,28.0,0.02,0.02,0.0178,0.0178,967600.0,-0.0022000000000000006
10.0,25.0,0.0178,0.0199,0.0178,0.0189,1003800.0,0.0011000000000000003
10.0,24.0,0.017,0.02,0.017,0.0184,745900.0,0.0013999999999999985
10.0,23.0,0.0171,0.0184,0.0169,0.0176,1523800.0,5.000000000000004E-4
10.0,22.0,0.0172,0.0175,0.0164,0.0175,619300.0,3.0000000000000165E-4
10.0,21.0,0.0157,0.017,0.0153,0.0164,1144700.0,7.000000000000027E-4
10.0,18.0,0.0171,0.0171,0.0152,0.0157,1044500.0,-0.001400000000000002
10.0,17.0,0.017,0.017,0.016,0.0162,458900.0,-8.000000000000021E-4
10.0,16.0,0.018,0.018,0.0162,0.0166,255200.0,-0.0013999999999999985
10.0,15.0,0.017,0.018,0.0164,0.0175,197700.0,5.000000000000004E-4
10.0,14.0,0.0177,0.0179,0.0168,0.0171,209700.0,-5.999999999999998E-4
10.0,11.0,0.018,0.0185,0.0174,0.0179,222400.0,-9.99999999999994E-5
10.0,10.0,0.0195,0.0195,0.0174,0.018,327200.0,-0.0015000000000000013
10.0,9.0,0.0188,0.0189,0.017,0.0177,1334000.0,-0.0011000000000000003
10.0,8.0,0.018,0.02,0.018,0.0186,312700.0,5.999999999999998E-4
10.0,7.0,0.0198,0.0198,0.0188,0.019,380100.0,-8.000000000000021E-4
10.0,4.0,0.0208,0.0208,0.019,0.0195,561700.0,-0.001299999999999999
10.0,3.0,0.02,0.0219,0.0191,0.0196,489100.0,-4.0000000000000105E-4
10.0,2.0,0.023,0.023,0.0195,0.02,386800.0,-0.002999999999999999
10.0,1.0,0.0215,0.0215,0.0195,0.0214,570200.0,-9.99999999999994E-5
9.0,30.0,0.023,0.023,0.0187,0.0201,741600.0,-0.0029
9.0,27.0,0.0196,0.0198,0.0189,0.0192,489900.0,-4.0000000000000105E-4
9.0,26.0,0.0215,0.0215,0.019,0.0199,1400300.0,-0.0015999999999999973
9.0,25.0,0.0222,0.023,0.0191,0.0205,1152500.0,-0.0017000000000000001
9.0,24.0,0.021,0.023,0.0184,0.0224,1450900.0,0.0013999999999999985
9.0,23.0,0.0182,0.0199,0.0181,0.0184,159400.0,1.999999999999988E-4
9.0,20.0,0.018,0.0196,0.018,0.0182,559800.0,2.0000000000000226E-4
9.0,19.0,0.018,0.021,0.018,0.0188,332700.0,8.000000000000021E-4
9.0,18.0,0.019,0.019,0.018,0.0182,609100.0,-7.999999999999986E-4
9.0,17.0,0.019,0.02,0.0181,0.0183,333800.0,-6.999999999999992E-4
9.0,16.0,0.019,0.02,0.0181,0.0187,508900.0,-2.999999999999982E-4
9.0,13.0,0.0205,0.023,0.018,0.019,714800.0,-0.0015000000000000013
9.0,12.0,0.0196,0.0207,0.0189,0.0196,680500.0,0.0
9.0,11.0,0.024,0.024,0.019,0.0196,1292400.0,-0.004400000000000001
9.0,10.0,0.0224,0.025,0.02,0.022,2802200.0,-4.0000000000000105E-4
9.0,9.0,0.0194,0.023,0.0188,0.0219,1289100.0,0.0024999999999999988
9.0,6.0,0.02,0.0205,0.017,0.0188,881200.0,-0.0011999999999999997
9.0,5.0,0.0175,0.0206,0.016,0.0198,1523500.0,0.0023
9.0,4.0,0.0182,0.0184,0.0165,0.017,454900.0,-0.0011999999999999997
9.0,3.0,0.019,0.02,0.0166,0.0175,637700.0,-0.0014999999999999979
8.0,30.0,0.0295,0.034,0.0155,0.018,1.19174E7,-0.0115
8.0,29.0,0.0145,0.03,0.0131,0.0265,3914100.0,0.011999999999999999
8.0,28.0,0.0145,0.0145,0.0132,0.0134,182800.0,-0.0011000000000000003
8.0,27.0,0.013,0.0134,0.013,0.0132,183800.0,2.0000000000000052E-4
8.0,26.0,0.0155,0.0155,0.0132,0.0132,278400.0,-0.0023
8.0,23.0,0.015,0.016,0.013,0.0135,519600.0,-0.0014999999999999996
8.0,22.0,0.0138,0.0143,0.0127,0.0143,279100.0,5.000000000000004E-4
8.0,21.0,0.0159,0.016,0.0135,0.0138,387000.0,-0.002100000000000001
8.0,20.0,0.016,0.0162,0.0145,0.0149,899200.0,-0.0011000000000000003
8.0,19.0,0.016,0.0162,0.0145,0.016,823200.0,0.0
8.0,16.0,0.015,0.0165,0.015,0.0155,706600.0,5.000000000000004E-4
8.0,15.0,0.016,0.017,0.0142,0.0155,716500.0,-5.000000000000004E-4
8.0,14.0,0.017,0.017,0.015,0.0155,773800.0,-0.0015000000000000013
8.0,13.0,0.0172,0.0175,0.014,0.015,1548200.0,-0.0022000000000000006
8.0,12.0,0.0179,0.02,0.0158,0.016,4621700.0,-0.001899999999999999
8.0,9.0,0.014,0.0184,0.0125,0.0155,5312800.0,0.0014999999999999996
8.0,8.0,0.014,0.014,0.0125,0.013,750500.0,-0.0010000000000000009
8.0,7.0,0.0145,0.0145,0.012,0.013,422000.0,-0.0015000000000000013
8.0,6.0,0.015,0.015,0.0118,0.0135,685300.0,-0.0014999999999999996
8.0,5.0,0.015,0.015,0.0123,0.0124,962000.0,-0.0026
8.0,2.0,0.0132,0.015,0.0125,0.014,847200.0,8.000000000000004E-4
8.0,1.0,0.015,0.015,0.0122,0.0135,1278000.0,-0.0014999999999999996
7.0,31.0,0.015,0.0151,0.0131,0.014,1012600.0,-9.999999999999992E-4
7.0,30.0,0.0154,0.0155,0.015,0.0152,805100.0,-2.0000000000000052E-4
7.0,29.0,0.0165,0.017,0.0151,0.0161,929800.0,-4.0000000000000105E-4
7.0,26.0,0.0172,0.0175,0.0165,0.017,442800.0,-1.999999999999988E-4
7.0,25.0,0.0178,0.0197,0.015,0.017,1070700.0,-7.999999999999986E-4
7.0,24.0,0.0185,0.0195,0.0174,0.0179,686600.0,-5.999999999999998E-4
7.0,23.0,0.0195,0.0198,0.0181,0.0185,660000.0,-0.0010000000000000009
7.0,22.0,0.02,0.02,0.0194,0.02,458500.0,0.0
7.0,19.0,0.021,0.021,0.0195,0.02,553800.0,-0.0010000000000000009
7.0,18.0,0.02,0.022,0.0198,0.0202,791400.0,1.999999999999988E-4
7.0,17.0,0.021,0.0215,0.02,0.02,499200.0,-0.0010000000000000009
7.0,16.0,0.0223,0.0223,0.0201,0.021,604600.0,-0.001299999999999999
7.0,15.0,0.0223,0.0223,0.0203,0.0221,416200.0,-1.999999999999988E-4
7.0,12.0,0.0235,0.0235,0.0215,0.0222,406800.0,-0.001299999999999999
7.0,11.0,0.024,0.024,0.0215,0.022,460000.0,-0.0020000000000000018
7.0,10.0,0.025,0.025,0.0226,0.023,675000.0,-0.0020000000000000018
7.0,9.0,0.025,0.0251,0.023,0.0237,227000.0,-0.0013000000000000025
7.0,8.0,0.0255,0.0255,0.0232,0.0235,431600.0,-0.0019999999999999983
7.0,5.0,0.023,0.0255,0.023,0.024,756300.0,0.0010000000000000009
7.0,3.0,0.0255,0.0255,0.022,0.0225,365600.0,-0.002999999999999999
7.0,2.0,0.0255,0.0259,0.022,0.0245,748400.0,-9.999999999999974E-4
7.0,1.0,0.025,0.027,0.024,0.025,504300.0,0.0
6.0,28.0,0.025,0.0254,0.023,0.024,599500.0,-0.0010000000000000009
6.0,27.0,0.0219,0.026,0.0205,0.0259,779200.0,0.004
6.0,26.0,0.0235,0.025,0.021,0.022,765700.0,-0.0015000000000000013
6.0,25.0,0.022,0.028,0.021,0.024,1168100.0,0.0020000000000000018
6.0,24.0,0.023,0.024,0.0195,0.02,1893100.0,-0.002999999999999999
6.0,21.0,0.025,0.0251,0.0225,0.0228,385900.0,-0.0022000000000000006
6.0,20.0,0.027,0.027,0.023,0.025,599600.0,-0.0019999999999999983
6.0,19.0,0.028,0.028,0.026,0.027,340800.0,-0.0010000000000000009
6.0,18.0,0.0285,0.0285,0.027,0.0273,417200.0,-0.0011999999999999997
6.0,17.0,0.0285,0.03,0.0275,0.0275,510800.0,-0.0010000000000000009
6.0,14.0,0.0295,0.0295,0.028,0.029,256300.0,-4.99999999999997E-4
6.0,13.0,0.03,0.03,0.0275,0.03,322500.0,0.0
6.0,12.0,0.031,0.031,0.0278,0.0298,946300.0,-0.0011999999999999997
6.0,11.0,0.032,0.037,0.03,0.031,397800.0,-0.0010000000000000009
6.0,10.0,0.0338,0.0338,0.0317,0.032,371000.0,-0.001799999999999996
6.0,7.0,0.0345,0.0345,0.0317,0.032,221900.0,-0.0025000000000000022
6.0,6.0,0.035,0.035,0.032,0.032,355700.0,-0.0030000000000000027
6.0,5.0,0.0335,0.034,0.0325,0.033,125500.0,-5.000000000000004E-4
6.0,4.0,0.035,0.035,0.032,0.034,615900.0,-0.0010000000000000009
6.0,3.0,0.035,0.035,0.033,0.0349,512900.0,-1.0000000000000286E-4
5.0,31.0,0.0346,0.035,0.0327,0.035,322100.0,4.000000000000045E-4
5.0,30.0,0.035,0.036,0.034,0.0345,194500.0,-5.000000000000004E-4
5.0,29.0,0.035,0.0362,0.035,0.0355,165400.0,4.999999999999935E-4
5.0,28.0,0.0365,0.0367,0.0352,0.0356,252100.0,-8.99999999999998E-4
5.0,24.0,0.0364,0.0365,0.036,0.0365,166400.0,9.999999999999593E-5
5.0,23.0,0.038,0.038,0.035,0.0371,143500.0,-8.99999999999998E-4
5.0,22.0,0.0382,0.0384,0.036,0.0374,230700.0,-7.999999999999952E-4
5.0,21.0,0.0381,0.0384,0.037,0.037,295400.0,-0.0011000000000000038
5.0,20.0,0.0393,0.0393,0.0355,0.0381,193400.0,-0.0011999999999999997
5.0,17.0,0.0377,0.0393,0.036,0.039,159800.0,0.0013000000000000025
5.0,16.0,0.04,0.041,0.037,0.0385,475600.0,-0.0015000000000000013
5.0,15.0,0.039,0.041,0.038,0.039,148800.0,0.0
5.0,14.0,0.041,0.041,0.037,0.039,233700.0,-0.0020000000000000018
5.0,13.0,0.034,0.042,0.034,0.042,488200.0,0.008
5.0,10.0,0.034,0.0355,0.0338,0.035,126100.0,0.0010000000000000009
5.0,9.0,0.035,0.036,0.034,0.035,119700.0,0.0
5.0,8.0,0.036,0.037,0.035,0.0355,125800.0,-5.000000000000004E-4
5.0,7.0,0.038,0.038,0.035,0.037,302100.0,-0.0010000000000000009
5.0,6.0,0.0386,0.04,0.0378,0.038,177500.0,-6.000000000000033E-4
5.0,3.0,0.04,0.0415,0.038,0.039,302600.0,-0.0010000000000000009
5.0,2.0,0.0388,0.04,0.0382,0.039,259600.0,1.999999999999988E-4
5.0,1.0,0.042,0.042,0.038,0.0388,330700.0,-0.0032000000000000015
4.0,30.0,0.039,0.0415,0.0381,0.04,429200.0,0.0010000000000000009
4.0,29.0,0.041,0.0425,0.038,0.038,332800.0,-0.0030000000000000027
4.0,26.0,0.0425,0.0458,0.04,0.04,362800.0,-0.0025000000000000022
4.0,25.0,0.044,0.044,0.041,0.0425,257700.0,-0.0014999999999999944
4.0,24.0,0.045,0.045,0.0412,0.043,283000.0,-0.0020000000000000018
4.0,23.0,0.0445,0.0445,0.04,0.0415,178000.0,-0.0029999999999999957
4.0,22.0,0.0462,0.0469,0.04,0.044,386900.0,-0.0022000000000000006
4.0,19.0,0.0485,0.0485,0.046,0.0469,130000.0,-0.0016000000000000042
4.0,18.0,0.048,0.0485,0.0473,0.0475,131300.0,-5.000000000000004E-4
4.0,17.0,0.05,0.05,0.0476,0.0478,67700.0,-0.0022000000000000006
4.0,16.0,0.0496,0.05,0.0475,0.0475,230100.0,-0.0020999999999999977
4.0,15.0,0.052,0.053,0.0475,0.0495,229000.0,-0.0024999999999999953
4.0,12.0,0.0519,0.0529,0.05,0.051,217400.0,-9.00000000000005E-4
4.0,11.0,0.0515,0.056,0.05,0.051,513900.0,-5.000000000000004E-4
4.0,10.0,0.05,0.052,0.048,0.051,390200.0,9.99999999999994E-4
4.0,9.0,0.047,0.051,0.0461,0.047,688500.0,0.0
4.0,8.0,0.048,0.048,0.046,0.046,271400.0,-0.0020000000000000018
4.0,5.0,0.047,0.047,0.044,0.0455,268600.0,-0.0015000000000000013
4.0,4.0,0.048,0.048,0.044,0.044,273600.0,-0.0040000000000000036
4.0,3.0,0.0467,0.0485,0.043,0.044,258900.0,-0.002700000000000001
4.0,2.0,0.046,0.049,0.043,0.046,287500.0,0.0
4.0,1.0,0.05,0.05,0.045,0.046,425100.0,-0.0040000000000000036
3.0,28.0,0.0466,0.0499,0.0448,0.0448,345500.0,-0.001800000000000003
3.0,27.0,0.048,0.05,0.045,0.048,407100.0,0.0
3.0,26.0,0.05,0.054,0.0451,0.048,474100.0,-0.0020000000000000018
3.0,25.0,0.0555,0.0555,0.0497,0.0499,393000.0,-0.005600000000000001
3.0,22.0,0.06,0.06,0.0496,0.05,726200.0,-0.009999999999999995
3.0,21.0,0.051,0.052,0.0491,0.0504,622400.0,-5.999999999999964E-4
3.0,20.0,0.054,0.055,0.0501,0.052,430600.0,-0.0020000000000000018
3.0,19.0,0.057,0.06,0.054,0.055,194000.0,-0.0020000000000000018
3.0,18.0,0.058,0.06,0.055,0.057,217900.0,-0.0010000000000000009
3.0,15.0,0.06,0.0605,0.055,0.0575,203900.0,-0.0024999999999999953
3.0,14.0,0.061,0.061,0.057,0.0575,201300.0,-0.003499999999999996
3.0,13.0,0.061,0.066,0.06,0.06,722000.0,-0.0010000000000000009
3.0,12.0,0.055,0.063,0.0535,0.061,770700.0,0.005999999999999998
3.0,11.0,0.055,0.056,0.0501,0.0535,557000.0,-0.0015000000000000013
3.0,8.0,0.059,0.06,0.052,0.055,882400.0,-0.003999999999999997
3.0,7.0,0.061,0.063,0.059,0.061,600900.0,0.0
3.0,6.0,0.0625,0.063,0.0555,0.058,676500.0,-0.004499999999999997
3.0,5.0,0.0651,0.067,0.062,0.063,261200.0,-0.0021000000000000046
3.0,4.0,0.0675,0.0699,0.0645,0.067,501100.0,-5.000000000000004E-4
3.0,1.0,0.068,0.07,0.065,0.0685,499700.0,5.000000000000004E-4
2.0,28.0,0.0745,0.0745,0.066,0.069,394200.0,-0.005499999999999991
2.0,27.0,0.08,0.08,0.07,0.074,403900.0,-0.006000000000000005
2.0,26.0,0.075,0.08,0.0722,0.0729,362400.0,-0.0020999999999999908
2.0,25.0,0.073,0.073,0.07,0.072,368500.0,-0.0010000000000000009
2.0,22.0,0.07,0.074,0.05,0.067,910500.0,-0.0030000000000000027
2.0,21.0,0.074,0.075,0.065,0.065,479000.0,-0.008999999999999994
2.0,20.0,0.0835,0.0835,0.062,0.073,929000.0,-0.01050000000000001
2.0,19.0,0.08,0.09,0.0785,0.08,1631400.0,0.0
2.0,15.0,0.081,0.081,0.065,0.0761,910900.0,-0.004900000000000002
2.0,14.0,0.0785,0.081,0.077,0.0785,548800.0,0.0
2.0,13.0,0.086,0.086,0.075,0.0787,1803400.0,-0.007299999999999987
2.0,12.0,0.0795,0.085,0.077,0.0802,2133800.0,6.999999999999923E-4
