9.0,25.0,1.96,1.96,1.96,1.96,0.0,0.0
9.0,24.0,1.96,1.96,1.96,1.96,0.0,0.0
9.0,23.0,1.96,1.96,1.96,1.96,0.0,0.0
9.0,22.0,1.96,1.96,1.96,1.96,0.0,0.0
9.0,21.0,1.96,1.96,1.96,1.96,0.0,0.0
9.0,18.0,1.96,1.96,1.96,1.96,0.0,0.0
9.0,17.0,1.96,1.96,1.96,1.96,0.0,0.0
9.0,16.0,1.96,1.96,1.96,1.96,0.0,0.0
9.0,15.0,1.96,1.96,1.96,1.96,0.0,0.0
9.0,14.0,1.96,1.96,1.96,1.96,0.0,0.0
9.0,11.0,1.96,1.96,1.96,1.96,0.0,0.0
9.0,10.0,1.96,1.96,1.96,1.96,0.0,0.0
9.0,9.0,1.96,1.96,1.96,1.96,3400.0,0.0
9.0,8.0,1.84,1.84,1.84,1.84,0.0,0.0
9.0,4.0,1.84,1.84,1.84,1.84,0.0,0.0
9.0,3.0,1.84,1.84,1.84,1.84,0.0,0.0
9.0,2.0,1.84,1.84,1.84,1.84,0.0,0.0
9.0,1.0,1.84,1.84,1.84,1.84,900.0,0.0
8.0,31.0,1.85,1.85,1.85,1.85,0.0,0.0
8.0,28.0,1.85,1.85,1.85,1.85,0.0,0.0
8.0,27.0,1.85,1.85,1.85,1.85,0.0,0.0
8.0,26.0,1.85,1.85,1.85,1.85,15500.0,0.0
8.0,25.0,1.85,1.85,1.85,1.85,200.0,0.0
8.0,24.0,1.91,1.91,1.91,1.91,3000.0,0.0
8.0,21.0,2.0,2.0,2.0,2.0,0.0,0.0
8.0,20.0,2.0,2.0,2.0,2.0,0.0,0.0
8.0,19.0,2.0,2.0,2.0,2.0,0.0,0.0
8.0,18.0,2.0,2.0,2.0,2.0,0.0,0.0
8.0,17.0,2.0,2.0,2.0,2.0,0.0,0.0
8.0,14.0,2.0,2.0,2.0,2.0,0.0,0.0
8.0,13.0,2.0,2.0,2.0,2.0,0.0,0.0
8.0,12.0,2.0,2.0,2.0,2.0,0.0,0.0
8.0,11.0,2.0,2.0,2.0,2.0,0.0,0.0
8.0,10.0,2.0,2.0,2.0,2.0,0.0,0.0
8.0,7.0,2.0,2.0,2.0,2.0,0.0,0.0
8.0,6.0,2.0,2.0,2.0,2.0,0.0,0.0
8.0,5.0,2.0,2.0,2.0,2.0,0.0,0.0
8.0,4.0,2.0,2.0,2.0,2.0,0.0,0.0
8.0,3.0,2.0,2.0,2.0,2.0,0.0,0.0
7.0,31.0,2.0,2.0,2.0,2.0,0.0,0.0
7.0,30.0,2.0,2.0,2.0,2.0,15000.0,0.0
7.0,29.0,1.95,1.95,1.95,1.95,0.0,0.0
7.0,28.0,1.95,1.95,1.95,1.95,0.0,0.0
7.0,27.0,1.95,1.95,1.95,1.95,2100.0,0.0
7.0,24.0,2.0,2.0,2.0,2.0,900.0,0.0
7.0,23.0,2.0,2.0,2.0,2.0,0.0,0.0
7.0,22.0,2.0,2.0,2.0,2.0,0.0,0.0
7.0,21.0,2.0,2.0,2.0,2.0,0.0,0.0
7.0,20.0,2.0,2.0,2.0,2.0,0.0,0.0
7.0,17.0,2.0,2.0,2.0,2.0,0.0,0.0
7.0,16.0,2.0,2.0,2.0,2.0,0.0,0.0
7.0,15.0,2.0,2.0,2.0,2.0,0.0,0.0
7.0,14.0,2.0,2.0,2.0,2.0,0.0,0.0
7.0,13.0,2.0,2.0,2.0,2.0,0.0,0.0
7.0,10.0,2.0,2.0,2.0,2.0,0.0,0.0
7.0,9.0,2.0,2.0,2.0,2.0,0.0,0.0
7.0,8.0,2.0,2.0,2.0,2.0,0.0,0.0
7.0,7.0,2.0,2.0,2.0,2.0,900.0,0.0
7.0,6.0,2.0,2.0,2.0,2.0,0.0,0.0
7.0,2.0,2.0,2.0,2.0,2.0,0.0,0.0
7.0,1.0,2.0,2.0,2.0,2.0,0.0,0.0
6.0,30.0,2.0,2.0,2.0,2.0,0.0,0.0
6.0,29.0,2.0,2.0,2.0,2.0,0.0,0.0
6.0,26.0,2.06,2.06,2.0,2.0,1300.0,-0.06000000000000005
6.0,25.0,2.03,2.03,2.03,2.03,0.0,0.0
6.0,24.0,2.03,2.03,2.03,2.03,0.0,0.0
6.0,23.0,2.03,2.03,2.03,2.03,0.0,0.0
6.0,22.0,2.03,2.03,2.03,2.03,0.0,0.0
6.0,19.0,2.03,2.03,2.03,2.03,0.0,0.0
6.0,18.0,2.03,2.03,2.03,2.03,0.0,0.0
6.0,17.0,2.03,2.03,2.03,2.03,0.0,0.0
6.0,16.0,2.03,2.03,2.03,2.03,0.0,0.0
6.0,15.0,2.03,2.03,2.03,2.03,0.0,0.0
6.0,12.0,2.03,2.03,2.03,2.03,0.0,0.0
6.0,11.0,2.03,2.03,2.03,2.03,0.0,0.0
6.0,10.0,2.03,2.03,2.03,2.03,6000.0,0.0
6.0,9.0,2.3,2.3,2.3,2.3,0.0,0.0
6.0,8.0,2.3,2.3,2.3,2.3,0.0,0.0
6.0,5.0,2.3,2.3,2.3,2.3,0.0,0.0
6.0,4.0,2.3,2.3,2.3,2.3,0.0,0.0
6.0,3.0,2.3,2.3,2.3,2.3,0.0,0.0
6.0,2.0,2.300001,2.300001,2.300001,2.300001,0.0,0.0
6.0,1.0,2.300001,2.300001,2.300001,2.300001,0.0,0.0
5.0,29.0,2.300001,2.300001,2.300001,2.300001,0.0,0.0
5.0,28.0,2.300001,2.300001,2.300001,2.300001,0.0,0.0
5.0,27.0,2.300001,2.300001,2.300001,2.300001,0.0,0.0
5.0,26.0,2.300001,2.300001,2.300001,2.300001,0.0,0.0
5.0,22.0,2.300001,2.300001,2.300001,2.300001,0.0,0.0
5.0,21.0,2.300001,2.300001,2.300001,2.300001,0.0,0.0
5.0,20.0,2.300001,2.300001,2.300001,2.300001,0.0,0.0
5.0,19.0,2.300001,2.300001,2.300001,2.300001,0.0,0.0
5.0,18.0,2.300001,2.300001,2.300001,2.300001,0.0,0.0
5.0,15.0,2.300001,2.300001,2.300001,2.300001,0.0,0.0
5.0,14.0,2.300001,2.300001,2.300001,2.300001,0.0,0.0
5.0,13.0,2.300001,2.300001,2.300001,2.300001,2100.0,0.0
5.0,12.0,2.260005,2.260005,2.260005,2.260005,0.0,0.0
5.0,11.0,2.260005,2.260005,2.260005,2.260005,0.0,0.0
5.0,8.0,2.260005,2.260005,2.260005,2.260005,0.0,0.0
5.0,7.0,2.260005,2.260005,2.260005,2.260005,0.0,0.0
5.0,6.0,2.260005,2.260005,2.260005,2.260005,0.0,0.0
5.0,5.0,2.260005,2.260005,2.260005,2.260005,0.0,0.0
5.0,4.0,2.260005,2.260005,2.260005,2.260005,0.0,0.0
5.0,1.0,2.260005,2.260005,2.260005,2.260005,0.0,0.0
4.0,30.0,2.260005,2.260005,2.260005,2.260005,0.0,0.0
4.0,29.0,2.260005,2.260005,2.260005,2.260005,0.0,0.0
4.0,28.0,2.260005,2.260005,2.260005,2.260005,0.0,0.0
4.0,27.0,2.260005,2.260005,2.260005,2.260005,0.0,0.0
4.0,24.0,2.260005,2.260005,2.260005,2.260005,0.0,0.0
4.0,23.0,2.260005,2.260005,2.260005,2.260005,0.0,0.0
4.0,22.0,2.260005,2.260005,2.260005,2.260005,0.0,0.0
4.0,21.0,2.260005,2.260005,2.260005,2.260005,0.0,0.0
4.0,20.0,2.260005,2.260005,2.260005,2.260005,0.0,0.0
4.0,17.0,2.260005,2.260005,2.260005,2.260005,0.0,0.0
4.0,16.0,2.260005,2.260005,2.260005,2.260005,0.0,0.0
4.0,15.0,2.260005,2.260005,2.260005,2.260005,0.0,0.0
4.0,14.0,2.260005,2.260005,2.260005,2.260005,0.0,0.0
4.0,13.0,2.260005,2.260005,2.260005,2.260005,0.0,0.0
4.0,10.0,2.260005,2.260005,2.260005,2.260005,0.0,0.0
4.0,9.0,2.260005,2.260005,2.260005,2.260005,0.0,0.0
4.0,8.0,2.260005,2.260005,2.260005,2.260005,0.0,0.0
4.0,7.0,2.260005,2.260005,2.260005,2.260005,0.0,0.0
4.0,6.0,2.260005,2.260005,2.260005,2.260005,0.0,0.0
4.0,2.0,2.260005,2.260005,2.260005,2.260005,0.0,0.0
4.0,1.0,2.260005,2.260005,2.260005,2.260005,0.0,0.0
3.0,31.0,2.260005,2.260005,2.260005,2.260005,0.0,0.0
3.0,30.0,2.260005,2.260005,2.260005,2.260005,0.0,0.0
3.0,27.0,2.260005,2.260005,2.260005,2.260005,0.0,0.0
3.0,26.0,2.260005,2.260005,2.260005,2.260005,0.0,0.0
3.0,25.0,2.260005,2.260005,2.260005,2.260005,4400.0,0.0
3.0,24.0,2.290002,2.290002,2.290002,2.290002,0.0,0.0
3.0,23.0,2.290002,2.290002,2.290002,2.290002,0.0,0.0
3.0,20.0,2.290002,2.290002,2.290002,2.290002,0.0,0.0
3.0,19.0,2.290002,2.290002,2.290002,2.290002,0.0,0.0
3.0,18.0,2.290002,2.290002,2.290002,2.290002,0.0,0.0
3.0,17.0,2.290002,2.290002,2.290002,2.290002,0.0,0.0
3.0,16.0,2.290002,2.290002,2.290002,2.290002,0.0,0.0
3.0,13.0,2.290002,2.290002,2.290002,2.290002,0.0,0.0
3.0,12.0,2.290002,2.290002,2.290002,2.290002,0.0,0.0
3.0,11.0,2.290002,2.290002,2.290002,2.290002,0.0,0.0
3.0,10.0,2.290002,2.290002,2.290002,2.290002,0.0,0.0
3.0,9.0,2.290002,2.290002,2.290002,2.290002,0.0,0.0
3.0,6.0,2.290002,2.290002,2.290002,2.290002,0.0,0.0
3.0,5.0,2.290002,2.290002,2.290002,2.290002,2200.0,0.0
3.0,4.0,2.2,2.2,2.2,2.2,0.0,0.0
3.0,3.0,2.2,2.2,2.2,2.2,31900.0,0.0
3.0,2.0,2.209999,2.209999,2.209999,2.209999,3300.0,0.0
2.0,27.0,2.209999,2.209999,2.209999,2.209999,0.0,0.0
2.0,26.0,2.209999,2.209999,2.209999,2.209999,0.0,0.0
2.0,25.0,2.209999,2.209999,2.209999,2.209999,0.0,0.0
2.0,24.0,2.209999,2.209999,2.209999,2.209999,0.0,0.0
2.0,23.0,2.209999,2.209999,2.209999,2.209999,0.0,0.0
2.0,20.0,2.209999,2.209999,2.209999,2.209999,0.0,0.0
2.0,19.0,2.209999,2.209999,2.209999,2.209999,0.0,0.0
2.0,18.0,2.209999,2.209999,2.209999,2.209999,0.0,0.0
2.0,17.0,2.209999,2.209999,2.209999,2.209999,0.0,0.0
2.0,13.0,2.209999,2.209999,2.209999,2.209999,0.0,0.0
2.0,12.0,2.209999,2.209999,2.209999,2.209999,0.0,0.0
2.0,11.0,2.209999,2.209999,2.209999,2.209999,0.0,0.0
2.0,10.0,2.209999,2.209999,2.209999,2.209999,0.0,0.0
2.0,9.0,2.209999,2.209999,2.209999,2.209999,0.0,0.0
2.0,6.0,2.209999,2.209999,2.209999,2.209999,0.0,0.0
2.0,5.0,2.209999,2.209999,2.209999,2.209999,1100.0,0.0
2.0,4.0,2.180002,2.180002,2.180002,2.180002,0.0,0.0
2.0,3.0,2.180002,2.180002,2.180002,2.180002,0.0,0.0
2.0,2.0,2.180002,2.180002,2.180002,2.180002,0.0,0.0
1.0,30.0,2.180002,2.180002,2.180002,2.180002,800.0,0.0
1.0,29.0,2.150005,2.150005,2.150005,2.150005,0.0,0.0
1.0,28.0,2.150005,2.150005,2.150005,2.150005,0.0,0.0
1.0,27.0,2.150005,2.150005,2.150005,2.150005,0.0,0.0
1.0,26.0,2.150005,2.150005,2.150005,2.150005,0.0,0.0
1.0,23.0,2.150005,2.150005,2.150005,2.150005,0.0,0.0
1.0,22.0,2.150005,2.150005,2.150005,2.150005,0.0,0.0
1.0,21.0,2.150005,2.150005,2.150005,2.150005,0.0,0.0
1.0,20.0,2.150005,2.150005,2.150005,2.150005,0.0,0.0
1.0,16.0,2.150005,2.150005,2.150005,2.150005,0.0,0.0
1.0,15.0,2.150005,2.150005,2.150005,2.150005,0.0,0.0
1.0,14.0,2.150005,2.150005,2.150005,2.150005,0.0,0.0
1.0,13.0,2.150005,2.150005,2.150005,2.150005,0.0,0.0
1.0,12.0,2.150005,2.150005,2.150005,2.150005,2100.0,0.0
1.0,9.0,2.160004,2.160004,2.160004,2.160004,0.0,0.0
1.0,8.0,2.160004,2.160004,2.160004,2.160004,0.0,0.0
1.0,7.0,2.160004,2.160004,2.160004,2.160004,0.0,0.0
1.0,6.0,2.160004,2.160004,2.160004,2.160004,0.0,0.0
1.0,5.0,2.160004,2.160004,2.160004,2.160004,0.0,0.0
1.0,2.0,2.160004,2.160004,2.160004,2.160004,0.0,0.0
12.0,31.0,2.160004,2.160004,2.160004,2.160004,0.0,0.0
12.0,30.0,2.160004,2.160004,2.160004,2.160004,0.0,0.0
12.0,29.0,2.160004,2.160004,2.160004,2.160004,0.0,0.0
12.0,26.0,2.160004,2.160004,2.160004,2.160004,0.0,0.0
12.0,24.0,2.160004,2.160004,2.160004,2.160004,0.0,0.0
12.0,23.0,2.160004,2.160004,2.160004,2.160004,0.0,0.0
12.0,22.0,2.160004,2.160004,2.160004,2.160004,0.0,0.0
12.0,19.0,2.160004,2.160004,2.160004,2.160004,0.0,0.0
12.0,18.0,2.160004,2.160004,2.160004,2.160004,4300.0,0.0
12.0,17.0,2.190001,2.190001,2.190001,2.190001,0.0,0.0
12.0,16.0,2.190001,2.190001,2.190001,2.190001,0.0,0.0
12.0,15.0,2.190001,2.190001,2.190001,2.190001,0.0,0.0
12.0,12.0,2.190001,2.190001,2.190001,2.190001,0.0,0.0
12.0,11.0,2.190001,2.190001,2.190001,2.190001,0.0,0.0
12.0,10.0,2.190001,2.190001,2.190001,2.190001,0.0,0.0
12.0,9.0,2.190001,2.190001,2.190001,2.190001,0.0,0.0
12.0,8.0,2.190001,2.190001,2.190001,2.190001,0.0,0.0
12.0,5.0,2.190001,2.190001,2.190001,2.190001,0.0,0.0
12.0,4.0,2.190001,2.190001,2.190001,2.190001,1500.0,0.0
12.0,3.0,2.09,2.09,2.09,2.09,0.0,0.0
12.0,2.0,2.09,2.09,2.09,2.09,0.0,0.0
12.0,1.0,2.09,2.09,2.09,2.09,0.0,0.0
11.0,28.0,2.09,2.09,2.09,2.09,0.0,0.0
11.0,26.0,2.09,2.09,2.09,2.09,0.0,0.0
11.0,25.0,2.09,2.09,2.09,2.09,0.0,0.0
11.0,24.0,2.09,2.09,2.09,2.09,0.0,0.0
11.0,21.0,2.09,2.09,2.09,2.09,0.0,0.0
11.0,20.0,2.09,2.09,2.09,2.09,0.0,0.0
11.0,19.0,2.09,2.09,2.09,2.09,0.0,0.0
11.0,18.0,2.09,2.09,2.09,2.09,0.0,0.0
11.0,17.0,2.09,2.09,2.09,2.09,0.0,0.0
11.0,14.0,2.09,2.09,2.09,2.09,0.0,0.0
11.0,13.0,2.09,2.09,2.09,2.09,0.0,0.0
11.0,12.0,2.09,2.09,2.09,2.09,0.0,0.0
11.0,11.0,2.09,2.09,2.09,2.09,0.0,0.0
11.0,10.0,2.09,2.09,2.09,2.09,0.0,0.0
11.0,7.0,2.09,2.09,2.09,2.09,0.0,0.0
11.0,6.0,2.09,2.09,2.09,2.09,0.0,0.0
11.0,5.0,2.09,2.09,2.09,2.09,0.0,0.0
11.0,4.0,2.09,2.09,2.09,2.09,0.0,0.0
11.0,3.0,2.09,2.09,2.09,2.09,0.0,0.0
10.0,31.0,2.09,2.09,2.09,2.09,0.0,0.0
10.0,30.0,2.09,2.09,2.09,2.09,0.0,0.0
10.0,29.0,2.09,2.09,2.09,2.09,0.0,0.0
10.0,28.0,2.09,2.09,2.09,2.09,0.0,0.0
10.0,27.0,2.09,2.09,2.09,2.09,0.0,0.0
10.0,24.0,2.09,2.09,2.09,2.09,0.0,0.0
10.0,23.0,2.09,2.09,2.09,2.09,0.0,0.0
10.0,22.0,2.09,2.09,2.09,2.09,0.0,0.0
10.0,21.0,2.09,2.09,2.09,2.09,0.0,0.0
10.0,20.0,2.09,2.09,2.09,2.09,0.0,0.0
10.0,17.0,2.09,2.09,2.09,2.09,0.0,0.0
10.0,16.0,2.09,2.09,2.09,2.09,0.0,0.0
10.0,15.0,2.09,2.09,2.09,2.09,0.0,0.0
10.0,14.0,2.09,2.09,2.09,2.09,0.0,0.0
10.0,13.0,2.09,2.09,2.09,2.09,0.0,0.0
10.0,10.0,2.09,2.09,2.09,2.09,0.0,0.0
10.0,9.0,2.09,2.09,2.09,2.09,0.0,0.0
10.0,8.0,2.09,2.09,2.09,2.09,800.0,0.0
10.0,7.0,2.119997,2.119997,2.119997,2.119997,0.0,0.0
10.0,6.0,2.119997,2.119997,2.119997,2.119997,0.0,0.0
10.0,3.0,2.119997,2.119997,2.119997,2.119997,0.0,0.0
10.0,2.0,2.119997,2.119997,2.119997,2.119997,4300.0,0.0
10.0,1.0,2.249995,2.249995,2.249995,2.249995,0.0,0.0
9.0,30.0,2.249995,2.249995,2.249995,2.249995,0.0,0.0
9.0,29.0,2.249995,2.249995,2.249995,2.249995,0.0,0.0
9.0,26.0,2.249995,2.249995,2.249995,2.249995,0.0,0.0
9.0,25.0,2.249995,2.249995,2.249995,2.249995,0.0,0.0
9.0,24.0,2.249995,2.249995,2.249995,2.249995,0.0,0.0
9.0,23.0,2.249995,2.249995,2.249995,2.249995,0.0,0.0
9.0,22.0,2.249995,2.249995,2.249995,2.249995,0.0,0.0
9.0,19.0,2.249995,2.249995,2.249995,2.249995,2200.0,0.0
9.0,18.0,2.260005,2.260005,2.260005,2.260005,0.0,0.0
9.0,17.0,2.260005,2.260005,2.260005,2.260005,0.0,0.0
9.0,16.0,2.260005,2.260005,2.260005,2.260005,0.0,0.0
9.0,15.0,2.260005,2.260005,2.260005,2.260005,0.0,0.0
9.0,12.0,2.260005,2.260005,2.260005,2.260005,0.0,0.0
9.0,11.0,2.260005,2.260005,2.260005,2.260005,0.0,0.0
9.0,10.0,2.260005,2.260005,2.260005,2.260005,0.0,0.0
9.0,9.0,2.260005,2.260005,2.260005,2.260005,0.0,0.0
9.0,8.0,2.260005,2.260005,2.260005,2.260005,0.0,0.0
9.0,5.0,2.260005,2.260005,2.260005,2.260005,0.0,0.0
9.0,4.0,2.260005,2.260005,2.260005,2.260005,0.0,0.0
9.0,3.0,2.260005,2.260005,2.260005,2.260005,0.0,0.0
9.0,2.0,2.260005,2.260005,2.260005,2.260005,0.0,0.0
8.0,29.0,2.260005,2.260005,2.260005,2.260005,0.0,0.0
8.0,28.0,2.260005,2.260005,2.260005,2.260005,0.0,0.0
8.0,27.0,2.260005,2.260005,2.260005,2.260005,200.0,0.0
8.0,26.0,2.2,2.2,2.2,2.2,0.0,0.0
8.0,25.0,2.2,2.2,2.2,2.2,0.0,0.0
8.0,22.0,2.2,2.2,2.2,2.2,0.0,0.0
8.0,21.0,2.2,2.2,2.2,2.2,0.0,0.0
8.0,20.0,2.2,2.2,2.2,2.2,0.0,0.0
8.0,19.0,2.2,2.2,2.2,2.2,0.0,0.0
8.0,18.0,2.2,2.2,2.2,2.2,15600.0,0.0
8.0,15.0,2.150005,2.150005,2.150005,2.150005,0.0,0.0
8.0,14.0,2.150005,2.150005,2.150005,2.150005,0.0,0.0
8.0,13.0,2.150005,2.150005,2.150005,2.150005,0.0,0.0
8.0,12.0,2.150005,2.150005,2.150005,2.150005,0.0,0.0
8.0,11.0,2.150005,2.150005,2.150005,2.150005,0.0,0.0
8.0,8.0,2.150005,2.150005,2.150005,2.150005,0.0,0.0
8.0,7.0,2.150005,2.150005,2.150005,2.150005,0.0,0.0
8.0,6.0,2.150005,2.150005,2.150005,2.150005,0.0,0.0
8.0,5.0,2.150005,2.150005,2.150005,2.150005,0.0,0.0
8.0,4.0,2.150005,2.150005,2.150005,2.150005,0.0,0.0
8.0,1.0,2.150005,2.150005,2.150005,2.150005,0.0,0.0
7.0,31.0,2.150005,2.150005,2.150005,2.150005,0.0,0.0
7.0,30.0,2.150005,2.150005,2.150005,2.150005,0.0,0.0
7.0,29.0,2.150005,2.150005,2.150005,2.150005,0.0,0.0
7.0,28.0,2.150005,2.150005,2.150005,2.150005,0.0,0.0
7.0,25.0,2.150005,2.150005,2.150005,2.150005,6200.0,0.0
7.0,24.0,2.190001,2.190001,2.190001,2.190001,0.0,0.0
7.0,23.0,2.190001,2.190001,2.190001,2.190001,0.0,0.0
7.0,22.0,2.190001,2.190001,2.190001,2.190001,0.0,0.0
7.0,21.0,2.190001,2.190001,2.190001,2.190001,0.0,0.0
7.0,18.0,2.190001,2.190001,2.190001,2.190001,0.0,0.0
7.0,17.0,2.190001,2.190001,2.190001,2.190001,0.0,0.0
7.0,16.0,2.190001,2.190001,2.190001,2.190001,0.0,0.0
7.0,15.0,2.190001,2.190001,2.190001,2.190001,0.0,0.0
7.0,14.0,2.190001,2.190001,2.190001,2.190001,0.0,0.0
7.0,11.0,2.190001,2.190001,2.190001,2.190001,0.0,0.0
7.0,10.0,2.190001,2.190001,2.190001,2.190001,0.0,0.0
7.0,9.0,2.190001,2.190001,2.190001,2.190001,0.0,0.0
7.0,8.0,2.190001,2.190001,2.190001,2.190001,0.0,0.0
7.0,7.0,2.190001,2.190001,2.190001,2.190001,5500.0,0.0
7.0,3.0,2.160004,2.160004,2.160004,2.160004,0.0,0.0
7.0,2.0,2.160004,2.160004,2.160004,2.160004,0.0,0.0
7.0,1.0,2.160004,2.160004,2.160004,2.160004,0.0,0.0
6.0,30.0,2.160004,2.160004,2.160004,2.160004,0.0,0.0
6.0,27.0,2.160004,2.160004,2.160004,2.160004,10700.0,0.0
6.0,26.0,2.109998,2.109998,2.109998,2.109998,0.0,0.0
6.0,25.0,2.109998,2.109998,2.109998,2.109998,200.0,0.0
6.0,24.0,2.119997,2.119997,2.119997,2.119997,0.0,0.0
6.0,23.0,2.119997,2.119997,2.119997,2.119997,0.0,0.0
6.0,20.0,2.119997,2.119997,2.119997,2.119997,0.0,0.0
6.0,19.0,2.119997,2.119997,2.119997,2.119997,0.0,0.0
6.0,18.0,2.119997,2.119997,2.119997,2.119997,0.0,0.0
6.0,17.0,2.129996,2.129996,2.119997,2.119997,5700.0,-0.009998999999999647
6.0,16.0,2.150005,2.150005,2.150005,2.150005,0.0,0.0
6.0,13.0,2.150005,2.150005,2.150005,2.150005,0.0,0.0
6.0,12.0,2.150005,2.150005,2.150005,2.150005,0.0,0.0
6.0,11.0,2.150005,2.150005,2.150005,2.150005,0.0,0.0
6.0,10.0,2.150005,2.150005,2.150005,2.150005,2000.0,0.0
6.0,9.0,2.380004,2.380004,2.380004,2.380004,0.0,0.0
6.0,6.0,2.380004,2.380004,2.380004,2.380004,0.0,0.0
6.0,5.0,2.38001,2.38001,2.38001,2.38001,0.0,0.0
6.0,4.0,2.38001,2.38001,2.38001,2.38001,0.0,0.0
6.0,3.0,2.38001,2.38001,2.38001,2.38001,0.0,0.0
6.0,2.0,2.38001,2.38001,2.38001,2.38001,0.0,0.0
5.0,30.0,2.38001,2.38001,2.38001,2.38001,0.0,0.0
5.0,29.0,2.38001,2.38001,2.38001,2.38001,0.0,0.0
5.0,28.0,2.38001,2.38001,2.38001,2.38001,0.0,0.0
5.0,27.0,2.38001,2.38001,2.38001,2.38001,1300.0,0.0
5.0,23.0,2.280003,2.280003,2.280003,2.280003,0.0,0.0
5.0,22.0,2.280003,2.280003,2.280003,2.280003,0.0,0.0
5.0,21.0,2.280003,2.280003,2.280003,2.280003,0.0,0.0
5.0,20.0,2.280003,2.280003,2.280003,2.280003,0.0,0.0
5.0,19.0,2.280003,2.280003,2.280003,2.280003,0.0,0.0
5.0,16.0,2.280003,2.280003,2.280003,2.280003,0.0,0.0
5.0,15.0,2.280003,2.280003,2.280003,2.280003,1000.0,0.0
5.0,14.0,2.219999,2.219999,2.219999,2.219999,0.0,0.0
5.0,13.0,2.219999,2.219999,2.219999,2.219999,4300.0,0.0
5.0,12.0,2.300004,2.300004,2.300004,2.300004,0.0,0.0
5.0,9.0,2.300004,2.300004,2.300004,2.300004,0.0,0.0
5.0,8.0,2.300004,2.300004,2.300004,2.300004,0.0,0.0
5.0,7.0,2.300004,2.300004,2.300004,2.300004,0.0,0.0
5.0,6.0,2.300004,2.300004,2.300004,2.300004,0.0,0.0
5.0,5.0,2.300004,2.300004,2.300004,2.300004,0.0,0.0
5.0,2.0,2.300004,2.300004,2.300004,2.300004,0.0,0.0
5.0,1.0,2.300004,2.300004,2.300004,2.300004,0.0,0.0
4.0,30.0,2.300004,2.300004,2.300004,2.300004,0.0,0.0
4.0,29.0,2.300004,2.300004,2.300004,2.300004,0.0,0.0
4.0,28.0,2.300004,2.300004,2.300004,2.300004,0.0,0.0
4.0,25.0,2.300004,2.300004,2.300004,2.300004,0.0,0.0
4.0,24.0,2.300004,2.300004,2.300004,2.300004,0.0,0.0
4.0,23.0,2.300004,2.300004,2.300004,2.300004,2900.0,0.0
4.0,22.0,1.999997,1.999997,1.999997,1.999997,0.0,0.0
4.0,21.0,1.999997,1.999997,1.999997,1.999997,0.0,0.0
4.0,17.0,1.999997,1.999997,1.999997,1.999997,0.0,0.0
4.0,16.0,1.999997,1.999997,1.999997,1.999997,0.0,0.0
4.0,15.0,1.999997,1.999997,1.999997,1.999997,0.0,0.0
4.0,14.0,1.999997,1.999997,1.999997,1.999997,0.0,0.0
4.0,11.0,1.999997,1.999997,1.999997,1.999997,0.0,0.0
4.0,10.0,1.999997,1.999997,1.999997,1.999997,0.0,0.0
4.0,9.0,1.999997,1.999997,1.999997,1.999997,0.0,0.0
4.0,8.0,1.999997,1.999997,1.999997,1.999997,0.0,0.0
4.0,7.0,1.999997,1.999997,1.999997,1.999997,3900.0,0.0
4.0,4.0,2.119993,2.119993,2.119993,2.119993,0.0,0.0
4.0,3.0,2.119993,2.119993,2.119993,2.119993,0.0,0.0
4.0,2.0,2.119993,2.119993,2.119993,2.119993,0.0,0.0
4.0,1.0,2.119993,2.119993,2.119993,2.119993,0.0,0.0
3.0,31.0,2.119993,2.119993,2.119993,2.119993,0.0,0.0
3.0,28.0,2.119993,2.119993,2.119993,2.119993,0.0,0.0
3.0,27.0,2.119993,2.119993,2.119993,2.119993,29300.0,0.0
3.0,26.0,2.050006,2.050006,2.050006,2.050006,0.0,0.0
3.0,25.0,2.050006,2.050006,2.050006,2.050006,1000.0,0.0
3.0,24.0,2.150001,2.150001,2.150001,2.150001,0.0,0.0
3.0,21.0,2.150001,2.150001,2.150001,2.150001,0.0,0.0
3.0,20.0,2.150001,2.150001,2.150001,2.150001,0.0,0.0
3.0,19.0,2.150001,2.150001,2.150001,2.150001,0.0,0.0
3.0,18.0,2.150001,2.150001,2.150001,2.150001,0.0,0.0
3.0,17.0,2.150001,2.150001,2.150001,2.150001,0.0,0.0
3.0,14.0,2.150001,2.150001,2.150001,2.150001,0.0,0.0
3.0,13.0,2.150001,2.150001,2.150001,2.150001,0.0,0.0
3.0,12.0,2.150001,2.150001,2.150001,2.150001,0.0,0.0
3.0,11.0,2.150001,2.150001,2.150001,2.150001,0.0,0.0
3.0,10.0,2.150001,2.150001,2.150001,2.150001,0.0,0.0
3.0,7.0,2.150001,2.150001,2.150001,2.150001,0.0,0.0
3.0,6.0,2.150001,2.150001,2.150001,2.150001,0.0,0.0
3.0,5.0,2.150001,2.150001,2.150001,2.150001,0.0,0.0
3.0,4.0,2.150001,2.150001,2.150001,2.150001,0.0,0.0
3.0,3.0,2.080002,2.150001,2.080002,2.150001,2600.0,0.06999900000000014
2.0,28.0,2.019998,2.019998,2.019998,2.019998,0.0,0.0
2.0,27.0,2.019998,2.019998,2.019998,2.019998,0.0,0.0
2.0,26.0,2.019998,2.019998,2.019998,2.019998,0.0,0.0
2.0,25.0,2.089997,2.089997,2.019998,2.019998,8400.0,-0.0699989999999997
2.0,24.0,1.990002,1.990002,1.990002,1.990002,3700.0,0.0
2.0,21.0,1.960006,1.960006,1.960006,1.960006,0.0,0.0
2.0,20.0,1.960006,1.960006,1.960006,1.960006,0.0,0.0
2.0,19.0,1.960006,1.960006,1.960006,1.960006,0.0,0.0
2.0,18.0,1.960006,1.960006,1.960006,1.960006,2200.0,0.0
2.0,14.0,1.970001,1.970001,1.970001,1.970001,0.0,0.0
2.0,13.0,1.970001,1.970001,1.970001,1.970001,0.0,0.0
2.0,12.0,1.970001,1.970001,1.970001,1.970001,0.0,0.0
2.0,11.0,1.970001,1.970001,1.970001,1.970001,0.0,0.0
2.0,10.0,1.970001,1.970001,1.970001,1.970001,0.0,0.0
2.0,7.0,1.970001,1.970001,1.970001,1.970001,8300.0,0.0
2.0,6.0,2.009992,2.009992,2.009992,2.009992,0.0,0.0
2.0,5.0,2.009992,2.009992,2.009992,2.009992,0.0,0.0
2.0,4.0,2.009992,2.009992,2.009992,2.009992,0.0,0.0
2.0,3.0,2.009992,2.009992,2.009992,2.009992,0.0,0.0
1.0,31.0,2.009992,2.009992,2.009992,2.009992,16400.0,0.0
1.0,30.0,2.070008,2.070008,2.070008,2.070008,0.0,0.0
1.0,29.0,2.070008,2.070008,2.070008,2.070008,0.0,0.0
1.0,28.0,2.070008,2.070008,2.070008,2.070008,1100.0,0.0
1.0,27.0,2.210005,2.210005,2.210005,2.210005,0.0,0.0
1.0,24.0,2.210005,2.210005,2.210005,2.210005,0.0,0.0
1.0,23.0,2.210005,2.210005,2.210005,2.210005,0.0,0.0
1.0,22.0,2.210005,2.210005,2.210005,2.210005,0.0,0.0
1.0,21.0,2.210005,2.210005,2.210005,2.210005,0.0,0.0
1.0,17.0,2.210005,2.210005,2.210005,2.210005,0.0,0.0
1.0,16.0,2.210005,2.210005,2.210005,2.210005,0.0,0.0
1.0,15.0,2.210005,2.210005,2.210005,2.210005,0.0,0.0
1.0,14.0,2.210005,2.210005,2.210005,2.210005,0.0,0.0
1.0,13.0,2.210005,2.210005,2.210005,2.210005,0.0,0.0
1.0,10.0,2.210005,2.210005,2.210005,2.210005,0.0,0.0
1.0,9.0,2.210005,2.210005,2.210005,2.210005,0.0,0.0
1.0,8.0,2.210005,2.210005,2.210005,2.210005,0.0,0.0
1.0,7.0,2.210005,2.210005,2.210005,2.210005,0.0,0.0
1.0,6.0,2.210005,2.210005,2.210005,2.210005,85800.0,0.0
1.0,3.0,2.199998,2.199998,2.199998,2.199998,700.0,0.0
1.0,2.0,2.38001,2.38001,2.38001,2.38001,0.0,0.0
12.0,31.0,2.38001,2.38001,2.38001,2.38001,0.0,0.0
12.0,30.0,2.38001,2.38001,2.38001,2.38001,300.0,0.0
12.0,27.0,2.300004,2.300004,2.300004,2.300004,0.0,0.0
12.0,26.0,2.300004,2.300004,2.300004,2.300004,0.0,0.0
12.0,24.0,2.300004,2.300004,2.300004,2.300004,0.0,0.0
12.0,23.0,2.300004,2.300004,2.300004,2.300004,0.0,0.0
12.0,20.0,2.300004,2.300004,2.300004,2.300004,0.0,0.0
12.0,19.0,2.300004,2.300004,2.300004,2.300004,0.0,0.0
12.0,18.0,2.300004,2.300004,2.300004,2.300004,0.0,0.0
12.0,17.0,2.300004,2.300004,2.300004,2.300004,0.0,0.0
12.0,16.0,2.300004,2.300004,2.300004,2.300004,0.0,0.0
12.0,13.0,2.300004,2.300004,2.300004,2.300004,0.0,0.0
12.0,12.0,2.300004,2.300004,2.300004,2.300004,0.0,0.0
12.0,11.0,2.300004,2.300004,2.300004,2.300004,0.0,0.0
12.0,10.0,2.300004,2.300004,2.300004,2.300004,4100.0,0.0
12.0,9.0,2.309999,2.309999,2.309999,2.309999,0.0,0.0
12.0,6.0,2.309999,2.309999,2.309999,2.309999,0.0,0.0
12.0,5.0,2.309999,2.309999,2.309999,2.309999,0.0,0.0
12.0,4.0,2.309999,2.309999,2.309999,2.309999,0.0,0.0
12.0,3.0,2.309999,2.309999,2.309999,2.309999,0.0,0.0
12.0,2.0,2.309999,2.309999,2.309999,2.309999,0.0,0.0
11.0,29.0,2.309999,2.309999,2.309999,2.309999,0.0,0.0
11.0,27.0,2.309999,2.309999,2.309999,2.309999,0.0,0.0
11.0,26.0,2.309999,2.309999,2.309999,2.309999,0.0,0.0
11.0,25.0,2.309999,2.309999,2.309999,2.309999,0.0,0.0
11.0,22.0,2.309999,2.309999,2.309999,2.309999,0.0,0.0
11.0,21.0,2.309999,2.309999,2.309999,2.309999,0.0,0.0
11.0,20.0,2.309999,2.309999,2.309999,2.309999,0.0,0.0
11.0,19.0,2.309999,2.309999,2.309999,2.309999,0.0,0.0
11.0,18.0,2.309999,2.309999,2.309999,2.309999,0.0,0.0
11.0,15.0,2.309999,2.309999,2.309999,2.309999,18800.0,0.0
11.0,14.0,2.33,2.33,2.33,2.33,0.0,0.0
11.0,13.0,2.33,2.33,2.33,2.33,0.0,0.0
11.0,12.0,2.33,2.33,2.33,2.33,0.0,0.0
11.0,11.0,2.33,2.33,2.33,2.33,0.0,0.0
11.0,8.0,2.33,2.33,2.33,2.33,0.0,0.0
11.0,7.0,2.33,2.33,2.33,2.33,0.0,0.0
11.0,6.0,2.33,2.33,2.33,2.33,0.0,0.0
11.0,5.0,2.33,2.33,2.33,2.33,4600.0,0.0
11.0,4.0,2.33,2.33,2.33,2.33,1300.0,0.0
11.0,1.0,2.300004,2.300004,2.300004,2.300004,0.0,0.0
10.0,31.0,2.300004,2.300004,2.300004,2.300004,0.0,0.0
10.0,30.0,2.300004,2.300004,2.300004,2.300004,0.0,0.0
10.0,29.0,2.300004,2.300004,2.300004,2.300004,0.0,0.0
10.0,28.0,2.300004,2.300004,2.300004,2.300004,0.0,0.0
10.0,25.0,2.300004,2.300004,2.300004,2.300004,0.0,0.0
10.0,24.0,2.300004,2.300004,2.300004,2.300004,0.0,0.0
10.0,23.0,2.300004,2.300004,2.300004,2.300004,5000.0,0.0
10.0,22.0,2.309999,2.309999,2.309999,2.309999,0.0,0.0
10.0,21.0,2.309999,2.309999,2.309999,2.309999,0.0,0.0
10.0,18.0,2.309999,2.309999,2.309999,2.309999,0.0,0.0
10.0,17.0,2.309999,2.309999,2.309999,2.309999,0.0,0.0
10.0,16.0,2.309999,2.309999,2.309999,2.309999,0.0,0.0
10.0,15.0,2.309999,2.309999,2.309999,2.309999,1500.0,0.0
10.0,14.0,2.359996,2.359996,2.359996,2.359996,0.0,0.0
10.0,11.0,2.359996,2.359996,2.359996,2.359996,0.0,0.0
10.0,10.0,2.359996,2.359996,2.359996,2.359996,0.0,0.0
10.0,9.0,2.359996,2.359996,2.359996,2.359996,0.0,0.0
10.0,8.0,2.359996,2.359996,2.359996,2.359996,0.0,0.0
10.0,7.0,2.359996,2.359996,2.359996,2.359996,0.0,0.0
10.0,4.0,2.359996,2.359996,2.359996,2.359996,0.0,0.0
10.0,3.0,2.359996,2.359996,2.359996,2.359996,0.0,0.0
10.0,2.0,2.359996,2.359996,2.359996,2.359996,0.0,0.0
10.0,1.0,2.359996,2.359996,2.359996,2.359996,0.0,0.0
9.0,30.0,2.359996,2.359996,2.359996,2.359996,0.0,0.0
9.0,27.0,2.359996,2.359996,2.359996,2.359996,0.0,0.0
9.0,26.0,2.359996,2.359996,2.359996,2.359996,3200.0,0.0
9.0,25.0,2.289998,2.289998,2.289998,2.289998,1100.0,0.0
9.0,24.0,2.300004,2.300004,2.300004,2.300004,0.0,0.0
9.0,23.0,2.300004,2.300004,2.300004,2.300004,4800.0,0.0
9.0,20.0,2.440001,2.440001,2.440001,2.440001,0.0,0.0
9.0,19.0,2.440001,2.440001,2.440001,2.440001,0.0,0.0
9.0,18.0,2.440001,2.440001,2.440001,2.440001,0.0,0.0
9.0,17.0,2.440001,2.440001,2.440001,2.440001,88200.0,0.0
9.0,16.0,2.399999,2.399999,2.399999,2.399999,0.0,0.0
9.0,13.0,2.399999,2.399999,2.399999,2.399999,0.0,0.0
9.0,12.0,2.399999,2.399999,2.399999,2.399999,0.0,0.0
9.0,11.0,2.339995,2.399999,2.339995,2.399999,11600.0,0.06000400000000017
9.0,10.0,2.429995,2.429995,2.429995,2.429995,0.0,0.0
9.0,9.0,2.429995,2.429995,2.429995,2.429995,0.0,0.0
9.0,6.0,2.429995,2.429995,2.429995,2.429995,1000.0,0.0
9.0,5.0,2.410005,2.410005,2.410005,2.410005,0.0,0.0
9.0,4.0,2.410005,2.410005,2.410005,2.410005,0.0,0.0
9.0,3.0,2.399999,2.410005,2.399999,2.410005,108900.0,0.010005999999999737
8.0,30.0,2.38001,2.38001,2.38001,2.38001,4300.0,0.0
8.0,29.0,2.42,2.42,2.42,2.42,700.0,0.0
8.0,28.0,2.390004,2.390004,2.390004,2.390004,1500.0,0.0
8.0,27.0,2.500005,2.500005,2.500005,2.500005,0.0,0.0
8.0,26.0,2.500005,2.500005,2.500005,2.500005,0.0,0.0
8.0,23.0,2.500005,2.500005,2.500005,2.500005,0.0,0.0
8.0,22.0,2.500005,2.500005,2.500005,2.500005,0.0,0.0
8.0,21.0,2.500005,2.500005,2.500005,2.500005,700.0,0.0
8.0,20.0,2.550002,2.550002,2.550002,2.550002,0.0,0.0
8.0,19.0,2.550002,2.550002,2.550002,2.550002,200.0,0.0
8.0,16.0,2.550002,2.550002,2.550002,2.550002,0.0,0.0
8.0,15.0,2.550002,2.550002,2.550002,2.550002,12100.0,0.0
8.0,14.0,2.489998,2.489998,2.489998,2.489998,0.0,0.0
8.0,13.0,2.489998,2.489998,2.489998,2.489998,0.0,0.0
8.0,12.0,2.489998,2.489998,2.489998,2.489998,0.0,0.0
8.0,9.0,2.489998,2.489998,2.489998,2.489998,0.0,0.0
8.0,8.0,2.489998,2.489998,2.489998,2.489998,0.0,0.0
8.0,7.0,2.489998,2.489998,2.489998,2.489998,0.0,0.0
8.0,6.0,2.489998,2.489998,2.489998,2.489998,0.0,0.0
8.0,5.0,2.489998,2.489998,2.489998,2.489998,0.0,0.0
8.0,2.0,2.489998,2.489998,2.489998,2.489998,0.0,0.0
8.0,1.0,2.489998,2.489998,2.489998,2.489998,0.0,0.0
7.0,31.0,2.489998,2.489998,2.489998,2.489998,0.0,0.0
7.0,30.0,2.489998,2.489998,2.489998,2.489998,0.0,0.0
7.0,29.0,2.489998,2.489998,2.489998,2.489998,0.0,0.0
7.0,26.0,2.489998,2.489998,2.489998,2.489998,0.0,0.0
7.0,25.0,2.489998,2.489998,2.489998,2.489998,0.0,0.0
7.0,24.0,2.489998,2.489998,2.489998,2.489998,0.0,0.0
7.0,23.0,2.489998,2.489998,2.489998,2.489998,0.0,0.0
7.0,22.0,2.489998,2.489998,2.489998,2.489998,0.0,0.0
7.0,19.0,2.489998,2.489998,2.489998,2.489998,0.0,0.0
7.0,18.0,2.489998,2.489998,2.489998,2.489998,0.0,0.0
7.0,17.0,2.489998,2.489998,2.489998,2.489998,0.0,0.0
7.0,16.0,2.489998,2.489998,2.489998,2.489998,6300.0,0.0
7.0,15.0,2.610007,2.610007,2.610007,2.610007,400.0,0.0
7.0,12.0,2.6,2.6,2.6,2.6,0.0,0.0
7.0,11.0,2.6,2.6,2.6,2.6,0.0,0.0
7.0,10.0,2.6,2.6,2.6,2.6,0.0,0.0
7.0,9.0,2.6,2.6,2.6,2.6,0.0,0.0
7.0,8.0,2.6,2.6,2.6,2.6,0.0,0.0
7.0,5.0,2.6,2.6,2.6,2.6,0.0,0.0
7.0,3.0,2.6,2.6,2.6,2.6,0.0,0.0
7.0,2.0,2.6,2.6,2.6,2.6,0.0,0.0
7.0,1.0,2.6,2.6,2.6,2.6,0.0,0.0
6.0,28.0,2.6,2.6,2.6,2.6,0.0,0.0
6.0,27.0,2.6,2.6,2.6,2.6,1200.0,0.0
6.0,26.0,2.830009,2.830009,2.830009,2.830009,0.0,0.0
6.0,25.0,2.830009,2.830009,2.830009,2.830009,0.0,0.0
6.0,24.0,2.830009,2.830009,2.830009,2.830009,0.0,0.0
6.0,21.0,2.830009,2.830009,2.830009,2.830009,0.0,0.0
6.0,20.0,2.830009,2.830009,2.830009,2.830009,0.0,0.0
6.0,19.0,2.830009,2.830009,2.830009,2.830009,0.0,0.0
6.0,18.0,2.830009,2.830009,2.830009,2.830009,0.0,0.0
6.0,17.0,2.830009,2.830009,2.830009,2.830009,0.0,0.0
6.0,14.0,2.830009,2.830009,2.830009,2.830009,0.0,0.0
6.0,13.0,2.830009,2.830009,2.830009,2.830009,0.0,0.0
6.0,12.0,2.830009,2.830009,2.830009,2.830009,0.0,0.0
6.0,11.0,2.830009,2.830009,2.830009,2.830009,0.0,0.0
6.0,10.0,2.830009,2.830009,2.830009,2.830009,0.0,0.0
6.0,7.0,2.830009,2.830009,2.830009,2.830009,0.0,0.0
6.0,6.0,2.830009,2.830009,2.830009,2.830009,0.0,0.0
6.0,5.0,2.830009,2.830009,2.830009,2.830009,0.0,0.0
6.0,4.0,2.830009,2.830009,2.830009,2.830009,1000.0,0.0
6.0,3.0,2.750004,2.750004,2.750004,2.750004,0.0,0.0
5.0,31.0,2.750004,2.750004,2.750004,2.750004,0.0,0.0
5.0,30.0,2.750004,2.750004,2.750004,2.750004,0.0,0.0
5.0,29.0,2.750004,2.750004,2.750004,2.750004,0.0,0.0
5.0,28.0,2.750004,2.750004,2.750004,2.750004,1300.0,0.0
5.0,24.0,2.970006,2.970006,2.970006,2.970006,0.0,0.0
5.0,23.0,2.970006,2.970006,2.970006,2.970006,0.0,0.0
5.0,22.0,2.970006,2.970006,2.970006,2.970006,0.0,0.0
5.0,21.0,2.970006,2.970006,2.970006,2.970006,0.0,0.0
5.0,20.0,2.970006,2.970006,2.970006,2.970006,0.0,0.0
5.0,17.0,2.970006,2.970006,2.970006,2.970006,0.0,0.0
5.0,16.0,2.970006,2.970006,2.970006,2.970006,0.0,0.0
5.0,15.0,2.970006,2.970006,2.970006,2.970006,0.0,0.0
5.0,14.0,2.970006,2.970006,2.970006,2.970006,0.0,0.0
5.0,13.0,2.970006,2.970006,2.970006,2.970006,0.0,0.0
5.0,10.0,2.970006,2.970006,2.970006,2.970006,0.0,0.0
5.0,9.0,2.970006,2.970006,2.970006,2.970006,0.0,0.0
5.0,8.0,2.970006,2.970006,2.970006,2.970006,0.0,0.0
5.0,7.0,2.970006,2.970006,2.970006,2.970006,0.0,0.0
5.0,6.0,2.970006,2.970006,2.970006,2.970006,0.0,0.0
5.0,3.0,2.970006,2.970006,2.970006,2.970006,0.0,0.0
5.0,2.0,2.970006,2.970006,2.970006,2.970006,0.0,0.0
5.0,1.0,2.970006,2.970006,2.970006,2.970006,200.0,0.0
4.0,30.0,2.899995,2.899995,2.899995,2.899995,3900.0,0.0
4.0,29.0,3.009996,3.009996,3.009996,3.009996,10100.0,0.0
4.0,26.0,3.000002,3.000002,3.000002,3.000002,0.0,0.0
4.0,25.0,3.000002,3.000002,3.000002,3.000002,0.0,0.0
4.0,24.0,3.000002,3.000002,3.000002,3.000002,0.0,0.0
4.0,23.0,3.000002,3.000002,3.000002,3.000002,0.0,0.0
4.0,22.0,3.000002,3.000002,3.000002,3.000002,0.0,0.0
4.0,19.0,3.000002,3.000002,3.000002,3.000002,0.0,0.0
4.0,18.0,3.000002,3.000002,3.000002,3.000002,0.0,0.0
4.0,17.0,3.000002,3.000002,3.000002,3.000002,0.0,0.0
4.0,16.0,3.000002,3.000002,3.000002,3.000002,0.0,0.0
4.0,15.0,3.000002,3.000002,3.000002,3.000002,0.0,0.0
4.0,12.0,3.000002,3.000002,3.000002,3.000002,0.0,0.0
4.0,11.0,3.000002,3.000002,3.000002,3.000002,0.0,0.0
4.0,10.0,3.000002,3.000002,3.000002,3.000002,0.0,0.0
4.0,9.0,3.000002,3.000002,3.000002,3.000002,0.0,0.0
4.0,8.0,3.000002,3.000002,3.000002,3.000002,200.0,0.0
4.0,5.0,2.890001,2.890001,2.890001,2.890001,0.0,0.0
4.0,4.0,2.890001,2.890001,2.890001,2.890001,0.0,0.0
4.0,3.0,2.890001,2.890001,2.890001,2.890001,0.0,0.0
4.0,2.0,2.890001,2.890001,2.890001,2.890001,0.0,0.0
4.0,1.0,2.890001,2.890001,2.890001,2.890001,0.0,0.0
3.0,28.0,2.890001,2.890001,2.890001,2.890001,0.0,0.0
3.0,27.0,2.890001,2.890001,2.890001,2.890001,0.0,0.0
3.0,26.0,2.890001,2.890001,2.890001,2.890001,0.0,0.0
3.0,25.0,2.890001,2.890001,2.890001,2.890001,0.0,0.0
3.0,22.0,2.890001,2.890001,2.890001,2.890001,8300.0,0.0
3.0,21.0,2.840003,2.840003,2.840003,2.840003,0.0,0.0
3.0,20.0,2.840003,2.840003,2.840003,2.840003,0.0,0.0
3.0,19.0,2.840003,2.840003,2.840003,2.840003,0.0,0.0
3.0,18.0,2.840003,2.840003,2.840003,2.840003,0.0,0.0
3.0,15.0,2.840003,2.840003,2.840003,2.840003,0.0,0.0
3.0,14.0,2.840003,2.840003,2.840003,2.840003,0.0,0.0
3.0,13.0,2.840003,2.840003,2.840003,2.840003,0.0,0.0
3.0,12.0,2.840003,2.840003,2.840003,2.840003,0.0,0.0
3.0,11.0,2.840003,2.840003,2.840003,2.840003,56000.0,0.0
3.0,8.0,2.930003,2.930003,2.930003,2.930003,16900.0,0.0
3.0,7.0,2.750004,2.750004,2.750004,2.750004,0.0,0.0
3.0,6.0,2.750004,2.750004,2.750004,2.750004,0.0,0.0
3.0,5.0,2.750004,2.750004,2.750004,2.750004,0.0,0.0
3.0,4.0,2.750004,2.750004,2.750004,2.750004,0.0,0.0
3.0,1.0,2.720008,2.750004,2.720008,2.750004,11000.0,0.029996000000000134
2.0,28.0,2.689999,2.689999,2.689999,2.689999,0.0,0.0
2.0,27.0,2.689999,2.689999,2.689999,2.689999,0.0,0.0
2.0,26.0,2.739997,2.739997,2.689999,2.689999,45000.0,-0.04999799999999999
2.0,25.0,2.800001,2.800001,2.800001,2.800001,0.0,0.0
2.0,22.0,2.800001,2.800001,2.800001,2.800001,0.0,0.0
2.0,21.0,2.800001,2.800001,2.800001,2.800001,0.0,0.0
2.0,20.0,2.800001,2.800001,2.800001,2.800001,800.0,0.0
2.0,19.0,2.769992,2.769992,2.769992,2.769992,0.0,0.0
2.0,15.0,2.710001,2.769992,2.710001,2.769992,2600.0,0.05999099999999968
2.0,14.0,2.750004,2.750004,2.750004,2.750004,0.0,0.0
2.0,13.0,2.750004,2.750004,2.750004,2.750004,0.0,0.0
2.0,12.0,2.750004,2.750004,2.750004,2.750004,0.0,0.0
2.0,11.0,2.750004,2.750004,2.750004,2.750004,0.0,0.0
2.0,8.0,2.750004,2.750004,2.750004,2.750004,0.0,0.0
2.0,7.0,2.750004,2.750004,2.750004,2.750004,0.0,0.0
2.0,6.0,2.750004,2.750004,2.750004,2.750004,0.0,0.0
2.0,5.0,2.750004,2.750004,2.750004,2.750004,0.0,0.0
2.0,4.0,2.750004,2.750004,2.750004,2.750004,0.0,0.0
2.0,1.0,2.750004,2.750004,2.750004,2.750004,0.0,0.0
1.0,31.0,2.750004,2.750004,2.750004,2.750004,0.0,0.0
1.0,30.0,2.750004,2.750004,2.750004,2.750004,0.0,0.0
1.0,29.0,2.750004,2.750004,2.750004,2.750004,0.0,0.0
1.0,28.0,2.750004,2.750004,2.750004,2.750004,0.0,0.0
1.0,25.0,2.750004,2.750004,2.750004,2.750004,0.0,0.0
1.0,24.0,2.750004,2.750004,2.750004,2.750004,0.0,0.0
1.0,23.0,2.750004,2.750004,2.750004,2.750004,1200.0,0.0
1.0,22.0,2.830009,2.830009,2.830009,2.830009,0.0,0.0
1.0,18.0,2.830009,2.830009,2.830009,2.830009,700.0,0.0
1.0,17.0,2.689999,2.689999,2.689999,2.689999,0.0,0.0
1.0,16.0,2.689999,2.689999,2.689999,2.689999,0.0,0.0
1.0,15.0,2.689999,2.689999,2.689999,2.689999,200.0,0.0
1.0,14.0,2.640002,2.640002,2.640002,2.640002,0.0,0.0
1.0,11.0,2.640002,2.640002,2.640002,2.640002,0.0,0.0
1.0,10.0,2.640002,2.640002,2.640002,2.640002,10800.0,0.0
1.0,9.0,2.620001,2.620001,2.620001,2.620001,0.0,0.0
1.0,8.0,2.620001,2.620001,2.620001,2.620001,0.0,0.0
1.0,7.0,2.620001,2.620001,2.620001,2.620001,0.0,0.0
1.0,4.0,2.620001,2.620001,2.620001,2.620001,0.0,0.0
1.0,3.0,2.620001,2.620001,2.620001,2.620001,0.0,0.0
1.0,2.0,2.620001,2.620001,2.620001,2.620001,0.0,0.0
12.0,31.0,2.620001,2.620001,2.620001,2.620001,10800.0,0.0
12.0,28.0,2.679993,2.679993,2.679993,2.679993,0.0,0.0
12.0,27.0,2.679993,2.679993,2.679993,2.679993,0.0,0.0
12.0,26.0,2.679993,2.679993,2.679993,2.679993,0.0,0.0
12.0,24.0,2.679993,2.679993,2.679993,2.679993,0.0,0.0
12.0,21.0,2.679993,2.679993,2.679993,2.679993,0.0,0.0
12.0,20.0,2.679993,2.679993,2.679993,2.679993,300.0,0.0
12.0,19.0,2.679993,2.679993,2.679993,2.679993,7600.0,0.0
12.0,18.0,2.710001,2.710001,2.710001,2.710001,0.0,0.0
12.0,17.0,2.710001,2.710001,2.710001,2.710001,0.0,0.0
12.0,14.0,2.710001,2.710001,2.710001,2.710001,0.0,0.0
12.0,13.0,2.710001,2.710001,2.710001,2.710001,0.0,0.0
12.0,12.0,2.710001,2.710001,2.710001,2.710001,0.0,0.0
12.0,11.0,2.710001,2.710001,2.710001,2.710001,0.0,0.0
12.0,10.0,2.710001,2.710001,2.710001,2.710001,11300.0,0.0
12.0,7.0,2.759998,2.759998,2.759998,2.759998,0.0,0.0
12.0,6.0,2.739997,2.759998,2.739997,2.759998,50800.0,0.020001000000000158
12.0,5.0,2.750004,2.750004,2.750004,2.750004,0.0,0.0
12.0,4.0,2.750004,2.750004,2.750004,2.750004,700.0,0.0
12.0,3.0,2.720008,2.720008,2.720008,2.720008,0.0,0.0
11.0,30.0,2.720008,2.720008,2.720008,2.720008,0.0,0.0
11.0,29.0,2.720008,2.720008,2.720008,2.720008,6400.0,0.0
11.0,28.0,2.700006,2.700006,2.700006,2.700006,0.0,0.0
11.0,27.0,2.700006,2.700006,2.700006,2.700006,0.0,0.0
11.0,26.0,2.700006,2.700006,2.700006,2.700006,1200.0,0.0
11.0,23.0,2.710001,2.710001,2.710001,2.710001,0.0,0.0
11.0,21.0,2.710001,2.710001,2.710001,2.710001,0.0,0.0
11.0,20.0,2.710001,2.710001,2.710001,2.710001,0.0,0.0
11.0,19.0,2.710001,2.710001,2.710001,2.710001,0.0,0.0
11.0,16.0,2.710001,2.710001,2.710001,2.710001,0.0,0.0
11.0,15.0,2.710001,2.710001,2.710001,2.710001,0.0,0.0
11.0,14.0,2.710001,2.710001,2.710001,2.710001,0.0,0.0
11.0,13.0,2.710001,2.710001,2.710001,2.710001,0.0,0.0
11.0,12.0,2.710001,2.710001,2.710001,2.710001,0.0,0.0
11.0,9.0,2.710001,2.710001,2.710001,2.710001,0.0,0.0
11.0,8.0,2.710001,2.710001,2.710001,2.710001,0.0,0.0
11.0,7.0,2.710001,2.710001,2.710001,2.710001,0.0,0.0
11.0,6.0,2.710001,2.710001,2.710001,2.710001,0.0,0.0
11.0,5.0,2.710001,2.710001,2.710001,2.710001,0.0,0.0
11.0,2.0,2.710001,2.710001,2.710001,2.710001,0.0,0.0
11.0,1.0,2.710001,2.710001,2.710001,2.710001,700.0,0.0
10.0,31.0,2.520007,2.520007,2.520007,2.520007,0.0,0.0
10.0,26.0,2.520007,2.520007,2.520007,2.520007,0.0,0.0
10.0,25.0,2.520007,2.520007,2.520007,2.520007,0.0,0.0
10.0,24.0,2.520007,2.520007,2.520007,2.520007,0.0,0.0
10.0,23.0,2.520007,2.520007,2.520007,2.520007,0.0,0.0
10.0,22.0,2.520007,2.520007,2.520007,2.520007,0.0,0.0
10.0,19.0,2.520007,2.520007,2.520007,2.520007,0.0,0.0
10.0,18.0,2.520007,2.520007,2.520007,2.520007,0.0,0.0
10.0,17.0,2.520007,2.520007,2.520007,2.520007,1200.0,0.0
10.0,16.0,2.500005,2.500005,2.500005,2.500005,0.0,0.0
10.0,15.0,2.500005,2.500005,2.500005,2.500005,0.0,0.0
10.0,12.0,2.500005,2.500005,2.500005,2.500005,0.0,0.0
10.0,11.0,2.500005,2.500005,2.500005,2.500005,300.0,0.0
10.0,10.0,2.559997,2.559997,2.559997,2.559997,0.0,0.0
10.0,9.0,2.559997,2.559997,2.559997,2.559997,700.0,0.0
10.0,8.0,2.500005,2.500005,2.500005,2.500005,0.0,0.0
10.0,5.0,2.500005,2.500005,2.500005,2.500005,0.0,0.0
10.0,4.0,2.500005,2.500005,2.500005,2.500005,0.0,0.0
10.0,3.0,2.500005,2.500005,2.500005,2.500005,3900.0,0.0
10.0,2.0,2.51,2.51,2.51,2.51,0.0,0.0
10.0,1.0,2.51,2.51,2.51,2.51,0.0,0.0
9.0,28.0,2.51,2.51,2.51,2.51,0.0,0.0
9.0,27.0,2.51,2.51,2.51,2.51,800.0,0.0
9.0,26.0,2.480004,2.480004,2.480004,2.480004,700.0,0.0
9.0,25.0,2.399999,2.399999,2.399999,2.399999,0.0,0.0
9.0,24.0,2.399999,2.399999,2.399999,2.399999,0.0,0.0
9.0,21.0,2.399999,2.399999,2.399999,2.399999,0.0,0.0
9.0,20.0,2.399999,2.399999,2.399999,2.399999,0.0,0.0
9.0,19.0,2.399999,2.399999,2.399999,2.399999,0.0,0.0
9.0,18.0,2.399999,2.399999,2.399999,2.399999,1200.0,0.0
9.0,17.0,2.399999,2.410005,2.399999,2.410005,2800.0,0.010005999999999737
9.0,14.0,2.410005,2.410005,2.410005,2.410005,4400.0,0.0
9.0,13.0,2.289998,2.289998,2.289998,2.289998,0.0,0.0
9.0,12.0,2.289998,2.289998,2.289998,2.289998,2100.0,0.0
9.0,11.0,2.38001,2.38001,2.38001,2.38001,700.0,0.0
9.0,10.0,2.300004,2.300004,2.300004,2.300004,0.0,0.0
9.0,7.0,2.300004,2.300004,2.300004,2.300004,0.0,0.0
9.0,6.0,2.300004,2.300004,2.300004,2.300004,6100.0,0.0
9.0,5.0,2.319994,2.319994,2.319994,2.319994,0.0,0.0
9.0,4.0,2.319994,2.319994,2.319994,2.319994,0.0,0.0
8.0,31.0,2.319994,2.319994,2.319994,2.319994,45700.0,0.0
8.0,30.0,2.339995,2.339995,2.339995,2.339995,0.0,0.0
8.0,29.0,2.339995,2.339995,2.339995,2.339995,0.0,0.0
8.0,28.0,2.339995,2.339995,2.339995,2.339995,0.0,0.0
8.0,27.0,2.339995,2.339995,2.339995,2.339995,800.0,0.0
8.0,24.0,2.300004,2.300004,2.300004,2.300004,0.0,0.0
8.0,23.0,2.300004,2.300004,2.300004,2.300004,2600.0,0.0
8.0,22.0,2.300004,2.300004,2.300004,2.300004,0.0,0.0
8.0,21.0,2.300004,2.300004,2.300004,2.300004,0.0,0.0
8.0,20.0,2.300004,2.300004,2.300004,2.300004,0.0,0.0
8.0,17.0,2.300004,2.300004,2.300004,2.300004,0.0,0.0
8.0,16.0,2.300004,2.300004,2.300004,2.300004,0.0,0.0
8.0,15.0,2.300004,2.300004,2.300004,2.300004,0.0,0.0
8.0,14.0,2.300004,2.300004,2.300004,2.300004,0.0,0.0
8.0,13.0,2.300004,2.300004,2.300004,2.300004,0.0,0.0
8.0,10.0,2.300004,2.300004,2.300004,2.300004,0.0,0.0
8.0,9.0,2.300004,2.300004,2.300004,2.300004,0.0,0.0
8.0,8.0,2.300004,2.300004,2.300004,2.300004,0.0,0.0
8.0,7.0,2.300004,2.300004,2.300004,2.300004,0.0,0.0
8.0,6.0,2.300004,2.300004,2.300004,2.300004,0.0,0.0
8.0,3.0,2.300004,2.300004,2.300004,2.300004,7400.0,0.0
8.0,2.0,2.100004,2.100004,2.100004,2.100004,0.0,0.0
8.0,1.0,2.100004,2.100004,2.100004,2.100004,0.0,0.0
7.0,31.0,2.100004,2.100004,2.100004,2.100004,0.0,0.0
7.0,30.0,2.100004,2.100004,2.100004,2.100004,0.0,0.0
7.0,27.0,2.100004,2.100004,2.100004,2.100004,0.0,0.0
7.0,26.0,2.100004,2.100004,2.100004,2.100004,0.0,0.0
7.0,25.0,2.100004,2.100004,2.100004,2.100004,0.0,0.0
7.0,24.0,2.100004,2.100004,2.100004,2.100004,0.0,0.0
7.0,23.0,2.100004,2.100004,2.100004,2.100004,0.0,0.0
7.0,20.0,2.100004,2.100004,2.100004,2.100004,0.0,0.0
7.0,19.0,2.100004,2.100004,2.100004,2.100004,0.0,0.0
7.0,18.0,2.100004,2.100004,2.100004,2.100004,0.0,0.0
7.0,17.0,2.100004,2.100004,2.100004,2.100004,0.0,0.0
7.0,16.0,2.119993,2.119993,2.100004,2.100004,1200.0,-0.019988999999999812
7.0,13.0,2.029993,2.029993,2.029993,2.029993,0.0,0.0
7.0,12.0,2.029993,2.029993,2.029993,2.029993,0.0,0.0
7.0,11.0,2.029993,2.029993,2.029993,2.029993,0.0,0.0
7.0,10.0,2.029993,2.029993,2.029993,2.029993,0.0,0.0
7.0,9.0,2.029993,2.029993,2.029993,2.029993,0.0,0.0
7.0,6.0,2.029993,2.029993,2.029993,2.029993,0.0,0.0
7.0,5.0,2.029993,2.029993,2.029993,2.029993,0.0,0.0
7.0,3.0,2.029993,2.029993,2.029993,2.029993,0.0,0.0
7.0,2.0,2.029993,2.029993,2.029993,2.029993,0.0,0.0
6.0,29.0,2.029993,2.029993,2.029993,2.029993,0.0,0.0
6.0,28.0,2.029993,2.029993,2.029993,2.029993,0.0,0.0
6.0,27.0,2.029993,2.029993,2.029993,2.029993,0.0,0.0
6.0,26.0,2.029993,2.029993,2.029993,2.029993,0.0,0.0
6.0,25.0,2.029993,2.029993,2.029993,2.029993,0.0,0.0
6.0,22.0,2.029993,2.029993,2.029993,2.029993,0.0,0.0
6.0,21.0,2.029993,2.029993,2.029993,2.029993,9400.0,0.0
6.0,20.0,2.109998,2.109998,2.109998,2.109998,0.0,0.0
6.0,19.0,2.109998,2.109998,2.109998,2.109998,0.0,0.0
6.0,18.0,2.109998,2.109998,2.109998,2.109998,0.0,0.0
6.0,15.0,2.109998,2.109998,2.109998,2.109998,0.0,0.0
6.0,14.0,2.109998,2.109998,2.109998,2.109998,0.0,0.0
6.0,13.0,2.109998,2.109998,2.109998,2.109998,1200.0,0.0
6.0,12.0,2.33,2.33,2.33,2.33,0.0,0.0
6.0,11.0,2.33,2.33,2.33,2.33,0.0,0.0
6.0,8.0,2.33,2.33,2.33,2.33,0.0,0.0
6.0,7.0,2.33,2.33,2.33,2.33,0.0,0.0
6.0,6.0,2.33,2.33,2.33,2.33,0.0,0.0
6.0,5.0,2.33,2.33,2.33,2.33,0.0,0.0
6.0,4.0,2.33,2.33,2.33,2.33,0.0,0.0
6.0,1.0,2.33,2.33,2.33,2.33,0.0,0.0
5.0,31.0,2.33,2.33,2.33,2.33,0.0,0.0
5.0,30.0,2.33,2.33,2.33,2.33,0.0,0.0
5.0,29.0,2.33,2.33,2.33,2.33,0.0,0.0
5.0,25.0,2.33,2.33,2.33,2.33,0.0,0.0
5.0,24.0,2.33,2.33,2.33,2.33,0.0,0.0
5.0,23.0,2.33,2.33,2.33,2.33,0.0,0.0
5.0,22.0,2.33,2.33,2.33,2.33,0.0,0.0
5.0,21.0,2.33,2.33,2.33,2.33,1200.0,0.0
5.0,18.0,2.449996,2.449996,2.449996,2.449996,0.0,0.0
5.0,17.0,2.449996,2.449996,2.449996,2.449996,0.0,0.0
5.0,16.0,2.449996,2.449996,2.449996,2.449996,0.0,0.0
5.0,15.0,2.449996,2.449996,2.449996,2.449996,0.0,0.0
5.0,14.0,2.449996,2.449996,2.449996,2.449996,0.0,0.0
5.0,11.0,2.449996,2.449996,2.449996,2.449996,0.0,0.0
5.0,10.0,2.449996,2.449996,2.449996,2.449996,0.0,0.0
5.0,9.0,2.449996,2.449996,2.449996,2.449996,0.0,0.0
5.0,8.0,2.449996,2.449996,2.449996,2.449996,0.0,0.0
5.0,7.0,2.449996,2.449996,2.449996,2.449996,0.0,0.0
5.0,4.0,2.449996,2.449996,2.449996,2.449996,0.0,0.0
5.0,3.0,2.500005,2.500005,2.449996,2.449996,20600.0,-0.05000899999999975
5.0,2.0,2.6,2.6,2.6,2.6,0.0,0.0
5.0,1.0,2.6,2.6,2.6,2.6,0.0,0.0
4.0,30.0,2.6,2.6,2.6,2.6,0.0,0.0
4.0,27.0,2.6,2.6,2.6,2.6,0.0,0.0
4.0,26.0,2.6,2.6,2.6,2.6,0.0,0.0
4.0,25.0,2.6,2.6,2.6,2.6,0.0,0.0
4.0,24.0,2.6,2.6,2.6,2.6,0.0,0.0
4.0,23.0,2.6,2.6,2.6,2.6,200.0,0.0
4.0,20.0,2.6,2.6,2.6,2.6,0.0,0.0
4.0,19.0,2.579998,2.6,2.569992,2.6,48400.0,0.020002000000000297
4.0,18.0,2.539996,2.539996,2.539996,2.539996,0.0,0.0
4.0,17.0,2.539996,2.539996,2.539996,2.539996,0.0,0.0
4.0,16.0,2.539996,2.539996,2.539996,2.539996,0.0,0.0
4.0,13.0,2.539996,2.539996,2.539996,2.539996,0.0,0.0
4.0,12.0,2.539996,2.539996,2.539996,2.539996,0.0,0.0
4.0,11.0,2.539996,2.539996,2.539996,2.539996,0.0,0.0
4.0,10.0,2.539996,2.539996,2.539996,2.539996,5000.0,0.0
4.0,9.0,2.530001,2.530001,2.530001,2.530001,0.0,0.0
4.0,5.0,2.530001,2.530001,2.530001,2.530001,0.0,0.0
4.0,4.0,2.530001,2.530001,2.530001,2.530001,0.0,0.0
4.0,3.0,2.530001,2.530001,2.530001,2.530001,0.0,0.0
4.0,2.0,2.530001,2.530001,2.530001,2.530001,0.0,0.0
3.0,30.0,2.530001,2.530001,2.530001,2.530001,0.0,0.0
3.0,29.0,2.530001,2.530001,2.530001,2.530001,0.0,0.0
3.0,28.0,2.530001,2.530001,2.530001,2.530001,0.0,0.0
3.0,27.0,2.530001,2.530001,2.530001,2.530001,0.0,0.0
3.0,26.0,2.530001,2.530001,2.530001,2.530001,0.0,0.0
3.0,23.0,2.530001,2.530001,2.530001,2.530001,8800.0,0.0
3.0,22.0,2.449996,2.449996,2.449996,2.449996,0.0,0.0
3.0,21.0,2.449996,2.449996,2.449996,2.449996,0.0,0.0
3.0,20.0,2.449996,2.449996,2.449996,2.449996,0.0,0.0
3.0,19.0,2.449996,2.449996,2.449996,2.449996,0.0,0.0
3.0,16.0,2.449996,2.449996,2.449996,2.449996,0.0,0.0
3.0,15.0,2.449996,2.449996,2.449996,2.449996,0.0,0.0
3.0,14.0,2.449996,2.449996,2.449996,2.449996,0.0,0.0
3.0,13.0,2.449996,2.449996,2.449996,2.449996,0.0,0.0
3.0,12.0,2.449996,2.449996,2.449996,2.449996,0.0,0.0
3.0,9.0,2.449996,2.449996,2.449996,2.449996,0.0,0.0
3.0,8.0,2.449996,2.449996,2.449996,2.449996,0.0,0.0
3.0,7.0,2.449996,2.449996,2.449996,2.449996,0.0,0.0
3.0,6.0,2.449996,2.449996,2.449996,2.449996,0.0,0.0
3.0,5.0,2.449996,2.449996,2.449996,2.449996,1200.0,0.0
3.0,2.0,2.42,2.42,2.42,2.42,12800.0,0.0
3.0,1.0,2.410005,2.410005,2.410005,2.410005,0.0,0.0
2.0,29.0,2.410005,2.410005,2.410005,2.410005,0.0,0.0
2.0,28.0,2.410005,2.410005,2.410005,2.410005,0.0,0.0
2.0,27.0,2.410005,2.410005,2.410005,2.410005,0.0,0.0
2.0,24.0,2.42,2.42,2.410005,2.410005,3100.0,-0.009994999999999976
2.0,23.0,2.199998,2.199998,2.199998,2.199998,0.0,0.0
2.0,22.0,2.199998,2.199998,2.199998,2.199998,0.0,0.0
2.0,21.0,2.199998,2.199998,2.199998,2.199998,0.0,0.0
2.0,17.0,2.199998,2.199998,2.199998,2.199998,0.0,0.0
2.0,16.0,2.199998,2.199998,2.199998,2.199998,0.0,0.0
2.0,15.0,2.199998,2.199998,2.199998,2.199998,0.0,0.0
2.0,14.0,2.199998,2.199998,2.199998,2.199998,0.0,0.0
2.0,13.0,2.199998,2.199998,2.199998,2.199998,0.0,0.0
2.0,10.0,2.199998,2.199998,2.199998,2.199998,0.0,0.0
2.0,9.0,2.199998,2.199998,2.199998,2.199998,0.0,0.0
2.0,8.0,2.199998,2.199998,2.199998,2.199998,0.0,0.0
2.0,7.0,2.199998,2.199998,2.199998,2.199998,0.0,0.0
2.0,6.0,2.199998,2.199998,2.199998,2.199998,0.0,0.0
2.0,3.0,2.199998,2.199998,2.199998,2.199998,0.0,0.0
2.0,2.0,2.199998,2.199998,2.199998,2.199998,0.0,0.0
2.0,1.0,2.199998,2.199998,2.199998,2.199998,8000.0,0.0
1.0,31.0,2.249995,2.249995,2.249995,2.249995,0.0,0.0
1.0,30.0,2.249995,2.249995,2.249995,2.249995,0.0,0.0
1.0,27.0,2.249995,2.249995,2.249995,2.249995,0.0,0.0
1.0,26.0,2.249995,2.249995,2.249995,2.249995,0.0,0.0
1.0,25.0,2.249995,2.249995,2.249995,2.249995,0.0,0.0
1.0,24.0,2.249995,2.249995,2.249995,2.249995,0.0,0.0
1.0,23.0,2.249995,2.249995,2.249995,2.249995,0.0,0.0
1.0,20.0,2.249995,2.249995,2.249995,2.249995,0.0,0.0
1.0,19.0,2.249995,2.249995,2.249995,2.249995,0.0,0.0
1.0,18.0,2.249995,2.249995,2.249995,2.249995,0.0,0.0
1.0,17.0,2.249995,2.249995,2.249995,2.249995,0.0,0.0
1.0,13.0,2.249995,2.249995,2.249995,2.249995,0.0,0.0
1.0,12.0,2.249995,2.249995,2.249995,2.249995,0.0,0.0
1.0,11.0,2.249995,2.249995,2.249995,2.249995,0.0,0.0
1.0,10.0,2.249995,2.249995,2.249995,2.249995,0.0,0.0
1.0,9.0,2.249995,2.249995,2.249995,2.249995,0.0,0.0
1.0,6.0,2.249995,2.249995,2.249995,2.249995,0.0,0.0
1.0,5.0,2.249995,2.249995,2.249995,2.249995,3900.0,0.0
1.0,4.0,2.210005,2.210005,2.210005,2.210005,0.0,0.0
1.0,3.0,2.210005,2.210005,2.210005,2.210005,0.0,0.0
12.0,30.0,2.210005,2.210005,2.210005,2.210005,0.0,0.0
12.0,29.0,2.210005,2.210005,2.210005,2.210005,3100.0,0.0
12.0,28.0,2.199998,2.199998,2.199998,2.199998,0.0,0.0
12.0,27.0,2.199998,2.199998,2.199998,2.199998,0.0,0.0
12.0,23.0,2.199998,2.199998,2.199998,2.199998,0.0,0.0
12.0,22.0,2.199998,2.199998,2.199998,2.199998,0.0,0.0
12.0,21.0,2.199998,2.199998,2.199998,2.199998,0.0,0.0
12.0,20.0,2.199998,2.199998,2.199998,2.199998,0.0,0.0
12.0,19.0,2.199998,2.199998,2.199998,2.199998,0.0,0.0
12.0,16.0,2.199998,2.199998,2.199998,2.199998,0.0,0.0
12.0,15.0,2.199998,2.199998,2.199998,2.199998,0.0,0.0
12.0,14.0,2.199998,2.199998,2.199998,2.199998,0.0,0.0
12.0,13.0,2.199998,2.199998,2.199998,2.199998,0.0,0.0
12.0,12.0,2.199998,2.199998,2.199998,2.199998,0.0,0.0
12.0,9.0,2.199998,2.199998,2.199998,2.199998,0.0,0.0
12.0,8.0,2.199998,2.199998,2.199998,2.199998,0.0,0.0
12.0,7.0,2.199998,2.199998,2.199998,2.199998,0.0,0.0
12.0,6.0,2.199998,2.199998,2.199998,2.199998,0.0,0.0
12.0,5.0,2.199998,2.199998,2.199998,2.199998,0.0,0.0
12.0,2.0,2.199998,2.199998,2.199998,2.199998,0.0,0.0
12.0,1.0,2.199998,2.199998,2.199998,2.199998,0.0,0.0
11.0,30.0,2.199998,2.199998,2.199998,2.199998,0.0,0.0
11.0,29.0,2.199998,2.199998,2.199998,2.199998,0.0,0.0
11.0,28.0,2.199998,2.199998,2.199998,2.199998,0.0,0.0
11.0,25.0,2.199998,2.199998,2.199998,2.199998,0.0,0.0
11.0,23.0,2.199998,2.199998,2.199998,2.199998,0.0,0.0
11.0,22.0,2.199998,2.199998,2.199998,2.199998,0.0,0.0
11.0,21.0,2.199998,2.199998,2.199998,2.199998,1200.0,0.0
11.0,18.0,2.240001,2.240001,2.240001,2.240001,0.0,0.0
11.0,17.0,2.240001,2.240001,2.240001,2.240001,0.0,0.0
11.0,16.0,2.240001,2.240001,2.240001,2.240001,0.0,0.0
11.0,15.0,2.240001,2.240001,2.240001,2.240001,1900.0,0.0
11.0,14.0,2.289998,2.289998,2.289998,2.289998,6200.0,0.0
11.0,11.0,2.260002,2.260002,2.260002,2.260002,0.0,0.0
11.0,10.0,2.260002,2.260002,2.260002,2.260002,0.0,0.0
11.0,9.0,2.260002,2.260002,2.260002,2.260002,1200.0,0.0
11.0,8.0,2.300004,2.300004,2.300004,2.300004,1900.0,0.0
11.0,7.0,2.219999,2.219999,2.219999,2.219999,0.0,0.0
11.0,4.0,2.219999,2.219999,2.219999,2.219999,0.0,0.0
11.0,3.0,2.219999,2.219999,2.219999,2.219999,0.0,0.0
11.0,2.0,2.219999,2.219999,2.219999,2.219999,0.0,0.0
11.0,1.0,2.219999,2.219999,2.219999,2.219999,0.0,0.0
10.0,31.0,2.219999,2.219999,2.219999,2.219999,0.0,0.0
10.0,28.0,2.219999,2.219999,2.219999,2.219999,0.0,0.0
10.0,27.0,2.219999,2.219999,2.219999,2.219999,5600.0,0.0
10.0,26.0,2.070008,2.070008,2.070008,2.070008,0.0,0.0
10.0,25.0,2.070008,2.070008,2.070008,2.070008,0.0,0.0
10.0,24.0,2.070008,2.070008,2.070008,2.070008,0.0,0.0
10.0,21.0,2.070008,2.070008,2.070008,2.070008,0.0,0.0
10.0,20.0,2.070008,2.070008,2.070008,2.070008,0.0,0.0
10.0,19.0,2.070008,2.070008,2.070008,2.070008,0.0,0.0
10.0,18.0,2.070008,2.070008,2.070008,2.070008,3600.0,0.0
10.0,17.0,2.150001,2.150001,2.150001,2.150001,0.0,0.0
10.0,14.0,2.150001,2.150001,2.150001,2.150001,800.0,0.0
10.0,13.0,2.249995,2.249995,2.249995,2.249995,0.0,0.0
10.0,12.0,2.249995,2.249995,2.249995,2.249995,0.0,0.0
10.0,11.0,2.249995,2.249995,2.249995,2.249995,0.0,0.0
10.0,10.0,2.249995,2.249995,2.249995,2.249995,0.0,0.0
10.0,7.0,2.249995,2.249995,2.249995,2.249995,0.0,0.0
10.0,6.0,2.249995,2.249995,2.249995,2.249995,0.0,0.0
10.0,5.0,2.249995,2.249995,2.249995,2.249995,0.0,0.0
10.0,4.0,2.249995,2.249995,2.249995,2.249995,0.0,0.0
10.0,3.0,2.249995,2.249995,2.249995,2.249995,0.0,0.0
9.0,30.0,2.249995,2.249995,2.249995,2.249995,0.0,0.0
9.0,29.0,2.249995,2.249995,2.249995,2.249995,0.0,0.0
9.0,28.0,2.249995,2.249995,2.249995,2.249995,0.0,0.0
9.0,27.0,2.249995,2.249995,2.249995,2.249995,0.0,0.0
9.0,26.0,2.249995,2.249995,2.249995,2.249995,5000.0,0.0
9.0,23.0,2.270008,2.270008,2.270008,2.270008,0.0,0.0
9.0,22.0,2.270008,2.270008,2.270008,2.270008,0.0,0.0
9.0,21.0,2.270008,2.270008,2.270008,2.270008,0.0,0.0
9.0,20.0,2.270008,2.270008,2.270008,2.270008,0.0,0.0
9.0,19.0,2.270008,2.270008,2.270008,2.270008,0.0,0.0
9.0,16.0,2.270008,2.270008,2.270008,2.270008,0.0,0.0
9.0,15.0,2.270008,2.270008,2.270008,2.270008,0.0,0.0
9.0,14.0,2.270008,2.270008,2.270008,2.270008,800.0,0.0
9.0,13.0,2.190003,2.190003,2.190003,2.190003,0.0,0.0
9.0,12.0,2.190003,2.190003,2.190003,2.190003,0.0,0.0
9.0,9.0,2.190003,2.190003,2.190003,2.190003,0.0,0.0
9.0,8.0,2.190003,2.190003,2.190003,2.190003,0.0,0.0
9.0,7.0,2.190003,2.190003,2.190003,2.190003,0.0,0.0
9.0,6.0,2.190003,2.190003,2.190003,2.190003,0.0,0.0
9.0,2.0,2.190003,2.190003,2.190003,2.190003,0.0,0.0
9.0,1.0,2.190003,2.190003,2.190003,2.190003,0.0,0.0
8.0,31.0,2.190003,2.190003,2.190003,2.190003,0.0,0.0
8.0,30.0,2.190003,2.190003,2.190003,2.190003,0.0,0.0
8.0,29.0,2.190003,2.190003,2.190003,2.190003,0.0,0.0
8.0,26.0,2.190003,2.190003,2.190003,2.190003,0.0,0.0
8.0,25.0,2.190003,2.190003,2.190003,2.190003,0.0,0.0
8.0,24.0,2.190003,2.190003,2.190003,2.190003,1100.0,0.0
8.0,23.0,2.100004,2.100004,2.100004,2.100004,0.0,0.0
8.0,22.0,2.100004,2.100004,2.100004,2.100004,0.0,0.0
8.0,19.0,2.100004,2.100004,2.100004,2.100004,0.0,0.0
8.0,18.0,2.100004,2.100004,2.100004,2.100004,0.0,0.0
8.0,17.0,2.100004,2.100004,2.100004,2.100004,0.0,0.0
8.0,16.0,2.100004,2.100004,2.100004,2.100004,0.0,0.0
8.0,15.0,2.100004,2.100004,2.100004,2.100004,0.0,0.0
8.0,12.0,2.100004,2.100004,2.100004,2.100004,0.0,0.0
8.0,11.0,2.100004,2.100004,2.100004,2.100004,0.0,0.0
8.0,10.0,2.100004,2.100004,2.100004,2.100004,0.0,0.0
8.0,9.0,2.100004,2.100004,2.100004,2.100004,0.0,0.0
8.0,8.0,2.100004,2.100004,2.100004,2.100004,800.0,0.0
8.0,5.0,2.249995,2.249995,2.249995,2.249995,0.0,0.0
8.0,4.0,2.249995,2.249995,2.249995,2.249995,0.0,0.0
8.0,3.0,2.249995,2.249995,2.249995,2.249995,1200.0,0.0
8.0,2.0,2.33,2.33,2.33,2.33,0.0,0.0
8.0,1.0,2.33,2.33,2.33,2.33,0.0,0.0
7.0,29.0,2.33,2.33,2.33,2.33,0.0,0.0
7.0,28.0,2.33,2.33,2.33,2.33,0.0,0.0
7.0,27.0,2.33,2.33,2.33,2.33,0.0,0.0
7.0,26.0,2.33,2.33,2.33,2.33,0.0,0.0
7.0,25.0,2.33,2.33,2.33,2.33,0.0,0.0
7.0,22.0,2.33,2.33,2.33,2.33,3200.0,0.0
7.0,21.0,2.050006,2.050006,2.050006,2.050006,1500.0,0.0
7.0,20.0,2.229994,2.229994,2.229994,2.229994,0.0,0.0
7.0,19.0,2.229994,2.229994,2.229994,2.229994,0.0,0.0
7.0,18.0,2.229994,2.229994,2.229994,2.229994,10000.0,0.0
7.0,15.0,2.249995,2.249995,2.249995,2.249995,0.0,0.0
7.0,14.0,2.249995,2.249995,2.249995,2.249995,0.0,0.0
7.0,13.0,2.249995,2.249995,2.249995,2.249995,0.0,0.0
7.0,12.0,2.249995,2.249995,2.249995,2.249995,0.0,0.0
7.0,11.0,2.249995,2.249995,2.249995,2.249995,0.0,0.0
7.0,8.0,2.249995,2.249995,2.249995,2.249995,0.0,0.0
7.0,7.0,2.249995,2.249995,2.249995,2.249995,0.0,0.0
7.0,6.0,2.249995,2.249995,2.249995,2.249995,0.0,0.0
7.0,5.0,2.249995,2.249995,2.249995,2.249995,200.0,0.0
7.0,1.0,2.179997,2.179997,2.179997,2.179997,0.0,0.0
6.0,30.0,2.179997,2.179997,2.179997,2.179997,0.0,0.0
6.0,29.0,2.179997,2.179997,2.179997,2.179997,0.0,0.0
6.0,28.0,2.179997,2.179997,2.179997,2.179997,0.0,0.0
6.0,27.0,2.179997,2.179997,2.179997,2.179997,0.0,0.0
6.0,24.0,2.179997,2.179997,2.179997,2.179997,0.0,0.0
6.0,23.0,2.179997,2.179997,2.179997,2.179997,0.0,0.0
6.0,22.0,2.179997,2.179997,2.179997,2.179997,0.0,0.0
6.0,21.0,2.179997,2.179997,2.179997,2.179997,0.0,0.0
6.0,20.0,2.179997,2.179997,2.179997,2.179997,0.0,0.0
6.0,17.0,2.179997,2.179997,2.179997,2.179997,4500.0,0.0
6.0,16.0,2.179997,2.179997,2.179997,2.179997,0.0,0.0
6.0,15.0,2.179997,2.179997,2.179997,2.179997,1500.0,0.0
6.0,14.0,2.229994,2.229994,2.229994,2.229994,0.0,0.0
6.0,13.0,2.229994,2.229994,2.229994,2.229994,0.0,0.0
6.0,10.0,2.229994,2.229994,2.229994,2.229994,400.0,0.0
6.0,9.0,2.199998,2.199998,2.199998,2.199998,5300.0,0.0
6.0,8.0,2.150001,2.150001,2.150001,2.150001,1200.0,0.0
6.0,7.0,2.219999,2.219999,2.219999,2.219999,0.0,0.0
6.0,6.0,2.219999,2.219999,2.219999,2.219999,0.0,0.0
6.0,3.0,2.210005,2.219999,2.210005,2.219999,5300.0,0.009993999999999836
6.0,2.0,2.289998,2.289998,2.289998,2.289998,15500.0,0.0
6.0,1.0,2.229994,2.229994,2.229994,2.229994,1300.0,0.0
5.0,31.0,2.42,2.42,2.42,2.42,0.0,0.0
5.0,27.0,2.42,2.42,2.42,2.42,0.0,0.0
5.0,26.0,2.42,2.42,2.42,2.42,0.0,0.0
5.0,25.0,2.42,2.42,2.42,2.42,0.0,0.0
5.0,24.0,2.42,2.42,2.42,2.42,0.0,0.0
5.0,23.0,2.42,2.42,2.42,2.42,0.0,0.0
5.0,20.0,2.42,2.42,2.42,2.42,0.0,0.0
5.0,19.0,2.42,2.42,2.42,2.42,0.0,0.0
5.0,18.0,2.42,2.42,2.42,2.42,0.0,0.0
5.0,17.0,2.42,2.42,2.42,2.42,0.0,0.0
5.0,16.0,2.42,2.42,2.42,2.42,0.0,0.0
5.0,13.0,2.42,2.42,2.42,2.42,0.0,0.0
5.0,12.0,2.42,2.42,2.42,2.42,0.0,0.0
5.0,11.0,2.42,2.42,2.42,2.42,0.0,0.0
5.0,10.0,2.42,2.42,2.42,2.42,0.0,0.0
5.0,9.0,2.42,2.42,2.42,2.42,0.0,0.0
5.0,6.0,2.42,2.42,2.42,2.42,0.0,0.0
5.0,5.0,2.42,2.42,2.42,2.42,0.0,0.0
5.0,4.0,2.42,2.42,2.42,2.42,0.0,0.0
5.0,3.0,2.42,2.42,2.42,2.42,0.0,0.0
5.0,2.0,2.42,2.42,2.42,2.42,0.0,0.0
4.0,29.0,2.42,2.42,2.42,2.42,0.0,0.0
4.0,28.0,2.42,2.42,2.42,2.42,0.0,0.0
4.0,27.0,2.42,2.42,2.42,2.42,0.0,0.0
4.0,26.0,2.42,2.42,2.42,2.42,0.0,0.0
4.0,25.0,2.42,2.42,2.42,2.42,900.0,0.0
4.0,21.0,2.300004,2.300004,2.300004,2.300004,0.0,0.0
4.0,20.0,2.300004,2.300004,2.300004,2.300004,0.0,0.0
4.0,19.0,2.300004,2.300004,2.300004,2.300004,0.0,0.0
4.0,18.0,2.300004,2.300004,2.300004,2.300004,0.0,0.0
4.0,15.0,2.300004,2.300004,2.300004,2.300004,0.0,0.0
4.0,14.0,2.300004,2.300004,2.300004,2.300004,0.0,0.0
4.0,13.0,2.300004,2.300004,2.300004,2.300004,0.0,0.0
4.0,12.0,2.300004,2.300004,2.300004,2.300004,10600.0,0.0
4.0,11.0,2.350002,2.350002,2.350002,2.350002,0.0,0.0
4.0,8.0,2.350002,2.350002,2.350002,2.350002,0.0,0.0
4.0,7.0,2.350002,2.350002,2.350002,2.350002,0.0,0.0
4.0,6.0,2.350002,2.350002,2.350002,2.350002,0.0,0.0
4.0,5.0,2.350002,2.350002,2.350002,2.350002,0.0,0.0
4.0,4.0,2.350002,2.350002,2.350002,2.350002,0.0,0.0
4.0,1.0,2.350002,2.350002,2.350002,2.350002,0.0,0.0
3.0,31.0,2.350002,2.350002,2.350002,2.350002,0.0,0.0
3.0,30.0,2.350002,2.350002,2.350002,2.350002,0.0,0.0
3.0,29.0,2.350002,2.350002,2.350002,2.350002,1200.0,0.0
3.0,28.0,2.199998,2.199998,2.199998,2.199998,0.0,0.0
3.0,25.0,2.199998,2.199998,2.199998,2.199998,0.0,0.0
3.0,24.0,2.199998,2.199998,2.199998,2.199998,0.0,0.0
3.0,23.0,2.199998,2.199998,2.199998,2.199998,0.0,0.0
3.0,22.0,2.199998,2.199998,2.199998,2.199998,0.0,0.0
3.0,21.0,2.199998,2.199998,2.199998,2.199998,0.0,0.0
3.0,18.0,2.199998,2.199998,2.199998,2.199998,0.0,0.0
3.0,17.0,2.199998,2.199998,2.199998,2.199998,0.0,0.0
3.0,16.0,2.199998,2.199998,2.199998,2.199998,0.0,0.0
3.0,15.0,2.199998,2.199998,2.199998,2.199998,0.0,0.0
3.0,14.0,2.199998,2.199998,2.199998,2.199998,13300.0,0.0
3.0,11.0,2.249995,2.249995,2.249995,2.249995,0.0,0.0
3.0,10.0,2.249995,2.249995,2.249995,2.249995,0.0,0.0
3.0,9.0,2.249995,2.249995,2.249995,2.249995,0.0,0.0
3.0,8.0,2.249995,2.249995,2.249995,2.249995,0.0,0.0
3.0,7.0,2.249995,2.249995,2.249995,2.249995,0.0,0.0
3.0,4.0,2.249995,2.249995,2.249995,2.249995,0.0,0.0
3.0,3.0,2.249995,2.249995,2.249995,2.249995,0.0,0.0
3.0,2.0,2.249995,2.249995,2.249995,2.249995,0.0,0.0
3.0,1.0,2.249995,2.249995,2.249995,2.249995,1000.0,0.0
2.0,28.0,2.300004,2.300004,2.300004,2.300004,0.0,0.0
2.0,25.0,2.300004,2.300004,2.300004,2.300004,4800.0,0.0
2.0,24.0,2.210005,2.210005,2.210005,2.210005,0.0,0.0
2.0,23.0,2.210005,2.210005,2.210005,2.210005,0.0,0.0
2.0,22.0,2.210005,2.210005,2.210005,2.210005,0.0,0.0
2.0,18.0,2.210005,2.210005,2.210005,2.210005,200.0,0.0
2.0,17.0,2.170002,2.170002,2.170002,2.170002,900.0,0.0
2.0,16.0,2.199998,2.199998,2.199998,2.199998,0.0,0.0
2.0,15.0,2.199998,2.199998,2.199998,2.199998,0.0,0.0
2.0,14.0,2.199998,2.199998,2.199998,2.199998,0.0,0.0
2.0,11.0,2.199998,2.199998,2.199998,2.199998,0.0,0.0
2.0,10.0,2.199998,2.199998,2.199998,2.199998,0.0,0.0
2.0,9.0,2.199998,2.199998,2.199998,2.199998,200.0,0.0
2.0,8.0,2.249995,2.249995,2.249995,2.249995,0.0,0.0
2.0,7.0,2.249995,2.249995,2.249995,2.249995,1000.0,0.0
2.0,4.0,2.249995,2.249995,2.249995,2.249995,0.0,0.0
2.0,3.0,2.249995,2.249995,2.249995,2.249995,0.0,0.0
2.0,2.0,2.249995,2.249995,2.249995,2.249995,0.0,0.0
2.0,1.0,2.249995,2.249995,2.249995,2.249995,0.0,0.0
1.0,31.0,2.249995,2.249995,2.249995,2.249995,0.0,0.0
1.0,28.0,2.249995,2.249995,2.249995,2.249995,0.0,0.0
1.0,27.0,2.249995,2.249995,2.249995,2.249995,0.0,0.0
1.0,26.0,2.249995,2.249995,2.249995,2.249995,0.0,0.0
1.0,25.0,2.249995,2.249995,2.249995,2.249995,6700.0,0.0
1.0,24.0,2.300004,2.300004,2.300004,2.300004,0.0,0.0
1.0,21.0,2.300004,2.300004,2.300004,2.300004,0.0,0.0
1.0,20.0,2.300004,2.300004,2.300004,2.300004,0.0,0.0
1.0,19.0,2.300004,2.300004,2.300004,2.300004,0.0,0.0
1.0,18.0,2.300004,2.300004,2.300004,2.300004,0.0,0.0
1.0,14.0,2.300004,2.300004,2.300004,2.300004,0.0,0.0
1.0,13.0,2.300004,2.300004,2.300004,2.300004,0.0,0.0
1.0,12.0,2.300004,2.300004,2.300004,2.300004,200.0,0.0
1.0,11.0,2.42,2.42,2.42,2.42,0.0,0.0
1.0,10.0,2.42,2.42,2.42,2.42,0.0,0.0
1.0,7.0,2.42,2.42,2.42,2.42,0.0,0.0
1.0,6.0,2.42,2.42,2.42,2.42,0.0,0.0
1.0,5.0,2.42,2.42,2.42,2.42,0.0,0.0
1.0,4.0,2.42,2.42,2.42,2.42,0.0,0.0
1.0,3.0,2.42,2.42,2.42,2.42,0.0,0.0
12.0,31.0,2.42,2.42,2.42,2.42,0.0,0.0
12.0,30.0,2.42,2.42,2.42,2.42,0.0,0.0
12.0,29.0,2.42,2.42,2.42,2.42,1100.0,0.0
12.0,28.0,2.359996,2.359996,2.359996,2.359996,0.0,0.0
12.0,27.0,2.359996,2.359996,2.359996,2.359996,0.0,0.0
12.0,23.0,2.359996,2.359996,2.359996,2.359996,0.0,0.0
12.0,22.0,2.359996,2.359996,2.359996,2.359996,0.0,0.0
12.0,21.0,2.359996,2.359996,2.359996,2.359996,0.0,0.0
12.0,20.0,2.359996,2.359996,2.359996,2.359996,0.0,0.0
12.0,17.0,2.359996,2.359996,2.359996,2.359996,2400.0,0.0
12.0,16.0,2.370003,2.370003,2.370003,2.370003,0.0,0.0
12.0,15.0,2.370003,2.370003,2.370003,2.370003,1300.0,0.0
12.0,14.0,2.449996,2.449996,2.449996,2.449996,0.0,0.0
12.0,13.0,2.500005,2.500005,2.449996,2.449996,1200.0,-0.05000899999999975
12.0,10.0,2.33,2.33,2.33,2.33,0.0,0.0
12.0,9.0,2.33,2.33,2.33,2.33,0.0,0.0
12.0,8.0,2.33,2.33,2.33,2.33,1400.0,0.0
12.0,7.0,2.410005,2.410005,2.410005,2.410005,0.0,0.0
12.0,6.0,2.410005,2.410005,2.410005,2.410005,0.0,0.0
12.0,3.0,2.410005,2.410005,2.410005,2.410005,0.0,0.0
12.0,2.0,2.410005,2.410005,2.410005,2.410005,0.0,0.0
12.0,1.0,2.410005,2.410005,2.410005,2.410005,0.0,0.0
11.0,30.0,2.410005,2.410005,2.410005,2.410005,0.0,0.0
11.0,29.0,2.410005,2.410005,2.410005,2.410005,0.0,0.0
11.0,26.0,2.410005,2.410005,2.410005,2.410005,0.0,0.0
11.0,24.0,2.410005,2.410005,2.410005,2.410005,2400.0,0.0
11.0,23.0,2.399999,2.399999,2.399999,2.399999,0.0,0.0
11.0,22.0,2.399999,2.399999,2.399999,2.399999,0.0,0.0
11.0,19.0,2.399999,2.399999,2.399999,2.399999,0.0,0.0
11.0,18.0,2.399999,2.399999,2.399999,2.399999,0.0,0.0
11.0,17.0,2.399999,2.399999,2.399999,2.399999,0.0,0.0
11.0,16.0,2.399999,2.399999,2.399999,2.399999,0.0,0.0
11.0,15.0,2.399999,2.399999,2.399999,2.399999,0.0,0.0
11.0,12.0,2.399999,2.399999,2.399999,2.399999,0.0,0.0
11.0,11.0,2.399999,2.399999,2.399999,2.399999,0.0,0.0
11.0,10.0,2.399999,2.399999,2.399999,2.399999,0.0,0.0
11.0,9.0,2.399999,2.399999,2.399999,2.399999,0.0,0.0
11.0,8.0,2.399999,2.399999,2.399999,2.399999,0.0,0.0
11.0,5.0,2.399999,2.399999,2.399999,2.399999,5000.0,0.0
11.0,4.0,2.219999,2.219999,2.219999,2.219999,0.0,0.0
11.0,3.0,2.219999,2.219999,2.219999,2.219999,0.0,0.0
11.0,2.0,2.219999,2.219999,2.219999,2.219999,0.0,0.0
11.0,1.0,2.219999,2.219999,2.219999,2.219999,0.0,0.0
10.0,29.0,2.219999,2.219999,2.219999,2.219999,0.0,0.0
10.0,28.0,2.219999,2.219999,2.219999,2.219999,0.0,0.0
10.0,27.0,2.219999,2.219999,2.219999,2.219999,0.0,0.0
10.0,26.0,2.219999,2.219999,2.219999,2.219999,0.0,0.0
10.0,25.0,2.219999,2.219999,2.219999,2.219999,0.0,0.0
10.0,22.0,2.219999,2.219999,2.219999,2.219999,0.0,0.0
10.0,21.0,2.219999,2.219999,2.219999,2.219999,0.0,0.0
10.0,20.0,2.219999,2.219999,2.219999,2.219999,0.0,0.0
10.0,19.0,2.219999,2.219999,2.219999,2.219999,0.0,0.0
10.0,18.0,2.219999,2.219999,2.219999,2.219999,4000.0,0.0
10.0,15.0,2.370003,2.500005,2.370003,2.500005,16600.0,0.13000199999999973
10.0,14.0,2.399999,2.550002,2.399999,2.550002,1500.0,0.1500029999999999
10.0,13.0,2.489998,2.489998,2.489998,2.489998,0.0,0.0
10.0,12.0,2.489998,2.489998,2.489998,2.489998,0.0,0.0
10.0,11.0,2.489998,2.489998,2.489998,2.489998,0.0,0.0
10.0,8.0,2.489998,2.489998,2.489998,2.489998,0.0,0.0
10.0,7.0,2.489998,2.489998,2.489998,2.489998,0.0,0.0
10.0,6.0,2.489998,2.489998,2.489998,2.489998,0.0,0.0
10.0,5.0,2.489998,2.489998,2.489998,2.489998,3100.0,0.0
10.0,4.0,2.410005,2.410005,2.410005,2.410005,0.0,0.0
10.0,1.0,2.410005,2.410005,2.410005,2.410005,0.0,0.0
9.0,30.0,2.410005,2.410005,2.410005,2.410005,0.0,0.0
9.0,29.0,2.410005,2.410005,2.410005,2.410005,0.0,0.0
9.0,28.0,2.410005,2.410005,2.410005,2.410005,0.0,0.0
9.0,27.0,2.410005,2.410005,2.410005,2.410005,0.0,0.0
9.0,24.0,2.410005,2.410005,2.410005,2.410005,0.0,0.0
9.0,23.0,2.410005,2.410005,2.410005,2.410005,0.0,0.0
9.0,22.0,2.410005,2.410005,2.410005,2.410005,0.0,0.0
9.0,21.0,2.410005,2.410005,2.410005,2.410005,0.0,0.0
9.0,20.0,2.410005,2.410005,2.410005,2.410005,300.0,0.0
9.0,17.0,2.410005,2.410005,2.410005,2.410005,1300.0,0.0
9.0,16.0,2.399999,2.399999,2.399999,2.399999,0.0,0.0
9.0,15.0,2.399999,2.399999,2.399999,2.399999,0.0,0.0
9.0,14.0,2.399999,2.399999,2.399999,2.399999,2600.0,0.0
9.0,13.0,2.6,2.6,2.6,2.6,0.0,0.0
9.0,10.0,2.6,2.6,2.6,2.6,0.0,0.0
9.0,9.0,2.399999,2.6,2.399999,2.6,7700.0,0.20000099999999987
9.0,8.0,2.480004,2.480004,2.480004,2.480004,1000.0,0.0
9.0,7.0,2.449996,2.449996,2.449996,2.449996,26600.0,0.0
9.0,3.0,2.399999,2.399999,2.399999,2.399999,0.0,0.0
9.0,2.0,2.399999,2.399999,2.399999,2.399999,3500.0,0.0
9.0,1.0,2.339995,2.339995,2.339995,2.339995,0.0,0.0
8.0,31.0,2.339995,2.339995,2.339995,2.339995,2900.0,0.0
8.0,30.0,2.370003,2.370003,2.370003,2.370003,0.0,0.0
8.0,27.0,2.390004,2.390004,2.350002,2.370003,2100.0,-0.020000999999999713
8.0,26.0,2.300004,2.300004,2.300004,2.300004,0.0,0.0
8.0,25.0,2.300004,2.300004,2.300004,2.300004,3300.0,0.0
8.0,24.0,2.350002,2.350002,2.350002,2.350002,0.0,0.0
8.0,23.0,2.350002,2.350002,2.350002,2.350002,0.0,0.0
8.0,20.0,2.350002,2.350002,2.350002,2.350002,0.0,0.0
8.0,19.0,2.350002,2.350002,2.350002,2.350002,0.0,0.0
8.0,18.0,2.350002,2.350002,2.350002,2.350002,0.0,0.0
8.0,17.0,2.350002,2.350002,2.350002,2.350002,0.0,0.0
8.0,16.0,2.350002,2.350002,2.350002,2.350002,0.0,0.0
8.0,13.0,2.350002,2.350002,2.350002,2.350002,0.0,0.0
8.0,12.0,2.350002,2.350002,2.350002,2.350002,0.0,0.0
8.0,11.0,2.350002,2.350002,2.350002,2.350002,0.0,0.0
8.0,10.0,2.350002,2.350002,2.350002,2.350002,0.0,0.0
8.0,9.0,2.350002,2.350002,2.350002,2.350002,0.0,0.0
8.0,6.0,2.350002,2.350002,2.350002,2.350002,400.0,0.0
8.0,5.0,2.399999,2.42,2.399999,2.42,400.0,0.020000999999999713
8.0,4.0,2.42,2.42,2.42,2.42,0.0,0.0
8.0,3.0,2.42,2.42,2.42,2.42,0.0,0.0
8.0,2.0,2.42,2.42,2.42,2.42,0.0,0.0
7.0,30.0,2.42,2.42,2.42,2.42,0.0,0.0
7.0,29.0,2.42,2.42,2.42,2.42,0.0,0.0
7.0,28.0,2.42,2.42,2.42,2.42,0.0,0.0
7.0,27.0,2.42,2.42,2.42,2.42,22200.0,0.0
7.0,26.0,2.390004,2.390004,2.390004,2.390004,0.0,0.0
7.0,23.0,2.390004,2.390004,2.390004,2.390004,0.0,0.0
7.0,22.0,2.390004,2.390004,2.390004,2.390004,0.0,0.0
7.0,21.0,2.390004,2.390004,2.390004,2.390004,0.0,0.0
7.0,20.0,2.390004,2.390004,2.390004,2.390004,0.0,0.0
7.0,19.0,2.390004,2.390004,2.390004,2.390004,0.0,0.0
7.0,16.0,2.390004,2.390004,2.390004,2.390004,1000.0,0.0
7.0,15.0,2.489998,2.489998,2.489998,2.489998,0.0,0.0
7.0,14.0,2.489998,2.489998,2.489998,2.489998,0.0,0.0
7.0,13.0,2.489998,2.489998,2.489998,2.489998,0.0,0.0
7.0,12.0,2.489998,2.489998,2.489998,2.489998,0.0,0.0
7.0,9.0,2.489998,2.489998,2.489998,2.489998,4800.0,0.0
7.0,8.0,2.459991,2.459991,2.459991,2.459991,0.0,0.0
7.0,7.0,2.459991,2.459991,2.459991,2.459991,0.0,0.0
7.0,6.0,2.489998,2.489998,2.459991,2.459991,16600.0,-0.030006999999999895
7.0,2.0,2.399999,2.399999,2.399999,2.399999,200.0,0.0
7.0,1.0,2.160007,2.160007,2.160007,2.160007,0.0,0.0
6.0,30.0,2.160007,2.160007,2.160007,2.160007,0.0,0.0
6.0,29.0,2.160007,2.160007,2.160007,2.160007,0.0,0.0
6.0,28.0,2.160007,2.160007,2.160007,2.160007,0.0,0.0
6.0,25.0,2.160007,2.160007,2.160007,2.160007,0.0,0.0
6.0,24.0,2.160007,2.160007,2.160007,2.160007,0.0,0.0
6.0,23.0,2.160007,2.160007,2.160007,2.160007,0.0,0.0
6.0,22.0,2.160007,2.160007,2.160007,2.160007,0.0,0.0
6.0,21.0,2.160007,2.160007,2.160007,2.160007,0.0,0.0
6.0,18.0,2.160007,2.160007,2.160007,2.160007,0.0,0.0
6.0,17.0,2.160007,2.160007,2.160007,2.160007,0.0,0.0
6.0,16.0,2.160007,2.160007,2.160007,2.160007,0.0,0.0
6.0,15.0,2.160007,2.160007,2.160007,2.160007,0.0,0.0
6.0,14.0,2.160007,2.160007,2.160007,2.160007,0.0,0.0
6.0,11.0,2.160007,2.160007,2.160007,2.160007,0.0,0.0
6.0,10.0,2.160007,2.160007,2.160007,2.160007,0.0,0.0
6.0,9.0,2.160007,2.160007,2.160007,2.160007,0.0,0.0
6.0,8.0,2.160007,2.160007,2.160007,2.160007,0.0,0.0
6.0,7.0,2.160007,2.160007,2.160007,2.160007,7600.0,0.0
6.0,4.0,2.100004,2.100004,2.100004,2.100004,0.0,0.0
6.0,3.0,2.100004,2.100004,2.100004,2.100004,0.0,0.0
6.0,2.0,2.100004,2.100004,2.100004,2.100004,0.0,0.0
6.0,1.0,2.100004,2.100004,2.100004,2.100004,0.0,0.0
5.0,28.0,2.100004,2.100004,2.100004,2.100004,0.0,0.0
5.0,27.0,2.100004,2.100004,2.100004,2.100004,0.0,0.0
5.0,26.0,2.100004,2.100004,2.100004,2.100004,0.0,0.0
5.0,25.0,2.100004,2.100004,2.100004,2.100004,4000.0,0.0
5.0,24.0,2.190003,2.190003,2.190003,2.190003,0.0,0.0
5.0,21.0,2.190003,2.190003,2.190003,2.190003,0.0,0.0
5.0,20.0,2.190003,2.190003,2.190003,2.190003,0.0,0.0
5.0,19.0,2.190003,2.190003,2.190003,2.190003,0.0,0.0
5.0,18.0,2.190003,2.190003,2.190003,2.190003,0.0,0.0
5.0,17.0,2.190003,2.190003,2.190003,2.190003,1900.0,0.0
5.0,14.0,2.370003,2.370003,2.370003,2.370003,0.0,0.0
5.0,13.0,2.370003,2.370003,2.370003,2.370003,0.0,0.0
5.0,12.0,2.370003,2.370003,2.370003,2.370003,0.0,0.0
5.0,11.0,2.370003,2.370003,2.370003,2.370003,0.0,0.0
5.0,10.0,2.370003,2.370003,2.370003,2.370003,0.0,0.0
5.0,7.0,2.370003,2.370003,2.370003,2.370003,1500.0,0.0
5.0,6.0,2.500005,2.500005,2.500005,2.500005,200.0,0.0
5.0,5.0,2.640002,2.640002,2.640002,2.640002,0.0,0.0
5.0,4.0,2.640002,2.640002,2.640002,2.640002,0.0,0.0
5.0,3.0,2.640002,2.640002,2.640002,2.640002,0.0,0.0
4.0,30.0,2.640002,2.640002,2.640002,2.640002,0.0,0.0
4.0,29.0,2.640002,2.640002,2.640002,2.640002,0.0,0.0
4.0,28.0,2.640002,2.640002,2.640002,2.640002,0.0,0.0
4.0,27.0,2.640002,2.640002,2.640002,2.640002,0.0,0.0
4.0,26.0,2.640002,2.640002,2.640002,2.640002,0.0,0.0
4.0,23.0,2.640002,2.640002,2.640002,2.640002,0.0,0.0
4.0,22.0,2.640002,2.640002,2.640002,2.640002,0.0,0.0
4.0,21.0,2.640002,2.640002,2.640002,2.640002,0.0,0.0
4.0,20.0,2.640002,2.640002,2.640002,2.640002,0.0,0.0
4.0,19.0,2.640002,2.640002,2.640002,2.640002,0.0,0.0
4.0,16.0,2.640002,2.640002,2.640002,2.640002,0.0,0.0
4.0,15.0,2.610007,2.640002,2.610007,2.640002,3600.0,0.029994999999999994
4.0,14.0,2.6,2.6,2.6,2.6,4700.0,0.0
4.0,13.0,2.6,2.6,2.6,2.6,0.0,0.0
4.0,12.0,2.6,2.6,2.6,2.6,0.0,0.0
4.0,9.0,2.620001,2.620001,2.6,2.6,1900.0,-0.020000999999999713
4.0,8.0,2.399999,2.399999,2.399999,2.399999,0.0,0.0
4.0,7.0,2.399999,2.399999,2.399999,2.399999,0.0,0.0
4.0,6.0,2.399999,2.399999,2.399999,2.399999,0.0,0.0
4.0,5.0,2.399999,2.399999,2.399999,2.399999,0.0,0.0
4.0,1.0,2.399999,2.399999,2.399999,2.399999,0.0,0.0
3.0,31.0,2.399999,2.399999,2.399999,2.399999,0.0,0.0
3.0,30.0,2.399999,2.399999,2.399999,2.399999,0.0,0.0
3.0,29.0,2.399999,2.399999,2.399999,2.399999,0.0,0.0
3.0,26.0,2.399999,2.399999,2.399999,2.399999,7300.0,0.0
3.0,25.0,2.390004,2.390004,2.390004,2.390004,0.0,0.0
3.0,24.0,2.390004,2.390004,2.390004,2.390004,0.0,0.0
3.0,23.0,2.390004,2.390004,2.390004,2.390004,1400.0,0.0
3.0,22.0,2.399999,2.399999,2.399999,2.399999,0.0,0.0
3.0,19.0,2.399999,2.399999,2.399999,2.399999,0.0,0.0
3.0,18.0,2.399999,2.399999,2.399999,2.399999,0.0,0.0
3.0,17.0,2.399999,2.399999,2.399999,2.399999,0.0,0.0
3.0,16.0,2.399999,2.399999,2.399999,2.399999,0.0,0.0
3.0,15.0,2.399999,2.399999,2.399999,2.399999,0.0,0.0
3.0,12.0,2.399999,2.399999,2.399999,2.399999,0.0,0.0
3.0,11.0,2.399999,2.399999,2.399999,2.399999,0.0,0.0
3.0,10.0,2.399999,2.399999,2.399999,2.399999,0.0,0.0
3.0,9.0,2.399999,2.399999,2.399999,2.399999,5900.0,0.0
3.0,8.0,2.199998,2.199998,2.199998,2.199998,0.0,0.0
3.0,5.0,2.199998,2.199998,2.199998,2.199998,0.0,0.0
3.0,4.0,2.199998,2.199998,2.199998,2.199998,0.0,0.0
3.0,3.0,2.199998,2.199998,2.199998,2.199998,0.0,0.0
3.0,2.0,2.199998,2.199998,2.199998,2.199998,0.0,0.0
3.0,1.0,2.199998,2.199998,2.199998,2.199998,6100.0,0.0
2.0,26.0,2.219999,2.219999,2.219999,2.219999,0.0,0.0
2.0,25.0,2.219999,2.219999,2.219999,2.219999,0.0,0.0
2.0,24.0,2.219999,2.219999,2.219999,2.219999,0.0,0.0
2.0,23.0,2.219999,2.219999,2.219999,2.219999,0.0,0.0
2.0,22.0,2.219999,2.219999,2.219999,2.219999,0.0,0.0
2.0,19.0,2.219999,2.219999,2.219999,2.219999,0.0,0.0
2.0,18.0,2.219999,2.219999,2.219999,2.219999,0.0,0.0
2.0,17.0,2.219999,2.219999,2.219999,2.219999,0.0,0.0
2.0,16.0,2.219999,2.219999,2.219999,2.219999,0.0,0.0
2.0,12.0,2.219999,2.219999,2.219999,2.219999,0.0,0.0
2.0,11.0,2.219999,2.219999,2.219999,2.219999,0.0,0.0
2.0,10.0,2.219999,2.219999,2.219999,2.219999,6100.0,0.0
2.0,9.0,2.150001,2.219999,2.150001,2.219999,31900.0,0.069998
2.0,8.0,2.150001,2.150001,2.150001,2.150001,0.0,0.0
2.0,5.0,2.150001,2.150001,2.150001,2.150001,0.0,0.0
2.0,4.0,2.150001,2.150001,2.150001,2.150001,0.0,0.0
2.0,3.0,2.150001,2.150001,2.150001,2.150001,300.0,0.0
2.0,2.0,2.160007,2.160007,2.160007,2.160007,1500.0,0.0
2.0,1.0,2.190003,2.190003,2.190003,2.190003,700.0,0.0
1.0,29.0,2.339995,2.339995,2.339995,2.339995,0.0,0.0
1.0,28.0,2.339995,2.339995,2.339995,2.339995,0.0,0.0
1.0,27.0,2.339995,2.339995,2.339995,2.339995,0.0,0.0
1.0,26.0,2.339995,2.339995,2.339995,2.339995,0.0,0.0
1.0,25.0,2.339995,2.339995,2.339995,2.339995,2500.0,0.0
1.0,22.0,2.38001,2.38001,2.38001,2.38001,0.0,0.0
1.0,21.0,2.38001,2.38001,2.38001,2.38001,0.0,0.0
1.0,20.0,2.38001,2.38001,2.38001,2.38001,0.0,0.0
1.0,19.0,2.38001,2.38001,2.38001,2.38001,7300.0,0.0
1.0,15.0,2.429995,2.429995,2.429995,2.429995,0.0,0.0
1.0,14.0,2.429995,2.429995,2.429995,2.429995,0.0,0.0
1.0,13.0,2.429995,2.429995,2.429995,2.429995,33800.0,0.0
1.0,12.0,2.51,2.51,2.51,2.51,0.0,0.0
1.0,11.0,2.51,2.520007,2.51,2.51,7000.0,0.0
1.0,8.0,2.6,2.6,2.6,2.6,0.0,0.0
1.0,7.0,2.6,2.6,2.6,2.6,8500.0,0.0
1.0,6.0,2.500005,2.500005,2.500005,2.500005,0.0,0.0
1.0,5.0,2.500005,2.500005,2.500005,2.500005,0.0,0.0
