9.0,25.0,0.085,0.085,0.085,0.085,0.0,0.0
9.0,24.0,0.085,0.085,0.085,0.085,0.0,0.0
9.0,23.0,0.085,0.085,0.085,0.085,1600.0,0.0
9.0,22.0,0.055,0.055,0.055,0.055,0.0,0.0
9.0,21.0,0.055,0.055,0.055,0.055,0.0,0.0
9.0,18.0,0.04,0.055,0.04,0.055,800.0,0.015
9.0,17.0,0.06,0.06,0.046,0.06,1100.0,0.0
9.0,16.0,0.046,0.05,0.046,0.05,1300.0,0.0040000000000000036
9.0,15.0,0.06,0.06,0.06,0.06,17000.0,0.0
9.0,14.0,0.042,0.042,0.042,0.042,0.0,0.0
9.0,11.0,0.042,0.042,0.042,0.042,0.0,0.0
9.0,10.0,0.042,0.042,0.042,0.042,300.0,0.0
9.0,9.0,0.085,0.085,0.085,0.085,200.0,0.0
9.0,8.0,0.044,0.085,0.044,0.085,7500.0,0.04100000000000001
9.0,4.0,0.07,0.07,0.07,0.07,0.0,0.0
9.0,3.0,0.07,0.07,0.07,0.07,0.0,0.0
9.0,2.0,0.07,0.07,0.07,0.07,0.0,0.0
9.0,1.0,0.042,0.07,0.042,0.07,2000.0,0.028000000000000004
8.0,31.0,0.07,0.07,0.07,0.07,0.0,0.0
8.0,28.0,0.07,0.07,0.042,0.07,4900.0,0.0
8.0,27.0,0.085,0.085,0.085,0.085,0.0,0.0
8.0,26.0,0.085,0.085,0.085,0.085,0.0,0.0
8.0,25.0,0.085,0.085,0.085,0.085,0.0,0.0
8.0,24.0,0.085,0.085,0.085,0.085,0.0,0.0
8.0,21.0,0.042,0.085,0.042,0.085,3200.0,0.043000000000000003
8.0,20.0,0.085,0.085,0.085,0.085,0.0,0.0
8.0,19.0,0.085,0.085,0.085,0.085,0.0,0.0
8.0,18.0,0.085,0.085,0.085,0.085,2000.0,0.0
8.0,17.0,0.042,0.085,0.042,0.085,5000.0,0.043000000000000003
8.0,14.0,0.085,0.085,0.085,0.085,0.0,0.0
8.0,13.0,0.047,0.085,0.047,0.085,14700.0,0.038000000000000006
8.0,12.0,0.045,0.045,0.045,0.045,3000.0,0.0
8.0,11.0,0.085,0.085,0.085,0.085,800.0,0.0
8.0,10.0,0.085,0.085,0.085,0.085,0.0,0.0
8.0,7.0,0.085,0.085,0.085,0.085,0.0,0.0
8.0,6.0,0.085,0.085,0.085,0.085,0.0,0.0
8.0,5.0,0.045,0.085,0.045,0.085,13400.0,0.04000000000000001
8.0,4.0,0.085,0.085,0.085,0.085,0.0,0.0
8.0,3.0,0.085,0.085,0.085,0.085,0.0,0.0
7.0,31.0,0.085,0.085,0.085,0.085,0.0,0.0
7.0,30.0,0.085,0.085,0.085,0.085,2300.0,0.0
7.0,29.0,0.075,0.075,0.075,0.075,0.0,0.0
7.0,28.0,0.075,0.075,0.075,0.075,0.0,0.0
7.0,27.0,0.075,0.075,0.075,0.075,0.0,0.0
7.0,24.0,0.042,0.075,0.041,0.075,17000.0,0.032999999999999995
7.0,23.0,0.055,0.055,0.055,0.055,0.0,0.0
7.0,22.0,0.055,0.055,0.055,0.055,0.0,0.0
7.0,21.0,0.055,0.055,0.055,0.055,0.0,0.0
7.0,20.0,0.055,0.055,0.055,0.055,0.0,0.0
7.0,17.0,0.055,0.055,0.055,0.055,0.0,0.0
7.0,16.0,0.041,0.055,0.041,0.055,1100.0,0.013999999999999999
7.0,15.0,0.055,0.055,0.055,0.055,0.0,0.0
7.0,14.0,0.055,0.055,0.055,0.055,0.0,0.0
7.0,13.0,0.055,0.055,0.055,0.055,0.0,0.0
7.0,10.0,0.055,0.055,0.055,0.055,0.0,0.0
7.0,9.0,0.055,0.055,0.055,0.055,0.0,0.0
7.0,8.0,0.055,0.055,0.055,0.055,0.0,0.0
7.0,7.0,0.055,0.055,0.055,0.055,3000.0,0.0
7.0,6.0,0.055,0.055,0.055,0.055,0.0,0.0
7.0,2.0,0.055,0.055,0.055,0.055,0.0,0.0
7.0,1.0,0.055,0.055,0.055,0.055,0.0,0.0
6.0,30.0,0.055,0.055,0.04,0.055,82000.0,0.0
6.0,29.0,0.07,0.07,0.07,0.07,0.0,0.0
6.0,26.0,0.07,0.07,0.07,0.07,0.0,0.0
6.0,25.0,0.055,0.07,0.055,0.07,2400.0,0.015000000000000006
6.0,24.0,0.08,0.08,0.08,0.08,0.0,0.0
6.0,23.0,0.08,0.08,0.08,0.08,400.0,0.0
6.0,22.0,0.08,0.08,0.08,0.08,0.0,0.0
6.0,19.0,0.08,0.08,0.08,0.08,0.0,0.0
6.0,18.0,0.08,0.08,0.08,0.08,0.0,0.0
6.0,17.0,0.065,0.08,0.065,0.08,3300.0,0.015
6.0,16.0,0.065,0.065,0.065,0.065,2100.0,0.0
6.0,15.0,0.055,0.055,0.055,0.055,0.0,0.0
6.0,12.0,0.055,0.055,0.055,0.055,1000.0,0.0
6.0,11.0,0.065,0.065,0.065,0.065,5000.0,0.0
6.0,10.0,0.055,0.065,0.055,0.055,19000.0,0.0
6.0,9.0,0.06,0.065,0.055,0.065,64700.0,0.0050000000000000044
6.0,8.0,0.07,0.07,0.07,0.07,0.0,0.0
6.0,5.0,0.07,0.07,0.07,0.07,0.0,0.0
6.0,4.0,0.07,0.07,0.07,0.07,2000.0,0.0
6.0,3.0,0.08,0.08,0.08,0.08,0.0,0.0
6.0,2.0,0.08,0.08,0.08,0.08,0.0,0.0
6.0,1.0,0.08,0.08,0.08,0.08,2000.0,0.0
5.0,29.0,0.08,0.08,0.08,0.08,0.0,0.0
5.0,28.0,0.08,0.08,0.08,0.08,0.0,0.0
5.0,27.0,0.08,0.08,0.08,0.08,0.0,0.0
5.0,26.0,0.08,0.08,0.08,0.08,0.0,0.0
5.0,22.0,0.08,0.08,0.08,0.08,0.0,0.0
5.0,21.0,0.08,0.08,0.08,0.08,0.0,0.0
5.0,20.0,0.08,0.094,0.08,0.08,5500.0,0.0
5.0,19.0,0.08,0.08,0.08,0.08,1000.0,0.0
5.0,18.0,0.08,0.08,0.08,0.08,1000.0,0.0
5.0,15.0,0.06,0.06,0.06,0.06,13500.0,0.0
5.0,14.0,0.08,0.08,0.07,0.07,22000.0,-0.009999999999999995
5.0,13.0,0.065,0.09,0.065,0.08,95400.0,0.015
5.0,12.0,0.065,0.065,0.052,0.052,22200.0,-0.013000000000000005
5.0,11.0,0.054,0.054,0.05,0.05,91600.0,-0.003999999999999997
5.0,8.0,0.06,0.06,0.06,0.06,0.0,0.0
5.0,7.0,0.08,0.08,0.052,0.06,181100.0,-0.020000000000000004
5.0,6.0,0.105,0.12,0.09,0.095,35700.0,-0.009999999999999995
5.0,5.0,0.109,0.12,0.1,0.12,20200.0,0.010999999999999996
5.0,4.0,0.13,0.14,0.11,0.125,6800.0,-0.0050000000000000044
5.0,1.0,0.13,0.13,0.13,0.13,0.0,0.0
4.0,30.0,0.13,0.13,0.13,0.13,0.0,0.0
4.0,29.0,0.11,0.13,0.11,0.13,17500.0,0.020000000000000004
4.0,28.0,0.12,0.12,0.12,0.12,1500.0,0.0
4.0,27.0,0.12,0.12,0.111,0.115,16800.0,-0.0049999999999999906
4.0,24.0,0.12,0.12,0.108,0.108,63300.0,-0.011999999999999997
4.0,23.0,0.11,0.16,0.11,0.16,1000.0,0.05
4.0,22.0,0.2,0.2,0.2,0.2,200.0,0.0
4.0,21.0,0.05,0.05,0.05,0.05,4000.0,0.0
4.0,20.0,0.11,0.17,0.11,0.17,7300.0,0.06000000000000001
4.0,17.0,0.15,0.15,0.15,0.15,200.0,0.0
4.0,16.0,0.11,0.12,0.11,0.12,37300.0,0.009999999999999995
4.0,15.0,0.18,0.18,0.18,0.18,200.0,0.0
4.0,14.0,0.14,0.15,0.14,0.15,14100.0,0.009999999999999981
4.0,13.0,0.18,0.18,0.14,0.16,7800.0,-0.01999999999999999
4.0,10.0,0.12,0.12,0.12,0.12,7300.0,0.0
4.0,9.0,0.189,0.189,0.189,0.189,0.0,0.0
4.0,8.0,0.189,0.189,0.189,0.189,2100.0,0.0
4.0,7.0,0.14,0.189,0.14,0.189,400.0,0.04899999999999999
4.0,6.0,0.189,0.189,0.189,0.189,0.0,0.0
4.0,2.0,0.189,0.189,0.189,0.189,0.0,0.0
4.0,1.0,0.189,0.189,0.189,0.189,0.0,0.0
3.0,31.0,0.16,0.189,0.16,0.189,3900.0,0.028999999999999998
3.0,30.0,0.135,0.189,0.12,0.189,61500.0,0.05399999999999999
3.0,27.0,0.2,0.2,0.2,0.2,0.0,0.0
3.0,26.0,0.2,0.2,0.2,0.2,0.0,0.0
3.0,25.0,0.2,0.2,0.2,0.2,0.0,0.0
3.0,24.0,0.2,0.2,0.2,0.2,0.0,0.0
3.0,23.0,0.2,0.2,0.2,0.2,5000.0,0.0
3.0,20.0,0.2,0.25,0.2,0.25,3500.0,0.04999999999999999
3.0,19.0,0.13,0.2,0.13,0.2,2600.0,0.07
3.0,18.0,0.2,0.2,0.2,0.2,0.0,0.0
3.0,17.0,0.2,0.2,0.2,0.2,200.0,0.0
3.0,16.0,0.2,0.2,0.2,0.2,0.0,0.0
3.0,13.0,0.12,0.2,0.12,0.2,500.0,0.08000000000000002
3.0,12.0,0.12,0.2,0.12,0.2,5600.0,0.08000000000000002
3.0,11.0,0.2,0.2,0.2,0.2,0.0,0.0
3.0,10.0,0.2,0.2,0.2,0.2,700.0,0.0
3.0,9.0,0.2,0.2,0.2,0.2,0.0,0.0
3.0,6.0,0.2,0.2,0.2,0.2,0.0,0.0
3.0,5.0,0.2,0.2,0.2,0.2,0.0,0.0
3.0,4.0,0.2,0.2,0.2,0.2,0.0,0.0
3.0,3.0,0.2,0.2,0.2,0.2,0.0,0.0
3.0,2.0,0.2,0.2,0.2,0.2,0.0,0.0
2.0,27.0,0.2,0.2,0.2,0.2,0.0,0.0
2.0,26.0,0.14,0.2,0.14,0.2,2400.0,0.06
2.0,25.0,0.17,0.17,0.17,0.17,300.0,0.0
2.0,24.0,0.15,0.15,0.15,0.15,7000.0,0.0
2.0,23.0,0.14,0.14,0.14,0.14,0.0,0.0
2.0,20.0,0.14,0.15,0.14,0.14,34500.0,0.0
2.0,19.0,0.14,0.14,0.14,0.14,0.0,0.0
2.0,18.0,0.15,0.15,0.14,0.14,400.0,-0.009999999999999981
2.0,17.0,0.15,0.15,0.14,0.14,2100.0,-0.009999999999999981
2.0,13.0,0.15,0.15,0.15,0.15,0.0,0.0
2.0,12.0,0.15,0.15,0.15,0.15,0.0,0.0
2.0,11.0,0.15,0.15,0.15,0.15,0.0,0.0
2.0,10.0,0.15,0.15,0.15,0.15,0.0,0.0
2.0,9.0,0.11,0.15,0.11,0.15,1600.0,0.039999999999999994
2.0,6.0,0.138,0.15,0.138,0.15,3800.0,0.011999999999999983
2.0,5.0,0.15,0.15,0.15,0.15,1000.0,0.0
2.0,4.0,0.15,0.15,0.15,0.15,1000.0,0.0
2.0,3.0,0.14,0.15,0.11,0.11,4500.0,-0.030000000000000013
2.0,2.0,0.2,0.2,0.132,0.15,13000.0,-0.05000000000000002
1.0,30.0,0.17,0.18,0.15,0.18,22600.0,0.009999999999999981
1.0,29.0,0.17,0.17,0.17,0.17,0.0,0.0
1.0,28.0,0.17,0.17,0.17,0.17,0.0,0.0
1.0,27.0,0.17,0.17,0.17,0.17,100.0,0.0
1.0,26.0,0.13,0.13,0.13,0.13,100.0,0.0
1.0,23.0,0.17,0.17,0.17,0.17,0.0,0.0
1.0,22.0,0.17,0.17,0.17,0.17,0.0,0.0
1.0,21.0,0.17,0.17,0.17,0.17,0.0,0.0
1.0,20.0,0.17,0.17,0.17,0.17,300.0,0.0
1.0,16.0,0.13,0.13,0.13,0.13,100.0,0.0
1.0,15.0,0.17,0.17,0.17,0.17,0.0,0.0
1.0,14.0,0.17,0.17,0.17,0.17,2900.0,0.0
1.0,13.0,0.17,0.17,0.17,0.17,400.0,0.0
1.0,12.0,0.141,0.141,0.14,0.14,9000.0,-9.999999999999731E-4
1.0,9.0,0.15,0.17,0.15,0.17,4900.0,0.020000000000000018
1.0,8.0,0.2,0.2,0.2,0.2,0.0,0.0
1.0,7.0,0.2,0.22,0.16,0.2,10700.0,0.0
1.0,6.0,0.2,0.2,0.2,0.2,0.0,0.0
1.0,5.0,0.25,0.25,0.2,0.2,1100.0,-0.04999999999999999
1.0,2.0,0.25,0.25,0.25,0.25,0.0,0.0
12.0,31.0,0.25,0.25,0.25,0.25,0.0,0.0
12.0,30.0,0.25,0.25,0.25,0.25,100.0,0.0
12.0,29.0,0.169,0.25,0.166,0.25,700.0,0.08099999999999999
12.0,26.0,0.163,0.19,0.163,0.19,700.0,0.026999999999999996
12.0,24.0,0.19,0.19,0.19,0.19,0.0,0.0
12.0,23.0,0.19,0.19,0.19,0.19,0.0,0.0
12.0,22.0,0.19,0.19,0.175,0.19,5900.0,0.0
12.0,19.0,0.163,0.163,0.161,0.161,1900.0,-0.0020000000000000018
12.0,18.0,0.19,0.19,0.19,0.19,3100.0,0.0
12.0,17.0,0.19,0.19,0.19,0.19,600.0,0.0
12.0,16.0,0.19,0.19,0.19,0.19,3500.0,0.0
12.0,15.0,0.2,0.2,0.2,0.2,0.0,0.0
12.0,12.0,0.16,0.2,0.16,0.2,600.0,0.04000000000000001
12.0,11.0,0.25,0.25,0.25,0.25,0.0,0.0
12.0,10.0,0.16,0.25,0.16,0.25,1400.0,0.09
12.0,9.0,0.2,0.25,0.16,0.25,3100.0,0.04999999999999999
12.0,8.0,0.18,0.2,0.16,0.16,11100.0,-0.01999999999999999
12.0,5.0,0.15,0.19,0.15,0.18,11200.0,0.03
12.0,4.0,0.2,0.2,0.2,0.2,0.0,0.0
12.0,3.0,0.2,0.2,0.2,0.2,500.0,0.0
12.0,2.0,0.2,0.25,0.15,0.15,10700.0,-0.05000000000000002
12.0,1.0,0.24,0.24,0.24,0.24,0.0,0.0
11.0,28.0,0.15,0.24,0.15,0.24,5500.0,0.09
11.0,26.0,0.185,0.19,0.185,0.19,5500.0,0.0050000000000000044
11.0,25.0,0.2,0.2,0.2,0.2,0.0,0.0
11.0,24.0,0.14,0.2,0.14,0.2,6800.0,0.06
11.0,21.0,0.25,0.25,0.25,0.25,0.0,0.0
11.0,20.0,0.25,0.25,0.25,0.25,0.0,0.0
11.0,19.0,0.25,0.25,0.25,0.25,0.0,0.0
11.0,18.0,0.25,0.25,0.25,0.25,0.0,0.0
11.0,17.0,0.25,0.25,0.14,0.25,1200.0,0.0
11.0,14.0,0.131,0.25,0.131,0.25,4700.0,0.119
11.0,13.0,0.29,0.29,0.29,0.29,0.0,0.0
11.0,12.0,0.29,0.29,0.29,0.29,0.0,0.0
11.0,11.0,0.29,0.29,0.29,0.29,700.0,0.0
11.0,10.0,0.25,0.25,0.25,0.25,0.0,0.0
11.0,7.0,0.131,0.25,0.131,0.25,1000.0,0.119
11.0,6.0,0.25,0.25,0.25,0.25,0.0,0.0
11.0,5.0,0.131,0.25,0.131,0.25,600.0,0.119
11.0,4.0,0.14,0.14,0.14,0.14,0.0,0.0
11.0,3.0,0.14,0.17,0.132,0.14,31000.0,0.0
10.0,31.0,0.19,0.19,0.131,0.131,64100.0,-0.059
10.0,30.0,0.15,0.19,0.15,0.19,2000.0,0.04000000000000001
10.0,29.0,0.19,0.19,0.19,0.19,0.0,0.0
10.0,28.0,0.19,0.19,0.19,0.19,0.0,0.0
10.0,27.0,0.19,0.19,0.19,0.19,0.0,0.0
10.0,24.0,0.19,0.19,0.19,0.19,0.0,0.0
10.0,23.0,0.19,0.19,0.19,0.19,0.0,0.0
10.0,22.0,0.19,0.19,0.19,0.19,0.0,0.0
10.0,21.0,0.15,0.19,0.15,0.19,700.0,0.04000000000000001
10.0,20.0,0.16,0.2,0.16,0.2,11000.0,0.04000000000000001
10.0,17.0,0.15,0.25,0.15,0.25,900.0,0.1
10.0,16.0,0.25,0.25,0.25,0.25,0.0,0.0
10.0,15.0,0.25,0.25,0.25,0.25,400.0,0.0
10.0,14.0,0.25,0.25,0.25,0.25,2100.0,0.0
10.0,13.0,0.16,0.16,0.14,0.14,16500.0,-0.01999999999999999
10.0,10.0,0.16,0.16,0.16,0.16,5000.0,0.0
10.0,9.0,0.19,0.19,0.19,0.19,0.0,0.0
10.0,8.0,0.19,0.19,0.19,0.19,0.0,0.0
10.0,7.0,0.19,0.19,0.19,0.19,0.0,0.0
10.0,6.0,0.19,0.19,0.19,0.19,0.0,0.0
10.0,3.0,0.19,0.19,0.19,0.19,5500.0,0.0
10.0,2.0,0.19,0.19,0.19,0.19,0.0,0.0
10.0,1.0,0.19,0.19,0.19,0.19,0.0,0.0
9.0,30.0,0.19,0.19,0.19,0.19,0.0,0.0
9.0,29.0,0.15,0.19,0.15,0.19,5700.0,0.04000000000000001
9.0,26.0,0.18,0.18,0.18,0.18,0.0,0.0
9.0,25.0,0.18,0.18,0.18,0.18,0.0,0.0
9.0,24.0,0.18,0.18,0.18,0.18,5100.0,0.0
9.0,23.0,0.18,0.18,0.18,0.18,3500.0,0.0
9.0,22.0,0.18,0.18,0.18,0.18,4300.0,0.0
9.0,19.0,0.19,0.19,0.19,0.19,0.0,0.0
9.0,18.0,0.165,0.19,0.165,0.19,6000.0,0.024999999999999994
9.0,17.0,0.131,0.19,0.131,0.19,6300.0,0.059
9.0,16.0,0.131,0.2,0.131,0.2,2000.0,0.069
9.0,15.0,0.2,0.2,0.12,0.12,8200.0,-0.08000000000000002
9.0,12.0,0.15,0.15,0.15,0.15,0.0,0.0
9.0,11.0,0.15,0.15,0.15,0.15,0.0,0.0
9.0,10.0,0.15,0.15,0.15,0.15,7700.0,0.0
9.0,9.0,0.15,0.15,0.15,0.15,0.0,0.0
9.0,8.0,0.15,0.15,0.15,0.15,0.0,0.0
9.0,5.0,0.15,0.15,0.15,0.15,700.0,0.0
9.0,4.0,0.239,0.239,0.15,0.15,2200.0,-0.089
9.0,3.0,0.217,0.217,0.217,0.217,0.0,0.0
9.0,2.0,0.2,0.217,0.2,0.217,3900.0,0.016999999999999987
8.0,29.0,0.2,0.2,0.2,0.2,1200.0,0.0
8.0,28.0,0.2,0.25,0.146,0.2,9900.0,0.0
8.0,27.0,0.22,0.22,0.2,0.2,4700.0,-0.01999999999999999
8.0,26.0,0.22,0.22,0.22,0.22,5000.0,0.0
8.0,25.0,0.22,0.22,0.22,0.22,0.0,0.0
8.0,22.0,0.22,0.22,0.22,0.22,0.0,0.0
8.0,21.0,0.22,0.22,0.22,0.22,200.0,0.0
8.0,20.0,0.21,0.21,0.21,0.21,0.0,0.0
8.0,19.0,0.21,0.21,0.21,0.21,0.0,0.0
8.0,18.0,0.21,0.21,0.21,0.21,0.0,0.0
8.0,15.0,0.37,0.37,0.2,0.21,6700.0,-0.16
8.0,14.0,0.288,0.37,0.122,0.122,12500.0,-0.16599999999999998
8.0,13.0,0.32,0.37,0.222,0.37,19000.0,0.04999999999999999
8.0,12.0,0.44,0.44,0.44,0.44,200.0,0.0
8.0,11.0,0.33,0.33,0.33,0.33,100.0,0.0
8.0,8.0,0.335,0.335,0.335,0.335,0.0,0.0
8.0,7.0,0.335,0.335,0.335,0.335,0.0,0.0
8.0,6.0,0.335,0.335,0.335,0.335,0.0,0.0
8.0,5.0,0.335,0.335,0.335,0.335,0.0,0.0
8.0,4.0,0.44,0.44,0.335,0.335,200.0,-0.10499999999999998
8.0,1.0,0.39,0.39,0.335,0.335,6000.0,-0.05499999999999999
7.0,31.0,0.4,0.4,0.4,0.4,0.0,0.0
7.0,30.0,0.4,0.4,0.4,0.4,0.0,0.0
7.0,29.0,0.4,0.4,0.4,0.4,0.0,0.0
7.0,28.0,0.4,0.4,0.4,0.4,0.0,0.0
7.0,25.0,0.4,0.4,0.4,0.4,0.0,0.0
7.0,24.0,0.4,0.4,0.271,0.4,1000.0,0.0
7.0,23.0,0.335,0.335,0.32,0.32,1800.0,-0.015000000000000013
7.0,22.0,0.335,0.335,0.335,0.335,0.0,0.0
7.0,21.0,0.335,0.335,0.335,0.335,0.0,0.0
7.0,18.0,0.335,0.335,0.335,0.335,0.0,0.0
7.0,17.0,0.271,0.335,0.271,0.335,3800.0,0.064
7.0,16.0,0.335,0.335,0.335,0.335,0.0,0.0
7.0,15.0,0.335,0.335,0.335,0.335,0.0,0.0
7.0,14.0,0.335,0.335,0.335,0.335,0.0,0.0
7.0,11.0,0.335,0.335,0.335,0.335,500.0,0.0
7.0,10.0,0.335,0.335,0.335,0.335,0.0,0.0
7.0,9.0,0.335,0.335,0.335,0.335,100.0,0.0
7.0,8.0,0.335,0.335,0.335,0.335,0.0,0.0
7.0,7.0,0.335,0.335,0.335,0.335,0.0,0.0
7.0,3.0,0.335,0.335,0.335,0.335,0.0,0.0
7.0,2.0,0.335,0.335,0.335,0.335,300.0,0.0
7.0,1.0,0.335,0.335,0.335,0.335,300.0,0.0
6.0,30.0,0.33,0.33,0.33,0.33,0.0,0.0
6.0,27.0,0.33,0.33,0.33,0.33,0.0,0.0
6.0,26.0,0.33,0.33,0.33,0.33,400.0,0.0
6.0,25.0,0.33,0.33,0.33,0.33,0.0,0.0
6.0,24.0,0.33,0.33,0.33,0.33,0.0,0.0
6.0,23.0,0.325,0.33,0.325,0.33,400.0,0.0050000000000000044
6.0,20.0,0.32,0.32,0.32,0.32,0.0,0.0
6.0,19.0,0.32,0.32,0.32,0.32,600.0,0.0
6.0,18.0,0.33,0.33,0.33,0.33,100.0,0.0
6.0,17.0,0.32,0.32,0.32,0.32,10000.0,0.0
6.0,16.0,0.32,0.32,0.32,0.32,0.0,0.0
6.0,13.0,0.32,0.32,0.32,0.32,300.0,0.0
6.0,12.0,0.32,0.32,0.32,0.32,0.0,0.0
6.0,11.0,0.32,0.32,0.32,0.32,0.0,0.0
6.0,10.0,0.32,0.32,0.32,0.32,200.0,0.0
6.0,9.0,0.315,0.315,0.315,0.315,0.0,0.0
6.0,6.0,0.315,0.315,0.315,0.315,0.0,0.0
6.0,5.0,0.315,0.315,0.315,0.315,0.0,0.0
6.0,4.0,0.315,0.315,0.315,0.315,0.0,0.0
6.0,3.0,0.315,0.315,0.315,0.315,0.0,0.0
6.0,2.0,0.315,0.315,0.315,0.315,0.0,0.0
5.0,30.0,0.315,0.315,0.315,0.315,0.0,0.0
5.0,29.0,0.315,0.315,0.315,0.315,0.0,0.0
5.0,28.0,0.315,0.315,0.315,0.315,0.0,0.0
5.0,27.0,0.4,0.4,0.4,0.4,0.0,0.0
5.0,23.0,0.31,0.39,0.31,0.315,6500.0,0.0050000000000000044
5.0,22.0,0.4,0.4,0.4,0.4,0.0,0.0
5.0,21.0,0.4,0.4,0.4,0.4,0.0,0.0
5.0,20.0,0.4,0.4,0.4,0.4,0.0,0.0
5.0,19.0,0.4,0.4,0.4,0.4,0.0,0.0
5.0,16.0,0.4,0.4,0.4,0.4,0.0,0.0
5.0,15.0,0.4,0.4,0.4,0.4,200.0,0.0
5.0,14.0,0.4,0.4,0.4,0.4,1000.0,0.0
5.0,13.0,0.38,0.38,0.38,0.38,0.0,0.0
5.0,12.0,0.38,0.41,0.38,0.38,8600.0,0.0
5.0,9.0,0.38,0.38,0.38,0.38,0.0,0.0
5.0,8.0,0.38,0.38,0.38,0.38,0.0,0.0
5.0,7.0,0.38,0.38,0.38,0.38,0.0,0.0
5.0,6.0,0.38,0.38,0.38,0.38,0.0,0.0
5.0,5.0,0.38,0.38,0.38,0.38,2500.0,0.0
5.0,2.0,0.31,0.4,0.31,0.4,12500.0,0.09000000000000002
5.0,1.0,0.4,0.4,0.4,0.4,0.0,0.0
4.0,30.0,0.4,0.4,0.4,0.4,0.0,0.0
4.0,29.0,0.4,0.4,0.4,0.4,1500.0,0.0
4.0,28.0,0.4,0.4,0.4,0.4,1000.0,0.0
4.0,25.0,0.41,0.41,0.4,0.4,12000.0,-0.009999999999999953
4.0,24.0,0.48,0.48,0.48,0.48,0.0,0.0
4.0,23.0,0.48,0.48,0.48,0.48,40000.0,0.0
4.0,22.0,0.43,0.43,0.43,0.43,0.0,0.0
4.0,21.0,0.5,0.5,0.43,0.43,3200.0,-0.07
4.0,17.0,0.5,0.5,0.5,0.5,0.0,0.0
4.0,16.0,0.43,0.5,0.43,0.5,700.0,0.07
4.0,15.0,0.44,0.44,0.44,0.44,0.0,0.0
4.0,14.0,0.44,0.44,0.44,0.44,2500.0,0.0
4.0,11.0,0.405,0.405,0.405,0.405,0.0,0.0
4.0,10.0,0.51,0.51,0.405,0.405,40400.0,-0.10499999999999998
4.0,9.0,0.45,0.45,0.45,0.45,300.0,0.0
4.0,8.0,0.4,0.4,0.4,0.4,1800.0,0.0
4.0,7.0,0.51,0.51,0.4,0.5,5200.0,-0.010000000000000009
4.0,4.0,0.53,0.53,0.53,0.53,0.0,0.0
4.0,3.0,0.53,0.53,0.53,0.53,0.0,0.0
4.0,2.0,0.53,0.53,0.53,0.53,12000.0,0.0
4.0,1.0,0.53,0.53,0.53,0.53,200.0,0.0
3.0,31.0,0.75,0.75,0.51,0.51,1200.0,-0.24
3.0,28.0,0.55,0.55,0.55,0.55,1000.0,0.0
3.0,27.0,0.52,0.55,0.52,0.55,17600.0,0.030000000000000027
3.0,26.0,0.53,0.53,0.53,0.53,11000.0,0.0
3.0,25.0,0.565,0.565,0.55,0.55,15000.0,-0.014999999999999902
3.0,24.0,0.51,0.6,0.51,0.6,7300.0,0.08999999999999997
3.0,21.0,0.56,0.56,0.56,0.56,1700.0,0.0
3.0,20.0,0.5,0.54,0.5,0.54,10200.0,0.040000000000000036
3.0,19.0,0.5,0.5,0.5,0.5,15000.0,0.0
3.0,18.0,0.5,0.5,0.49,0.49,34900.0,-0.010000000000000009
3.0,17.0,0.5,0.5,0.48,0.48,12100.0,-0.020000000000000018
3.0,14.0,0.5,0.6,0.47,0.5,53800.0,0.0
3.0,13.0,0.4,0.45,0.4,0.45,30800.0,0.04999999999999999
3.0,12.0,0.45,0.45,0.45,0.45,0.0,0.0
3.0,11.0,0.45,0.45,0.45,0.45,0.0,0.0
3.0,10.0,0.45,0.45,0.45,0.45,4500.0,0.0
3.0,7.0,0.445,0.445,0.445,0.445,2500.0,0.0
3.0,6.0,0.445,0.445,0.445,0.445,0.0,0.0
3.0,5.0,0.445,0.445,0.445,0.445,200.0,0.0
3.0,4.0,0.36,0.445,0.36,0.445,1200.0,0.08500000000000002
3.0,3.0,0.4,0.4,0.4,0.4,2500.0,0.0
2.0,28.0,0.35,0.35,0.35,0.35,0.0,0.0
2.0,27.0,0.4,0.4,0.35,0.35,1300.0,-0.050000000000000044
2.0,26.0,0.45,0.45,0.4,0.4,8500.0,-0.04999999999999999
2.0,25.0,0.35,0.35,0.35,0.35,1100.0,0.0
2.0,24.0,0.49,0.49,0.485,0.485,600.0,-0.0050000000000000044
2.0,21.0,0.49,0.49,0.49,0.49,1000.0,0.0
2.0,20.0,0.45,0.45,0.4,0.4,9000.0,-0.04999999999999999
2.0,19.0,0.495,0.495,0.495,0.495,0.0,0.0
2.0,18.0,0.495,0.495,0.495,0.495,2200.0,0.0
2.0,14.0,0.35,0.35,0.35,0.35,1500.0,0.0
2.0,13.0,0.35,0.35,0.35,0.35,0.0,0.0
2.0,12.0,0.35,0.35,0.35,0.35,0.0,0.0
2.0,11.0,0.35,0.35,0.35,0.35,100.0,0.0
2.0,10.0,0.4,0.45,0.35,0.35,8900.0,-0.050000000000000044
2.0,7.0,0.55,0.55,0.4,0.4,2100.0,-0.15000000000000002
2.0,6.0,0.6,0.6,0.6,0.6,300.0,0.0
2.0,5.0,0.4,0.4,0.4,0.4,2500.0,0.0
2.0,4.0,0.351,0.351,0.351,0.351,300.0,0.0
2.0,3.0,0.351,0.351,0.351,0.351,2000.0,0.0
1.0,31.0,0.44,0.45,0.44,0.45,28500.0,0.010000000000000009
1.0,30.0,0.44,0.44,0.44,0.44,0.0,0.0
1.0,29.0,0.4,0.44,0.35,0.44,19600.0,0.03999999999999998
1.0,28.0,0.44,0.44,0.44,0.44,1000.0,0.0
1.0,27.0,0.4,0.4,0.4,0.4,2000.0,0.0
1.0,24.0,0.4,0.4,0.4,0.4,1500.0,0.0
1.0,23.0,0.4,0.4,0.4,0.4,0.0,0.0
1.0,22.0,0.4,0.4,0.4,0.4,0.0,0.0
1.0,21.0,0.4,0.55,0.4,0.4,8200.0,0.0
1.0,17.0,0.56,0.56,0.55,0.55,3000.0,-0.010000000000000009
1.0,16.0,0.55,0.65,0.55,0.6,9000.0,0.04999999999999993
1.0,15.0,0.65,0.65,0.65,0.65,1200.0,0.0
1.0,14.0,0.6,0.85,0.55,0.55,8900.0,-0.04999999999999993
1.0,13.0,0.6,0.65,0.6,0.65,2600.0,0.050000000000000044
1.0,10.0,0.6,0.65,0.6,0.65,6000.0,0.050000000000000044
1.0,9.0,0.51,0.85,0.45,0.65,22700.0,0.14
1.0,8.0,0.63,0.64,0.63,0.64,3500.0,0.010000000000000009
1.0,7.0,0.65,0.65,0.6,0.64,15200.0,-0.010000000000000009
1.0,6.0,0.65,0.654,0.62,0.65,8100.0,0.0
1.0,3.0,0.7,0.7,0.62,0.66,33700.0,-0.039999999999999925
1.0,2.0,0.75,0.75,0.7,0.75,8500.0,0.0
12.0,31.0,0.65,0.75,0.65,0.75,25700.0,0.09999999999999998
12.0,30.0,0.8,0.85,0.7,0.71,96400.0,-0.09000000000000008
12.0,27.0,0.78,0.85,0.75,0.76,39000.0,-0.020000000000000018
12.0,26.0,0.65,0.79,0.65,0.78,46800.0,0.13
12.0,24.0,0.48,1.0,0.48,0.65,22500.0,0.17000000000000004
12.0,23.0,0.5,0.5,0.39,0.5,15100.0,0.0
12.0,20.0,0.341,0.4,0.341,0.39,10300.0,0.04899999999999999
12.0,19.0,0.26,0.26,0.26,0.26,0.0,0.0
12.0,18.0,0.75,0.75,0.26,0.26,2600.0,-0.49
12.0,17.0,0.3,0.3,0.3,0.3,0.0,0.0
12.0,16.0,0.311,0.311,0.311,0.311,0.0,0.0
12.0,13.0,0.311,0.311,0.311,0.311,0.0,0.0
12.0,12.0,0.31,0.311,0.31,0.311,1500.0,0.0010000000000000009
12.0,11.0,0.32,0.34,0.31,0.34,13900.0,0.020000000000000018
12.0,10.0,0.355,0.355,0.35,0.35,2100.0,-0.0050000000000000044
12.0,9.0,0.35,0.36,0.35,0.35,36200.0,0.0
12.0,6.0,0.52,0.52,0.345,0.345,7900.0,-0.17500000000000004
12.0,5.0,0.33,0.4,0.33,0.4,6700.0,0.07
12.0,4.0,0.372,0.39,0.355,0.355,18800.0,-0.017000000000000015
12.0,3.0,0.32,0.35,0.32,0.35,16100.0,0.02999999999999997
12.0,2.0,0.31,0.31,0.31,0.31,100.0,0.0
11.0,29.0,0.6,0.6,0.4,0.4,16000.0,-0.19999999999999996
11.0,27.0,0.44,0.44,0.44,0.44,11300.0,0.0
11.0,26.0,0.35,0.4,0.35,0.4,3500.0,0.050000000000000044
11.0,25.0,0.4,0.42,0.4,0.42,15400.0,0.019999999999999962
11.0,22.0,0.6,0.6,0.42,0.42,2000.0,-0.18
11.0,21.0,0.4,0.4,0.4,0.4,20100.0,0.0
11.0,20.0,0.6,0.6,0.5,0.5,6300.0,-0.09999999999999998
11.0,19.0,0.75,0.75,0.5,0.68,21600.0,-0.06999999999999995
11.0,18.0,0.31,0.899,0.31,0.899,1500.0,0.589
11.0,15.0,1.0,1.01,0.6,0.6,11000.0,-0.4
11.0,14.0,0.51,0.6,0.5,0.6,15300.0,0.08999999999999997
11.0,13.0,0.65,0.65,0.51,0.65,6500.0,0.0
11.0,12.0,0.6,0.65,0.6,0.65,37000.0,0.050000000000000044
11.0,11.0,0.55,0.59,0.55,0.59,4300.0,0.039999999999999925
11.0,8.0,0.45,0.5,0.45,0.5,36200.0,0.04999999999999999
11.0,7.0,0.5,0.5,0.5,0.5,0.0,0.0
11.0,6.0,0.5,0.5,0.21,0.5,1800.0,0.0
11.0,5.0,0.5,0.5,0.5,0.5,300.0,0.0
11.0,4.0,0.21,0.59,0.21,0.59,800.0,0.38
11.0,1.0,0.41,0.5,0.41,0.5,3400.0,0.09000000000000002
10.0,31.0,0.25,0.65,0.25,0.41,14000.0,0.15999999999999998
10.0,30.0,0.2,0.2,0.2,0.2,0.0,0.0
10.0,29.0,0.104,0.2,0.104,0.2,2200.0,0.09600000000000002
10.0,28.0,0.104,0.104,0.104,0.104,0.0,0.0
10.0,25.0,0.104,0.104,0.104,0.104,0.0,0.0
10.0,24.0,0.104,0.104,0.104,0.104,0.0,0.0
10.0,23.0,0.104,0.104,0.104,0.104,0.0,0.0
10.0,22.0,0.104,0.104,0.104,0.104,200.0,0.0
10.0,21.0,0.122,0.122,0.122,0.122,0.0,0.0
10.0,18.0,0.122,0.122,0.122,0.122,700.0,0.0
10.0,17.0,0.4,0.4,0.4,0.4,700.0,0.0
10.0,16.0,0.4,0.4,0.4,0.4,100.0,0.0
10.0,15.0,0.103,0.103,0.103,0.103,0.0,0.0
10.0,14.0,0.103,0.103,0.103,0.103,0.0,0.0
10.0,11.0,0.103,0.103,0.103,0.103,0.0,0.0
10.0,10.0,0.103,0.103,0.103,0.103,0.0,0.0
10.0,9.0,0.4,0.4,0.103,0.103,300.0,-0.29700000000000004
10.0,8.0,0.4,0.4,0.4,0.4,0.0,0.0
10.0,7.0,0.4,0.4,0.4,0.4,3600.0,0.0
10.0,4.0,0.103,0.4,0.103,0.4,1100.0,0.29700000000000004
10.0,3.0,0.39,0.39,0.35,0.35,4800.0,-0.040000000000000036
10.0,2.0,0.55,0.55,0.55,0.55,0.0,0.0
10.0,1.0,0.6,0.6,0.55,0.55,900.0,-0.04999999999999993
9.0,30.0,0.85,0.85,0.25,0.6,12300.0,-0.25
9.0,27.0,0.101,0.4,0.101,0.4,300.0,0.29900000000000004
9.0,26.0,0.4,0.4,0.4,0.4,0.0,0.0
9.0,25.0,0.161,0.4,0.101,0.4,800.0,0.23900000000000002
9.0,24.0,0.4,0.4,0.4,0.4,0.0,0.0
9.0,23.0,0.4,0.4,0.4,0.4,0.0,0.0
9.0,20.0,0.101,0.4,0.101,0.4,1400.0,0.29900000000000004
9.0,19.0,0.11,0.49,0.11,0.49,400.0,0.38
9.0,18.0,0.5,0.5,0.5,0.5,2000.0,0.0
9.0,17.0,0.5,0.5,0.5,0.5,0.0,0.0
9.0,16.0,0.15,0.5,0.15,0.5,300.0,0.35
9.0,13.0,0.5,0.5,0.49,0.5,2200.0,0.0
9.0,12.0,0.5,0.5,0.5,0.5,1000.0,0.0
9.0,11.0,0.55,0.55,0.55,0.55,0.0,0.0
9.0,10.0,0.55,0.55,0.55,0.55,500.0,0.0
9.0,9.0,0.598,0.598,0.598,0.598,0.0,0.0
9.0,6.0,0.598,0.598,0.598,0.598,0.0,0.0
9.0,5.0,0.3,0.598,0.3,0.598,1200.0,0.298
9.0,4.0,0.6,0.6,0.6,0.6,0.0,0.0
9.0,3.0,0.6,0.6,0.6,0.6,0.0,0.0
8.0,30.0,0.6,0.6,0.6,0.6,1600.0,0.0
8.0,29.0,0.3,0.69,0.3,0.69,1300.0,0.38999999999999996
8.0,28.0,0.3,0.3,0.3,0.3,300.0,0.0
8.0,27.0,0.3,0.3,0.3,0.3,800.0,0.0
8.0,26.0,0.3,0.3,0.3,0.3,0.0,0.0
8.0,23.0,0.28,0.69,0.28,0.3,800.0,0.019999999999999962
8.0,22.0,0.15,0.15,0.15,0.15,0.0,0.0
8.0,21.0,1.0,1.0,0.15,0.15,4500.0,-0.85
8.0,20.0,1.0,1.0,1.0,1.0,0.0,0.0
8.0,19.0,1.0,1.0,1.0,1.0,200.0,0.0
8.0,16.0,0.005,0.005,0.005,0.005,0.0,0.0
8.0,15.0,0.005,0.005,0.005,0.005,0.0,0.0
8.0,14.0,0.005,0.005,0.004,0.004,2100.0,-0.001
8.0,13.0,0.006,0.006,0.006,0.006,0.0,0.0
8.0,12.0,0.006,0.006,0.006,0.006,0.0,0.0
8.0,9.0,0.007,0.007,0.006,0.006,500.0,-0.001
8.0,8.0,0.007,0.007,0.007,0.007,0.0,0.0
8.0,7.0,0.005,0.007,0.005,0.007,800.0,0.002
8.0,6.0,0.008,0.008,0.008,0.008,100.0,0.0
8.0,5.0,0.009,0.009,0.008,0.008,600.0,-9.999999999999992E-4
8.0,2.0,0.008,0.009,0.008,0.008,800.0,0.0
8.0,1.0,0.005,0.008,0.005,0.008,1500.0,0.003
7.0,31.0,0.007,0.007,0.007,0.007,0.0,0.0
7.0,30.0,0.007,0.007,0.007,0.007,0.0,0.0
7.0,29.0,0.007,0.007,0.007,0.007,800.0,0.0
7.0,26.0,0.007,0.007,0.007,0.007,100.0,0.0
7.0,25.0,0.007,0.007,0.007,0.007,0.0,0.0
7.0,24.0,0.004,0.007,0.003,0.007,1500.0,0.003
7.0,23.0,0.007,0.007,0.007,0.007,500.0,0.0
7.0,22.0,0.004,0.007,0.004,0.007,0.0,0.003
7.0,19.0,0.007,0.007,0.007,0.007,0.0,0.0
7.0,18.0,0.007,0.007,0.007,0.007,0.0,0.0
7.0,17.0,0.007,0.007,0.007,0.007,0.0,0.0
7.0,16.0,0.007,0.007,0.007,0.007,400.0,0.0
7.0,15.0,0.007,0.007,0.007,0.007,200.0,0.0
7.0,12.0,0.007,0.007,0.007,0.007,0.0,0.0
7.0,11.0,0.007,0.007,0.007,0.007,200.0,0.0
7.0,10.0,0.007,0.008,0.007,0.007,6300.0,0.0
7.0,9.0,0.007,0.007,0.007,0.007,0.0,0.0
7.0,8.0,0.004,0.007,0.004,0.007,400.0,0.003
7.0,5.0,0.007,0.007,0.007,0.007,0.0,0.0
7.0,3.0,0.004,0.007,0.004,0.007,200.0,0.003
7.0,2.0,0.007,0.007,0.006,0.007,400.0,0.0
7.0,1.0,0.007,0.007,0.004,0.007,1200.0,0.0
6.0,28.0,0.006,0.006,0.006,0.006,300.0,0.0
6.0,27.0,0.006,0.006,0.006,0.006,0.0,0.0
6.0,26.0,0.007,0.007,0.006,0.006,1200.0,-0.001
6.0,25.0,0.007,0.007,0.006,0.006,2600.0,-0.001
6.0,24.0,0.006,0.006,0.006,0.006,200.0,0.0
6.0,21.0,0.006,0.006,0.006,0.006,0.0,0.0
6.0,20.0,0.007,0.007,0.007,0.007,0.0,0.0
6.0,19.0,0.007,0.007,0.007,0.007,200.0,0.0
6.0,18.0,0.007,0.007,0.006,0.007,3800.0,0.0
6.0,17.0,0.007,0.007,0.007,0.007,0.0,0.0
6.0,14.0,0.007,0.007,0.007,0.007,1000.0,0.0
6.0,13.0,0.007,0.007,0.007,0.007,500.0,0.0
6.0,12.0,0.007,0.007,0.007,0.007,1200.0,0.0
6.0,11.0,0.008,0.008,0.007,0.007,700.0,-0.001
6.0,10.0,0.007,0.007,0.007,0.007,3400.0,0.0
6.0,7.0,0.006,0.007,0.006,0.007,0.0,0.001
6.0,6.0,0.007,0.007,0.007,0.007,200.0,0.0
6.0,5.0,0.007,0.007,0.007,0.007,500.0,0.0
6.0,4.0,0.006,0.007,0.006,0.007,1100.0,0.001
6.0,3.0,0.007,0.007,0.007,0.007,1700.0,0.0
5.0,31.0,0.005,0.007,0.005,0.007,1000.0,0.002
5.0,30.0,0.005,0.005,0.005,0.005,400.0,0.0
5.0,29.0,0.005,0.006,0.004,0.004,3400.0,-0.001
5.0,28.0,0.007,0.007,0.007,0.007,0.0,0.0
5.0,24.0,0.007,0.007,0.007,0.007,500.0,0.0
5.0,23.0,0.007,0.007,0.007,0.007,200.0,0.0
5.0,22.0,0.007,0.007,0.007,0.007,300.0,0.0
5.0,21.0,0.007,0.007,0.004,0.007,1800.0,0.0
5.0,20.0,0.008,0.008,0.008,0.008,800.0,0.0
5.0,17.0,0.007,0.008,0.007,0.008,1200.0,0.001
5.0,16.0,0.008,0.008,0.008,0.008,300.0,0.0
5.0,15.0,0.008,0.008,0.008,0.008,800.0,0.0
5.0,14.0,0.008,0.008,0.008,0.008,7100.0,0.0
5.0,13.0,0.008,0.008,0.006,0.006,800.0,-0.002
5.0,10.0,0.006,0.006,0.006,0.006,1600.0,0.0
5.0,9.0,0.006,0.006,0.005,0.005,1500.0,-0.001
5.0,8.0,0.008,0.008,0.006,0.006,900.0,-0.002
5.0,7.0,0.007,0.008,0.007,0.008,1100.0,0.001
5.0,6.0,0.007,0.007,0.007,0.007,900.0,0.0
5.0,3.0,0.009,0.009,0.007,0.007,9400.0,-0.001999999999999999
5.0,2.0,0.009,0.009,0.009,0.009,1100.0,0.0
5.0,1.0,0.009,0.009,0.009,0.009,1600.0,0.0
4.0,30.0,0.009,0.009,0.009,0.009,1800.0,0.0
4.0,29.0,0.009,0.009,0.009,0.009,2600.0,0.0
4.0,26.0,0.009,0.009,0.009,0.009,2200.0,0.0
4.0,25.0,0.009,0.009,0.009,0.009,3000.0,0.0
4.0,24.0,0.009,0.009,0.009,0.009,700.0,0.0
4.0,23.0,0.01,0.01,0.009,0.009,5000.0,-0.0010000000000000009
4.0,22.0,0.01,0.01,0.009,0.01,10500.0,0.0
4.0,19.0,0.01,0.01,0.009,0.009,0.0,-0.0010000000000000009
4.0,18.0,0.008,0.01,0.008,0.01,1900.0,0.002
4.0,17.0,0.01,0.011,0.007,0.01,6700.0,0.0
4.0,16.0,0.011,0.011,0.01,0.01,200.0,-9.999999999999992E-4
4.0,15.0,0.012,0.012,0.01,0.011,1700.0,-0.0010000000000000009
4.0,12.0,0.011,0.011,0.01,0.01,900.0,-9.999999999999992E-4
4.0,11.0,0.011,0.011,0.01,0.01,1500.0,-9.999999999999992E-4
4.0,10.0,0.011,0.011,0.01,0.01,16700.0,-9.999999999999992E-4
4.0,9.0,0.011,0.012,0.011,0.012,700.0,0.0010000000000000009
4.0,8.0,0.014,0.014,0.01,0.01,2000.0,-0.004
4.0,5.0,0.012,0.014,0.01,0.012,13400.0,0.0
4.0,4.0,0.012,0.012,0.01,0.01,2900.0,-0.002
4.0,3.0,0.014,0.014,0.01,0.012,2200.0,-0.002
4.0,2.0,0.014,0.014,0.014,0.014,500.0,0.0
4.0,1.0,0.014,0.015,0.014,0.015,1500.0,9.999999999999992E-4
3.0,28.0,0.016,0.016,0.014,0.014,3300.0,-0.002
3.0,27.0,0.014,0.014,0.014,0.014,100.0,0.0
3.0,26.0,0.016,0.016,0.014,0.014,1200.0,-0.002
3.0,25.0,0.015,0.016,0.013,0.016,1000.0,0.0010000000000000009
3.0,22.0,0.015,0.015,0.014,0.014,200.0,-9.999999999999992E-4
3.0,21.0,0.013,0.016,0.013,0.013,3900.0,0.0
3.0,20.0,0.013,0.015,0.013,0.013,2200.0,0.0
3.0,19.0,0.013,0.013,0.013,0.013,1000.0,0.0
3.0,18.0,0.016,0.016,0.013,0.013,4600.0,-0.003000000000000001
3.0,15.0,0.015,0.016,0.013,0.014,5400.0,-9.999999999999992E-4
3.0,14.0,0.016,0.016,0.015,0.015,1100.0,-0.0010000000000000009
3.0,13.0,0.016,0.018,0.015,0.015,1500.0,-0.0010000000000000009
3.0,12.0,0.016,0.016,0.015,0.015,2600.0,-0.0010000000000000009
3.0,11.0,0.021,0.021,0.015,0.015,2200.0,-0.006000000000000002
3.0,8.0,0.015,0.023,0.015,0.021,17100.0,0.006000000000000002
3.0,7.0,0.013,0.02,0.013,0.015,10100.0,0.002
3.0,6.0,0.012,0.015,0.012,0.014,2900.0,0.002
3.0,5.0,0.011,0.014,0.011,0.012,5000.0,0.0010000000000000009
3.0,4.0,0.012,0.012,0.01,0.011,29900.0,-0.0010000000000000009
3.0,1.0,0.015,0.015,0.012,0.014,2400.0,-9.999999999999992E-4
2.0,28.0,0.015,0.015,0.012,0.012,8600.0,-0.002999999999999999
2.0,27.0,0.017,0.017,0.012,0.012,10800.0,-0.005000000000000001
2.0,26.0,0.018,0.02,0.015,0.015,9700.0,-0.002999999999999999
2.0,25.0,0.02,0.02,0.015,0.018,6400.0,-0.0020000000000000018
2.0,22.0,0.019,0.022,0.019,0.019,2400.0,0.0
2.0,21.0,0.024,0.024,0.019,0.019,7500.0,-0.005000000000000001
2.0,20.0,0.025,0.028,0.019,0.024,12300.0,-0.0010000000000000009
2.0,19.0,0.025,0.035,0.018,0.022,24500.0,-0.0030000000000000027
2.0,15.0,0.02,0.02,0.015,0.016,1000.0,-0.004
2.0,14.0,0.015,0.02,0.015,0.015,2100.0,0.0
2.0,13.0,0.025,0.025,0.015,0.015,1300.0,-0.010000000000000002
2.0,12.0,0.02,0.02,0.02,0.02,2700.0,0.0
2.0,11.0,0.03,0.03,0.018,0.018,1100.0,-0.012
2.0,8.0,0.018,0.023,0.016,0.02,5000.0,0.0020000000000000018
2.0,7.0,0.017,0.02,0.015,0.015,2700.0,-0.0020000000000000018
2.0,6.0,0.017,0.017,0.015,0.015,400.0,-0.0020000000000000018
2.0,5.0,0.018,0.018,0.015,0.018,3200.0,0.0
2.0,4.0,0.027,0.03,0.013,0.018,4500.0,-0.009000000000000001
2.0,1.0,0.025,0.027,0.015,0.027,3700.0,0.0019999999999999983
1.0,31.0,0.025,0.025,0.025,0.025,200.0,0.0
1.0,30.0,0.025,0.025,0.02,0.025,900.0,0.0
1.0,29.0,0.022,0.03,0.02,0.025,1400.0,0.0030000000000000027
1.0,28.0,0.023,0.023,0.02,0.02,1500.0,-0.002999999999999999
1.0,25.0,0.024,0.024,0.024,0.024,200.0,0.0
1.0,24.0,0.024,0.024,0.02,0.024,600.0,0.0
1.0,23.0,0.027,0.027,0.027,0.027,0.0,0.0
1.0,22.0,0.027,0.027,0.025,0.027,600.0,0.0
1.0,18.0,0.027,0.027,0.027,0.027,0.0,0.0
1.0,17.0,0.07,0.07,0.025,0.025,1000.0,-0.045000000000000005
1.0,16.0,0.027,0.03,0.025,0.025,3400.0,-0.0019999999999999983
1.0,15.0,0.028,0.028,0.025,0.027,300.0,-0.0010000000000000009
1.0,14.0,0.028,0.03,0.028,0.03,1700.0,0.0019999999999999983
1.0,11.0,0.03,0.03,0.03,0.03,900.0,0.0
1.0,10.0,0.03,0.035,0.03,0.03,0.0,0.0
1.0,9.0,0.03,0.03,0.03,0.03,500.0,0.0
1.0,8.0,0.03,0.03,0.03,0.03,0.0,0.0
1.0,7.0,0.035,0.035,0.03,0.03,1000.0,-0.0050000000000000044
1.0,4.0,0.035,0.035,0.035,0.035,100.0,0.0
1.0,3.0,0.04,0.04,0.04,0.04,500.0,0.0
1.0,2.0,0.04,0.04,0.04,0.04,0.0,0.0
12.0,31.0,0.03,0.04,0.03,0.04,2400.0,0.010000000000000002
12.0,28.0,0.03,0.03,0.03,0.03,400.0,0.0
12.0,27.0,0.03,0.03,0.03,0.03,200.0,0.0
12.0,26.0,0.03,0.03,0.028,0.03,100.0,0.0
12.0,24.0,0.03,0.03,0.03,0.03,1300.0,0.0
12.0,21.0,0.03,0.03,0.03,0.03,2000.0,0.0
12.0,20.0,0.03,0.031,0.03,0.031,1000.0,0.0010000000000000009
12.0,19.0,0.03,0.03,0.03,0.03,700.0,0.0
12.0,18.0,0.03,0.035,0.03,0.034,3500.0,0.0040000000000000036
12.0,17.0,0.03,0.039,0.03,0.039,1700.0,0.009000000000000001
12.0,14.0,0.04,0.05,0.03,0.04,4900.0,0.0
12.0,13.0,0.038,0.04,0.038,0.04,1000.0,0.0020000000000000018
12.0,12.0,0.04,0.04,0.035,0.035,200.0,-0.0049999999999999975
12.0,11.0,0.04,0.04,0.035,0.035,100.0,-0.0049999999999999975
12.0,10.0,0.04,0.04,0.034,0.036,600.0,-0.0040000000000000036
12.0,7.0,0.066,0.066,0.035,0.038,600.0,-0.028000000000000004
12.0,6.0,0.035,0.04,0.02,0.02,300.0,-0.015000000000000003
12.0,5.0,0.038,0.038,0.035,0.035,100.0,-0.0029999999999999957
12.0,4.0,0.018,0.035,0.018,0.035,300.0,0.017000000000000005
12.0,3.0,0.04,0.04,0.023,0.04,200.0,0.0
11.0,30.0,0.03,0.04,0.03,0.04,1000.0,0.010000000000000002
11.0,29.0,0.042,0.06,0.03,0.05,400.0,0.008
11.0,28.0,0.06,0.06,0.06,0.06,100.0,0.0
11.0,27.0,0.07,0.07,0.07,0.07,0.0,0.0
11.0,26.0,0.07,0.07,0.07,0.07,0.0,0.0
11.0,23.0,0.07,0.07,0.07,0.07,200.0,0.0
11.0,21.0,0.07,0.07,0.07,0.07,100.0,0.0
11.0,20.0,0.07,0.07,0.07,0.07,100.0,0.0
11.0,19.0,0.072,0.072,0.072,0.072,100.0,0.0
11.0,16.0,0.075,0.075,0.075,0.075,0.0,0.0
11.0,15.0,0.075,0.075,0.075,0.075,0.0,0.0
11.0,14.0,0.075,0.075,0.075,0.075,200.0,0.0
11.0,13.0,0.075,0.08,0.075,0.08,200.0,0.0050000000000000044
11.0,12.0,0.075,0.075,0.075,0.075,100.0,0.0
11.0,9.0,0.075,0.08,0.075,0.08,0.0,0.0050000000000000044
11.0,8.0,0.075,0.075,0.075,0.075,0.0,0.0
11.0,7.0,0.08,0.08,0.08,0.08,200.0,0.0
11.0,6.0,0.08,0.08,0.08,0.08,100.0,0.0
11.0,5.0,0.09,0.09,0.08,0.08,0.0,-0.009999999999999995
11.0,2.0,0.09,0.09,0.09,0.09,100.0,0.0
11.0,1.0,0.105,0.105,0.08,0.08,0.0,-0.024999999999999994
10.0,31.0,0.07,0.07,0.07,0.07,0.0,0.0
10.0,26.0,0.072,0.072,0.022,0.07,1000.0,-0.001999999999999988
10.0,25.0,0.08,0.09,0.08,0.085,900.0,0.0050000000000000044
10.0,24.0,0.08,0.08,0.08,0.08,100.0,0.0
10.0,23.0,0.09,0.09,0.09,0.09,0.0,0.0
10.0,22.0,0.09,0.09,0.09,0.09,100.0,0.0
10.0,19.0,0.1,0.1,0.1,0.1,100.0,0.0
10.0,18.0,0.09,0.09,0.09,0.09,100.0,0.0
10.0,17.0,0.09,0.1,0.09,0.1,0.0,0.010000000000000009
10.0,16.0,0.08,0.08,0.08,0.08,100.0,0.0
10.0,15.0,0.09,0.09,0.09,0.09,0.0,0.0
10.0,12.0,0.09,0.09,0.09,0.09,100.0,0.0
10.0,11.0,0.1,0.1,0.09,0.09,0.0,-0.010000000000000009
10.0,10.0,0.09,0.1,0.07,0.1,500.0,0.010000000000000009
10.0,9.0,0.1,0.1,0.09,0.09,500.0,-0.010000000000000009
10.0,8.0,0.1,0.1,0.1,0.1,200.0,0.0
10.0,5.0,0.07,0.11,0.07,0.1,500.0,0.03
10.0,4.0,0.107,0.107,0.09,0.09,0.0,-0.017
10.0,3.0,0.11,0.11,0.11,0.11,0.0,0.0
10.0,2.0,0.11,0.11,0.11,0.11,0.0,0.0
10.0,1.0,0.11,0.11,0.11,0.11,0.0,0.0
9.0,28.0,0.107,0.107,0.107,0.107,0.0,0.0
9.0,27.0,0.107,0.107,0.107,0.107,0.0,0.0
9.0,26.0,0.107,0.107,0.107,0.107,0.0,0.0
9.0,25.0,0.11,0.11,0.11,0.11,0.0,0.0
9.0,24.0,0.11,0.11,0.11,0.11,0.0,0.0
9.0,21.0,0.11,0.11,0.107,0.11,0.0,0.0
9.0,20.0,0.107,0.107,0.107,0.107,0.0,0.0
9.0,19.0,0.107,0.107,0.107,0.107,0.0,0.0
9.0,18.0,0.107,0.107,0.107,0.107,0.0,0.0
9.0,17.0,0.107,0.13,0.107,0.107,0.0,0.0
9.0,14.0,0.13,0.13,0.12,0.12,0.0,-0.010000000000000009
9.0,13.0,0.13,0.13,0.13,0.13,0.0,0.0
9.0,12.0,0.14,0.14,0.14,0.14,0.0,0.0
9.0,11.0,0.138,0.138,0.138,0.138,0.0,0.0
9.0,10.0,0.14,0.14,0.14,0.14,0.0,0.0
9.0,7.0,0.13,0.14,0.13,0.14,100.0,0.010000000000000009
9.0,6.0,0.14,0.14,0.14,0.14,0.0,0.0
9.0,5.0,0.149,0.149,0.149,0.149,0.0,0.0
9.0,4.0,0.149,0.149,0.149,0.149,0.0,0.0
8.0,31.0,0.149,0.149,0.149,0.149,0.0,0.0
8.0,30.0,0.16,0.16,0.16,0.16,0.0,0.0
8.0,29.0,0.15,0.16,0.15,0.16,400.0,0.010000000000000009
8.0,28.0,0.15,0.15,0.15,0.15,200.0,0.0
8.0,27.0,0.15,0.15,0.12,0.12,100.0,-0.03
8.0,24.0,0.09,0.12,0.09,0.12,900.0,0.03
8.0,23.0,0.16,0.16,0.09,0.09,0.0,-0.07
8.0,22.0,0.14,0.14,0.1,0.105,300.0,-0.03500000000000002
8.0,21.0,0.16,0.16,0.12,0.14,100.0,-0.01999999999999999
8.0,20.0,0.13,0.14,0.11,0.11,100.0,-0.020000000000000004
8.0,17.0,0.1,0.16,0.1,0.16,0.0,0.06
8.0,16.0,0.117,0.117,0.075,0.1,2400.0,-0.017
8.0,15.0,0.14,0.14,0.14,0.14,0.0,0.0
8.0,14.0,0.14,0.14,0.14,0.14,0.0,0.0
8.0,13.0,0.15,0.18,0.11,0.117,700.0,-0.03299999999999999
8.0,10.0,0.14,0.14,0.14,0.14,0.0,0.0
8.0,9.0,0.14,0.14,0.14,0.14,0.0,0.0
8.0,8.0,0.14,0.14,0.14,0.14,0.0,0.0
8.0,7.0,0.13,0.15,0.13,0.14,0.0,0.010000000000000009
8.0,6.0,0.12,0.12,0.12,0.12,100.0,0.0
8.0,3.0,0.15,0.15,0.15,0.15,0.0,0.0
8.0,2.0,0.15,0.15,0.15,0.15,0.0,0.0
8.0,1.0,0.15,0.15,0.15,0.15,500.0,0.0
7.0,31.0,0.161,0.161,0.16,0.16,200.0,-0.0010000000000000009
7.0,30.0,0.161,0.161,0.161,0.161,0.0,0.0
7.0,27.0,0.161,0.161,0.161,0.161,0.0,0.0
7.0,26.0,0.18,0.195,0.17,0.195,900.0,0.015000000000000013
7.0,25.0,0.161,0.161,0.16,0.16,100.0,-0.0010000000000000009
7.0,24.0,0.16,0.16,0.16,0.16,0.0,0.0
7.0,23.0,0.155,0.16,0.155,0.16,100.0,0.0050000000000000044
7.0,20.0,0.18,0.18,0.155,0.155,0.0,-0.024999999999999994
7.0,19.0,0.1,0.165,0.1,0.165,200.0,0.065
7.0,18.0,0.16,0.16,0.159,0.159,0.0,-0.0010000000000000009
7.0,17.0,0.17,0.17,0.159,0.159,100.0,-0.01100000000000001
7.0,16.0,0.17,0.17,0.17,0.17,0.0,0.0
7.0,13.0,0.17,0.17,0.17,0.17,200.0,0.0
7.0,12.0,0.17,0.17,0.159,0.159,600.0,-0.01100000000000001
7.0,11.0,0.17,0.17,0.17,0.17,0.0,0.0
7.0,10.0,0.17,0.17,0.17,0.17,0.0,0.0
7.0,9.0,0.17,0.17,0.17,0.17,0.0,0.0
7.0,6.0,0.16,0.17,0.16,0.17,200.0,0.010000000000000009
7.0,5.0,0.19,0.19,0.159,0.159,100.0,-0.031
7.0,3.0,0.159,0.159,0.159,0.159,0.0,0.0
7.0,2.0,0.157,0.159,0.157,0.159,100.0,0.0020000000000000018
6.0,29.0,0.16,0.16,0.16,0.16,0.0,0.0
6.0,28.0,0.21,0.21,0.17,0.17,100.0,-0.03999999999999998
6.0,27.0,0.24,0.24,0.151,0.18,200.0,-0.06
6.0,26.0,0.2,0.2,0.2,0.2,200.0,0.0
6.0,25.0,0.151,0.18,0.151,0.18,0.0,0.028999999999999998
6.0,22.0,0.18,0.18,0.18,0.18,0.0,0.0
6.0,21.0,0.18,0.18,0.18,0.18,100.0,0.0
6.0,20.0,0.189,0.23,0.15,0.2,700.0,0.01100000000000001
6.0,19.0,0.21,0.21,0.21,0.21,0.0,0.0
6.0,18.0,0.24,0.24,0.19,0.21,100.0,-0.03
6.0,15.0,0.19,0.2,0.188,0.188,100.0,-0.0020000000000000018
6.0,14.0,0.2,0.2,0.2,0.2,0.0,0.0
6.0,13.0,0.2,0.2,0.2,0.2,0.0,0.0
6.0,12.0,0.187,0.2,0.187,0.2,100.0,0.013000000000000012
6.0,11.0,0.2,0.2,0.2,0.2,0.0,0.0
6.0,8.0,0.24,0.24,0.2,0.2,0.0,-0.03999999999999998
6.0,7.0,0.2,0.2,0.2,0.2,100.0,0.0
6.0,6.0,0.2,0.2,0.2,0.2,100.0,0.0
6.0,5.0,0.2,0.2,0.2,0.2,500.0,0.0
6.0,4.0,0.25,0.25,0.25,0.25,0.0,0.0
6.0,1.0,0.215,0.215,0.2,0.215,100.0,0.0
5.0,31.0,0.245,0.245,0.245,0.245,0.0,0.0
5.0,30.0,0.25,0.25,0.25,0.25,0.0,0.0
5.0,29.0,0.25,0.25,0.25,0.25,0.0,0.0
5.0,25.0,0.249,0.269,0.249,0.26,600.0,0.01100000000000001
5.0,24.0,0.25,0.25,0.25,0.25,200.0,0.0
5.0,23.0,0.25,0.25,0.25,0.25,0.0,0.0
5.0,22.0,0.25,0.25,0.24,0.25,0.0,0.0
5.0,21.0,0.25,0.25,0.25,0.25,0.0,0.0
5.0,18.0,0.26,0.26,0.22,0.25,200.0,-0.010000000000000009
5.0,17.0,0.25,0.25,0.25,0.25,100.0,0.0
5.0,16.0,0.22,0.25,0.19,0.25,0.0,0.03
5.0,15.0,0.25,0.25,0.25,0.25,0.0,0.0
5.0,14.0,0.25,0.25,0.25,0.25,0.0,0.0
5.0,11.0,0.22,0.25,0.197,0.25,300.0,0.03
5.0,10.0,0.24,0.25,0.237,0.25,600.0,0.010000000000000009
5.0,9.0,0.239,0.239,0.23,0.23,0.0,-0.00899999999999998
5.0,8.0,0.23,0.23,0.22,0.22,100.0,-0.010000000000000009
5.0,7.0,0.25,0.25,0.232,0.232,0.0,-0.017999999999999988
5.0,4.0,0.25,0.25,0.25,0.25,0.0,0.0
5.0,3.0,0.26,0.29,0.26,0.29,0.0,0.02999999999999997
5.0,2.0,0.28,0.3,0.23,0.23,200.0,-0.05000000000000002
5.0,1.0,0.29,0.299,0.25,0.28,100.0,-0.009999999999999953
4.0,30.0,0.22,0.25,0.22,0.25,100.0,0.03
4.0,27.0,0.3,0.3,0.221,0.221,100.0,-0.07899999999999999
4.0,26.0,0.3,0.3,0.3,0.3,0.0,0.0
4.0,25.0,0.25,0.25,0.22,0.25,100.0,0.0
4.0,24.0,0.24,0.24,0.24,0.24,0.0,0.0
4.0,23.0,0.24,0.24,0.24,0.24,0.0,0.0
4.0,20.0,0.26,0.26,0.24,0.25,200.0,-0.010000000000000009
4.0,19.0,0.26,0.26,0.26,0.26,0.0,0.0
4.0,18.0,0.25,0.25,0.25,0.25,0.0,0.0
4.0,17.0,0.26,0.26,0.25,0.25,0.0,-0.010000000000000009
4.0,16.0,0.25,0.3,0.25,0.3,100.0,0.04999999999999999
4.0,13.0,0.25,0.25,0.25,0.25,0.0,0.0
4.0,12.0,0.25,0.25,0.25,0.25,0.0,0.0
4.0,11.0,0.29,0.29,0.28,0.28,0.0,-0.009999999999999953
4.0,10.0,0.3,0.3,0.29,0.29,100.0,-0.010000000000000009
4.0,9.0,0.28,0.295,0.28,0.28,100.0,0.0
4.0,5.0,0.28,0.28,0.28,0.28,0.0,0.0
4.0,4.0,0.3,0.3,0.3,0.3,0.0,0.0
4.0,3.0,0.3,0.3,0.3,0.3,0.0,0.0
4.0,2.0,0.225,0.26,0.225,0.25,0.0,0.024999999999999994
3.0,30.0,0.231,0.3,0.231,0.3,100.0,0.06899999999999998
3.0,29.0,0.29,0.3,0.25,0.3,500.0,0.010000000000000009
3.0,28.0,0.225,0.29,0.225,0.29,200.0,0.06499999999999997
3.0,27.0,0.25,0.25,0.225,0.24,0.0,-0.010000000000000009
3.0,26.0,0.25,0.25,0.25,0.25,100.0,0.0
3.0,23.0,0.25,0.25,0.25,0.25,100.0,0.0
3.0,22.0,0.29,0.29,0.25,0.25,0.0,-0.03999999999999998
3.0,21.0,0.24,0.29,0.24,0.29,0.0,0.04999999999999999
3.0,20.0,0.24,0.24,0.24,0.24,0.0,0.0
3.0,19.0,0.23,0.23,0.23,0.23,0.0,0.0
3.0,16.0,0.23,0.23,0.23,0.23,0.0,0.0
3.0,15.0,0.23,0.23,0.23,0.23,0.0,0.0
3.0,14.0,0.22,0.22,0.22,0.22,0.0,0.0
3.0,13.0,0.25,0.25,0.25,0.25,0.0,0.0
3.0,12.0,0.25,0.25,0.25,0.25,0.0,0.0
3.0,9.0,0.3,0.3,0.22,0.25,100.0,-0.04999999999999999
3.0,8.0,0.201,0.25,0.201,0.25,100.0,0.04899999999999999
3.0,7.0,0.27,0.27,0.27,0.27,0.0,0.0
3.0,6.0,0.27,0.27,0.27,0.27,0.0,0.0
3.0,5.0,0.238,0.238,0.238,0.238,0.0,0.0
3.0,2.0,0.238,0.238,0.238,0.238,0.0,0.0
3.0,1.0,0.238,0.238,0.238,0.238,100.0,0.0
2.0,29.0,0.3,0.3,0.26,0.26,0.0,-0.03999999999999998
2.0,28.0,0.26,0.3,0.26,0.28,100.0,0.020000000000000018
2.0,27.0,0.3,0.3,0.26,0.26,100.0,-0.03999999999999998
2.0,24.0,0.3,0.3,0.3,0.3,0.0,0.0
2.0,23.0,0.25,0.339,0.23,0.3,200.0,0.04999999999999999
2.0,22.0,0.25,0.25,0.22,0.25,100.0,0.0
2.0,21.0,0.24,0.25,0.24,0.24,300.0,0.0
2.0,17.0,0.21,0.23,0.2,0.23,200.0,0.020000000000000018
2.0,16.0,0.21,0.21,0.21,0.21,0.0,0.0
2.0,15.0,0.21,0.21,0.21,0.21,0.0,0.0
2.0,14.0,0.2,0.2,0.2,0.2,0.0,0.0
2.0,13.0,0.23,0.24,0.2,0.2,400.0,-0.03
2.0,10.0,0.21,0.21,0.21,0.21,0.0,0.0
2.0,9.0,0.21,0.21,0.21,0.21,100.0,0.0
2.0,8.0,0.21,0.21,0.2,0.21,300.0,0.0
2.0,7.0,0.22,0.22,0.2,0.21,700.0,-0.010000000000000009
2.0,6.0,0.185,0.21,0.185,0.2,200.0,0.015000000000000013
2.0,3.0,0.19,0.205,0.19,0.19,200.0,0.0
2.0,2.0,0.185,0.185,0.185,0.185,100.0,0.0
2.0,1.0,0.21,0.21,0.185,0.185,0.0,-0.024999999999999994
1.0,31.0,0.186,0.186,0.186,0.186,0.0,0.0
1.0,30.0,0.2,0.2,0.186,0.186,100.0,-0.014000000000000012
1.0,27.0,0.2,0.2,0.186,0.2,300.0,0.0
1.0,26.0,0.205,0.205,0.185,0.205,100.0,0.0
1.0,25.0,0.205,0.205,0.205,0.205,100.0,0.0
1.0,24.0,0.21,0.21,0.2,0.2,200.0,-0.009999999999999981
1.0,23.0,0.215,0.215,0.215,0.215,0.0,0.0
1.0,20.0,0.22,0.22,0.18,0.18,100.0,-0.04000000000000001
1.0,19.0,0.21,0.22,0.18,0.18,0.0,-0.03
1.0,18.0,0.18,0.21,0.18,0.21,300.0,0.03
1.0,17.0,0.167,0.22,0.167,0.22,100.0,0.05299999999999999
1.0,13.0,0.22,0.22,0.22,0.22,0.0,0.0
1.0,12.0,0.19,0.22,0.19,0.22,200.0,0.03
1.0,11.0,0.2,0.22,0.2,0.22,100.0,0.01999999999999999
1.0,10.0,0.18,0.22,0.18,0.22,0.0,0.04000000000000001
1.0,9.0,0.24,0.24,0.24,0.24,0.0,0.0
1.0,6.0,0.24,0.24,0.24,0.24,0.0,0.0
1.0,5.0,0.229,0.229,0.22,0.22,0.0,-0.009000000000000008
1.0,4.0,0.2,0.2,0.2,0.2,0.0,0.0
1.0,3.0,0.185,0.185,0.185,0.185,0.0,0.0
12.0,30.0,0.19,0.22,0.19,0.19,100.0,0.0
12.0,29.0,0.18,0.19,0.18,0.19,100.0,0.010000000000000009
12.0,28.0,0.2,0.2,0.2,0.2,0.0,0.0
12.0,27.0,0.22,0.22,0.2,0.2,100.0,-0.01999999999999999
12.0,23.0,0.182,0.22,0.182,0.22,100.0,0.038000000000000006
12.0,22.0,0.182,0.22,0.182,0.21,100.0,0.027999999999999997
12.0,21.0,0.24,0.24,0.24,0.24,100.0,0.0
12.0,20.0,0.24,0.24,0.24,0.24,0.0,0.0
12.0,19.0,0.24,0.24,0.24,0.24,0.0,0.0
12.0,16.0,0.24,0.24,0.182,0.182,0.0,-0.057999999999999996
12.0,15.0,0.21,0.21,0.2,0.21,600.0,0.0
12.0,14.0,0.24,0.24,0.2,0.2,100.0,-0.03999999999999998
12.0,13.0,0.24,0.24,0.22,0.24,0.0,0.0
12.0,12.0,0.22,0.22,0.22,0.22,0.0,0.0
12.0,9.0,0.24,0.24,0.24,0.24,0.0,0.0
12.0,8.0,0.2,0.24,0.2,0.24,300.0,0.03999999999999998
12.0,7.0,0.22,0.22,0.2,0.2,0.0,-0.01999999999999999
12.0,6.0,0.214,0.22,0.192,0.22,300.0,0.006000000000000005
12.0,5.0,0.215,0.215,0.195,0.2,0.0,-0.014999999999999986
12.0,2.0,0.215,0.215,0.182,0.182,0.0,-0.033
12.0,1.0,0.2,0.2,0.2,0.2,600.0,0.0
11.0,30.0,0.182,0.21,0.182,0.185,400.0,0.0030000000000000027
11.0,29.0,0.23,0.23,0.182,0.182,300.0,-0.048000000000000015
11.0,28.0,0.225,0.233,0.225,0.23,200.0,0.0050000000000000044
11.0,25.0,0.23,0.23,0.23,0.23,0.0,0.0
11.0,23.0,0.2,0.21,0.2,0.2,300.0,0.0
11.0,22.0,0.27,0.27,0.27,0.27,0.0,0.0
11.0,21.0,0.26,0.26,0.2,0.2,600.0,-0.06
11.0,18.0,0.3,0.33,0.27,0.27,100.0,-0.02999999999999997
11.0,17.0,0.31,0.31,0.27,0.27,100.0,-0.03999999999999998
11.0,16.0,0.31,0.31,0.3,0.3,0.0,-0.010000000000000009
11.0,15.0,0.32,0.32,0.32,0.32,0.0,0.0
11.0,14.0,0.3,0.32,0.3,0.32,200.0,0.020000000000000018
11.0,11.0,0.31,0.31,0.3,0.3,0.0,-0.010000000000000009
11.0,10.0,0.33,0.33,0.31,0.31,0.0,-0.020000000000000018
11.0,9.0,0.31,0.33,0.31,0.33,100.0,0.020000000000000018
11.0,8.0,0.33,0.33,0.31,0.31,600.0,-0.020000000000000018
11.0,7.0,0.25,0.34,0.25,0.34,300.0,0.09000000000000002
11.0,4.0,0.305,0.31,0.3,0.31,0.0,0.0050000000000000044
11.0,3.0,0.25,0.3,0.25,0.28,100.0,0.030000000000000027
11.0,2.0,0.28,0.3,0.28,0.28,400.0,0.0
11.0,1.0,0.295,0.295,0.295,0.295,0.0,0.0
10.0,31.0,0.3,0.3,0.295,0.295,0.0,-0.0050000000000000044
10.0,28.0,0.28,0.285,0.28,0.285,0.0,0.004999999999999949
10.0,27.0,0.235,0.28,0.235,0.28,100.0,0.04500000000000004
10.0,26.0,0.23,0.23,0.23,0.23,0.0,0.0
10.0,25.0,0.23,0.23,0.23,0.23,0.0,0.0
10.0,24.0,0.26,0.26,0.21,0.225,1100.0,-0.035
10.0,21.0,0.3,0.3,0.24,0.24,200.0,-0.06
10.0,20.0,0.26,0.26,0.24,0.24,100.0,-0.020000000000000018
10.0,19.0,0.285,0.285,0.25,0.255,400.0,-0.02999999999999997
10.0,18.0,0.26,0.28,0.25,0.25,600.0,-0.010000000000000009
10.0,17.0,0.31,0.31,0.251,0.251,700.0,-0.059
10.0,14.0,0.31,0.31,0.31,0.31,0.0,0.0
10.0,13.0,0.31,0.31,0.26,0.31,100.0,0.0
10.0,12.0,0.31,0.31,0.3,0.3,0.0,-0.010000000000000009
10.0,11.0,0.31,0.31,0.31,0.31,0.0,0.0
10.0,10.0,0.299,0.3,0.27,0.27,100.0,-0.02899999999999997
10.0,7.0,0.26,0.26,0.26,0.26,0.0,0.0
10.0,6.0,0.3,0.3,0.3,0.3,0.0,0.0
10.0,5.0,0.31,0.31,0.3,0.3,0.0,-0.010000000000000009
10.0,4.0,0.28,0.31,0.251,0.251,100.0,-0.029000000000000026
10.0,3.0,0.25,0.25,0.25,0.25,0.0,0.0
9.0,30.0,0.389,0.389,0.389,0.389,0.0,0.0
9.0,29.0,0.3,0.389,0.3,0.389,200.0,0.08900000000000002
9.0,28.0,0.289,0.36,0.25,0.25,0.0,-0.03899999999999998
9.0,27.0,0.3,0.3,0.3,0.3,0.0,0.0
9.0,26.0,0.25,0.3,0.25,0.3,300.0,0.04999999999999999
9.0,23.0,0.26,0.26,0.255,0.26,300.0,0.0
9.0,22.0,0.255,0.26,0.25,0.26,200.0,0.0050000000000000044
9.0,21.0,0.3,0.3,0.25,0.26,600.0,-0.03999999999999998
9.0,20.0,0.369,0.369,0.29,0.29,100.0,-0.07900000000000001
9.0,19.0,0.355,0.369,0.355,0.355,100.0,0.0
9.0,16.0,0.32,0.355,0.27,0.355,0.0,0.034999999999999976
9.0,15.0,0.29,0.359,0.27,0.32,600.0,0.030000000000000027
9.0,14.0,0.331,0.331,0.24,0.25,1300.0,-0.08100000000000002
9.0,13.0,0.36,0.36,0.36,0.36,0.0,0.0
9.0,12.0,0.37,0.37,0.37,0.37,0.0,0.0
9.0,9.0,0.41,0.41,0.3,0.33,400.0,-0.07999999999999996
9.0,8.0,0.42,0.42,0.27,0.42,400.0,0.0
9.0,7.0,0.42,0.42,0.3,0.42,100.0,0.0
9.0,6.0,0.42,0.42,0.3,0.42,200.0,0.0
9.0,2.0,0.42,0.42,0.42,0.42,0.0,0.0
9.0,1.0,0.4,0.43,0.4,0.42,100.0,0.019999999999999962
8.0,31.0,0.35,0.42,0.35,0.4,100.0,0.050000000000000044
8.0,30.0,0.445,0.445,0.43,0.43,100.0,-0.015000000000000013
8.0,29.0,0.45,0.45,0.4,0.41,300.0,-0.040000000000000036
8.0,26.0,0.465,0.465,0.355,0.4,100.0,-0.065
8.0,25.0,0.4,0.465,0.39,0.4,100.0,0.0
8.0,24.0,0.4,0.4,0.3,0.312,0.0,-0.08800000000000002
8.0,23.0,0.4,0.4,0.3,0.4,200.0,0.0
8.0,22.0,0.5,0.54,0.405,0.43,800.0,-0.07
8.0,19.0,0.489,0.49,0.3,0.49,400.0,0.0010000000000000009
8.0,18.0,0.47,0.47,0.3,0.38,1100.0,-0.08999999999999997
8.0,17.0,0.249,0.5,0.2,0.4,4400.0,0.15100000000000002
8.0,16.0,0.175,0.252,0.175,0.205,500.0,0.03
8.0,15.0,0.16,0.17,0.155,0.155,300.0,-0.0050000000000000044
8.0,12.0,0.16,0.16,0.12,0.16,900.0,0.0
8.0,11.0,0.187,0.187,0.12,0.13,2000.0,-0.056999999999999995
8.0,10.0,0.2,0.2,0.126,0.19,400.0,-0.010000000000000009
8.0,9.0,0.16,0.17,0.16,0.17,400.0,0.010000000000000009
8.0,8.0,0.151,0.24,0.151,0.21,0.0,0.059
8.0,5.0,0.187,0.252,0.185,0.252,200.0,0.065
8.0,4.0,0.2,0.28,0.2,0.27,600.0,0.07
8.0,3.0,0.24,0.295,0.2,0.28,100.0,0.040000000000000036
8.0,2.0,0.25,0.295,0.205,0.205,0.0,-0.04500000000000001
8.0,1.0,0.3,0.3,0.211,0.211,300.0,-0.089
7.0,29.0,0.211,0.211,0.211,0.211,0.0,0.0
7.0,28.0,0.225,0.225,0.21,0.21,100.0,-0.015000000000000013
7.0,27.0,0.25,0.25,0.25,0.25,100.0,0.0
7.0,26.0,0.25,0.25,0.25,0.25,0.0,0.0
7.0,25.0,0.275,0.275,0.275,0.275,0.0,0.0
7.0,22.0,0.29,0.29,0.29,0.29,0.0,0.0
7.0,21.0,0.25,0.25,0.25,0.25,200.0,0.0
7.0,20.0,0.25,0.25,0.25,0.25,0.0,0.0
7.0,19.0,0.31,0.31,0.25,0.3,0.0,-0.010000000000000009
7.0,18.0,0.29,0.31,0.29,0.31,0.0,0.020000000000000018
7.0,15.0,0.27,0.27,0.27,0.27,100.0,0.0
7.0,14.0,0.36,0.36,0.36,0.36,0.0,0.0
7.0,13.0,0.26,0.36,0.26,0.36,0.0,0.09999999999999998
7.0,12.0,0.3,0.36,0.3,0.36,100.0,0.06
7.0,11.0,0.25,0.25,0.25,0.25,200.0,0.0
7.0,8.0,0.295,0.295,0.295,0.295,0.0,0.0
7.0,7.0,0.295,0.295,0.295,0.295,0.0,0.0
7.0,6.0,0.295,0.295,0.295,0.295,0.0,0.0
7.0,5.0,0.26,0.3,0.25,0.25,500.0,-0.010000000000000009
7.0,1.0,0.34,0.34,0.34,0.34,0.0,0.0
6.0,30.0,0.34,0.34,0.34,0.34,0.0,0.0
6.0,29.0,0.38,0.38,0.275,0.3,200.0,-0.08000000000000002
6.0,28.0,0.292,0.3,0.292,0.3,0.0,0.008000000000000007
6.0,27.0,0.29,0.29,0.29,0.29,0.0,0.0
6.0,24.0,0.29,0.29,0.29,0.29,0.0,0.0
6.0,23.0,0.33,0.33,0.33,0.33,0.0,0.0
6.0,22.0,0.37,0.37,0.37,0.37,100.0,0.0
6.0,21.0,0.275,0.275,0.275,0.275,0.0,0.0
6.0,20.0,0.275,0.275,0.275,0.275,0.0,0.0
6.0,17.0,0.275,0.275,0.275,0.275,0.0,0.0
6.0,16.0,0.33,0.33,0.27,0.27,0.0,-0.06
6.0,15.0,0.365,0.365,0.33,0.33,0.0,-0.034999999999999976
6.0,14.0,0.33,0.365,0.26,0.33,200.0,0.0
6.0,13.0,0.33,0.33,0.26,0.26,0.0,-0.07
6.0,10.0,0.271,0.271,0.271,0.271,0.0,0.0
6.0,9.0,0.33,0.33,0.33,0.33,0.0,0.0
6.0,8.0,0.37,0.37,0.33,0.33,0.0,-0.03999999999999998
6.0,7.0,0.35,0.35,0.271,0.3,100.0,-0.04999999999999999
6.0,6.0,0.3,0.3,0.3,0.3,0.0,0.0
6.0,3.0,0.26,0.31,0.26,0.3,400.0,0.03999999999999998
6.0,2.0,0.35,0.35,0.35,0.35,0.0,0.0
6.0,1.0,0.369,0.369,0.34,0.34,0.0,-0.02899999999999997
5.0,31.0,0.301,0.37,0.301,0.37,0.0,0.069
5.0,27.0,0.301,0.301,0.301,0.301,0.0,0.0
5.0,26.0,0.305,0.305,0.301,0.301,0.0,-0.0040000000000000036
5.0,25.0,0.4,0.4,0.3,0.3,700.0,-0.10000000000000003
5.0,24.0,0.5,0.5,0.3,0.3,300.0,-0.2
5.0,23.0,0.3,0.47,0.3,0.4,200.0,0.10000000000000003
5.0,20.0,0.39,0.4,0.34,0.4,300.0,0.010000000000000009
5.0,19.0,0.495,0.5,0.37,0.37,400.0,-0.125
5.0,18.0,0.45,0.49,0.4,0.49,200.0,0.03999999999999998
5.0,17.0,0.49,0.49,0.37,0.37,300.0,-0.12
5.0,16.0,0.5,0.5,0.49,0.49,0.0,-0.010000000000000009
5.0,13.0,0.33,0.49,0.33,0.37,200.0,0.03999999999999998
5.0,12.0,0.42,0.42,0.42,0.42,0.0,0.0
5.0,11.0,0.42,0.42,0.42,0.42,0.0,0.0
5.0,10.0,0.35,0.595,0.35,0.42,800.0,0.07
5.0,9.0,0.4,0.4,0.35,0.35,400.0,-0.050000000000000044
5.0,6.0,0.4,0.49,0.4,0.42,200.0,0.019999999999999962
5.0,5.0,0.65,0.65,0.4,0.4,200.0,-0.25
5.0,4.0,0.497,0.5,0.35,0.49,100.0,-0.007000000000000006
5.0,3.0,0.53,0.54,0.43,0.51,200.0,-0.020000000000000018
5.0,2.0,0.59,0.65,0.5,0.5,200.0,-0.08999999999999997
4.0,29.0,0.45,0.55,0.35,0.45,300.0,0.0
4.0,28.0,0.45,0.5,0.45,0.5,0.0,0.04999999999999999
4.0,27.0,0.73,0.73,0.22,0.47,400.0,-0.26
4.0,26.0,0.65,0.65,0.56,0.56,0.0,-0.08999999999999997
4.0,25.0,0.65,0.65,0.65,0.65,0.0,0.0
4.0,21.0,0.65,0.65,0.65,0.65,0.0,0.0
4.0,20.0,0.66,0.73,0.65,0.65,100.0,-0.010000000000000009
4.0,19.0,0.65,0.69,0.65,0.66,300.0,0.010000000000000009
4.0,18.0,0.68,0.68,0.65,0.65,100.0,-0.030000000000000027
4.0,15.0,0.7,0.7,0.65,0.65,0.0,-0.04999999999999993
4.0,14.0,0.7,0.74,0.65,0.65,0.0,-0.04999999999999993
4.0,13.0,0.65,0.7,0.65,0.7,100.0,0.04999999999999993
4.0,12.0,0.81,0.81,0.65,0.75,300.0,-0.06000000000000005
4.0,11.0,0.81,0.81,0.7,0.7,0.0,-0.1100000000000001
4.0,8.0,0.57,0.81,0.55,0.81,200.0,0.2400000000000001
4.0,7.0,0.55,0.55,0.55,0.55,100.0,0.0
4.0,6.0,0.53,0.58,0.53,0.55,100.0,0.020000000000000018
4.0,5.0,0.58,0.65,0.51,0.65,500.0,0.07000000000000006
4.0,4.0,0.65,0.65,0.55,0.55,200.0,-0.09999999999999998
4.0,1.0,0.7,0.75,0.65,0.65,100.0,-0.04999999999999993
3.0,31.0,1.01,1.01,0.7,0.7,100.0,-0.31000000000000005
3.0,30.0,0.9,0.9,0.76,0.9,0.0,0.0
3.0,29.0,0.88,0.88,0.87,0.87,0.0,-0.010000000000000009
3.0,28.0,1.03,1.05,0.65,1.0,100.0,-0.030000000000000027
3.0,25.0,0.85,0.85,0.65,0.65,0.0,-0.19999999999999996
3.0,24.0,0.75,0.75,0.65,0.65,0.0,-0.09999999999999998
3.0,23.0,0.7,0.7,0.7,0.7,0.0,0.0
3.0,22.0,0.7,0.75,0.6,0.65,200.0,-0.04999999999999993
3.0,21.0,0.75,1.01,0.55,0.79,200.0,0.040000000000000036
3.0,18.0,0.47,0.75,0.47,0.75,100.0,0.28
3.0,17.0,0.5,0.74,0.27,0.47,1000.0,-0.030000000000000027
3.0,16.0,0.76,1.2,0.2,0.31,1700.0,-0.45
3.0,15.0,1.5,1.5,1.5,1.5,0.0,0.0
3.0,14.0,1.45,1.5,1.45,1.5,0.0,0.050000000000000044
3.0,11.0,1.65,1.65,1.65,1.65,0.0,0.0
3.0,10.0,1.75,1.75,1.6,1.6,0.0,-0.1499999999999999
3.0,9.0,1.75,1.75,1.75,1.75,0.0,0.0
3.0,8.0,1.75,1.75,1.74,1.75,0.0,0.0
3.0,7.0,1.75,1.75,1.75,1.75,0.0,0.0
3.0,4.0,1.75,1.75,1.75,1.75,0.0,0.0
3.0,3.0,1.3,1.74,1.3,1.5,0.0,0.19999999999999996
3.0,2.0,0.4,0.4,0.4,0.4,0.0,0.0
3.0,1.0,1.75,1.75,1.75,1.75,0.0,0.0
2.0,28.0,0.32,1.25,0.32,1.25,0.0,0.9299999999999999
2.0,25.0,1.55,1.55,1.55,1.55,0.0,0.0
2.0,24.0,1.55,1.55,1.55,1.55,0.0,0.0
2.0,23.0,1.55,1.55,1.55,1.55,0.0,0.0
2.0,22.0,1.55,1.55,1.55,1.55,0.0,0.0
2.0,18.0,1.55,1.55,1.55,1.55,0.0,0.0
2.0,17.0,1.55,1.55,1.55,1.55,0.0,0.0
2.0,16.0,1.55,1.55,1.55,1.55,0.0,0.0
2.0,15.0,1.55,1.55,1.55,1.55,0.0,0.0
2.0,14.0,1.55,1.55,1.55,1.55,0.0,0.0
2.0,11.0,1.55,1.55,1.55,1.55,0.0,0.0
2.0,10.0,1.55,1.55,1.55,1.55,0.0,0.0
2.0,9.0,1.55,1.55,1.55,1.55,0.0,0.0
2.0,8.0,1.55,1.55,1.55,1.55,0.0,0.0
2.0,7.0,1.55,1.55,1.55,1.55,0.0,0.0
2.0,4.0,1.55,1.55,1.55,1.55,0.0,0.0
2.0,3.0,1.55,1.55,1.55,1.55,0.0,0.0
2.0,2.0,1.55,1.55,1.55,1.55,0.0,0.0
2.0,1.0,1.55,1.55,1.55,1.55,0.0,0.0
1.0,31.0,1.55,1.55,1.55,1.55,0.0,0.0
1.0,28.0,1.55,1.55,1.55,1.55,0.0,0.0
1.0,27.0,1.55,1.55,1.55,1.55,0.0,0.0
1.0,26.0,1.55,1.55,1.55,1.55,0.0,0.0
1.0,25.0,1.55,1.55,1.55,1.55,0.0,0.0
1.0,24.0,0.5,0.5,0.5,0.5,0.0,0.0
1.0,21.0,0.5,0.5,0.5,0.5,0.0,0.0
1.0,20.0,0.5,0.5,0.5,0.5,0.0,0.0
1.0,19.0,0.5,0.5,0.5,0.5,0.0,0.0
1.0,18.0,0.5,0.5,0.5,0.5,0.0,0.0
1.0,14.0,0.5,0.5,0.5,0.5,0.0,0.0
1.0,13.0,1.65,1.65,0.3,0.5,0.0,-1.15
1.0,12.0,0.21,0.21,0.21,0.21,0.0,0.0
1.0,11.0,0.21,0.21,0.21,0.21,0.0,0.0
1.0,10.0,2.0,2.0,2.0,2.0,0.0,0.0
1.0,7.0,2.0,2.0,2.0,2.0,0.0,0.0
1.0,6.0,2.0,2.0,2.0,2.0,0.0,0.0
1.0,5.0,0.2,2.0,0.2,2.0,0.0,1.8
1.0,4.0,2.05,2.05,2.05,2.05,0.0,0.0
1.0,3.0,2.05,2.05,2.05,2.05,0.0,0.0
12.0,31.0,2.05,2.05,2.05,2.05,0.0,0.0
12.0,30.0,2.05,2.05,2.05,2.05,0.0,0.0
12.0,29.0,1.9,2.0,1.9,2.0,0.0,0.10000000000000009
12.0,28.0,0.2,0.2,0.2,0.2,0.0,0.0
12.0,27.0,0.15,2.0,0.15,2.0,0.0,1.85
12.0,23.0,0.15,0.15,0.15,0.15,0.0,0.0
12.0,22.0,0.15,0.15,0.15,0.15,0.0,0.0
12.0,21.0,1.0,1.0,1.0,1.0,0.0,0.0
12.0,20.0,1.0,1.0,1.0,1.0,0.0,0.0
12.0,17.0,1.0,1.0,1.0,1.0,0.0,0.0
12.0,16.0,1.0,1.0,1.0,1.0,0.0,0.0
12.0,15.0,1.0,1.0,1.0,1.0,0.0,0.0
12.0,14.0,1.0,1.0,1.0,1.0,0.0,0.0
12.0,13.0,1.0,1.0,1.0,1.0,0.0,0.0
12.0,10.0,0.6,0.6,0.6,0.6,0.0,0.0
12.0,9.0,0.6,0.6,0.6,0.6,0.0,0.0
12.0,8.0,0.6,0.6,0.6,0.6,0.0,0.0
12.0,7.0,0.6,0.6,0.6,0.6,0.0,0.0
12.0,6.0,0.6,0.6,0.6,0.6,0.0,0.0
12.0,3.0,0.6,0.6,0.6,0.6,0.0,0.0
12.0,2.0,0.6,0.6,0.6,0.6,0.0,0.0
12.0,1.0,0.6,0.6,0.6,0.6,0.0,0.0
11.0,30.0,0.6,0.6,0.6,0.6,0.0,0.0
11.0,29.0,0.6,0.6,0.6,0.6,0.0,0.0
11.0,26.0,0.6,0.6,0.6,0.6,0.0,0.0
11.0,24.0,0.6,0.6,0.6,0.6,0.0,0.0
11.0,23.0,0.6,0.6,0.6,0.6,0.0,0.0
11.0,22.0,0.6,0.6,0.6,0.6,0.0,0.0
11.0,19.0,0.6,0.6,0.6,0.6,0.0,0.0
11.0,18.0,1.52,1.52,1.52,1.52,0.0,0.0
11.0,17.0,1.52,1.52,1.52,1.52,0.0,0.0
11.0,16.0,1.52,1.52,1.52,1.52,0.0,0.0
11.0,15.0,1.52,1.52,1.52,1.52,0.0,0.0
11.0,12.0,1.52,1.52,1.52,1.52,0.0,0.0
11.0,11.0,1.52,1.52,1.52,1.52,0.0,0.0
11.0,10.0,1.52,1.52,1.52,1.52,0.0,0.0
11.0,9.0,1.52,1.52,1.52,1.52,0.0,0.0
11.0,8.0,1.52,1.52,1.52,1.52,0.0,0.0
11.0,5.0,1.52,1.52,1.52,1.52,0.0,0.0
11.0,4.0,1.52,1.52,1.52,1.52,0.0,0.0
11.0,3.0,1.52,1.52,1.52,1.52,0.0,0.0
11.0,2.0,1.52,1.52,1.52,1.52,0.0,0.0
11.0,1.0,1.52,1.52,1.52,1.52,0.0,0.0
10.0,29.0,1.52,1.52,1.52,1.52,0.0,0.0
10.0,28.0,1.52,1.52,1.52,1.52,0.0,0.0
10.0,27.0,1.52,1.52,1.52,1.52,0.0,0.0
10.0,26.0,1.52,1.52,1.52,1.52,0.0,0.0
10.0,25.0,1.52,1.52,1.52,1.52,0.0,0.0
10.0,22.0,1.52,1.52,1.52,1.52,0.0,0.0
10.0,21.0,1.52,1.52,1.52,1.52,0.0,0.0
10.0,20.0,1.52,1.52,1.52,1.52,0.0,0.0
10.0,19.0,1.52,1.52,1.52,1.52,0.0,0.0
10.0,18.0,1.52,1.52,1.52,1.52,0.0,0.0
10.0,15.0,1.52,1.52,1.52,1.52,0.0,0.0
10.0,14.0,1.52,1.52,1.52,1.52,0.0,0.0
10.0,13.0,1.52,1.52,1.52,1.52,0.0,0.0
10.0,12.0,1.52,1.52,1.52,1.52,0.0,0.0
10.0,11.0,1.52,1.52,1.52,1.52,0.0,0.0
10.0,8.0,1.52,1.52,1.52,1.52,0.0,0.0
10.0,7.0,1.52,1.52,1.52,1.52,0.0,0.0
10.0,6.0,1.52,1.52,1.52,1.52,0.0,0.0
10.0,5.0,1.52,1.52,1.52,1.52,0.0,0.0
10.0,4.0,1.52,1.52,1.52,1.52,0.0,0.0
10.0,1.0,1.52,1.52,1.52,1.52,0.0,0.0
9.0,30.0,1.52,1.52,1.52,1.52,0.0,0.0
9.0,29.0,1.52,1.52,1.52,1.52,0.0,0.0
9.0,28.0,1.52,1.52,1.52,1.52,0.0,0.0
9.0,27.0,1.52,1.52,1.52,1.52,0.0,0.0
9.0,24.0,1.52,1.52,1.52,1.52,0.0,0.0
9.0,23.0,1.52,1.52,1.52,1.52,0.0,0.0
9.0,22.0,1.52,1.52,1.52,1.52,0.0,0.0
9.0,21.0,1.52,1.52,1.52,1.52,0.0,0.0
9.0,20.0,1.52,1.52,1.52,1.52,0.0,0.0
9.0,17.0,1.52,1.52,1.52,1.52,0.0,0.0
9.0,16.0,1.52,1.52,1.52,1.52,0.0,0.0
9.0,15.0,1.52,1.52,1.52,1.52,0.0,0.0
9.0,14.0,1.52,1.52,1.52,1.52,0.0,0.0
9.0,13.0,1.52,1.52,1.52,1.52,0.0,0.0
9.0,10.0,1.52,1.52,1.52,1.52,0.0,0.0
9.0,9.0,1.52,1.52,1.52,1.52,0.0,0.0
9.0,8.0,1.52,1.52,1.52,1.52,0.0,0.0
9.0,7.0,1.52,1.52,1.52,1.52,0.0,0.0
9.0,3.0,1.52,1.52,1.52,1.52,0.0,0.0
9.0,2.0,1.52,1.52,1.52,1.52,0.0,0.0
9.0,1.0,1.52,1.52,1.52,1.52,0.0,0.0
8.0,31.0,1.52,1.52,1.52,1.52,0.0,0.0
8.0,30.0,1.52,1.52,1.52,1.52,0.0,0.0
8.0,27.0,1.52,1.52,1.52,1.52,0.0,0.0
8.0,26.0,1.52,1.52,1.52,1.52,0.0,0.0
8.0,25.0,1.52,1.52,1.52,1.52,0.0,0.0
8.0,24.0,1.52,1.52,1.52,1.52,0.0,0.0
8.0,23.0,1.0,1.0,1.0,1.0,0.0,0.0
8.0,20.0,1.0,1.0,1.0,1.0,0.0,0.0
8.0,19.0,1.0,1.0,1.0,1.0,0.0,0.0
8.0,18.0,1.0,1.0,1.0,1.0,0.0,0.0
8.0,17.0,1.0,1.0,1.0,1.0,0.0,0.0
8.0,16.0,1.0,1.0,1.0,1.0,0.0,0.0
8.0,13.0,1.0,1.0,1.0,1.0,0.0,0.0
8.0,12.0,1.0,1.0,1.0,1.0,0.0,0.0
8.0,11.0,1.0,1.0,1.0,1.0,0.0,0.0
8.0,10.0,1.0,1.0,1.0,1.0,0.0,0.0
8.0,9.0,1.0,1.0,1.0,1.0,0.0,0.0
8.0,6.0,1.0,1.0,1.0,1.0,0.0,0.0
8.0,5.0,1.0,1.0,1.0,1.0,0.0,0.0
8.0,4.0,1.0,1.0,1.0,1.0,0.0,0.0
8.0,3.0,1.0,1.0,1.0,1.0,0.0,0.0
8.0,2.0,1.0,1.0,1.0,1.0,0.0,0.0
7.0,30.0,1.0,1.0,1.0,1.0,0.0,0.0
7.0,29.0,1.0,1.0,1.0,1.0,0.0,0.0
7.0,28.0,1.0,1.0,1.0,1.0,0.0,0.0
7.0,27.0,1.0,1.0,1.0,1.0,0.0,0.0
7.0,26.0,1.0,1.0,1.0,1.0,0.0,0.0
7.0,23.0,1.0,1.0,1.0,1.0,0.0,0.0
7.0,22.0,1.55,1.55,1.55,1.55,0.0,0.0
7.0,21.0,1.55,1.55,1.55,1.55,0.0,0.0
7.0,20.0,1.55,1.55,1.55,1.55,0.0,0.0
7.0,19.0,1.55,1.55,1.55,1.55,0.0,0.0
7.0,16.0,1.55,1.55,1.55,1.55,0.0,0.0
7.0,15.0,1.55,1.55,1.55,1.55,0.0,0.0
7.0,14.0,1.55,1.55,1.55,1.55,0.0,0.0
7.0,13.0,1.55,1.55,1.55,1.55,0.0,0.0
7.0,12.0,1.55,1.55,1.55,1.55,0.0,0.0
7.0,9.0,1.55,1.55,1.55,1.55,0.0,0.0
7.0,8.0,1.55,1.55,1.55,1.55,0.0,0.0
7.0,7.0,1.55,1.55,1.55,1.55,0.0,0.0
7.0,6.0,1.55,1.55,1.55,1.55,0.0,0.0
7.0,2.0,1.55,1.55,1.55,1.55,0.0,0.0
7.0,1.0,1.55,1.55,1.55,1.55,0.0,0.0
6.0,30.0,1.55,1.55,1.55,1.55,0.0,0.0
6.0,29.0,1.55,1.55,1.55,1.55,0.0,0.0
6.0,28.0,0.25,0.25,0.25,0.25,0.0,0.0
6.0,25.0,0.25,0.25,0.25,0.25,0.0,0.0
6.0,24.0,0.25,0.25,0.25,0.25,0.0,0.0
6.0,23.0,0.25,0.25,0.25,0.25,0.0,0.0
6.0,22.0,0.25,0.25,0.25,0.25,0.0,0.0
6.0,21.0,0.25,0.25,0.25,0.25,0.0,0.0
6.0,18.0,0.25,0.25,0.25,0.25,0.0,0.0
6.0,17.0,0.25,0.25,0.25,0.25,0.0,0.0
6.0,16.0,0.25,0.25,0.25,0.25,0.0,0.0
6.0,15.0,0.25,0.25,0.25,0.25,0.0,0.0
6.0,14.0,0.25,0.25,0.25,0.25,0.0,0.0
6.0,11.0,1.5,1.5,1.5,1.5,0.0,0.0
6.0,10.0,0.95,0.95,0.95,0.95,0.0,0.0
6.0,9.0,0.95,0.95,0.95,0.95,0.0,0.0
6.0,8.0,0.95,0.95,0.95,0.95,0.0,0.0
6.0,7.0,0.95,0.95,0.95,0.95,0.0,0.0
6.0,4.0,0.95,0.95,0.95,0.95,0.0,0.0
6.0,3.0,0.95,0.95,0.95,0.95,0.0,0.0
6.0,2.0,0.95,0.95,0.95,0.95,0.0,0.0
6.0,1.0,0.95,0.95,0.95,0.95,0.0,0.0
5.0,28.0,0.95,0.95,0.95,0.95,0.0,0.0
5.0,27.0,1.25,1.25,1.25,1.25,0.0,0.0
5.0,26.0,1.25,1.25,1.25,1.25,0.0,0.0
5.0,25.0,1.25,1.25,1.25,1.25,0.0,0.0
5.0,24.0,1.25,1.25,1.25,1.25,0.0,0.0
5.0,21.0,1.25,1.25,1.25,1.25,0.0,0.0
5.0,20.0,1.25,1.25,1.25,1.25,0.0,0.0
5.0,19.0,1.25,1.25,1.25,1.25,0.0,0.0
5.0,18.0,1.25,1.25,1.25,1.25,0.0,0.0
5.0,17.0,1.25,1.25,1.25,1.25,0.0,0.0
5.0,14.0,1.25,1.25,1.25,1.25,0.0,0.0
5.0,13.0,1.25,1.25,1.25,1.25,0.0,0.0
5.0,12.0,1.25,1.25,1.25,1.25,0.0,0.0
5.0,11.0,1.25,1.25,1.25,1.25,0.0,0.0
5.0,10.0,1.25,1.25,1.25,1.25,0.0,0.0
5.0,7.0,1.25,1.25,1.25,1.25,0.0,0.0
5.0,6.0,1.25,1.25,1.25,1.25,0.0,0.0
5.0,5.0,1.25,1.25,1.25,1.25,0.0,0.0
5.0,4.0,1.25,1.25,1.25,1.25,0.0,0.0
5.0,3.0,1.25,1.25,1.25,1.25,0.0,0.0
4.0,30.0,1.25,1.25,1.25,1.25,0.0,0.0
4.0,29.0,1.25,1.25,1.25,1.25,0.0,0.0
4.0,28.0,1.25,1.25,1.25,1.25,0.0,0.0
4.0,27.0,1.25,1.25,1.25,1.25,0.0,0.0
4.0,26.0,1.25,1.25,1.25,1.25,0.0,0.0
4.0,23.0,1.25,1.25,1.25,1.25,0.0,0.0
4.0,22.0,1.25,1.25,1.25,1.25,0.0,0.0
4.0,21.0,1.25,1.25,1.25,1.25,0.0,0.0
4.0,20.0,1.25,1.25,1.25,1.25,0.0,0.0
4.0,19.0,1.25,1.25,1.25,1.25,0.0,0.0
4.0,16.0,1.25,1.25,1.25,1.25,0.0,0.0
4.0,15.0,1.05,1.25,1.05,1.25,0.0,0.19999999999999996
4.0,14.0,1.5,1.5,1.5,1.5,0.0,0.0
4.0,13.0,1.5,1.5,1.5,1.5,0.0,0.0
4.0,12.0,1.5,1.5,1.5,1.5,0.0,0.0
4.0,9.0,1.5,1.5,1.5,1.5,0.0,0.0
4.0,8.0,1.5,1.5,1.5,1.5,0.0,0.0
4.0,7.0,1.5,1.5,1.5,1.5,0.0,0.0
4.0,6.0,1.5,1.5,1.5,1.5,0.0,0.0
4.0,5.0,1.5,1.5,1.5,1.5,0.0,0.0
4.0,1.0,1.5,1.5,1.5,1.5,0.0,0.0
3.0,31.0,1.5,1.5,1.5,1.5,0.0,0.0
3.0,30.0,1.5,1.5,1.5,1.5,0.0,0.0
3.0,29.0,1.5,1.5,1.5,1.5,0.0,0.0
3.0,26.0,1.5,1.5,1.5,1.5,0.0,0.0
3.0,25.0,1.5,1.5,1.5,1.5,0.0,0.0
3.0,24.0,1.5,1.5,1.5,1.5,0.0,0.0
3.0,23.0,1.5,1.5,1.5,1.5,0.0,0.0
3.0,22.0,1.5,1.5,1.5,1.5,0.0,0.0
3.0,19.0,1.5,1.5,1.5,1.5,0.0,0.0
3.0,18.0,1.5,1.5,1.5,1.5,0.0,0.0
3.0,17.0,1.5,1.5,1.5,1.5,0.0,0.0
3.0,16.0,1.5,1.5,1.5,1.5,0.0,0.0
3.0,15.0,1.5,1.5,1.5,1.5,0.0,0.0
3.0,12.0,1.5,1.5,1.5,1.5,0.0,0.0
3.0,11.0,1.5,1.5,1.5,1.5,0.0,0.0
3.0,10.0,1.5,1.5,1.5,1.5,0.0,0.0
