9.0,25.0,5.07,5.17,5.02,5.03,80600.0,-0.040000000000000036
9.0,24.0,5.26,5.26,5.07,5.08,104300.0,-0.17999999999999972
9.0,23.0,5.44,5.485,5.38,5.45,649500.0,0.009999999999999787
9.0,22.0,5.42,5.55,5.35,5.5,113300.0,0.08000000000000007
9.0,21.0,5.66,5.7,5.6,5.63,47900.0,-0.03000000000000025
9.0,18.0,5.83,5.83,5.71,5.73,102600.0,-0.09999999999999964
9.0,17.0,5.92,5.94,5.85,5.93,24600.0,0.009999999999999787
9.0,16.0,5.93,6.1,5.93,5.99,49200.0,0.0600000000000005
9.0,15.0,5.92,6.01,5.86,5.96,97800.0,0.040000000000000036
9.0,14.0,5.9,5.93,5.85,5.9,75000.0,0.0
9.0,11.0,5.95,5.96,5.81,5.96,104900.0,0.009999999999999787
9.0,10.0,6.02,6.02,5.87,5.93,72700.0,-0.08999999999999986
9.0,9.0,6.09,6.11,5.98,6.01,84400.0,-0.08000000000000007
9.0,8.0,6.12,6.12,5.96,6.07,131300.0,-0.04999999999999982
9.0,4.0,5.95,5.97,5.92,5.95,77400.0,0.0
9.0,3.0,5.92,6.04,5.9,6.0,56400.0,0.08000000000000007
9.0,2.0,5.85,5.86,5.75,5.85,97400.0,0.0
9.0,1.0,5.64,5.78,5.62,5.71,173500.0,0.07000000000000028
8.0,31.0,5.66,5.7,5.61,5.66,87000.0,0.0
8.0,28.0,5.72,5.74,5.65,5.7,68600.0,-0.019999999999999574
8.0,27.0,5.61,5.86,5.61,5.75,183400.0,0.13999999999999968
8.0,26.0,5.68,5.71,5.58,5.71,235800.0,0.03000000000000025
8.0,25.0,5.97,5.99,5.7,5.71,133100.0,-0.2599999999999998
8.0,24.0,5.72,5.96,5.63,5.96,500800.0,0.2400000000000002
8.0,21.0,6.31,6.31,6.16,6.22,119300.0,-0.08999999999999986
8.0,20.0,6.3,6.37,6.3,6.34,40000.0,0.040000000000000036
8.0,19.0,6.37,6.39,6.32,6.36,67600.0,-0.009999999999999787
8.0,18.0,6.45,6.49,6.41,6.44,131700.0,-0.009999999999999787
8.0,17.0,6.55,6.6,6.53,6.59,46000.0,0.040000000000000036
8.0,14.0,6.65,6.68,6.59,6.65,29000.0,0.0
8.0,13.0,6.6,6.69,6.59,6.63,53000.0,0.03000000000000025
8.0,12.0,6.46,6.61,6.46,6.58,120100.0,0.1200000000000001
8.0,11.0,6.52,6.55,6.43,6.48,101900.0,-0.03999999999999915
8.0,10.0,6.58,6.59,6.53,6.58,105500.0,0.0
8.0,7.0,6.48,6.51,6.35,6.44,72100.0,-0.040000000000000036
8.0,6.0,6.41,6.48,6.41,6.43,123000.0,0.019999999999999574
8.0,5.0,6.31,6.35,6.21,6.28,149800.0,-0.02999999999999936
8.0,4.0,6.43,6.43,6.28,6.33,167400.0,-0.09999999999999964
8.0,3.0,6.58,6.61,6.53,6.59,139000.0,0.009999999999999787
7.0,31.0,6.85,6.91,6.81,6.85,84000.0,0.0
7.0,30.0,6.85,6.88,6.8,6.83,134300.0,-0.019999999999999574
7.0,29.0,6.76,6.77,6.68,6.71,85700.0,-0.04999999999999982
7.0,28.0,6.77,6.85,6.74,6.84,79300.0,0.07000000000000028
7.0,27.0,6.78,6.87,6.73,6.77,52000.0,-0.010000000000000675
7.0,24.0,6.84,6.84,6.74,6.75,540600.0,-0.08999999999999986
7.0,23.0,6.86,6.86,6.77,6.79,49900.0,-0.07000000000000028
7.0,22.0,6.79,6.86,6.77,6.8,32500.0,0.009999999999999787
7.0,21.0,6.9,6.97,6.84,6.88,55100.0,-0.020000000000000462
7.0,20.0,6.97,7.0,6.91,7.0,83300.0,0.03000000000000025
7.0,17.0,7.04,7.05,6.98,7.04,35800.0,0.0
7.0,16.0,7.05,7.08,7.0,7.05,36900.0,0.0
7.0,15.0,7.09,7.1,7.03,7.03,48700.0,-0.05999999999999961
7.0,14.0,7.04,7.1,7.01,7.05,79800.0,0.009999999999999787
7.0,13.0,6.97,7.04,6.95,7.02,99800.0,0.04999999999999982
7.0,10.0,6.72,6.77,6.68,6.74,194500.0,0.020000000000000462
7.0,9.0,6.76,6.76,6.6,6.6,289500.0,-0.16000000000000014
7.0,8.0,6.72,6.72,6.5,6.57,343500.0,-0.14999999999999947
7.0,7.0,6.78,6.8,6.67,6.77,115800.0,-0.010000000000000675
7.0,6.0,6.88,6.95,6.84,6.88,73700.0,0.0
7.0,2.0,6.96,7.0,6.9,6.92,408400.0,-0.040000000000000036
7.0,1.0,6.98,6.98,6.84,6.89,97300.0,-0.09000000000000075
6.0,30.0,6.96,6.99,6.93,6.98,165900.0,0.020000000000000462
6.0,29.0,6.83,6.91,6.8,6.83,112700.0,0.0
6.0,26.0,7.03,7.05,6.91,6.94,56700.0,-0.08999999999999986
6.0,25.0,7.04,7.11,6.92,7.01,277500.0,-0.03000000000000025
6.0,24.0,7.06,7.1,7.05,7.1,85600.0,0.040000000000000036
6.0,23.0,7.12,7.14,7.03,7.09,67400.0,-0.03000000000000025
6.0,22.0,7.0,7.13,7.0,7.08,289300.0,0.08000000000000007
6.0,19.0,7.07,7.13,6.8,6.8,571700.0,-0.27000000000000046
6.0,18.0,6.94,7.19,6.94,7.08,226800.0,0.13999999999999968
6.0,17.0,6.91,6.98,6.89,6.97,217700.0,0.05999999999999961
6.0,16.0,7.04,7.08,7.0,7.08,64800.0,0.040000000000000036
6.0,15.0,7.05,7.1,7.01,7.09,172700.0,0.040000000000000036
6.0,12.0,7.24,7.27,7.11,7.23,83700.0,-0.009999999999999787
6.0,11.0,7.2,7.23,7.14,7.22,68200.0,0.019999999999999574
6.0,10.0,7.29,7.34,7.23,7.28,73500.0,-0.009999999999999787
6.0,9.0,7.2,7.34,7.17,7.32,141200.0,0.1200000000000001
6.0,8.0,7.15,7.23,7.07,7.09,403600.0,-0.0600000000000005
6.0,5.0,7.26,7.26,7.08,7.11,296200.0,-0.14999999999999947
6.0,4.0,7.29,7.29,7.16,7.22,75600.0,-0.07000000000000028
6.0,3.0,7.22,7.23,7.177,7.22,54500.0,0.0
6.0,2.0,7.13,7.23,7.12,7.22,93200.0,0.08999999999999986
6.0,1.0,7.21,7.21,7.09,7.11,384300.0,-0.09999999999999964
5.0,29.0,7.24,7.24,7.08,7.16,102900.0,-0.08000000000000007
5.0,28.0,7.2,7.2,7.13,7.19,86800.0,-0.009999999999999787
5.0,27.0,7.17,7.32,7.17,7.26,72300.0,0.08999999999999986
5.0,26.0,7.2,7.29,7.11,7.18,158700.0,-0.020000000000000462
5.0,22.0,7.31,7.32,7.21,7.27,275100.0,-0.040000000000000036
5.0,21.0,7.23,7.31,7.23,7.25,110800.0,0.019999999999999574
5.0,20.0,7.29,7.31,7.21,7.25,167900.0,-0.040000000000000036
5.0,19.0,7.29,7.36,7.25,7.25,293400.0,-0.040000000000000036
5.0,18.0,7.4,7.44,7.35,7.41,236600.0,0.009999999999999787
5.0,15.0,7.13,7.16,7.07,7.15,115400.0,0.020000000000000462
5.0,14.0,7.07,7.09,7.04,7.05,123000.0,-0.020000000000000462
5.0,13.0,7.06,7.08,7.01,7.02,212700.0,-0.040000000000000036
5.0,12.0,6.94,6.94,6.9,6.9,109900.0,-0.040000000000000036
5.0,11.0,7.01,7.02,6.94,7.01,193500.0,0.0
5.0,8.0,7.06,7.1,6.99,7.01,168100.0,-0.04999999999999982
5.0,7.0,7.0,7.0,6.95,6.98,198200.0,-0.019999999999999574
5.0,6.0,7.0,7.04,6.91,7.0,206400.0,0.0
5.0,5.0,6.98,6.99,6.9,6.92,164500.0,-0.0600000000000005
5.0,4.0,7.07,7.09,7.02,7.03,86700.0,-0.040000000000000036
5.0,1.0,7.26,7.26,6.98,7.02,254900.0,-0.2400000000000002
4.0,30.0,7.01,7.03,6.97,7.0,136600.0,-0.009999999999999787
4.0,29.0,7.11,7.11,7.03,7.09,101500.0,-0.020000000000000462
4.0,28.0,7.1,7.11,7.05,7.08,152300.0,-0.019999999999999574
4.0,27.0,7.1,7.11,7.0,7.05,189700.0,-0.04999999999999982
4.0,24.0,7.08,7.08,6.98,7.02,144700.0,-0.0600000000000005
4.0,23.0,6.95,7.03,6.89,7.01,177800.0,0.05999999999999961
4.0,22.0,6.9,6.95,6.9,6.95,96300.0,0.04999999999999982
4.0,21.0,6.97,6.97,6.9,6.93,72200.0,-0.040000000000000036
4.0,20.0,6.96,7.04,6.91,6.94,217500.0,-0.019999999999999574
4.0,17.0,6.97,7.04,6.97,7.03,123600.0,0.0600000000000005
4.0,16.0,7.05,7.11,7.03,7.05,93400.0,0.0
4.0,15.0,7.05,7.05,6.99,7.01,105800.0,-0.040000000000000036
4.0,14.0,7.0,7.03,6.95,7.01,81500.0,0.009999999999999787
4.0,13.0,6.98,7.03,6.94,6.98,244300.0,0.0
4.0,10.0,7.16,7.21,7.12,7.18,141200.0,0.019999999999999574
4.0,9.0,7.33,7.33,7.2,7.22,67900.0,-0.11000000000000032
4.0,8.0,7.4,7.43,7.23,7.27,249900.0,-0.13000000000000078
4.0,7.0,7.45,7.49,7.4,7.46,87300.0,0.009999999999999787
4.0,6.0,7.37,7.49,7.32,7.44,136900.0,0.07000000000000028
4.0,2.0,7.29,7.32,7.28,7.32,108200.0,0.03000000000000025
4.0,1.0,7.19,7.25,7.19,7.24,60900.0,0.04999999999999982
3.0,31.0,7.06,7.13,7.055,7.09,53000.0,0.03000000000000025
3.0,30.0,7.13,7.17,7.08,7.12,164800.0,-0.009999999999999787
3.0,27.0,6.98,7.05,6.95,7.04,120700.0,0.05999999999999961
3.0,26.0,7.16,7.17,6.99,7.01,231800.0,-0.15000000000000036
3.0,25.0,7.19,7.23,7.03,7.09,300100.0,-0.10000000000000053
3.0,24.0,7.27,7.28,7.12,7.25,788100.0,-0.019999999999999574
3.0,23.0,7.17,7.2,7.075,7.1,1730800.0,-0.07000000000000028
3.0,20.0,6.95,6.98,6.919,6.95,473900.0,0.0
3.0,19.0,7.02,7.17,6.89,6.9,315200.0,-0.11999999999999922
3.0,18.0,6.86,6.91,6.81,6.85,626800.0,-0.010000000000000675
3.0,17.0,7.02,7.1,6.98,7.05,72000.0,0.03000000000000025
3.0,16.0,7.06,7.07,7.0,7.04,114300.0,-0.019999999999999574
3.0,13.0,7.16,7.19,7.06,7.1,176800.0,-0.0600000000000005
3.0,12.0,7.05,7.2,7.05,7.19,249000.0,0.14000000000000057
3.0,11.0,6.96,7.0,6.92,6.93,110400.0,-0.03000000000000025
3.0,10.0,6.9,6.98,6.87,6.89,290300.0,-0.010000000000000675
3.0,9.0,7.03,7.05,6.98,7.02,142900.0,-0.010000000000000675
3.0,6.0,6.99,7.09,6.959,7.0,149500.0,0.009999999999999787
3.0,5.0,7.18,7.23,7.02,7.1,140700.0,-0.08000000000000007
3.0,4.0,7.14,7.17,7.09,7.11,126800.0,-0.02999999999999936
3.0,3.0,7.1,7.13,7.08,7.13,132700.0,0.03000000000000025
3.0,2.0,7.1,7.14,7.04,7.07,142800.0,-0.02999999999999936
2.0,27.0,7.15,7.15,7.02,7.08,266400.0,-0.07000000000000028
2.0,26.0,7.08,7.11,7.03,7.05,105500.0,-0.03000000000000025
2.0,25.0,7.06,7.15,7.04,7.07,421100.0,0.010000000000000675
2.0,24.0,7.03,7.12,6.99,7.09,771400.0,0.05999999999999961
2.0,23.0,7.14,7.19,7.1,7.15,234700.0,0.010000000000000675
2.0,20.0,7.25,7.25,7.1,7.2,160800.0,-0.04999999999999982
2.0,19.0,7.2,7.3,7.17,7.24,65700.0,0.040000000000000036
2.0,18.0,7.18,7.22,7.13,7.21,154900.0,0.03000000000000025
2.0,17.0,7.06,7.12,7.01,7.1,145700.0,0.040000000000000036
2.0,13.0,7.06,7.17,7.05,7.08,145800.0,0.020000000000000462
2.0,12.0,7.09,7.21,7.06,7.11,692400.0,0.020000000000000462
2.0,11.0,7.18,7.19,7.01,7.05,832400.0,-0.1299999999999999
2.0,10.0,7.49,7.53,7.25,7.28,1023800.0,-0.20999999999999996
2.0,9.0,7.49,7.55,7.45,7.47,267700.0,-0.020000000000000462
2.0,6.0,7.67,7.67,7.45,7.53,167500.0,-0.13999999999999968
2.0,5.0,7.55,7.7,7.54,7.65,150200.0,0.10000000000000053
2.0,4.0,7.43,7.53,7.41,7.43,95600.0,0.0
2.0,3.0,7.35,7.46,7.34,7.43,189500.0,0.08000000000000007
2.0,2.0,7.23,7.35,7.19,7.31,176500.0,0.07999999999999918
1.0,30.0,7.29,7.29,7.12,7.18,151000.0,-0.11000000000000032
1.0,29.0,7.19,7.22,7.12,7.16,109000.0,-0.03000000000000025
1.0,28.0,7.2,7.203,7.11,7.19,109000.0,-0.009999999999999787
1.0,27.0,7.16,7.25,7.14,7.23,273500.0,0.07000000000000028
1.0,26.0,7.17,7.23,7.14,7.2,222500.0,0.03000000000000025
1.0,23.0,7.44,7.44,7.22,7.31,134500.0,-0.13000000000000078
1.0,22.0,7.43,7.455,7.37,7.41,248100.0,-0.019999999999999574
1.0,21.0,7.33,7.41,7.31,7.39,309300.0,0.05999999999999961
1.0,20.0,7.3,7.35,7.3,7.33,110900.0,0.03000000000000025
1.0,16.0,7.37,7.37,7.28,7.35,127700.0,-0.020000000000000462
1.0,15.0,7.37,7.37,7.29,7.34,60800.0,-0.03000000000000025
1.0,14.0,7.35,7.36,7.29,7.33,201600.0,-0.019999999999999574
1.0,13.0,7.34,7.35,7.24,7.28,100600.0,-0.05999999999999961
1.0,12.0,7.27,7.32,7.215,7.3,201200.0,0.03000000000000025
1.0,9.0,7.3,7.3,7.22,7.25,99900.0,-0.04999999999999982
1.0,8.0,7.29,7.32,7.19,7.3,256800.0,0.009999999999999787
1.0,7.0,7.25,7.25,7.2,7.22,98300.0,-0.03000000000000025
1.0,6.0,7.22,7.25,7.19,7.2,275500.0,-0.019999999999999574
1.0,5.0,7.24,7.27,7.17,7.25,471700.0,0.009999999999999787
1.0,2.0,7.18,7.355,7.17,7.31,145900.0,0.1299999999999999
12.0,31.0,7.26,7.29,7.22,7.25,115700.0,-0.009999999999999787
12.0,30.0,7.17,7.22,7.13,7.19,159600.0,0.020000000000000462
12.0,29.0,7.18,7.24,7.14,7.14,307800.0,-0.040000000000000036
12.0,26.0,7.37,7.4,7.32,7.33,41000.0,-0.040000000000000036
12.0,24.0,7.38,7.39,7.3,7.34,174100.0,-0.040000000000000036
12.0,23.0,7.41,7.45,7.32,7.41,212900.0,0.0
12.0,22.0,7.38,7.45,7.31,7.42,251000.0,0.040000000000000036
12.0,19.0,7.45,7.47,7.38,7.43,404300.0,-0.020000000000000462
12.0,18.0,7.32,7.4,7.29,7.4,348800.0,0.08000000000000007
12.0,17.0,7.21,7.27,7.11,7.25,563600.0,0.040000000000000036
12.0,16.0,7.11,7.18,7.06,7.14,253200.0,0.02999999999999936
12.0,15.0,7.15,7.22,7.08,7.12,493700.0,-0.03000000000000025
12.0,12.0,7.1,7.14,6.97,7.11,1645700.0,0.010000000000000675
12.0,11.0,7.03,7.08,6.97,7.03,567800.0,0.0
12.0,10.0,6.97,6.99,6.91,6.96,1257700.0,-0.009999999999999787
12.0,9.0,6.72,6.86,6.71,6.85,290800.0,0.1299999999999999
12.0,8.0,6.64,6.73,6.63,6.72,419100.0,0.08000000000000007
12.0,5.0,6.65,6.8,6.65,6.65,197600.0,0.0
12.0,4.0,6.53,6.73,6.51,6.66,442900.0,0.1299999999999999
12.0,3.0,6.5,6.59,6.5,6.57,315400.0,0.07000000000000028
12.0,2.0,6.37,6.51,6.33,6.47,672900.0,0.09999999999999964
12.0,1.0,6.66,6.69,6.59,6.63,244400.0,-0.03000000000000025
11.0,28.0,6.81,6.87,6.81,6.84,77200.0,0.03000000000000025
11.0,26.0,6.84,7.07,6.8,6.88,302900.0,0.040000000000000036
11.0,25.0,6.92,6.96,6.85,6.85,394000.0,-0.07000000000000028
11.0,24.0,7.05,7.05,6.86,6.92,757900.0,-0.1299999999999999
11.0,21.0,7.18,7.22,7.15,7.22,326500.0,0.040000000000000036
11.0,20.0,7.22,7.28,7.12,7.15,518800.0,-0.0699999999999994
11.0,19.0,7.24,7.36,7.21,7.29,2366900.0,0.04999999999999982
11.0,18.0,7.05,7.22,7.02,7.22,1404100.0,0.16999999999999993
11.0,17.0,7.07,7.09,7.0,7.04,127000.0,-0.03000000000000025
11.0,14.0,7.0,7.09,6.97,7.09,173300.0,0.08999999999999986
11.0,13.0,7.05,7.06,7.01,7.03,146800.0,-0.019999999999999574
11.0,12.0,7.02,7.09,7.02,7.09,346200.0,0.07000000000000028
11.0,11.0,6.94,7.05,6.92,7.05,544300.0,0.10999999999999943
11.0,10.0,6.92,6.93,6.87,6.91,373200.0,-0.009999999999999787
11.0,7.0,6.91,6.99,6.91,6.96,367300.0,0.04999999999999982
11.0,6.0,6.93,6.97,6.91,6.94,131400.0,0.010000000000000675
11.0,5.0,6.88,6.91,6.83,6.91,409400.0,0.03000000000000025
11.0,4.0,6.78,6.79,6.71,6.76,750400.0,-0.020000000000000462
11.0,3.0,6.87,6.87,6.74,6.79,806700.0,-0.08000000000000007
10.0,31.0,6.8,6.8,6.68,6.75,306900.0,-0.04999999999999982
10.0,30.0,6.82,6.82,6.74,6.81,396900.0,-0.010000000000000675
10.0,29.0,7.0,7.0,6.87,6.91,112800.0,-0.08999999999999986
10.0,28.0,6.99,7.03,6.95,7.03,173500.0,0.040000000000000036
10.0,27.0,6.93,6.96,6.91,6.93,330200.0,0.0
10.0,24.0,6.92,7.07,6.92,7.04,425900.0,0.1200000000000001
10.0,23.0,7.05,7.06,6.92,6.93,384100.0,-0.1200000000000001
10.0,22.0,7.12,7.15,7.04,7.09,604300.0,-0.03000000000000025
10.0,21.0,7.03,7.12,6.99,7.12,1190900.0,0.08999999999999986
10.0,20.0,6.9,6.97,6.86,6.92,1010200.0,0.019999999999999574
10.0,17.0,6.74,6.78,6.68,6.75,395700.0,0.009999999999999787
10.0,16.0,6.66,6.74,6.62,6.68,127600.0,0.019999999999999574
10.0,15.0,6.81,6.81,6.65,6.68,670000.0,-0.1299999999999999
10.0,14.0,6.83,6.86,6.72,6.77,1435100.0,-0.0600000000000005
10.0,13.0,6.85,6.88,6.73,6.77,848700.0,-0.08000000000000007
10.0,10.0,6.88,6.88,6.7,6.78,819800.0,-0.09999999999999964
10.0,9.0,6.95,6.95,6.77,6.86,728600.0,-0.08999999999999986
10.0,8.0,7.0,7.04,6.89,6.95,622000.0,-0.04999999999999982
10.0,7.0,7.01,7.03,6.92,6.97,1051600.0,-0.040000000000000036
10.0,6.0,7.09,7.1,7.05,7.06,1421200.0,-0.03000000000000025
10.0,3.0,7.18,7.21,7.17,7.2,743600.0,0.020000000000000462
10.0,2.0,7.22,7.24,7.14,7.19,2518600.0,-0.02999999999999936
10.0,1.0,7.2,7.23,7.17,7.22,1960900.0,0.019999999999999574
9.0,30.0,7.18,7.23,7.15,7.23,2560100.0,0.05000000000000071
9.0,29.0,7.09,7.17,7.05,7.15,4594100.0,0.0600000000000005
9.0,26.0,7.05,7.21,7.05,7.2,2375800.0,0.15000000000000036
9.0,25.0,7.11,7.24,7.05,7.05,2400500.0,-0.0600000000000005
9.0,24.0,7.1,7.3,7.05,7.16,2.61121E7,0.0600000000000005
