9.0,25.0,11.93,12.05,11.75,11.93,403800.0,0.0
9.0,24.0,11.96,12.01,11.84,11.85,333100.0,-0.11000000000000121
9.0,23.0,11.81,12.12,11.72,12.06,324000.0,0.25
9.0,22.0,12.01,12.08,11.72,11.75,355900.0,-0.2599999999999998
9.0,21.0,12.08,12.28,11.95,12.14,346700.0,0.0600000000000005
9.0,18.0,12.11,12.26,11.88,11.99,983800.0,-0.11999999999999922
9.0,17.0,12.18,12.45,12.1,12.31,336700.0,0.13000000000000078
9.0,16.0,12.14,12.24,12.12,12.18,225100.0,0.03999999999999915
9.0,15.0,12.26,12.26,11.97,12.15,188200.0,-0.10999999999999943
9.0,14.0,12.25,12.32,12.17,12.26,288400.0,0.009999999999999787
9.0,11.0,12.01,12.24,12.01,12.19,295100.0,0.17999999999999972
9.0,10.0,11.97,12.19,11.85,12.06,321200.0,0.08999999999999986
9.0,9.0,12.34,12.36,12.09,12.1,262200.0,-0.2400000000000002
9.0,8.0,12.08,12.24,12.01,12.22,227700.0,0.14000000000000057
9.0,4.0,11.85,12.06,11.76,11.88,273100.0,0.030000000000001137
9.0,3.0,12.03,12.22,11.93,12.04,371500.0,0.009999999999999787
9.0,2.0,11.98,12.09,11.83,11.97,336700.0,-0.009999999999999787
9.0,1.0,11.91,12.07,11.77,11.86,356000.0,-0.05000000000000071
8.0,31.0,12.2,12.35,12.08,12.13,765800.0,-0.06999999999999851
8.0,28.0,12.48,12.71,12.16,12.31,569700.0,-0.16999999999999993
8.0,27.0,11.88,12.14,11.62,12.11,515400.0,0.22999999999999865
8.0,26.0,11.66,11.95,11.44,11.82,507600.0,0.16000000000000014
8.0,25.0,11.94,11.94,11.36,11.43,532100.0,-0.5099999999999998
8.0,24.0,11.52,11.83,11.51,11.58,562400.0,0.0600000000000005
8.0,21.0,12.23,12.42,12.0,12.21,572000.0,-0.019999999999999574
8.0,20.0,12.42,12.58,12.28,12.5,507900.0,0.08000000000000007
8.0,19.0,12.44,12.51,12.26,12.46,267600.0,0.02000000000000135
8.0,18.0,12.47,12.55,12.38,12.45,208500.0,-0.02000000000000135
8.0,17.0,12.35,12.58,12.24,12.5,288700.0,0.15000000000000036
8.0,14.0,12.36,12.44,12.18,12.38,237200.0,0.02000000000000135
8.0,13.0,12.51,12.63,12.23,12.35,511600.0,-0.16000000000000014
8.0,12.0,12.2,12.25,12.07,12.25,370600.0,0.05000000000000071
8.0,11.0,12.38,12.56,12.35,12.53,246500.0,0.14999999999999858
8.0,10.0,12.43,12.56,12.29,12.49,437800.0,0.0600000000000005
8.0,7.0,12.34,12.49,12.24,12.33,511600.0,-0.009999999999999787
8.0,6.0,12.71,12.71,12.15,12.44,634800.0,-0.27000000000000135
8.0,5.0,12.93,13.1,12.7,12.72,615200.0,-0.20999999999999908
8.0,4.0,13.73,13.73,12.86,12.89,644400.0,-0.8399999999999999
8.0,3.0,13.68,13.78,13.51,13.65,314700.0,-0.02999999999999936
7.0,31.0,13.69,13.78,13.57,13.63,430400.0,-0.05999999999999872
7.0,30.0,13.6,13.72,13.55,13.6,494300.0,0.0
7.0,29.0,13.61,13.78,13.54,13.67,405000.0,0.0600000000000005
7.0,28.0,13.75,13.77,13.52,13.65,532400.0,-0.09999999999999964
7.0,27.0,13.46,13.7,13.38,13.7,321900.0,0.23999999999999844
7.0,24.0,13.57,13.57,13.38,13.49,353500.0,-0.08000000000000007
7.0,23.0,14.03,14.03,13.53,13.63,501400.0,-0.3999999999999986
7.0,22.0,13.86,14.04,13.82,14.02,461200.0,0.16000000000000014
7.0,21.0,14.07,14.27,13.92,13.93,1012400.0,-0.14000000000000057
7.0,20.0,14.28,14.42,14.23,14.28,1270400.0,0.0
7.0,17.0,14.55,14.61,14.49,14.5,380600.0,-0.05000000000000071
7.0,16.0,14.37,14.61,14.37,14.53,489000.0,0.16000000000000014
7.0,15.0,14.27,14.49,14.19,14.28,883400.0,0.009999999999999787
7.0,14.0,14.41,14.41,14.16,14.32,501700.0,-0.08999999999999986
7.0,13.0,14.25,14.38,14.05,14.18,574300.0,-0.07000000000000028
7.0,10.0,14.08,14.24,13.98,14.19,528800.0,0.10999999999999943
7.0,9.0,13.9,14.04,13.82,13.95,816000.0,0.049999999999998934
7.0,8.0,13.84,13.98,13.63,13.77,1130600.0,-0.07000000000000028
7.0,7.0,13.76,14.1,13.67,13.99,918500.0,0.23000000000000043
7.0,6.0,13.32,13.74,13.29,13.72,557200.0,0.40000000000000036
7.0,2.0,13.35,13.42,13.23,13.36,397700.0,0.009999999999999787
7.0,1.0,13.14,13.27,12.97,13.27,527300.0,0.129999999999999
6.0,30.0,12.91,13.04,12.77,13.01,974900.0,0.09999999999999964
6.0,29.0,13.05,13.18,12.76,12.77,356400.0,-0.28000000000000114
6.0,26.0,13.05,13.11,12.84,13.07,1456000.0,0.019999999999999574
6.0,25.0,13.05,13.1,12.92,12.99,477700.0,-0.0600000000000005
6.0,24.0,13.11,13.15,12.96,12.98,397200.0,-0.129999999999999
6.0,23.0,13.12,13.2,13.01,13.11,553700.0,-0.009999999999999787
6.0,22.0,13.22,13.32,13.12,13.15,269800.0,-0.07000000000000028
6.0,19.0,13.17,13.25,13.01,13.18,704900.0,0.009999999999999787
6.0,18.0,12.96,13.19,12.94,13.16,413000.0,0.1999999999999993
6.0,17.0,12.94,12.94,12.75,12.89,260600.0,-0.049999999999998934
6.0,16.0,12.79,12.96,12.79,12.9,355400.0,0.11000000000000121
6.0,15.0,12.94,12.94,12.74,12.82,494200.0,-0.11999999999999922
6.0,12.0,12.94,12.99,12.89,12.95,337100.0,0.009999999999999787
6.0,11.0,13.06,13.07,12.89,12.96,534500.0,-0.09999999999999964
6.0,10.0,12.83,13.11,12.78,13.04,868300.0,0.20999999999999908
6.0,9.0,12.64,12.76,12.58,12.72,1080300.0,0.08000000000000007
6.0,8.0,13.06,13.06,12.57,12.66,1254200.0,-0.40000000000000036
6.0,5.0,13.2,13.28,13.02,13.02,666200.0,-0.17999999999999972
6.0,4.0,13.49,13.52,13.25,13.32,679600.0,-0.16999999999999993
6.0,3.0,13.66,13.68,13.51,13.57,288700.0,-0.08999999999999986
6.0,2.0,13.54,13.78,13.49,13.62,403200.0,0.08000000000000007
6.0,1.0,13.44,13.68,13.32,13.62,336300.0,0.17999999999999972
5.0,29.0,13.49,13.53,13.35,13.36,827400.0,-0.13000000000000078
5.0,28.0,13.6,13.62,13.46,13.53,244200.0,-0.07000000000000028
5.0,27.0,13.48,13.62,13.37,13.59,659100.0,0.10999999999999943
5.0,26.0,13.46,13.5,13.4,13.42,347600.0,-0.040000000000000924
5.0,22.0,13.58,13.69,13.54,13.55,281300.0,-0.02999999999999936
5.0,21.0,13.59,13.66,13.48,13.63,398600.0,0.040000000000000924
5.0,20.0,13.49,13.65,13.41,13.61,333400.0,0.11999999999999922
5.0,19.0,13.5,13.52,13.29,13.45,381000.0,-0.05000000000000071
5.0,18.0,13.41,13.58,13.36,13.55,628100.0,0.14000000000000057
5.0,15.0,13.48,13.52,13.35,13.48,298200.0,0.0
5.0,14.0,13.24,13.45,13.15,13.45,239300.0,0.20999999999999908
5.0,13.0,13.26,13.35,13.06,13.12,513700.0,-0.14000000000000057
5.0,12.0,13.18,13.32,12.88,13.31,447600.0,0.13000000000000078
5.0,11.0,13.34,13.44,13.2,13.21,272800.0,-0.129999999999999
5.0,8.0,13.34,13.61,13.28,13.37,410600.0,0.02999999999999936
5.0,7.0,13.04,13.29,13.0,13.22,246700.0,0.1800000000000015
5.0,6.0,13.16,13.17,12.94,13.03,373700.0,-0.13000000000000078
5.0,5.0,13.07,13.2,12.93,13.03,461200.0,-0.040000000000000924
5.0,4.0,13.35,13.41,13.07,13.17,363800.0,-0.17999999999999972
5.0,1.0,13.18,13.42,13.06,13.35,450800.0,0.16999999999999993
4.0,30.0,13.63,13.74,13.06,13.17,670700.0,-0.46000000000000085
4.0,29.0,13.69,13.76,13.66,13.71,408100.0,0.02000000000000135
4.0,28.0,13.54,13.79,13.49,13.75,445700.0,0.21000000000000085
4.0,27.0,13.6,13.73,13.4,13.51,303900.0,-0.08999999999999986
4.0,24.0,13.67,13.75,13.55,13.57,274400.0,-0.09999999999999964
4.0,23.0,13.48,13.71,13.47,13.62,519100.0,0.1399999999999988
4.0,22.0,13.34,13.5,13.28,13.5,357600.0,0.16000000000000014
4.0,21.0,13.27,13.37,13.24,13.35,300600.0,0.08000000000000007
4.0,20.0,13.08,13.22,13.07,13.22,308600.0,0.14000000000000057
4.0,17.0,13.1,13.17,12.76,13.03,499800.0,-0.07000000000000028
4.0,16.0,13.04,13.16,13.0,13.15,287500.0,0.11000000000000121
4.0,15.0,13.25,13.26,13.02,13.04,544600.0,-0.21000000000000085
4.0,14.0,13.45,13.53,13.15,13.19,528000.0,-0.2599999999999998
4.0,13.0,13.49,13.6,13.39,13.39,437100.0,-0.09999999999999964
4.0,10.0,13.32,13.52,13.29,13.52,471400.0,0.1999999999999993
4.0,9.0,13.7,13.72,13.18,13.23,680800.0,-0.46999999999999886
4.0,8.0,13.94,14.06,13.65,13.7,866900.0,-0.2400000000000002
4.0,7.0,14.07,14.12,13.9,13.91,410500.0,-0.16000000000000014
4.0,6.0,13.97,14.18,13.92,14.09,270300.0,0.11999999999999922
4.0,2.0,13.96,14.12,13.81,13.98,450500.0,0.019999999999999574
4.0,1.0,14.07,14.22,13.9,14.05,413400.0,-0.019999999999999574
3.0,31.0,14.01,14.07,13.84,14.07,570700.0,0.0600000000000005
3.0,30.0,13.93,14.27,13.88,14.12,407200.0,0.1899999999999995
3.0,27.0,13.57,13.85,13.54,13.83,508600.0,0.2599999999999998
3.0,26.0,13.55,13.75,13.5,13.57,402800.0,0.019999999999999574
3.0,25.0,13.95,14.03,13.62,13.63,419000.0,-0.3199999999999985
3.0,24.0,14.35,14.38,13.92,13.98,348700.0,-0.3699999999999992
3.0,23.0,14.27,14.42,14.21,14.35,382700.0,0.08000000000000007
3.0,20.0,13.99,14.27,13.93,14.23,965800.0,0.2400000000000002
3.0,19.0,13.81,13.96,13.76,13.93,274900.0,0.11999999999999922
3.0,18.0,13.64,13.92,13.52,13.88,408500.0,0.2400000000000002
3.0,17.0,13.59,13.77,13.59,13.66,644800.0,0.07000000000000028
3.0,16.0,13.81,13.83,13.65,13.65,384200.0,-0.16000000000000014
3.0,13.0,13.68,13.77,13.52,13.72,486100.0,0.040000000000000924
3.0,12.0,13.5,13.63,13.43,13.61,420100.0,0.10999999999999943
3.0,11.0,13.1,13.38,13.1,13.35,500400.0,0.25
3.0,10.0,13.13,13.18,13.05,13.06,657800.0,-0.07000000000000028
3.0,9.0,13.5,13.52,13.26,13.3,565300.0,-0.1999999999999993
3.0,6.0,13.66,13.71,13.4,13.45,981700.0,-0.21000000000000085
3.0,5.0,13.96,13.96,13.65,13.8,690400.0,-0.16000000000000014
3.0,4.0,13.55,13.78,13.47,13.74,831400.0,0.1899999999999995
3.0,3.0,13.42,13.61,13.08,13.53,1270300.0,0.10999999999999943
3.0,2.0,13.12,13.48,13.12,13.45,807500.0,0.33000000000000007
2.0,27.0,13.59,13.62,13.13,13.13,1408200.0,-0.4599999999999991
2.0,26.0,13.59,13.68,13.42,13.64,1167100.0,0.05000000000000071
2.0,25.0,13.64,13.81,13.54,13.64,528200.0,0.0
2.0,24.0,13.41,13.65,13.27,13.64,816100.0,0.23000000000000043
2.0,23.0,13.27,13.47,13.25,13.47,454600.0,0.20000000000000107
2.0,20.0,13.2,13.26,13.12,13.24,621700.0,0.040000000000000924
2.0,19.0,13.63,13.63,13.12,13.18,818400.0,-0.45000000000000107
2.0,18.0,13.41,13.64,13.31,13.64,969200.0,0.23000000000000043
2.0,17.0,13.01,13.53,12.99,13.47,1280100.0,0.46000000000000085
2.0,13.0,13.0,13.08,12.87,13.05,687500.0,0.05000000000000071
2.0,12.0,12.84,13.0,12.77,12.97,503800.0,0.13000000000000078
2.0,11.0,12.71,12.8,12.56,12.8,596900.0,0.08999999999999986
2.0,10.0,12.85,12.89,12.68,12.77,897700.0,-0.08000000000000007
2.0,9.0,13.13,13.24,12.84,12.85,9619500.0,-0.28000000000000114
2.0,6.0,13.21,13.25,12.99,13.13,1091000.0,-0.08000000000000007
2.0,5.0,13.2,13.36,13.2,13.21,1597100.0,0.010000000000001563
2.0,4.0,13.29,13.37,13.16,13.17,3157600.0,-0.11999999999999922
2.0,3.0,12.63,12.88,12.62,12.76,671800.0,0.129999999999999
2.0,2.0,12.81,12.84,12.51,12.61,567800.0,-0.20000000000000107
1.0,30.0,13.11,13.2,12.82,12.82,481200.0,-0.28999999999999915
1.0,29.0,13.13,13.2,12.94,13.19,543700.0,0.05999999999999872
1.0,28.0,13.43,13.43,13.06,13.12,520300.0,-0.3100000000000005
1.0,27.0,13.27,13.45,13.27,13.36,238800.0,0.08999999999999986
1.0,26.0,13.5,13.5,13.35,13.38,232100.0,-0.11999999999999922
1.0,23.0,13.44,13.51,13.27,13.49,471900.0,0.05000000000000071
1.0,22.0,13.2,13.46,13.14,13.42,503200.0,0.22000000000000064
1.0,21.0,13.24,13.33,13.04,13.12,440700.0,-0.120000000000001
1.0,20.0,13.3,13.45,13.18,13.25,721000.0,-0.05000000000000071
1.0,16.0,12.86,13.45,12.86,13.27,1393000.0,0.41000000000000014
1.0,15.0,13.02,13.02,12.69,12.82,417100.0,-0.1999999999999993
1.0,14.0,12.64,12.95,12.49,12.88,530100.0,0.2400000000000002
1.0,13.0,12.82,12.85,12.61,12.76,474800.0,-0.0600000000000005
1.0,12.0,12.62,12.7,12.53,12.64,366000.0,0.02000000000000135
1.0,9.0,12.88,12.93,12.61,12.66,410300.0,-0.22000000000000064
1.0,8.0,12.66,12.84,12.52,12.84,699700.0,0.17999999999999972
1.0,7.0,12.5,12.58,12.31,12.53,637600.0,0.02999999999999936
1.0,6.0,12.51,12.62,12.26,12.35,712400.0,-0.16000000000000014
1.0,5.0,12.37,12.57,12.33,12.51,495800.0,0.14000000000000057
1.0,2.0,12.52,12.52,12.25,12.46,471400.0,-0.05999999999999872
12.0,31.0,12.64,12.74,12.42,12.44,283700.0,-0.20000000000000107
12.0,30.0,12.67,12.75,12.45,12.64,313300.0,-0.02999999999999936
12.0,29.0,12.65,12.74,12.57,12.7,350000.0,0.049999999999998934
12.0,26.0,12.5,12.6,12.46,12.59,201500.0,0.08999999999999986
12.0,24.0,12.5,12.52,12.38,12.47,225200.0,-0.02999999999999936
12.0,23.0,12.39,12.45,12.29,12.44,297900.0,0.049999999999998934
12.0,22.0,12.19,12.3,12.11,12.27,506800.0,0.08000000000000007
12.0,19.0,12.45,12.49,12.16,12.19,2849900.0,-0.2599999999999998
12.0,18.0,12.27,12.47,12.22,12.42,856000.0,0.15000000000000036
12.0,17.0,11.73,12.26,11.68,12.19,972500.0,0.4599999999999991
12.0,16.0,11.64,11.73,11.53,11.71,627800.0,0.07000000000000028
12.0,15.0,11.81,11.86,11.51,11.62,574700.0,-0.19000000000000128
12.0,12.0,11.82,12.0,11.71,11.71,390500.0,-0.10999999999999943
12.0,11.0,12.0,12.13,11.93,11.99,386300.0,-0.009999999999999787
12.0,10.0,11.99,12.05,11.84,11.92,373900.0,-0.07000000000000028
12.0,9.0,11.81,12.08,11.71,12.04,702300.0,0.22999999999999865
12.0,8.0,11.89,12.08,11.79,11.92,629100.0,0.02999999999999936
12.0,5.0,11.77,11.92,11.75,11.9,686700.0,0.13000000000000078
12.0,4.0,11.79,11.83,11.63,11.79,503100.0,0.0
12.0,3.0,11.76,11.85,11.68,11.8,1095700.0,0.040000000000000924
12.0,2.0,11.49,11.74,11.4,11.69,733100.0,0.1999999999999993
12.0,1.0,11.53,11.65,11.5,11.51,528700.0,-0.019999999999999574
11.0,28.0,11.55,11.72,11.54,11.6,314600.0,0.049999999999998934
11.0,26.0,11.52,11.6,11.47,11.52,570400.0,0.0
11.0,25.0,11.59,11.63,11.48,11.48,474400.0,-0.10999999999999943
11.0,24.0,11.42,11.55,11.42,11.52,326400.0,0.09999999999999964
11.0,21.0,11.48,11.58,11.37,11.41,385600.0,-0.07000000000000028
11.0,20.0,11.4,11.45,11.34,11.36,456000.0,-0.040000000000000924
11.0,19.0,11.43,11.47,11.29,11.41,524300.0,-0.019999999999999574
11.0,18.0,11.55,11.56,11.46,11.47,554100.0,-0.08000000000000007
11.0,17.0,11.55,11.62,11.47,11.49,315900.0,-0.0600000000000005
11.0,14.0,11.6,11.65,11.5,11.54,306900.0,-0.0600000000000005
11.0,13.0,11.65,11.65,11.55,11.57,779800.0,-0.08000000000000007
11.0,12.0,11.38,11.67,11.36,11.61,718800.0,0.22999999999999865
11.0,11.0,11.75,11.75,11.55,11.59,553200.0,-0.16000000000000014
11.0,10.0,11.68,11.77,11.63,11.74,338800.0,0.0600000000000005
11.0,7.0,11.74,11.75,11.6,11.67,400500.0,-0.07000000000000028
11.0,6.0,11.68,11.75,11.59,11.72,472400.0,0.040000000000000924
11.0,5.0,11.83,11.85,11.54,11.64,364400.0,-0.1899999999999995
11.0,4.0,11.85,11.86,11.63,11.74,673800.0,-0.10999999999999943
11.0,3.0,11.88,12.0,11.69,11.76,1471900.0,-0.120000000000001
10.0,31.0,11.83,11.83,11.64,11.64,899900.0,-0.1899999999999995
10.0,30.0,11.63,11.7,11.57,11.64,662600.0,0.009999999999999787
10.0,29.0,11.73,11.75,11.59,11.63,345500.0,-0.09999999999999964
10.0,28.0,11.63,11.74,11.56,11.7,450900.0,0.06999999999999851
10.0,27.0,11.55,11.61,11.43,11.6,333700.0,0.049999999999998934
10.0,24.0,11.62,11.62,11.43,11.55,273700.0,-0.06999999999999851
10.0,23.0,11.59,11.68,11.42,11.58,603800.0,-0.009999999999999787
10.0,22.0,11.54,11.59,11.37,11.46,591900.0,-0.0799999999999983
10.0,21.0,11.26,11.48,11.22,11.47,525700.0,0.21000000000000085
10.0,20.0,10.92,11.23,10.92,11.23,374500.0,0.3100000000000005
10.0,17.0,11.04,11.04,10.87,10.94,470600.0,-0.09999999999999964
10.0,16.0,10.67,11.06,10.67,10.93,908100.0,0.2599999999999998
10.0,15.0,10.55,10.78,10.51,10.77,934300.0,0.21999999999999886
10.0,14.0,10.76,10.94,10.64,10.71,927300.0,-0.049999999999998934
10.0,13.0,10.83,10.91,10.65,10.65,582000.0,-0.17999999999999972
10.0,10.0,10.94,11.1,10.76,10.82,893200.0,-0.11999999999999922
10.0,9.0,11.19,11.29,10.93,10.94,768700.0,-0.25
10.0,8.0,10.77,11.29,10.77,11.24,1431900.0,0.47000000000000064
10.0,7.0,10.9,11.07,10.8,10.8,659700.0,-0.09999999999999964
10.0,6.0,10.98,11.07,10.93,10.97,992600.0,-0.009999999999999787
10.0,3.0,10.93,11.07,10.79,10.99,793200.0,0.0600000000000005
10.0,2.0,10.68,10.82,10.56,10.8,394800.0,0.120000000000001
10.0,1.0,10.76,10.79,10.65,10.71,742700.0,-0.049999999999998934
9.0,30.0,10.91,10.99,10.78,10.78,384200.0,-0.13000000000000078
9.0,29.0,10.86,10.97,10.79,10.95,249800.0,0.08999999999999986
9.0,26.0,10.73,10.94,10.73,10.93,299900.0,0.1999999999999993
9.0,25.0,10.8,10.85,10.69,10.73,351900.0,-0.07000000000000028
9.0,24.0,10.88,10.9,10.79,10.79,507600.0,-0.09000000000000163
9.0,23.0,10.9,10.94,10.81,10.83,527900.0,-0.07000000000000028
9.0,22.0,10.98,11.02,10.92,10.95,364500.0,-0.030000000000001137
9.0,19.0,10.98,11.13,10.87,11.03,993400.0,0.049999999999998934
9.0,18.0,10.86,11.02,10.83,10.93,604700.0,0.07000000000000028
9.0,17.0,10.79,10.84,10.7,10.78,372200.0,-0.009999999999999787
9.0,16.0,10.47,10.78,10.4,10.76,789700.0,0.28999999999999915
9.0,15.0,10.35,10.46,10.27,10.45,748500.0,0.09999999999999964
9.0,12.0,10.67,10.67,10.24,10.31,512900.0,-0.35999999999999943
9.0,11.0,10.48,10.62,10.47,10.62,464600.0,0.1399999999999988
9.0,10.0,10.55,10.61,10.39,10.51,416000.0,-0.040000000000000924
9.0,9.0,10.73,10.73,10.55,10.57,275600.0,-0.16000000000000014
9.0,8.0,10.82,10.88,10.71,10.75,224000.0,-0.07000000000000028
9.0,5.0,10.76,10.9,10.76,10.84,192600.0,0.08000000000000007
9.0,4.0,10.85,10.93,10.76,10.8,354000.0,-0.049999999999998934
9.0,3.0,10.91,10.99,10.84,10.86,237700.0,-0.05000000000000071
9.0,2.0,11.01,11.01,10.78,10.9,448400.0,-0.10999999999999943
8.0,29.0,10.99,11.07,10.92,10.95,223300.0,-0.040000000000000924
8.0,28.0,10.99,11.04,10.92,10.97,288900.0,-0.019999999999999574
8.0,27.0,11.03,11.09,10.97,11.0,257000.0,-0.02999999999999936
8.0,26.0,10.95,11.09,10.91,11.05,455000.0,0.10000000000000142
8.0,25.0,11.05,11.05,10.87,10.97,168500.0,-0.08000000000000007
8.0,22.0,11.04,11.07,10.96,10.97,175000.0,-0.06999999999999851
8.0,21.0,11.07,11.09,10.96,11.07,339300.0,0.0
8.0,20.0,11.0,11.04,10.89,10.99,170000.0,-0.009999999999999787
8.0,19.0,10.99,11.06,10.97,11.02,351500.0,0.02999999999999936
8.0,18.0,10.97,11.02,10.88,11.0,451800.0,0.02999999999999936
8.0,15.0,10.98,10.98,10.77,10.86,469800.0,-0.120000000000001
8.0,14.0,10.73,10.89,10.73,10.88,561600.0,0.15000000000000036
8.0,13.0,10.57,10.77,10.54,10.73,504400.0,0.16000000000000014
8.0,12.0,10.71,10.79,10.61,10.68,218200.0,-0.030000000000001137
8.0,11.0,10.85,10.89,10.75,10.77,319400.0,-0.08000000000000007
8.0,8.0,10.72,10.83,10.68,10.82,359000.0,0.09999999999999964
8.0,7.0,10.7,10.8,10.62,10.72,651900.0,0.02000000000000135
8.0,6.0,10.31,10.5,10.29,10.48,320200.0,0.16999999999999993
8.0,5.0,10.48,10.55,10.26,10.35,271100.0,-0.13000000000000078
8.0,4.0,10.32,10.55,10.27,10.54,367500.0,0.21999999999999886
8.0,1.0,10.28,10.33,10.17,10.31,520300.0,0.030000000000001137
7.0,31.0,10.2,10.3,10.2,10.27,569700.0,0.07000000000000028
7.0,30.0,10.44,10.45,10.25,10.31,403100.0,-0.129999999999999
7.0,29.0,10.39,10.46,10.36,10.37,354200.0,-0.02000000000000135
7.0,28.0,10.42,10.44,10.34,10.37,170400.0,-0.05000000000000071
7.0,25.0,10.43,10.51,10.36,10.37,359500.0,-0.0600000000000005
7.0,24.0,10.64,10.72,10.47,10.49,344200.0,-0.15000000000000036
7.0,23.0,10.79,10.79,10.65,10.65,217400.0,-0.1399999999999988
7.0,22.0,10.7,10.77,10.67,10.71,200400.0,0.010000000000001563
7.0,21.0,10.65,10.75,10.61,10.68,229700.0,0.02999999999999936
7.0,18.0,10.48,10.74,10.47,10.68,322100.0,0.1999999999999993
7.0,17.0,10.61,10.67,10.49,10.52,223100.0,-0.08999999999999986
7.0,16.0,10.61,10.75,10.55,10.67,308900.0,0.0600000000000005
7.0,15.0,10.7,10.71,10.51,10.61,233800.0,-0.08999999999999986
7.0,14.0,10.64,10.72,10.61,10.71,224400.0,0.07000000000000028
7.0,11.0,10.64,10.64,10.5,10.61,178000.0,-0.030000000000001137
7.0,10.0,10.57,10.71,10.56,10.64,221100.0,0.07000000000000028
7.0,9.0,10.69,10.71,10.61,10.67,183900.0,-0.019999999999999574
7.0,8.0,10.55,10.71,10.47,10.65,761100.0,0.09999999999999964
7.0,7.0,10.66,10.69,10.53,10.55,257000.0,-0.10999999999999943
7.0,3.0,10.63,10.68,10.58,10.66,180900.0,0.02999999999999936
7.0,2.0,10.66,10.71,10.57,10.62,301800.0,-0.040000000000000924
7.0,1.0,10.67,10.74,10.66,10.69,410600.0,0.019999999999999574
6.0,30.0,10.58,10.62,10.5,10.6,462800.0,0.019999999999999574
6.0,27.0,10.49,10.7,10.49,10.6,792800.0,0.10999999999999943
6.0,26.0,10.51,10.59,10.48,10.56,395300.0,0.05000000000000071
6.0,25.0,10.45,10.57,10.45,10.53,319100.0,0.08000000000000007
6.0,24.0,10.55,10.75,10.54,10.57,406500.0,0.019999999999999574
6.0,23.0,10.5,10.6,10.46,10.57,747500.0,0.07000000000000028
6.0,20.0,10.53,10.6,10.38,10.51,517800.0,-0.019999999999999574
6.0,19.0,10.55,10.66,10.47,10.55,409500.0,0.0
6.0,18.0,10.41,10.5,10.34,10.49,326300.0,0.08000000000000007
6.0,17.0,10.35,10.47,10.27,10.41,630000.0,0.0600000000000005
6.0,16.0,10.32,10.41,10.25,10.34,295700.0,0.019999999999999574
6.0,13.0,10.36,10.39,10.25,10.37,271200.0,0.009999999999999787
6.0,12.0,10.29,10.32,10.16,10.32,468200.0,0.030000000000001137
6.0,11.0,10.32,10.35,10.14,10.26,462500.0,-0.0600000000000005
6.0,10.0,10.31,10.38,10.22,10.33,1110900.0,0.019999999999999574
6.0,9.0,10.54,10.59,10.34,10.35,599500.0,-0.1899999999999995
6.0,6.0,10.5,10.65,10.4,10.61,724500.0,0.10999999999999943
6.0,5.0,10.19,10.51,10.14,10.49,582500.0,0.3000000000000007
6.0,4.0,10.1,10.21,10.01,10.16,447700.0,0.0600000000000005
6.0,3.0,10.09,10.18,10.02,10.13,722600.0,0.040000000000000924
6.0,2.0,10.08,10.14,9.97,10.14,624300.0,0.0600000000000005
5.0,30.0,9.89,10.09,9.73,10.04,1243900.0,0.14999999999999858
5.0,29.0,9.87,9.94,9.81,9.87,358100.0,0.0
5.0,28.0,9.96,9.96,9.61,9.82,647800.0,-0.14000000000000057
5.0,27.0,9.66,10.0,9.66,9.97,659900.0,0.3100000000000005
5.0,23.0,9.56,9.67,9.53,9.65,607700.0,0.08999999999999986
5.0,22.0,9.38,9.59,9.35,9.53,362400.0,0.14999999999999858
5.0,21.0,9.44,9.47,9.36,9.39,357400.0,-0.049999999999998934
5.0,20.0,9.5,9.52,9.4,9.43,399800.0,-0.07000000000000028
5.0,19.0,9.42,9.57,9.4,9.56,512600.0,0.14000000000000057
5.0,16.0,9.28,9.43,9.28,9.43,377400.0,0.15000000000000036
5.0,15.0,9.44,9.46,9.27,9.3,456400.0,-0.1399999999999988
5.0,14.0,9.53,9.54,9.38,9.5,552800.0,-0.02999999999999936
5.0,13.0,9.48,9.57,9.42,9.45,756700.0,-0.030000000000001137
5.0,12.0,9.19,9.49,9.18,9.48,619900.0,0.2900000000000009
5.0,9.0,9.06,9.24,9.05,9.24,793900.0,0.17999999999999972
5.0,8.0,9.14,9.18,9.07,9.11,419300.0,-0.030000000000001137
5.0,7.0,9.12,9.18,9.08,9.13,437900.0,0.010000000000001563
5.0,6.0,9.08,9.19,9.05,9.12,594000.0,0.03999999999999915
5.0,5.0,9.08,9.15,9.0,9.12,477700.0,0.03999999999999915
5.0,2.0,9.15,9.19,9.07,9.14,625000.0,-0.009999999999999787
5.0,1.0,9.06,9.11,8.99,9.1,804200.0,0.03999999999999915
4.0,30.0,9.02,9.1,8.98,9.06,408300.0,0.040000000000000924
4.0,29.0,9.08,9.1,8.99,9.01,437300.0,-0.07000000000000028
4.0,28.0,9.03,9.08,8.92,9.04,429400.0,0.009999999999999787
4.0,25.0,9.09,9.1,8.99,9.01,340300.0,-0.08000000000000007
4.0,24.0,9.22,9.25,9.1,9.12,351000.0,-0.10000000000000142
4.0,23.0,9.22,9.29,9.14,9.19,403600.0,-0.030000000000001137
4.0,22.0,9.21,9.3,9.17,9.25,516100.0,0.03999999999999915
4.0,21.0,9.16,9.21,9.13,9.19,246800.0,0.02999999999999936
4.0,17.0,9.04,9.14,9.04,9.12,584100.0,0.08000000000000007
4.0,16.0,9.06,9.09,9.03,9.07,721900.0,0.009999999999999787
4.0,15.0,9.11,9.14,8.98,9.02,670200.0,-0.08999999999999986
4.0,14.0,9.23,9.23,9.05,9.07,715700.0,-0.16000000000000014
4.0,11.0,9.13,9.22,9.08,9.16,416100.0,0.02999999999999936
4.0,10.0,9.29,9.34,9.11,9.17,382500.0,-0.11999999999999922
4.0,9.0,9.27,9.32,9.23,9.27,329700.0,0.0
4.0,8.0,9.25,9.31,9.19,9.27,544200.0,0.019999999999999574
4.0,7.0,9.31,9.32,9.17,9.23,956100.0,-0.08000000000000007
4.0,4.0,9.52,9.6,9.35,9.36,578900.0,-0.16000000000000014
4.0,3.0,9.44,9.52,9.39,9.45,579200.0,0.009999999999999787
4.0,2.0,9.5,9.51,9.41,9.47,342600.0,-0.02999999999999936
4.0,1.0,9.29,9.49,9.25,9.47,462900.0,0.1800000000000015
3.0,31.0,9.13,9.32,9.07,9.28,455600.0,0.14999999999999858
3.0,28.0,9.14,9.25,9.06,9.11,269900.0,-0.030000000000001137
3.0,27.0,9.11,9.19,9.08,9.16,523000.0,0.05000000000000071
3.0,26.0,9.14,9.2,9.02,9.13,642400.0,-0.009999999999999787
3.0,25.0,9.12,9.22,9.03,9.08,511100.0,-0.03999999999999915
3.0,24.0,9.38,9.38,9.1,9.1,451000.0,-0.28000000000000114
3.0,21.0,9.07,9.41,9.07,9.38,1222300.0,0.3100000000000005
3.0,20.0,9.05,9.1,8.92,9.06,521700.0,0.009999999999999787
3.0,19.0,9.1,9.1,8.97,9.05,736500.0,-0.049999999999998934
3.0,18.0,9.05,9.11,8.92,9.08,782900.0,0.02999999999999936
3.0,17.0,9.29,9.3,9.02,9.08,442800.0,-0.20999999999999908
3.0,14.0,9.1,9.25,9.1,9.18,304000.0,0.08000000000000007
3.0,13.0,9.24,9.27,9.06,9.1,396400.0,-0.14000000000000057
3.0,12.0,9.19,9.27,9.11,9.23,337000.0,0.040000000000000924
3.0,11.0,9.27,9.37,9.2,9.22,317400.0,-0.049999999999998934
3.0,10.0,9.28,9.33,9.17,9.28,294900.0,0.0
3.0,7.0,9.4,9.45,9.18,9.28,449800.0,-0.120000000000001
3.0,6.0,9.38,9.41,9.3,9.39,206600.0,0.009999999999999787
3.0,5.0,9.43,9.45,9.31,9.37,412300.0,-0.0600000000000005
3.0,4.0,9.3,9.54,9.29,9.48,740500.0,0.17999999999999972
3.0,3.0,9.21,9.27,9.0,9.27,479600.0,0.05999999999999872
2.0,28.0,9.11,9.29,9.04,9.24,728600.0,0.13000000000000078
2.0,27.0,9.21,9.24,9.05,9.11,361100.0,-0.10000000000000142
2.0,26.0,9.18,9.3,9.17,9.26,383000.0,0.08000000000000007
2.0,25.0,9.2,9.27,9.14,9.19,379000.0,-0.009999999999999787
2.0,24.0,9.18,9.25,9.1,9.22,707000.0,0.040000000000000924
2.0,21.0,9.23,9.23,9.08,9.13,541100.0,-0.09999999999999964
2.0,20.0,9.13,9.22,9.06,9.2,457800.0,0.06999999999999851
2.0,19.0,9.06,9.23,9.06,9.13,379700.0,0.07000000000000028
2.0,18.0,9.13,9.16,9.06,9.11,417100.0,-0.02000000000000135
2.0,14.0,9.09,9.18,8.99,9.13,410200.0,0.040000000000000924
2.0,13.0,8.98,9.14,8.92,9.09,363000.0,0.10999999999999943
2.0,12.0,8.87,9.03,8.76,9.03,413700.0,0.16000000000000014
2.0,11.0,9.02,9.18,8.96,9.03,711000.0,0.009999999999999787
2.0,10.0,8.87,9.0,8.82,8.99,475400.0,0.120000000000001
2.0,7.0,8.88,8.9,8.71,8.89,413100.0,0.009999999999999787
2.0,6.0,8.68,8.84,8.68,8.84,607700.0,0.16000000000000014
2.0,5.0,8.87,8.88,8.63,8.68,625800.0,-0.1899999999999995
2.0,4.0,8.92,9.0,8.86,8.92,679300.0,0.0
2.0,3.0,8.92,9.01,8.79,8.86,1050100.0,-0.0600000000000005
1.0,31.0,8.77,8.93,8.76,8.91,804500.0,0.14000000000000057
1.0,30.0,8.92,8.99,8.85,8.94,1006300.0,0.019999999999999574
1.0,29.0,8.85,8.99,8.77,8.89,1501800.0,0.040000000000000924
1.0,28.0,8.74,8.96,8.69,8.95,1455100.0,0.20999999999999908
1.0,27.0,8.76,8.8,8.5,8.71,1613100.0,-0.049999999999998934
1.0,24.0,8.84,8.84,8.63,8.73,979100.0,-0.10999999999999943
1.0,23.0,8.85,8.91,8.8,8.85,302300.0,0.0
1.0,22.0,8.9,8.92,8.86,8.87,443000.0,-0.030000000000001137
1.0,21.0,8.95,8.99,8.84,8.9,698700.0,-0.049999999999998934
1.0,17.0,8.95,9.0,8.91,8.92,344600.0,-0.02999999999999936
1.0,16.0,9.0,9.02,8.88,8.95,505900.0,-0.05000000000000071
1.0,15.0,8.95,9.06,8.95,8.99,721200.0,0.040000000000000924
1.0,14.0,8.88,9.1,8.85,8.95,656400.0,0.06999999999999851
1.0,13.0,8.93,8.96,8.78,8.87,636900.0,-0.0600000000000005
1.0,10.0,9.04,9.04,8.89,8.98,242200.0,-0.05999999999999872
1.0,9.0,8.95,9.02,8.91,9.02,551700.0,0.07000000000000028
1.0,8.0,8.94,8.96,8.85,8.94,492900.0,0.0
1.0,7.0,8.94,9.0,8.9,8.97,490000.0,0.030000000000001137
1.0,6.0,8.88,8.92,8.81,8.91,441700.0,0.02999999999999936
1.0,3.0,8.83,8.9,8.79,8.87,623300.0,0.03999999999999915
1.0,2.0,9.0,9.03,8.79,8.84,727400.0,-0.16000000000000014
12.0,31.0,9.09,9.09,9.0,9.0,295200.0,-0.08999999999999986
12.0,30.0,9.0,9.1,8.95,9.05,377900.0,0.05000000000000071
12.0,27.0,8.99,9.01,8.86,9.0,416400.0,0.009999999999999787
12.0,26.0,9.01,9.01,8.9,8.95,226800.0,-0.0600000000000005
12.0,24.0,8.96,9.0,8.9,8.96,205700.0,0.0
12.0,23.0,8.99,9.02,8.9,8.98,340400.0,-0.009999999999999787
12.0,20.0,8.75,8.98,8.72,8.98,1213200.0,0.23000000000000043
12.0,19.0,8.69,8.8,8.64,8.8,540700.0,0.11000000000000121
12.0,18.0,8.68,8.7,8.54,8.7,458500.0,0.019999999999999574
12.0,17.0,8.72,8.72,8.63,8.65,262000.0,-0.07000000000000028
12.0,16.0,8.6,8.75,8.58,8.69,276400.0,0.08999999999999986
12.0,13.0,8.64,8.75,8.6,8.6,589600.0,-0.040000000000000924
12.0,12.0,8.69,8.7,8.64,8.64,369800.0,-0.049999999999998934
12.0,11.0,8.8,8.84,8.6,8.68,477700.0,-0.120000000000001
12.0,10.0,8.82,8.93,8.75,8.75,356600.0,-0.07000000000000028
12.0,9.0,8.91,8.91,8.74,8.86,335200.0,-0.05000000000000071
12.0,6.0,8.79,8.91,8.74,8.91,383000.0,0.120000000000001
12.0,5.0,8.64,8.8,8.63,8.71,311600.0,0.07000000000000028
12.0,4.0,8.75,8.78,8.57,8.7,594400.0,-0.05000000000000071
12.0,3.0,8.88,8.89,8.74,8.81,405700.0,-0.07000000000000028
12.0,2.0,9.11,9.11,8.84,8.89,419800.0,-0.21999999999999886
11.0,29.0,9.16,9.16,9.07,9.08,373300.0,-0.08000000000000007
11.0,27.0,8.95,9.09,8.94,9.08,626200.0,0.13000000000000078
11.0,26.0,8.97,9.0,8.86,8.95,1096100.0,-0.02000000000000135
11.0,25.0,8.84,8.86,8.66,8.68,424500.0,-0.16000000000000014
11.0,22.0,8.98,8.98,8.81,8.83,386200.0,-0.15000000000000036
11.0,21.0,8.88,9.01,8.85,8.95,332300.0,0.06999999999999851
11.0,20.0,8.9,9.03,8.83,8.87,388600.0,-0.030000000000001137
11.0,19.0,9.03,9.03,8.78,8.89,576700.0,-0.1399999999999988
11.0,18.0,8.96,9.11,8.86,8.98,450600.0,0.019999999999999574
11.0,15.0,8.83,8.92,8.79,8.92,332300.0,0.08999999999999986
11.0,14.0,8.82,8.95,8.77,8.84,555200.0,0.019999999999999574
11.0,13.0,8.77,8.86,8.7,8.85,526900.0,0.08000000000000007
11.0,12.0,8.7,8.99,8.69,8.99,559900.0,0.2900000000000009
11.0,11.0,8.77,8.81,8.69,8.75,723100.0,-0.019999999999999574
11.0,8.0,8.8,8.88,8.63,8.8,746600.0,0.0
11.0,7.0,9.0,9.0,8.74,8.81,1154500.0,-0.1899999999999995
11.0,6.0,9.18,9.21,8.95,8.99,605800.0,-0.1899999999999995
11.0,5.0,9.32,9.34,9.2,9.23,198500.0,-0.08999999999999986
11.0,4.0,9.22,9.37,9.18,9.34,386400.0,0.11999999999999922
11.0,1.0,9.14,9.27,9.1,9.22,649000.0,0.08000000000000007
10.0,31.0,9.14,9.23,9.1,9.19,513800.0,0.049999999999998934
10.0,30.0,9.25,9.28,9.11,9.16,303100.0,-0.08999999999999986
10.0,29.0,9.33,9.33,9.22,9.25,272700.0,-0.08000000000000007
10.0,28.0,9.28,9.33,9.2,9.33,265400.0,0.05000000000000071
10.0,25.0,9.35,9.41,9.26,9.3,476200.0,-0.049999999999998934
10.0,24.0,9.35,9.35,9.24,9.33,523400.0,-0.019999999999999574
10.0,23.0,9.34,9.42,9.25,9.35,580700.0,0.009999999999999787
10.0,22.0,9.2,9.36,9.16,9.36,594000.0,0.16000000000000014
10.0,21.0,9.1,9.21,9.1,9.2,733000.0,0.09999999999999964
10.0,18.0,9.25,9.26,9.13,9.15,710700.0,-0.09999999999999964
10.0,17.0,9.14,9.2,9.1,9.2,947500.0,0.05999999999999872
10.0,16.0,9.2,9.25,9.14,9.15,250900.0,-0.049999999999998934
10.0,15.0,9.23,9.27,9.13,9.16,495700.0,-0.07000000000000028
10.0,14.0,9.16,9.3,9.16,9.29,314000.0,0.129999999999999
10.0,11.0,9.16,9.3,9.16,9.25,384100.0,0.08999999999999986
10.0,10.0,9.14,9.22,9.1,9.22,417300.0,0.08000000000000007
10.0,9.0,9.14,9.19,9.02,9.05,309100.0,-0.08999999999999986
10.0,8.0,9.15,9.22,9.12,9.14,474300.0,-0.009999999999999787
10.0,7.0,9.03,9.17,9.03,9.13,385200.0,0.10000000000000142
10.0,4.0,9.01,9.12,9.01,9.12,437200.0,0.10999999999999943
10.0,3.0,9.16,9.18,8.99,9.03,1111000.0,-0.13000000000000078
10.0,2.0,9.24,9.25,9.19,9.2,917800.0,-0.040000000000000924
10.0,1.0,9.22,9.36,9.2,9.26,512700.0,0.03999999999999915
9.0,30.0,9.21,9.28,9.15,9.19,1746300.0,-0.02000000000000135
9.0,27.0,9.4,9.52,9.28,9.28,1041700.0,-0.120000000000001
9.0,26.0,9.49,9.55,9.46,9.49,797400.0,0.0
9.0,25.0,9.29,9.5,9.29,9.46,773100.0,0.1700000000000017
9.0,24.0,9.27,9.4,9.2,9.31,617100.0,0.040000000000000924
9.0,23.0,9.2,9.34,9.19,9.29,790900.0,0.08999999999999986
9.0,20.0,9.4,9.4,9.15,9.29,947400.0,-0.11000000000000121
9.0,19.0,9.33,9.37,9.26,9.35,875100.0,0.019999999999999574
9.0,18.0,9.2,9.38,9.12,9.37,1498700.0,0.16999999999999993
9.0,17.0,9.2,9.23,9.17,9.19,1117500.0,-0.009999999999999787
9.0,16.0,9.12,9.24,9.11,9.2,2037100.0,0.08000000000000007
9.0,13.0,9.12,9.18,9.04,9.1,1.08709E7,-0.019999999999999574
9.0,12.0,9.89,9.9,9.73,9.76,148900.0,-0.13000000000000078
9.0,11.0,9.84,9.97,9.81,9.86,262600.0,0.019999999999999574
9.0,10.0,9.72,9.83,9.66,9.83,279400.0,0.10999999999999943
9.0,9.0,9.65,9.67,9.61,9.65,245000.0,0.0
9.0,6.0,9.71,9.73,9.56,9.64,151100.0,-0.07000000000000028
9.0,5.0,9.65,9.67,9.59,9.65,130700.0,0.0
9.0,4.0,9.57,9.69,9.5,9.61,148500.0,0.03999999999999915
9.0,3.0,9.64,9.64,9.43,9.53,209900.0,-0.11000000000000121
8.0,30.0,9.54,9.69,9.49,9.54,276900.0,0.0
8.0,29.0,9.48,9.6,9.48,9.58,135100.0,0.09999999999999964
8.0,28.0,9.48,9.56,9.43,9.49,246000.0,0.009999999999999787
8.0,27.0,9.36,9.6,9.36,9.46,293500.0,0.10000000000000142
8.0,26.0,9.71,9.71,9.43,9.47,217100.0,-0.2400000000000002
8.0,23.0,9.56,9.66,9.52,9.65,145800.0,0.08999999999999986
8.0,22.0,9.46,9.59,9.44,9.56,67600.0,0.09999999999999964
8.0,21.0,9.43,9.52,9.37,9.46,204500.0,0.030000000000001137
8.0,20.0,9.35,9.58,9.35,9.49,219500.0,0.14000000000000057
8.0,19.0,9.39,9.49,9.3,9.35,619000.0,-0.040000000000000924
8.0,16.0,9.33,9.47,9.29,9.43,760800.0,0.09999999999999964
8.0,15.0,9.55,9.55,9.3,9.38,538600.0,-0.16999999999999993
8.0,14.0,9.65,9.71,9.57,9.58,149600.0,-0.07000000000000028
8.0,13.0,9.69,9.74,9.66,9.71,175000.0,0.02000000000000135
8.0,12.0,9.7,9.76,9.66,9.7,150700.0,0.0
8.0,9.0,9.54,9.72,9.48,9.68,221000.0,0.14000000000000057
8.0,8.0,9.66,9.79,9.45,9.57,437800.0,-0.08999999999999986
8.0,7.0,9.7,9.78,9.56,9.58,485100.0,-0.11999999999999922
8.0,6.0,9.71,9.85,9.57,9.59,240100.0,-0.120000000000001
8.0,5.0,9.92,9.92,9.61,9.7,346300.0,-0.22000000000000064
8.0,2.0,10.01,10.08,9.85,9.91,133200.0,-0.09999999999999964
8.0,1.0,10.23,10.27,9.93,9.97,131300.0,-0.2599999999999998
7.0,31.0,10.05,10.19,9.88,10.12,243600.0,0.06999999999999851
7.0,30.0,10.14,10.15,9.96,10.03,115900.0,-0.11000000000000121
7.0,29.0,10.22,10.24,10.0,10.06,174200.0,-0.16000000000000014
7.0,26.0,10.21,10.28,10.12,10.23,230200.0,0.019999999999999574
7.0,25.0,10.16,10.39,10.12,10.32,272000.0,0.16000000000000014
7.0,24.0,10.28,10.3,10.12,10.17,185000.0,-0.10999999999999943
7.0,23.0,10.35,10.38,10.24,10.25,144800.0,-0.09999999999999964
7.0,22.0,10.33,10.33,10.16,10.31,185600.0,-0.019999999999999574
7.0,19.0,10.06,10.32,10.06,10.31,298000.0,0.25
7.0,18.0,10.05,10.17,9.94,10.07,344900.0,0.019999999999999574
7.0,17.0,10.03,10.1,9.97,10.0,206800.0,-0.02999999999999936
7.0,16.0,10.0,10.13,9.99,10.04,348800.0,0.03999999999999915
7.0,15.0,9.99,10.12,9.97,10.02,237600.0,0.02999999999999936
7.0,12.0,10.02,10.13,9.83,10.04,194200.0,0.019999999999999574
7.0,11.0,9.92,10.08,9.89,10.06,325600.0,0.14000000000000057
7.0,10.0,9.78,9.88,9.7,9.86,209900.0,0.08000000000000007
7.0,9.0,9.59,9.79,9.5,9.76,235500.0,0.16999999999999993
7.0,8.0,9.56,9.6,9.45,9.55,158400.0,-0.009999999999999787
7.0,5.0,9.64,9.65,9.26,9.56,197900.0,-0.08000000000000007
7.0,3.0,9.59,9.6,9.46,9.47,180500.0,-0.11999999999999922
7.0,2.0,9.5,9.64,9.43,9.62,223800.0,0.11999999999999922
7.0,1.0,9.44,9.57,9.33,9.53,220700.0,0.08999999999999986
6.0,28.0,9.55,9.59,9.42,9.45,1070500.0,-0.10000000000000142
6.0,27.0,9.48,9.62,9.48,9.6,286600.0,0.11999999999999922
6.0,26.0,9.49,9.59,9.35,9.43,238900.0,-0.0600000000000005
6.0,25.0,9.3,9.48,9.24,9.42,540900.0,0.11999999999999922
6.0,24.0,9.25,9.37,9.12,9.21,455500.0,-0.03999999999999915
6.0,21.0,9.18,9.41,9.08,9.4,554500.0,0.22000000000000064
6.0,20.0,9.41,9.41,9.08,9.13,444200.0,-0.27999999999999936
6.0,19.0,9.65,9.71,9.47,9.49,213100.0,-0.16000000000000014
6.0,18.0,9.59,9.76,9.51,9.62,329700.0,0.02999999999999936
6.0,17.0,9.59,9.71,9.44,9.6,328100.0,0.009999999999999787
6.0,14.0,9.59,9.69,9.42,9.5,431900.0,-0.08999999999999986
6.0,13.0,9.48,9.69,9.39,9.64,305100.0,0.16000000000000014
6.0,12.0,9.39,9.46,9.3,9.38,203100.0,-0.009999999999999787
6.0,11.0,9.4,9.44,9.27,9.37,186200.0,-0.030000000000001137
6.0,10.0,9.42,9.49,9.31,9.47,247400.0,0.05000000000000071
6.0,7.0,9.58,9.58,9.31,9.42,275400.0,-0.16000000000000014
6.0,6.0,9.41,9.53,9.25,9.51,258500.0,0.09999999999999964
6.0,5.0,9.52,9.55,9.37,9.44,255700.0,-0.08000000000000007
6.0,4.0,9.89,9.9,9.49,9.52,245200.0,-0.370000000000001
6.0,3.0,9.85,10.01,9.68,9.84,470900.0,-0.009999999999999787
5.0,31.0,9.93,9.97,9.75,9.87,342400.0,-0.0600000000000005
5.0,30.0,9.95,10.06,9.88,9.99,140900.0,0.040000000000000924
5.0,29.0,10.1,10.23,9.96,9.96,293300.0,-0.1399999999999988
5.0,28.0,10.29,10.4,10.04,10.12,132500.0,-0.16999999999999993
5.0,24.0,10.08,10.23,10.04,10.19,145600.0,0.10999999999999943
5.0,23.0,10.05,10.19,9.97,10.09,197800.0,0.03999999999999915
5.0,22.0,10.33,10.49,10.1,10.16,197200.0,-0.16999999999999993
5.0,21.0,10.38,10.4,10.28,10.35,102700.0,-0.030000000000001137
5.0,20.0,10.29,10.47,10.22,10.35,217300.0,0.0600000000000005
5.0,17.0,10.4,10.46,10.27,10.34,198700.0,-0.0600000000000005
5.0,16.0,10.44,10.45,10.3,10.37,136100.0,-0.07000000000000028
5.0,15.0,10.4,10.46,10.31,10.43,235900.0,0.02999999999999936
5.0,14.0,10.23,10.42,10.23,10.42,333800.0,0.1899999999999995
5.0,13.0,10.3,10.36,10.1,10.28,526300.0,-0.02000000000000135
5.0,10.0,10.42,10.47,10.28,10.31,306500.0,-0.10999999999999943
5.0,9.0,10.35,10.56,10.35,10.39,347600.0,0.040000000000000924
5.0,8.0,10.27,10.44,10.24,10.37,427000.0,0.09999999999999964
5.0,7.0,10.2,10.3,10.06,10.26,304000.0,0.0600000000000005
5.0,6.0,10.31,10.32,10.17,10.22,192700.0,-0.08999999999999986
5.0,3.0,10.05,10.36,10.04,10.34,374000.0,0.28999999999999915
5.0,2.0,9.9,10.0,9.8,9.98,248900.0,0.08000000000000007
5.0,1.0,10.0,10.05,9.84,9.85,368400.0,-0.15000000000000036
4.0,30.0,9.9,10.0,9.85,9.99,264700.0,0.08999999999999986
4.0,29.0,9.98,10.03,9.83,9.85,203500.0,-0.13000000000000078
4.0,26.0,10.14,10.14,9.81,9.94,262500.0,-0.20000000000000107
4.0,25.0,10.03,10.27,9.97,10.12,277700.0,0.08999999999999986
4.0,24.0,10.02,10.07,9.92,10.0,165500.0,-0.019999999999999574
4.0,23.0,9.9,10.09,9.85,10.06,419200.0,0.16000000000000014
4.0,22.0,9.91,9.91,9.7,9.81,472700.0,-0.09999999999999964
4.0,19.0,9.77,9.91,9.67,9.85,286900.0,0.08000000000000007
4.0,18.0,9.9,9.92,9.72,9.77,385600.0,-0.13000000000000078
4.0,17.0,10.13,10.19,9.83,9.91,292000.0,-0.22000000000000064
4.0,16.0,10.03,10.2,10.02,10.17,276300.0,0.14000000000000057
4.0,15.0,10.36,10.39,9.95,10.0,393500.0,-0.35999999999999943
4.0,12.0,10.32,10.44,10.3,10.44,229800.0,0.11999999999999922
4.0,11.0,10.38,10.43,10.32,10.34,272600.0,-0.040000000000000924
4.0,10.0,10.31,10.46,10.28,10.41,351200.0,0.09999999999999964
4.0,9.0,10.19,10.31,10.13,10.26,365200.0,0.07000000000000028
4.0,8.0,10.19,10.21,10.03,10.15,320500.0,-0.03999999999999915
4.0,5.0,9.98,10.28,9.98,10.2,188300.0,0.21999999999999886
4.0,4.0,9.95,10.16,9.91,10.14,335500.0,0.19000000000000128
4.0,3.0,10.28,10.32,9.93,9.97,550200.0,-0.3099999999999987
4.0,2.0,10.21,10.52,10.2,10.32,481500.0,0.10999999999999943
4.0,1.0,10.42,10.44,10.05,10.13,309300.0,-0.28999999999999915
3.0,28.0,10.36,10.47,10.21,10.47,489200.0,0.11000000000000121
3.0,27.0,10.08,10.33,10.04,10.32,338200.0,0.2400000000000002
3.0,26.0,10.13,10.14,10.05,10.13,192000.0,0.0
3.0,25.0,10.03,10.1,9.96,10.09,234500.0,0.0600000000000005
3.0,22.0,10.08,10.15,9.94,10.03,343800.0,-0.05000000000000071
3.0,21.0,9.99,10.09,9.85,10.08,376200.0,0.08999999999999986
3.0,20.0,10.14,10.15,9.93,10.01,262400.0,-0.13000000000000078
3.0,19.0,10.16,10.17,9.98,10.13,352100.0,-0.02999999999999936
3.0,18.0,10.24,10.29,10.06,10.11,365700.0,-0.13000000000000078
3.0,15.0,10.0,10.36,9.98,10.31,1498100.0,0.3100000000000005
3.0,14.0,9.74,9.89,9.69,9.88,765900.0,0.14000000000000057
3.0,13.0,9.69,9.83,9.58,9.76,483000.0,0.07000000000000028
3.0,12.0,9.85,9.85,9.56,9.72,841700.0,-0.129999999999999
3.0,11.0,9.82,9.87,9.61,9.7,786000.0,-0.120000000000001
3.0,8.0,9.89,9.99,9.78,9.91,270200.0,0.019999999999999574
3.0,7.0,9.8,9.87,9.71,9.82,210700.0,0.019999999999999574
3.0,6.0,9.83,9.9,9.74,9.83,262900.0,0.0
3.0,5.0,9.94,9.97,9.64,9.76,589000.0,-0.17999999999999972
3.0,4.0,9.8,9.99,9.8,9.87,450700.0,0.06999999999999851
3.0,1.0,9.54,9.8,9.5,9.78,496500.0,0.2400000000000002
2.0,28.0,9.5,9.69,9.44,9.6,1098300.0,0.09999999999999964
2.0,27.0,9.4,9.6,9.36,9.48,760100.0,0.08000000000000007
2.0,26.0,9.26,9.34,9.19,9.27,561100.0,0.009999999999999787
2.0,25.0,9.27,9.49,9.17,9.17,723500.0,-0.09999999999999964
2.0,22.0,9.28,9.34,9.13,9.27,285100.0,-0.009999999999999787
2.0,21.0,9.23,9.25,9.08,9.22,409800.0,-0.009999999999999787
2.0,20.0,9.36,9.38,9.26,9.26,431000.0,-0.09999999999999964
2.0,19.0,9.39,9.43,9.32,9.37,258000.0,-0.02000000000000135
2.0,15.0,9.57,9.57,9.2,9.4,373400.0,-0.16999999999999993
2.0,14.0,9.45,9.62,9.45,9.55,462600.0,0.10000000000000142
2.0,13.0,9.41,9.41,9.3,9.35,195800.0,-0.0600000000000005
2.0,12.0,9.33,9.41,9.32,9.39,259300.0,0.0600000000000005
2.0,11.0,9.33,9.4,9.22,9.33,441900.0,0.0
2.0,8.0,9.31,9.43,9.3,9.41,231800.0,0.09999999999999964
2.0,7.0,9.41,9.41,9.21,9.27,511000.0,-0.14000000000000057
2.0,6.0,9.37,9.49,9.31,9.37,438800.0,0.0
2.0,5.0,9.42,9.45,9.33,9.39,303000.0,-0.02999999999999936
2.0,4.0,9.39,9.5,9.34,9.42,410200.0,0.02999999999999936
2.0,1.0,9.25,9.49,9.19,9.42,1328900.0,0.16999999999999993
1.0,31.0,9.26,9.35,9.15,9.19,2511600.0,-0.07000000000000028
1.0,30.0,9.48,9.5,9.24,9.25,621300.0,-0.23000000000000043
1.0,29.0,9.48,9.57,9.43,9.46,743300.0,-0.019999999999999574
1.0,28.0,9.47,9.52,9.4,9.47,745600.0,0.0
1.0,25.0,9.51,9.51,9.4,9.43,506300.0,-0.08000000000000007
1.0,24.0,9.45,9.52,9.37,9.45,292100.0,0.0
1.0,23.0,9.51,9.53,9.41,9.46,349000.0,-0.049999999999998934
1.0,22.0,9.28,9.5,9.25,9.49,394900.0,0.21000000000000085
1.0,18.0,9.28,9.33,9.19,9.3,365600.0,0.02000000000000135
1.0,17.0,9.16,9.38,9.14,9.27,367300.0,0.10999999999999943
1.0,16.0,9.14,9.18,9.1,9.16,377000.0,0.019999999999999574
1.0,15.0,9.13,9.18,9.1,9.17,556400.0,0.03999999999999915
1.0,14.0,9.14,9.21,9.13,9.14,634300.0,0.0
1.0,11.0,9.13,9.15,9.04,9.12,788800.0,-0.010000000000001563
1.0,10.0,9.08,9.16,9.05,9.1,1791600.0,0.019999999999999574
1.0,9.0,9.22,9.28,9.02,9.02,8206500.0,-0.20000000000000107
1.0,8.0,9.33,9.4,8.98,9.14,758400.0,-0.1899999999999995
1.0,7.0,9.6,9.67,9.5,9.5,198700.0,-0.09999999999999964
1.0,4.0,9.7,9.75,9.63,9.67,229200.0,-0.02999999999999936
1.0,3.0,9.65,9.72,9.6,9.63,165900.0,-0.019999999999999574
1.0,2.0,9.6,9.77,9.54,9.62,342300.0,0.019999999999999574
12.0,31.0,9.32,9.53,9.22,9.5,199900.0,0.17999999999999972
12.0,28.0,9.29,9.44,9.29,9.34,147700.0,0.05000000000000071
12.0,27.0,9.26,9.31,9.15,9.31,99300.0,0.05000000000000071
12.0,26.0,9.34,9.35,9.25,9.28,80600.0,-0.0600000000000005
12.0,24.0,9.26,9.37,9.25,9.32,49200.0,0.0600000000000005
12.0,21.0,9.32,9.33,9.16,9.3,373200.0,-0.019999999999999574
12.0,20.0,9.02,9.32,9.02,9.32,171600.0,0.3000000000000007
12.0,19.0,8.92,9.09,8.87,9.04,141200.0,0.11999999999999922
12.0,18.0,8.78,8.98,8.74,8.93,212300.0,0.15000000000000036
12.0,17.0,8.53,8.77,8.52,8.77,118800.0,0.2400000000000002
12.0,14.0,8.51,8.53,8.41,8.49,200900.0,-0.019999999999999574
12.0,13.0,8.56,8.57,8.45,8.54,125500.0,-0.02000000000000135
12.0,12.0,8.61,8.65,8.52,8.54,200300.0,-0.07000000000000028
12.0,11.0,8.64,8.65,8.57,8.61,159200.0,-0.030000000000001137
12.0,10.0,8.7,8.72,8.6,8.64,97800.0,-0.05999999999999872
12.0,7.0,8.77,8.78,8.63,8.68,93400.0,-0.08999999999999986
12.0,6.0,8.75,8.79,8.7,8.75,157400.0,0.0
12.0,5.0,8.9,8.93,8.78,8.78,176600.0,-0.120000000000001
12.0,4.0,8.83,8.96,8.81,8.89,265600.0,0.0600000000000005
12.0,3.0,8.83,8.87,8.76,8.85,316700.0,0.019999999999999574
11.0,30.0,8.74,8.79,8.67,8.78,434200.0,0.03999999999999915
11.0,29.0,8.8,8.85,8.7,8.7,376200.0,-0.10000000000000142
11.0,28.0,8.76,8.76,8.63,8.72,121400.0,-0.03999999999999915
11.0,27.0,8.8,8.91,8.75,8.78,196500.0,-0.02000000000000135
11.0,26.0,8.77,8.79,8.69,8.79,166100.0,0.019999999999999574
11.0,23.0,8.81,8.89,8.74,8.77,179100.0,-0.040000000000000924
11.0,21.0,8.46,8.83,8.46,8.76,961100.0,0.29999999999999893
11.0,20.0,8.48,8.5,8.34,8.41,142800.0,-0.07000000000000028
11.0,19.0,8.24,8.47,8.24,8.47,180300.0,0.23000000000000043
11.0,16.0,8.07,8.2,8.02,8.19,145600.0,0.11999999999999922
11.0,15.0,8.19,8.23,8.1,8.1,192100.0,-0.08999999999999986
11.0,14.0,8.37,8.37,8.14,8.15,191700.0,-0.21999999999999886
11.0,13.0,8.28,8.38,8.15,8.33,248400.0,0.05000000000000071
11.0,12.0,8.23,8.29,8.2,8.24,92600.0,0.009999999999999787
11.0,9.0,8.09,8.25,8.05,8.2,158600.0,0.10999999999999943
11.0,8.0,8.19,8.34,8.15,8.15,262300.0,-0.03999999999999915
11.0,7.0,8.25,8.28,8.13,8.2,178900.0,-0.05000000000000071
11.0,6.0,8.33,8.41,8.18,8.35,156000.0,0.019999999999999574
11.0,5.0,8.39,8.39,8.28,8.32,135900.0,-0.07000000000000028
11.0,2.0,8.33,8.36,8.23,8.35,185600.0,0.019999999999999574
11.0,1.0,8.3,8.42,8.24,8.29,206800.0,-0.010000000000001563
10.0,31.0,8.2,8.4,8.2,8.26,1125000.0,0.0600000000000005
10.0,26.0,8.27,8.28,8.15,8.22,163300.0,-0.049999999999998934
10.0,25.0,8.25,8.25,8.13,8.24,210700.0,-0.009999999999999787
10.0,24.0,8.16,8.2,8.13,8.2,102300.0,0.03999999999999915
10.0,23.0,8.21,8.23,8.12,8.16,187300.0,-0.05000000000000071
10.0,22.0,8.15,8.25,8.14,8.25,112700.0,0.09999999999999964
10.0,19.0,8.19,8.27,8.11,8.17,401700.0,-0.019999999999999574
10.0,18.0,8.27,8.32,8.2,8.24,246500.0,-0.02999999999999936
10.0,17.0,8.2,8.26,8.15,8.26,704600.0,0.0600000000000005
10.0,16.0,8.2,8.22,8.11,8.2,239200.0,0.0
10.0,15.0,8.15,8.2,8.13,8.17,198100.0,0.019999999999999574
10.0,12.0,8.16,8.2,8.14,8.15,240800.0,-0.009999999999999787
10.0,11.0,8.2,8.2,8.15,8.16,85300.0,-0.03999999999999915
10.0,10.0,8.17,8.23,8.14,8.17,140500.0,0.0
10.0,9.0,8.18,8.23,8.15,8.18,354500.0,0.0
10.0,8.0,8.17,8.21,8.15,8.2,165600.0,0.02999999999999936
10.0,5.0,8.2,8.29,8.15,8.2,196300.0,0.0
10.0,4.0,8.29,8.34,8.16,8.18,242600.0,-0.10999999999999943
10.0,3.0,8.31,8.33,8.2,8.29,216100.0,-0.02000000000000135
10.0,2.0,8.29,8.36,8.27,8.31,225100.0,0.02000000000000135
10.0,1.0,8.56,8.65,8.25,8.27,536200.0,-0.2900000000000009
9.0,28.0,8.45,8.58,8.37,8.54,4290500.0,0.08999999999999986
9.0,27.0,8.05,8.36,7.91,8.24,721800.0,0.1899999999999995
9.0,26.0,8.56,8.67,8.53,8.58,78300.0,0.019999999999999574
9.0,25.0,8.8,8.92,8.51,8.52,105500.0,-0.28000000000000114
9.0,24.0,8.85,8.99,8.79,8.82,180700.0,-0.02999999999999936
9.0,21.0,8.9,8.96,8.86,8.94,146800.0,0.03999999999999915
9.0,20.0,8.66,8.78,8.62,8.77,53400.0,0.10999999999999943
9.0,19.0,8.79,8.79,8.66,8.73,97800.0,-0.05999999999999872
9.0,18.0,8.82,8.84,8.66,8.74,83700.0,-0.08000000000000007
9.0,17.0,8.79,8.91,8.7,8.86,95400.0,0.07000000000000028
9.0,14.0,8.62,8.84,8.62,8.8,172500.0,0.1800000000000015
9.0,13.0,8.59,8.64,8.54,8.56,125500.0,-0.02999999999999936
9.0,12.0,8.64,8.64,8.51,8.55,180300.0,-0.08999999999999986
9.0,11.0,8.65,8.72,8.62,8.62,88800.0,-0.030000000000001137
9.0,10.0,8.69,8.7,8.64,8.65,53700.0,-0.03999999999999915
9.0,7.0,8.7,8.7,8.64,8.67,76200.0,-0.02999999999999936
9.0,6.0,8.66,8.73,8.58,8.68,214500.0,0.019999999999999574
9.0,5.0,8.7,8.7,8.54,8.59,98400.0,-0.10999999999999943
9.0,4.0,8.54,8.7,8.44,8.65,125000.0,0.11000000000000121
8.0,31.0,8.58,8.63,8.36,8.52,612200.0,-0.0600000000000005
8.0,30.0,8.57,8.59,8.47,8.51,60200.0,-0.0600000000000005
8.0,29.0,8.58,8.69,8.55,8.64,66300.0,0.0600000000000005
8.0,28.0,8.54,8.67,8.54,8.57,60300.0,0.030000000000001137
8.0,27.0,8.56,8.62,8.5,8.57,76600.0,0.009999999999999787
8.0,24.0,8.5,8.56,8.45,8.54,40000.0,0.03999999999999915
8.0,23.0,8.61,8.61,8.44,8.53,39900.0,-0.08000000000000007
8.0,22.0,8.66,8.69,8.56,8.61,51900.0,-0.05000000000000071
8.0,21.0,8.74,8.77,8.53,8.69,123600.0,-0.05000000000000071
8.0,20.0,8.61,8.75,8.45,8.69,77800.0,0.08000000000000007
8.0,17.0,8.49,8.67,8.47,8.65,143500.0,0.16000000000000014
8.0,16.0,8.45,8.53,8.37,8.52,150500.0,0.07000000000000028
8.0,15.0,8.44,8.49,8.41,8.45,66600.0,0.009999999999999787
8.0,14.0,8.29,8.55,8.27,8.45,282200.0,0.16000000000000014
8.0,13.0,8.28,8.3,8.18,8.22,58000.0,-0.05999999999999872
8.0,10.0,7.99,8.33,7.99,8.27,193300.0,0.27999999999999936
8.0,9.0,7.99,8.05,7.93,7.94,62100.0,-0.04999999999999982
8.0,8.0,8.13,8.2,8.03,8.08,57200.0,-0.05000000000000071
8.0,7.0,8.33,8.33,8.16,8.19,73900.0,-0.14000000000000057
8.0,6.0,8.3,8.39,8.26,8.27,62000.0,-0.030000000000001137
8.0,3.0,8.13,8.45,8.13,8.32,135000.0,0.1899999999999995
8.0,2.0,8.09,8.2,8.05,8.09,70700.0,0.0
8.0,1.0,8.35,8.36,8.11,8.11,98200.0,-0.2400000000000002
7.0,31.0,8.27,8.42,8.27,8.3,51800.0,0.030000000000001137
7.0,30.0,8.29,8.34,8.21,8.3,52900.0,0.010000000000001563
7.0,27.0,8.17,8.27,8.15,8.26,95000.0,0.08999999999999986
7.0,26.0,7.93,8.14,7.82,8.12,127500.0,0.1899999999999995
7.0,25.0,7.71,7.89,7.65,7.85,64400.0,0.13999999999999968
7.0,24.0,7.79,7.8,7.63,7.64,65300.0,-0.15000000000000036
7.0,23.0,7.82,7.9,7.75,7.75,83500.0,-0.07000000000000028
7.0,20.0,7.87,7.93,7.76,7.93,125800.0,0.05999999999999961
7.0,19.0,8.17,8.24,7.89,7.91,294600.0,-0.2599999999999998
7.0,18.0,8.18,8.24,8.08,8.16,34000.0,-0.019999999999999574
7.0,17.0,7.99,8.25,7.93,8.17,58500.0,0.17999999999999972
7.0,16.0,7.95,8.04,7.95,7.97,43200.0,0.019999999999999574
7.0,13.0,7.97,8.06,7.92,7.98,97700.0,0.010000000000000675
7.0,12.0,7.99,8.02,7.9,7.96,78500.0,-0.03000000000000025
7.0,11.0,8.12,8.12,7.94,8.02,188300.0,-0.09999999999999964
7.0,10.0,8.31,8.38,8.08,8.1,71000.0,-0.21000000000000085
7.0,9.0,8.27,8.4,8.16,8.24,80600.0,-0.02999999999999936
7.0,6.0,8.33,8.55,8.28,8.3,72200.0,-0.02999999999999936
7.0,5.0,8.53,8.65,8.38,8.44,104200.0,-0.08999999999999986
7.0,3.0,8.52,8.66,8.46,8.54,84400.0,0.019999999999999574
7.0,2.0,8.37,8.55,8.29,8.54,103000.0,0.16999999999999993
6.0,29.0,8.21,8.4,8.13,8.37,104100.0,0.15999999999999837
6.0,28.0,8.05,8.14,8.0,8.06,66700.0,0.009999999999999787
6.0,27.0,8.08,8.25,8.04,8.12,145900.0,0.03999999999999915
6.0,26.0,8.01,8.12,7.96,8.08,64000.0,0.07000000000000028
6.0,25.0,8.29,8.34,7.98,7.98,85800.0,-0.3099999999999987
6.0,22.0,8.46,8.47,8.3,8.39,480900.0,-0.07000000000000028
6.0,21.0,8.43,8.51,8.3,8.43,76800.0,0.0
6.0,20.0,8.6,8.6,8.36,8.46,93900.0,-0.1399999999999988
6.0,19.0,8.41,8.63,8.37,8.58,251300.0,0.16999999999999993
6.0,18.0,8.37,8.49,8.33,8.38,150500.0,0.010000000000001563
6.0,15.0,8.48,8.56,8.32,8.4,198400.0,-0.08000000000000007
6.0,14.0,8.39,8.5,8.38,8.5,105600.0,0.10999999999999943
6.0,13.0,8.3,8.5,8.3,8.39,114000.0,0.08999999999999986
6.0,12.0,8.35,8.45,8.21,8.28,96300.0,-0.07000000000000028
6.0,11.0,8.29,8.49,8.16,8.29,128200.0,0.0
6.0,8.0,8.17,8.24,8.12,8.21,121000.0,0.040000000000000924
6.0,7.0,8.11,8.26,8.07,8.17,140100.0,0.0600000000000005
6.0,6.0,7.95,8.05,7.86,8.04,211600.0,0.08999999999999897
6.0,5.0,7.64,7.9,7.62,7.88,128900.0,0.2400000000000002
6.0,4.0,7.78,7.8,7.55,7.63,92900.0,-0.15000000000000036
6.0,1.0,7.85,7.97,7.7,7.73,115800.0,-0.11999999999999922
5.0,31.0,7.99,8.03,7.85,7.97,129800.0,-0.020000000000000462
5.0,30.0,8.07,8.18,7.95,7.95,101100.0,-0.1200000000000001
5.0,29.0,8.07,8.12,8.01,8.05,107700.0,-0.019999999999999574
5.0,25.0,7.64,8.06,7.63,8.03,92100.0,0.3899999999999997
5.0,24.0,7.67,7.71,7.52,7.62,73000.0,-0.04999999999999982
5.0,23.0,7.68,7.76,7.6,7.63,107000.0,-0.04999999999999982
5.0,22.0,7.74,7.85,7.64,7.77,122200.0,0.02999999999999936
5.0,21.0,7.48,7.8,7.43,7.78,158200.0,0.2999999999999998
5.0,18.0,8.05,8.07,7.46,7.49,292600.0,-0.5600000000000005
5.0,17.0,7.89,8.11,7.89,8.02,108400.0,0.1299999999999999
5.0,16.0,8.04,8.27,8.0,8.01,136100.0,-0.02999999999999936
5.0,15.0,7.88,8.06,7.83,7.97,94000.0,0.08999999999999986
5.0,14.0,7.92,7.95,7.83,7.91,89800.0,-0.009999999999999787
5.0,11.0,8.12,8.2,7.9,8.01,117000.0,-0.10999999999999943
5.0,10.0,8.23,8.32,8.16,8.2,69600.0,-0.030000000000001137
5.0,9.0,8.21,8.29,8.14,8.17,82000.0,-0.040000000000000924
5.0,8.0,8.25,8.35,8.2,8.28,85300.0,0.02999999999999936
5.0,7.0,8.36,8.39,8.22,8.32,100000.0,-0.03999999999999915
5.0,4.0,8.35,8.39,8.25,8.35,126200.0,0.0
5.0,3.0,8.37,8.45,8.25,8.38,114000.0,0.010000000000001563
5.0,2.0,8.32,8.45,8.28,8.39,386000.0,0.07000000000000028
5.0,1.0,8.32,8.52,8.32,8.39,101600.0,0.07000000000000028
4.0,30.0,8.24,8.36,8.22,8.36,220000.0,0.11999999999999922
4.0,27.0,8.18,8.3,8.13,8.26,183600.0,0.08000000000000007
4.0,26.0,8.09,8.2,8.07,8.18,155000.0,0.08999999999999986
4.0,25.0,8.14,8.22,8.05,8.14,110700.0,0.0
4.0,24.0,8.0,8.1,8.0,8.08,151400.0,0.08000000000000007
4.0,23.0,7.9,8.11,7.9,8.01,130600.0,0.10999999999999943
4.0,20.0,7.85,8.06,7.79,8.01,127600.0,0.16000000000000014
4.0,19.0,7.6,7.78,7.6,7.76,89900.0,0.16000000000000014
4.0,18.0,7.68,7.73,7.59,7.62,155900.0,-0.05999999999999961
4.0,17.0,7.7,7.79,7.66,7.74,88800.0,0.040000000000000036
4.0,16.0,7.83,7.83,7.64,7.68,93100.0,-0.15000000000000036
4.0,13.0,7.75,7.79,7.6,7.78,122700.0,0.03000000000000025
4.0,12.0,7.75,7.92,7.7,7.79,92500.0,0.040000000000000036
4.0,11.0,7.77,7.83,7.7,7.75,87900.0,-0.019999999999999574
4.0,10.0,8.19,8.21,7.66,7.71,162800.0,-0.47999999999999954
4.0,9.0,7.9,8.13,7.9,7.95,124900.0,0.04999999999999982
4.0,5.0,7.7,8.04,7.7,8.03,181500.0,0.3299999999999992
4.0,4.0,7.95,7.95,7.69,7.7,123200.0,-0.25
4.0,3.0,8.13,8.15,7.98,8.02,104200.0,-0.11000000000000121
4.0,2.0,7.6,8.16,7.6,8.16,181700.0,0.5600000000000005
3.0,30.0,7.81,7.81,7.58,7.58,362800.0,-0.22999999999999954
3.0,29.0,7.8,7.84,7.76,7.79,229600.0,-0.009999999999999787
3.0,28.0,7.79,7.92,7.75,7.85,379600.0,0.05999999999999961
3.0,27.0,7.92,7.92,7.75,7.76,260900.0,-0.16000000000000014
3.0,26.0,7.91,7.96,7.83,7.95,182500.0,0.040000000000000036
3.0,23.0,7.73,7.86,7.6,7.82,275200.0,0.08999999999999986
3.0,22.0,7.85,7.91,7.62,7.7,214500.0,-0.14999999999999947
3.0,21.0,8.05,8.09,7.87,7.9,276800.0,-0.15000000000000036
3.0,20.0,7.9,8.08,7.84,8.0,315800.0,0.09999999999999964
3.0,19.0,7.5,7.95,7.5,7.93,611900.0,0.4299999999999997
3.0,16.0,7.55,7.62,7.4,7.53,2306700.0,-0.019999999999999574
3.0,15.0,7.73,7.73,7.46,7.56,174900.0,-0.17000000000000082
3.0,14.0,8.05,8.05,7.66,7.71,222000.0,-0.34000000000000075
3.0,13.0,8.22,8.25,8.01,8.04,298300.0,-0.1800000000000015
3.0,12.0,8.13,8.17,8.05,8.14,71300.0,0.009999999999999787
3.0,9.0,8.08,8.16,8.08,8.1,95100.0,0.019999999999999574
3.0,8.0,8.21,8.24,8.03,8.12,371600.0,-0.09000000000000163
3.0,7.0,8.16,8.16,8.02,8.16,136100.0,0.0
3.0,6.0,8.27,8.3,8.1,8.11,322200.0,-0.16000000000000014
3.0,5.0,8.68,8.68,8.21,8.33,755500.0,-0.34999999999999964
3.0,2.0,8.91,9.05,8.78,8.78,568700.0,-0.13000000000000078
3.0,1.0,8.95,9.27,8.91,8.94,381900.0,-0.009999999999999787
2.0,29.0,9.9,9.9,9.21,9.21,591700.0,-0.6899999999999995
2.0,28.0,10.0,10.05,9.92,10.01,72400.0,0.009999999999999787
2.0,27.0,9.91,10.03,9.83,10.0,38100.0,0.08999999999999986
2.0,24.0,10.11,10.16,9.94,9.96,74000.0,-0.14999999999999858
2.0,23.0,9.88,10.09,9.83,10.09,52300.0,0.20999999999999908
2.0,22.0,9.89,9.96,9.84,9.87,118400.0,-0.02000000000000135
2.0,21.0,10.0,10.04,9.87,9.87,71500.0,-0.13000000000000078
2.0,17.0,10.05,10.05,9.97,10.01,141700.0,-0.040000000000000924
2.0,16.0,9.96,10.15,9.93,10.03,198200.0,0.06999999999999851
2.0,15.0,9.86,10.01,9.81,9.94,33800.0,0.08000000000000007
2.0,14.0,9.99,10.08,9.75,9.94,112900.0,-0.05000000000000071
2.0,13.0,10.0,10.05,9.94,10.04,59600.0,0.03999999999999915
2.0,10.0,9.9,9.97,9.87,9.92,245000.0,0.019999999999999574
2.0,9.0,9.91,10.03,9.91,10.0,66000.0,0.08999999999999986
2.0,8.0,9.92,9.97,9.79,9.92,96700.0,0.0
2.0,7.0,9.96,10.0,9.9,9.95,96800.0,-0.010000000000001563
2.0,6.0,9.99,10.04,9.9,9.95,81300.0,-0.040000000000000924
2.0,3.0,9.97,10.14,9.96,10.0,266200.0,0.02999999999999936
2.0,2.0,9.76,9.97,9.65,9.89,143400.0,0.13000000000000078
2.0,1.0,9.37,9.82,9.33,9.77,181200.0,0.40000000000000036
1.0,31.0,9.47,9.48,9.29,9.35,121400.0,-0.120000000000001
1.0,30.0,9.44,9.46,9.3,9.39,124300.0,-0.049999999999998934
1.0,27.0,9.3,9.56,9.3,9.53,315800.0,0.22999999999999865
1.0,26.0,9.5,9.5,9.27,9.38,69500.0,-0.11999999999999922
1.0,25.0,9.39,9.49,9.37,9.43,77200.0,0.03999999999999915
1.0,24.0,9.28,9.45,9.22,9.38,77800.0,0.10000000000000142
1.0,23.0,9.48,9.54,9.3,9.37,62100.0,-0.11000000000000121
1.0,20.0,9.29,9.48,9.23,9.47,90500.0,0.1800000000000015
1.0,19.0,9.23,9.4,9.18,9.31,68100.0,0.08000000000000007
1.0,18.0,8.99,9.17,8.85,9.16,55700.0,0.16999999999999993
1.0,17.0,8.91,9.05,8.7,8.96,92600.0,0.05000000000000071
1.0,13.0,9.04,9.11,8.8,8.81,99100.0,-0.22999999999999865
1.0,12.0,9.26,9.31,9.1,9.14,68000.0,-0.11999999999999922
1.0,11.0,9.1,9.33,9.1,9.26,48400.0,0.16000000000000014
1.0,10.0,9.32,9.32,9.14,9.14,64100.0,-0.17999999999999972
1.0,9.0,9.27,9.31,9.21,9.26,54800.0,-0.009999999999999787
1.0,6.0,9.37,9.39,9.21,9.24,73900.0,-0.129999999999999
1.0,5.0,9.48,9.52,9.24,9.37,70100.0,-0.11000000000000121
1.0,4.0,9.66,9.7,9.45,9.51,39200.0,-0.15000000000000036
1.0,3.0,9.67,9.81,9.47,9.69,88400.0,0.019999999999999574
12.0,30.0,9.38,9.54,9.34,9.44,70800.0,0.05999999999999872
12.0,29.0,9.31,9.52,9.28,9.43,68500.0,0.11999999999999922
12.0,28.0,9.51,9.56,9.28,9.3,65100.0,-0.20999999999999908
12.0,27.0,9.4,9.5,9.4,9.5,64000.0,0.09999999999999964
12.0,23.0,9.44,9.46,9.28,9.44,47700.0,0.0
12.0,22.0,9.45,9.53,9.26,9.39,193000.0,-0.05999999999999872
12.0,21.0,9.51,9.54,9.29,9.45,343300.0,-0.0600000000000005
12.0,20.0,9.6,9.62,9.45,9.59,258700.0,-0.009999999999999787
12.0,19.0,9.42,9.52,9.25,9.45,230000.0,0.02999999999999936
12.0,16.0,9.38,9.4,8.92,9.4,432400.0,0.019999999999999574
12.0,15.0,9.25,9.28,9.04,9.25,115200.0,0.0
12.0,14.0,8.91,9.2,8.91,9.18,128000.0,0.2699999999999996
12.0,13.0,9.18,9.28,8.97,8.99,124700.0,-0.1899999999999995
12.0,12.0,9.13,9.16,8.91,9.09,91100.0,-0.040000000000000924
12.0,9.0,8.74,9.29,8.74,9.25,112900.0,0.5099999999999998
12.0,8.0,9.16,9.17,8.73,8.74,198300.0,-0.41999999999999993
12.0,7.0,9.32,9.35,9.01,9.25,153000.0,-0.07000000000000028
12.0,6.0,9.53,9.77,9.51,9.69,123200.0,0.16000000000000014
12.0,5.0,9.55,9.7,9.47,9.56,194600.0,0.009999999999999787
12.0,2.0,9.04,9.54,8.93,9.46,207800.0,0.4200000000000017
12.0,1.0,8.29,9.25,8.11,8.92,265200.0,0.6300000000000008
11.0,30.0,8.29,8.52,8.23,8.42,2250700.0,0.13000000000000078
11.0,29.0,8.1,8.13,7.89,8.09,560400.0,-0.009999999999999787
11.0,28.0,8.02,8.06,7.97,8.06,266600.0,0.040000000000000924
11.0,25.0,7.81,8.05,7.81,7.87,61300.0,0.0600000000000005
11.0,23.0,7.83,7.92,7.69,7.83,129400.0,0.0
11.0,22.0,7.95,8.0,7.8,7.91,203200.0,-0.040000000000000036
11.0,21.0,8.33,8.35,7.81,7.98,259100.0,-0.34999999999999964
11.0,18.0,8.25,8.52,8.2,8.45,246100.0,0.1999999999999993
11.0,17.0,8.36,8.46,8.15,8.25,277400.0,-0.10999999999999943
11.0,16.0,8.07,8.83,8.07,8.38,710600.0,0.3100000000000005
11.0,15.0,7.86,8.14,7.86,8.04,161900.0,0.17999999999999883
11.0,14.0,8.04,8.08,7.85,7.91,119200.0,-0.129999999999999
11.0,11.0,8.13,8.15,7.91,8.1,234200.0,-0.030000000000001137
11.0,10.0,7.9,7.92,7.57,7.91,115500.0,0.009999999999999787
11.0,9.0,8.16,8.36,7.74,7.75,192200.0,-0.41000000000000014
11.0,8.0,8.25,8.36,8.08,8.34,68900.0,0.08999999999999986
11.0,7.0,8.06,8.25,7.83,8.1,50400.0,0.03999999999999915
11.0,4.0,8.1,8.2,8.0,8.14,41800.0,0.040000000000000924
11.0,3.0,7.85,8.17,7.65,8.15,157400.0,0.3000000000000007
11.0,2.0,7.79,7.9,7.52,7.76,207700.0,-0.03000000000000025
11.0,1.0,7.82,7.99,7.62,7.66,103500.0,-0.16000000000000014
10.0,31.0,8.16,8.16,8.01,8.07,107600.0,-0.08999999999999986
10.0,28.0,8.55,8.64,8.26,8.28,93700.0,-0.27000000000000135
10.0,27.0,8.36,8.8,8.33,8.6,184200.0,0.2400000000000002
10.0,26.0,8.02,8.26,7.9,8.12,100600.0,0.09999999999999964
10.0,25.0,8.43,8.43,7.83,7.9,78200.0,-0.5299999999999994
10.0,24.0,8.11,8.46,7.97,8.44,71800.0,0.33000000000000007
10.0,21.0,7.73,8.3,7.73,8.14,165400.0,0.41000000000000014
10.0,20.0,7.77,7.79,7.46,7.58,115800.0,-0.1899999999999995
10.0,19.0,8.14,8.24,7.71,7.73,128500.0,-0.41000000000000014
10.0,18.0,7.97,8.2,7.55,8.12,169600.0,0.14999999999999947
10.0,17.0,7.97,8.12,7.85,7.92,185800.0,-0.04999999999999982
10.0,14.0,8.09,8.2,7.79,8.05,278800.0,-0.03999999999999915
10.0,13.0,7.72,8.34,7.71,8.12,92200.0,0.39999999999999947
10.0,12.0,7.32,7.89,7.3,7.71,134000.0,0.3899999999999997
10.0,11.0,7.06,7.48,7.06,7.28,148600.0,0.22000000000000064
10.0,10.0,6.99,7.11,6.86,7.08,127800.0,0.08999999999999986
10.0,7.0,6.89,7.06,6.83,6.86,169500.0,-0.02999999999999936
10.0,6.0,6.79,7.04,6.68,6.84,154000.0,0.04999999999999982
10.0,5.0,6.83,7.05,6.77,6.82,125400.0,-0.009999999999999787
10.0,4.0,6.69,6.9,6.16,6.8,342900.0,0.10999999999999943
10.0,3.0,7.0,7.09,6.71,6.76,180600.0,-0.2400000000000002
9.0,30.0,7.24,7.32,7.06,7.06,136700.0,-0.1800000000000006
9.0,29.0,7.52,7.52,7.22,7.31,81100.0,-0.20999999999999996
9.0,28.0,7.75,7.8,7.36,7.36,157500.0,-0.3899999999999997
9.0,27.0,8.0,8.12,7.75,7.75,110600.0,-0.25
9.0,26.0,7.72,7.96,7.5,7.85,82600.0,0.1299999999999999
9.0,23.0,7.89,7.89,7.55,7.63,212400.0,-0.2599999999999998
9.0,22.0,7.69,7.97,7.5,7.91,143300.0,0.21999999999999975
9.0,21.0,8.73,8.73,7.86,7.86,262000.0,-0.8700000000000001
9.0,20.0,9.02,9.1,8.65,8.73,137700.0,-0.28999999999999915
9.0,19.0,8.94,9.0,8.72,8.98,147500.0,0.040000000000000924
9.0,16.0,8.84,9.01,8.54,8.97,437100.0,0.13000000000000078
9.0,15.0,9.05,9.06,8.47,8.7,161400.0,-0.3500000000000014
9.0,14.0,8.66,9.34,8.66,8.9,211400.0,0.2400000000000002
9.0,13.0,8.52,8.67,8.43,8.57,157600.0,0.05000000000000071
9.0,12.0,8.01,8.53,8.01,8.48,104600.0,0.47000000000000064
9.0,9.0,8.0,8.41,7.94,8.11,181600.0,0.10999999999999943
9.0,8.0,8.44,8.77,8.05,8.06,149800.0,-0.379999999999999
9.0,7.0,7.7,8.55,7.54,8.53,224700.0,0.8299999999999992
9.0,6.0,7.6,7.62,7.3,7.62,133100.0,0.020000000000000462
9.0,2.0,8.29,8.29,7.68,7.78,182600.0,-0.5099999999999989
9.0,1.0,8.28,8.47,8.01,8.45,185000.0,0.16999999999999993
8.0,31.0,7.85,8.28,7.65,8.28,149400.0,0.4299999999999997
8.0,30.0,7.62,7.91,7.57,7.8,103100.0,0.17999999999999972
8.0,29.0,7.21,7.74,7.21,7.63,154400.0,0.41999999999999993
8.0,26.0,7.12,7.37,7.03,7.15,161300.0,0.03000000000000025
8.0,25.0,7.37,7.51,7.05,7.14,186000.0,-0.23000000000000043
8.0,24.0,6.9,7.6,6.9,7.29,307900.0,0.3899999999999997
8.0,23.0,6.96,7.17,6.69,6.7,398500.0,-0.2599999999999998
8.0,22.0,7.22,7.22,6.68,6.93,269900.0,-0.29000000000000004
8.0,19.0,7.47,7.47,7.03,7.07,246400.0,-0.39999999999999947
8.0,18.0,8.12,8.3,7.5,7.57,205500.0,-0.5499999999999989
8.0,17.0,8.57,8.58,8.23,8.32,121500.0,-0.25
8.0,16.0,8.53,8.74,8.35,8.52,127700.0,-0.009999999999999787
8.0,15.0,8.52,8.79,8.2,8.76,129500.0,0.2400000000000002
8.0,12.0,8.48,8.5,8.05,8.45,185800.0,-0.030000000000001137
8.0,11.0,8.41,8.67,8.24,8.38,365900.0,-0.02999999999999936
8.0,10.0,8.92,8.92,8.4,8.41,349700.0,-0.5099999999999998
8.0,9.0,9.48,9.48,8.49,9.1,373700.0,-0.3800000000000008
8.0,8.0,10.07,10.43,9.2,9.31,443000.0,-0.7599999999999998
8.0,5.0,10.33,11.25,10.06,10.65,218800.0,0.3200000000000003
8.0,4.0,10.7,10.81,10.21,10.24,178400.0,-0.4599999999999991
8.0,3.0,10.99,11.12,10.7,10.76,202600.0,-0.23000000000000043
8.0,2.0,11.3,11.45,10.93,10.96,213300.0,-0.33999999999999986
8.0,1.0,11.32,11.4,11.25,11.33,117200.0,0.009999999999999787
7.0,29.0,11.29,11.42,11.15,11.28,162700.0,-0.009999999999999787
7.0,28.0,11.35,11.43,11.3,11.33,119600.0,-0.019999999999999574
7.0,27.0,11.35,11.47,11.2,11.38,261300.0,0.030000000000001137
7.0,26.0,11.24,11.4,11.21,11.35,161700.0,0.10999999999999943
7.0,25.0,11.27,11.33,11.19,11.28,170600.0,0.009999999999999787
7.0,22.0,11.22,11.4,11.22,11.4,64500.0,0.17999999999999972
7.0,21.0,11.29,11.29,10.87,11.25,55600.0,-0.03999999999999915
7.0,20.0,10.7,11.26,10.68,11.23,212200.0,0.5300000000000011
7.0,19.0,10.56,10.96,10.34,10.68,188800.0,0.11999999999999922
7.0,18.0,10.67,10.9,10.45,10.55,149400.0,-0.11999999999999922
7.0,15.0,10.35,10.94,10.0,10.66,230200.0,0.3100000000000005
7.0,14.0,10.49,10.49,10.05,10.27,105400.0,-0.22000000000000064
7.0,13.0,10.76,10.76,10.4,10.52,139200.0,-0.2400000000000002
7.0,12.0,10.95,10.98,10.65,10.69,102400.0,-0.2599999999999998
7.0,11.0,11.13,11.22,10.9,10.97,115400.0,-0.16000000000000014
7.0,8.0,11.1,11.36,11.1,11.2,179200.0,0.09999999999999964
7.0,7.0,11.3,11.42,11.17,11.22,167200.0,-0.08000000000000007
7.0,6.0,11.24,11.28,11.06,11.28,141000.0,0.03999999999999915
7.0,5.0,11.29,11.4,11.23,11.3,104100.0,0.010000000000001563
7.0,1.0,11.38,11.45,11.04,11.24,119200.0,-0.14000000000000057
6.0,30.0,11.55,11.63,11.35,11.35,113600.0,-0.20000000000000107
6.0,29.0,11.23,11.57,11.09,11.52,185600.0,0.28999999999999915
6.0,28.0,11.11,11.24,11.06,11.18,76800.0,0.07000000000000028
6.0,27.0,11.24,11.44,10.98,11.05,79300.0,-0.1899999999999995
6.0,24.0,11.06,11.3,11.0,11.3,587800.0,0.2400000000000002
6.0,23.0,11.1,11.14,11.0,11.03,84600.0,-0.07000000000000028
6.0,22.0,11.11,11.2,11.11,11.18,96700.0,0.07000000000000028
6.0,21.0,11.27,11.27,11.07,11.12,95100.0,-0.15000000000000036
6.0,20.0,11.34,11.34,11.15,11.2,170700.0,-0.14000000000000057
6.0,17.0,11.18,11.34,11.13,11.3,393000.0,0.120000000000001
6.0,16.0,11.22,11.31,11.02,11.12,128000.0,-0.10000000000000142
6.0,15.0,11.3,11.5,11.12,11.22,181000.0,-0.08000000000000007
6.0,14.0,11.26,11.4,11.22,11.36,68000.0,0.09999999999999964
6.0,13.0,10.97,11.25,10.97,11.21,73900.0,0.2400000000000002
6.0,10.0,11.03,11.07,10.86,10.92,65800.0,-0.10999999999999943
6.0,9.0,11.04,11.14,10.94,11.09,74700.0,0.05000000000000071
6.0,8.0,10.63,11.27,10.63,11.0,100500.0,0.3699999999999992
6.0,7.0,10.68,10.85,10.64,10.68,41500.0,0.0
6.0,6.0,10.71,10.75,10.6,10.61,53500.0,-0.10000000000000142
6.0,3.0,10.82,10.88,10.65,10.68,51300.0,-0.14000000000000057
6.0,2.0,10.89,10.95,10.75,10.9,43100.0,0.009999999999999787
6.0,1.0,11.27,11.28,10.85,10.86,86200.0,-0.41000000000000014
5.0,31.0,11.4,11.47,11.25,11.26,181200.0,-0.14000000000000057
5.0,27.0,11.34,11.63,11.25,11.32,48000.0,-0.019999999999999574
5.0,26.0,10.99,11.34,10.87,11.33,64900.0,0.33999999999999986
5.0,25.0,10.88,11.05,10.88,11.01,25600.0,0.129999999999999
5.0,24.0,10.79,10.96,10.75,10.87,78700.0,0.08000000000000007
5.0,23.0,10.91,10.95,10.75,10.81,76600.0,-0.09999999999999964
5.0,20.0,11.0,11.02,10.94,11.0,107700.0,0.0
5.0,19.0,11.02,11.08,10.83,11.03,65000.0,0.009999999999999787
5.0,18.0,10.6,11.03,10.6,10.97,110000.0,0.370000000000001
5.0,17.0,10.54,10.72,10.54,10.61,62900.0,0.07000000000000028
5.0,16.0,10.65,10.83,10.56,10.56,92300.0,-0.08999999999999986
5.0,13.0,11.25,11.25,10.62,10.65,253500.0,-0.5999999999999996
5.0,12.0,11.05,11.29,10.84,11.28,102000.0,0.22999999999999865
5.0,11.0,11.16,11.19,10.97,11.06,53500.0,-0.09999999999999964
5.0,10.0,10.98,11.27,10.98,11.21,56200.0,0.23000000000000043
5.0,9.0,11.17,11.3,10.88,10.91,104000.0,-0.2599999999999998
5.0,6.0,11.01,11.31,11.01,11.21,104400.0,0.20000000000000107
5.0,5.0,10.95,11.23,10.85,11.01,80400.0,0.0600000000000005
5.0,4.0,11.0,11.14,10.9,11.01,84000.0,0.009999999999999787
5.0,3.0,11.2,11.25,10.98,11.0,121000.0,-0.1999999999999993
5.0,2.0,11.31,11.33,11.08,11.2,77000.0,-0.11000000000000121
4.0,29.0,10.98,11.34,10.93,11.33,87000.0,0.34999999999999964
4.0,28.0,10.63,10.94,10.6,10.94,63100.0,0.3099999999999987
4.0,27.0,10.58,10.63,10.51,10.62,17300.0,0.03999999999999915
4.0,26.0,10.36,10.63,10.08,10.62,198100.0,0.2599999999999998
4.0,25.0,10.25,10.46,10.25,10.38,29600.0,0.13000000000000078
4.0,21.0,10.29,10.4,10.22,10.25,69500.0,-0.03999999999999915
4.0,20.0,10.36,10.4,10.22,10.23,56600.0,-0.129999999999999
4.0,19.0,10.32,10.4,10.22,10.25,48300.0,-0.07000000000000028
4.0,18.0,10.21,10.34,10.16,10.27,52400.0,0.05999999999999872
4.0,15.0,10.21,10.42,10.06,10.3,212100.0,0.08999999999999986
4.0,14.0,9.94,10.39,9.9,10.23,142100.0,0.2900000000000009
4.0,13.0,10.26,10.38,9.95,9.99,324800.0,-0.2699999999999996
4.0,12.0,10.2,10.41,10.17,10.25,317000.0,0.05000000000000071
4.0,11.0,10.49,10.65,10.12,10.22,244200.0,-0.2699999999999996
4.0,8.0,10.42,10.54,10.25,10.32,100700.0,-0.09999999999999964
4.0,7.0,10.45,10.45,10.16,10.36,90200.0,-0.08999999999999986
4.0,6.0,10.1,10.75,9.99,10.4,298600.0,0.3000000000000007
4.0,5.0,9.96,10.1,9.96,10.1,243600.0,0.1399999999999988
4.0,4.0,10.0,10.05,9.95,10.01,290300.0,0.009999999999999787
4.0,1.0,9.95,10.04,9.9,10.0,216400.0,0.05000000000000071
3.0,31.0,9.85,9.97,9.69,9.94,2520500.0,0.08999999999999986
3.0,30.0,9.91,9.91,9.56,9.87,165600.0,-0.040000000000000924
3.0,29.0,9.91,9.96,9.81,9.86,229900.0,-0.05000000000000071
3.0,28.0,9.99,10.0,9.82,9.87,163000.0,-0.120000000000001
3.0,25.0,9.96,10.05,9.88,9.99,96200.0,0.02999999999999936
3.0,24.0,10.04,10.04,9.82,9.95,133500.0,-0.08999999999999986
3.0,23.0,10.1,10.1,9.81,9.98,125600.0,-0.11999999999999922
3.0,22.0,10.0,10.11,9.88,10.08,192500.0,0.08000000000000007
3.0,21.0,9.99,10.2,9.72,9.96,253800.0,-0.02999999999999936
3.0,18.0,9.9,9.96,9.8,9.86,281800.0,-0.040000000000000924
3.0,17.0,9.85,9.93,9.7,9.86,161400.0,0.009999999999999787
3.0,16.0,9.88,9.9,9.76,9.85,313900.0,-0.030000000000001137
3.0,15.0,9.71,9.9,9.56,9.82,132000.0,0.10999999999999943
3.0,14.0,9.74,9.85,9.68,9.73,63800.0,-0.009999999999999787
3.0,11.0,9.64,9.83,9.64,9.77,76300.0,0.129999999999999
3.0,10.0,9.77,9.87,9.62,9.72,107100.0,-0.049999999999998934
3.0,9.0,9.9,9.9,9.7,9.9,65200.0,0.0
3.0,8.0,9.82,9.9,9.8,9.9,127000.0,0.08000000000000007
3.0,7.0,9.87,9.88,9.65,9.86,202800.0,-0.009999999999999787
3.0,4.0,9.76,9.89,9.76,9.87,72300.0,0.10999999999999943
3.0,3.0,9.9,9.9,9.73,9.8,63500.0,-0.09999999999999964
3.0,2.0,9.69,9.9,9.68,9.85,67000.0,0.16000000000000014
3.0,1.0,9.75,9.85,9.68,9.85,191000.0,0.09999999999999964
2.0,28.0,9.8,9.87,9.6,9.75,183100.0,-0.05000000000000071
2.0,25.0,9.5,9.86,9.5,9.8,235900.0,0.3000000000000007
2.0,24.0,9.61,9.74,9.37,9.58,84200.0,-0.02999999999999936
2.0,23.0,9.63,9.68,9.55,9.56,180900.0,-0.07000000000000028
2.0,22.0,9.72,9.77,9.6,9.62,155000.0,-0.10000000000000142
2.0,18.0,9.7,9.82,9.62,9.67,260200.0,-0.02999999999999936
2.0,17.0,9.66,9.82,9.59,9.7,164000.0,0.03999999999999915
2.0,16.0,9.99,9.99,9.75,9.78,153300.0,-0.21000000000000085
2.0,15.0,9.94,9.94,9.61,9.8,145600.0,-0.1399999999999988
2.0,14.0,10.3,10.4,9.83,9.83,352700.0,-0.47000000000000064
2.0,11.0,9.88,9.88,9.6,9.8,622000.0,-0.08000000000000007
2.0,10.0,9.45,9.9,9.26,9.85,1611900.0,0.40000000000000036
2.0,9.0,9.9,9.97,9.61,9.69,1.6637E7,-0.21000000000000085
