9.0,25.0,25.5,25.5,25.5,25.5,5700.0,0.0
9.0,24.0,24.67,24.67,24.67,24.67,0.0,0.0
9.0,23.0,24.67,24.67,24.67,24.67,0.0,0.0
9.0,22.0,24.67,24.67,24.67,24.67,0.0,0.0
9.0,21.0,24.67,24.67,24.67,24.67,0.0,0.0
9.0,18.0,24.67,24.67,24.67,24.67,0.0,0.0
9.0,17.0,24.67,24.67,24.67,24.67,0.0,0.0
9.0,16.0,24.67,24.67,24.67,24.67,0.0,0.0
9.0,15.0,24.67,24.67,24.67,24.67,200.0,0.0
9.0,14.0,23.25,23.25,23.25,23.25,0.0,0.0
9.0,11.0,23.25,23.25,23.25,23.25,0.0,0.0
9.0,10.0,23.25,23.25,23.25,23.25,0.0,0.0
9.0,9.0,23.25,23.25,23.25,23.25,0.0,0.0
9.0,8.0,23.25,23.25,23.25,23.25,0.0,0.0
9.0,4.0,23.25,23.25,23.25,23.25,0.0,0.0
9.0,3.0,23.25,23.25,23.25,23.25,2200.0,0.0
9.0,2.0,21.370001,21.370001,21.370001,21.370001,0.0,0.0
9.0,1.0,21.370001,21.370001,21.370001,21.370001,0.0,0.0
8.0,31.0,21.370001,21.370001,21.370001,21.370001,0.0,0.0
8.0,28.0,21.370001,21.370001,21.370001,21.370001,0.0,0.0
8.0,27.0,21.370001,21.370001,21.370001,21.370001,0.0,0.0
8.0,26.0,21.370001,21.370001,21.370001,21.370001,300.0,0.0
8.0,25.0,25.469999,25.469999,25.469999,25.469999,0.0,0.0
8.0,24.0,25.469999,25.469999,25.469999,25.469999,0.0,0.0
8.0,21.0,25.469999,25.469999,25.469999,25.469999,0.0,0.0
8.0,20.0,25.469999,25.469999,25.469999,25.469999,0.0,0.0
8.0,19.0,25.469999,25.469999,25.469999,25.469999,0.0,0.0
8.0,18.0,25.469999,25.469999,25.469999,25.469999,0.0,0.0
8.0,17.0,25.469999,25.469999,25.469999,25.469999,0.0,0.0
8.0,14.0,25.469999,25.469999,25.469999,25.469999,0.0,0.0
8.0,13.0,25.469999,25.469999,25.469999,25.469999,0.0,0.0
8.0,12.0,25.469999,25.469999,25.469999,25.469999,0.0,0.0
8.0,11.0,25.469999,25.469999,25.469999,25.469999,0.0,0.0
8.0,10.0,25.469999,25.469999,25.469999,25.469999,0.0,0.0
8.0,7.0,25.469999,25.469999,25.469999,25.469999,200.0,0.0
8.0,6.0,24.459999,24.459999,24.459999,24.459999,0.0,0.0
8.0,5.0,24.459999,24.459999,24.459999,24.459999,0.0,0.0
8.0,4.0,24.459999,24.459999,24.459999,24.459999,0.0,0.0
8.0,3.0,24.459999,24.459999,24.459999,24.459999,0.0,0.0
7.0,31.0,24.459999,24.459999,24.459999,24.459999,0.0,0.0
7.0,30.0,24.459999,24.459999,24.459999,24.459999,600.0,0.0
7.0,29.0,25.280001,25.280001,25.280001,25.280001,0.0,0.0
7.0,28.0,25.280001,25.280001,25.280001,25.280001,0.0,0.0
7.0,27.0,25.82,25.82,25.280001,25.280001,400.0,-0.5399990000000017
7.0,24.0,26.530001,26.530001,26.530001,26.530001,200.0,0.0
7.0,23.0,26.17,26.17,26.17,26.17,0.0,0.0
7.0,22.0,26.17,26.17,26.17,26.17,0.0,0.0
7.0,21.0,26.17,26.17,26.17,26.17,0.0,0.0
7.0,20.0,26.17,26.17,26.17,26.17,0.0,0.0
7.0,17.0,26.17,26.17,26.17,26.17,0.0,0.0
7.0,16.0,26.17,26.17,26.17,26.17,0.0,0.0
7.0,15.0,26.17,26.17,26.17,26.17,0.0,0.0
7.0,14.0,26.17,26.17,26.17,26.17,0.0,0.0
7.0,13.0,26.190001,26.190001,26.17,26.17,1100.0,-0.02000099999999705
7.0,10.0,24.4,24.4,24.4,24.4,0.0,0.0
7.0,9.0,24.4,24.4,24.4,24.4,100.0,0.0
7.0,8.0,22.870001,22.870001,22.860001,22.860001,2300.0,-0.00999999999999801
7.0,7.0,25.92,25.92,25.92,25.92,0.0,0.0
7.0,6.0,25.92,25.92,25.92,25.92,0.0,0.0
7.0,2.0,25.92,25.92,25.92,25.92,0.0,0.0
7.0,1.0,25.92,25.92,25.92,25.92,0.0,0.0
6.0,30.0,26.1,26.1,25.92,25.92,700.0,-0.17999999999999972
6.0,29.0,24.690001,24.690001,24.690001,24.690001,0.0,0.0
6.0,26.0,24.950001,24.959999,24.690001,24.690001,1900.0,-0.26000000000000156
6.0,25.0,26.25,26.25,26.25,26.25,0.0,0.0
6.0,24.0,26.540001,26.540001,26.1,26.25,3800.0,-0.2900010000000002
6.0,23.0,26.780001,26.780001,25.780001,25.780001,500.0,-1.0
6.0,22.0,26.33,26.33,26.33,26.33,100.0,0.0
6.0,19.0,26.700001,26.700001,26.700001,26.700001,0.0,0.0
6.0,18.0,26.700001,26.700001,26.700001,26.700001,0.0,0.0
6.0,17.0,26.700001,26.700001,26.700001,26.700001,0.0,0.0
6.0,16.0,26.700001,26.700001,26.700001,26.700001,0.0,0.0
6.0,15.0,26.700001,26.700001,26.700001,26.700001,0.0,0.0
6.0,12.0,26.700001,26.700001,26.700001,26.700001,0.0,0.0
6.0,11.0,26.700001,26.700001,26.700001,26.700001,0.0,0.0
6.0,10.0,26.700001,26.700001,26.700001,26.700001,0.0,0.0
6.0,9.0,26.700001,26.700001,26.700001,26.700001,0.0,0.0
6.0,8.0,26.700001,26.700001,26.700001,26.700001,0.0,0.0
6.0,5.0,26.700001,26.700001,26.700001,26.700001,0.0,0.0
6.0,4.0,26.700001,26.700001,26.700001,26.700001,0.0,0.0
6.0,3.0,26.700001,26.700001,26.700001,26.700001,0.0,0.0
6.0,2.0,26.700001,26.700001,26.700001,26.700001,0.0,0.0
6.0,1.0,26.700001,26.700001,26.700001,26.700001,0.0,0.0
5.0,29.0,26.700001,26.700001,26.700001,26.700001,0.0,0.0
5.0,28.0,26.700001,26.700001,26.700001,26.700001,0.0,0.0
5.0,27.0,26.700001,26.700001,26.700001,26.700001,0.0,0.0
5.0,26.0,26.700001,26.700001,26.700001,26.700001,0.0,0.0
5.0,22.0,26.700001,26.700001,26.700001,26.700001,0.0,0.0
5.0,21.0,26.700001,26.700001,26.700001,26.700001,0.0,0.0
5.0,20.0,26.700001,26.700001,26.700001,26.700001,300.0,0.0
5.0,19.0,27.58,27.58,27.58,27.58,0.0,0.0
5.0,18.0,27.58,27.58,27.58,27.58,0.0,0.0
5.0,15.0,27.58,27.58,27.58,27.58,0.0,0.0
5.0,14.0,27.58,27.58,27.58,27.58,0.0,0.0
5.0,13.0,27.58,27.58,27.58,27.58,0.0,0.0
5.0,12.0,27.58,27.58,27.58,27.58,0.0,0.0
5.0,11.0,27.58,27.58,27.58,27.58,200.0,0.0
5.0,8.0,27.58,27.58,27.58,27.58,200.0,0.0
5.0,7.0,27.469999,27.469999,27.469999,27.469999,0.0,0.0
5.0,6.0,27.469999,27.469999,27.469999,27.469999,0.0,0.0
5.0,5.0,27.469999,27.469999,27.469999,27.469999,0.0,0.0
5.0,4.0,27.469999,27.469999,27.469999,27.469999,0.0,0.0
5.0,1.0,27.469999,27.469999,27.469999,27.469999,0.0,0.0
4.0,30.0,27.469999,27.469999,27.469999,27.469999,0.0,0.0
4.0,29.0,27.469999,27.469999,27.469999,27.469999,0.0,0.0
4.0,28.0,27.469999,27.469999,27.469999,27.469999,0.0,0.0
4.0,27.0,27.469999,27.469999,27.469999,27.469999,0.0,0.0
4.0,24.0,27.469999,27.469999,27.469999,27.469999,0.0,0.0
4.0,23.0,27.469999,27.469999,27.469999,27.469999,0.0,0.0
4.0,22.0,27.469999,27.469999,27.469999,27.469999,0.0,0.0
4.0,21.0,27.469999,27.469999,27.469999,27.469999,0.0,0.0
4.0,20.0,27.469999,27.469999,27.469999,27.469999,0.0,0.0
4.0,17.0,27.469999,27.469999,27.469999,27.469999,0.0,0.0
4.0,16.0,27.469999,27.469999,27.469999,27.469999,2000.0,0.0
4.0,15.0,28.299999,28.299999,28.299999,28.299999,500.0,0.0
4.0,14.0,24.59,24.59,24.59,24.59,0.0,0.0
4.0,13.0,24.59,24.59,24.59,24.59,0.0,0.0
4.0,10.0,24.59,24.59,24.59,24.59,0.0,0.0
4.0,9.0,24.59,24.59,24.59,24.59,0.0,0.0
4.0,8.0,24.59,24.59,24.59,24.59,0.0,0.0
4.0,7.0,24.59,24.59,24.59,24.59,0.0,0.0
4.0,6.0,24.59,24.59,24.59,24.59,0.0,0.0
4.0,2.0,24.59,24.59,24.59,24.59,0.0,0.0
4.0,1.0,24.59,24.59,24.59,24.59,0.0,0.0
3.0,31.0,24.59,24.59,24.59,24.59,0.0,0.0
3.0,30.0,24.59,24.59,24.59,24.59,0.0,0.0
3.0,27.0,24.59,24.59,24.59,24.59,0.0,0.0
3.0,26.0,24.59,24.59,24.59,24.59,0.0,0.0
3.0,25.0,24.59,24.59,24.59,24.59,0.0,0.0
3.0,24.0,24.59,24.59,24.59,24.59,0.0,0.0
3.0,23.0,24.59,24.59,24.59,24.59,0.0,0.0
3.0,20.0,24.59,24.59,24.59,24.59,0.0,0.0
3.0,19.0,24.59,24.59,24.59,24.59,0.0,0.0
3.0,18.0,24.59,24.59,24.59,24.59,0.0,0.0
3.0,17.0,24.59,24.59,24.59,24.59,0.0,0.0
3.0,16.0,24.59,24.59,24.59,24.59,0.0,0.0
3.0,13.0,24.59,24.59,24.59,24.59,0.0,0.0
3.0,12.0,24.59,24.59,24.59,24.59,0.0,0.0
3.0,11.0,24.5,24.59,24.5,24.59,400.0,0.08999999999999986
3.0,10.0,24.23,24.23,24.23,24.23,100.0,0.0
3.0,9.0,24.77,24.77,24.77,24.77,0.0,0.0
3.0,6.0,24.77,24.77,24.77,24.77,0.0,0.0
3.0,5.0,24.77,24.77,24.77,24.77,0.0,0.0
3.0,4.0,24.77,24.77,24.77,24.77,400.0,0.0
3.0,3.0,24.469999,24.469999,24.469999,24.469999,0.0,0.0
3.0,2.0,24.469999,24.469999,24.469999,24.469999,0.0,0.0
2.0,27.0,24.469999,24.469999,24.469999,24.469999,0.0,0.0
2.0,26.0,24.469999,24.469999,24.469999,24.469999,0.0,0.0
2.0,25.0,24.469999,24.469999,24.469999,24.469999,0.0,0.0
2.0,24.0,24.469999,24.469999,24.469999,24.469999,0.0,0.0
2.0,23.0,24.469999,24.469999,24.469999,24.469999,0.0,0.0
2.0,20.0,24.469999,24.469999,24.469999,24.469999,0.0,0.0
2.0,19.0,24.469999,24.469999,24.469999,24.469999,0.0,0.0
2.0,18.0,24.469999,24.469999,24.469999,24.469999,0.0,0.0
2.0,17.0,24.469999,24.469999,24.469999,24.469999,0.0,0.0
2.0,13.0,24.469999,24.469999,24.469999,24.469999,0.0,0.0
2.0,12.0,24.469999,24.469999,24.469999,24.469999,0.0,0.0
2.0,11.0,24.469999,24.469999,24.469999,24.469999,0.0,0.0
2.0,10.0,24.469999,24.469999,24.469999,24.469999,0.0,0.0
2.0,9.0,24.469999,24.469999,24.469999,24.469999,100.0,0.0
2.0,6.0,24.57,24.57,24.57,24.57,0.0,0.0
2.0,5.0,24.57,24.57,24.57,24.57,0.0,0.0
2.0,4.0,24.57,24.57,24.57,24.57,0.0,0.0
2.0,3.0,24.57,24.57,24.57,24.57,0.0,0.0
2.0,2.0,24.57,24.57,24.57,24.57,0.0,0.0
1.0,30.0,24.57,24.57,24.57,24.57,0.0,0.0
1.0,29.0,24.57,24.57,24.57,24.57,200.0,0.0
1.0,28.0,24.48,24.799999,24.48,24.799999,3100.0,0.31999899999999926
1.0,27.0,24.99,25.09,24.99,25.09,200.0,0.10000000000000142
1.0,26.0,25.540001,25.549999,25.540001,25.549999,2800.0,0.009997999999999507
1.0,23.0,24.629999,24.629999,24.629999,24.629999,400.0,0.0
1.0,22.0,24.950001,24.950001,24.950001,24.950001,0.0,0.0
1.0,21.0,24.950001,24.950001,24.950001,24.950001,200.0,0.0
1.0,20.0,24.549999,24.549999,24.549999,24.549999,0.0,0.0
1.0,16.0,24.549999,24.549999,24.549999,24.549999,0.0,0.0
1.0,15.0,24.549999,24.549999,24.549999,24.549999,0.0,0.0
1.0,14.0,24.540001,24.549999,24.540001,24.549999,3800.0,0.009997999999999507
1.0,13.0,24.16,24.16,24.16,24.16,0.0,0.0
1.0,12.0,24.129999,24.16,24.129999,24.16,8400.0,0.030000999999998612
1.0,9.0,23.860001,23.860001,23.860001,23.860001,0.0,0.0
1.0,8.0,23.860001,23.860001,23.860001,23.860001,0.0,0.0
1.0,7.0,23.860001,23.860001,23.860001,23.860001,0.0,0.0
1.0,6.0,23.85,23.860001,23.85,23.860001,1800.0,0.010000999999999038
1.0,5.0,23.6,23.6,23.6,23.6,0.0,0.0
1.0,2.0,23.6,23.6,23.6,23.6,0.0,0.0
12.0,31.0,23.6,23.6,23.6,23.6,1100.0,0.0
12.0,30.0,23.709999,23.709999,23.709999,23.709999,0.0,0.0
12.0,29.0,23.709999,23.709999,23.709999,23.709999,2000.0,0.0
12.0,26.0,23.74,23.74,23.74,23.74,0.0,0.0
12.0,24.0,23.74,23.74,23.74,23.74,0.0,0.0
12.0,23.0,23.74,23.74,23.74,23.74,0.0,0.0
12.0,22.0,23.74,23.74,23.74,23.74,0.0,0.0
12.0,19.0,23.74,23.74,23.74,23.74,0.0,0.0
12.0,18.0,23.74,23.74,23.74,23.74,0.0,0.0
12.0,17.0,23.74,23.74,23.74,23.74,2900.0,0.0
12.0,16.0,23.57,23.57,23.57,23.57,0.0,0.0
12.0,15.0,23.57,23.57,23.57,23.57,0.0,0.0
12.0,12.0,23.58,23.58,23.57,23.57,4000.0,-0.00999999999999801
12.0,11.0,23.09,23.09,23.09,23.09,8500.0,0.0
12.0,10.0,23.129999,23.129999,23.129999,23.129999,300.0,0.0
12.0,9.0,23.09,23.120001,23.09,23.120001,3100.0,0.030000999999998612
12.0,8.0,22.27,22.27,22.27,22.27,0.0,0.0
12.0,5.0,22.27,22.27,22.27,22.27,0.0,0.0
12.0,4.0,22.27,22.27,22.27,22.27,0.0,0.0
12.0,3.0,22.27,22.27,22.27,22.27,0.0,0.0
12.0,2.0,22.27,22.27,22.27,22.27,0.0,0.0
12.0,1.0,22.27,22.27,22.27,22.27,100.0,0.0
11.0,28.0,22.27,22.27,22.27,22.27,0.0,0.0
11.0,26.0,22.27,22.27,22.27,22.27,0.0,0.0
11.0,25.0,22.27,22.27,22.27,22.27,0.0,0.0
11.0,24.0,22.27,22.27,22.27,22.27,0.0,0.0
11.0,21.0,21.82,22.27,21.799999,22.27,1800.0,0.4499999999999993
11.0,20.0,21.610001,21.610001,21.610001,21.610001,0.0,0.0
11.0,19.0,21.610001,21.610001,21.610001,21.610001,1800.0,0.0
11.0,18.0,21.5,21.5,21.5,21.5,0.0,0.0
11.0,17.0,21.5,21.5,21.5,21.5,0.0,0.0
11.0,14.0,21.5,21.5,21.5,21.5,0.0,0.0
11.0,13.0,21.5,21.5,21.5,21.5,0.0,0.0
11.0,12.0,21.5,21.5,21.5,21.5,0.0,0.0
11.0,11.0,21.5,21.5,21.5,21.5,0.0,0.0
11.0,10.0,21.5,21.5,21.5,21.5,0.0,0.0
11.0,7.0,21.5,21.5,21.5,21.5,0.0,0.0
11.0,6.0,21.5,21.5,21.5,21.5,0.0,0.0
11.0,5.0,21.5,21.5,21.5,21.5,0.0,0.0
11.0,4.0,21.5,21.5,21.5,21.5,2000.0,0.0
11.0,3.0,21.530001,21.530001,21.530001,21.530001,0.0,0.0
10.0,31.0,21.530001,21.530001,21.530001,21.530001,0.0,0.0
10.0,30.0,21.530001,21.530001,21.530001,21.530001,0.0,0.0
10.0,29.0,21.530001,21.530001,21.530001,21.530001,0.0,0.0
10.0,28.0,21.530001,21.530001,21.530001,21.530001,0.0,0.0
10.0,27.0,21.530001,21.530001,21.530001,21.530001,0.0,0.0
10.0,24.0,21.530001,21.530001,21.530001,21.530001,0.0,0.0
10.0,23.0,21.530001,21.530001,21.530001,21.530001,0.0,0.0
10.0,22.0,21.530001,21.530001,21.530001,21.530001,0.0,0.0
10.0,21.0,21.440001,21.530001,21.440001,21.530001,1000.0,0.08999999999999986
10.0,20.0,21.9,21.9,21.9,21.9,0.0,0.0
10.0,17.0,21.9,21.9,21.9,21.9,0.0,0.0
10.0,16.0,21.9,21.9,21.9,21.9,0.0,0.0
10.0,15.0,21.9,21.9,21.9,21.9,0.0,0.0
10.0,14.0,21.9,21.9,21.9,21.9,0.0,0.0
10.0,13.0,21.9,21.9,21.9,21.9,0.0,0.0
10.0,10.0,21.9,21.9,21.9,21.9,0.0,0.0
10.0,9.0,21.9,21.9,21.9,21.9,0.0,0.0
10.0,8.0,21.85,21.9,21.85,21.9,400.0,0.04999999999999716
10.0,7.0,20.950001,20.950001,20.950001,20.950001,200.0,0.0
10.0,6.0,20.809999,20.809999,20.809999,20.809999,0.0,0.0
10.0,3.0,20.809999,20.809999,20.809999,20.809999,0.0,0.0
10.0,2.0,20.809999,20.809999,20.809999,20.809999,200.0,0.0
10.0,1.0,21.030001,21.030001,21.030001,21.030001,0.0,0.0
9.0,30.0,21.030001,21.030001,21.030001,21.030001,0.0,0.0
9.0,29.0,21.030001,21.030001,21.030001,21.030001,0.0,0.0
9.0,26.0,21.030001,21.030001,21.030001,21.030001,0.0,0.0
9.0,25.0,21.030001,21.030001,21.030001,21.030001,0.0,0.0
9.0,24.0,21.030001,21.030001,21.030001,21.030001,0.0,0.0
9.0,23.0,21.030001,21.030001,21.030001,21.030001,200.0,0.0
9.0,22.0,21.75,21.75,21.75,21.75,100.0,0.0
9.0,19.0,22.540001,22.540001,22.540001,22.540001,0.0,0.0
9.0,18.0,22.540001,22.540001,22.540001,22.540001,0.0,0.0
9.0,17.0,22.540001,22.540001,22.540001,22.540001,100.0,0.0
9.0,16.0,22.42,22.42,22.42,22.42,100.0,0.0
9.0,15.0,23.0,23.0,23.0,23.0,0.0,0.0
9.0,12.0,23.0,23.0,23.0,23.0,0.0,0.0
9.0,11.0,23.0,23.0,23.0,23.0,0.0,0.0
9.0,10.0,23.0,23.0,23.0,23.0,0.0,0.0
9.0,9.0,23.0,23.0,23.0,23.0,300.0,0.0
9.0,8.0,23.48,23.48,23.48,23.48,0.0,0.0
9.0,5.0,23.48,23.48,23.48,23.48,0.0,0.0
9.0,4.0,23.370001,23.48,23.370001,23.48,400.0,0.10999900000000196
9.0,3.0,22.870001,22.870001,22.870001,22.870001,0.0,0.0
9.0,2.0,22.870001,22.870001,22.870001,22.870001,0.0,0.0
8.0,29.0,22.870001,22.870001,22.870001,22.870001,100.0,0.0
8.0,28.0,22.93,22.93,22.93,22.93,400.0,0.0
8.0,27.0,23.139999,23.139999,23.139999,23.139999,500.0,0.0
8.0,26.0,23.700001,23.700001,23.700001,23.700001,0.0,0.0
8.0,25.0,23.700001,23.700001,23.700001,23.700001,400.0,0.0
8.0,22.0,24.18,24.18,24.18,24.18,0.0,0.0
8.0,21.0,24.18,24.18,24.18,24.18,400.0,0.0
8.0,20.0,24.43,24.43,24.43,24.43,0.0,0.0
8.0,19.0,24.43,24.43,24.43,24.43,900.0,0.0
8.0,18.0,24.33,24.33,24.33,24.33,100.0,0.0
8.0,15.0,24.17,24.17,24.17,24.17,500.0,0.0
8.0,14.0,24.309999,24.309999,24.309999,24.309999,0.0,0.0
8.0,13.0,24.309999,24.309999,24.309999,24.309999,0.0,0.0
8.0,12.0,24.309999,24.309999,24.309999,24.309999,900.0,0.0
8.0,11.0,23.99,23.99,23.99,23.99,300.0,0.0
8.0,8.0,24.42,24.42,24.42,24.42,0.0,0.0
8.0,7.0,24.42,24.42,24.42,24.42,0.0,0.0
8.0,6.0,24.48,24.48,24.42,24.42,900.0,-0.05999999999999872
8.0,5.0,24.799999,24.799999,24.799999,24.799999,0.0,0.0
8.0,4.0,24.73,24.799999,24.73,24.799999,700.0,0.06999899999999926
8.0,1.0,24.6,24.6,24.6,24.6,0.0,0.0
7.0,31.0,24.6,24.6,24.6,24.6,0.0,0.0
7.0,30.0,24.6,24.6,24.6,24.6,300.0,0.0
7.0,29.0,24.690001,24.879999,24.690001,24.879999,2300.0,0.18999800000000278
7.0,28.0,24.879999,24.92,24.879999,24.92,500.0,0.040001000000000175
7.0,25.0,24.68,24.68,24.68,24.68,0.0,0.0
7.0,24.0,24.68,24.68,24.68,24.68,0.0,0.0
7.0,23.0,24.68,24.68,24.68,24.68,0.0,0.0
7.0,22.0,24.799999,24.799999,24.68,24.68,700.0,-0.11999899999999997
7.0,21.0,24.48,24.48,24.27,24.27,1300.0,-0.21000000000000085
7.0,18.0,24.33,24.33,24.33,24.33,0.0,0.0
7.0,17.0,24.33,24.33,24.33,24.33,0.0,0.0
7.0,16.0,24.33,24.33,24.33,24.33,0.0,0.0
7.0,15.0,24.33,24.33,24.33,24.33,0.0,0.0
7.0,14.0,24.33,24.33,24.33,24.33,0.0,0.0
7.0,11.0,24.33,24.33,24.33,24.33,0.0,0.0
7.0,10.0,24.33,24.33,24.33,24.33,0.0,0.0
7.0,9.0,24.33,24.33,24.33,24.33,0.0,0.0
7.0,8.0,24.33,24.33,24.33,24.33,0.0,0.0
7.0,7.0,24.33,24.33,24.33,24.33,0.0,0.0
7.0,3.0,24.33,24.33,24.33,24.33,100.0,0.0
7.0,2.0,23.68,23.68,23.68,23.68,0.0,0.0
7.0,1.0,23.68,23.68,23.68,23.68,0.0,0.0
6.0,30.0,23.68,23.68,23.68,23.68,500.0,0.0
6.0,27.0,23.66,23.66,23.66,23.66,0.0,0.0
6.0,26.0,23.66,23.66,23.66,23.66,400.0,0.0
6.0,25.0,23.879999,23.879999,23.84,23.84,800.0,-0.03999900000000167
6.0,24.0,23.65,23.65,23.65,23.65,400.0,0.0
6.0,23.0,23.74,23.74,23.74,23.74,1000.0,0.0
6.0,20.0,23.68,23.68,23.68,23.68,200.0,0.0
6.0,19.0,23.200001,23.200001,23.200001,23.200001,200.0,0.0
6.0,18.0,23.6,23.6,23.6,23.6,0.0,0.0
6.0,17.0,23.6,23.6,23.6,23.6,0.0,0.0
6.0,16.0,23.6,23.6,23.6,23.6,0.0,0.0
6.0,13.0,23.6,23.6,23.6,23.6,300.0,0.0
6.0,12.0,23.389999,23.389999,23.389999,23.389999,600.0,0.0
6.0,11.0,23.35,23.35,23.35,23.35,17900.0,0.0
6.0,10.0,23.459999,23.459999,23.440001,23.440001,5000.0,-0.01999800000000107
6.0,9.0,24.51,24.51,24.51,24.51,0.0,0.0
6.0,6.0,24.51,24.51,24.51,24.51,700.0,0.0
6.0,5.0,23.790001,23.790001,23.790001,23.790001,0.0,0.0
6.0,4.0,23.790001,23.790001,23.790001,23.790001,0.0,0.0
6.0,3.0,23.790001,23.790001,23.790001,23.790001,0.0,0.0
6.0,2.0,23.790001,23.790001,23.790001,23.790001,0.0,0.0
5.0,30.0,23.870001,23.870001,23.790001,23.790001,1300.0,-0.0799999999999983
5.0,29.0,23.49,23.49,23.49,23.49,0.0,0.0
5.0,28.0,23.49,23.49,23.49,23.49,0.0,0.0
5.0,27.0,23.49,23.49,23.49,23.49,800.0,0.0
5.0,23.0,23.99,23.99,23.969999,23.969999,1600.0,-0.02000099999999705
5.0,22.0,23.09,23.09,23.09,23.09,600.0,0.0
5.0,21.0,22.700001,22.700001,22.700001,22.700001,300.0,0.0
5.0,20.0,22.629999,22.629999,22.42,22.42,1500.0,-0.20999899999999982
5.0,19.0,22.790001,22.790001,22.790001,22.790001,0.0,0.0
5.0,16.0,22.790001,22.790001,22.790001,22.790001,0.0,0.0
5.0,15.0,22.790001,22.790001,22.790001,22.790001,100.0,0.0
5.0,14.0,22.709999,22.709999,22.67,22.67,1200.0,-0.03999899999999812
5.0,13.0,22.389999,22.389999,22.389999,22.389999,0.0,0.0
5.0,12.0,22.389999,22.389999,22.389999,22.389999,0.0,0.0
5.0,9.0,22.389999,22.389999,22.389999,22.389999,200.0,0.0
5.0,8.0,22.25,22.25,22.190001,22.190001,900.0,-0.059999000000001246
5.0,7.0,23.02,23.02,23.02,23.02,0.0,0.0
5.0,6.0,23.02,23.02,23.02,23.02,300.0,0.0
5.0,5.0,22.809999,22.809999,22.809999,22.809999,0.0,0.0
5.0,2.0,22.809999,22.809999,22.809999,22.809999,300.0,0.0
5.0,1.0,22.450001,22.450001,22.43,22.43,700.0,-0.0200010000000006
4.0,30.0,22.200001,22.200001,22.200001,22.200001,0.0,0.0
4.0,29.0,22.200001,22.200001,22.200001,22.200001,0.0,0.0
4.0,28.0,22.200001,22.200001,22.200001,22.200001,0.0,0.0
4.0,25.0,22.24,22.24,22.200001,22.200001,18000.0,-0.03999899999999812
4.0,24.0,22.450001,22.450001,22.450001,22.450001,0.0,0.0
4.0,23.0,22.700001,22.700001,22.450001,22.450001,23300.0,-0.25
4.0,22.0,23.09,23.139999,23.09,23.139999,17800.0,0.04999899999999968
4.0,21.0,22.73,22.73,22.73,22.73,1000.0,0.0
4.0,17.0,22.780001,23.02,22.780001,22.790001,22300.0,0.010000000000001563
4.0,16.0,22.879999,22.91,22.860001,22.91,37600.0,0.030000999999998612
4.0,15.0,22.52,22.52,22.52,22.52,43000.0,0.0
4.0,14.0,22.639999,22.93,22.58,22.58,51500.0,-0.059999000000001246
4.0,11.0,23.280001,23.280001,22.99,22.99,700.0,-0.2900010000000002
4.0,10.0,23.07,23.07,23.07,23.07,0.0,0.0
4.0,9.0,23.07,23.07,23.07,23.07,0.0,0.0
4.0,8.0,23.07,23.07,23.07,23.07,0.0,0.0
4.0,7.0,23.07,23.07,23.07,23.07,400.0,0.0
4.0,4.0,23.18,23.18,23.18,23.18,0.0,0.0
4.0,3.0,23.18,23.18,23.18,23.18,300.0,0.0
4.0,2.0,23.23,23.23,23.23,23.23,500.0,0.0
4.0,1.0,23.299999,23.299999,23.299999,23.299999,200.0,0.0
3.0,31.0,22.700001,22.700001,22.700001,22.700001,500.0,0.0
3.0,28.0,22.459999,22.459999,22.459999,22.459999,300.0,0.0
3.0,27.0,22.42,22.43,22.25,22.25,700.0,-0.1700000000000017
3.0,26.0,22.68,22.68,22.4,22.4,900.0,-0.28000000000000114
3.0,25.0,22.879999,22.879999,22.879999,22.879999,0.0,0.0
3.0,24.0,22.99,22.99,22.82,22.879999,900.0,-0.1100009999999969
3.0,21.0,22.82,22.82,22.82,22.82,300.0,0.0
3.0,20.0,23.23,23.23,23.23,23.23,0.0,0.0
3.0,19.0,23.23,23.23,23.23,23.23,1800.0,0.0
3.0,18.0,22.690001,23.02,22.690001,23.02,700.0,0.3299990000000008
3.0,17.0,23.120001,23.120001,23.120001,23.120001,0.0,0.0
3.0,14.0,23.120001,23.120001,23.120001,23.120001,1600.0,0.0
3.0,13.0,23.41,23.41,23.41,23.41,0.0,0.0
3.0,12.0,23.57,23.58,23.41,23.41,1900.0,-0.16000000000000014
3.0,11.0,24.370001,24.370001,24.370001,24.370001,700.0,0.0
3.0,10.0,24.24,24.24,24.24,24.24,500.0,0.0
3.0,7.0,24.809999,24.809999,24.809999,24.809999,400.0,0.0
3.0,6.0,25.33,25.33,25.33,25.33,0.0,0.0
3.0,5.0,25.33,25.33,25.33,25.33,0.0,0.0
3.0,4.0,25.280001,25.33,25.280001,25.33,700.0,0.04999899999999968
3.0,3.0,24.950001,25.15,24.950001,25.15,500.0,0.19999899999999826
2.0,28.0,25.610001,25.610001,25.610001,25.610001,200.0,0.0
2.0,27.0,23.6,23.6,23.6,23.6,0.0,0.0
2.0,26.0,23.6,23.6,23.6,23.6,0.0,0.0
2.0,25.0,23.6,23.6,23.6,23.6,400.0,0.0
2.0,24.0,24.059999,24.059999,24.059999,24.059999,400.0,0.0
2.0,21.0,24.469999,24.469999,24.17,24.469999,2100.0,0.0
2.0,20.0,24.98,24.98,24.98,24.98,300.0,0.0
2.0,19.0,24.389999,24.389999,24.09,24.379999,1700.0,-0.00999999999999801
2.0,18.0,23.940001,23.940001,23.940001,23.940001,0.0,0.0
2.0,14.0,23.9,23.9,23.790001,23.790001,700.0,-0.1099989999999984
2.0,13.0,23.940001,23.940001,23.940001,23.940001,500.0,0.0
2.0,12.0,24.129999,24.129999,24.129999,24.129999,1200.0,0.0
2.0,11.0,24.41,24.5,24.41,24.5,2700.0,0.08999999999999986
2.0,10.0,23.9,24.200001,23.9,24.200001,1100.0,0.30000100000000174
2.0,7.0,23.120001,24.0,23.120001,24.0,1600.0,0.8799990000000015
2.0,6.0,23.91,23.91,23.91,23.91,0.0,0.0
2.0,5.0,23.91,23.91,23.91,23.91,300.0,0.0
2.0,4.0,23.85,24.25,23.85,24.25,2300.0,0.3999999999999986
2.0,3.0,25.389999,25.389999,25.09,25.09,600.0,-0.2999989999999997
1.0,31.0,25.389999,25.389999,25.389999,25.389999,0.0,0.0
1.0,30.0,25.389999,25.389999,25.389999,25.389999,300.0,0.0
1.0,29.0,24.17,24.17,24.17,24.17,0.0,0.0
1.0,28.0,24.469999,24.5,24.17,24.17,1000.0,-0.2999989999999997
1.0,27.0,24.209999,24.290001,24.209999,24.290001,600.0,0.08000200000000035
1.0,24.0,25.1,25.1,25.1,25.1,0.0,0.0
1.0,23.0,25.139999,25.15,25.1,25.1,1300.0,-0.03999899999999812
1.0,22.0,24.950001,24.950001,24.65,24.950001,800.0,0.0
1.0,21.0,24.52,24.52,24.52,24.52,1200.0,0.0
1.0,17.0,22.209999,22.209999,22.209999,22.209999,0.0,0.0
1.0,16.0,22.309999,22.309999,22.209999,22.209999,400.0,-0.10000000000000142
1.0,15.0,22.379999,22.540001,22.379999,22.52,3600.0,0.14000099999999804
1.0,14.0,23.360001,23.360001,23.360001,23.360001,200.0,0.0
1.0,13.0,23.290001,23.290001,23.290001,23.290001,800.0,0.0
1.0,10.0,23.620001,23.620001,23.620001,23.620001,700.0,0.0
1.0,9.0,23.75,23.75,23.75,23.75,1000.0,0.0
1.0,8.0,24.27,24.27,24.27,24.27,200.0,0.0
1.0,7.0,23.83,23.83,23.83,23.83,1000.0,0.0
1.0,6.0,24.190001,24.190001,23.889999,24.190001,2200.0,0.0
1.0,3.0,24.700001,24.700001,24.700001,24.700001,0.0,0.0
1.0,2.0,24.700001,24.700001,24.700001,24.700001,0.0,0.0
12.0,31.0,24.700001,24.700001,24.700001,24.700001,0.0,0.0
12.0,30.0,24.700001,24.700001,24.700001,24.700001,0.0,0.0
12.0,27.0,24.700001,24.700001,24.4,24.700001,500.0,0.0
12.0,26.0,24.809999,24.809999,24.809999,24.809999,1500.0,0.0
12.0,24.0,24.700001,24.700001,24.700001,24.700001,300.0,0.0
12.0,23.0,23.32,23.32,23.32,23.32,0.0,0.0
12.0,20.0,23.32,23.32,23.32,23.32,0.0,0.0
12.0,19.0,24.0,24.0,23.32,23.32,1900.0,-0.6799999999999997
12.0,18.0,24.0,24.0,24.0,24.0,0.0,0.0
12.0,17.0,24.0,24.0,24.0,24.0,0.0,0.0
12.0,16.0,24.27,24.27,24.0,24.0,600.0,-0.2699999999999996
12.0,13.0,24.049999,24.049999,24.049999,24.049999,0.0,0.0
12.0,12.0,24.049999,24.049999,24.049999,24.049999,700.0,0.0
12.0,11.0,25.049999,25.049999,25.049999,25.049999,0.0,0.0
12.0,10.0,25.040001,25.049999,25.040001,25.049999,600.0,0.009997999999999507
12.0,9.0,25.66,25.66,25.66,25.66,600.0,0.0
12.0,6.0,25.690001,25.690001,25.690001,25.690001,600.0,0.0
12.0,5.0,25.26,25.629999,25.26,25.629999,400.0,0.36999899999999997
12.0,4.0,25.129999,25.129999,25.129999,25.129999,200.0,0.0
12.0,3.0,25.49,25.549999,25.49,25.549999,700.0,0.059999000000001246
12.0,2.0,26.32,26.32,26.32,26.32,200.0,0.0
11.0,29.0,25.639999,25.639999,25.639999,25.639999,0.0,0.0
11.0,27.0,25.639999,25.639999,25.639999,25.639999,0.0,0.0
11.0,26.0,25.639999,25.639999,25.639999,25.639999,0.0,0.0
11.0,25.0,25.639999,25.639999,25.639999,25.639999,200.0,0.0
11.0,22.0,25.690001,25.950001,25.690001,25.84,8200.0,0.1499990000000011
11.0,21.0,26.98,26.98,26.98,26.98,700.0,0.0
11.0,20.0,25.790001,25.790001,25.790001,25.790001,0.0,0.0
11.0,19.0,25.790001,25.790001,25.790001,25.790001,0.0,0.0
11.0,18.0,25.52,25.790001,25.52,25.790001,800.0,0.2700010000000006
11.0,15.0,24.860001,24.860001,24.860001,24.860001,100.0,0.0
11.0,14.0,24.84,24.889999,24.74,24.889999,13700.0,0.04999899999999968
11.0,13.0,25.559999,25.559999,25.559999,25.559999,0.0,0.0
11.0,12.0,25.52,25.559999,25.129999,25.559999,1800.0,0.03999900000000167
11.0,11.0,25.1,25.1,24.809999,24.809999,500.0,-0.2900010000000002
11.0,8.0,24.41,24.41,24.360001,24.360001,6200.0,-0.04999899999999968
11.0,7.0,24.52,24.52,24.52,24.52,0.0,0.0
11.0,6.0,24.52,24.52,24.52,24.52,0.0,0.0
11.0,5.0,24.23,24.52,24.23,24.52,200.0,0.28999999999999915
11.0,4.0,24.629999,24.77,24.629999,24.77,3600.0,0.14000099999999804
11.0,1.0,24.85,25.0,24.85,25.0,6800.0,0.14999999999999858
10.0,31.0,25.280001,25.280001,25.280001,25.280001,200.0,0.0
10.0,30.0,24.9,24.9,24.9,24.9,300.0,0.0
10.0,29.0,24.25,24.25,24.23,24.23,1000.0,-0.019999999999999574
10.0,28.0,24.549999,24.549999,24.549999,24.549999,200.0,0.0
10.0,25.0,24.4,24.65,24.4,24.549999,27900.0,0.1499990000000011
10.0,24.0,24.639999,25.0,24.639999,25.0,64700.0,0.36000100000000046
10.0,23.0,24.09,24.09,23.83,23.83,40600.0,-0.26000000000000156
10.0,22.0,24.139999,24.379999,24.139999,24.379999,30400.0,0.240000000000002
10.0,21.0,24.84,24.84,24.84,24.84,15200.0,0.0
10.0,18.0,24.389999,24.389999,24.389999,24.389999,8700.0,0.0
10.0,17.0,24.35,24.35,23.85,24.02,11900.0,-0.33000000000000185
10.0,16.0,24.49,24.540001,24.49,24.540001,5100.0,0.05000100000000174
10.0,15.0,24.67,24.77,24.559999,24.75,11600.0,0.0799999999999983
10.0,14.0,24.59,24.59,24.59,24.59,100.0,0.0
10.0,11.0,24.620001,24.620001,24.620001,24.620001,4700.0,0.0
10.0,10.0,24.1,24.1,24.1,24.1,0.0,0.0
10.0,9.0,24.15,24.15,24.1,24.1,8300.0,-0.04999999999999716
10.0,8.0,24.450001,24.450001,24.219999,24.24,17400.0,-0.21000100000000188
10.0,7.0,24.940001,24.940001,24.940001,24.940001,15300.0,0.0
10.0,4.0,24.1,24.1,24.1,24.1,6400.0,0.0
10.0,3.0,23.98,24.139999,23.98,24.139999,4800.0,0.15999899999999911
10.0,2.0,23.870001,23.870001,23.870001,23.870001,8800.0,0.0
10.0,1.0,23.76,23.76,23.76,23.76,0.0,0.0
9.0,30.0,23.65,23.76,23.610001,23.76,13000.0,0.11000000000000298
9.0,27.0,23.92,23.92,23.9,23.9,30900.0,-0.020000000000003126
9.0,26.0,23.450001,23.450001,23.370001,23.370001,6500.0,-0.08000000000000185
9.0,25.0,23.16,23.280001,23.16,23.280001,11100.0,0.12000099999999847
9.0,24.0,23.09,23.129999,23.09,23.129999,7500.0,0.03999900000000167
9.0,23.0,23.290001,23.32,23.1,23.1,11700.0,-0.19000099999999875
9.0,20.0,23.030001,23.040001,23.030001,23.040001,4900.0,0.010000000000001563
9.0,19.0,22.879999,22.879999,22.879999,22.879999,2300.0,0.0
9.0,18.0,23.040001,23.040001,23.040001,23.040001,0.0,0.0
9.0,17.0,23.040001,23.040001,23.040001,23.040001,0.0,0.0
9.0,16.0,23.040001,23.040001,23.040001,23.040001,0.0,0.0
9.0,13.0,23.040001,23.040001,23.040001,23.040001,0.0,0.0
9.0,12.0,23.040001,23.040001,23.040001,23.040001,0.0,0.0
9.0,11.0,23.040001,23.040001,23.040001,23.040001,0.0,0.0
9.0,10.0,23.040001,23.040001,23.040001,23.040001,100.0,0.0
9.0,9.0,22.290001,22.290001,22.290001,22.290001,0.0,0.0
9.0,6.0,22.290001,22.290001,22.290001,22.290001,0.0,0.0
9.0,5.0,22.290001,22.290001,22.290001,22.290001,0.0,0.0
9.0,4.0,22.290001,22.290001,22.290001,22.290001,0.0,0.0
9.0,3.0,22.290001,22.290001,22.290001,22.290001,0.0,0.0
8.0,30.0,22.290001,22.290001,22.290001,22.290001,0.0,0.0
8.0,29.0,22.290001,22.290001,22.290001,22.290001,200.0,0.0
8.0,28.0,22.110001,22.110001,22.110001,22.110001,0.0,0.0
8.0,27.0,22.110001,22.110001,22.110001,22.110001,0.0,0.0
8.0,26.0,22.110001,22.110001,22.110001,22.110001,100.0,0.0
8.0,23.0,21.459999,21.459999,21.459999,21.459999,0.0,0.0
8.0,22.0,21.459999,21.459999,21.459999,21.459999,0.0,0.0
8.0,21.0,21.459999,21.459999,21.459999,21.459999,0.0,0.0
8.0,20.0,21.459999,21.459999,21.459999,21.459999,200.0,0.0
8.0,19.0,20.84,20.84,20.84,20.84,0.0,0.0
8.0,16.0,20.84,20.84,20.84,20.84,0.0,0.0
8.0,15.0,20.84,20.84,20.84,20.84,0.0,0.0
8.0,14.0,20.84,20.84,20.84,20.84,0.0,0.0
8.0,13.0,20.84,20.84,20.84,20.84,0.0,0.0
8.0,12.0,20.84,20.84,20.84,20.84,0.0,0.0
8.0,9.0,20.84,20.84,20.84,20.84,0.0,0.0
8.0,8.0,20.84,20.84,20.84,20.84,0.0,0.0
8.0,7.0,20.84,20.84,20.84,20.84,400.0,0.0
8.0,6.0,20.92,20.92,20.92,20.92,0.0,0.0
8.0,5.0,20.92,20.92,20.92,20.92,0.0,0.0
8.0,2.0,20.92,20.92,20.92,20.92,0.0,0.0
8.0,1.0,20.92,20.92,20.92,20.92,0.0,0.0
7.0,31.0,20.92,20.92,20.92,20.92,0.0,0.0
7.0,30.0,20.92,20.92,20.92,20.92,0.0,0.0
7.0,29.0,20.92,20.92,20.92,20.92,0.0,0.0
7.0,26.0,20.92,20.92,20.92,20.92,0.0,0.0
7.0,25.0,20.92,20.92,20.92,20.92,0.0,0.0
7.0,24.0,20.92,20.92,20.92,20.92,100.0,0.0
7.0,23.0,20.65,20.65,20.65,20.65,0.0,0.0
7.0,22.0,20.65,20.65,20.65,20.65,0.0,0.0
7.0,19.0,20.65,20.65,20.65,20.65,0.0,0.0
7.0,18.0,20.65,20.65,20.65,20.65,100.0,0.0
7.0,17.0,19.84,19.84,19.84,19.84,0.0,0.0
7.0,16.0,19.84,19.84,19.84,19.84,0.0,0.0
7.0,15.0,19.84,19.84,19.84,19.84,0.0,0.0
7.0,12.0,19.84,19.84,19.84,19.84,0.0,0.0
7.0,11.0,19.84,19.84,19.84,19.84,0.0,0.0
7.0,10.0,19.84,19.84,19.84,19.84,0.0,0.0
7.0,9.0,19.84,19.84,19.84,19.84,0.0,0.0
7.0,8.0,19.84,19.84,19.84,19.84,0.0,0.0
7.0,5.0,19.84,19.84,19.84,19.84,0.0,0.0
7.0,3.0,19.84,19.84,19.84,19.84,0.0,0.0
7.0,2.0,19.84,19.84,19.84,19.84,0.0,0.0
7.0,1.0,19.84,19.84,19.84,19.84,0.0,0.0
6.0,28.0,19.84,19.84,19.84,19.84,0.0,0.0
6.0,27.0,19.84,19.84,19.84,19.84,0.0,0.0
6.0,26.0,19.84,19.84,19.84,19.84,0.0,0.0
6.0,25.0,19.84,19.84,19.84,19.84,0.0,0.0
6.0,24.0,19.84,19.84,19.84,19.84,0.0,0.0
6.0,21.0,19.84,19.84,19.84,19.84,0.0,0.0
6.0,20.0,19.84,19.84,19.84,19.84,100.0,0.0
6.0,19.0,22.309999,22.309999,22.309999,22.309999,0.0,0.0
6.0,18.0,22.309999,22.309999,22.309999,22.309999,0.0,0.0
6.0,17.0,22.309999,22.309999,22.309999,22.309999,0.0,0.0
6.0,14.0,22.309999,22.309999,22.309999,22.309999,0.0,0.0
6.0,13.0,22.309999,22.309999,22.309999,22.309999,0.0,0.0
6.0,12.0,22.309999,22.309999,22.309999,22.309999,500.0,0.0
6.0,11.0,22.48,22.48,22.48,22.48,500.0,0.0
6.0,10.0,23.24,23.24,23.110001,23.110001,400.0,-0.12999899999999798
6.0,7.0,22.27,22.27,22.27,22.27,0.0,0.0
6.0,6.0,22.27,22.27,22.27,22.27,0.0,0.0
6.0,5.0,22.27,22.27,22.27,22.27,0.0,0.0
6.0,4.0,22.27,22.27,22.27,22.27,0.0,0.0
6.0,3.0,22.27,22.27,22.27,22.27,0.0,0.0
5.0,31.0,22.27,22.27,22.27,22.27,0.0,0.0
5.0,30.0,22.27,22.27,22.27,22.27,0.0,0.0
5.0,29.0,22.27,22.27,22.27,22.27,0.0,0.0
5.0,28.0,22.27,22.27,22.27,22.27,0.0,0.0
5.0,24.0,22.27,22.27,22.27,22.27,0.0,0.0
5.0,23.0,22.27,22.27,22.27,22.27,0.0,0.0
5.0,22.0,22.27,22.27,22.27,22.27,0.0,0.0
5.0,21.0,22.27,22.27,22.27,22.27,0.0,0.0
5.0,20.0,22.27,22.27,22.27,22.27,0.0,0.0
5.0,17.0,22.27,22.27,22.27,22.27,0.0,0.0
5.0,16.0,22.27,22.27,22.27,22.27,0.0,0.0
5.0,15.0,22.27,22.27,22.27,22.27,0.0,0.0
5.0,14.0,22.27,22.27,22.27,22.27,0.0,0.0
5.0,13.0,22.27,22.27,22.27,22.27,0.0,0.0
5.0,10.0,22.27,22.27,22.27,22.27,0.0,0.0
5.0,9.0,22.27,22.27,22.27,22.27,0.0,0.0
5.0,8.0,22.27,22.27,22.27,22.27,0.0,0.0
5.0,7.0,22.27,22.27,22.27,22.27,0.0,0.0
5.0,6.0,22.27,22.27,22.27,22.27,0.0,0.0
5.0,3.0,22.17,22.27,22.17,22.27,1300.0,0.09999999999999787
5.0,2.0,21.24,21.24,21.24,21.24,0.0,0.0
5.0,1.0,21.24,21.24,21.24,21.24,0.0,0.0
4.0,30.0,21.24,21.24,21.24,21.24,0.0,0.0
4.0,29.0,21.24,21.24,21.24,21.24,0.0,0.0
4.0,26.0,21.24,21.24,21.24,21.24,1300.0,0.0
4.0,25.0,20.24,20.24,20.24,20.24,0.0,0.0
4.0,24.0,20.24,20.24,20.24,20.24,0.0,0.0
4.0,23.0,20.24,20.24,20.24,20.24,0.0,0.0
4.0,22.0,20.24,20.24,20.24,20.24,0.0,0.0
4.0,19.0,20.24,20.24,20.24,20.24,0.0,0.0
4.0,18.0,20.24,20.24,20.24,20.24,0.0,0.0
4.0,17.0,20.24,20.24,20.24,20.24,0.0,0.0
4.0,16.0,20.24,20.24,20.24,20.24,0.0,0.0
4.0,15.0,20.24,20.24,20.24,20.24,0.0,0.0
4.0,12.0,20.24,20.24,20.24,20.24,0.0,0.0
4.0,11.0,20.24,20.24,20.24,20.24,0.0,0.0
4.0,10.0,20.24,20.24,20.24,20.24,0.0,0.0
4.0,9.0,20.24,20.24,20.24,20.24,0.0,0.0
4.0,8.0,20.24,20.24,20.24,20.24,0.0,0.0
4.0,5.0,20.24,20.24,20.24,20.24,0.0,0.0
4.0,4.0,20.24,20.24,20.24,20.24,0.0,0.0
4.0,3.0,20.24,20.24,20.24,20.24,0.0,0.0
4.0,2.0,20.24,20.24,20.24,20.24,0.0,0.0
4.0,1.0,20.24,20.24,20.24,20.24,0.0,0.0
3.0,28.0,20.24,20.24,20.24,20.24,0.0,0.0
3.0,27.0,20.24,20.24,20.24,20.24,0.0,0.0
3.0,26.0,20.24,20.24,20.24,20.24,0.0,0.0
3.0,25.0,20.24,20.24,20.24,20.24,0.0,0.0
3.0,22.0,20.24,20.24,20.24,20.24,0.0,0.0
3.0,21.0,20.24,20.24,20.24,20.24,0.0,0.0
3.0,20.0,20.24,20.24,20.24,20.24,0.0,0.0
3.0,19.0,20.24,20.24,20.24,20.24,0.0,0.0
3.0,18.0,20.24,20.24,20.24,20.24,0.0,0.0
3.0,15.0,20.24,20.24,20.24,20.24,800.0,0.0
3.0,14.0,20.370001,20.370001,20.370001,20.370001,0.0,0.0
3.0,13.0,20.370001,20.370001,20.370001,20.370001,100.0,0.0
3.0,12.0,21.049999,21.049999,21.049999,21.049999,0.0,0.0
3.0,11.0,21.049999,21.049999,21.049999,21.049999,0.0,0.0
3.0,8.0,21.049999,21.049999,21.049999,21.049999,300.0,0.0
3.0,7.0,20.139999,20.139999,20.139999,20.139999,0.0,0.0
3.0,6.0,20.139999,20.139999,20.139999,20.139999,0.0,0.0
3.0,5.0,20.139999,20.139999,20.139999,20.139999,0.0,0.0
3.0,4.0,20.139999,20.139999,20.139999,20.139999,0.0,0.0
3.0,1.0,20.139999,20.139999,20.139999,20.139999,0.0,0.0
2.0,28.0,20.139999,20.139999,20.139999,20.139999,0.0,0.0
2.0,27.0,20.139999,20.139999,20.139999,20.139999,0.0,0.0
2.0,26.0,20.139999,20.139999,20.139999,20.139999,0.0,0.0
2.0,25.0,20.139999,20.139999,20.139999,20.139999,100.0,0.0
2.0,22.0,20.790001,20.790001,20.790001,20.790001,0.0,0.0
2.0,21.0,20.790001,20.790001,20.790001,20.790001,0.0,0.0
2.0,20.0,20.790001,20.790001,20.790001,20.790001,0.0,0.0
2.0,19.0,20.790001,20.790001,20.790001,20.790001,0.0,0.0
2.0,15.0,20.790001,20.790001,20.790001,20.790001,500.0,0.0
2.0,14.0,20.709999,20.709999,20.709999,20.709999,0.0,0.0
2.0,13.0,20.709999,20.709999,20.709999,20.709999,100.0,0.0
2.0,12.0,20.559999,20.559999,20.559999,20.559999,0.0,0.0
2.0,11.0,20.559999,20.559999,20.559999,20.559999,0.0,0.0
2.0,8.0,20.559999,20.6,20.559999,20.559999,1600.0,0.0
2.0,7.0,20.459999,20.459999,20.459999,20.459999,0.0,0.0
2.0,6.0,20.459999,20.459999,20.459999,20.459999,0.0,0.0
2.0,5.0,20.459999,20.459999,20.459999,20.459999,0.0,0.0
2.0,4.0,20.459999,20.459999,20.459999,20.459999,0.0,0.0
2.0,1.0,20.459999,20.459999,20.459999,20.459999,0.0,0.0
1.0,31.0,20.459999,20.459999,20.459999,20.459999,0.0,0.0
1.0,30.0,20.459999,20.459999,20.459999,20.459999,0.0,0.0
1.0,29.0,20.459999,20.459999,20.459999,20.459999,0.0,0.0
1.0,28.0,20.459999,20.459999,20.459999,20.459999,0.0,0.0
1.0,25.0,20.459999,20.459999,20.459999,20.459999,0.0,0.0
1.0,24.0,20.459999,20.459999,20.459999,20.459999,0.0,0.0
1.0,23.0,20.459999,20.459999,20.459999,20.459999,0.0,0.0
1.0,22.0,20.459999,20.459999,20.459999,20.459999,0.0,0.0
1.0,18.0,20.459999,20.459999,20.459999,20.459999,0.0,0.0
1.0,17.0,20.459999,20.459999,20.459999,20.459999,0.0,0.0
1.0,16.0,20.459999,20.459999,20.459999,20.459999,0.0,0.0
1.0,15.0,20.459999,20.459999,20.459999,20.459999,0.0,0.0
1.0,14.0,20.459999,20.459999,20.459999,20.459999,0.0,0.0
1.0,11.0,20.459999,20.459999,20.459999,20.459999,0.0,0.0
1.0,10.0,20.459999,20.459999,20.459999,20.459999,0.0,0.0
1.0,9.0,20.459999,20.459999,20.459999,20.459999,0.0,0.0
1.0,8.0,20.459999,20.459999,20.459999,20.459999,1000.0,0.0
1.0,7.0,20.469999,20.469999,20.469999,20.469999,0.0,0.0
1.0,4.0,20.469999,20.469999,20.469999,20.469999,0.0,0.0
1.0,3.0,20.469999,20.469999,20.469999,20.469999,0.0,0.0
1.0,2.0,20.469999,20.469999,20.469999,20.469999,0.0,0.0
12.0,31.0,20.469999,20.469999,20.469999,20.469999,0.0,0.0
12.0,28.0,20.42,20.469999,20.42,20.469999,1000.0,0.04999899999999968
12.0,27.0,18.299999,18.299999,18.299999,18.299999,0.0,0.0
12.0,26.0,18.299999,18.299999,18.299999,18.299999,0.0,0.0
12.0,24.0,18.299999,18.299999,18.299999,18.299999,0.0,0.0
12.0,21.0,18.299999,18.299999,18.299999,18.299999,0.0,0.0
12.0,20.0,18.299999,18.299999,18.299999,18.299999,0.0,0.0
12.0,19.0,18.299999,18.299999,18.299999,18.299999,0.0,0.0
12.0,18.0,18.299999,18.299999,18.299999,18.299999,0.0,0.0
12.0,17.0,18.299999,18.299999,18.299999,18.299999,0.0,0.0
12.0,14.0,18.299999,18.299999,18.299999,18.299999,0.0,0.0
12.0,13.0,18.299999,18.299999,18.299999,18.299999,0.0,0.0
12.0,12.0,18.299999,18.299999,18.299999,18.299999,0.0,0.0
12.0,11.0,18.299999,18.299999,18.299999,18.299999,300.0,0.0
12.0,10.0,17.73,17.73,17.73,17.73,0.0,0.0
12.0,7.0,17.73,17.73,17.73,17.73,0.0,0.0
12.0,6.0,17.73,17.73,17.73,17.73,0.0,0.0
12.0,5.0,17.73,17.73,17.73,17.73,0.0,0.0
12.0,4.0,17.73,17.73,17.73,17.73,0.0,0.0
12.0,3.0,17.73,17.73,17.73,17.73,0.0,0.0
11.0,30.0,17.73,17.73,17.73,17.73,200.0,0.0
11.0,29.0,17.549999,17.549999,17.549999,17.549999,0.0,0.0
11.0,28.0,17.549999,17.549999,17.549999,17.549999,0.0,0.0
11.0,27.0,17.549999,17.549999,17.549999,17.549999,0.0,0.0
11.0,26.0,17.549999,17.549999,17.549999,17.549999,0.0,0.0
11.0,23.0,17.549999,17.549999,17.549999,17.549999,0.0,0.0
11.0,21.0,17.549999,17.549999,17.549999,17.549999,0.0,0.0
11.0,20.0,17.549999,17.549999,17.549999,17.549999,0.0,0.0
11.0,19.0,17.549999,17.549999,17.549999,17.549999,0.0,0.0
11.0,16.0,17.549999,17.549999,17.549999,17.549999,0.0,0.0
11.0,15.0,17.549999,17.549999,17.549999,17.549999,0.0,0.0
11.0,14.0,17.549999,17.549999,17.549999,17.549999,0.0,0.0
11.0,13.0,17.549999,17.549999,17.549999,17.549999,0.0,0.0
11.0,12.0,17.549999,17.549999,17.549999,17.549999,0.0,0.0
11.0,9.0,17.549999,17.549999,17.549999,17.549999,0.0,0.0
11.0,8.0,17.549999,17.549999,17.549999,17.549999,200.0,0.0
11.0,7.0,17.389999,17.389999,17.389999,17.389999,0.0,0.0
11.0,6.0,17.389999,17.389999,17.389999,17.389999,0.0,0.0
11.0,5.0,17.389999,17.389999,17.389999,17.389999,0.0,0.0
11.0,2.0,17.389999,17.389999,17.389999,17.389999,0.0,0.0
11.0,1.0,17.389999,17.389999,17.389999,17.389999,0.0,0.0
10.0,31.0,17.389999,17.389999,17.389999,17.389999,200.0,0.0
10.0,26.0,17.719999,17.719999,17.719999,17.719999,0.0,0.0
10.0,25.0,17.719999,17.719999,17.719999,17.719999,0.0,0.0
10.0,24.0,17.719999,17.719999,17.719999,17.719999,400.0,0.0
10.0,23.0,17.66,17.66,17.66,17.66,0.0,0.0
10.0,22.0,17.66,17.66,17.66,17.66,0.0,0.0
10.0,19.0,17.66,17.66,17.66,17.66,0.0,0.0
10.0,18.0,17.66,17.66,17.66,17.66,0.0,0.0
10.0,17.0,17.66,17.66,17.66,17.66,0.0,0.0
10.0,16.0,17.57,17.66,17.57,17.66,700.0,0.08999999999999986
10.0,15.0,16.809999,16.809999,16.809999,16.809999,0.0,0.0
10.0,12.0,16.809999,16.809999,16.809999,16.809999,0.0,0.0
10.0,11.0,16.809999,16.809999,16.809999,16.809999,0.0,0.0
10.0,10.0,16.809999,16.809999,16.809999,16.809999,0.0,0.0
10.0,9.0,16.809999,16.809999,16.809999,16.809999,0.0,0.0
10.0,8.0,16.809999,16.809999,16.809999,16.809999,0.0,0.0
10.0,5.0,16.809999,16.809999,16.809999,16.809999,0.0,0.0
10.0,4.0,16.809999,16.809999,16.809999,16.809999,0.0,0.0
10.0,3.0,16.809999,16.809999,16.809999,16.809999,0.0,0.0
10.0,2.0,16.700001,16.809999,16.700001,16.809999,400.0,0.10999800000000093
10.0,1.0,16.9,16.92,16.9,16.92,800.0,0.020000000000003126
9.0,28.0,16.59,16.59,16.59,16.59,200.0,0.0
9.0,27.0,16.77,16.809999,16.77,16.809999,400.0,0.03999900000000167
9.0,26.0,16.860001,17.0,16.860001,17.0,1100.0,0.13999899999999954
9.0,25.0,17.129999,17.15,17.129999,17.15,1300.0,0.02000099999999705
9.0,24.0,17.27,17.290001,17.26,17.290001,2500.0,0.0200010000000006
9.0,21.0,16.780001,16.780001,16.780001,16.780001,0.0,0.0
9.0,20.0,16.780001,16.780001,16.780001,16.780001,0.0,0.0
9.0,19.0,16.780001,16.780001,16.780001,16.780001,0.0,0.0
9.0,18.0,16.780001,16.780001,16.780001,16.780001,0.0,0.0
9.0,17.0,16.780001,16.780001,16.780001,16.780001,0.0,0.0
9.0,14.0,16.780001,16.780001,16.780001,16.780001,0.0,0.0
9.0,13.0,16.780001,16.780001,16.780001,16.780001,0.0,0.0
9.0,12.0,16.780001,16.780001,16.780001,16.780001,0.0,0.0
9.0,11.0,16.780001,16.780001,16.780001,16.780001,0.0,0.0
9.0,10.0,16.780001,16.780001,16.780001,16.780001,200.0,0.0
9.0,7.0,17.17,17.17,17.17,17.17,0.0,0.0
9.0,6.0,17.17,17.17,17.17,17.17,0.0,0.0
9.0,5.0,17.17,17.17,17.17,17.17,0.0,0.0
9.0,4.0,17.17,17.17,17.17,17.17,0.0,0.0
8.0,31.0,17.17,17.17,17.17,17.17,0.0,0.0
8.0,30.0,17.17,17.17,17.17,17.17,0.0,0.0
8.0,29.0,17.17,17.17,17.17,17.17,0.0,0.0
8.0,28.0,17.17,17.17,17.17,17.17,0.0,0.0
8.0,27.0,17.17,17.17,17.17,17.17,0.0,0.0
8.0,24.0,17.17,17.17,17.17,17.17,800.0,0.0
8.0,23.0,18.370001,18.370001,18.370001,18.370001,0.0,0.0
8.0,22.0,18.370001,18.370001,18.370001,18.370001,0.0,0.0
8.0,21.0,18.370001,18.370001,18.370001,18.370001,0.0,0.0
8.0,20.0,18.370001,18.370001,18.370001,18.370001,0.0,0.0
8.0,17.0,18.370001,18.370001,18.370001,18.370001,500.0,0.0
8.0,16.0,18.379999,18.379999,18.379999,18.379999,200.0,0.0
8.0,15.0,18.620001,18.620001,18.620001,18.620001,0.0,0.0
8.0,14.0,18.620001,18.620001,18.620001,18.620001,0.0,0.0
8.0,13.0,18.620001,18.620001,18.620001,18.620001,0.0,0.0
8.0,10.0,18.629999,18.629999,18.620001,18.620001,700.0,-0.00999800000000306
8.0,9.0,18.360001,18.360001,18.360001,18.360001,0.0,0.0
8.0,8.0,18.360001,18.360001,18.360001,18.360001,200.0,0.0
8.0,7.0,18.49,18.49,18.49,18.49,0.0,0.0
8.0,6.0,18.49,18.49,18.49,18.49,0.0,0.0
8.0,3.0,18.49,18.49,18.49,18.49,0.0,0.0
8.0,2.0,18.49,18.49,18.49,18.49,0.0,0.0
8.0,1.0,18.49,18.49,18.49,18.49,0.0,0.0
7.0,31.0,18.49,18.49,18.49,18.49,0.0,0.0
7.0,30.0,18.49,18.49,18.49,18.49,0.0,0.0
7.0,27.0,18.49,18.49,18.49,18.49,0.0,0.0
7.0,26.0,18.49,18.49,18.49,18.49,0.0,0.0
7.0,25.0,18.49,18.49,18.49,18.49,0.0,0.0
7.0,24.0,18.49,18.49,18.49,18.49,2700.0,0.0
7.0,23.0,18.25,18.25,18.25,18.25,200.0,0.0
7.0,20.0,18.15,18.15,18.15,18.15,0.0,0.0
7.0,19.0,18.15,18.15,18.15,18.15,0.0,0.0
7.0,18.0,18.15,18.15,18.15,18.15,0.0,0.0
7.0,17.0,18.15,18.15,18.15,18.15,0.0,0.0
7.0,16.0,18.15,18.15,18.15,18.15,0.0,0.0
7.0,13.0,18.15,18.15,18.15,18.15,0.0,0.0
7.0,12.0,18.15,18.15,18.15,18.15,0.0,0.0
7.0,11.0,18.15,18.15,18.15,18.15,0.0,0.0
7.0,10.0,18.15,18.15,18.15,18.15,0.0,0.0
7.0,9.0,18.15,18.15,18.15,18.15,0.0,0.0
7.0,6.0,18.15,18.15,18.15,18.15,0.0,0.0
7.0,5.0,18.15,18.15,18.15,18.15,0.0,0.0
7.0,3.0,18.15,18.15,18.15,18.15,0.0,0.0
7.0,2.0,18.15,18.15,18.15,18.15,0.0,0.0
6.0,29.0,18.15,18.15,18.15,18.15,0.0,0.0
6.0,28.0,18.15,18.15,18.15,18.15,200.0,0.0
6.0,27.0,18.48,18.48,18.48,18.48,500.0,0.0
6.0,26.0,19.209999,19.209999,19.209999,19.209999,0.0,0.0
6.0,25.0,19.209999,19.209999,19.209999,19.209999,0.0,0.0
6.0,22.0,19.209999,19.209999,19.209999,19.209999,0.0,0.0
6.0,21.0,19.209999,19.209999,19.209999,19.209999,0.0,0.0
6.0,20.0,19.51,19.51,19.209999,19.209999,600.0,-0.30000100000000174
6.0,19.0,19.440001,19.440001,18.9,18.950001,3000.0,-0.48999999999999844
6.0,18.0,19.02,19.02,19.02,19.02,0.0,0.0
6.0,15.0,19.02,19.02,19.02,19.02,400.0,0.0
6.0,14.0,18.940001,18.940001,18.940001,18.940001,0.0,0.0
6.0,13.0,18.940001,18.940001,18.940001,18.940001,0.0,0.0
6.0,12.0,18.940001,18.940001,18.940001,18.940001,0.0,0.0
6.0,11.0,18.940001,18.940001,18.940001,18.940001,0.0,0.0
6.0,8.0,18.940001,18.940001,18.940001,18.940001,0.0,0.0
6.0,7.0,18.940001,18.940001,18.940001,18.940001,200.0,0.0
6.0,6.0,18.540001,18.540001,18.540001,18.540001,300.0,0.0
6.0,5.0,18.799999,18.799999,18.799999,18.799999,0.0,0.0
6.0,4.0,18.799999,18.799999,18.799999,18.799999,0.0,0.0
6.0,1.0,18.799999,18.799999,18.799999,18.799999,0.0,0.0
5.0,31.0,18.799999,18.799999,18.799999,18.799999,0.0,0.0
5.0,30.0,18.799999,18.799999,18.799999,18.799999,0.0,0.0
5.0,29.0,18.76,18.799999,18.76,18.799999,500.0,0.03999899999999812
5.0,25.0,18.35,18.35,18.35,18.35,400.0,0.0
5.0,24.0,17.790001,17.790001,17.790001,17.790001,200.0,0.0
5.0,23.0,17.52,17.52,17.52,17.52,100.0,0.0
5.0,22.0,17.870001,17.870001,17.870001,17.870001,0.0,0.0
5.0,21.0,17.870001,17.870001,17.870001,17.870001,0.0,0.0
5.0,18.0,17.870001,17.870001,17.870001,17.870001,0.0,0.0
5.0,17.0,17.870001,17.870001,17.870001,17.870001,200.0,0.0
5.0,16.0,18.0,18.0,17.82,17.82,1400.0,-0.17999999999999972
5.0,15.0,18.530001,18.690001,18.530001,18.690001,500.0,0.16000000000000014
5.0,14.0,20.040001,20.040001,20.040001,20.040001,0.0,0.0
5.0,11.0,20.040001,20.040001,20.040001,20.040001,0.0,0.0
5.0,10.0,20.040001,20.040001,20.040001,20.040001,0.0,0.0
5.0,9.0,20.040001,20.040001,20.040001,20.040001,0.0,0.0
5.0,8.0,19.940001,20.040001,19.940001,20.040001,500.0,0.10000000000000142
5.0,7.0,19.91,19.91,19.91,19.91,200.0,0.0
5.0,4.0,19.870001,19.870001,19.870001,19.870001,0.0,0.0
5.0,3.0,19.870001,19.870001,19.870001,19.870001,0.0,0.0
5.0,2.0,19.870001,19.870001,19.870001,19.870001,0.0,0.0
5.0,1.0,19.870001,19.870001,19.870001,19.870001,700.0,0.0
4.0,30.0,19.530001,19.530001,19.530001,19.530001,0.0,0.0
4.0,27.0,19.530001,19.530001,19.530001,19.530001,200.0,0.0
4.0,26.0,19.559999,19.559999,19.559999,19.559999,0.0,0.0
4.0,25.0,19.559999,19.559999,19.559999,19.559999,0.0,0.0
4.0,24.0,19.559999,19.559999,19.559999,19.559999,0.0,0.0
4.0,23.0,19.559999,19.559999,19.559999,19.559999,0.0,0.0
4.0,20.0,19.559999,19.559999,19.559999,19.559999,0.0,0.0
4.0,19.0,19.559999,19.559999,19.559999,19.559999,0.0,0.0
4.0,18.0,19.559999,19.559999,19.559999,19.559999,0.0,0.0
4.0,17.0,19.41,19.559999,19.41,19.559999,600.0,0.1499990000000011
4.0,16.0,19.389999,19.389999,19.389999,19.389999,0.0,0.0
4.0,13.0,19.389999,19.389999,19.389999,19.389999,0.0,0.0
4.0,12.0,19.389999,19.389999,19.389999,19.389999,0.0,0.0
4.0,11.0,19.389999,19.389999,19.389999,19.389999,0.0,0.0
4.0,10.0,19.389999,19.389999,19.389999,19.389999,600.0,0.0
4.0,9.0,19.76,19.76,19.76,19.76,0.0,0.0
4.0,5.0,19.76,19.76,19.76,19.76,0.0,0.0
4.0,4.0,19.76,19.76,19.76,19.76,0.0,0.0
4.0,3.0,19.76,19.76,19.76,19.76,0.0,0.0
4.0,2.0,19.76,19.76,19.76,19.76,100.0,0.0
3.0,30.0,20.049999,20.049999,20.049999,20.049999,0.0,0.0
3.0,29.0,20.049999,20.049999,20.049999,20.049999,0.0,0.0
3.0,28.0,20.049999,20.049999,20.049999,20.049999,0.0,0.0
3.0,27.0,20.049999,20.049999,20.049999,20.049999,0.0,0.0
3.0,26.0,20.049999,20.049999,20.049999,20.049999,0.0,0.0
3.0,23.0,20.049999,20.049999,20.049999,20.049999,0.0,0.0
3.0,22.0,20.049999,20.049999,20.049999,20.049999,0.0,0.0
3.0,21.0,20.049999,20.049999,20.049999,20.049999,300.0,0.0
3.0,20.0,20.5,20.5,20.5,20.5,0.0,0.0
3.0,19.0,20.5,20.5,20.5,20.5,300.0,0.0
3.0,16.0,20.77,20.77,20.77,20.77,0.0,0.0
3.0,15.0,20.77,20.77,20.77,20.77,0.0,0.0
3.0,14.0,20.77,20.77,20.77,20.77,0.0,0.0
3.0,13.0,20.77,20.77,20.77,20.77,0.0,0.0
3.0,12.0,20.77,20.77,20.77,20.77,0.0,0.0
3.0,9.0,20.77,20.77,20.77,20.77,200.0,0.0
3.0,8.0,20.709999,20.709999,20.709999,20.709999,0.0,0.0
3.0,7.0,20.709999,20.709999,20.709999,20.709999,0.0,0.0
3.0,6.0,20.709999,20.709999,20.709999,20.709999,200.0,0.0
3.0,5.0,21.219999,21.219999,21.219999,21.219999,100.0,0.0
3.0,2.0,20.84,20.84,20.84,20.84,0.0,0.0
3.0,1.0,20.84,20.84,20.84,20.84,0.0,0.0
2.0,29.0,20.84,20.84,20.84,20.84,0.0,0.0
2.0,28.0,20.84,20.84,20.84,20.84,0.0,0.0
2.0,27.0,20.84,20.84,20.84,20.84,0.0,0.0
2.0,24.0,20.84,20.84,20.84,20.84,0.0,0.0
2.0,23.0,20.84,20.84,20.84,20.84,0.0,0.0
2.0,22.0,20.84,20.84,20.84,20.84,100.0,0.0
2.0,21.0,20.950001,20.950001,20.950001,20.950001,0.0,0.0
2.0,17.0,20.950001,20.950001,20.950001,20.950001,0.0,0.0
2.0,16.0,20.950001,20.950001,20.950001,20.950001,0.0,0.0
2.0,15.0,20.950001,20.950001,20.950001,20.950001,100.0,0.0
2.0,14.0,21.4,21.4,21.4,21.4,0.0,0.0
2.0,13.0,21.4,21.4,21.4,21.4,0.0,0.0
2.0,10.0,21.4,21.4,21.4,21.4,0.0,0.0
2.0,9.0,21.4,21.4,21.4,21.4,0.0,0.0
2.0,8.0,21.4,21.4,21.4,21.4,200.0,0.0
2.0,7.0,20.08,20.08,20.08,20.08,0.0,0.0
2.0,6.0,20.08,20.08,20.08,20.08,0.0,0.0
2.0,3.0,20.08,20.08,20.08,20.08,0.0,0.0
2.0,2.0,20.08,20.08,20.08,20.08,0.0,0.0
2.0,1.0,20.08,20.08,20.08,20.08,0.0,0.0
1.0,31.0,20.08,20.08,20.08,20.08,200.0,0.0
1.0,30.0,19.629999,19.629999,19.629999,19.629999,0.0,0.0
1.0,27.0,19.629999,19.629999,19.629999,19.629999,0.0,0.0
1.0,26.0,19.629999,19.629999,19.629999,19.629999,0.0,0.0
1.0,25.0,19.629999,19.629999,19.629999,19.629999,400.0,0.0
1.0,24.0,18.1,18.1,18.1,18.1,0.0,0.0
1.0,23.0,18.1,18.1,18.1,18.1,0.0,0.0
1.0,20.0,18.1,18.1,18.1,18.1,0.0,0.0
1.0,19.0,18.1,18.1,18.1,18.1,0.0,0.0
1.0,18.0,18.1,18.1,18.1,18.1,0.0,0.0
1.0,17.0,18.1,18.1,18.1,18.1,0.0,0.0
1.0,13.0,18.1,18.1,18.1,18.1,0.0,0.0
1.0,12.0,18.1,18.1,18.1,18.1,0.0,0.0
1.0,11.0,18.1,18.1,18.1,18.1,0.0,0.0
1.0,10.0,18.1,18.1,18.1,18.1,0.0,0.0
1.0,9.0,18.1,18.1,18.1,18.1,0.0,0.0
1.0,6.0,18.1,18.1,18.1,18.1,0.0,0.0
1.0,5.0,18.1,18.1,18.1,18.1,0.0,0.0
1.0,4.0,18.1,18.1,18.1,18.1,0.0,0.0
1.0,3.0,18.1,18.1,18.1,18.1,0.0,0.0
12.0,30.0,18.1,18.1,18.1,18.1,0.0,0.0
12.0,29.0,18.1,18.1,18.1,18.1,0.0,0.0
12.0,28.0,18.1,18.1,18.1,18.1,0.0,0.0
12.0,27.0,18.1,18.1,18.1,18.1,0.0,0.0
12.0,23.0,18.1,18.1,18.1,18.1,0.0,0.0
12.0,22.0,18.1,18.1,18.1,18.1,0.0,0.0
12.0,21.0,18.1,18.1,18.1,18.1,0.0,0.0
12.0,20.0,18.1,18.1,18.1,18.1,100.0,0.0
12.0,19.0,17.709999,17.709999,17.709999,17.709999,0.0,0.0
12.0,16.0,17.709999,17.709999,17.709999,17.709999,0.0,0.0
12.0,15.0,17.709999,17.709999,17.709999,17.709999,0.0,0.0
12.0,14.0,17.889999,17.889999,17.709999,17.709999,1400.0,-0.17999999999999972
12.0,13.0,17.969999,17.969999,17.969999,17.969999,0.0,0.0
12.0,12.0,17.969999,17.969999,17.969999,17.969999,0.0,0.0
12.0,9.0,17.969999,17.969999,17.969999,17.969999,0.0,0.0
12.0,8.0,17.969999,17.969999,17.969999,17.969999,0.0,0.0
12.0,7.0,17.969999,17.969999,17.969999,17.969999,0.0,0.0
12.0,6.0,17.969999,17.969999,17.969999,17.969999,0.0,0.0
12.0,5.0,18.059999,18.059999,17.969999,17.969999,600.0,-0.08999999999999986
12.0,2.0,17.58,17.58,17.58,17.58,0.0,0.0
12.0,1.0,17.58,17.58,17.58,17.58,0.0,0.0
11.0,30.0,17.58,17.58,17.58,17.58,0.0,0.0
11.0,29.0,17.58,17.58,17.58,17.58,0.0,0.0
11.0,28.0,17.58,17.58,17.58,17.58,0.0,0.0
11.0,25.0,17.58,17.58,17.58,17.58,1400.0,0.0
11.0,23.0,17.540001,17.59,17.540001,17.59,1600.0,0.04999899999999968
11.0,22.0,16.959999,16.959999,16.959999,16.959999,0.0,0.0
11.0,21.0,16.959999,16.959999,16.959999,16.959999,0.0,0.0
11.0,18.0,16.959999,16.959999,16.959999,16.959999,0.0,0.0
11.0,17.0,16.959999,16.959999,16.959999,16.959999,0.0,0.0
11.0,16.0,16.959999,16.959999,16.959999,16.959999,0.0,0.0
11.0,15.0,16.959999,16.959999,16.959999,16.959999,0.0,0.0
11.0,14.0,16.959999,16.959999,16.959999,16.959999,0.0,0.0
11.0,11.0,16.959999,16.959999,16.959999,16.959999,0.0,0.0
11.0,10.0,17.280001,17.280001,16.959999,16.959999,600.0,-0.3200019999999988
11.0,9.0,17.370001,17.370001,17.360001,17.360001,600.0,-0.00999999999999801
11.0,8.0,16.950001,16.950001,16.9,16.9,700.0,-0.05000100000000174
11.0,7.0,16.559999,16.559999,16.559999,16.559999,0.0,0.0
11.0,4.0,16.52,16.559999,16.52,16.559999,700.0,0.03999900000000167
11.0,3.0,16.389999,16.5,16.389999,16.5,400.0,0.11000100000000046
11.0,2.0,17.42,17.42,17.42,17.42,0.0,0.0
11.0,1.0,17.42,17.42,17.42,17.42,0.0,0.0
10.0,31.0,17.42,17.42,17.42,17.42,600.0,0.0
10.0,28.0,17.59,17.59,17.59,17.59,0.0,0.0
10.0,27.0,17.59,17.59,17.59,17.59,400.0,0.0
10.0,26.0,16.82,16.82,16.82,16.82,100.0,0.0
10.0,25.0,16.91,16.91,16.91,16.91,0.0,0.0
10.0,24.0,16.91,16.91,16.91,16.91,400.0,0.0
10.0,21.0,17.08,17.08,17.08,17.08,600.0,0.0
10.0,20.0,16.27,16.27,16.27,16.27,200.0,0.0
10.0,19.0,15.51,15.51,15.51,15.51,0.0,0.0
10.0,18.0,15.51,15.51,15.51,15.51,0.0,0.0
10.0,17.0,15.51,15.51,15.51,15.51,0.0,0.0
10.0,14.0,15.51,15.51,15.51,15.51,0.0,0.0
10.0,13.0,15.51,15.51,15.51,15.51,200.0,0.0
10.0,12.0,15.4,15.4,15.4,15.4,200.0,0.0
10.0,11.0,14.8,14.8,14.8,14.8,0.0,0.0
10.0,10.0,14.8,14.8,14.8,14.8,0.0,0.0
10.0,7.0,14.8,14.8,14.8,14.8,0.0,0.0
10.0,6.0,14.8,14.8,14.8,14.8,0.0,0.0
10.0,5.0,14.8,14.8,14.8,14.8,200.0,0.0
10.0,4.0,14.66,14.66,14.66,14.66,0.0,0.0
10.0,3.0,14.66,14.66,14.66,14.66,0.0,0.0
9.0,30.0,14.66,14.66,14.66,14.66,0.0,0.0
9.0,29.0,14.66,14.66,14.66,14.66,0.0,0.0
9.0,28.0,14.66,14.66,14.66,14.66,300.0,0.0
9.0,27.0,13.11,13.11,13.11,13.11,0.0,0.0
9.0,26.0,13.11,13.11,13.11,13.11,200.0,0.0
9.0,23.0,13.2,13.2,13.2,13.2,200.0,0.0
9.0,22.0,15.14,15.14,15.14,15.14,0.0,0.0
9.0,21.0,15.14,15.14,15.14,15.14,0.0,0.0
9.0,20.0,15.14,15.14,15.14,15.14,400.0,0.0
9.0,19.0,15.11,15.11,15.11,15.11,0.0,0.0
9.0,16.0,15.11,15.11,15.11,15.11,0.0,0.0
9.0,15.0,15.11,15.11,15.11,15.11,0.0,0.0
9.0,14.0,15.11,15.11,15.11,15.11,0.0,0.0
9.0,13.0,15.11,15.11,15.11,15.11,0.0,0.0
9.0,12.0,15.11,15.11,15.11,15.11,400.0,0.0
9.0,9.0,15.93,15.93,15.93,15.93,200.0,0.0
9.0,8.0,16.780001,16.780001,16.780001,16.780001,0.0,0.0
9.0,7.0,16.780001,16.780001,16.780001,16.780001,0.0,0.0
9.0,6.0,16.780001,16.780001,16.780001,16.780001,0.0,0.0
9.0,2.0,16.780001,16.780001,16.780001,16.780001,800.0,0.0
9.0,1.0,17.040001,17.040001,17.040001,17.040001,400.0,0.0
8.0,31.0,17.030001,17.030001,17.030001,17.030001,500.0,0.0
8.0,30.0,17.51,17.51,17.51,17.51,0.0,0.0
8.0,29.0,17.51,17.51,17.51,17.51,0.0,0.0
8.0,26.0,17.51,17.51,17.51,17.51,200.0,0.0
8.0,25.0,17.690001,17.690001,17.690001,17.690001,0.0,0.0
8.0,24.0,17.690001,17.690001,17.690001,17.690001,0.0,0.0
8.0,23.0,17.690001,17.690001,17.690001,17.690001,0.0,0.0
8.0,22.0,17.690001,17.690001,17.690001,17.690001,0.0,0.0
8.0,19.0,17.690001,17.690001,17.690001,17.690001,0.0,0.0
8.0,18.0,17.690001,17.690001,17.690001,17.690001,0.0,0.0
8.0,17.0,17.690001,17.690001,17.690001,17.690001,0.0,0.0
8.0,16.0,17.690001,17.690001,17.690001,17.690001,0.0,0.0
8.0,15.0,17.690001,17.690001,17.690001,17.690001,0.0,0.0
8.0,12.0,17.690001,17.690001,17.690001,17.690001,200.0,0.0
8.0,11.0,17.77,17.77,17.77,17.77,500.0,0.0
8.0,10.0,17.17,17.17,17.17,17.17,0.0,0.0
8.0,9.0,17.17,17.17,17.17,17.17,1000.0,0.0
8.0,8.0,17.67,17.67,17.16,17.16,1600.0,-0.5100000000000016
8.0,5.0,18.66,18.66,18.66,18.66,0.0,0.0
8.0,4.0,18.66,18.66,18.66,18.66,0.0,0.0
8.0,3.0,18.66,18.66,18.66,18.66,0.0,0.0
8.0,2.0,18.66,18.66,18.66,18.66,0.0,0.0
8.0,1.0,18.66,18.66,18.66,18.66,0.0,0.0
7.0,29.0,18.66,18.66,18.66,18.66,0.0,0.0
7.0,28.0,18.66,18.66,18.66,18.66,300.0,0.0
7.0,27.0,18.559999,18.559999,18.559999,18.559999,600.0,0.0
7.0,26.0,18.120001,18.120001,18.120001,18.120001,1400.0,0.0
7.0,25.0,18.09,18.200001,18.09,18.200001,800.0,0.11000100000000046
7.0,22.0,17.74,17.74,17.74,17.74,0.0,0.0
7.0,21.0,17.74,17.74,17.74,17.74,200.0,0.0
7.0,20.0,18.35,18.35,18.35,18.35,400.0,0.0
7.0,19.0,18.42,18.52,18.42,18.52,1600.0,0.09999999999999787
7.0,18.0,18.15,18.15,18.15,18.15,0.0,0.0
7.0,15.0,18.15,18.15,18.15,18.15,0.0,0.0
7.0,14.0,18.15,18.15,18.15,18.15,800.0,0.0
7.0,13.0,18.41,18.41,18.41,18.41,0.0,0.0
7.0,12.0,18.41,18.41,18.41,18.41,0.0,0.0
7.0,11.0,18.41,18.41,18.41,18.41,1200.0,0.0
7.0,8.0,18.389999,18.389999,18.370001,18.370001,400.0,-0.01999800000000107
7.0,7.0,19.219999,19.219999,19.219999,19.219999,300.0,0.0
7.0,6.0,18.879999,18.879999,18.879999,18.879999,0.0,0.0
7.0,5.0,18.879999,18.879999,18.879999,18.879999,0.0,0.0
7.0,1.0,18.629999,18.879999,18.629999,18.879999,900.0,0.25
6.0,30.0,18.09,18.09,18.09,18.09,0.0,0.0
6.0,29.0,18.09,18.09,18.09,18.09,0.0,0.0
6.0,28.0,18.09,18.09,18.09,18.09,0.0,0.0
6.0,27.0,18.09,18.09,18.09,18.09,0.0,0.0
6.0,24.0,18.09,18.09,18.09,18.09,0.0,0.0
6.0,23.0,18.09,18.09,18.09,18.09,0.0,0.0
6.0,22.0,18.09,18.09,18.09,18.09,0.0,0.0
6.0,21.0,18.07,18.09,18.07,18.09,900.0,0.019999999999999574
6.0,20.0,17.290001,17.290001,17.290001,17.290001,200.0,0.0
6.0,17.0,17.23,17.23,17.23,17.23,0.0,0.0
6.0,16.0,17.23,17.23,17.23,17.23,1100.0,0.0
6.0,15.0,20.049999,20.049999,20.049999,20.049999,0.0,0.0
6.0,14.0,20.049999,20.049999,20.049999,20.049999,0.0,0.0
6.0,13.0,20.049999,20.049999,20.049999,20.049999,0.0,0.0
6.0,10.0,20.049999,20.049999,20.049999,20.049999,900.0,0.0
6.0,9.0,21.110001,21.110001,21.110001,21.110001,0.0,0.0
6.0,8.0,21.110001,21.110001,21.110001,21.110001,0.0,0.0
6.0,7.0,21.110001,21.110001,21.110001,21.110001,0.0,0.0
6.0,6.0,21.110001,21.110001,21.110001,21.110001,0.0,0.0
6.0,3.0,20.75,21.110001,20.75,21.110001,1300.0,0.36000100000000046
6.0,2.0,21.15,21.15,21.15,21.15,400.0,0.0
6.0,1.0,20.92,20.92,20.92,20.92,0.0,0.0
5.0,31.0,20.92,20.92,20.92,20.92,0.0,0.0
5.0,27.0,20.92,20.92,20.92,20.92,1800.0,0.0
5.0,26.0,20.84,20.84,20.84,20.84,400.0,0.0
5.0,25.0,21.110001,21.110001,21.110001,21.110001,0.0,0.0
5.0,24.0,21.110001,21.110001,21.110001,21.110001,1300.0,0.0
5.0,23.0,21.16,21.16,21.16,21.16,400.0,0.0
5.0,20.0,21.58,21.58,21.58,21.58,0.0,0.0
5.0,19.0,21.58,21.58,21.58,21.58,500.0,0.0
5.0,18.0,21.860001,21.860001,21.860001,21.860001,1200.0,0.0
5.0,17.0,21.01,21.01,21.01,21.01,1300.0,0.0
5.0,16.0,21.360001,21.360001,21.360001,21.360001,600.0,0.0
5.0,13.0,22.049999,22.049999,22.049999,22.049999,0.0,0.0
5.0,12.0,22.049999,22.049999,22.049999,22.049999,0.0,0.0
5.0,11.0,21.75,22.049999,21.75,22.049999,1300.0,0.2999989999999997
5.0,10.0,21.969999,21.969999,21.969999,21.969999,900.0,0.0
5.0,9.0,21.42,21.42,21.42,21.42,0.0,0.0
5.0,6.0,21.42,21.42,21.42,21.42,0.0,0.0
5.0,5.0,21.42,21.42,21.42,21.42,0.0,0.0
5.0,4.0,21.42,21.42,21.42,21.42,0.0,0.0
5.0,3.0,21.42,21.42,21.42,21.42,0.0,0.0
5.0,2.0,21.42,21.42,21.42,21.42,0.0,0.0
4.0,29.0,21.42,21.42,21.42,21.42,0.0,0.0
4.0,28.0,21.42,21.42,21.42,21.42,0.0,0.0
4.0,27.0,21.42,21.42,21.42,21.42,0.0,0.0
4.0,26.0,21.42,21.42,21.42,21.42,0.0,0.0
4.0,25.0,21.42,21.42,21.42,21.42,0.0,0.0
4.0,21.0,21.42,21.42,21.42,21.42,100.0,0.0
4.0,20.0,23.559999,23.559999,23.559999,23.559999,0.0,0.0
4.0,19.0,23.559999,23.559999,23.559999,23.559999,0.0,0.0
4.0,18.0,23.559999,23.559999,23.559999,23.559999,0.0,0.0
4.0,15.0,23.559999,23.559999,23.559999,23.559999,0.0,0.0
4.0,14.0,23.559999,23.559999,23.559999,23.559999,0.0,0.0
4.0,13.0,23.559999,23.559999,23.559999,23.559999,0.0,0.0
4.0,12.0,23.559999,23.559999,23.559999,23.559999,0.0,0.0
4.0,11.0,23.559999,23.559999,23.559999,23.559999,0.0,0.0
4.0,8.0,23.559999,23.559999,23.559999,23.559999,0.0,0.0
4.0,7.0,23.559999,23.559999,23.559999,23.559999,0.0,0.0
4.0,6.0,23.559999,23.559999,23.559999,23.559999,0.0,0.0
4.0,5.0,23.559999,23.559999,23.559999,23.559999,200.0,0.0
4.0,4.0,22.26,22.26,22.26,22.26,0.0,0.0
4.0,1.0,22.26,22.26,22.26,22.26,0.0,0.0
3.0,31.0,22.26,22.26,22.26,22.26,7900.0,0.0
3.0,30.0,21.360001,21.360001,21.360001,21.360001,0.0,0.0
3.0,29.0,21.360001,21.360001,21.360001,21.360001,0.0,0.0
3.0,28.0,21.360001,21.360001,21.360001,21.360001,0.0,0.0
3.0,25.0,21.360001,21.360001,21.360001,21.360001,0.0,0.0
3.0,24.0,21.360001,21.360001,21.360001,21.360001,0.0,0.0
3.0,23.0,21.360001,21.360001,21.360001,21.360001,0.0,0.0
3.0,22.0,21.41,21.41,21.360001,21.360001,400.0,-0.04999899999999968
3.0,21.0,21.33,21.33,21.33,21.33,0.0,0.0
3.0,18.0,21.33,21.33,21.33,21.33,0.0,0.0
3.0,17.0,21.33,21.33,21.33,21.33,0.0,0.0
3.0,16.0,21.33,21.33,21.33,21.33,0.0,0.0
3.0,15.0,21.33,21.33,21.33,21.33,0.0,0.0
3.0,14.0,21.33,21.33,21.33,21.33,0.0,0.0
3.0,11.0,21.33,21.33,21.33,21.33,0.0,0.0
3.0,10.0,21.33,21.33,21.33,21.33,0.0,0.0
3.0,9.0,21.33,21.33,21.33,21.33,0.0,0.0
3.0,8.0,21.33,21.33,21.33,21.33,0.0,0.0
3.0,7.0,21.33,21.33,21.33,21.33,0.0,0.0
3.0,4.0,21.33,21.33,21.33,21.33,0.0,0.0
3.0,3.0,21.33,21.33,21.33,21.33,0.0,0.0
3.0,2.0,21.33,21.33,21.33,21.33,0.0,0.0
3.0,1.0,21.33,21.33,21.33,21.33,0.0,0.0
2.0,28.0,21.33,21.33,21.33,21.33,0.0,0.0
2.0,25.0,21.33,21.33,21.33,21.33,0.0,0.0
2.0,24.0,21.33,21.33,21.33,21.33,0.0,0.0
2.0,23.0,21.33,21.33,21.33,21.33,0.0,0.0
2.0,22.0,21.41,21.41,21.33,21.33,5000.0,-0.08000000000000185
2.0,18.0,21.049999,21.049999,21.049999,21.049999,6000.0,0.0
2.0,17.0,21.059999,21.059999,21.059999,21.059999,0.0,0.0
2.0,16.0,21.059999,21.059999,21.059999,21.059999,0.0,0.0
2.0,15.0,21.059999,21.059999,21.059999,21.059999,700.0,0.0
2.0,14.0,20.98,20.98,20.98,20.98,0.0,0.0
2.0,11.0,20.98,20.98,20.98,20.98,400.0,0.0
2.0,10.0,21.26,21.33,20.959999,21.33,400.0,0.06999999999999673
2.0,9.0,21.120001,21.120001,21.120001,21.120001,1300.0,0.0
2.0,8.0,21.280001,21.280001,21.280001,21.280001,700.0,0.0
2.0,7.0,21.98,21.98,21.98,21.98,0.0,0.0
2.0,4.0,21.98,21.98,21.98,21.98,0.0,0.0
2.0,3.0,21.98,21.98,21.98,21.98,0.0,0.0
2.0,2.0,21.98,21.98,21.98,21.98,0.0,0.0
2.0,1.0,21.98,21.98,21.98,21.98,0.0,0.0
1.0,31.0,21.98,21.98,21.98,21.98,0.0,0.0
1.0,28.0,21.98,21.98,21.98,21.98,0.0,0.0
1.0,27.0,21.98,21.98,21.98,21.98,1500.0,0.0
1.0,26.0,21.25,21.25,21.25,21.25,0.0,0.0
1.0,25.0,21.25,21.25,21.25,21.25,0.0,0.0
1.0,24.0,21.25,21.25,21.25,21.25,0.0,0.0
1.0,21.0,21.25,21.25,21.25,21.25,0.0,0.0
1.0,20.0,21.25,21.25,21.25,21.25,200.0,0.0
1.0,19.0,22.139999,22.139999,22.1,22.1,1200.0,-0.03999899999999812
1.0,18.0,23.02,23.02,23.02,23.02,0.0,0.0
1.0,14.0,23.02,23.02,23.02,23.02,0.0,0.0
1.0,13.0,23.02,23.02,23.02,23.02,0.0,0.0
1.0,12.0,23.02,23.02,23.02,23.02,200.0,0.0
1.0,11.0,23.700001,23.700001,23.700001,23.700001,0.0,0.0
1.0,10.0,23.700001,23.700001,23.700001,23.700001,200.0,0.0
1.0,7.0,23.76,23.76,23.76,23.76,200.0,0.0
1.0,6.0,23.26,23.26,23.26,23.26,200.0,0.0
1.0,5.0,23.25,23.299999,23.25,23.299999,6000.0,0.04999899999999968
1.0,4.0,22.25,22.25,22.25,22.25,0.0,0.0
1.0,3.0,22.25,22.25,22.25,22.25,0.0,0.0
12.0,31.0,22.25,22.25,22.25,22.25,0.0,0.0
12.0,30.0,22.25,22.25,22.25,22.25,0.0,0.0
12.0,29.0,22.25,22.25,22.25,22.25,0.0,0.0
12.0,28.0,22.25,22.25,22.25,22.25,0.0,0.0
12.0,27.0,22.25,22.25,22.25,22.25,0.0,0.0
12.0,23.0,22.25,22.25,22.25,22.25,0.0,0.0
12.0,22.0,22.25,22.25,22.25,22.25,0.0,0.0
12.0,21.0,22.25,22.25,22.25,22.25,0.0,0.0
12.0,20.0,22.25,22.25,22.25,22.25,0.0,0.0
12.0,17.0,22.25,22.25,22.25,22.25,0.0,0.0
12.0,16.0,22.25,22.25,22.25,22.25,0.0,0.0
12.0,15.0,22.25,22.25,22.25,22.25,0.0,0.0
12.0,14.0,22.25,22.25,22.25,22.25,0.0,0.0
12.0,13.0,22.25,22.25,22.25,22.25,200.0,0.0
12.0,10.0,22.4,22.4,22.4,22.4,0.0,0.0
12.0,9.0,22.4,22.4,22.4,22.4,0.0,0.0
12.0,8.0,22.4,22.4,22.4,22.4,0.0,0.0
12.0,7.0,22.4,22.4,22.4,22.4,0.0,0.0
12.0,6.0,22.4,22.4,22.4,22.4,0.0,0.0
12.0,3.0,22.4,22.4,22.4,22.4,0.0,0.0
12.0,2.0,22.4,22.4,22.4,22.4,0.0,0.0
12.0,1.0,22.4,22.4,22.4,22.4,0.0,0.0
11.0,30.0,22.4,22.4,22.4,22.4,0.0,0.0
11.0,29.0,22.4,22.4,22.4,22.4,0.0,0.0
11.0,26.0,22.4,22.4,22.4,22.4,0.0,0.0
11.0,24.0,22.4,22.4,22.4,22.4,0.0,0.0
11.0,23.0,22.4,22.4,22.4,22.4,0.0,0.0
11.0,22.0,22.4,22.4,22.4,22.4,0.0,0.0
11.0,19.0,22.4,22.4,22.4,22.4,0.0,0.0
11.0,18.0,22.4,22.4,22.4,22.4,0.0,0.0
11.0,17.0,22.4,22.4,22.4,22.4,0.0,0.0
11.0,16.0,22.4,22.4,22.4,22.4,0.0,0.0
11.0,15.0,22.4,22.4,22.4,22.4,0.0,0.0
11.0,12.0,22.4,22.4,22.4,22.4,0.0,0.0
11.0,11.0,22.4,22.4,22.4,22.4,0.0,0.0
11.0,10.0,22.4,22.4,22.4,22.4,0.0,0.0
11.0,9.0,22.4,22.4,22.4,22.4,0.0,0.0
11.0,8.0,22.4,22.4,22.4,22.4,0.0,0.0
11.0,5.0,22.4,22.4,22.4,22.4,0.0,0.0
11.0,4.0,22.4,22.4,22.4,22.4,0.0,0.0
11.0,3.0,22.4,22.4,22.4,22.4,0.0,0.0
11.0,2.0,22.4,22.4,22.4,22.4,0.0,0.0
11.0,1.0,22.4,22.4,22.4,22.4,0.0,0.0
10.0,29.0,22.4,22.4,22.4,22.4,0.0,0.0
10.0,28.0,22.4,22.4,22.4,22.4,0.0,0.0
10.0,27.0,22.4,22.4,22.4,22.4,500.0,0.0
10.0,26.0,22.27,22.27,22.27,22.27,0.0,0.0
10.0,25.0,22.27,22.27,22.27,22.27,0.0,0.0
10.0,22.0,22.27,22.27,22.27,22.27,0.0,0.0
10.0,21.0,22.27,22.27,22.27,22.27,1000.0,0.0
10.0,20.0,22.959999,22.959999,22.959999,22.959999,0.0,0.0
10.0,19.0,22.959999,22.959999,22.959999,22.959999,300.0,0.0
10.0,18.0,22.110001,22.110001,22.110001,22.110001,0.0,0.0
10.0,15.0,22.110001,22.110001,22.110001,22.110001,800.0,0.0
10.0,14.0,22.25,22.25,22.25,22.25,200.0,0.0
10.0,13.0,20.879999,20.879999,20.879999,20.879999,0.0,0.0
10.0,12.0,20.879999,20.879999,20.879999,20.879999,0.0,0.0
10.0,11.0,20.879999,20.879999,20.879999,20.879999,400.0,0.0
10.0,8.0,20.74,20.74,20.74,20.74,0.0,0.0
10.0,7.0,20.74,20.74,20.74,20.74,0.0,0.0
10.0,6.0,20.74,20.74,20.74,20.74,0.0,0.0
10.0,5.0,20.49,20.74,20.49,20.74,4100.0,0.25
10.0,4.0,20.559999,20.559999,20.559999,20.559999,0.0,0.0
10.0,1.0,20.559999,20.559999,20.559999,20.559999,0.0,0.0
9.0,30.0,20.559999,20.559999,20.559999,20.559999,0.0,0.0
9.0,29.0,20.559999,20.559999,20.559999,20.559999,0.0,0.0
9.0,28.0,20.559999,20.559999,20.559999,20.559999,0.0,0.0
9.0,27.0,20.559999,20.559999,20.559999,20.559999,0.0,0.0
9.0,24.0,20.559999,20.559999,20.559999,20.559999,0.0,0.0
9.0,23.0,20.559999,20.559999,20.559999,20.559999,0.0,0.0
9.0,22.0,20.559999,20.559999,20.559999,20.559999,200.0,0.0
9.0,21.0,20.01,20.01,20.01,20.01,0.0,0.0
9.0,20.0,20.01,20.01,20.01,20.01,0.0,0.0
9.0,17.0,20.01,20.01,20.01,20.01,0.0,0.0
9.0,16.0,20.01,20.01,20.01,20.01,0.0,0.0
9.0,15.0,20.01,20.01,20.01,20.01,0.0,0.0
9.0,14.0,20.01,20.01,20.01,20.01,0.0,0.0
9.0,13.0,20.01,20.01,20.01,20.01,0.0,0.0
9.0,10.0,20.01,20.01,20.01,20.01,0.0,0.0
9.0,9.0,20.01,20.01,20.01,20.01,0.0,0.0
9.0,8.0,20.01,20.01,20.01,20.01,0.0,0.0
9.0,7.0,20.01,20.01,20.01,20.01,0.0,0.0
9.0,3.0,20.01,20.01,20.01,20.01,0.0,0.0
9.0,2.0,20.01,20.01,20.01,20.01,0.0,0.0
9.0,1.0,20.01,20.01,20.01,20.01,0.0,0.0
8.0,31.0,20.01,20.01,20.01,20.01,0.0,0.0
8.0,30.0,20.01,20.01,20.01,20.01,0.0,0.0
8.0,27.0,19.940001,20.01,19.940001,20.01,1000.0,0.06999900000000281
8.0,26.0,19.440001,19.440001,19.440001,19.440001,0.0,0.0
8.0,25.0,19.440001,19.440001,19.440001,19.440001,0.0,0.0
8.0,24.0,19.440001,19.440001,19.440001,19.440001,0.0,0.0
8.0,23.0,19.440001,19.440001,19.440001,19.440001,1000.0,0.0
8.0,20.0,19.65,19.65,19.65,19.65,200.0,0.0
8.0,19.0,19.4,19.4,19.4,19.4,0.0,0.0
8.0,18.0,19.4,19.4,19.4,19.4,0.0,0.0
8.0,17.0,19.4,19.4,19.4,19.4,0.0,0.0
8.0,16.0,19.4,19.4,19.4,19.4,0.0,0.0
8.0,13.0,19.4,19.4,19.4,19.4,0.0,0.0
8.0,12.0,19.4,19.4,19.4,19.4,0.0,0.0
8.0,11.0,19.4,19.4,19.4,19.4,0.0,0.0
8.0,10.0,19.4,19.4,19.4,19.4,0.0,0.0
8.0,9.0,19.4,19.4,19.4,19.4,0.0,0.0
8.0,6.0,19.4,19.4,19.4,19.4,0.0,0.0
8.0,5.0,19.4,19.4,19.4,19.4,200.0,0.0
8.0,4.0,18.860001,18.860001,18.860001,18.860001,0.0,0.0
8.0,3.0,18.860001,18.860001,18.860001,18.860001,0.0,0.0
8.0,2.0,18.860001,18.860001,18.860001,18.860001,0.0,0.0
7.0,30.0,18.860001,18.860001,18.860001,18.860001,0.0,0.0
7.0,29.0,18.860001,18.860001,18.860001,18.860001,0.0,0.0
7.0,28.0,18.860001,18.860001,18.860001,18.860001,0.0,0.0
7.0,27.0,18.860001,18.860001,18.860001,18.860001,0.0,0.0
7.0,26.0,18.860001,18.860001,18.860001,18.860001,0.0,0.0
7.0,23.0,18.860001,18.860001,18.860001,18.860001,0.0,0.0
7.0,22.0,18.860001,18.860001,18.860001,18.860001,0.0,0.0
7.0,21.0,18.860001,18.860001,18.860001,18.860001,0.0,0.0
7.0,20.0,18.860001,18.860001,18.860001,18.860001,300.0,0.0
7.0,19.0,18.309999,18.309999,18.309999,18.309999,900.0,0.0
7.0,16.0,18.1,18.1,18.1,18.1,1200.0,0.0
7.0,15.0,18.200001,18.200001,18.200001,18.200001,0.0,0.0
7.0,14.0,18.200001,18.200001,18.200001,18.200001,0.0,0.0
7.0,13.0,18.200001,18.200001,18.200001,18.200001,0.0,0.0
7.0,12.0,18.200001,18.200001,18.200001,18.200001,0.0,0.0
7.0,9.0,18.200001,18.200001,18.200001,18.200001,0.0,0.0
7.0,8.0,18.200001,18.200001,18.200001,18.200001,600.0,0.0
7.0,7.0,18.299999,18.299999,18.299999,18.299999,0.0,0.0
7.0,6.0,18.299999,18.299999,18.299999,18.299999,0.0,0.0
7.0,2.0,18.299999,18.299999,18.299999,18.299999,0.0,0.0
7.0,1.0,18.299999,18.299999,18.299999,18.299999,0.0,0.0
6.0,30.0,18.299999,18.299999,18.299999,18.299999,0.0,0.0
6.0,29.0,18.299999,18.299999,18.299999,18.299999,0.0,0.0
6.0,28.0,18.299999,18.299999,18.299999,18.299999,0.0,0.0
6.0,25.0,18.299999,18.299999,18.299999,18.299999,0.0,0.0
6.0,24.0,18.299999,18.299999,18.299999,18.299999,0.0,0.0
6.0,23.0,18.299999,18.299999,18.299999,18.299999,0.0,0.0
6.0,22.0,18.299999,18.299999,18.299999,18.299999,0.0,0.0
6.0,21.0,18.299999,18.299999,18.299999,18.299999,0.0,0.0
6.0,18.0,18.299999,18.299999,18.299999,18.299999,0.0,0.0
6.0,17.0,18.299999,18.299999,18.299999,18.299999,0.0,0.0
6.0,16.0,18.299999,18.299999,18.299999,18.299999,200.0,0.0
6.0,15.0,18.459999,18.459999,18.459999,18.459999,100.0,0.0
6.0,14.0,18.450001,18.450001,18.450001,18.450001,0.0,0.0
6.0,11.0,18.450001,18.450001,18.450001,18.450001,0.0,0.0
6.0,10.0,18.450001,18.450001,18.450001,18.450001,200.0,0.0
6.0,9.0,18.02,18.02,18.02,18.02,0.0,0.0
6.0,8.0,18.02,18.02,18.02,18.02,200.0,0.0
6.0,7.0,17.700001,17.700001,17.700001,17.700001,0.0,0.0
6.0,4.0,17.700001,17.700001,17.700001,17.700001,0.0,0.0
6.0,3.0,17.700001,17.700001,17.700001,17.700001,0.0,0.0
6.0,2.0,17.700001,17.700001,17.700001,17.700001,0.0,0.0
6.0,1.0,17.700001,17.700001,17.700001,17.700001,0.0,0.0
5.0,28.0,17.700001,17.700001,17.700001,17.700001,0.0,0.0
5.0,27.0,17.700001,17.700001,17.700001,17.700001,400.0,0.0
5.0,26.0,17.299999,17.299999,17.299999,17.299999,200.0,0.0
5.0,25.0,17.91,17.91,17.91,17.91,500.0,0.0
5.0,24.0,18.08,18.08,18.08,18.08,0.0,0.0
5.0,21.0,18.08,18.08,18.08,18.08,0.0,0.0
5.0,20.0,18.07,18.08,18.07,18.08,600.0,0.00999999999999801
5.0,19.0,18.58,18.58,18.58,18.58,0.0,0.0
5.0,18.0,18.58,18.58,18.58,18.58,0.0,0.0
5.0,17.0,18.58,18.58,18.58,18.58,0.0,0.0
5.0,14.0,18.58,18.58,18.58,18.58,200.0,0.0
5.0,13.0,19.299999,19.299999,19.299999,19.299999,0.0,0.0
5.0,12.0,19.299999,19.299999,19.299999,19.299999,0.0,0.0
5.0,11.0,19.299999,19.299999,19.299999,19.299999,400.0,0.0
5.0,10.0,18.4,18.4,18.4,18.4,0.0,0.0
5.0,7.0,18.4,18.4,18.4,18.4,0.0,0.0
5.0,6.0,19.190001,19.190001,18.4,18.4,600.0,-0.7900010000000002
5.0,5.0,19.030001,19.030001,19.030001,19.030001,0.0,0.0
5.0,4.0,19.030001,19.030001,19.030001,19.030001,0.0,0.0
5.0,3.0,19.030001,19.030001,19.030001,19.030001,400.0,0.0
4.0,30.0,18.969999,18.969999,18.969999,18.969999,0.0,0.0
4.0,29.0,18.969999,18.969999,18.969999,18.969999,200.0,0.0
4.0,28.0,18.35,18.35,18.35,18.35,400.0,0.0
4.0,27.0,18.540001,18.540001,18.309999,18.309999,4000.0,-0.23000199999999893
4.0,26.0,18.889999,18.889999,18.889999,18.889999,200.0,0.0
