9.0,25.0,26.120001,26.200001,26.120001,26.200001,11600.0,0.08000000000000185
9.0,24.0,25.99,26.200001,25.99,26.200001,15700.0,0.21000100000000188
9.0,23.0,26.15,26.23,25.99,26.030001,18200.0,-0.11999899999999997
9.0,22.0,26.15,26.15,26.09,26.1,63200.0,-0.04999999999999716
9.0,21.0,26.120001,26.129999,26.08,26.1,7600.0,-0.02000099999999705
9.0,18.0,26.25,26.25,26.1,26.15,65600.0,-0.10000000000000142
9.0,17.0,26.15,26.33,26.09,26.26,25900.0,0.11000000000000298
9.0,16.0,26.15,26.370001,26.07,26.290001,13600.0,0.1400010000000016
9.0,15.0,26.190001,26.24,26.049999,26.09,13900.0,-0.1000009999999989
9.0,14.0,26.190001,26.299999,26.110001,26.110001,7400.0,-0.0799999999999983
9.0,11.0,26.459999,26.5,26.190001,26.24,14400.0,-0.2199990000000014
9.0,10.0,26.440001,26.549999,26.440001,26.52,7100.0,0.07999900000000082
9.0,9.0,26.59,26.59,26.459999,26.48,12600.0,-0.10999999999999943
9.0,8.0,26.42,26.51,26.4,26.49,54600.0,0.06999999999999673
9.0,4.0,26.4,26.540001,26.299999,26.49,10300.0,0.08999999999999986
9.0,3.0,26.43,26.5,26.4,26.41,6100.0,-0.019999999999999574
9.0,2.0,26.48,26.559999,26.379999,26.469999,17400.0,-0.010000999999999038
9.0,1.0,26.299999,26.58,26.299999,26.51,12200.0,0.21000100000000188
8.0,31.0,26.26,26.58,26.26,26.52,11100.0,0.259999999999998
8.0,28.0,26.280001,26.51,26.17,26.48,22900.0,0.19999900000000181
8.0,27.0,26.139999,26.370001,26.139999,26.26,16900.0,0.12000100000000202
8.0,26.0,25.700001,26.200001,25.610001,26.190001,22300.0,0.48999999999999844
8.0,25.0,25.58,25.860001,25.58,25.77,8400.0,0.19000000000000128
8.0,24.0,25.9,25.93,25.280001,25.6,23900.0,-0.29999999999999716
8.0,21.0,26.09,26.09,26.0,26.0,9100.0,-0.08999999999999986
8.0,20.0,26.049999,26.129999,26.049999,26.059999,5500.0,0.010000000000001563
8.0,19.0,26.049999,26.23,26.049999,26.129999,4800.0,0.08000000000000185
8.0,18.0,26.190001,26.23,26.1,26.209999,8000.0,0.01999800000000107
8.0,17.0,26.370001,26.370001,26.190001,26.25,11300.0,-0.12000099999999847
8.0,14.0,26.25,26.299999,26.190001,26.24,17500.0,-0.010000000000001563
8.0,13.0,26.43,26.43,26.23,26.299999,5300.0,-0.13000100000000003
8.0,12.0,26.24,26.440001,26.24,26.33,7200.0,0.08999999999999986
8.0,11.0,26.280001,26.35,26.27,26.290001,12200.0,0.010000000000001563
8.0,10.0,26.469999,26.5,26.290001,26.290001,30300.0,-0.1799980000000012
8.0,7.0,26.450001,26.450001,26.129999,26.360001,9900.0,-0.08999999999999986
8.0,6.0,26.27,26.48,26.27,26.35,13900.0,0.08000000000000185
8.0,5.0,26.27,26.48,26.24,26.33,13300.0,0.05999999999999872
8.0,4.0,26.450001,26.49,26.27,26.299999,16600.0,-0.15000200000000063
8.0,3.0,26.459999,26.459999,26.219999,26.35,10400.0,-0.1099989999999984
7.0,31.0,26.43,26.43,26.190001,26.389999,8800.0,-0.040001000000000175
7.0,30.0,26.23,26.33,26.219999,26.33,5000.0,0.09999999999999787
7.0,29.0,26.1,26.219999,26.049999,26.129999,9100.0,0.02999900000000011
7.0,28.0,26.49,26.49,26.280001,26.49,14200.0,0.0
7.0,27.0,26.379999,26.49,26.379999,26.48,12600.0,0.1000009999999989
7.0,24.0,26.370001,26.4,26.370001,26.4,7100.0,0.02999900000000011
7.0,23.0,26.200001,26.459999,26.200001,26.43,7700.0,0.2299989999999994
7.0,22.0,26.33,26.34,26.219999,26.26,11800.0,-0.06999999999999673
7.0,21.0,26.35,26.389999,26.26,26.27,13400.0,-0.08000000000000185
7.0,20.0,26.27,26.41,26.27,26.34,11100.0,0.07000000000000028
7.0,17.0,26.17,26.469999,26.139999,26.43,38400.0,0.259999999999998
7.0,16.0,26.209999,26.459999,26.18,26.309999,32100.0,0.10000000000000142
7.0,15.0,25.92,26.200001,25.92,26.200001,18500.0,0.2800009999999986
7.0,14.0,25.9,26.030001,25.870001,25.92,5100.0,0.020000000000003126
7.0,13.0,25.82,25.879999,25.77,25.83,5400.0,0.00999999999999801
7.0,10.0,25.83,25.9,25.66,25.75,19600.0,-0.0799999999999983
7.0,9.0,25.82,26.049999,25.68,25.9,17600.0,0.0799999999999983
7.0,8.0,25.620001,25.940001,25.620001,25.85,7900.0,0.22999900000000295
7.0,7.0,25.780001,25.940001,25.74,25.91,13300.0,0.12999900000000153
7.0,6.0,25.709999,25.870001,25.709999,25.85,11300.0,0.1400010000000016
7.0,2.0,25.709999,25.92,25.709999,25.870001,8000.0,0.16000199999999865
7.0,1.0,25.719999,25.83,25.719999,25.75,10800.0,0.030000999999998612
6.0,30.0,25.610001,25.73,25.6,25.73,7200.0,0.11999899999999997
6.0,29.0,25.43,25.68,25.43,25.59,10500.0,0.16000000000000014
6.0,26.0,25.780001,25.799999,25.6,25.66,57800.0,-0.12000099999999847
6.0,25.0,25.66,25.74,25.620001,25.690001,13800.0,0.030000999999998612
6.0,24.0,25.65,25.75,25.57,25.67,11700.0,0.020000000000003126
6.0,23.0,25.66,25.719999,25.52,25.6,8700.0,-0.05999999999999872
6.0,22.0,25.75,25.77,25.5,25.59,8800.0,-0.16000000000000014
6.0,19.0,25.799999,25.870001,25.59,25.629999,7200.0,-0.16999999999999815
6.0,18.0,25.879999,25.91,25.790001,25.790001,9700.0,-0.08999800000000135
6.0,17.0,25.9,25.9,25.700001,25.85,8000.0,-0.04999999999999716
6.0,16.0,25.91,25.91,25.780001,25.91,10400.0,0.0
6.0,15.0,25.91,25.91,25.700001,25.809999,6200.0,-0.1000009999999989
6.0,12.0,25.790001,25.879999,25.73,25.870001,6000.0,0.0799999999999983
6.0,11.0,25.76,25.9,25.76,25.860001,3200.0,0.1000009999999989
6.0,10.0,25.959999,25.959999,25.68,25.799999,6700.0,-0.16000000000000014
6.0,9.0,25.9,25.91,25.83,25.9,3900.0,0.0
6.0,8.0,25.93,26.0,25.879999,25.889999,5800.0,-0.040001000000000175
6.0,5.0,26.0,26.049999,25.959999,25.99,6900.0,-0.010000000000001563
6.0,4.0,26.08,26.1,25.940001,26.07,10300.0,-0.00999999999999801
6.0,3.0,25.99,26.07,25.85,26.07,20900.0,0.08000000000000185
6.0,2.0,25.950001,25.99,25.799999,25.98,30400.0,0.02999900000000011
6.0,1.0,26.209999,26.209999,26.01,26.030001,5900.0,-0.1799980000000012
5.0,29.0,26.09,26.1,25.91,26.07,14300.0,-0.019999999999999574
5.0,28.0,25.93,26.059999,25.93,26.059999,8500.0,0.12999900000000153
5.0,27.0,26.07,26.07,25.950001,26.049999,45100.0,-0.0200010000000006
5.0,26.0,25.92,26.08,25.92,26.059999,9000.0,0.13999899999999954
5.0,22.0,25.879999,26.09,25.879999,26.0,7200.0,0.12000099999999847
5.0,21.0,26.07,26.1,25.98,26.07,6700.0,0.0
5.0,20.0,25.860001,26.1,25.83,26.0,9600.0,0.13999899999999954
5.0,19.0,25.940001,26.01,25.76,25.870001,16200.0,-0.07000000000000028
5.0,18.0,25.9,25.940001,25.860001,25.889999,6700.0,-0.010000999999999038
5.0,15.0,26.24,26.35,25.870001,25.950001,22600.0,-0.2899989999999981
5.0,14.0,26.059999,26.33,26.0,26.040001,17000.0,-0.01999800000000107
5.0,13.0,25.66,26.129999,25.66,25.9,37900.0,0.23999999999999844
5.0,12.0,25.290001,25.940001,25.290001,25.719999,19900.0,0.4299980000000012
5.0,11.0,25.59,25.76,25.42,25.59,35400.0,0.0
5.0,8.0,25.540001,25.82,25.540001,25.719999,27500.0,0.1799980000000012
5.0,7.0,25.209999,25.5,25.209999,25.379999,61300.0,0.1700000000000017
5.0,6.0,25.889999,25.91,25.280001,25.290001,35800.0,-0.5999979999999994
5.0,5.0,25.99,26.129999,25.809999,25.98,16500.0,-0.00999999999999801
5.0,4.0,26.120001,26.379999,25.93,26.040001,9500.0,-0.0799999999999983
5.0,1.0,26.25,26.360001,26.120001,26.120001,11200.0,-0.12999900000000153
4.0,30.0,26.24,26.370001,26.24,26.25,9400.0,0.010000000000001563
4.0,29.0,26.25,26.35,26.23,26.25,4400.0,0.0
4.0,28.0,26.57,26.67,26.57,26.65,8000.0,0.0799999999999983
4.0,27.0,26.530001,26.610001,26.530001,26.6,6200.0,0.06999900000000281
4.0,24.0,26.620001,26.709999,26.469999,26.52,9300.0,-0.1000009999999989
4.0,23.0,26.75,26.879999,26.59,26.59,11400.0,-0.16000000000000014
4.0,22.0,26.549999,26.719999,26.549999,26.66,7300.0,0.11000100000000046
4.0,21.0,26.51,26.75,26.48,26.549999,19000.0,0.03999899999999812
4.0,20.0,26.549999,26.65,26.459999,26.459999,19100.0,-0.08999999999999986
4.0,17.0,26.76,26.870001,26.51,26.51,26100.0,-0.25
4.0,16.0,26.82,26.889999,26.73,26.889999,8000.0,0.06999899999999926
4.0,15.0,26.610001,26.940001,26.610001,26.93,15000.0,0.31999899999999926
4.0,14.0,26.459999,26.719999,26.459999,26.690001,14700.0,0.23000199999999893
4.0,13.0,26.68,26.709999,26.35,26.48,28100.0,-0.1999999999999993
4.0,10.0,27.059999,27.059999,26.690001,26.690001,13300.0,-0.3699980000000025
4.0,9.0,26.92,27.1,26.92,27.01,11000.0,0.08999999999999986
4.0,8.0,26.709999,27.07,26.620001,26.969999,8900.0,0.26000000000000156
4.0,7.0,26.67,26.74,26.610001,26.719999,12300.0,0.04999899999999968
4.0,6.0,26.75,26.870001,26.68,26.709999,6800.0,-0.040001000000000175
4.0,2.0,26.860001,26.93,26.780001,26.870001,5500.0,0.00999999999999801
4.0,1.0,26.959999,27.02,26.870001,26.940001,11900.0,-0.01999800000000107
3.0,31.0,26.860001,27.030001,26.860001,27.02,8500.0,0.15999899999999911
3.0,30.0,26.950001,26.99,26.809999,26.950001,7800.0,0.0
3.0,27.0,26.809999,26.98,26.809999,26.9,9100.0,0.09000099999999733
3.0,26.0,26.58,27.07,26.58,26.82,8200.0,0.240000000000002
3.0,25.0,26.76,26.940001,26.6,26.75,16000.0,-0.010000000000001563
3.0,24.0,26.700001,26.799999,26.57,26.68,9700.0,-0.0200010000000006
3.0,23.0,26.870001,26.879999,26.74,26.799999,12400.0,-0.07000199999999879
3.0,20.0,26.690001,26.99,26.690001,26.75,13500.0,0.059999000000001246
3.0,19.0,26.6,26.75,26.48,26.530001,17500.0,-0.06999900000000281
3.0,18.0,26.559999,26.889999,26.48,26.67,8100.0,0.11000100000000046
3.0,17.0,26.34,26.66,26.34,26.469999,27400.0,0.12999900000000153
3.0,16.0,26.540001,26.690001,26.450001,26.450001,20500.0,-0.08999999999999986
3.0,13.0,26.629999,26.639999,26.549999,26.57,12000.0,-0.059999000000001246
3.0,12.0,26.58,26.700001,26.58,26.700001,7100.0,0.12000100000000202
3.0,11.0,26.25,26.67,26.25,26.59,8100.0,0.33999999999999986
3.0,10.0,26.0,26.48,26.0,26.48,15800.0,0.4800000000000004
3.0,9.0,25.860001,26.110001,25.860001,26.0,13600.0,0.13999899999999954
3.0,6.0,26.299999,26.4,25.959999,26.07,6800.0,-0.2299989999999994
3.0,5.0,26.32,26.530001,26.32,26.530001,6800.0,0.21000099999999833
3.0,4.0,26.15,26.41,26.139999,26.299999,11100.0,0.1499990000000011
3.0,3.0,26.07,26.24,26.07,26.23,14400.0,0.16000000000000014
3.0,2.0,26.07,26.18,26.07,26.1,10100.0,0.030000000000001137
2.0,27.0,26.15,26.190001,26.07,26.15,19600.0,0.0
2.0,26.0,26.059999,26.17,26.059999,26.15,5300.0,0.09000099999999733
2.0,25.0,26.200001,26.24,26.049999,26.059999,17300.0,-0.14000199999999907
2.0,24.0,26.24,26.299999,26.120001,26.139999,21200.0,-0.1000009999999989
2.0,23.0,26.09,26.190001,25.93,26.139999,14800.0,0.04999899999999968
2.0,20.0,25.889999,26.129999,25.889999,25.99,19900.0,0.1000009999999989
2.0,19.0,25.99,26.0,25.860001,25.93,29100.0,-0.05999999999999872
2.0,18.0,26.120001,26.17,25.65,25.99,28000.0,-0.13000100000000003
2.0,17.0,26.530001,26.530001,26.120001,26.129999,20300.0,-0.4000019999999971
2.0,13.0,26.75,26.93,26.43,26.440001,44300.0,-0.30999900000000125
2.0,12.0,26.68,26.75,26.620001,26.75,12200.0,0.07000000000000028
2.0,11.0,26.49,26.65,26.440001,26.59,19200.0,0.10000000000000142
2.0,10.0,26.620001,26.65,26.5,26.5,10700.0,-0.12000099999999847
2.0,9.0,26.450001,26.620001,26.440001,26.620001,5000.0,0.16999999999999815
2.0,6.0,26.57,26.57,26.34,26.42,10800.0,-0.14999999999999858
2.0,5.0,26.49,26.59,26.450001,26.559999,13000.0,0.06999900000000281
2.0,4.0,26.48,26.59,26.42,26.52,12700.0,0.03999999999999915
2.0,3.0,26.450001,26.450001,26.280001,26.43,11700.0,-0.0200010000000006
2.0,2.0,26.52,26.620001,26.24,26.42,7900.0,-0.09999999999999787
1.0,30.0,26.200001,26.610001,26.129999,26.35,35600.0,0.1499990000000011
1.0,29.0,26.059999,26.25,26.059999,26.23,9100.0,0.17000099999999918
1.0,28.0,25.969999,26.18,25.93,26.08,26800.0,0.1100009999999969
1.0,27.0,26.33,26.35,26.209999,26.32,19800.0,-0.00999999999999801
1.0,26.0,26.360001,26.459999,26.219999,26.27,31700.0,-0.09000100000000089
1.0,23.0,26.26,26.360001,26.200001,26.35,17900.0,0.08999999999999986
1.0,22.0,26.35,26.35,26.129999,26.200001,16200.0,-0.1499990000000011
1.0,21.0,26.370001,26.58,26.299999,26.33,29500.0,-0.040001000000000175
1.0,20.0,26.959999,27.040001,26.280001,26.370001,32300.0,-0.5899980000000014
1.0,16.0,26.610001,27.0,26.57,27.0,20200.0,0.38999899999999954
1.0,15.0,26.57,26.610001,26.4,26.6,5400.0,0.030000000000001137
1.0,14.0,26.5,26.549999,26.450001,26.549999,7800.0,0.04999899999999968
1.0,13.0,26.4,26.49,26.290001,26.459999,16200.0,0.059999000000001246
1.0,12.0,26.68,26.68,26.389999,26.459999,19500.0,-0.2200009999999999
1.0,9.0,26.41,26.700001,26.41,26.700001,5600.0,0.2900010000000002
1.0,8.0,26.35,26.700001,26.35,26.549999,6800.0,0.19999899999999826
1.0,7.0,26.65,26.65,26.299999,26.42,20800.0,-0.22999999999999687
1.0,6.0,26.360001,26.610001,26.219999,26.48,9600.0,0.11999899999999997
1.0,5.0,26.6,26.6,26.27,26.41,11000.0,-0.19000000000000128
1.0,2.0,26.870001,26.870001,26.540001,26.540001,13500.0,-0.3299999999999983
12.0,31.0,26.450001,26.74,26.08,26.73,7200.0,0.2799990000000001
12.0,30.0,26.42,26.530001,26.24,26.34,10300.0,-0.08000000000000185
12.0,29.0,26.1,26.4,26.030001,26.35,0.0,0.25
12.0,26.0,26.02,26.309999,25.92,26.209999,0.0,0.18999900000000025
12.0,24.0,26.700001,26.700001,25.959999,25.98,0.0,-0.7200009999999999
12.0,23.0,26.25,26.25,25.98,26.129999,0.0,-0.12000099999999847
12.0,22.0,25.82,26.110001,25.799999,26.040001,11900.0,0.2200009999999999
12.0,19.0,25.66,25.9,25.620001,25.9,8100.0,0.23999999999999844
12.0,18.0,25.440001,25.809999,25.440001,25.73,14000.0,0.28999900000000167
12.0,17.0,25.27,25.459999,25.27,25.459999,10300.0,0.18999900000000025
12.0,16.0,25.219999,25.370001,25.219999,25.32,12600.0,0.1000009999999989
12.0,15.0,25.35,25.389999,25.219999,25.26,20100.0,-0.08999999999999986
12.0,12.0,25.4,25.459999,25.32,25.32,14200.0,-0.0799999999999983
12.0,11.0,25.360001,25.540001,25.360001,25.41,15000.0,0.04999899999999968
12.0,10.0,25.309999,25.450001,25.309999,25.4,33900.0,0.09000099999999733
12.0,9.0,25.52,25.52,25.280001,25.370001,24900.0,-0.1499990000000011
12.0,8.0,25.51,25.66,25.41,25.530001,17900.0,0.02000099999999705
12.0,5.0,25.26,25.66,25.26,25.49,27300.0,0.22999999999999687
12.0,4.0,25.690001,25.75,25.309999,25.360001,33400.0,-0.3299999999999983
12.0,3.0,26.389999,26.58,25.690001,25.690001,34000.0,-0.6999980000000008
12.0,2.0,26.23,26.549999,26.23,26.4,8100.0,0.16999999999999815
12.0,1.0,26.389999,26.389999,26.280001,26.299999,8900.0,-0.08999999999999986
11.0,28.0,25.969999,26.48,25.969999,26.25,34800.0,0.2800009999999986
11.0,26.0,25.719999,26.0,25.719999,25.969999,13400.0,0.25
11.0,25.0,25.809999,25.809999,25.77,25.799999,4800.0,-0.010000000000001563
11.0,24.0,25.700001,25.809999,25.700001,25.809999,10800.0,0.10999800000000093
11.0,21.0,25.82,25.82,25.76,25.76,5900.0,-0.05999999999999872
11.0,20.0,25.790001,25.82,25.77,25.790001,8300.0,0.0
11.0,19.0,25.629999,25.85,25.629999,25.790001,6400.0,0.16000199999999865
11.0,18.0,25.620001,25.75,25.620001,25.68,12100.0,0.059999000000001246
11.0,17.0,25.639999,25.790001,25.51,25.73,19900.0,0.09000100000000089
11.0,14.0,25.370001,25.620001,21.780001,25.549999,22400.0,0.1799980000000012
11.0,13.0,25.52,25.540001,25.459999,25.530001,10600.0,0.010000999999999038
11.0,12.0,25.450001,25.59,25.41,25.459999,19700.0,0.009997999999999507
11.0,11.0,25.440001,25.57,25.440001,25.52,11000.0,0.07999900000000082
11.0,10.0,25.389999,25.5,25.370001,25.440001,28300.0,0.050001999999999214
11.0,7.0,25.389999,25.549999,25.309999,25.389999,31100.0,0.0
11.0,6.0,25.33,25.6,25.27,25.41,22400.0,0.08000000000000185
11.0,5.0,25.66,25.690001,25.24,25.469999,45400.0,-0.19000099999999875
11.0,4.0,26.129999,26.18,25.629999,25.700001,39000.0,-0.4299980000000012
11.0,3.0,25.940001,26.26,25.940001,26.26,10800.0,0.3199990000000028
10.0,31.0,25.85,26.200001,25.85,26.059999,8400.0,0.20999899999999982
10.0,30.0,25.870001,26.040001,25.870001,25.959999,31800.0,0.08999800000000135
10.0,29.0,26.08,26.24,25.74,26.190001,21900.0,0.11000100000000046
10.0,28.0,26.049999,26.4,26.049999,26.4,9600.0,0.3500009999999989
10.0,27.0,25.950001,26.049999,25.9,26.040001,8700.0,0.08999999999999986
10.0,24.0,25.83,26.0,25.83,25.98,7000.0,0.15000000000000213
10.0,23.0,26.049999,26.049999,25.83,25.84,12600.0,-0.20999899999999982
10.0,22.0,25.9,26.049999,25.9,25.959999,17100.0,0.059999000000001246
10.0,21.0,25.99,26.040001,25.870001,25.959999,11300.0,-0.030000999999998612
10.0,20.0,25.809999,25.959999,25.75,25.940001,9700.0,0.1300019999999975
10.0,17.0,25.799999,25.99,25.799999,25.84,22700.0,0.040001000000000175
10.0,16.0,25.5,25.860001,25.5,25.799999,9900.0,0.2999989999999997
10.0,15.0,25.58,25.73,25.389999,25.690001,16800.0,0.11000100000000046
10.0,14.0,25.540001,25.690001,25.540001,25.639999,8900.0,0.09999799999999937
10.0,13.0,25.52,25.610001,25.52,25.610001,5700.0,0.09000100000000089
10.0,10.0,25.5,25.59,25.469999,25.559999,8600.0,0.059999000000001246
10.0,9.0,25.59,25.59,25.450001,25.52,14100.0,-0.07000000000000028
10.0,8.0,25.299999,25.58,25.27,25.51,12500.0,0.21000100000000188
10.0,7.0,25.290001,25.379999,25.280001,25.32,8500.0,0.02999900000000011
10.0,6.0,25.24,25.379999,25.24,25.290001,11000.0,0.05000100000000174
10.0,3.0,25.27,25.370001,25.24,25.33,9500.0,0.05999999999999872
10.0,2.0,25.24,25.41,25.24,25.299999,10700.0,0.059999000000001246
10.0,1.0,25.43,25.450001,25.24,25.24,9800.0,-0.19000000000000128
9.0,30.0,25.26,25.48,25.26,25.48,14200.0,0.21999999999999886
9.0,29.0,25.16,25.379999,25.16,25.299999,11900.0,0.13999899999999954
9.0,26.0,25.459999,25.459999,25.299999,25.379999,12800.0,-0.0799999999999983
9.0,25.0,25.43,25.610001,25.35,25.540001,11900.0,0.11000100000000046
9.0,24.0,25.389999,25.610001,25.389999,25.57,12200.0,0.18000100000000074
9.0,23.0,25.459999,25.57,25.379999,25.42,11100.0,-0.03999899999999812
9.0,22.0,25.5,25.57,25.32,25.469999,23100.0,-0.030000999999998612
9.0,19.0,25.52,25.74,25.52,25.6,6100.0,0.08000000000000185
9.0,18.0,25.370001,25.629999,25.370001,25.6,9700.0,0.22999900000000295
9.0,17.0,25.370001,25.5,25.370001,25.469999,16600.0,0.09999800000000292
9.0,16.0,25.07,25.459999,25.07,25.459999,20400.0,0.38999899999999954
9.0,15.0,25.18,25.209999,25.08,25.209999,11500.0,0.02999900000000011
9.0,12.0,25.059999,25.309999,24.91,25.209999,16400.0,0.14999999999999858
9.0,11.0,25.07,25.16,24.93,25.09,17600.0,0.019999999999999574
9.0,10.0,25.040001,25.110001,24.959999,25.059999,9100.0,0.01999800000000107
9.0,9.0,25.01,25.129999,25.0,25.129999,23200.0,0.11999899999999997
9.0,8.0,25.0,25.18,25.0,25.030001,16500.0,0.030000999999998612
9.0,5.0,24.98,25.120001,24.809999,25.07,21300.0,0.08999999999999986
9.0,4.0,25.129999,25.290001,24.68,25.08,42600.0,-0.049999000000003235
9.0,3.0,25.299999,25.4,25.110001,25.129999,19900.0,-0.16999999999999815
9.0,2.0,25.48,25.48,25.24,25.290001,19700.0,-0.18999900000000025
8.0,29.0,25.6,25.6,25.389999,25.440001,12100.0,-0.15999900000000267
8.0,28.0,25.690001,25.709999,25.59,25.610001,12800.0,-0.0799999999999983
8.0,27.0,25.74,25.889999,25.52,25.690001,32900.0,-0.04999899999999968
8.0,26.0,25.58,25.84,25.58,25.809999,17800.0,0.22999900000000295
8.0,25.0,25.52,25.67,25.42,25.67,15400.0,0.15000000000000213
8.0,22.0,25.709999,25.709999,25.49,25.5,7900.0,-0.20999899999999982
8.0,21.0,25.860001,25.860001,25.57,25.719999,16700.0,-0.14000199999999907
8.0,20.0,25.91,25.91,25.74,25.75,9200.0,-0.16000000000000014
8.0,19.0,25.969999,26.01,25.959999,25.959999,11200.0,-0.010000000000001563
8.0,18.0,25.85,26.08,25.85,26.08,13600.0,0.22999999999999687
8.0,15.0,26.0,26.040001,25.85,25.93,10100.0,-0.07000000000000028
8.0,14.0,25.75,26.02,25.75,26.02,14300.0,0.2699999999999996
8.0,13.0,25.52,25.73,25.52,25.719999,11900.0,0.19999900000000181
8.0,12.0,25.469999,25.629999,25.469999,25.540001,3900.0,0.07000199999999879
8.0,11.0,25.49,25.639999,25.49,25.530001,59500.0,0.040001000000000175
8.0,8.0,25.57,25.65,25.5,25.549999,8300.0,-0.0200010000000006
8.0,7.0,25.389999,25.65,25.379999,25.639999,22100.0,0.25
8.0,6.0,25.219999,25.450001,25.219999,25.440001,14100.0,0.22000199999999737
8.0,5.0,25.110001,25.26,25.1,25.219999,17200.0,0.10999800000000093
8.0,4.0,25.02,25.120001,25.01,25.120001,7900.0,0.1000009999999989
8.0,1.0,25.030001,25.25,25.030001,25.07,9800.0,0.03999900000000167
7.0,31.0,25.309999,25.309999,24.92,25.16,30700.0,-0.1499990000000011
7.0,30.0,25.57,25.57,25.379999,25.389999,11700.0,-0.18000100000000074
7.0,29.0,26.02,26.08,25.969999,25.99,12100.0,-0.030000000000001137
7.0,28.0,26.02,26.07,26.01,26.01,5600.0,-0.00999999999999801
7.0,25.0,26.219999,26.219999,25.98,26.02,18500.0,-0.19999900000000181
7.0,24.0,26.280001,26.379999,26.209999,26.23,12100.0,-0.050000999999998186
7.0,23.0,26.379999,26.450001,26.309999,26.309999,6900.0,-0.07000000000000028
7.0,22.0,26.5,26.5,26.27,26.389999,13000.0,-0.11000100000000046
7.0,21.0,26.200001,26.52,26.200001,26.469999,8300.0,0.26999800000000107
7.0,18.0,26.08,26.34,26.049999,26.34,12800.0,0.26000000000000156
7.0,17.0,25.99,26.17,25.940001,25.99,14700.0,0.0
7.0,16.0,26.040001,26.07,25.92,26.059999,8700.0,0.01999800000000107
7.0,15.0,25.93,25.93,25.83,25.9,7400.0,-0.030000000000001137
7.0,14.0,26.08,26.18,25.870001,25.870001,34200.0,-0.20999899999999982
7.0,11.0,25.889999,26.18,25.889999,26.16,12800.0,0.2700010000000006
7.0,10.0,25.84,26.030001,25.84,25.940001,11700.0,0.1000009999999989
7.0,9.0,25.879999,26.0,25.879999,25.959999,8200.0,0.0799999999999983
7.0,8.0,25.76,25.940001,25.76,25.9,5800.0,0.13999999999999702
7.0,7.0,25.98,25.98,25.700001,25.83,7200.0,-0.15000000000000213
7.0,3.0,26.17,26.17,25.82,25.85,12900.0,-0.3200000000000003
7.0,2.0,26.02,26.17,25.969999,25.969999,12000.0,-0.050000999999998186
7.0,1.0,26.09,26.129999,26.0,26.110001,6800.0,0.0200010000000006
6.0,30.0,25.99,26.16,25.809999,25.940001,8900.0,-0.04999899999999968
6.0,27.0,26.129999,26.129999,25.950001,26.0,13600.0,-0.12999900000000153
6.0,26.0,26.0,26.18,25.950001,26.09,14300.0,0.08999999999999986
6.0,25.0,25.83,25.940001,25.6,25.93,15000.0,0.10000000000000142
6.0,24.0,25.790001,25.790001,25.68,25.74,12600.0,-0.05000100000000174
6.0,23.0,25.5,25.74,25.5,25.74,10300.0,0.23999999999999844
6.0,20.0,25.6,25.639999,25.459999,25.620001,14200.0,0.02000099999999705
6.0,19.0,25.42,25.59,25.389999,25.5,118400.0,0.0799999999999983
6.0,18.0,25.299999,25.440001,25.299999,25.43,18100.0,0.13000100000000003
6.0,17.0,25.35,25.35,25.25,25.280001,4900.0,-0.06999900000000281
6.0,16.0,25.25,25.43,25.25,25.360001,15200.0,0.11000100000000046
6.0,13.0,25.370001,25.5,25.15,25.200001,10400.0,-0.16999999999999815
6.0,12.0,25.030001,25.459999,25.030001,25.4,12300.0,0.36999899999999997
6.0,11.0,25.07,25.25,24.99,25.09,23800.0,0.019999999999999574
6.0,10.0,25.25,25.27,25.15,25.190001,9700.0,-0.059999000000001246
6.0,9.0,25.25,25.25,25.1,25.23,5200.0,-0.019999999999999574
6.0,6.0,25.23,25.360001,25.16,25.200001,12300.0,-0.02999900000000011
6.0,5.0,25.35,25.4,25.200001,25.24,15300.0,-0.11000000000000298
6.0,4.0,25.280001,25.280001,24.950001,25.219999,42600.0,-0.060001999999997224
6.0,3.0,25.549999,25.559999,25.209999,25.219999,17600.0,-0.3299999999999983
6.0,2.0,25.610001,25.610001,25.530001,25.57,16300.0,-0.040001000000000175
5.0,30.0,25.6,25.6,25.48,25.59,7700.0,-0.010000000000001563
5.0,29.0,25.639999,25.67,25.57,25.610001,8500.0,-0.02999799999999908
5.0,28.0,25.65,25.65,25.540001,25.549999,8400.0,-0.1000009999999989
5.0,27.0,25.549999,25.690001,25.549999,25.66,14200.0,0.11000100000000046
5.0,23.0,25.5,25.5,25.309999,25.5,19400.0,0.0
5.0,22.0,25.530001,25.549999,25.41,25.5,20200.0,-0.030000999999998612
5.0,21.0,25.440001,25.530001,25.4,25.48,22800.0,0.03999900000000167
5.0,20.0,25.549999,25.549999,25.43,25.469999,8500.0,-0.0799999999999983
5.0,19.0,25.57,25.690001,25.34,25.530001,20200.0,-0.03999900000000167
5.0,16.0,25.370001,25.66,25.33,25.66,19900.0,0.28999900000000167
5.0,15.0,25.299999,25.389999,25.280001,25.33,15700.0,0.030000999999998612
5.0,14.0,25.110001,25.24,25.030001,25.24,15300.0,0.12999899999999798
5.0,13.0,24.99,25.110001,24.99,25.040001,12600.0,0.05000100000000174
5.0,12.0,25.049999,25.09,25.0,25.059999,18400.0,0.010000000000001563
5.0,9.0,25.15,25.15,25.01,25.01,27500.0,-0.13999999999999702
5.0,8.0,24.940001,25.15,24.940001,25.1,22400.0,0.15999900000000267
5.0,7.0,24.99,25.01,24.93,24.99,124200.0,0.0
5.0,6.0,24.950001,24.99,24.9,24.969999,82100.0,0.01999800000000107
5.0,5.0,24.98,24.99,24.93,24.959999,83400.0,-0.0200010000000006
5.0,2.0,25.0,25.0,24.9,24.98,70900.0,-0.019999999999999574
5.0,1.0,24.889999,24.98,24.84,24.969999,91300.0,0.08000000000000185
4.0,30.0,24.85,24.9,24.83,24.83,77300.0,-0.020000000000003126
4.0,29.0,24.85,24.85,24.76,24.790001,32200.0,-0.059999000000001246
4.0,28.0,25.1,25.15,25.059999,25.1,80900.0,0.0
4.0,25.0,25.120001,25.120001,25.040001,25.07,31300.0,-0.050000999999998186
4.0,24.0,25.23,25.309999,25.049999,25.1,28000.0,-0.129999999999999
4.0,23.0,25.24,25.299999,25.15,25.24,19100.0,0.0
4.0,22.0,25.139999,25.34,25.139999,25.25,49100.0,0.11000100000000046
4.0,21.0,25.049999,25.1,25.0,25.059999,25000.0,0.010000000000001563
4.0,17.0,25.0,25.030001,24.959999,25.030001,37200.0,0.030000999999998612
4.0,16.0,25.030001,25.09,24.889999,25.01,17200.0,-0.02000099999999705
4.0,15.0,25.059999,25.09,24.969999,24.969999,19600.0,-0.08999999999999986
4.0,14.0,25.02,25.02,24.969999,25.0,12400.0,-0.019999999999999574
4.0,11.0,25.0,25.0,24.959999,24.969999,14000.0,-0.030000999999998612
4.0,10.0,24.93,25.01,24.93,24.98,13700.0,0.05000000000000071
4.0,9.0,25.0,25.129999,24.969999,24.99,23100.0,-0.010000000000001563
4.0,8.0,24.99,25.049999,24.959999,25.01,29200.0,0.020000000000003126
4.0,7.0,24.92,25.049999,24.879999,25.040001,30500.0,0.12000099999999847
4.0,4.0,24.889999,24.959999,24.77,24.93,23100.0,0.040001000000000175
4.0,3.0,25.17,25.200001,24.799999,24.84,23500.0,-0.33000000000000185
4.0,2.0,25.26,25.26,25.030001,25.049999,20100.0,-0.21000100000000188
4.0,1.0,24.98,25.1,24.969999,25.030001,25700.0,0.050000999999998186
3.0,31.0,25.0,25.08,24.99,25.0,54900.0,0.0
3.0,28.0,24.860001,25.049999,24.85,25.040001,8400.0,0.17999999999999972
3.0,27.0,24.9,24.9,24.83,24.870001,28100.0,-0.02999900000000011
3.0,26.0,24.870001,24.940001,24.860001,24.889999,12100.0,0.01999800000000107
3.0,25.0,24.950001,25.1,24.83,24.860001,327300.0,-0.08999999999999986
3.0,24.0,25.059999,25.059999,24.75,24.83,21600.0,-0.22999900000000295
3.0,21.0,24.85,25.139999,24.76,24.870001,13700.0,0.02000099999999705
3.0,20.0,25.02,25.07,24.870001,24.92,24200.0,-0.09999999999999787
3.0,19.0,24.85,25.190001,24.790001,24.99,43600.0,0.13999999999999702
3.0,18.0,24.719999,24.9,24.530001,24.9,36500.0,0.1800009999999972
3.0,17.0,24.629999,24.959999,24.52,24.6,45300.0,-0.02999900000000011
3.0,14.0,24.450001,24.549999,24.219999,24.49,22000.0,0.03999899999999812
3.0,13.0,24.26,24.4,24.26,24.4,11000.0,0.13999999999999702
3.0,12.0,24.200001,24.33,24.07,24.299999,21800.0,0.09999799999999937
3.0,11.0,24.23,24.23,24.059999,24.07,15500.0,-0.16000000000000014
3.0,10.0,24.24,24.24,24.139999,24.219999,13200.0,-0.02000099999999705
3.0,7.0,24.24,24.24,24.18,24.190001,13800.0,-0.04999899999999968
3.0,6.0,24.200001,24.25,24.120001,24.18,14800.0,-0.0200010000000006
3.0,5.0,24.299999,24.299999,24.129999,24.16,11200.0,-0.13999899999999954
3.0,4.0,24.360001,24.360001,24.219999,24.24,12900.0,-0.12000100000000202
3.0,3.0,24.43,24.43,24.25,24.290001,20200.0,-0.13999899999999954
2.0,28.0,24.440001,24.440001,24.25,24.4,15000.0,-0.040001000000000175
2.0,27.0,24.440001,24.450001,24.360001,24.43,13200.0,-0.010000999999999038
2.0,26.0,24.4,24.43,24.049999,24.33,53400.0,-0.07000000000000028
2.0,25.0,24.450001,24.48,24.370001,24.4,33100.0,-0.05000100000000174
2.0,24.0,24.51,24.51,24.4,24.450001,24900.0,-0.059999000000001246
2.0,21.0,24.57,24.57,24.42,24.51,11600.0,-0.05999999999999872
2.0,20.0,24.6,24.6,24.48,24.51,16300.0,-0.08999999999999986
2.0,19.0,24.58,25.040001,24.530001,24.610001,13500.0,0.030001000000002165
2.0,18.0,24.700001,24.719999,24.459999,24.469999,9100.0,-0.23000199999999893
2.0,14.0,24.5,24.57,24.379999,24.41,12000.0,-0.08999999999999986
2.0,13.0,24.18,24.51,24.18,24.459999,12500.0,0.2799990000000001
2.0,12.0,24.200001,24.280001,24.120001,24.219999,15200.0,0.01999800000000107
2.0,11.0,24.0,24.25,23.93,24.25,20100.0,0.25
2.0,10.0,23.99,23.99,23.809999,23.950001,19400.0,-0.03999899999999812
2.0,7.0,23.799999,24.040001,23.799999,23.93,35100.0,0.13000100000000003
2.0,6.0,23.74,23.950001,23.74,23.91,31100.0,0.1700000000000017
2.0,5.0,23.690001,23.860001,23.6,23.75,16300.0,0.059999000000001246
2.0,4.0,23.889999,23.9,23.6,23.780001,15800.0,-0.10999800000000093
2.0,3.0,23.870001,24.17,23.719999,23.889999,17400.0,0.01999800000000107
1.0,31.0,23.84,23.870001,23.76,23.76,24500.0,-0.0799999999999983
1.0,30.0,23.799999,23.9,23.75,23.77,13100.0,-0.02999900000000011
1.0,29.0,23.76,23.790001,23.67,23.67,25700.0,-0.08999999999999986
1.0,28.0,23.940001,24.07,23.940001,24.040001,19900.0,0.10000000000000142
1.0,27.0,24.07,24.1,23.92,23.969999,13700.0,-0.1000009999999989
1.0,24.0,23.92,24.08,23.780001,23.950001,8300.0,0.030000999999998612
1.0,23.0,24.02,24.16,23.809999,23.809999,15900.0,-0.21000099999999833
1.0,22.0,24.040001,24.17,23.91,24.049999,16800.0,0.009997999999999507
1.0,21.0,23.93,24.09,23.85,23.85,19600.0,-0.0799999999999983
1.0,17.0,24.040001,24.16,23.889999,23.889999,53500.0,-0.15000200000000063
1.0,16.0,23.99,24.219999,23.870001,24.040001,23200.0,0.05000100000000174
1.0,15.0,23.77,24.0,23.73,23.91,15400.0,0.14000000000000057
1.0,14.0,23.73,23.92,23.65,23.73,14400.0,0.0
1.0,13.0,23.92,24.059999,23.66,23.74,21700.0,-0.18000000000000327
1.0,10.0,23.67,23.969999,23.67,23.799999,24800.0,0.12999899999999798
1.0,9.0,23.370001,23.58,23.32,23.57,15700.0,0.19999900000000181
1.0,8.0,23.290001,23.360001,23.0,23.26,8400.0,-0.030000999999998612
1.0,7.0,23.49,23.59,23.25,23.299999,11300.0,-0.19000099999999875
1.0,6.0,23.360001,23.6,23.360001,23.5,8900.0,0.13999899999999954
1.0,3.0,23.370001,23.440001,23.219999,23.4,13100.0,0.02999900000000011
1.0,2.0,22.75,23.219999,22.75,23.18,35100.0,0.4299999999999997
12.0,31.0,22.65,22.85,22.65,22.75,23800.0,0.10000000000000142
12.0,30.0,22.75,22.870001,22.549999,22.67,23700.0,-0.0799999999999983
12.0,27.0,22.559999,22.700001,22.559999,22.639999,28300.0,0.0799999999999983
12.0,26.0,22.639999,22.75,22.6,22.66,30400.0,0.0200010000000006
12.0,24.0,22.799999,22.809999,22.6,22.709999,17300.0,-0.08999999999999986
12.0,23.0,22.719999,22.889999,22.719999,22.809999,22200.0,0.08999999999999986
12.0,20.0,22.610001,22.74,22.450001,22.690001,29000.0,0.0799999999999983
12.0,19.0,22.549999,22.73,22.51,22.620001,31100.0,0.07000199999999879
12.0,18.0,22.700001,22.85,22.4,22.68,34500.0,-0.0200010000000006
12.0,17.0,22.77,22.91,22.57,22.73,26800.0,-0.03999999999999915
12.0,16.0,22.76,22.940001,22.76,22.809999,50700.0,0.04999899999999968
12.0,13.0,22.780001,22.9,22.76,22.84,24600.0,0.059999000000001246
12.0,12.0,22.860001,22.940001,22.73,22.809999,26800.0,-0.050001999999999214
12.0,11.0,22.780001,23.030001,22.780001,22.98,36600.0,0.19999900000000181
12.0,10.0,22.700001,23.0,22.700001,22.870001,40800.0,0.16999999999999815
12.0,9.0,22.75,22.84,22.68,22.780001,23000.0,0.030000999999998612
12.0,6.0,22.700001,22.84,22.559999,22.84,22600.0,0.13999899999999954
12.0,5.0,22.99,22.99,22.690001,22.709999,14700.0,-0.2800009999999986
12.0,4.0,22.9,23.040001,22.85,22.98,58000.0,0.08000000000000185
12.0,3.0,23.049999,23.110001,23.01,23.059999,19800.0,0.010000000000001563
12.0,2.0,23.200001,23.209999,23.09,23.09,6400.0,-0.11000100000000046
11.0,29.0,23.15,23.27,23.15,23.25,3700.0,0.10000000000000142
11.0,27.0,23.139999,23.35,23.049999,23.280001,23500.0,0.14000199999999907
11.0,26.0,23.25,23.32,23.16,23.24,18600.0,-0.010000000000001563
11.0,25.0,23.200001,23.32,23.15,23.24,18400.0,0.03999899999999812
11.0,22.0,23.08,23.32,23.08,23.25,13900.0,0.1700000000000017
11.0,21.0,23.1,23.200001,23.01,23.17,14800.0,0.07000000000000028
11.0,20.0,23.17,23.200001,22.99,22.99,20600.0,-0.18000000000000327
11.0,19.0,23.049999,23.18,23.049999,23.18,26200.0,0.13000100000000003
11.0,18.0,23.129999,23.129999,22.98,23.059999,15200.0,-0.07000000000000028
11.0,15.0,23.190001,23.24,22.969999,23.02,16100.0,-0.17000099999999918
11.0,14.0,23.07,23.129999,22.860001,23.09,197200.0,0.019999999999999574
11.0,13.0,23.0,23.07,22.950001,23.040001,44100.0,0.040001000000000175
11.0,12.0,23.02,23.139999,22.879999,22.889999,34300.0,-0.13000100000000003
11.0,11.0,23.18,23.18,23.0,23.030001,19000.0,-0.1499990000000011
11.0,8.0,23.1,23.120001,22.969999,22.99,18800.0,-0.11000000000000298
11.0,7.0,23.35,23.389999,23.16,23.16,13000.0,-0.19000000000000128
11.0,6.0,23.299999,23.4,23.200001,23.360001,15000.0,0.06000200000000078
11.0,5.0,23.549999,23.549999,23.25,23.299999,14300.0,-0.25
11.0,4.0,23.469999,23.59,23.450001,23.51,6300.0,0.040001000000000175
11.0,1.0,23.32,23.639999,23.32,23.549999,12400.0,0.2299989999999994
10.0,31.0,23.49,23.57,23.290001,23.459999,20200.0,-0.030000999999998612
10.0,30.0,23.370001,23.5,23.139999,23.42,23800.0,0.049999000000003235
10.0,29.0,23.459999,23.620001,23.4,23.540001,26900.0,0.08000200000000035
10.0,28.0,23.27,23.42,23.139999,23.41,24800.0,0.14000000000000057
10.0,25.0,23.48,23.49,23.33,23.370001,8400.0,-0.10999900000000196
10.0,24.0,23.34,23.459999,23.23,23.360001,25500.0,0.0200010000000006
10.0,23.0,23.18,23.459999,23.059999,23.41,47200.0,0.23000000000000043
10.0,22.0,22.950001,23.299999,22.85,23.16,46800.0,0.20999899999999982
10.0,21.0,22.799999,22.85,22.690001,22.76,26700.0,-0.03999899999999812
10.0,18.0,22.790001,22.959999,22.620001,22.620001,48800.0,-0.1700000000000017
10.0,17.0,22.75,22.9,22.74,22.809999,12400.0,0.059999000000001246
10.0,16.0,22.74,22.940001,22.700001,22.700001,11300.0,-0.03999899999999812
10.0,15.0,22.870001,22.969999,22.75,22.75,23300.0,-0.12000099999999847
10.0,14.0,22.9,22.98,22.799999,22.940001,9000.0,0.040001000000000175
10.0,11.0,23.02,23.040001,22.91,22.92,14300.0,-0.09999999999999787
10.0,10.0,23.120001,23.200001,22.93,23.030001,12600.0,-0.08999999999999986
10.0,9.0,22.9,23.129999,22.860001,23.129999,11300.0,0.22999900000000295
10.0,8.0,22.67,23.059999,22.59,22.950001,31000.0,0.2800009999999986
10.0,7.0,22.9,22.940001,22.629999,22.68,21000.0,-0.21999999999999886
10.0,4.0,22.799999,22.959999,22.700001,22.92,56600.0,0.12000100000000202
10.0,3.0,22.82,22.82,22.4,22.799999,31700.0,-0.0200010000000006
10.0,2.0,22.809999,22.84,22.719999,22.76,35400.0,-0.04999899999999968
10.0,1.0,22.719999,22.9,22.719999,22.799999,30700.0,0.0799999999999983
9.0,30.0,22.860001,23.1,22.719999,22.809999,18200.0,-0.050001999999999214
9.0,27.0,23.01,23.190001,22.85,23.030001,21600.0,0.02000099999999705
9.0,26.0,23.049999,23.049999,22.879999,22.98,13400.0,-0.06999899999999926
9.0,25.0,23.059999,23.059999,22.93,22.99,27100.0,-0.06999900000000281
9.0,24.0,23.07,23.110001,22.889999,23.030001,21200.0,-0.03999900000000167
9.0,23.0,22.969999,23.059999,22.809999,23.01,15800.0,0.040001000000000175
9.0,20.0,23.139999,23.139999,22.68,22.940001,35900.0,-0.1999980000000008
9.0,19.0,23.25,23.299999,23.09,23.139999,13900.0,-0.11000100000000046
9.0,18.0,23.030001,23.299999,22.950001,23.26,23800.0,0.22999900000000295
9.0,17.0,23.049999,23.08,22.950001,23.040001,22200.0,-0.009997999999999507
9.0,16.0,23.26,23.26,22.950001,23.120001,38500.0,-0.1399990000000031
9.0,13.0,23.190001,23.290001,22.9,23.059999,24000.0,-0.1300019999999975
9.0,12.0,23.18,23.290001,23.110001,23.200001,15300.0,0.0200010000000006
9.0,11.0,23.280001,23.280001,23.030001,23.25,26200.0,-0.030000999999998612
9.0,10.0,23.24,23.26,23.120001,23.23,28700.0,-0.00999999999999801
9.0,9.0,23.030001,23.25,23.030001,23.219999,15300.0,0.18999800000000278
9.0,6.0,23.25,23.35,23.120001,23.120001,27100.0,-0.12999900000000153
9.0,5.0,23.41,23.41,23.190001,23.209999,21800.0,-0.20000100000000032
9.0,4.0,23.23,23.450001,23.23,23.33,14400.0,0.09999999999999787
9.0,3.0,23.559999,23.58,23.25,23.299999,12200.0,-0.26000000000000156
8.0,30.0,23.5,23.66,23.309999,23.450001,18400.0,-0.04999899999999968
8.0,29.0,23.219999,23.4,23.219999,23.370001,22400.0,0.15000199999999708
8.0,28.0,23.32,23.4,23.17,23.27,18500.0,-0.05000000000000071
8.0,27.0,23.42,23.6,23.17,23.379999,15900.0,-0.040001000000000175
8.0,26.0,23.59,23.77,23.41,23.450001,39300.0,-0.13999899999999954
8.0,23.0,23.23,23.57,23.190001,23.41,33100.0,0.17999999999999972
8.0,22.0,23.17,23.41,23.0,23.25,59500.0,0.0799999999999983
8.0,21.0,22.790001,23.280001,22.59,23.049999,37500.0,0.2599979999999995
8.0,20.0,22.639999,23.18,22.219999,22.959999,14800.0,0.3200000000000003
8.0,19.0,23.129999,23.129999,22.58,22.709999,58900.0,-0.4200000000000017
8.0,16.0,23.4,23.889999,22.83,23.200001,32400.0,-0.19999899999999826
8.0,15.0,24.26,24.299999,23.26,23.52,14500.0,-0.740000000000002
8.0,14.0,24.4,24.4,24.049999,24.26,26700.0,-0.13999999999999702
8.0,13.0,24.790001,24.790001,24.26,24.52,8000.0,-0.2700010000000006
8.0,12.0,24.889999,24.889999,24.66,24.84,5800.0,-0.04999899999999968
8.0,9.0,24.700001,24.940001,24.65,24.940001,18900.0,0.23999999999999844
8.0,8.0,24.51,24.76,24.51,24.74,15300.0,0.22999999999999687
8.0,7.0,24.68,24.709999,24.41,24.66,15800.0,-0.019999999999999574
8.0,6.0,24.639999,24.790001,24.6,24.629999,24400.0,-0.00999999999999801
8.0,5.0,24.84,24.93,24.65,24.719999,13100.0,-0.12000099999999847
8.0,2.0,24.84,24.91,24.709999,24.85,19400.0,0.010000000000001563
8.0,1.0,25.030001,25.030001,24.860001,24.969999,22300.0,-0.060001999999997224
7.0,31.0,24.77,25.07,24.719999,25.07,13400.0,0.3000000000000007
7.0,30.0,24.91,25.0,24.709999,24.84,18900.0,-0.07000000000000028
7.0,29.0,25.25,25.309999,25.18,25.299999,6000.0,0.04999899999999968
7.0,26.0,25.07,25.26,25.049999,25.26,15500.0,0.19000000000000128
7.0,25.0,25.24,25.24,25.040001,25.120001,15500.0,-0.11999899999999997
7.0,24.0,25.33,25.33,25.15,25.219999,17400.0,-0.1100009999999969
7.0,23.0,25.34,25.41,25.27,25.4,15100.0,0.05999999999999872
7.0,22.0,25.389999,25.389999,25.23,25.290001,12900.0,-0.09999799999999937
7.0,19.0,25.33,25.34,25.15,25.34,16100.0,0.010000000000001563
7.0,18.0,25.17,25.299999,25.17,25.200001,10300.0,0.030000999999998612
7.0,17.0,25.25,25.25,25.15,25.209999,37000.0,-0.040001000000000175
7.0,16.0,25.17,25.209999,25.030001,25.08,7100.0,-0.09000000000000341
7.0,15.0,25.1,25.200001,24.870001,25.059999,14400.0,-0.040001000000000175
7.0,12.0,25.02,25.24,25.02,25.120001,8100.0,0.1000009999999989
7.0,11.0,25.24,25.24,25.07,25.15,19600.0,-0.08999999999999986
7.0,10.0,25.190001,25.190001,24.9,25.1,20200.0,-0.09000099999999733
7.0,9.0,24.959999,25.1,24.93,25.049999,9900.0,0.08999999999999986
7.0,8.0,25.01,25.049999,24.75,25.049999,24000.0,0.03999899999999812
7.0,5.0,25.24,25.459999,24.84,25.07,54900.0,-0.16999999999999815
7.0,3.0,25.42,25.440001,25.290001,25.389999,4200.0,-0.030001000000002165
7.0,2.0,25.309999,25.49,25.209999,25.49,36800.0,0.1800009999999972
7.0,1.0,25.15,25.23,25.0,25.200001,5800.0,0.05000100000000174
6.0,28.0,24.709999,25.32,24.709999,25.18,17000.0,0.4700009999999999
6.0,27.0,25.0,25.129999,24.780001,25.02,48200.0,0.019999999999999574
6.0,26.0,24.639999,25.0,24.530001,24.940001,135900.0,0.3000019999999992
6.0,25.0,24.68,24.889999,24.34,24.629999,18300.0,-0.050000999999998186
6.0,24.0,24.309999,24.790001,23.23,24.690001,36800.0,0.3800019999999975
6.0,21.0,24.809999,25.0,24.0,24.57,49800.0,-0.23999900000000096
6.0,20.0,24.879999,24.99,24.4,24.809999,54400.0,-0.07000000000000028
6.0,19.0,25.48,25.67,25.200001,25.27,28100.0,-0.21000000000000085
6.0,18.0,25.74,25.879999,25.450001,25.629999,22700.0,-0.1100009999999969
6.0,17.0,25.85,25.85,25.299999,25.66,40400.0,-0.19000000000000128
6.0,14.0,25.4,25.76,25.1,25.76,15300.0,0.360000000000003
6.0,13.0,24.809999,25.57,23.99,25.559999,34900.0,0.75
6.0,12.0,24.940001,24.950001,24.1,24.860001,68800.0,-0.0799999999999983
6.0,11.0,25.49,25.5,24.65,24.99,51000.0,-0.5
6.0,10.0,25.870001,25.870001,25.42,25.52,16700.0,-0.3500009999999989
6.0,7.0,25.67,25.870001,25.5,25.76,10200.0,0.08999999999999986
6.0,6.0,25.440001,25.65,25.360001,25.65,10300.0,0.20999899999999982
6.0,5.0,25.620001,25.620001,25.17,25.4,12200.0,-0.2200009999999999
6.0,4.0,25.299999,25.530001,25.299999,25.52,12900.0,0.2200009999999999
6.0,3.0,25.98,25.98,25.110001,25.23,34000.0,-0.75
5.0,31.0,26.200001,26.219999,25.77,25.84,11500.0,-0.36000100000000046
5.0,30.0,26.18,26.280001,26.17,26.200001,11300.0,0.0200010000000006
5.0,29.0,26.530001,26.530001,25.940001,26.209999,32100.0,-0.3200019999999988
5.0,28.0,26.639999,26.76,26.639999,26.68,5000.0,0.040001000000000175
5.0,24.0,26.68,26.68,26.51,26.57,8100.0,-0.10999999999999943
5.0,23.0,26.74,26.84,26.549999,26.65,10100.0,-0.08999999999999986
5.0,22.0,26.75,26.879999,26.549999,26.85,25400.0,0.10000000000000142
5.0,21.0,26.620001,26.700001,26.469999,26.700001,19700.0,0.08000000000000185
5.0,20.0,26.49,26.65,26.49,26.549999,21800.0,0.059999000000001246
5.0,17.0,26.610001,26.68,26.549999,26.549999,10500.0,-0.06000200000000078
5.0,16.0,26.530001,26.6,26.42,26.57,4500.0,0.03999900000000167
5.0,15.0,27.01,27.08,26.4,26.49,51800.0,-0.5200000000000031
5.0,14.0,27.23,27.27,26.83,26.83,19300.0,-0.40000000000000213
5.0,13.0,27.209999,27.26,27.059999,27.17,7900.0,-0.03999899999999812
5.0,10.0,27.07,27.09,26.75,27.07,16500.0,0.0
5.0,9.0,27.25,27.25,26.74,26.969999,25600.0,-0.2800009999999986
5.0,8.0,27.49,27.540001,27.0,27.18,44900.0,-0.3099999999999987
5.0,7.0,27.200001,27.48,27.190001,27.379999,11700.0,0.1799980000000012
5.0,6.0,27.120001,27.299999,26.99,27.209999,16700.0,0.08999800000000135
5.0,3.0,27.52,27.530001,27.07,27.139999,21300.0,-0.38000100000000003
5.0,2.0,27.040001,27.6,26.98,27.51,22800.0,0.4699990000000014
5.0,1.0,27.08,27.08,26.790001,26.99,4600.0,-0.08999999999999986
4.0,30.0,26.959999,27.07,26.940001,27.07,3200.0,0.11000100000000046
4.0,29.0,26.950001,26.98,26.790001,26.83,3200.0,-0.12000100000000202
4.0,26.0,27.030001,27.33,26.879999,27.15,16100.0,0.11999899999999997
4.0,25.0,26.950001,26.98,26.83,26.9,9200.0,-0.05000100000000174
4.0,24.0,26.940001,26.950001,26.84,26.950001,9200.0,0.010000000000001563
4.0,23.0,26.83,26.889999,26.780001,26.83,5500.0,0.0
4.0,22.0,26.620001,26.809999,26.6,26.719999,48100.0,0.09999800000000292
4.0,19.0,26.74,26.9,26.530001,26.530001,27400.0,-0.20999899999999982
4.0,18.0,26.959999,26.959999,26.83,26.870001,6900.0,-0.08999800000000135
4.0,17.0,26.76,26.959999,26.66,26.959999,12900.0,0.19999899999999826
4.0,16.0,26.549999,26.709999,26.48,26.639999,13100.0,0.08999999999999986
4.0,15.0,26.68,26.68,26.379999,26.440001,8900.0,-0.23999900000000096
4.0,12.0,26.66,26.66,26.51,26.549999,12400.0,-0.11000100000000046
4.0,11.0,26.83,26.83,26.549999,26.57,17600.0,-0.259999999999998
4.0,10.0,26.65,26.77,26.57,26.73,12000.0,0.08000000000000185
4.0,9.0,26.530001,26.530001,26.5,26.530001,13800.0,0.0
4.0,8.0,26.6,26.67,26.469999,26.52,7500.0,-0.08000000000000185
4.0,5.0,26.58,26.6,26.42,26.469999,9200.0,-0.1100009999999969
4.0,4.0,26.67,26.690001,26.57,26.57,13300.0,-0.10000000000000142
4.0,3.0,26.76,26.83,26.530001,26.59,10100.0,-0.1700000000000017
4.0,2.0,26.93,26.93,26.629999,26.629999,27000.0,-0.3000009999999982
4.0,1.0,26.959999,26.959999,26.67,26.809999,13100.0,-0.14999999999999858
3.0,28.0,26.75,27.030001,26.700001,26.959999,14900.0,0.20999899999999982
3.0,27.0,26.700001,26.75,26.530001,26.74,32200.0,0.03999899999999812
3.0,26.0,26.719999,26.719999,26.51,26.549999,14200.0,-0.1700000000000017
3.0,25.0,26.65,26.690001,26.51,26.58,29600.0,-0.07000000000000028
3.0,22.0,26.59,26.620001,26.549999,26.549999,15000.0,-0.040001000000000175
3.0,21.0,26.629999,26.629999,26.51,26.540001,16200.0,-0.08999800000000135
3.0,20.0,26.379999,26.73,26.360001,26.620001,15700.0,0.24000199999999694
3.0,19.0,26.43,26.469999,26.299999,26.43,12900.0,0.0
3.0,18.0,26.389999,26.41,26.35,26.4,50600.0,0.010000999999999038
3.0,15.0,26.15,26.32,26.15,26.32,9600.0,0.1700000000000017
3.0,14.0,26.24,26.35,26.190001,26.32,11900.0,0.08000000000000185
3.0,13.0,26.1,26.299999,26.08,26.23,8100.0,0.129999999999999
3.0,12.0,25.98,26.09,25.98,26.02,10800.0,0.03999999999999915
3.0,11.0,26.26,26.26,25.93,26.02,14500.0,-0.240000000000002
3.0,8.0,26.200001,26.200001,26.040001,26.16,11300.0,-0.040001000000000175
3.0,7.0,26.17,26.200001,26.1,26.110001,17100.0,-0.059999000000001246
3.0,6.0,26.26,26.26,26.09,26.09,12200.0,-0.1700000000000017
3.0,5.0,26.379999,26.379999,26.18,26.200001,13800.0,-0.1799980000000012
3.0,4.0,26.24,26.35,26.23,26.25,10900.0,0.010000000000001563
3.0,1.0,26.280001,26.280001,26.18,26.27,10900.0,-0.010000999999999038
2.0,28.0,26.110001,26.290001,26.110001,26.120001,15500.0,0.00999999999999801
2.0,27.0,26.200001,26.24,26.110001,26.18,10900.0,-0.0200010000000006
2.0,26.0,26.15,26.200001,25.889999,26.15,33600.0,0.0
2.0,25.0,26.17,26.23,26.129999,26.17,28100.0,0.0
2.0,22.0,26.18,26.23,26.17,26.190001,5900.0,0.010000999999999038
2.0,21.0,26.049999,26.17,26.040001,26.129999,30400.0,0.08000000000000185
2.0,20.0,26.1,26.120001,25.959999,26.049999,12500.0,-0.05000100000000174
2.0,19.0,26.129999,26.129999,25.950001,25.98,20400.0,-0.1499990000000011
2.0,15.0,25.93,26.040001,25.68,25.98,41200.0,0.05000000000000071
2.0,14.0,25.82,25.82,25.68,25.799999,38900.0,-0.0200010000000006
2.0,13.0,25.73,25.790001,25.700001,25.74,8700.0,0.00999999999999801
2.0,12.0,25.639999,25.700001,25.58,25.690001,15500.0,0.050001999999999214
2.0,11.0,25.629999,25.65,25.57,25.6,14600.0,-0.02999900000000011
2.0,8.0,25.6,25.690001,25.52,25.610001,29900.0,0.010000999999999038
2.0,7.0,25.690001,25.690001,25.52,25.57,13700.0,-0.12000099999999847
2.0,6.0,25.59,25.73,25.559999,25.629999,33700.0,0.03999900000000167
2.0,5.0,25.66,25.709999,25.549999,25.549999,37800.0,-0.11000100000000046
2.0,4.0,25.85,25.85,25.549999,25.629999,118400.0,-0.2200009999999999
2.0,1.0,26.0,26.1,25.709999,25.75,17500.0,-0.25
1.0,31.0,26.0,26.08,25.780001,25.9,15900.0,-0.10000000000000142
1.0,30.0,26.370001,26.370001,25.85,25.85,5800.0,-0.520000999999997
1.0,29.0,26.620001,26.719999,26.35,26.469999,12800.0,-0.15000199999999708
1.0,28.0,26.799999,26.799999,26.360001,26.469999,19200.0,-0.3299999999999983
1.0,25.0,26.85,26.91,26.73,26.73,13500.0,-0.120000000000001
1.0,24.0,26.65,26.76,26.65,26.709999,12300.0,0.059999000000001246
1.0,23.0,26.690001,26.690001,26.459999,26.540001,20700.0,-0.14999999999999858
1.0,22.0,26.639999,26.639999,26.4,26.559999,15900.0,-0.0799999999999983
1.0,18.0,26.360001,26.49,26.35,26.49,15000.0,0.12999899999999798
1.0,17.0,26.299999,26.35,26.18,26.35,17900.0,0.05000100000000174
1.0,16.0,26.120001,26.190001,26.1,26.18,14700.0,0.059999000000001246
1.0,15.0,26.17,26.190001,26.01,26.08,11400.0,-0.09000000000000341
1.0,14.0,26.299999,26.299999,26.120001,26.120001,9300.0,-0.1799980000000012
1.0,11.0,26.370001,26.370001,26.23,26.299999,10100.0,-0.07000199999999879
1.0,10.0,26.299999,26.33,26.23,26.33,11100.0,0.030000999999998612
1.0,9.0,26.33,26.33,25.99,26.200001,10600.0,-0.12999899999999798
1.0,8.0,26.120001,26.35,26.110001,26.32,16100.0,0.19999900000000181
1.0,7.0,26.18,26.24,25.959999,26.049999,17700.0,-0.13000100000000003
1.0,4.0,26.219999,26.24,26.09,26.110001,20000.0,-0.10999800000000093
1.0,3.0,26.27,26.43,26.219999,26.219999,15300.0,-0.050000999999998186
1.0,2.0,26.35,26.35,26.18,26.219999,14000.0,-0.13000100000000003
12.0,31.0,26.15,26.379999,26.15,26.299999,6200.0,0.1499990000000011
12.0,28.0,25.9,26.120001,25.82,26.030001,16700.0,0.13000100000000003
12.0,27.0,25.9,25.9,25.809999,25.82,7400.0,-0.0799999999999983
12.0,26.0,25.9,25.9,25.75,25.85,9000.0,-0.04999999999999716
12.0,24.0,25.870001,25.889999,25.82,25.870001,8000.0,0.0
12.0,21.0,25.790001,25.879999,25.73,25.809999,15300.0,0.01999800000000107
12.0,20.0,25.870001,25.870001,25.6,25.85,18400.0,-0.02000099999999705
12.0,19.0,25.719999,25.82,25.6,25.809999,564500.0,0.08999999999999986
12.0,18.0,25.799999,25.799999,25.629999,25.74,35000.0,-0.059999000000001246
12.0,17.0,25.790001,25.799999,25.719999,25.75,20300.0,-0.040001000000000175
12.0,14.0,25.799999,25.799999,25.6,25.700001,35100.0,-0.09999799999999937
12.0,13.0,25.75,25.799999,25.610001,25.610001,36400.0,-0.13999899999999954
12.0,12.0,25.76,25.76,25.700001,25.73,15800.0,-0.030000000000001137
12.0,11.0,25.860001,25.860001,25.700001,25.700001,43300.0,-0.16000000000000014
12.0,10.0,25.790001,25.870001,25.74,25.790001,18600.0,0.0
12.0,7.0,25.690001,25.690001,25.57,25.67,18800.0,-0.02000099999999705
12.0,6.0,25.67,25.67,25.49,25.6,17200.0,-0.07000000000000028
12.0,5.0,25.809999,25.809999,25.6,25.629999,21400.0,-0.17999999999999972
12.0,4.0,25.49,25.73,25.49,25.73,12800.0,0.240000000000002
12.0,3.0,25.629999,25.629999,25.440001,25.540001,10200.0,-0.08999800000000135
11.0,30.0,25.620001,25.639999,25.549999,25.6,46700.0,-0.02000099999999705
11.0,29.0,25.9,25.9,25.49,25.559999,43100.0,-0.34000099999999733
11.0,28.0,25.870001,25.959999,25.809999,25.879999,18500.0,0.00999800000000306
11.0,27.0,25.68,25.799999,25.610001,25.780001,45900.0,0.1000009999999989
11.0,26.0,25.68,25.700001,25.51,25.6,17300.0,-0.0799999999999983
11.0,23.0,25.66,25.719999,25.610001,25.620001,13400.0,-0.03999900000000167
11.0,21.0,25.73,25.73,25.559999,25.610001,27900.0,-0.11999899999999997
11.0,20.0,25.73,25.780001,25.440001,25.6,39700.0,-0.129999999999999
11.0,19.0,25.790001,25.799999,25.690001,25.75,17000.0,-0.040001000000000175
11.0,16.0,25.32,25.68,25.32,25.68,21400.0,0.35999999999999943
11.0,15.0,25.59,25.59,25.02,25.290001,24700.0,-0.2999989999999997
11.0,14.0,25.75,25.76,25.389999,25.389999,49200.0,-0.36000100000000046
11.0,13.0,25.870001,25.879999,25.74,25.74,34400.0,-0.13000100000000003
11.0,12.0,25.91,25.91,25.75,25.85,17800.0,-0.05999999999999872
11.0,9.0,25.780001,25.790001,25.700001,25.790001,16500.0,0.010000000000001563
11.0,8.0,25.799999,25.799999,25.73,25.75,37100.0,-0.04999899999999968
11.0,7.0,25.889999,25.889999,25.719999,25.75,44700.0,-0.13999899999999954
11.0,6.0,25.799999,25.82,25.76,25.77,24900.0,-0.02999900000000011
11.0,5.0,25.84,25.84,25.709999,25.790001,28200.0,-0.04999899999999968
11.0,2.0,25.83,25.83,25.700001,25.709999,29200.0,-0.12000099999999847
11.0,1.0,25.73,25.809999,25.67,25.690001,62700.0,-0.03999900000000167
10.0,31.0,25.84,25.84,25.549999,25.629999,31400.0,-0.21000099999999833
10.0,26.0,25.940001,26.02,25.91,25.959999,49600.0,0.01999800000000107
10.0,25.0,25.99,26.07,25.959999,25.99,20000.0,0.0
10.0,24.0,26.110001,26.16,25.91,25.91,22400.0,-0.20000100000000032
10.0,23.0,26.15,26.200001,26.01,26.030001,38900.0,-0.11999899999999997
10.0,22.0,26.200001,26.41,26.110001,26.16,78700.0,-0.040001000000000175
10.0,19.0,25.950001,26.6,25.950001,26.17,629100.0,0.2199990000000014
10.0,18.0,26.0,26.0,25.940001,25.940001,54200.0,-0.059999000000001246
10.0,17.0,26.07,26.139999,25.969999,25.98,32800.0,-0.08999999999999986
10.0,16.0,26.0,26.059999,25.950001,26.0,37500.0,0.0
10.0,15.0,26.200001,26.200001,25.940001,26.0,99700.0,-0.20000100000000032
10.0,12.0,26.18,26.26,26.07,26.18,42800.0,0.0
10.0,11.0,26.24,26.24,26.110001,26.18,172200.0,-0.05999999999999872
10.0,10.0,25.969999,26.190001,25.959999,26.190001,73000.0,0.22000199999999737
10.0,9.0,26.1,26.190001,25.91,25.99,62200.0,-0.11000000000000298
10.0,8.0,26.0,26.280001,25.85,26.200001,67700.0,0.20000100000000032
10.0,5.0,25.9,25.969999,25.85,25.940001,157500.0,0.040001000000000175
10.0,4.0,25.709999,25.860001,25.700001,25.82,62900.0,0.11000100000000046
10.0,3.0,25.75,25.75,25.620001,25.68,69300.0,-0.07000000000000028
10.0,2.0,25.74,25.74,25.610001,25.709999,30900.0,-0.030000999999998612
10.0,1.0,25.799999,25.799999,25.58,25.67,79400.0,-0.12999899999999798
9.0,28.0,25.719999,25.870001,25.629999,25.799999,80400.0,0.0799999999999983
9.0,27.0,25.5,25.719999,25.48,25.709999,69700.0,0.20999899999999982
9.0,26.0,25.59,25.700001,25.42,25.459999,85000.0,-0.13000100000000003
9.0,25.0,25.6,25.620001,25.540001,25.6,35500.0,0.0
9.0,24.0,25.690001,25.73,25.59,25.59,44500.0,-0.1000009999999989
9.0,21.0,25.75,25.75,25.68,25.690001,23600.0,-0.059999000000001246
9.0,20.0,25.629999,25.700001,25.629999,25.700001,41100.0,0.07000199999999879
9.0,19.0,25.690001,25.75,25.620001,25.67,326200.0,-0.02000099999999705
9.0,18.0,25.67,25.700001,25.620001,25.65,44600.0,-0.020000000000003126
9.0,17.0,25.690001,25.690001,25.6,25.620001,22500.0,-0.07000000000000028
9.0,14.0,25.719999,25.719999,25.540001,25.66,41000.0,-0.059999000000001246
9.0,13.0,25.719999,25.719999,25.65,25.66,14900.0,-0.059999000000001246
9.0,12.0,25.719999,25.719999,25.59,25.68,53800.0,-0.03999900000000167
9.0,11.0,25.709999,25.85,25.639999,25.66,302100.0,-0.04999899999999968
9.0,10.0,25.68,25.709999,25.559999,25.67,55100.0,-0.00999999999999801
9.0,7.0,25.6,25.68,25.5,25.65,91400.0,0.04999999999999716
9.0,6.0,25.709999,25.709999,25.530001,25.58,80400.0,-0.12999900000000153
9.0,5.0,25.58,25.75,25.4,25.6,202400.0,0.020000000000003126
9.0,4.0,25.49,25.6,25.41,25.49,37400.0,0.0
8.0,31.0,25.49,25.5,25.4,25.49,29900.0,0.0
8.0,30.0,25.43,25.469999,25.4,25.469999,72800.0,0.03999900000000167
8.0,29.0,25.43,25.43,25.34,25.43,25900.0,0.0
8.0,28.0,25.33,25.440001,25.25,25.43,57600.0,0.10000000000000142
8.0,27.0,25.34,25.34,25.200001,25.290001,68400.0,-0.04999899999999968
8.0,24.0,25.219999,25.34,25.190001,25.309999,62200.0,0.08999999999999986
8.0,23.0,25.18,25.219999,25.120001,25.18,120300.0,0.0
8.0,22.0,25.23,25.24,25.18,25.18,95800.0,-0.05000000000000071
8.0,21.0,25.200001,25.25,25.17,25.219999,126900.0,0.01999800000000107
8.0,20.0,25.24,25.24,25.15,25.200001,87200.0,-0.03999899999999812
8.0,17.0,25.219999,25.23,25.15,25.209999,168500.0,-0.010000000000001563
8.0,16.0,25.27,25.299999,25.16,25.23,154400.0,-0.03999999999999915
8.0,15.0,25.27,25.35,25.209999,25.24,230600.0,-0.030000000000001137
8.0,14.0,25.35,25.4,25.219999,25.25,668900.0,-0.10000000000000142
8.0,13.0,25.299999,25.440001,25.200001,25.4,473000.0,0.1000009999999989
8.0,10.0,25.25,25.6,25.25,25.450001,153500.0,0.20000100000000032
