9.0,25.0,0.003,0.003,0.003,0.003,0.0,0.0
9.0,24.0,0.003,0.003,0.003,0.003,0.0,0.0
9.0,23.0,0.003,0.003,0.003,0.003,0.0,0.0
9.0,22.0,0.003,0.003,0.003,0.003,0.0,0.0
9.0,21.0,0.003,0.003,0.003,0.003,200.0,0.0
9.0,18.0,0.0036,0.0036,0.003,0.003,110000.0,-5.999999999999998E-4
9.0,17.0,0.004,0.004,0.004,0.004,39900.0,0.0
9.0,16.0,0.0041,0.0041,0.0041,0.0041,0.0,0.0
9.0,15.0,0.0041,0.0041,0.0041,0.0041,0.0,0.0
9.0,14.0,0.0041,0.0041,0.0041,0.0041,0.0,0.0
9.0,11.0,0.0041,0.0041,0.0041,0.0041,0.0,0.0
9.0,10.0,0.0041,0.0041,0.0041,0.0041,0.0,0.0
9.0,9.0,0.0041,0.0041,0.0041,0.0041,0.0,0.0
9.0,8.0,0.0041,0.0188,0.0041,0.0041,81400.0,0.0
9.0,7.0,0.00705,0.00705,0.00705,0.00705,0.0,0.0
9.0,4.0,0.00705,0.00705,0.00705,0.00705,0.0,0.0
9.0,3.0,0.00705,0.00705,0.00705,0.00705,0.0,0.0
9.0,2.0,0.00705,0.00705,0.00705,0.00705,0.0,0.0
9.0,1.0,0.00705,0.00705,0.00705,0.00705,0.0,0.0
8.0,31.0,0.0041,0.00705,0.0041,0.00705,10000.0,0.0029499999999999995
8.0,28.0,0.006,0.006,0.006,0.006,0.0,0.0
8.0,27.0,0.006,0.006,0.006,0.006,140000.0,0.0
8.0,26.0,0.01,0.01,0.01,0.01,1300.0,0.0
8.0,25.0,0.0098,0.0098,0.00972,0.0098,75000.0,0.0
8.0,24.0,0.006,0.006,0.006,0.006,0.0,0.0
8.0,21.0,0.006,0.006,0.006,0.006,0.0,0.0
8.0,20.0,0.006,0.006,0.006,0.006,0.0,0.0
8.0,19.0,0.006,0.006,0.006,0.006,0.0,0.0
8.0,18.0,0.006,0.006,0.006,0.006,4000.0,0.0
8.0,17.0,0.006,0.006,0.006,0.006,14500.0,0.0
8.0,14.0,0.007,0.007,0.007,0.007,120000.0,0.0
8.0,13.0,0.005,0.005,0.005,0.005,0.0,0.0
8.0,12.0,0.005,0.005,0.005,0.005,0.0,0.0
8.0,11.0,0.005,0.005,0.005,0.005,0.0,0.0
8.0,10.0,0.005,0.005,0.005,0.005,0.0,0.0
8.0,7.0,0.004,0.005,0.004,0.005,396300.0,0.001
8.0,6.0,0.004,0.007,0.004,0.007,20300.0,0.003
8.0,5.0,0.007,0.007,0.007,0.007,0.0,0.0
8.0,4.0,0.0054,0.007,0.004,0.007,303200.0,0.0015999999999999999
8.0,3.0,0.007,0.007,0.007,0.007,46300.0,0.0
7.0,31.0,0.005,0.005,0.005,0.005,0.0,0.0
7.0,30.0,0.005,0.005,0.005,0.005,0.0,0.0
7.0,29.0,0.005,0.005,0.005,0.005,8300.0,0.0
7.0,28.0,0.0078,0.0078,0.005,0.007,1926100.0,-7.999999999999995E-4
7.0,27.0,0.0078,0.0078,0.0078,0.0078,4900.0,0.0
7.0,24.0,0.004,0.004,0.004,0.004,5000.0,0.0
7.0,23.0,0.0055,0.0055,0.0055,0.0055,0.0,0.0
7.0,22.0,0.0055,0.0055,0.0055,0.0055,0.0,0.0
7.0,21.0,0.0055,0.0055,0.0055,0.0055,0.0,0.0
7.0,20.0,0.0055,0.0055,0.0055,0.0055,0.0,0.0
7.0,17.0,0.0055,0.0055,0.0055,0.0055,61000.0,0.0
7.0,16.0,0.004,0.004,0.004,0.004,0.0,0.0
7.0,15.0,0.004,0.004,0.004,0.004,0.0,0.0
7.0,14.0,0.004,0.004,0.004,0.004,0.0,0.0
7.0,13.0,0.004,0.004,0.004,0.004,0.0,0.0
7.0,10.0,0.005,0.005,0.004,0.004,40000.0,-0.001
7.0,9.0,0.005,0.005,0.005,0.005,0.0,0.0
7.0,8.0,0.005,0.005,0.005,0.005,0.0,0.0
7.0,7.0,0.005,0.005,0.005,0.005,2500.0,0.0
7.0,6.0,0.0082,0.0082,0.005,0.005,66000.0,-0.0032000000000000006
7.0,3.0,0.0036,0.0036,0.0036,0.0036,0.0,0.0
7.0,2.0,0.0036,0.0036,0.0036,0.0036,0.0,0.0
7.0,1.0,0.0036,0.0036,0.0036,0.0036,0.0,0.0
6.0,30.0,0.0036,0.0036,0.0036,0.0036,0.0,0.0
6.0,29.0,0.0036,0.0036,0.0036,0.0036,0.0,0.0
6.0,26.0,0.0036,0.0036,0.0036,0.0036,0.0,0.0
6.0,25.0,0.0036,0.0036,0.0036,0.0036,0.0,0.0
6.0,24.0,0.0036,0.0036,0.0036,0.0036,400.0,0.0
6.0,23.0,0.0036,0.0036,0.0036,0.0036,0.0,0.0
6.0,22.0,0.0036,0.0036,0.0036,0.0036,6500.0,0.0
6.0,19.0,0.0036,0.0036,0.0036,0.0036,0.0,0.0
6.0,18.0,0.0036,0.0036,0.0036,0.0036,0.0,0.0
6.0,17.0,0.0036,0.0036,0.0036,0.0036,8300.0,0.0
6.0,16.0,0.0042,0.0042,0.0042,0.0042,0.0,0.0
6.0,15.0,0.0042,0.0042,0.0042,0.0042,0.0,0.0
6.0,12.0,0.0042,0.0042,0.0042,0.0042,0.0,0.0
6.0,11.0,0.0042,0.0042,0.0042,0.0042,8000.0,0.0
6.0,10.0,0.0042,0.0042,0.0042,0.0042,0.0,0.0
6.0,9.0,0.0042,0.0042,0.0042,0.0042,0.0,0.0
6.0,8.0,0.0042,0.0042,0.0042,0.0042,0.0,0.0
6.0,5.0,0.0042,0.0042,0.0042,0.0042,0.0,0.0
6.0,4.0,0.0042,0.0042,0.0042,0.0042,19000.0,0.0
6.0,3.0,0.005,0.005,0.005,0.005,46900.0,0.0
6.0,2.0,0.0042,0.0042,0.0042,0.0042,0.0,0.0
6.0,1.0,0.0042,0.0042,0.0042,0.0042,25000.0,0.0
5.0,29.0,0.005,0.005,0.005,0.005,0.0,0.0
5.0,28.0,0.0051,0.0051,0.005,0.005,618000.0,-1.0000000000000026E-4
5.0,27.0,0.0084,0.0084,0.0084,0.0084,25500.0,0.0
5.0,26.0,0.0076,0.0086,0.0076,0.0086,208000.0,0.001
5.0,25.0,0.0075,0.0075,0.0075,0.0075,0.0,0.0
5.0,22.0,0.0088,0.0088,0.0075,0.0075,72500.0,-0.0013000000000000008
5.0,21.0,0.005,0.005,0.005,0.005,2000.0,0.0
5.0,20.0,0.0045,0.0045,0.0045,0.0045,0.0,0.0
5.0,19.0,0.0045,0.0045,0.0045,0.0045,0.0,0.0
5.0,18.0,0.0045,0.0045,0.0045,0.0045,2000.0,0.0
5.0,15.0,0.0062,0.0062,0.0062,0.0062,0.0,0.0
5.0,14.0,0.0062,0.0062,0.0062,0.0062,0.0,0.0
5.0,13.0,0.0062,0.0062,0.0062,0.0062,0.0,0.0
5.0,12.0,0.0062,0.0062,0.0062,0.0062,0.0,0.0
5.0,11.0,0.0062,0.0062,0.0062,0.0062,0.0,0.0
5.0,8.0,0.0062,0.0062,0.0062,0.0062,0.0,0.0
5.0,7.0,0.0062,0.0062,0.0062,0.0062,13000.0,0.0
5.0,6.0,0.0062,0.0062,0.0062,0.0062,0.0,0.0
5.0,5.0,0.0062,0.0062,0.0062,0.0062,3400.0,0.0
5.0,4.0,0.0062,0.0062,0.0062,0.0062,0.0,0.0
5.0,1.0,0.0062,0.0062,0.0062,0.0062,0.0,0.0
4.0,30.0,0.0062,0.0062,0.0062,0.0062,10000.0,0.0
4.0,29.0,0.0062,0.0062,0.0062,0.0062,0.0,0.0
4.0,28.0,0.0062,0.0063,0.0062,0.0062,104700.0,0.0
4.0,27.0,0.0062,0.0062,0.0051,0.006,278000.0,-1.9999999999999966E-4
4.0,24.0,0.0062,0.0062,0.0062,0.0062,0.0,0.0
4.0,23.0,0.0062,0.0062,0.0062,0.0062,0.0,0.0
4.0,22.0,0.0065,0.0065,0.0061,0.0062,431800.0,-2.999999999999999E-4
4.0,21.0,0.0065,0.0065,0.0065,0.0065,120000.0,0.0
4.0,20.0,0.016,0.016,0.0065,0.0065,461800.0,-0.009500000000000001
4.0,17.0,0.0065,0.0065,0.0065,0.0065,6500.0,0.0
4.0,16.0,0.0061,0.0066,0.0061,0.0061,297800.0,0.0
4.0,15.0,0.0061,0.0061,0.0061,0.0061,25000.0,0.0
4.0,14.0,0.0065,0.0065,0.0065,0.0065,6500.0,0.0
4.0,13.0,0.0051,0.0051,0.0051,0.0051,0.0,0.0
4.0,10.0,0.0065,0.0065,0.0051,0.0051,135900.0,-0.0013999999999999993
4.0,9.0,0.007,0.007,0.007,0.007,0.0,0.0
4.0,8.0,0.0071,0.008,0.007,0.007,465900.0,-1.0000000000000026E-4
4.0,7.0,0.0074,0.0074,0.0074,0.0074,70000.0,0.0
4.0,6.0,0.0075,0.0075,0.0074,0.0074,236400.0,-9.99999999999994E-5
4.0,3.0,0.007,0.007,0.007,0.007,0.0,0.0
4.0,2.0,0.0071,0.0071,0.007,0.007,103800.0,-1.0000000000000026E-4
4.0,1.0,0.008,0.008,0.0075,0.008,854600.0,0.0
3.0,31.0,0.008,0.008,0.0074,0.0074,99800.0,-5.999999999999998E-4
3.0,30.0,0.0075,0.0075,0.0075,0.0075,0.0,0.0
3.0,27.0,0.008,0.008,0.0075,0.0075,134000.0,-5.000000000000004E-4
3.0,26.0,0.008,0.008,0.007,0.007,126200.0,-0.001
3.0,25.0,0.0075,0.0075,0.0075,0.0075,0.0,0.0
3.0,24.0,0.0078,0.0078,0.0075,0.0075,228400.0,-2.999999999999999E-4
3.0,23.0,0.008,0.0085,0.008,0.0085,33500.0,5.000000000000004E-4
3.0,20.0,0.008,0.008,0.008,0.008,0.0,0.0
3.0,19.0,0.008,0.008,0.008,0.008,0.0,0.0
3.0,18.0,0.0075,0.008,0.0075,0.008,27300.0,5.000000000000004E-4
3.0,17.0,0.0082,0.0082,0.0082,0.0082,43000.0,0.0
3.0,16.0,0.0082,0.0082,0.0082,0.0082,7000.0,0.0
3.0,13.0,0.0083,0.0083,0.0083,0.0083,50000.0,0.0
3.0,12.0,0.0083,0.0083,0.0083,0.0083,0.0,0.0
3.0,11.0,0.0083,0.0083,0.0083,0.0083,0.0,0.0
3.0,10.0,0.0083,0.0083,0.0083,0.0083,20000.0,0.0
3.0,9.0,0.0086,0.0092,0.0086,0.0092,19000.0,5.999999999999998E-4
3.0,6.0,0.0083,0.0134,0.0083,0.0134,51700.0,0.0051
3.0,5.0,0.011,0.01155,0.011,0.01155,11000.0,5.500000000000001E-4
3.0,4.0,0.011,0.011,0.011,0.011,0.0,0.0
3.0,3.0,0.011,0.011,0.011,0.011,12300.0,0.0
3.0,2.0,0.0101,0.0101,0.0086,0.0086,99800.0,-0.0014999999999999996
2.0,27.0,0.01,0.0101,0.01,0.0101,74100.0,9.99999999999994E-5
2.0,26.0,0.01,0.01,0.01,0.01,123500.0,0.0
2.0,25.0,0.0083,0.01,0.0083,0.01,33000.0,0.0017000000000000001
2.0,24.0,0.0147,0.0147,0.01,0.0147,88300.0,0.0
2.0,23.0,0.0083,0.011,0.0083,0.01,282500.0,0.0017000000000000001
2.0,20.0,0.011,0.0164,0.01,0.0164,319500.0,0.005400000000000002
2.0,19.0,0.011,0.0164,0.0098,0.0164,753600.0,0.005400000000000002
2.0,18.0,0.012,0.012,0.012,0.012,90000.0,0.0
2.0,17.0,0.011,0.011,0.011,0.011,0.0,0.0
2.0,16.0,0.011,0.011,0.011,0.011,0.0,0.0
2.0,13.0,0.011,0.011,0.011,0.011,1200.0,0.0
2.0,12.0,0.0174,0.0174,0.0174,0.0174,0.0,0.0
2.0,11.0,0.0174,0.0174,0.0174,0.0174,0.0,0.0
2.0,10.0,0.0174,0.0174,0.0174,0.0174,0.0,0.0
2.0,9.0,0.0174,0.0174,0.0174,0.0174,4000.0,0.0
2.0,6.0,0.0101,0.0101,0.0101,0.0101,2100.0,0.0
2.0,5.0,0.0174,0.0174,0.0174,0.0174,1000.0,0.0
2.0,4.0,0.0145,0.0145,0.0145,0.0145,0.0,0.0
2.0,3.0,0.0123,0.0145,0.0123,0.0145,9000.0,0.0022000000000000006
2.0,2.0,0.0175,0.0175,0.0175,0.0175,3400.0,0.0
1.0,30.0,0.0175,0.0175,0.01,0.0175,65000.0,0.0
1.0,29.0,0.0125,0.013,0.0125,0.013,61000.0,4.999999999999987E-4
1.0,28.0,0.014,0.014,0.01,0.014,51100.0,0.0
1.0,27.0,0.0145,0.0145,0.01,0.0135,158500.0,-0.0010000000000000009
1.0,26.0,0.0125,0.015,0.0125,0.015,17000.0,0.0024999999999999988
1.0,23.0,0.022,0.022,0.0125,0.015,136000.0,-0.006999999999999999
1.0,22.0,0.0122,0.0122,0.01,0.0105,304700.0,-0.0017000000000000001
1.0,21.0,0.0122,0.0122,0.0122,0.0122,35000.0,0.0
1.0,20.0,0.0165,0.0165,0.014,0.014,149300.0,-0.0025000000000000005
1.0,19.0,0.0169,0.0169,0.0169,0.0169,0.0,0.0
1.0,16.0,0.014,0.0169,0.01,0.0169,42500.0,0.002899999999999998
1.0,15.0,0.022,0.022,0.022,0.022,1000.0,0.0
1.0,14.0,0.0185,0.0185,0.0185,0.0185,7300.0,0.0
1.0,13.0,0.022,0.022,0.022,0.022,0.0,0.0
1.0,12.0,0.014,0.022,0.012,0.022,83200.0,0.007999999999999998
1.0,9.0,0.014,0.023,0.014,0.023,2000.0,0.009
1.0,8.0,0.018,0.023,0.018,0.023,10900.0,0.005000000000000001
1.0,7.0,0.023,0.023,0.018,0.023,9300.0,0.0
1.0,6.0,0.024,0.024,0.018,0.018,6800.0,-0.006000000000000002
1.0,5.0,0.018,0.018,0.018,0.018,6000.0,0.0
1.0,2.0,0.026,0.026,0.026,0.026,0.0,0.0
1.0,1.0,0.026,0.026,0.026,0.026,0.0,0.0
12.0,31.0,0.026,0.026,0.026,0.026,0.0,0.0
12.0,30.0,0.026,0.026,0.026,0.026,0.0,0.0
12.0,29.0,0.018,0.026,0.018,0.026,4000.0,0.008
12.0,26.0,0.018,0.026,0.018,0.025,33800.0,0.007000000000000003
12.0,25.0,0.025,0.025,0.025,0.025,0.0,0.0
12.0,24.0,0.027,0.027,0.022,0.025,3000.0,-0.0019999999999999983
12.0,23.0,0.018,0.018,0.018,0.018,400.0,0.0
12.0,22.0,0.028,0.028,0.028,0.028,0.0,0.0
12.0,19.0,0.028,0.028,0.028,0.028,0.0,0.0
12.0,18.0,0.028,0.028,0.028,0.028,4900.0,0.0
12.0,17.0,0.018,0.018,0.018,0.018,6200.0,0.0
12.0,16.0,0.019,0.019,0.019,0.019,0.0,0.0
12.0,15.0,0.018,0.019,0.018,0.019,11000.0,0.0010000000000000009
12.0,12.0,0.028,0.028,0.028,0.028,1000.0,0.0
12.0,11.0,0.018,0.018,0.018,0.018,0.0,0.0
12.0,10.0,0.018,0.018,0.018,0.018,5000.0,0.0
12.0,9.0,0.018,0.028,0.018,0.028,3300.0,0.010000000000000002
12.0,8.0,0.016,0.02,0.016,0.018,29300.0,0.0019999999999999983
12.0,5.0,0.028,0.028,0.028,0.028,1000.0,0.0
12.0,4.0,0.02,0.02,0.02,0.02,22500.0,0.0
12.0,3.0,0.02,0.02,0.02,0.02,800.0,0.0
12.0,2.0,0.021,0.021,0.021,0.021,1000.0,0.0
12.0,1.0,0.02,0.02,0.02,0.02,100000.0,0.0
11.0,28.0,0.028,0.028,0.028,0.028,0.0,0.0
11.0,27.0,0.028,0.028,0.028,0.028,0.0,0.0
11.0,26.0,0.028,0.028,0.028,0.028,1000.0,0.0
11.0,25.0,0.02,0.02,0.02,0.02,2100.0,0.0
11.0,24.0,0.014,0.028,0.014,0.028,16700.0,0.014
11.0,21.0,0.029,0.029,0.029,0.029,1000.0,0.0
11.0,20.0,0.02,0.02,0.02,0.02,40000.0,0.0
11.0,19.0,0.029,0.029,0.029,0.029,0.0,0.0
11.0,18.0,0.02,0.029,0.02,0.029,73500.0,0.009000000000000001
11.0,17.0,0.016,0.02,0.016,0.02,2300.0,0.004
11.0,14.0,0.0176,0.025,0.0176,0.025,9000.0,0.0074
11.0,13.0,0.0175,0.025,0.0175,0.0176,8400.0,9.99999999999994E-5
11.0,12.0,0.025,0.025,0.025,0.025,0.0,0.0
11.0,11.0,0.025,0.025,0.025,0.025,0.0,0.0
11.0,10.0,0.02,0.025,0.02,0.025,228700.0,0.005000000000000001
11.0,7.0,0.018,0.02,0.017,0.02,44800.0,0.0020000000000000018
11.0,6.0,0.018,0.018,0.017,0.017,25600.0,-9.999999999999974E-4
11.0,5.0,0.0171,0.0171,0.0171,0.0171,2900.0,0.0
11.0,4.0,0.02,0.02,0.02,0.02,1000.0,0.0
11.0,3.0,0.0171,0.0171,0.0171,0.0171,3500.0,0.0
10.0,31.0,0.02,0.02,0.02,0.02,50000.0,0.0
10.0,30.0,0.016,0.02,0.016,0.02,26000.0,0.004
10.0,29.0,0.016,0.021,0.014,0.021,189800.0,0.005000000000000001
10.0,28.0,0.021,0.021,0.021,0.021,0.0,0.0
10.0,27.0,0.021,0.021,0.021,0.021,1000.0,0.0
10.0,24.0,0.018,0.019,0.018,0.019,282500.0,0.0010000000000000009
10.0,23.0,0.0185,0.0185,0.016,0.0185,15800.0,0.0
10.0,22.0,0.0185,0.0185,0.0185,0.0185,0.0,0.0
10.0,21.0,0.018,0.0185,0.018,0.0185,23700.0,5.000000000000004E-4
10.0,20.0,0.019,0.019,0.019,0.019,0.0,0.0
10.0,17.0,0.019,0.019,0.019,0.019,0.0,0.0
10.0,16.0,0.019,0.019,0.019,0.019,1000.0,0.0
10.0,15.0,0.015,0.019,0.015,0.016,21800.0,0.0010000000000000009
10.0,14.0,0.015,0.015,0.015,0.015,0.0,0.0
10.0,13.0,0.015,0.015,0.015,0.015,15000.0,0.0
10.0,10.0,0.019,0.019,0.019,0.019,0.0,0.0
10.0,9.0,0.019,0.019,0.019,0.019,0.0,0.0
10.0,8.0,0.015,0.019,0.015,0.019,4000.0,0.004
10.0,7.0,0.015,0.015,0.015,0.015,800.0,0.0
10.0,6.0,0.019,0.019,0.019,0.019,0.0,0.0
10.0,3.0,0.019,0.019,0.019,0.019,0.0,0.0
10.0,2.0,0.019,0.019,0.019,0.019,0.0,0.0
10.0,1.0,0.019,0.019,0.019,0.019,0.0,0.0
9.0,30.0,0.015,0.019,0.015,0.019,13700.0,0.004
9.0,29.0,0.019,0.019,0.019,0.019,0.0,0.0
9.0,26.0,0.019,0.019,0.019,0.019,29000.0,0.0
9.0,25.0,0.019,0.019,0.019,0.019,0.0,0.0
9.0,24.0,0.019,0.019,0.019,0.019,25000.0,0.0
9.0,23.0,0.02,0.02,0.017,0.017,155000.0,-0.002999999999999999
9.0,22.0,0.02,0.02,0.02,0.02,0.0,0.0
9.0,19.0,0.02,0.02,0.02,0.02,52300.0,0.0
9.0,18.0,0.019,0.021,0.018,0.021,205000.0,0.0020000000000000018
9.0,17.0,0.0195,0.0195,0.0195,0.0195,0.0,0.0
9.0,16.0,0.021,0.021,0.0195,0.0195,15800.0,-0.0015000000000000013
9.0,15.0,0.0182,0.0182,0.0182,0.0182,0.0,0.0
9.0,12.0,0.0182,0.0182,0.0182,0.0182,0.0,0.0
9.0,11.0,0.0195,0.0195,0.0182,0.0182,75000.0,-0.001299999999999999
9.0,10.0,0.0172,0.0195,0.0172,0.0195,25000.0,0.0023
9.0,9.0,0.0195,0.0195,0.0195,0.0195,65000.0,0.0
9.0,8.0,0.02,0.02,0.02,0.02,0.0,0.0
9.0,5.0,0.02,0.02,0.02,0.02,0.0,0.0
9.0,4.0,0.02,0.02,0.02,0.02,0.0,0.0
9.0,3.0,0.02,0.02,0.02,0.02,0.0,0.0
9.0,2.0,0.02,0.02,0.02,0.02,33500.0,0.0
9.0,1.0,0.022,0.022,0.022,0.022,0.0,0.0
8.0,29.0,0.022,0.022,0.022,0.022,0.0,0.0
8.0,28.0,0.022,0.022,0.022,0.022,0.0,0.0
8.0,27.0,0.02,0.022,0.02,0.022,47000.0,0.0019999999999999983
8.0,26.0,0.0245,0.0245,0.0245,0.0245,12400.0,0.0
8.0,25.0,0.02,0.02,0.02,0.02,800.0,0.0
8.0,22.0,0.022,0.022,0.022,0.022,0.0,0.0
8.0,21.0,0.022,0.022,0.022,0.022,0.0,0.0
8.0,20.0,0.022,0.022,0.022,0.022,50000.0,0.0
8.0,19.0,0.0245,0.0245,0.0245,0.0245,4000.0,0.0
8.0,18.0,0.021,0.021,0.021,0.021,0.0,0.0
8.0,15.0,0.021,0.021,0.021,0.021,0.0,0.0
8.0,14.0,0.0209,0.021,0.0209,0.021,103300.0,1.0000000000000286E-4
8.0,13.0,0.018,0.018,0.018,0.018,0.0,0.0
8.0,12.0,0.018,0.018,0.018,0.018,3000.0,0.0
8.0,11.0,0.0245,0.0245,0.0201,0.0201,27000.0,-0.004400000000000001
8.0,8.0,0.028,0.029,0.0181,0.0245,167900.0,-0.0034999999999999996
8.0,7.0,0.02,0.025,0.018,0.025,188400.0,0.005000000000000001
8.0,6.0,0.0245,0.0245,0.0245,0.0245,10000.0,0.0
8.0,5.0,0.017,0.0245,0.017,0.024,103000.0,0.006999999999999999
8.0,4.0,0.02,0.02,0.02,0.02,0.0,0.0
8.0,1.0,0.0171,0.02,0.0171,0.02,10000.0,0.0029
7.0,31.0,0.0245,0.0245,0.0244,0.0244,6500.0,-9.99999999999994E-5
7.0,30.0,0.0245,0.0245,0.02,0.02,86900.0,-0.0045000000000000005
7.0,29.0,0.022,0.022,0.022,0.022,0.0,0.0
7.0,28.0,0.022,0.022,0.022,0.022,0.0,0.0
7.0,25.0,0.02,0.022,0.02,0.022,17000.0,0.0019999999999999983
7.0,24.0,0.0211,0.0211,0.0211,0.0211,7500.0,0.0
7.0,23.0,0.0245,0.0245,0.02,0.02,13000.0,-0.0045000000000000005
7.0,22.0,0.025,0.025,0.025,0.025,0.0,0.0
7.0,21.0,0.015,0.025,0.015,0.025,38200.0,0.010000000000000002
7.0,18.0,0.014,0.014,0.014,0.014,20000.0,0.0
7.0,17.0,0.02,0.026,0.018,0.026,180500.0,0.005999999999999998
7.0,16.0,0.025,0.025,0.0225,0.025,132300.0,0.0
7.0,15.0,0.03,0.03,0.021,0.025,192500.0,-0.0049999999999999975
7.0,14.0,0.014,0.014,0.014,0.014,6200.0,0.0
7.0,11.0,0.028,0.028,0.028,0.028,0.0,0.0
7.0,10.0,0.028,0.028,0.028,0.028,0.0,0.0
7.0,9.0,0.028,0.028,0.028,0.028,0.0,0.0
7.0,8.0,0.028,0.028,0.028,0.028,0.0,0.0
7.0,7.0,0.028,0.028,0.028,0.028,0.0,0.0
7.0,4.0,0.028,0.028,0.028,0.028,0.0,0.0
7.0,3.0,0.028,0.028,0.028,0.028,0.0,0.0
7.0,2.0,0.015,0.028,0.015,0.028,17200.0,0.013000000000000001
7.0,1.0,0.028,0.028,0.028,0.028,1000.0,0.0
6.0,30.0,0.018,0.018,0.018,0.018,0.0,0.0
6.0,27.0,0.02,0.025,0.018,0.018,60900.0,-0.0020000000000000018
6.0,26.0,0.02,0.02,0.02,0.02,0.0,0.0
6.0,25.0,0.02,0.02,0.02,0.02,0.0,0.0
6.0,24.0,0.02,0.02,0.02,0.02,40000.0,0.0
6.0,23.0,0.0275,0.0275,0.0275,0.0275,0.0,0.0
6.0,20.0,0.0275,0.0275,0.0275,0.0275,0.0,0.0
6.0,19.0,0.0275,0.0275,0.0275,0.0275,0.0,0.0
6.0,18.0,0.025,0.0275,0.025,0.0275,52000.0,0.0024999999999999988
6.0,17.0,0.02,0.02,0.02,0.02,28700.0,0.0
6.0,16.0,0.03,0.03,0.015,0.015,19700.0,-0.015
6.0,13.0,0.0295,0.0295,0.0295,0.0295,400.0,0.0
6.0,12.0,0.016,0.016,0.015,0.015,100000.0,-0.0010000000000000009
6.0,11.0,0.015,0.019,0.014,0.014,163800.0,-9.999999999999992E-4
6.0,10.0,0.015,0.025,0.015,0.025,12000.0,0.010000000000000002
6.0,9.0,0.03,0.03,0.02,0.02,3800.0,-0.009999999999999998
6.0,6.0,0.021,0.021,0.021,0.021,0.0,0.0
6.0,5.0,0.021,0.021,0.021,0.021,0.0,0.0
6.0,4.0,0.014,0.03,0.014,0.021,271800.0,0.007000000000000001
6.0,3.0,0.018,0.018,0.018,0.018,11100.0,0.0
6.0,2.0,0.026,0.026,0.015,0.018,124200.0,-0.008
5.0,30.0,0.02,0.025,0.02,0.025,111700.0,0.005000000000000001
5.0,29.0,0.0225,0.0225,0.0225,0.0225,6000.0,0.0
5.0,28.0,0.03,0.03,0.015,0.025,325300.0,-0.0049999999999999975
5.0,27.0,0.03,0.03,0.03,0.03,0.0,0.0
5.0,26.0,0.03,0.03,0.03,0.03,0.0,0.0
5.0,23.0,0.0228,0.03,0.0228,0.03,150000.0,0.007199999999999998
5.0,22.0,0.025,0.025,0.02,0.0228,320900.0,-0.0022000000000000006
5.0,21.0,0.03,0.035,0.024,0.024,248300.0,-0.005999999999999998
5.0,20.0,0.025,0.03,0.025,0.03,24000.0,0.0049999999999999975
5.0,19.0,0.03,0.03,0.026,0.026,40000.0,-0.004
5.0,16.0,0.032,0.032,0.032,0.032,0.0,0.0
5.0,15.0,0.032,0.032,0.032,0.032,79100.0,0.0
5.0,14.0,0.03,0.032,0.03,0.032,38300.0,0.0020000000000000018
5.0,13.0,0.033,0.033,0.033,0.033,35000.0,0.0
5.0,12.0,0.035,0.035,0.021,0.033,296100.0,-0.0020000000000000018
5.0,9.0,0.028,0.036,0.028,0.035,504800.0,0.007000000000000003
5.0,8.0,0.027,0.028,0.0255,0.028,476000.0,0.0010000000000000009
5.0,7.0,0.035,0.035,0.01,0.028,920000.0,-0.007000000000000003
5.0,6.0,0.04,0.04,0.035,0.035,461900.0,-0.0049999999999999975
5.0,5.0,0.033,0.0395,0.033,0.035,437100.0,0.0020000000000000018
5.0,2.0,0.034,0.04,0.033,0.033,1384200.0,-0.0010000000000000009
5.0,1.0,0.029,0.035,0.029,0.034,830200.0,0.005000000000000001
4.0,30.0,0.026,0.033,0.026,0.028,234900.0,0.0020000000000000018
4.0,29.0,0.025,0.025,0.024,0.025,47700.0,0.0
4.0,28.0,0.022,0.025,0.022,0.023,439500.0,0.0010000000000000009
4.0,25.0,0.022,0.022,0.022,0.022,85000.0,0.0
4.0,24.0,0.019,0.025,0.0189,0.021,437000.0,0.0020000000000000018
4.0,23.0,0.0185,0.0185,0.0185,0.0185,0.0,0.0
4.0,22.0,0.0185,0.0185,0.0185,0.0185,45000.0,0.0
4.0,21.0,0.0189,0.0189,0.0189,0.0189,48500.0,0.0
4.0,18.0,0.0189,0.0189,0.0189,0.0189,0.0,0.0
4.0,17.0,0.02,0.02,0.0189,0.0189,175000.0,-0.0011000000000000003
4.0,16.0,0.019,0.019,0.0176,0.0176,165000.0,-0.0013999999999999985
4.0,15.0,0.018,0.019,0.018,0.019,299900.0,0.0010000000000000009
4.0,14.0,0.016,0.017,0.016,0.017,90000.0,0.0010000000000000009
4.0,11.0,0.018,0.018,0.013,0.014,85400.0,-0.003999999999999998
4.0,10.0,0.019,0.02,0.0145,0.02,525300.0,0.0010000000000000009
4.0,9.0,0.0145,0.017,0.0145,0.017,101000.0,0.0025000000000000005
4.0,8.0,0.0145,0.0145,0.0145,0.0145,0.0,0.0
4.0,7.0,0.018,0.0183,0.0145,0.0145,97300.0,-0.003499999999999998
4.0,4.0,0.015,0.015,0.014,0.015,93300.0,0.0
4.0,3.0,0.014,0.022,0.011,0.0175,370000.0,0.0035000000000000014
4.0,2.0,0.014,0.019,0.014,0.015,109000.0,9.999999999999992E-4
4.0,1.0,0.012,0.012,0.012,0.012,0.0,0.0
3.0,31.0,0.0014,0.012,0.0014,0.012,160800.0,0.0106
3.0,28.0,0.012,0.0175,0.012,0.0145,234500.0,0.0025000000000000005
3.0,27.0,0.012,0.012,0.012,0.012,68000.0,0.0
3.0,26.0,0.011,0.016,0.011,0.011,238700.0,0.0
3.0,25.0,0.0078,0.01,0.0078,0.01,154600.0,0.0022000000000000006
3.0,24.0,0.0076,0.008,0.007,0.0075,136600.0,-1.0000000000000026E-4
3.0,21.0,0.006,0.0065,0.006,0.0065,454000.0,4.999999999999996E-4
3.0,20.0,0.007,0.007,0.007,0.007,1500.0,0.0
3.0,19.0,0.007,0.007,0.007,0.007,0.0,0.0
3.0,18.0,0.007,0.007,0.007,0.007,10000.0,0.0
3.0,17.0,0.008,0.008,0.007,0.0076,208000.0,-4.000000000000002E-4
3.0,14.0,0.006,0.006,0.006,0.006,0.0,0.0
3.0,13.0,0.006,0.006,0.006,0.006,0.0,0.0
3.0,12.0,0.006,0.006,0.006,0.006,0.0,0.0
3.0,11.0,0.006,0.006,0.006,0.006,86000.0,0.0
3.0,10.0,0.0076,0.0076,0.0076,0.0076,0.0,0.0
3.0,7.0,0.0076,0.0076,0.0076,0.0076,126100.0,0.0
3.0,6.0,0.0052,0.0052,0.0052,0.0052,0.0,0.0
3.0,5.0,0.0052,0.0052,0.0052,0.0052,0.0,0.0
3.0,4.0,0.0052,0.0052,0.0052,0.0052,22600.0,0.0
3.0,3.0,0.006,0.006,0.006,0.006,40000.0,0.0
2.0,28.0,0.0051,0.0051,0.0051,0.0051,0.0,0.0
2.0,27.0,0.0051,0.0051,0.0051,0.0051,21100.0,0.0
2.0,26.0,0.0082,0.0196,0.0076,0.0076,130000.0,-6.000000000000007E-4
2.0,25.0,0.0082,0.0082,0.0082,0.0082,0.0,0.0
2.0,24.0,0.0058,0.0082,0.0058,0.0082,26700.0,0.002400000000000001
2.0,21.0,0.009,0.009,0.0035,0.0076,131200.0,-0.0013999999999999993
2.0,20.0,0.008,0.008,0.008,0.008,20000.0,0.0
2.0,19.0,0.0055,0.0055,0.0055,0.0055,0.0,0.0
2.0,18.0,0.0055,0.0055,0.0055,0.0055,0.0,0.0
2.0,17.0,0.0055,0.0055,0.0055,0.0055,0.0,0.0
2.0,14.0,0.001,0.0076,0.001,0.0055,41000.0,0.0045
2.0,13.0,0.007,0.007,0.007,0.007,0.0,0.0
2.0,12.0,0.007,0.0076,0.007,0.007,201100.0,0.0
2.0,11.0,0.006,0.01,0.006,0.007,338200.0,0.001
2.0,10.0,0.006,0.006,0.006,0.006,8300.0,0.0
2.0,7.0,0.0045,0.0055,0.0045,0.0045,153800.0,0.0
2.0,6.0,0.0045,0.0045,0.0045,0.0045,0.0,0.0
2.0,5.0,0.007,0.007,0.0045,0.0045,7400.0,-0.0025000000000000005
2.0,4.0,0.0047,0.0047,0.0047,0.0047,0.0,0.0
2.0,3.0,0.0047,0.0047,0.0047,0.0047,3200.0,0.0
1.0,31.0,0.0047,0.0047,0.0047,0.0047,0.0,0.0
1.0,30.0,0.0047,0.0047,0.0047,0.0047,0.0,0.0
1.0,29.0,0.0047,0.0047,0.0047,0.0047,400.0,0.0
1.0,28.0,0.0058,0.0078,0.0058,0.0076,361000.0,0.0018000000000000004
1.0,27.0,0.005,0.005,0.005,0.005,0.0,0.0
1.0,24.0,0.005,0.005,0.005,0.005,19800.0,0.0
1.0,23.0,0.005,0.005,0.005,0.005,8900.0,0.0
1.0,22.0,0.005,0.005,0.005,0.005,10000.0,0.0
1.0,21.0,0.0045,0.0045,0.0045,0.0045,300.0,0.0
1.0,20.0,0.0045,0.0045,0.0045,0.0045,0.0,0.0
1.0,17.0,0.0045,0.0045,0.0045,0.0045,0.0,0.0
1.0,16.0,0.0045,0.0045,0.0045,0.0045,100.0,0.0
1.0,15.0,0.0045,0.0045,0.0045,0.0045,200000.0,0.0
1.0,14.0,0.004,0.004,0.004,0.004,0.0,0.0
1.0,13.0,0.004,0.004,0.004,0.004,0.0,0.0
1.0,10.0,0.004,0.004,0.004,0.004,13700.0,0.0
1.0,9.0,0.0048,0.0048,0.004,0.004,279000.0,-7.999999999999995E-4
1.0,8.0,0.0034,0.0034,0.0034,0.0034,2500.0,0.0
1.0,7.0,0.0035,0.0035,0.0035,0.0035,27000.0,0.0
1.0,6.0,0.0035,0.0035,0.0035,0.0035,500000.0,0.0
1.0,3.0,0.0035,0.0035,0.0035,0.0035,0.0,0.0
1.0,2.0,0.0035,0.0035,0.0035,0.0035,2000.0,0.0
1.0,1.0,0.0049,0.0049,0.0049,0.0049,0.0,0.0
12.0,31.0,0.0031,0.0049,0.003,0.0049,152900.0,0.0018
12.0,30.0,0.0012,0.0049,0.0012,0.0049,336200.0,0.0037
12.0,27.0,0.0031,0.0034,0.0031,0.0034,9300.0,2.999999999999999E-4
12.0,26.0,0.0048,0.0048,0.004,0.004,59800.0,-7.999999999999995E-4
12.0,25.0,0.004,0.004,0.004,0.004,0.0,0.0
12.0,24.0,0.004,0.004,0.004,0.004,0.0,0.0
12.0,23.0,0.0031,0.0044,0.0029,0.004,377000.0,9.000000000000002E-4
12.0,20.0,0.0043,0.0043,0.0043,0.0043,26600.0,0.0
12.0,19.0,0.0043,0.0043,0.0043,0.0043,25000.0,0.0
12.0,18.0,0.003,0.003,0.003,0.003,25000.0,0.0
12.0,17.0,0.003,0.003,0.003,0.003,10100.0,0.0
12.0,16.0,0.003,0.003,0.003,0.003,0.0,0.0
12.0,13.0,0.003,0.003,0.003,0.003,0.0,0.0
12.0,12.0,0.003,0.003,0.003,0.003,15200.0,0.0
12.0,11.0,0.003,0.003,0.003,0.003,700.0,0.0
12.0,10.0,0.004,0.004,0.004,0.004,20000.0,0.0
12.0,9.0,0.0049,0.0049,0.004,0.004,90000.0,-8.999999999999998E-4
12.0,6.0,0.001,0.0068,0.001,0.004,408800.0,0.003
12.0,5.0,0.003,0.0038,0.003,0.0038,57900.0,7.999999999999999E-4
12.0,4.0,0.004,0.004,0.004,0.004,0.0,0.0
12.0,3.0,0.004,0.004,0.004,0.004,0.0,0.0
12.0,2.0,0.004,0.004,0.004,0.004,0.0,0.0
11.0,29.0,0.0038,0.0041,0.0029,0.004,445000.0,2.000000000000001E-4
11.0,28.0,0.0037,0.0037,0.0037,0.0037,0.0,0.0
11.0,27.0,0.0037,0.0037,0.0037,0.0037,0.0,0.0
11.0,26.0,0.006,0.006,0.0037,0.0037,253400.0,-0.0023
11.0,25.0,0.005,0.005,0.005,0.005,2500.0,0.0
11.0,22.0,0.005,0.005,0.005,0.005,0.0,0.0
11.0,21.0,0.005,0.005,0.005,0.005,7700.0,0.0
11.0,20.0,0.005,0.005,0.005,0.005,8600.0,0.0
11.0,19.0,0.005,0.005,0.005,0.005,0.0,0.0
11.0,18.0,0.005,0.005,0.005,0.005,0.0,0.0
11.0,15.0,0.005,0.005,0.005,0.005,44000.0,0.0
11.0,14.0,0.0082,0.0082,0.0082,0.0082,1100.0,0.0
11.0,13.0,0.005,0.005,0.005,0.005,1000.0,0.0
11.0,12.0,0.005,0.005,0.005,0.005,0.0,0.0
11.0,11.0,0.005,0.005,0.005,0.005,10000.0,0.0
11.0,8.0,0.005,0.005,0.005,0.005,0.0,0.0
11.0,7.0,0.005,0.005,0.005,0.005,0.0,0.0
11.0,6.0,0.005,0.005,0.005,0.005,0.0,0.0
11.0,5.0,0.005,0.005,0.005,0.005,20000.0,0.0
11.0,4.0,0.005,0.0082,0.005,0.0082,2100.0,0.0032000000000000006
11.0,1.0,0.005,0.008,0.005,0.008,78400.0,0.003
10.0,31.0,0.004,0.004,0.004,0.004,0.0,0.0
10.0,30.0,0.004,0.004,0.004,0.004,27100.0,0.0
10.0,29.0,0.0086,0.0086,0.004,0.004,32300.0,-0.0046
10.0,28.0,0.005,0.0086,0.005,0.0086,411300.0,0.0036
10.0,25.0,0.006,0.006,0.004,0.004,138000.0,-0.002
10.0,24.0,0.006,0.006,0.006,0.006,68500.0,0.0
10.0,23.0,0.006,0.006,0.006,0.006,0.0,0.0
10.0,22.0,0.006,0.006,0.006,0.006,0.0,0.0
10.0,21.0,0.006,0.006,0.006,0.006,6000.0,0.0
10.0,18.0,0.006,0.006,0.006,0.006,0.0,0.0
10.0,17.0,0.006,0.006,0.006,0.006,0.0,0.0
10.0,16.0,0.006,0.006,0.006,0.006,5000.0,0.0
10.0,15.0,0.006,0.006,0.006,0.006,0.0,0.0
10.0,14.0,0.006,0.006,0.006,0.006,0.0,0.0
10.0,11.0,0.006,0.006,0.006,0.006,0.0,0.0
10.0,10.0,0.006,0.006,0.006,0.006,40000.0,0.0
10.0,9.0,0.006,0.006,0.006,0.006,0.0,0.0
10.0,8.0,0.006,0.006,0.006,0.006,87800.0,0.0
10.0,7.0,0.006,0.006,0.006,0.006,0.0,0.0
10.0,4.0,0.006,0.006,0.006,0.006,50000.0,0.0
10.0,3.0,0.006,0.006,0.006,0.006,0.0,0.0
10.0,2.0,0.006,0.006,0.006,0.006,59000.0,0.0
10.0,1.0,0.006,0.006,0.006,0.006,61500.0,0.0
9.0,30.0,0.005,0.005,0.005,0.005,71800.0,0.0
9.0,27.0,0.005,0.005,0.005,0.005,2000.0,0.0
9.0,26.0,0.005,0.005,0.005,0.005,3700.0,0.0
9.0,25.0,0.0052,0.0052,0.0052,0.0052,30000.0,0.0
9.0,24.0,0.0052,0.0052,0.0052,0.0052,0.0,0.0
9.0,23.0,0.0052,0.0052,0.0052,0.0052,0.0,0.0
9.0,20.0,0.0064,0.0064,0.0052,0.0052,133500.0,-0.0012000000000000005
9.0,19.0,0.0054,0.0054,0.0054,0.0054,400.0,0.0
9.0,18.0,0.0052,0.0052,0.0052,0.0052,10000.0,0.0
9.0,17.0,0.0086,0.0086,0.0086,0.0086,0.0,0.0
9.0,16.0,0.004,0.0086,0.004,0.0086,5000.0,0.0046
9.0,13.0,0.003,0.01,0.003,0.01,11500.0,0.007
9.0,12.0,0.0096,0.0096,0.0096,0.0096,0.0,0.0
9.0,11.0,0.0096,0.0096,0.0096,0.0096,0.0,0.0
9.0,10.0,0.0096,0.0096,0.0096,0.0096,0.0,0.0
9.0,9.0,0.0096,0.0096,0.0096,0.0096,0.0,0.0
9.0,6.0,0.0096,0.0096,0.0096,0.0096,0.0,0.0
9.0,5.0,0.0096,0.0096,0.0096,0.0096,0.0,0.0
9.0,4.0,0.0096,0.0096,0.0096,0.0096,0.0,0.0
9.0,3.0,0.0096,0.0096,0.0096,0.0096,0.0,0.0
9.0,2.0,0.0096,0.0096,0.0096,0.0096,0.0,0.0
8.0,30.0,0.0096,0.0096,0.0096,0.0096,0.0,0.0
8.0,29.0,0.0096,0.0096,0.0096,0.0096,0.0,0.0
8.0,28.0,0.0096,0.0096,0.0096,0.0096,0.0,0.0
8.0,27.0,0.0096,0.0096,0.0096,0.0096,0.0,0.0
8.0,26.0,0.005,0.0096,0.005,0.0096,26000.0,0.004599999999999999
8.0,23.0,0.0096,0.0096,0.0096,0.0096,0.0,0.0
8.0,22.0,0.005,0.0096,0.005,0.0096,1600.0,0.004599999999999999
8.0,21.0,0.005,0.01,0.005,0.01,11000.0,0.005
8.0,20.0,0.0089,0.0089,0.0089,0.0089,0.0,0.0
8.0,19.0,0.0089,0.0089,0.0089,0.0089,0.0,0.0
8.0,16.0,0.0089,0.0089,0.0089,0.0089,0.0,0.0
8.0,15.0,0.0089,0.0089,0.0089,0.0089,0.0,0.0
8.0,14.0,0.0038,0.0089,0.0038,0.0089,2900.0,0.0051
8.0,13.0,0.005,0.0089,0.005,0.0089,80400.0,0.0039
8.0,12.0,0.0073,0.0073,0.0073,0.0073,10000.0,0.0
8.0,9.0,0.005,0.005,0.005,0.005,300.0,0.0
8.0,8.0,0.007,0.007,0.007,0.007,0.0,0.0
8.0,7.0,0.007,0.007,0.007,0.007,58500.0,0.0
8.0,6.0,0.007,0.007,0.007,0.007,0.0,0.0
8.0,5.0,0.007,0.007,0.007,0.007,10500.0,0.0
8.0,2.0,0.007,0.007,0.007,0.007,31000.0,0.0
8.0,1.0,0.0051,0.0051,0.0051,0.0051,0.0,0.0
7.0,31.0,0.0051,0.0051,0.0051,0.0051,5000.0,0.0
7.0,30.0,0.005,0.005,0.005,0.005,0.0,0.0
7.0,29.0,0.005,0.005,0.005,0.005,0.0,0.0
7.0,26.0,0.005,0.005,0.005,0.005,0.0,0.0
7.0,25.0,0.005,0.005,0.005,0.005,0.0,0.0
7.0,24.0,0.0051,0.0051,0.005,0.005,10100.0,-1.0000000000000026E-4
7.0,23.0,0.0051,0.0051,0.0051,0.0051,1000.0,0.0
7.0,22.0,0.0051,0.0051,0.0051,0.0051,0.0,0.0
7.0,19.0,0.0051,0.0051,0.0051,0.0051,0.0,0.0
7.0,18.0,0.0051,0.0051,0.0051,0.0051,0.0,0.0
7.0,17.0,0.0051,0.0051,0.0051,0.0051,0.0,0.0
7.0,16.0,0.0051,0.0051,0.0051,0.0051,0.0,0.0
7.0,15.0,0.0051,0.0051,0.0051,0.0051,0.0,0.0
7.0,12.0,0.0051,0.0051,0.0051,0.0051,0.0,0.0
7.0,11.0,0.0051,0.0051,0.0051,0.0051,0.0,0.0
7.0,10.0,0.0051,0.0051,0.0051,0.0051,0.0,0.0
7.0,9.0,0.0051,0.0051,0.0051,0.0051,0.0,0.0
7.0,8.0,0.0051,0.0051,0.0051,0.0051,0.0,0.0
7.0,5.0,0.0051,0.0051,0.0051,0.0051,0.0,0.0
7.0,4.0,0.0051,0.0051,0.0051,0.0051,0.0,0.0
7.0,3.0,0.0051,0.0051,0.0051,0.0051,8000.0,0.0
7.0,2.0,0.0051,0.0051,0.0051,0.0051,0.0,0.0
7.0,1.0,0.0049,0.0051,0.0049,0.0051,24900.0,2.0000000000000052E-4
6.0,28.0,0.005,0.005,0.005,0.005,5000.0,0.0
6.0,27.0,0.007,0.007,0.007,0.007,0.0,0.0
6.0,26.0,0.0051,0.007,0.005,0.007,30500.0,0.0018999999999999998
6.0,25.0,0.005,0.005,0.005,0.005,0.0,0.0
6.0,24.0,0.005,0.005,0.005,0.005,100.0,0.0
6.0,21.0,0.005,0.005,0.005,0.005,46500.0,0.0
6.0,20.0,0.005,0.005,0.005,0.005,2000.0,0.0
6.0,19.0,0.0067,0.0067,0.0067,0.0067,10000.0,0.0
6.0,18.0,0.007,0.007,0.007,0.007,0.0,0.0
6.0,17.0,0.0042,0.007,0.0042,0.007,22200.0,0.0028000000000000004
6.0,14.0,0.0074,0.0074,0.0074,0.0074,0.0,0.0
6.0,13.0,0.0074,0.0074,0.0074,0.0074,10000.0,0.0
6.0,12.0,0.0078,0.0078,0.0078,0.0078,0.0,0.0
6.0,11.0,0.0078,0.0078,0.0078,0.0078,0.0,0.0
6.0,10.0,0.0078,0.0078,0.0078,0.0078,0.0,0.0
6.0,7.0,0.0078,0.0078,0.0078,0.0078,0.0,0.0
6.0,6.0,0.0078,0.0078,0.0078,0.0078,30000.0,0.0
6.0,5.0,0.003,0.003,0.003,0.003,0.0,0.0
6.0,4.0,0.003,0.003,0.003,0.003,0.0,0.0
6.0,3.0,0.0031,0.0031,0.003,0.003,70000.0,-9.999999999999983E-5
5.0,31.0,0.003,0.003,0.003,0.003,400.0,0.0
5.0,30.0,0.006,0.006,0.006,0.006,0.0,0.0
5.0,29.0,0.006,0.006,0.006,0.006,0.0,0.0
5.0,28.0,0.006,0.006,0.006,0.006,0.0,0.0
5.0,27.0,0.006,0.006,0.006,0.006,0.0,0.0
5.0,24.0,0.006,0.006,0.006,0.006,0.0,0.0
5.0,23.0,0.006,0.006,0.006,0.006,101000.0,0.0
5.0,22.0,0.003,0.003,0.003,0.003,10000.0,0.0
5.0,21.0,0.003,0.003,0.0028,0.0028,50000.0,-2.000000000000001E-4
5.0,20.0,0.0082,0.0082,0.0082,0.0082,0.0,0.0
5.0,17.0,0.0082,0.0082,0.0082,0.0082,0.0,0.0
5.0,16.0,0.0082,0.0082,0.0082,0.0082,0.0,0.0
5.0,15.0,0.0082,0.0082,0.0082,0.0082,0.0,0.0
5.0,14.0,0.0082,0.0082,0.0082,0.0082,1000.0,0.0
5.0,13.0,0.025,0.025,0.0067,0.0067,66700.0,-0.0183
5.0,10.0,0.0025,0.0025,0.0025,0.0025,25000.0,0.0
5.0,9.0,0.0032,0.0069,0.0025,0.0069,72000.0,0.0036999999999999997
5.0,8.0,0.0069,0.0069,0.0069,0.0069,0.0,0.0
5.0,7.0,0.0069,0.0069,0.0069,0.0069,0.0,0.0
5.0,6.0,0.0069,0.0069,0.0069,0.0069,0.0,0.0
5.0,3.0,0.0031,0.0069,0.0027,0.0069,45000.0,0.0038
5.0,2.0,0.0084,0.0084,0.0084,0.0084,0.0,0.0
5.0,1.0,0.0084,0.0084,0.0084,0.0084,0.0,0.0
4.0,30.0,0.0065,0.0084,0.0027,0.0084,124700.0,0.0018999999999999998
4.0,29.0,0.0065,0.0065,0.0065,0.0065,1000.0,0.0
4.0,26.0,0.0064,0.0064,0.0064,0.0064,0.0,0.0
4.0,25.0,0.0064,0.0064,0.0064,0.0064,0.0,0.0
4.0,24.0,0.0064,0.0064,0.0064,0.0064,0.0,0.0
4.0,23.0,0.0064,0.0064,0.0064,0.0064,1000.0,0.0
4.0,22.0,0.03,0.03,0.0044,0.0044,153800.0,-0.025599999999999998
4.0,19.0,0.004,0.0064,0.0034,0.0064,881500.0,0.0024000000000000002
4.0,18.0,0.0059,0.0076,0.0059,0.0076,76000.0,0.0017000000000000001
4.0,17.0,0.0075,0.0075,0.0075,0.0075,0.0,0.0
4.0,16.0,0.0075,0.0075,0.0075,0.0075,0.0,0.0
4.0,15.0,0.0075,0.0075,0.004,0.0075,7700.0,0.0
4.0,12.0,0.007,0.007,0.0039,0.0039,13700.0,-0.0031000000000000003
4.0,11.0,0.009,0.009,0.009,0.009,0.0,0.0
4.0,10.0,0.009,0.009,0.009,0.009,1000.0,0.0
4.0,9.0,0.0046,0.0086,0.0039,0.0086,658600.0,0.004
4.0,8.0,0.009,0.009,0.009,0.009,0.0,0.0
4.0,5.0,0.009,0.009,0.009,0.009,0.0,0.0
4.0,4.0,0.009,0.009,0.009,0.009,1000.0,0.0
4.0,3.0,0.0035,0.008,0.0035,0.008,81400.0,0.0045000000000000005
4.0,2.0,0.009,0.009,0.009,0.009,0.0,0.0
4.0,1.0,0.009,0.009,0.009,0.009,0.0,0.0
3.0,29.0,0.009,0.009,0.009,0.009,0.0,0.0
3.0,28.0,0.004,0.009,0.004,0.009,10000.0,0.004999999999999999
3.0,27.0,0.0042,0.0042,0.0036,0.0039,779900.0,-2.999999999999999E-4
3.0,26.0,0.008,0.008,0.0042,0.0042,101100.0,-0.0038000000000000004
3.0,25.0,0.006,0.006,0.006,0.006,182000.0,0.0
3.0,22.0,0.0042,0.0042,0.0042,0.0042,0.0,0.0
3.0,21.0,0.0042,0.0042,0.0042,0.0042,0.0,0.0
3.0,20.0,0.006,0.006,0.0042,0.0042,337900.0,-0.0018000000000000004
3.0,19.0,0.008,0.008,0.008,0.008,2200.0,0.0
3.0,18.0,0.0041,0.0041,0.0041,0.0041,0.0,0.0
3.0,15.0,0.0041,0.0041,0.0041,0.0041,5000.0,0.0
3.0,14.0,0.0041,0.0041,0.0041,0.0041,10800.0,0.0
3.0,13.0,0.008,0.008,0.008,0.008,1000.0,0.0
3.0,12.0,0.006,0.006,0.006,0.006,0.0,0.0
3.0,11.0,0.004,0.006,0.004,0.006,200300.0,0.002
3.0,8.0,0.009,0.009,0.009,0.009,0.0,0.0
3.0,7.0,0.009,0.009,0.009,0.009,0.0,0.0
3.0,6.0,0.0035,0.009,0.0035,0.009,54300.0,0.0055
3.0,5.0,0.0045,0.0045,0.0033,0.0033,230000.0,-0.0011999999999999997
3.0,4.0,0.009,0.009,0.009,0.009,1000.0,0.0
3.0,1.0,0.0051,0.0055,0.005,0.0055,307300.0,3.999999999999993E-4
2.0,28.0,0.0041,0.009,0.0041,0.009,2300.0,0.004899999999999999
2.0,27.0,0.01,0.01,0.01,0.01,0.0,0.0
2.0,26.0,0.01,0.01,0.01,0.01,0.0,0.0
2.0,25.0,0.0041,0.01,0.0041,0.01,1100.0,0.0059
2.0,22.0,0.01,0.01,0.005,0.01,16500.0,0.0
2.0,21.0,0.01,0.01,0.01,0.01,5000.0,0.0
2.0,20.0,0.005,0.005,0.005,0.005,0.0,0.0
2.0,19.0,0.005,0.005,0.005,0.005,0.0,0.0
2.0,18.0,0.005,0.005,0.005,0.005,0.0,0.0
2.0,15.0,0.0049,0.01,0.0049,0.005,183000.0,1.0000000000000026E-4
2.0,14.0,0.008,0.008,0.007,0.007,1100.0,-0.001
2.0,13.0,0.005,0.005,0.0031,0.0031,755500.0,-0.0019000000000000002
2.0,12.0,0.005,0.005,0.005,0.005,202500.0,0.0
2.0,11.0,0.005,0.005,0.005,0.005,0.0,0.0
2.0,8.0,0.01,0.01,0.005,0.005,1500.0,-0.005
2.0,7.0,0.004,0.004,0.004,0.004,0.0,0.0
2.0,6.0,0.004,0.004,0.004,0.004,21000.0,0.0
2.0,5.0,0.004,0.009,0.004,0.009,6000.0,0.004999999999999999
2.0,4.0,0.004,0.004,0.004,0.004,1000.0,0.0
2.0,1.0,0.009,0.009,0.009,0.009,0.0,0.0
1.0,31.0,0.009,0.009,0.009,0.009,0.0,0.0
1.0,30.0,0.009,0.009,0.009,0.009,0.0,0.0
1.0,29.0,0.009,0.009,0.009,0.009,0.0,0.0
1.0,28.0,0.009,0.009,0.009,0.009,0.0,0.0
1.0,25.0,0.004,0.009,0.004,0.009,85100.0,0.004999999999999999
1.0,24.0,0.009,0.009,0.009,0.009,0.0,0.0
1.0,23.0,0.009,0.009,0.009,0.009,0.0,0.0
1.0,22.0,0.01,0.01,0.0075,0.009,77000.0,-0.0010000000000000009
1.0,21.0,0.005,0.005,0.005,0.005,0.0,0.0
1.0,18.0,0.005,0.005,0.005,0.005,0.0,0.0
1.0,17.0,0.005,0.005,0.005,0.005,0.0,0.0
1.0,16.0,0.005,0.005,0.005,0.005,34500.0,0.0
1.0,15.0,0.011,0.011,0.005,0.005,9000.0,-0.005999999999999999
1.0,14.0,0.0024,0.0024,0.0024,0.0024,3000.0,0.0
1.0,11.0,0.0056,0.0056,0.0056,0.0056,0.0,0.0
1.0,10.0,0.0056,0.0056,0.0056,0.0056,0.0,0.0
1.0,9.0,0.0056,0.0056,0.0056,0.0056,4000.0,0.0
1.0,8.0,0.0056,0.0056,0.0056,0.0056,15400.0,0.0
1.0,7.0,0.011,0.011,0.011,0.011,1000.0,0.0
1.0,4.0,0.0052,0.011,0.0052,0.0056,18200.0,4.000000000000002E-4
1.0,3.0,0.0052,0.011,0.0052,0.011,26500.0,0.0058
1.0,2.0,0.011,0.011,0.0052,0.0052,3000.0,-0.0058
1.0,1.0,0.0051,0.0051,0.0051,0.0051,0.0,0.0
12.0,31.0,0.0051,0.0051,0.0051,0.0051,4000.0,0.0
12.0,28.0,0.005,0.0051,0.005,0.0051,28000.0,1.0000000000000026E-4
12.0,27.0,0.0045,0.0045,0.0045,0.0045,30000.0,0.0
12.0,26.0,0.0045,0.01,0.0045,0.01,282000.0,0.0055000000000000005
12.0,25.0,0.0045,0.0045,0.0045,0.0045,0.0,0.0
12.0,24.0,0.0045,0.0045,0.0045,0.0045,0.0,0.0
12.0,21.0,0.0045,0.0045,0.0045,0.0045,200.0,0.0
12.0,20.0,0.01,0.01,0.0045,0.0045,7000.0,-0.0055000000000000005
12.0,19.0,0.0045,0.0072,0.0045,0.0072,11000.0,0.0027
12.0,18.0,0.006,0.006,0.006,0.006,0.0,0.0
12.0,17.0,0.005,0.006,0.005,0.006,103200.0,0.001
12.0,14.0,0.006,0.006,0.006,0.006,0.0,0.0
12.0,13.0,0.006,0.006,0.006,0.006,45000.0,0.0
12.0,12.0,0.0045,0.0045,0.0045,0.0045,5000.0,0.0
12.0,11.0,0.008,0.008,0.008,0.008,0.0,0.0
12.0,10.0,0.0045,0.008,0.0045,0.008,40900.0,0.0035000000000000005
12.0,7.0,0.01,0.01,0.01,0.01,1000.0,0.0
6.0,18.0,0.011,0.014,0.011,0.014,101000.0,0.003000000000000001
6.0,15.0,0.01,0.011,0.006,0.011,1195900.0,9.999999999999992E-4
6.0,14.0,0.01,0.01,0.01,0.01,36000.0,0.0
6.0,13.0,0.0075,0.01,0.0075,0.008,63500.0,5.000000000000004E-4
6.0,12.0,0.01,0.01,0.01,0.01,0.0,0.0
6.0,11.0,0.01,0.01,0.01,0.01,0.0,0.0
6.0,8.0,0.01,0.01,0.01,0.01,1000.0,0.0
6.0,7.0,0.008,0.008,0.008,0.008,16000.0,0.0
6.0,6.0,0.007,0.007,0.007,0.007,100.0,0.0
6.0,5.0,0.007,0.007,0.007,0.007,40700.0,0.0
6.0,4.0,0.008,0.008,0.008,0.008,20100.0,0.0
6.0,1.0,0.01,0.01,0.006,0.006,73500.0,-0.004
5.0,31.0,0.011,0.011,0.01,0.01,90300.0,-9.999999999999992E-4
5.0,30.0,0.006,0.006,0.006,0.006,0.0,0.0
5.0,29.0,0.006,0.006,0.006,0.006,5000.0,0.0
5.0,28.0,0.006,0.006,0.006,0.006,0.0,0.0
5.0,25.0,0.006,0.006,0.006,0.006,0.0,0.0
5.0,24.0,0.0091,0.0091,0.006,0.006,51500.0,-0.0031000000000000003
5.0,23.0,0.01,0.01,0.01,0.01,0.0,0.0
5.0,22.0,0.01,0.01,0.01,0.01,73500.0,0.0
5.0,21.0,0.01,0.01,0.01,0.01,0.0,0.0
5.0,18.0,0.01,0.01,0.01,0.01,35700.0,0.0
5.0,17.0,0.01,0.01,0.01,0.01,258600.0,0.0
5.0,16.0,0.01,0.01,0.01,0.01,0.0,0.0
5.0,15.0,0.01,0.01,0.01,0.01,0.0,0.0
5.0,14.0,0.01,0.01,0.01,0.01,38700.0,0.0
5.0,11.0,0.009,0.009,0.009,0.009,300.0,0.0
5.0,10.0,0.0091,0.015,0.0091,0.015,20000.0,0.005899999999999999
5.0,9.0,0.015,0.015,0.015,0.015,0.0,0.0
5.0,8.0,0.015,0.015,0.015,0.015,0.0,0.0
5.0,7.0,0.014,0.015,0.014,0.015,46800.0,9.999999999999992E-4
5.0,4.0,0.014,0.014,0.014,0.014,14300.0,0.0
5.0,3.0,0.014,0.015,0.014,0.015,210000.0,9.999999999999992E-4
5.0,2.0,0.014,0.015,0.014,0.015,2400.0,9.999999999999992E-4
5.0,1.0,0.014,0.015,0.014,0.015,2200.0,9.999999999999992E-4
4.0,30.0,0.014,0.015,0.014,0.015,60000.0,9.999999999999992E-4
4.0,27.0,0.015,0.015,0.014,0.015,30000.0,0.0
4.0,26.0,0.015,0.015,0.015,0.015,0.0,0.0
4.0,25.0,0.015,0.015,0.015,0.015,0.0,0.0
4.0,24.0,0.015,0.015,0.015,0.015,7000.0,0.0
4.0,23.0,0.014,0.015,0.014,0.014,11700.0,0.0
4.0,20.0,0.015,0.015,0.015,0.015,0.0,0.0
4.0,19.0,0.015,0.015,0.015,0.015,0.0,0.0
4.0,18.0,0.015,0.015,0.015,0.015,0.0,0.0
4.0,17.0,0.015,0.015,0.015,0.015,20700.0,0.0
4.0,16.0,0.0179,0.0179,0.0179,0.0179,10000.0,0.0
4.0,13.0,0.0179,0.0179,0.0179,0.0179,1000.0,0.0
4.0,12.0,0.015,0.0179,0.015,0.015,86000.0,0.0
4.0,11.0,0.014,0.014,0.014,0.014,13300.0,0.0
4.0,10.0,0.015,0.015,0.015,0.015,50100.0,0.0
4.0,9.0,0.018,0.018,0.0122,0.018,109400.0,0.0
4.0,6.0,0.018,0.018,0.018,0.018,0.0,0.0
4.0,5.0,0.018,0.018,0.018,0.018,21700.0,0.0
4.0,4.0,0.012,0.012,0.012,0.012,100.0,0.0
4.0,3.0,0.018,0.018,0.018,0.018,0.0,0.0
4.0,2.0,0.0102,0.018,0.0102,0.018,3500.0,0.007799999999999998
3.0,30.0,0.018,0.018,0.018,0.018,0.0,0.0
3.0,29.0,0.015,0.018,0.0149,0.018,89000.0,0.002999999999999999
3.0,28.0,0.015,0.015,0.015,0.015,0.0,0.0
3.0,27.0,0.015,0.015,0.015,0.015,0.0,0.0
3.0,26.0,0.009,0.015,0.009,0.015,18100.0,0.006
3.0,23.0,0.0129,0.015,0.009,0.015,155500.0,0.0020999999999999994
3.0,22.0,0.012,0.013,0.01,0.013,55900.0,9.999999999999992E-4
3.0,21.0,0.01,0.015,0.01,0.012,39000.0,0.002
3.0,20.0,0.015,0.015,0.015,0.015,3900.0,0.0
3.0,19.0,0.01,0.016,0.01,0.0159,39000.0,0.005900000000000001
3.0,16.0,0.0168,0.0168,0.0168,0.0168,1000.0,0.0
3.0,15.0,0.01,0.0169,0.01,0.011,25500.0,9.999999999999992E-4
3.0,14.0,0.0179,0.0179,0.011,0.011,18000.0,-0.0069
3.0,13.0,0.019,0.019,0.01,0.01,273700.0,-0.009
3.0,12.0,0.0103,0.0199,0.0103,0.011,38700.0,6.999999999999992E-4
3.0,9.0,0.02,0.02,0.02,0.02,173000.0,0.0
3.0,8.0,0.02,0.02,0.02,0.02,0.0,0.0
3.0,7.0,0.02,0.02,0.01,0.02,62000.0,0.0
3.0,6.0,0.0194,0.02,0.0194,0.02,163300.0,5.999999999999998E-4
3.0,5.0,0.011,0.0196,0.01,0.0196,228700.0,0.0086
3.0,2.0,0.0121,0.0121,0.011,0.011,69000.0,-0.0011000000000000003
3.0,1.0,0.019,0.019,0.005,0.005,318200.0,-0.013999999999999999
2.0,29.0,0.02,0.02,0.019,0.019,27900.0,-0.0010000000000000009
2.0,28.0,0.01,0.023,0.01,0.022,26700.0,0.011999999999999999
2.0,27.0,0.027,0.03,0.017,0.017,120000.0,-0.009999999999999998
2.0,24.0,0.027,0.027,0.027,0.027,0.0,0.0
2.0,23.0,0.027,0.027,0.027,0.027,0.0,0.0
2.0,22.0,0.027,0.027,0.008,0.027,35900.0,0.0
2.0,21.0,0.01,0.027,0.01,0.027,12000.0,0.017
2.0,20.0,0.021,0.021,0.021,0.021,0.0,0.0
2.0,17.0,0.0218,0.0218,0.021,0.021,13200.0,-7.999999999999986E-4
2.0,16.0,0.01,0.022,0.009,0.022,234100.0,0.011999999999999999
2.0,15.0,0.0103,0.025,0.0103,0.025,12000.0,0.014700000000000001
2.0,14.0,0.03,0.03,0.01,0.01,30400.0,-0.019999999999999997
2.0,13.0,0.02,0.02,0.02,0.02,0.0,0.0
2.0,10.0,0.015,0.03,0.015,0.02,26600.0,0.005000000000000001
2.0,9.0,0.03,0.03,0.015,0.025,55500.0,-0.0049999999999999975
2.0,8.0,0.024,0.026,0.015,0.025,67300.0,0.0010000000000000009
2.0,7.0,0.025,0.03,0.025,0.03,25000.0,0.0049999999999999975
2.0,6.0,0.02,0.02,0.02,0.02,10000.0,0.0
2.0,3.0,0.015,0.02,0.014,0.015,293400.0,0.0
2.0,2.0,0.018,0.018,0.015,0.015,75000.0,-0.002999999999999999
2.0,1.0,0.019,0.02,0.019,0.02,90000.0,0.0010000000000000009
1.0,31.0,0.015,0.018,0.01,0.015,158700.0,0.0
1.0,30.0,0.005,0.015,0.005,0.015,31700.0,0.009999999999999998
1.0,27.0,0.015,0.015,0.015,0.015,69000.0,0.0
1.0,26.0,0.005,0.015,0.005,0.015,5000.0,0.009999999999999998
1.0,25.0,0.007,0.015,0.007,0.015,25000.0,0.008
1.0,24.0,0.007,0.007,0.007,0.007,13300.0,0.0
1.0,23.0,0.007,0.007,0.007,0.007,15800.0,0.0
1.0,20.0,0.007,0.007,0.007,0.007,0.0,0.0
1.0,19.0,0.005,0.007,0.005,0.007,22000.0,0.002
1.0,18.0,0.007,0.01,0.007,0.01,17000.0,0.003
1.0,17.0,0.005,0.007,0.005,0.007,20000.0,0.002
1.0,16.0,0.01,0.01,0.01,0.01,0.0,0.0
1.0,13.0,0.01,0.01,0.01,0.01,19200.0,0.0
1.0,12.0,0.01,0.01,0.01,0.01,0.0,0.0
1.0,11.0,0.014,0.014,0.009,0.01,200900.0,-0.004
1.0,10.0,0.009,0.011,0.009,0.01,95300.0,0.0010000000000000009
1.0,9.0,0.009,0.009,0.009,0.009,54000.0,0.0
1.0,6.0,0.01,0.01,0.01,0.01,0.0,0.0
1.0,5.0,0.01,0.01,0.01,0.01,32000.0,0.0
1.0,4.0,0.006,0.006,0.006,0.006,67500.0,0.0
1.0,3.0,0.0099,0.0099,0.0099,0.0099,5000.0,0.0
1.0,2.0,0.005,0.005,0.005,0.005,0.0,0.0
12.0,30.0,0.005,0.01,0.005,0.005,315700.0,0.0
12.0,29.0,0.006,0.006,0.005,0.005,33500.0,-0.001
12.0,28.0,0.006,0.01,0.006,0.006,32100.0,0.0
12.0,27.0,0.005,0.006,0.005,0.006,7200.0,0.001
12.0,26.0,0.011,0.011,0.011,0.011,0.0,0.0
12.0,23.0,0.01,0.011,0.005,0.011,113900.0,9.999999999999992E-4
12.0,22.0,0.0075,0.0075,0.005,0.005,46500.0,-0.0024999999999999996
12.0,21.0,0.005,0.011,0.005,0.011,111800.0,0.005999999999999999
12.0,20.0,0.005,0.02,0.005,0.012,463200.0,0.007
12.0,19.0,0.01,0.012,0.01,0.012,8200.0,0.002
12.0,16.0,0.02,0.02,0.01,0.02,225000.0,0.0
12.0,15.0,0.016,0.016,0.0107,0.0107,91000.0,-0.005300000000000001
12.0,14.0,0.016,0.016,0.016,0.016,0.0,0.0
12.0,13.0,0.016,0.016,0.016,0.016,0.0,0.0
12.0,12.0,0.016,0.016,0.016,0.016,36200.0,0.0
12.0,9.0,0.016,0.016,0.016,0.016,1300.0,0.0
12.0,8.0,0.0155,0.0155,0.015,0.015,18400.0,-5.000000000000004E-4
12.0,7.0,0.018,0.018,0.018,0.018,0.0,0.0
12.0,6.0,0.0107,0.018,0.0107,0.018,12500.0,0.007299999999999999
12.0,5.0,0.0121,0.016,0.0121,0.0141,59800.0,0.002
12.0,2.0,0.0107,0.019,0.0107,0.019,31000.0,0.0083
12.0,1.0,0.02,0.02,0.0122,0.02,21300.0,0.0
11.0,30.0,0.012,0.02,0.012,0.015,7000.0,0.002999999999999999
11.0,29.0,0.02,0.02,0.0107,0.02,7000.0,0.0
11.0,28.0,0.02,0.02,0.02,0.02,0.0,0.0
11.0,25.0,0.02,0.02,0.02,0.02,0.0,0.0
11.0,24.0,0.02,0.02,0.02,0.02,0.0,0.0
11.0,23.0,0.014,0.02,0.014,0.02,2000.0,0.006
11.0,22.0,0.02,0.02,0.02,0.02,2000.0,0.0
11.0,21.0,0.0107,0.02,0.0107,0.02,114600.0,0.009300000000000001
11.0,18.0,0.02,0.02,0.02,0.02,16100.0,0.0
11.0,17.0,0.025,0.025,0.0121,0.02,57200.0,-0.005000000000000001
11.0,16.0,0.0121,0.0121,0.0121,0.0121,200.0,0.0
11.0,14.0,0.025,0.025,0.025,0.025,2000.0,0.0
11.0,11.0,0.025,0.025,0.025,0.025,2000.0,0.0
11.0,10.0,0.012,0.025,0.012,0.025,9000.0,0.013000000000000001
11.0,9.0,0.01,0.025,0.01,0.025,22000.0,0.015000000000000001
11.0,8.0,0.025,0.025,0.0225,0.025,4000.0,0.0
11.0,7.0,0.02,0.02,0.02,0.02,12800.0,0.0
11.0,4.0,0.02,0.02,0.02,0.02,1000.0,0.0
11.0,3.0,0.019,0.0192,0.018,0.018,56400.0,-0.0010000000000000009
11.0,2.0,0.0196,0.0196,0.0196,0.0196,30000.0,0.0
11.0,1.0,0.0195,0.0196,0.0195,0.0196,70700.0,9.99999999999994E-5
10.0,31.0,0.014,0.0196,0.014,0.0196,7300.0,0.005599999999999999
10.0,28.0,0.0105,0.0198,0.0105,0.0198,157700.0,0.009300000000000001
10.0,27.0,0.016,0.0275,0.0105,0.0199,327500.0,0.0039000000000000007
10.0,26.0,0.022,0.023,0.0156,0.023,66600.0,0.0010000000000000009
10.0,25.0,0.0259,0.0275,0.0152,0.0275,155000.0,0.0016000000000000007
10.0,24.0,0.022,0.026,0.019,0.021,208300.0,-9.999999999999974E-4
10.0,21.0,0.022,0.026,0.022,0.026,81300.0,0.004
10.0,20.0,0.027,0.027,0.022,0.026,83900.0,-0.0010000000000000009
10.0,19.0,0.022,0.025,0.022,0.025,20000.0,0.0030000000000000027
10.0,18.0,0.03,0.03,0.021,0.022,73600.0,-0.008
10.0,17.0,0.021,0.025,0.021,0.025,3100.0,0.004
10.0,14.0,0.02,0.03,0.0105,0.03,185900.0,0.009999999999999998
10.0,13.0,0.028,0.03,0.028,0.03,41000.0,0.0019999999999999983
10.0,12.0,0.03,0.03,0.03,0.03,2000.0,0.0
10.0,11.0,0.022,0.03,0.02,0.028,183500.0,0.006000000000000002
10.0,7.0,0.0299,0.03,0.0299,0.03,12500.0,9.99999999999994E-5
10.0,6.0,0.023,0.0299,0.023,0.027,174300.0,0.004
10.0,5.0,0.027,0.027,0.023,0.023,2500.0,-0.004
10.0,4.0,0.022,0.027,0.022,0.022,127000.0,0.0
10.0,3.0,0.0299,0.0299,0.0299,0.0299,1300.0,0.0
9.0,30.0,0.027,0.027,0.027,0.027,45000.0,0.0
9.0,29.0,0.022,0.0299,0.022,0.0299,20900.0,0.0079
9.0,28.0,0.022,0.0299,0.022,0.0299,2500.0,0.0079
9.0,27.0,0.022,0.0299,0.022,0.024,28000.0,0.0020000000000000018
9.0,26.0,0.024,0.0299,0.024,0.024,76000.0,0.0
9.0,22.0,0.0299,0.0299,0.0299,0.0299,7900.0,0.0
9.0,21.0,0.0299,0.0299,0.0299,0.0299,2000.0,0.0
9.0,19.0,0.024,0.0299,0.024,0.024,31800.0,0.0
9.0,16.0,0.0299,0.0299,0.0299,0.0299,45000.0,0.0
9.0,15.0,0.025,0.025,0.025,0.025,93500.0,0.0
9.0,14.0,0.0299,0.0299,0.0299,0.0299,5000.0,0.0
9.0,13.0,0.0299,0.0299,0.0299,0.0299,10000.0,0.0
9.0,12.0,0.023,0.03,0.023,0.03,6600.0,0.006999999999999999
9.0,9.0,0.03,0.03,0.03,0.03,45800.0,0.0
9.0,8.0,0.028,0.03,0.028,0.03,21500.0,0.0019999999999999983
9.0,7.0,0.028,0.028,0.028,0.028,1500.0,0.0
9.0,2.0,0.028,0.03,0.028,0.03,46300.0,0.0019999999999999983
8.0,31.0,0.02,0.034,0.02,0.034,6000.0,0.014000000000000002
8.0,29.0,0.034,0.034,0.025,0.034,10400.0,0.0
8.0,25.0,0.022,0.035,0.022,0.035,4800.0,0.013000000000000005
8.0,24.0,0.022,0.03,0.022,0.03,6500.0,0.008
8.0,23.0,0.025,0.03,0.025,0.03,98800.0,0.0049999999999999975
8.0,22.0,0.03,0.03,0.03,0.03,100000.0,0.0
8.0,19.0,0.03,0.03,0.03,0.03,27000.0,0.0
8.0,18.0,0.03,0.03,0.03,0.03,120000.0,0.0
8.0,16.0,0.03,0.03,0.03,0.03,117900.0,0.0
8.0,12.0,0.0201,0.03,0.0201,0.03,25100.0,0.009899999999999999
8.0,11.0,0.02,0.029,0.02,0.029,4000.0,0.009000000000000001
8.0,10.0,0.03,0.03,0.029,0.03,167600.0,0.0
8.0,9.0,0.02,0.03,0.02,0.03,35500.0,0.009999999999999998
8.0,8.0,0.02,0.03,0.02,0.03,29000.0,0.009999999999999998
8.0,5.0,0.02,0.03,0.015,0.03,81300.0,0.009999999999999998
8.0,4.0,0.025,0.03,0.025,0.025,40600.0,0.0
8.0,3.0,0.017,0.03,0.017,0.02,7300.0,0.002999999999999999
8.0,2.0,0.022,0.03,0.011,0.03,240400.0,0.008
7.0,28.0,0.015,0.03,0.015,0.03,4600.0,0.015
7.0,27.0,0.022,0.03,0.022,0.03,16100.0,0.008
7.0,26.0,0.025,0.03,0.022,0.03,116000.0,0.0049999999999999975
7.0,25.0,0.03,0.03,0.02,0.026,47100.0,-0.004
7.0,22.0,0.03,0.03,0.03,0.03,700.0,0.0
7.0,20.0,0.02,0.022,0.017,0.022,251100.0,0.0019999999999999983
7.0,19.0,0.023,0.023,0.022,0.022,57400.0,-0.0010000000000000009
7.0,18.0,0.0275,0.03,0.023,0.023,71900.0,-0.0045000000000000005
7.0,15.0,0.024,0.024,0.023,0.023,91900.0,-0.0010000000000000009
7.0,14.0,0.03,0.03,0.023,0.024,54800.0,-0.005999999999999998
7.0,13.0,0.023,0.023,0.023,0.023,9700.0,0.0
7.0,12.0,0.02,0.029,0.02,0.023,138100.0,0.002999999999999999
7.0,11.0,0.029,0.029,0.024,0.024,25000.0,-0.005000000000000001
7.0,8.0,0.024,0.029,0.024,0.029,22900.0,0.005000000000000001
7.0,7.0,0.022,0.03,0.022,0.03,406800.0,0.008
7.0,6.0,0.025,0.025,0.021,0.023,91800.0,-0.0020000000000000018
7.0,5.0,0.03,0.03,0.022,0.025,39600.0,-0.0049999999999999975
7.0,1.0,0.023,0.03,0.023,0.03,55100.0,0.006999999999999999
6.0,30.0,0.028,0.03,0.021,0.023,100500.0,-0.005000000000000001
6.0,29.0,0.03,0.03,0.025,0.028,150000.0,-0.0019999999999999983
6.0,27.0,0.03,0.03,0.025,0.03,72200.0,0.0
6.0,24.0,0.025,0.035,0.025,0.035,54900.0,0.010000000000000002
6.0,23.0,0.032,0.032,0.028,0.032,13400.0,0.0
6.0,22.0,0.03,0.032,0.029,0.03,143600.0,0.0
6.0,21.0,0.025,0.0299,0.025,0.0299,13300.0,0.004899999999999998
6.0,20.0,0.025,0.03,0.025,0.03,255300.0,0.0049999999999999975
6.0,17.0,0.02,0.028,0.02,0.022,155600.0,0.0019999999999999983
6.0,16.0,0.032,0.032,0.02,0.028,292800.0,-0.004
6.0,15.0,0.027,0.027,0.0251,0.027,44000.0,0.0
6.0,14.0,0.03,0.03,0.0251,0.027,313600.0,-0.002999999999999999
6.0,13.0,0.03,0.036,0.0285,0.0285,135300.0,-0.0014999999999999979
6.0,10.0,0.045,0.045,0.029,0.036,422000.0,-0.009000000000000001
6.0,9.0,0.03,0.04,0.03,0.0301,109700.0,9.99999999999994E-5
6.0,8.0,0.036,0.04,0.0285,0.0285,332400.0,-0.007499999999999996
6.0,7.0,0.04,0.04,0.03,0.036,314700.0,-0.0040000000000000036
6.0,6.0,0.038,0.05,0.032,0.04,490500.0,0.0020000000000000018
6.0,3.0,0.036,0.041,0.036,0.041,225800.0,0.0050000000000000044
6.0,2.0,0.04,0.042,0.04,0.041,226200.0,0.0010000000000000009
6.0,1.0,0.041,0.041,0.04,0.04,90200.0,-0.0010000000000000009
5.0,31.0,0.0499,0.0499,0.043,0.043,136100.0,-0.006900000000000003
5.0,27.0,0.048,0.05,0.041,0.05,55000.0,0.0020000000000000018
5.0,26.0,0.042,0.042,0.04,0.041,52000.0,-0.0010000000000000009
5.0,25.0,0.04,0.04,0.04,0.04,25000.0,0.0
5.0,24.0,0.04,0.0449,0.04,0.04,31700.0,0.0
5.0,23.0,0.035,0.05,0.035,0.05,143800.0,0.015
5.0,20.0,0.05,0.05,0.05,0.05,20000.0,0.0
5.0,19.0,0.045,0.048,0.045,0.047,15100.0,0.0020000000000000018
5.0,18.0,0.05,0.05,0.041,0.041,64200.0,-0.009000000000000001
5.0,17.0,0.046,0.046,0.046,0.046,12000.0,0.0
5.0,16.0,0.05,0.05,0.043,0.046,121000.0,-0.0040000000000000036
5.0,13.0,0.0499,0.0499,0.0402,0.045,30900.0,-0.004900000000000002
5.0,12.0,0.041,0.05,0.0402,0.05,299800.0,0.009000000000000001
5.0,11.0,0.035,0.05,0.035,0.041,45400.0,0.005999999999999998
5.0,10.0,0.045,0.05,0.045,0.05,10800.0,0.0050000000000000044
5.0,9.0,0.05,0.05,0.045,0.045,125500.0,-0.0050000000000000044
5.0,6.0,0.05,0.05,0.048,0.05,56200.0,0.0
5.0,5.0,0.04,0.055,0.04,0.055,97300.0,0.015
5.0,4.0,0.054,0.055,0.054,0.055,20600.0,0.0010000000000000009
5.0,3.0,0.049,0.058,0.045,0.058,41200.0,0.009000000000000001
5.0,2.0,0.055,0.058,0.041,0.058,346300.0,0.0030000000000000027
4.0,29.0,0.05,0.07,0.05,0.0545,45000.0,0.004499999999999997
4.0,28.0,0.05,0.05,0.05,0.05,27000.0,0.0
4.0,27.0,0.055,0.055,0.05,0.055,69100.0,0.0
4.0,26.0,0.052,0.065,0.052,0.054,38500.0,0.0020000000000000018
4.0,25.0,0.052,0.07,0.052,0.052,119800.0,0.0
4.0,21.0,0.06,0.06,0.052,0.055,130400.0,-0.0049999999999999975
4.0,20.0,0.06,0.06,0.051,0.051,123800.0,-0.009000000000000001
4.0,19.0,0.06,0.06,0.048,0.058,189100.0,-0.001999999999999995
4.0,18.0,0.05,0.054,0.048,0.054,56600.0,0.003999999999999997
4.0,15.0,0.05,0.055,0.05,0.055,18400.0,0.0049999999999999975
4.0,14.0,0.045,0.0575,0.045,0.05,49400.0,0.0050000000000000044
4.0,13.0,0.045,0.065,0.04,0.065,589900.0,0.020000000000000004
4.0,12.0,0.055,0.055,0.043,0.048,337100.0,-0.006999999999999999
4.0,11.0,0.055,0.055,0.05,0.05,51000.0,-0.0049999999999999975
4.0,8.0,0.056,0.06,0.052,0.055,113400.0,-0.0010000000000000009
4.0,7.0,0.0475,0.056,0.0475,0.0475,83200.0,0.0
4.0,6.0,0.056,0.065,0.05,0.056,198000.0,0.0
4.0,5.0,0.069,0.069,0.053,0.06,22200.0,-0.009000000000000008
4.0,4.0,0.07,0.07,0.055,0.06,104500.0,-0.010000000000000009
4.0,1.0,0.06,0.065,0.05,0.065,107200.0,0.0050000000000000044
3.0,31.0,0.051,0.051,0.051,0.051,50000.0,0.0
3.0,30.0,0.06,0.06,0.05,0.06,12300.0,0.0
3.0,29.0,0.051,0.065,0.051,0.051,120000.0,0.0
3.0,28.0,0.07,0.07,0.052,0.052,89900.0,-0.01800000000000001
3.0,25.0,0.055,0.067,0.055,0.065,38000.0,0.010000000000000002
3.0,24.0,0.061,0.067,0.061,0.067,41300.0,0.006000000000000005
3.0,23.0,0.07,0.07,0.067,0.067,14000.0,-0.0030000000000000027
3.0,22.0,0.04,0.07,0.04,0.063,59500.0,0.023
3.0,21.0,0.067,0.069,0.065,0.065,591800.0,-0.0020000000000000018
3.0,18.0,0.0575,0.066,0.055,0.065,182100.0,0.0075
3.0,17.0,0.06,0.066,0.058,0.065,209000.0,0.0050000000000000044
3.0,16.0,0.05,0.06,0.05,0.0575,69800.0,0.0075
3.0,15.0,0.0599,0.06,0.055,0.057,118800.0,-0.0029
3.0,14.0,0.055,0.06,0.0495,0.06,90200.0,0.0049999999999999975
3.0,11.0,0.05,0.05,0.05,0.05,103900.0,0.0
3.0,10.0,0.057,0.057,0.05,0.05,31200.0,-0.006999999999999999
3.0,9.0,0.055,0.055,0.035,0.055,34400.0,0.0
3.0,8.0,0.054,0.054,0.05,0.05,131700.0,-0.003999999999999997
3.0,7.0,0.035,0.06,0.035,0.054,156900.0,0.018999999999999996
3.0,4.0,0.06,0.065,0.055,0.06,254300.0,0.0
3.0,3.0,0.06,0.06,0.05,0.059,63200.0,-0.0010000000000000009
3.0,2.0,0.055,0.06,0.053,0.06,225400.0,0.0049999999999999975
3.0,1.0,0.06,0.062,0.053,0.053,171700.0,-0.006999999999999999
2.0,28.0,0.05,0.06,0.05,0.0535,73900.0,0.003499999999999996
2.0,25.0,0.045,0.06,0.042,0.06,158000.0,0.015
2.0,24.0,0.06,0.065,0.05,0.058,229900.0,-0.001999999999999995
2.0,23.0,0.05,0.06,0.05,0.06,106200.0,0.009999999999999995
2.0,22.0,0.045,0.06,0.045,0.06,32800.0,0.015
2.0,18.0,0.0525,0.06,0.0525,0.06,7000.0,0.0075
2.0,17.0,0.0495,0.06,0.0495,0.06,24300.0,0.010499999999999995
2.0,16.0,0.06,0.06,0.055,0.06,144100.0,0.0
2.0,15.0,0.06,0.06,0.048,0.05,136100.0,-0.009999999999999995
2.0,14.0,0.06,0.06,0.05,0.06,172200.0,0.0
2.0,11.0,0.05,0.069,0.05,0.06,143600.0,0.009999999999999995
2.0,10.0,0.05,0.07,0.05,0.07,8800.0,0.020000000000000004
2.0,9.0,0.058,0.058,0.05,0.058,71800.0,0.0
2.0,8.0,0.054,0.058,0.054,0.058,60100.0,0.0040000000000000036
2.0,7.0,0.05,0.058,0.05,0.058,63900.0,0.008
2.0,4.0,0.051,0.058,0.051,0.058,71700.0,0.007000000000000006
2.0,3.0,0.07,0.07,0.055,0.056,16400.0,-0.014000000000000005
2.0,2.0,0.055,0.065,0.05,0.064,87500.0,0.009000000000000001
2.0,1.0,0.045,0.061,0.045,0.061,12700.0,0.016
1.0,31.0,0.058,0.063,0.058,0.061,207900.0,0.0029999999999999957
1.0,28.0,0.055,0.06,0.055,0.0585,37900.0,0.003500000000000003
1.0,27.0,0.055,0.06,0.05,0.06,48100.0,0.0049999999999999975
1.0,26.0,0.058,0.064,0.058,0.058,61600.0,0.0
1.0,25.0,0.065,0.065,0.045,0.063,93700.0,-0.0020000000000000018
1.0,24.0,0.0612,0.065,0.04,0.055,72100.0,-0.006199999999999997
1.0,21.0,0.06,0.065,0.056,0.065,44100.0,0.0050000000000000044
1.0,20.0,0.0555,0.056,0.0555,0.056,12000.0,5.000000000000004E-4
1.0,19.0,0.061,0.061,0.056,0.061,17600.0,0.0
1.0,18.0,0.0555,0.065,0.0555,0.061,63700.0,0.005499999999999998
1.0,14.0,0.06,0.0675,0.0577,0.065,277300.0,0.0050000000000000044
1.0,13.0,0.064,0.0674,0.06,0.063,446300.0,-0.0010000000000000009
1.0,12.0,0.065,0.0675,0.063,0.063,178000.0,-0.0020000000000000018
1.0,11.0,0.063,0.0699,0.063,0.063,40000.0,0.0
1.0,10.0,0.07,0.07,0.063,0.07,29300.0,0.0
1.0,7.0,0.068,0.07,0.061,0.07,60800.0,0.0020000000000000018
1.0,6.0,0.07,0.07,0.0611,0.065,57700.0,-0.0050000000000000044
1.0,5.0,0.061,0.07,0.061,0.062,23900.0,0.0010000000000000009
1.0,4.0,0.075,0.075,0.061,0.061,132400.0,-0.013999999999999999
1.0,3.0,0.06,0.075,0.06,0.075,47700.0,0.015
12.0,31.0,0.061,0.075,0.061,0.07,71600.0,0.009000000000000008
12.0,30.0,0.0555,0.08,0.0555,0.075,114300.0,0.019499999999999997
12.0,29.0,0.07,0.07,0.061,0.07,36400.0,0.0
12.0,28.0,0.064,0.07,0.061,0.07,153100.0,0.006000000000000005
12.0,27.0,0.062,0.07,0.062,0.062,85500.0,0.0
12.0,23.0,0.07,0.07,0.063,0.063,159900.0,-0.007000000000000006
12.0,22.0,0.064,0.07,0.064,0.066,76900.0,0.0020000000000000018
12.0,21.0,0.065,0.0755,0.06,0.065,274400.0,0.0
12.0,20.0,0.07,0.07,0.062,0.065,52500.0,-0.0050000000000000044
12.0,17.0,0.067,0.07,0.062,0.07,111700.0,0.0030000000000000027
12.0,16.0,0.061,0.07,0.061,0.07,130100.0,0.009000000000000008
12.0,15.0,0.066,0.068,0.066,0.068,16300.0,0.0020000000000000018
12.0,14.0,0.063,0.07,0.063,0.063,101200.0,0.0
12.0,13.0,0.075,0.075,0.063,0.067,74700.0,-0.007999999999999993
12.0,10.0,0.068,0.068,0.06,0.06,113100.0,-0.008000000000000007
12.0,9.0,0.063,0.07,0.063,0.063,22700.0,0.0
12.0,8.0,0.063,0.067,0.063,0.063,53800.0,0.0
12.0,7.0,0.07,0.07,0.062,0.062,109300.0,-0.008000000000000007
12.0,6.0,0.065,0.07,0.065,0.067,33900.0,0.0020000000000000018
12.0,3.0,0.061,0.07,0.061,0.07,31100.0,0.009000000000000008
12.0,2.0,0.066,0.07,0.061,0.07,141100.0,0.0040000000000000036
12.0,1.0,0.061,0.0699,0.061,0.065,132200.0,0.0040000000000000036
11.0,30.0,0.068,0.0799,0.06,0.061,198000.0,-0.007000000000000006
11.0,29.0,0.08,0.08,0.061,0.0685,20200.0,-0.011499999999999996
11.0,26.0,0.069,0.069,0.06,0.06,51100.0,-0.009000000000000008
11.0,24.0,0.069,0.069,0.06,0.064,22300.0,-0.0050000000000000044
11.0,23.0,0.061,0.065,0.06,0.065,172500.0,0.0040000000000000036
11.0,22.0,0.069,0.069,0.06,0.061,231500.0,-0.008000000000000007
11.0,19.0,0.07,0.07,0.06,0.064,111200.0,-0.006000000000000005
11.0,18.0,0.057,0.07,0.057,0.065,91800.0,0.008
11.0,17.0,0.06,0.075,0.06,0.062,217900.0,0.0020000000000000018
11.0,16.0,0.075,0.075,0.065,0.07,142400.0,-0.0049999999999999906
11.0,15.0,0.08,0.08,0.065,0.07,215000.0,-0.009999999999999995
11.0,12.0,0.065,0.08,0.065,0.074,153500.0,0.008999999999999994
11.0,11.0,0.065,0.0738,0.065,0.065,25700.0,0.0
11.0,10.0,0.06,0.078,0.06,0.0738,319600.0,0.013800000000000007
11.0,9.0,0.0605,0.07,0.06,0.065,181000.0,0.004500000000000004
11.0,8.0,0.055,0.063,0.055,0.06,178000.0,0.0049999999999999975
11.0,5.0,0.055,0.06,0.055,0.058,110000.0,0.0030000000000000027
11.0,4.0,0.065,0.065,0.051,0.055,554300.0,-0.010000000000000002
11.0,3.0,0.0885,0.089,0.0525,0.061,2646900.0,-0.027499999999999997
11.0,2.0,0.04,0.085,0.04,0.083,1866600.0,0.043000000000000003
11.0,1.0,0.039,0.043,0.039,0.043,88000.0,0.003999999999999997
10.0,29.0,0.0475,0.049,0.035,0.04,780900.0,-0.0075
10.0,28.0,0.052,0.052,0.045,0.05,419500.0,-0.001999999999999995
10.0,27.0,0.06,0.06,0.051,0.051,62000.0,-0.009000000000000001
10.0,26.0,0.051,0.055,0.051,0.051,41300.0,0.0
10.0,25.0,0.051,0.059,0.051,0.051,255400.0,0.0
10.0,22.0,0.051,0.065,0.051,0.051,22800.0,0.0
10.0,21.0,0.054,0.054,0.052,0.052,40000.0,-0.0020000000000000018
10.0,20.0,0.055,0.06,0.051,0.055,245700.0,0.0
10.0,19.0,0.06,0.06,0.055,0.055,40800.0,-0.0049999999999999975
10.0,18.0,0.065,0.065,0.05,0.06,306900.0,-0.0050000000000000044
10.0,15.0,0.06,0.0655,0.06,0.065,191500.0,0.0050000000000000044
10.0,14.0,0.0662,0.07,0.06,0.061,363100.0,-0.005199999999999996
10.0,13.0,0.073,0.074,0.06,0.064,188200.0,-0.008999999999999994
10.0,12.0,0.07,0.075,0.07,0.07,351400.0,0.0
10.0,11.0,0.07,0.076,0.064,0.07,400300.0,0.0
10.0,8.0,0.06,0.075,0.06,0.075,199000.0,0.015
10.0,7.0,0.06,0.07,0.06,0.06,85700.0,0.0
10.0,6.0,0.065,0.07,0.06,0.06,305200.0,-0.0050000000000000044
10.0,5.0,0.065,0.07,0.065,0.07,164900.0,0.0050000000000000044
10.0,4.0,0.06,0.079,0.06,0.065,220300.0,0.0050000000000000044
10.0,1.0,0.08,0.08,0.07,0.07,285600.0,-0.009999999999999995
9.0,30.0,0.065,0.078,0.065,0.078,199900.0,0.012999999999999998
9.0,29.0,0.063,0.075,0.063,0.074,429200.0,0.010999999999999996
9.0,28.0,0.055,0.07,0.055,0.065,100900.0,0.010000000000000002
9.0,27.0,0.076,0.076,0.06,0.065,142800.0,-0.010999999999999996
9.0,24.0,0.075,0.079,0.06,0.073,108200.0,-0.0020000000000000018
9.0,23.0,0.07,0.08,0.065,0.075,126900.0,0.0049999999999999906
9.0,22.0,0.065,0.07,0.06,0.07,503100.0,0.0050000000000000044
9.0,21.0,0.067,0.079,0.067,0.079,138000.0,0.011999999999999997
9.0,20.0,0.075,0.085,0.0655,0.066,218000.0,-0.008999999999999994
9.0,17.0,0.07,0.08,0.07,0.074,125900.0,0.00399999999999999
9.0,16.0,0.09,0.09,0.068,0.075,721500.0,-0.015
9.0,15.0,0.09,0.095,0.075,0.08,530300.0,-0.009999999999999995
9.0,14.0,0.08,0.095,0.08,0.09,305200.0,0.009999999999999995
9.0,13.0,0.09,0.09,0.08,0.09,79300.0,0.0
9.0,10.0,0.0725,0.094,0.065,0.09,1083700.0,0.0175
9.0,9.0,0.08,0.08,0.06,0.07,248800.0,-0.009999999999999995
9.0,8.0,0.075,0.0775,0.055,0.072,361800.0,-0.0030000000000000027
9.0,7.0,0.0099,0.09,0.0099,0.07,605800.0,0.06010000000000001
9.0,3.0,0.0099,0.105,0.0099,0.085,114200.0,0.0751
9.0,2.0,0.08,0.105,0.08,0.1,459800.0,0.020000000000000004
9.0,1.0,0.0099,0.09,0.0099,0.089,242900.0,0.07909999999999999
8.0,31.0,0.12,0.12,0.075,0.088,171200.0,-0.032
8.0,30.0,0.0975,0.0987,0.073,0.077,596400.0,-0.020500000000000004
8.0,27.0,0.1,0.11,0.095,0.1,287000.0,0.0
8.0,26.0,0.09,0.12,0.09,0.1,40900.0,0.010000000000000009
8.0,25.0,0.101,0.119,0.095,0.11,235000.0,0.008999999999999994
8.0,24.0,0.111,0.12,0.091,0.11,365600.0,-0.0010000000000000009
8.0,23.0,0.14,0.14,0.11,0.111,275600.0,-0.029000000000000012
8.0,20.0,0.13,0.14,0.111,0.12,411000.0,-0.010000000000000009
8.0,19.0,0.1199,0.13,0.117,0.12,451600.0,9.999999999998899E-5
8.0,18.0,0.12,0.12,0.09,0.11,628900.0,-0.009999999999999995
8.0,17.0,0.09,0.15,0.07,0.11,2354100.0,0.020000000000000004
8.0,16.0,0.075,0.105,0.065,0.085,412400.0,0.010000000000000009
8.0,13.0,0.11,0.112,0.07,0.083,1404800.0,-0.026999999999999996
8.0,12.0,0.054,0.119,0.054,0.109,5410700.0,0.055
8.0,11.0,0.03,0.085,0.03,0.04,714400.0,0.010000000000000002
8.0,10.0,0.05,0.05,0.03,0.045,166100.0,-0.0050000000000000044
8.0,9.0,0.05,0.05,0.04,0.05,459700.0,0.0
8.0,6.0,0.05,0.05,0.04,0.05,198800.0,0.0
8.0,5.0,0.05,0.055,0.04,0.05,820300.0,0.0
8.0,4.0,0.05,0.05,0.033,0.048,1722600.0,-0.0020000000000000018
8.0,3.0,0.06,0.065,0.04,0.05,1222300.0,-0.009999999999999995
8.0,2.0,0.082,0.082,0.051,0.065,1578800.0,-0.017
7.0,30.0,0.0851,0.09,0.08,0.085,865800.0,-9.999999999998899E-5
7.0,29.0,0.1,0.1075,0.086,0.0895,261000.0,-0.01050000000000001
7.0,28.0,0.085,0.11,0.085,0.1075,750600.0,0.022499999999999992
7.0,27.0,0.11,0.11,0.085,0.09,644900.0,-0.020000000000000004
7.0,26.0,0.114,0.114,0.09,0.11,510400.0,-0.0040000000000000036
7.0,23.0,0.125,0.125,0.11,0.116,426300.0,-0.008999999999999994
7.0,22.0,0.103,0.118,0.1,0.118,497000.0,0.015
7.0,21.0,0.095,0.12,0.095,0.103,1173500.0,0.007999999999999993
7.0,20.0,0.11,0.11,0.085,0.1,598100.0,-0.009999999999999995
7.0,19.0,0.1,0.1199,0.081,0.11,1066600.0,0.009999999999999995
7.0,16.0,0.12,0.125,0.101,0.112,951100.0,-0.007999999999999993
7.0,15.0,0.15,0.15,0.1,0.12,1187400.0,-0.03
7.0,14.0,0.178,0.18,0.14,0.145,892600.0,-0.033
7.0,13.0,0.152,0.17,0.152,0.165,513700.0,0.013000000000000012
7.0,12.0,0.19,0.19,0.152,0.16,1420200.0,-0.03
7.0,9.0,0.21,0.21,0.16,0.178,1697000.0,-0.032
7.0,8.0,0.205,0.22,0.18,0.2,1118600.0,-0.004999999999999977
7.0,7.0,0.22,0.235,0.2,0.2,618800.0,-0.01999999999999999
7.0,6.0,0.26,0.26,0.2,0.22,754900.0,-0.04000000000000001
7.0,2.0,0.24,0.27,0.225,0.25,993200.0,0.010000000000000009
7.0,1.0,0.26,0.26,0.22,0.235,429800.0,-0.025000000000000022
6.0,30.0,0.26,0.26,0.21,0.24,836100.0,-0.020000000000000018
6.0,29.0,0.27,0.27,0.23,0.25,980500.0,-0.020000000000000018
6.0,28.0,0.0099,0.28,0.0099,0.27,2356100.0,0.2601
6.0,25.0,0.0099,0.295,0.0099,0.24,1228500.0,0.2301
6.0,24.0,0.0099,0.245,0.0099,0.24,2033100.0,0.2301
6.0,23.0,0.0099,0.21,0.0099,0.189,1423800.0,0.1791
6.0,22.0,0.0099,0.23,0.0099,0.21,794000.0,0.2001
6.0,21.0,0.0099,0.27,0.0099,0.23,1029200.0,0.22010000000000002
6.0,18.0,0.0099,0.26,0.0099,0.25,1012700.0,0.2401
6.0,17.0,0.0099,0.265,0.0099,0.225,1053600.0,0.2151
6.0,16.0,0.0099,0.29,0.0099,0.255,1791000.0,0.2451
6.0,15.0,0.0099,0.33,0.0099,0.29,3090600.0,0.28009999999999996
6.0,14.0,0.0099,0.35,0.0099,0.31,3354200.0,0.3001
6.0,11.0,0.0099,0.28,0.0099,0.28,1646600.0,0.2701
6.0,10.0,0.0099,0.245,0.0099,0.22,2471500.0,0.2101
6.0,9.0,0.0099,0.265,0.0099,0.179,3608500.0,0.1691
6.0,8.0,0.0099,0.305,0.0099,0.245,5568300.0,0.2351
6.0,7.0,0.0099,0.35,0.0099,0.28,1.60436E7,0.2701
6.0,4.0,0.0099,0.08,0.0099,0.079,693200.0,0.0691
6.0,3.0,0.0099,0.08,0.0099,0.079,256200.0,0.0691
6.0,2.0,0.0099,0.09,0.0099,0.077,438500.0,0.06709999999999999
6.0,1.0,0.0099,0.1,0.0099,0.088,1773900.0,0.07809999999999999
5.0,28.0,0.0099,0.12,0.0099,0.098,998400.0,0.0881
5.0,27.0,0.0099,0.12,0.0099,0.115,637100.0,0.1051
5.0,26.0,0.0099,0.12,0.0099,0.1099,562100.0,0.09999999999999999
5.0,25.0,0.0099,0.15,0.0099,0.12,663700.0,0.11009999999999999
5.0,24.0,0.0099,0.15,0.0099,0.125,1084700.0,0.1151
5.0,21.0,0.0099,0.15,0.0099,0.145,1741700.0,0.1351
5.0,20.0,0.0099,0.13,0.0099,0.12,393500.0,0.11009999999999999
5.0,19.0,0.0099,0.13,0.0099,0.12,530800.0,0.11009999999999999
5.0,18.0,0.0099,0.14,0.0099,0.129,951400.0,0.1191
5.0,17.0,0.0099,0.17,0.0099,0.14,1079700.0,0.13010000000000002
5.0,14.0,0.0099,0.16,0.0099,0.16,2174900.0,0.1501
5.0,13.0,0.0099,0.19,0.0099,0.131,4859700.0,0.1211
5.0,12.0,0.0099,0.105,0.0099,0.095,3881300.0,0.0851
5.0,11.0,0.0099,0.145,0.0099,0.11,1893400.0,0.1001
5.0,10.0,0.0099,0.17,0.0099,0.145,2518900.0,0.1351
5.0,7.0,0.0099,0.19,0.0099,0.13,7453200.0,0.1201
5.0,6.0,0.0099,0.2,0.0099,0.16,1.73358E7,0.1501
5.0,5.0,0.0099,0.05,0.0099,0.038,2272400.0,0.0281
5.0,4.0,0.0099,0.1,0.0099,0.045,6353000.0,0.0351
5.0,3.0,0.0099,0.079,0.0099,0.06,7408000.0,0.0501
4.0,30.0,0.0099,0.035,0.0099,0.03,481800.0,0.0201
4.0,26.0,0.0099,0.0099,0.0015,0.0015,16000.0,-0.008400000000000001
4.0,23.0,0.0099,0.01,0.0099,0.01,10000.0,9.99999999999994E-5
4.0,22.0,0.0099,0.01,0.0099,0.01,10000.0,9.99999999999994E-5
4.0,21.0,0.0099,0.0099,1.0E-4,0.0042,22000.0,-0.005700000000000001
4.0,20.0,0.0099,0.0099,1.0E-4,0.001,39900.0,-0.008900000000000002
4.0,15.0,0.0099,0.0099,1.0E-4,0.003,50000.0,-0.006900000000000001
3.0,23.0,0.0099,0.0099,0.009,0.009,25000.0,-9.000000000000015E-4
3.0,22.0,0.0099,0.0099,0.0075,0.0075,10000.0,-0.002400000000000001
1.0,8.0,0.001,0.001,0.001,0.001,20000.0,0.0
12.0,11.0,0.04,0.04,0.04,0.04,20000.0,0.0
12.0,10.0,0.04,0.05,0.001,0.001,13700.0,-0.039
12.0,9.0,0.069,0.069,0.0033,0.0033,7600.0,-0.06570000000000001
12.0,8.0,0.0099,0.0099,0.001,0.001,16000.0,-0.008900000000000002
12.0,7.0,0.01,0.01,0.01,0.01,10000.0,0.0
12.0,4.0,0.001,0.001,0.001,0.001,4000.0,0.0
12.0,1.0,0.001,0.001,0.001,0.001,2400.0,0.0
11.0,30.0,0.001,0.001,0.001,0.001,4000.0,0.0
11.0,25.0,0.005,0.005,0.005,0.005,50000.0,0.0
11.0,24.0,0.01,0.01,0.004,0.004,74600.0,-0.006
11.0,23.0,0.015,0.015,0.015,0.015,7500.0,0.0
11.0,20.0,0.002,0.015,0.002,0.01,108300.0,0.008
11.0,18.0,0.003,0.07,0.003,0.02,28900.0,0.017
11.0,17.0,0.07,0.07,0.001,0.001,158100.0,-0.069
11.0,13.0,1.0E-4,1.0E-4,1.0E-4,1.0E-4,6500.0,0.0
11.0,10.0,0.08,0.08,0.08,0.08,7100.0,0.0
11.0,9.0,0.09,0.09,1.0E-4,1.0E-4,116100.0,-0.0899
11.0,6.0,0.09,0.09,0.09,0.09,100.0,0.0
11.0,5.0,0.09,0.09,1.0E-4,1.0E-4,10100.0,-0.0899
10.0,20.0,1.0E-4,1.0E-4,1.0E-4,1.0E-4,10000.0,0.0
