3.0,31.0,0.0413,0.0413,0.0413,0.0413,0.0,0.0
3.0,28.0,0.0413,0.0413,0.0413,0.0413,0.0,0.0
3.0,27.0,0.0413,0.0413,0.0413,0.0413,0.0,0.0
3.0,26.0,0.0413,0.0413,0.0413,0.0413,0.0,0.0
3.0,25.0,0.0413,0.0413,0.0413,0.0413,0.0,0.0
3.0,24.0,0.0413,0.0413,0.0413,0.0413,0.0,0.0
3.0,21.0,0.0413,0.0413,0.0413,0.0413,0.0,0.0
3.0,20.0,0.0413,0.0413,0.0413,0.0413,0.0,0.0
3.0,19.0,0.0413,0.0413,0.0413,0.0413,0.0,0.0
3.0,18.0,0.0413,0.0413,0.0413,0.0413,0.0,0.0
3.0,17.0,0.0413,0.0413,0.0413,0.0413,0.0,0.0
3.0,14.0,0.0413,0.0413,0.0413,0.0413,0.0,0.0
3.0,13.0,0.0413,0.0413,0.0413,0.0413,0.0,0.0
3.0,12.0,0.0413,0.0413,0.0413,0.0413,0.0,0.0
3.0,11.0,0.0413,0.0413,0.0413,0.0413,0.0,0.0
3.0,10.0,0.0413,0.0413,0.0413,0.0413,0.0,0.0
3.0,7.0,0.0413,0.0413,0.0413,0.0413,0.0,0.0
3.0,6.0,0.0413,0.0413,0.0413,0.0413,0.0,0.0
3.0,5.0,0.0413,0.0413,0.0413,0.0413,0.0,0.0
3.0,4.0,0.0413,0.0413,0.0413,0.0413,0.0,0.0
3.0,3.0,0.0413,0.0413,0.0413,0.0413,0.0,0.0
2.0,28.0,0.0413,0.0413,0.0413,0.0413,0.0,0.0
2.0,27.0,0.0413,0.0413,0.0413,0.0413,0.0,0.0
2.0,26.0,0.0413,0.0413,0.0413,0.0413,0.0,0.0
2.0,25.0,0.0413,0.0413,0.0413,0.0413,0.0,0.0
2.0,24.0,0.0413,0.0413,0.0413,0.0413,0.0,0.0
2.0,21.0,0.0413,0.0413,0.0413,0.0413,0.0,0.0
2.0,20.0,0.0413,0.0413,0.0413,0.0413,0.0,0.0
2.0,19.0,0.0413,0.0413,0.0413,0.0413,0.0,0.0
2.0,18.0,0.0413,0.0413,0.0413,0.0413,0.0,0.0
2.0,17.0,0.0413,0.0413,0.0413,0.0413,0.0,0.0
2.0,14.0,0.0413,0.0413,0.0413,0.0413,0.0,0.0
2.0,13.0,0.0413,0.0413,0.0413,0.0413,0.0,0.0
2.0,12.0,0.0413,0.0413,0.0413,0.0413,0.0,0.0
2.0,11.0,0.0413,0.0413,0.0413,0.0413,0.0,0.0
2.0,10.0,0.0413,0.0413,0.0413,0.0413,0.0,0.0
2.0,7.0,0.0413,0.0413,0.0413,0.0413,0.0,0.0
2.0,6.0,0.0413,0.0413,0.0413,0.0413,0.0,0.0
2.0,5.0,0.0413,0.0413,0.0413,0.0413,0.0,0.0
2.0,4.0,0.0413,0.0413,0.0413,0.0413,0.0,0.0
2.0,3.0,0.0413,0.0413,0.0413,0.0413,0.0,0.0
1.0,31.0,0.0413,0.0413,0.0413,0.0413,0.0,0.0
1.0,30.0,0.0413,0.0413,0.0413,0.0413,0.0,0.0
1.0,29.0,0.0413,0.0413,0.0413,0.0413,0.0,0.0
1.0,28.0,0.0413,0.0413,0.0413,0.0413,0.0,0.0
1.0,27.0,0.0413,0.0413,0.0413,0.0413,0.0,0.0
1.0,24.0,0.0413,0.0413,0.0413,0.0413,0.0,0.0
1.0,23.0,0.0413,0.0413,0.0413,0.0413,0.0,0.0
1.0,22.0,0.0413,0.0413,0.0413,0.0413,0.0,0.0
1.0,21.0,0.0413,0.0413,0.0413,0.0413,0.0,0.0
1.0,20.0,0.0413,0.0413,0.0413,0.0413,0.0,0.0
1.0,17.0,0.0413,0.0413,0.0413,0.0413,0.0,0.0
1.0,16.0,0.0413,0.0413,0.0413,0.0413,0.0,0.0
1.0,15.0,0.0413,0.0413,0.0413,0.0413,0.0,0.0
1.0,14.0,0.0413,0.0413,0.0413,0.0413,0.0,0.0
1.0,13.0,0.0413,0.0413,0.0413,0.0413,0.0,0.0
1.0,10.0,0.0413,0.0413,0.0413,0.0413,0.0,0.0
1.0,9.0,0.0413,0.0413,0.0413,0.0413,0.0,0.0
1.0,8.0,0.0413,0.0413,0.0413,0.0413,0.0,0.0
1.0,7.0,0.0413,0.0413,0.0413,0.0413,0.0,0.0
1.0,6.0,0.0413,0.0413,0.0413,0.0413,0.0,0.0
1.0,3.0,0.0413,0.0413,0.0413,0.0413,0.0,0.0
1.0,2.0,0.0413,0.0413,0.0413,0.0413,0.0,0.0
1.0,1.0,0.0413,0.0413,0.0413,0.0413,0.0,0.0
12.0,31.0,0.0413,0.0413,0.0413,0.0413,0.0,0.0
12.0,30.0,0.0413,0.0413,0.0413,0.0413,0.0,0.0
12.0,27.0,0.0413,0.0413,0.0413,0.0413,0.0,0.0
12.0,26.0,0.0413,0.0413,0.0413,0.0413,0.0,0.0
12.0,25.0,0.0413,0.0413,0.0413,0.0413,0.0,0.0
12.0,24.0,0.0413,0.0413,0.0413,0.0413,0.0,0.0
12.0,23.0,0.0413,0.0413,0.0413,0.0413,0.0,0.0
12.0,20.0,0.0413,0.0413,0.0413,0.0413,0.0,0.0
12.0,19.0,0.0413,0.0413,0.0413,0.0413,0.0,0.0
12.0,18.0,0.0413,0.0413,0.0413,0.0413,0.0,0.0
12.0,17.0,0.0413,0.0413,0.0413,0.0413,0.0,0.0
12.0,16.0,0.0413,0.0413,0.0413,0.0413,0.0,0.0
12.0,13.0,0.0413,0.0413,0.0413,0.0413,0.0,0.0
12.0,12.0,0.0413,0.0413,0.0413,0.0413,0.0,0.0
12.0,11.0,0.0413,0.0413,0.0413,0.0413,0.0,0.0
12.0,10.0,0.0413,0.0413,0.0413,0.0413,0.0,0.0
12.0,9.0,0.0413,0.0413,0.0413,0.0413,0.0,0.0
12.0,6.0,0.0413,0.0413,0.0413,0.0413,0.0,0.0
12.0,5.0,0.0413,0.0413,0.0413,0.0413,0.0,0.0
12.0,4.0,0.0413,0.0413,0.0413,0.0413,0.0,0.0
12.0,3.0,0.0413,0.0413,0.0413,0.0413,0.0,0.0
12.0,2.0,0.0413,0.0413,0.0413,0.0413,0.0,0.0
11.0,29.0,0.0413,0.0413,0.0413,0.0413,0.0,0.0
11.0,28.0,0.0413,0.0413,0.0413,0.0413,0.0,0.0
11.0,27.0,0.0413,0.0413,0.0413,0.0413,0.0,0.0
11.0,26.0,0.0413,0.0413,0.0413,0.0413,0.0,0.0
11.0,25.0,0.0413,0.0413,0.0413,0.0413,0.0,0.0
11.0,22.0,0.0413,0.0413,0.0413,0.0413,0.0,0.0
11.0,21.0,0.0413,0.0413,0.0413,0.0413,0.0,0.0
11.0,20.0,0.0413,0.0413,0.0413,0.0413,0.0,0.0
11.0,19.0,0.0413,0.0413,0.0413,0.0413,0.0,0.0
11.0,18.0,0.0413,0.0413,0.0413,0.0413,0.0,0.0
11.0,15.0,0.0413,0.0413,0.0413,0.0413,0.0,0.0
11.0,14.0,0.0413,0.0413,0.0413,0.0413,0.0,0.0
11.0,13.0,0.0413,0.0413,0.0413,0.0413,0.0,0.0
11.0,12.0,0.0413,0.0413,0.0413,0.0413,0.0,0.0
11.0,11.0,0.0413,0.0413,0.0413,0.0413,0.0,0.0
11.0,8.0,0.0413,0.0413,0.0413,0.0413,0.0,0.0
11.0,7.0,0.0413,0.0413,0.0413,0.0413,0.0,0.0
11.0,6.0,0.0413,0.0413,0.0413,0.0413,0.0,0.0
11.0,5.0,0.0413,0.0413,0.0413,0.0413,0.0,0.0
11.0,4.0,0.0413,0.0413,0.0413,0.0413,0.0,0.0
11.0,1.0,0.0413,0.0413,0.0413,0.0413,0.0,0.0
10.0,31.0,0.0413,0.0413,0.0413,0.0413,0.0,0.0
10.0,30.0,0.0413,0.0413,0.0413,0.0413,0.0,0.0
10.0,29.0,0.0413,0.0413,0.0413,0.0413,0.0,0.0
10.0,28.0,0.0413,0.0413,0.0413,0.0413,0.0,0.0
10.0,25.0,0.0413,0.0413,0.0413,0.0413,0.0,0.0
10.0,24.0,0.0413,0.0413,0.0413,0.0413,0.0,0.0
10.0,23.0,0.0413,0.0413,0.0413,0.0413,0.0,0.0
10.0,22.0,0.0413,0.0413,0.0413,0.0413,0.0,0.0
10.0,21.0,0.0413,0.0413,0.0413,0.0413,0.0,0.0
10.0,18.0,0.0413,0.0413,0.0413,0.0413,0.0,0.0
10.0,17.0,0.0413,0.0413,0.0413,0.0413,0.0,0.0
10.0,16.0,0.0413,0.0413,0.0413,0.0413,0.0,0.0
10.0,15.0,0.0413,0.0413,0.0413,0.0413,0.0,0.0
10.0,14.0,0.0413,0.0413,0.0413,0.0413,0.0,0.0
10.0,11.0,0.0413,0.0413,0.0413,0.0413,0.0,0.0
10.0,10.0,0.0413,0.0413,0.0413,0.0413,0.0,0.0
10.0,9.0,0.0413,0.0413,0.0413,0.0413,0.0,0.0
10.0,8.0,0.0413,0.0413,0.0413,0.0413,0.0,0.0
10.0,7.0,0.0413,0.0413,0.0413,0.0413,0.0,0.0
10.0,4.0,0.0413,0.0413,0.0413,0.0413,0.0,0.0
10.0,3.0,0.0413,0.0413,0.0413,0.0413,0.0,0.0
10.0,2.0,0.0413,0.0413,0.0413,0.0413,0.0,0.0
10.0,1.0,0.0413,0.0413,0.0413,0.0413,0.0,0.0
9.0,30.0,0.0413,0.0413,0.0413,0.0413,0.0,0.0
9.0,27.0,0.0413,0.0413,0.0413,0.0413,0.0,0.0
9.0,26.0,0.0413,0.0413,0.0413,0.0413,0.0,0.0
9.0,25.0,0.0413,0.0413,0.0413,0.0413,0.0,0.0
9.0,24.0,0.0413,0.0413,0.0413,0.0413,0.0,0.0
9.0,23.0,0.0413,0.0413,0.0413,0.0413,0.0,0.0
9.0,20.0,0.0413,0.0413,0.0413,0.0413,600.0,0.0
9.0,19.0,0.0609,0.0609,0.0609,0.0609,0.0,0.0
9.0,18.0,0.0609,0.0609,0.0609,0.0609,0.0,0.0
9.0,17.0,0.0609,0.0609,0.0609,0.0609,0.0,0.0
9.0,16.0,0.0609,0.0609,0.0609,0.0609,0.0,0.0
9.0,13.0,0.0609,0.0609,0.0609,0.0609,0.0,0.0
9.0,12.0,0.0609,0.0609,0.0609,0.0609,0.0,0.0
9.0,11.0,0.0609,0.0609,0.0609,0.0609,0.0,0.0
9.0,10.0,0.0609,0.0609,0.0609,0.0609,0.0,0.0
9.0,9.0,0.0609,0.0609,0.0609,0.0609,0.0,0.0
9.0,6.0,0.0609,0.0609,0.0609,0.0609,0.0,0.0
9.0,5.0,0.0609,0.0609,0.0609,0.0609,0.0,0.0
9.0,4.0,0.0609,0.0609,0.0609,0.0609,0.0,0.0
9.0,3.0,0.0609,0.0609,0.0609,0.0609,0.0,0.0
9.0,2.0,0.0609,0.0609,0.0609,0.0609,0.0,0.0
8.0,30.0,0.0609,0.0609,0.0609,0.0609,0.0,0.0
8.0,29.0,0.0609,0.0609,0.0609,0.0609,0.0,0.0
8.0,28.0,0.0609,0.0609,0.0609,0.0609,0.0,0.0
8.0,27.0,0.0609,0.0609,0.0609,0.0609,0.0,0.0
8.0,26.0,0.0609,0.0609,0.0609,0.0609,0.0,0.0
8.0,23.0,0.0609,0.0609,0.0609,0.0609,0.0,0.0
8.0,22.0,0.0609,0.0609,0.0609,0.0609,0.0,0.0
8.0,21.0,0.0609,0.0609,0.0609,0.0609,0.0,0.0
8.0,20.0,0.0609,0.0609,0.0609,0.0609,0.0,0.0
8.0,19.0,0.0609,0.0609,0.0609,0.0609,0.0,0.0
8.0,16.0,0.0609,0.0609,0.0609,0.0609,0.0,0.0
8.0,15.0,0.0609,0.0609,0.0609,0.0609,0.0,0.0
8.0,14.0,0.0609,0.0609,0.0609,0.0609,0.0,0.0
8.0,13.0,0.0609,0.0609,0.0609,0.0609,0.0,0.0
8.0,12.0,0.0609,0.0609,0.0609,0.0609,0.0,0.0
8.0,9.0,0.0609,0.0609,0.0609,0.0609,0.0,0.0
8.0,8.0,0.0609,0.0609,0.0609,0.0609,0.0,0.0
8.0,7.0,0.0609,0.0609,0.0609,0.0609,0.0,0.0
8.0,6.0,0.0609,0.0609,0.0609,0.0609,0.0,0.0
8.0,5.0,0.0609,0.0609,0.0609,0.0609,0.0,0.0
8.0,2.0,0.0609,0.0609,0.0609,0.0609,0.0,0.0
8.0,1.0,0.0609,0.0609,0.0609,0.0609,0.0,0.0
7.0,31.0,0.0609,0.0609,0.0609,0.0609,0.0,0.0
7.0,30.0,0.0609,0.0609,0.0609,0.0609,0.0,0.0
7.0,29.0,0.0609,0.0609,0.0609,0.0609,0.0,0.0
7.0,26.0,0.0609,0.0609,0.0609,0.0609,0.0,0.0
7.0,25.0,0.0609,0.0609,0.0609,0.0609,0.0,0.0
7.0,24.0,0.0609,0.0609,0.0609,0.0609,0.0,0.0
7.0,23.0,0.0609,0.0609,0.0609,0.0609,0.0,0.0
7.0,22.0,0.0609,0.0609,0.0609,0.0609,0.0,0.0
7.0,19.0,0.0609,0.0609,0.0609,0.0609,0.0,0.0
7.0,18.0,0.0609,0.0609,0.0609,0.0609,0.0,0.0
7.0,17.0,0.0609,0.0609,0.0609,0.0609,0.0,0.0
7.0,16.0,0.0609,0.0609,0.0609,0.0609,0.0,0.0
7.0,15.0,0.0609,0.0609,0.0609,0.0609,0.0,0.0
7.0,12.0,0.0609,0.0609,0.0609,0.0609,0.0,0.0
7.0,11.0,0.0609,0.0609,0.0609,0.0609,0.0,0.0
7.0,10.0,0.0609,0.0609,0.0609,0.0609,0.0,0.0
7.0,9.0,0.0609,0.0609,0.0609,0.0609,0.0,0.0
7.0,8.0,0.0609,0.0609,0.0609,0.0609,0.0,0.0
7.0,5.0,0.0609,0.0609,0.0609,0.0609,0.0,0.0
7.0,4.0,0.0609,0.0609,0.0609,0.0609,0.0,0.0
7.0,3.0,0.0609,0.0609,0.0609,0.0609,0.0,0.0
7.0,2.0,0.0609,0.0609,0.0609,0.0609,0.0,0.0
7.0,1.0,0.0609,0.0609,0.0609,0.0609,0.0,0.0
6.0,28.0,0.0609,0.0609,0.0609,0.0609,0.0,0.0
6.0,27.0,0.0609,0.0609,0.0609,0.0609,0.0,0.0
6.0,26.0,0.0609,0.0609,0.0609,0.0609,0.0,0.0
6.0,25.0,0.0609,0.0609,0.0609,0.0609,0.0,0.0
6.0,24.0,0.0609,0.0609,0.0609,0.0609,0.0,0.0
6.0,21.0,0.0609,0.0609,0.0609,0.0609,0.0,0.0
6.0,20.0,0.0609,0.0609,0.0609,0.0609,0.0,0.0
6.0,19.0,0.0609,0.0609,0.0609,0.0609,0.0,0.0
6.0,18.0,0.0609,0.0609,0.0609,0.0609,0.0,0.0
6.0,17.0,0.0609,0.0609,0.0609,0.0609,0.0,0.0
6.0,14.0,0.0609,0.0609,0.0609,0.0609,0.0,0.0
6.0,13.0,0.0609,0.0609,0.0609,0.0609,0.0,0.0
6.0,12.0,0.0609,0.0609,0.0609,0.0609,0.0,0.0
6.0,11.0,0.0609,0.0609,0.0609,0.0609,0.0,0.0
6.0,10.0,0.0609,0.0609,0.0609,0.0609,0.0,0.0
6.0,7.0,0.0609,0.0609,0.0609,0.0609,0.0,0.0
6.0,6.0,0.0609,0.0609,0.0609,0.0609,0.0,0.0
6.0,5.0,0.0609,0.0609,0.0609,0.0609,0.0,0.0
6.0,4.0,0.0609,0.0609,0.0609,0.0609,0.0,0.0
6.0,3.0,0.0609,0.0609,0.0609,0.0609,0.0,0.0
5.0,31.0,0.0609,0.0609,0.0609,0.0609,0.0,0.0
5.0,30.0,0.0609,0.0609,0.0609,0.0609,0.0,0.0
5.0,29.0,0.0609,0.0609,0.0609,0.0609,0.0,0.0
5.0,28.0,0.0609,0.0609,0.0609,0.0609,0.0,0.0
5.0,27.0,0.0609,0.0609,0.0609,0.0609,0.0,0.0
5.0,24.0,0.0609,0.0609,0.0609,0.0609,0.0,0.0
5.0,23.0,0.0609,0.0609,0.0609,0.0609,0.0,0.0
5.0,22.0,0.0609,0.0609,0.0609,0.0609,0.0,0.0
5.0,21.0,0.0609,0.0609,0.0609,0.0609,0.0,0.0
5.0,20.0,0.0609,0.0609,0.0609,0.0609,0.0,0.0
5.0,17.0,0.0609,0.0609,0.0609,0.0609,0.0,0.0
5.0,16.0,0.0609,0.0609,0.0609,0.0609,0.0,0.0
5.0,15.0,0.0609,0.0609,0.0609,0.0609,0.0,0.0
5.0,14.0,0.0609,0.0609,0.0609,0.0609,0.0,0.0
5.0,13.0,0.0609,0.0609,0.0609,0.0609,0.0,0.0
5.0,10.0,0.0609,0.0609,0.0609,0.0609,0.0,0.0
5.0,9.0,0.0609,0.0609,0.0609,0.0609,0.0,0.0
5.0,8.0,0.0609,0.0609,0.0609,0.0609,0.0,0.0
5.0,7.0,0.0609,0.0609,0.0609,0.0609,0.0,0.0
5.0,6.0,0.0609,0.0609,0.0609,0.0609,0.0,0.0
5.0,3.0,0.0609,0.0609,0.0609,0.0609,0.0,0.0
5.0,2.0,0.0609,0.0609,0.0609,0.0609,0.0,0.0
5.0,1.0,0.0609,0.0609,0.0609,0.0609,0.0,0.0
4.0,30.0,0.0609,0.0609,0.0609,0.0609,0.0,0.0
4.0,29.0,0.0609,0.0609,0.0609,0.0609,0.0,0.0
4.0,26.0,0.0609,0.0609,0.0609,0.0609,0.0,0.0
4.0,25.0,0.0609,0.0609,0.0609,0.0609,0.0,0.0
4.0,24.0,0.0609,0.0609,0.0609,0.0609,0.0,0.0
4.0,23.0,0.0609,0.0609,0.0609,0.0609,0.0,0.0
4.0,22.0,0.0609,0.0609,0.0609,0.0609,0.0,0.0
4.0,19.0,0.0609,0.0609,0.0609,0.0609,0.0,0.0
4.0,18.0,0.0609,0.0609,0.0609,0.0609,0.0,0.0
4.0,17.0,0.0609,0.0609,0.0609,0.0609,0.0,0.0
4.0,16.0,0.0609,0.0609,0.0609,0.0609,0.0,0.0
4.0,15.0,0.0609,0.0609,0.0609,0.0609,0.0,0.0
4.0,12.0,0.0609,0.0609,0.0609,0.0609,0.0,0.0
4.0,11.0,0.0609,0.0609,0.0609,0.0609,0.0,0.0
4.0,10.0,0.0609,0.0609,0.0609,0.0609,0.0,0.0
4.0,9.0,0.0609,0.0609,0.0609,0.0609,0.0,0.0
4.0,8.0,0.0609,0.0609,0.0609,0.0609,0.0,0.0
4.0,5.0,0.0609,0.0609,0.0609,0.0609,0.0,0.0
4.0,4.0,0.0609,0.0609,0.0609,0.0609,0.0,0.0
4.0,3.0,0.0609,0.0609,0.0609,0.0609,0.0,0.0
4.0,2.0,0.0609,0.0609,0.0609,0.0609,0.0,0.0
4.0,1.0,0.0609,0.0609,0.0609,0.0609,0.0,0.0
3.0,29.0,0.0609,0.0609,0.0609,0.0609,0.0,0.0
3.0,28.0,0.0609,0.0609,0.0609,0.0609,0.0,0.0
3.0,27.0,0.0609,0.0609,0.0609,0.0609,0.0,0.0
3.0,26.0,0.0609,0.0609,0.0609,0.0609,0.0,0.0
3.0,25.0,0.0609,0.0609,0.0609,0.0609,0.0,0.0
3.0,22.0,0.0609,0.0609,0.0609,0.0609,0.0,0.0
3.0,21.0,0.0609,0.0609,0.0609,0.0609,0.0,0.0
3.0,20.0,0.0609,0.0609,0.0609,0.0609,0.0,0.0
3.0,19.0,0.0609,0.0609,0.0609,0.0609,1400.0,0.0
3.0,18.0,0.158,0.158,0.158,0.158,0.0,0.0
3.0,15.0,0.158,0.158,0.158,0.158,0.0,0.0
3.0,14.0,0.158,0.158,0.158,0.158,0.0,0.0
3.0,13.0,0.158,0.158,0.158,0.158,0.0,0.0
3.0,12.0,0.158,0.158,0.158,0.158,0.0,0.0
3.0,11.0,0.158,0.158,0.158,0.158,0.0,0.0
3.0,8.0,0.158,0.158,0.158,0.158,0.0,0.0
3.0,7.0,0.158,0.158,0.158,0.158,0.0,0.0
3.0,6.0,0.158,0.158,0.158,0.158,0.0,0.0
3.0,5.0,0.158,0.158,0.158,0.158,0.0,0.0
3.0,4.0,0.158,0.158,0.158,0.158,0.0,0.0
3.0,1.0,0.158,0.158,0.158,0.158,0.0,0.0
2.0,28.0,0.158,0.158,0.158,0.158,0.0,0.0
2.0,27.0,0.158,0.158,0.158,0.158,0.0,0.0
2.0,26.0,0.158,0.158,0.158,0.158,0.0,0.0
2.0,25.0,0.158,0.158,0.158,0.158,0.0,0.0
2.0,22.0,0.158,0.158,0.158,0.158,0.0,0.0
2.0,21.0,0.158,0.158,0.158,0.158,0.0,0.0
2.0,20.0,0.158,0.158,0.158,0.158,0.0,0.0
2.0,19.0,0.158,0.158,0.158,0.158,0.0,0.0
2.0,18.0,0.158,0.158,0.158,0.158,0.0,0.0
2.0,15.0,0.158,0.158,0.158,0.158,0.0,0.0
2.0,14.0,0.158,0.158,0.158,0.158,0.0,0.0
2.0,13.0,0.158,0.158,0.158,0.158,0.0,0.0
2.0,12.0,0.158,0.158,0.158,0.158,0.0,0.0
2.0,11.0,0.158,0.158,0.158,0.158,0.0,0.0
2.0,8.0,0.158,0.158,0.158,0.158,0.0,0.0
2.0,7.0,0.158,0.158,0.158,0.158,0.0,0.0
2.0,6.0,0.158,0.158,0.158,0.158,0.0,0.0
2.0,5.0,0.158,0.158,0.158,0.158,0.0,0.0
2.0,4.0,0.158,0.158,0.158,0.158,0.0,0.0
2.0,1.0,0.158,0.158,0.158,0.158,0.0,0.0
1.0,31.0,0.158,0.158,0.158,0.158,0.0,0.0
1.0,30.0,0.158,0.158,0.158,0.158,0.0,0.0
1.0,29.0,0.158,0.158,0.158,0.158,0.0,0.0
1.0,28.0,0.158,0.158,0.158,0.158,0.0,0.0
1.0,25.0,0.158,0.158,0.158,0.158,0.0,0.0
1.0,24.0,0.158,0.158,0.158,0.158,0.0,0.0
1.0,23.0,0.158,0.158,0.158,0.158,0.0,0.0
1.0,22.0,0.158,0.158,0.158,0.158,0.0,0.0
1.0,21.0,0.158,0.158,0.158,0.158,0.0,0.0
1.0,18.0,0.158,0.158,0.158,0.158,0.0,0.0
1.0,17.0,0.158,0.158,0.158,0.158,0.0,0.0
1.0,16.0,0.158,0.158,0.158,0.158,0.0,0.0
1.0,15.0,0.158,0.158,0.158,0.158,0.0,0.0
1.0,14.0,0.158,0.158,0.158,0.158,0.0,0.0
1.0,11.0,0.158,0.158,0.158,0.158,0.0,0.0
1.0,10.0,0.158,0.158,0.158,0.158,0.0,0.0
1.0,9.0,0.158,0.158,0.158,0.158,0.0,0.0
1.0,8.0,0.158,0.158,0.158,0.158,0.0,0.0
1.0,7.0,0.158,0.158,0.158,0.158,0.0,0.0
1.0,4.0,0.158,0.158,0.158,0.158,0.0,0.0
1.0,3.0,0.158,0.158,0.158,0.158,0.0,0.0
1.0,2.0,0.158,0.158,0.158,0.158,0.0,0.0
1.0,1.0,0.158,0.158,0.158,0.158,0.0,0.0
12.0,31.0,0.158,0.158,0.158,0.158,0.0,0.0
12.0,28.0,0.158,0.158,0.158,0.158,0.0,0.0
12.0,27.0,0.158,0.158,0.158,0.158,0.0,0.0
12.0,26.0,0.158,0.158,0.158,0.158,0.0,0.0
12.0,25.0,0.158,0.158,0.158,0.158,0.0,0.0
12.0,24.0,0.158,0.158,0.158,0.158,0.0,0.0
12.0,21.0,0.158,0.158,0.158,0.158,0.0,0.0
12.0,20.0,0.158,0.158,0.158,0.158,0.0,0.0
12.0,19.0,0.158,0.158,0.158,0.158,0.0,0.0
12.0,18.0,0.158,0.158,0.158,0.158,0.0,0.0
12.0,17.0,0.158,0.158,0.158,0.158,0.0,0.0
12.0,14.0,0.158,0.158,0.158,0.158,0.0,0.0
12.0,13.0,0.158,0.158,0.158,0.158,200.0,0.0
12.0,12.0,0.2002,0.2002,0.2002,0.2002,200.0,0.0
12.0,11.0,0.222,0.222,0.222,0.222,0.0,0.0
12.0,10.0,0.222,0.222,0.222,0.222,0.0,0.0
12.0,7.0,0.222,0.222,0.222,0.222,0.0,0.0
12.0,6.0,0.222,0.222,0.222,0.222,0.0,0.0
12.0,5.0,0.222,0.222,0.222,0.222,0.0,0.0
12.0,4.0,0.222,0.222,0.222,0.222,0.0,0.0
12.0,3.0,0.222,0.222,0.222,0.222,0.0,0.0
11.0,30.0,0.222,0.222,0.222,0.222,0.0,0.0
11.0,29.0,0.222,0.222,0.222,0.222,0.0,0.0
11.0,28.0,0.222,0.222,0.222,0.222,0.0,0.0
11.0,27.0,0.222,0.222,0.222,0.222,0.0,0.0
11.0,26.0,0.222,0.222,0.222,0.222,0.0,0.0
11.0,23.0,0.222,0.222,0.222,0.222,0.0,0.0
11.0,22.0,0.222,0.222,0.222,0.222,0.0,0.0
11.0,21.0,0.222,0.222,0.222,0.222,0.0,0.0
11.0,20.0,0.222,0.222,0.222,0.222,0.0,0.0
11.0,19.0,0.222,0.222,0.222,0.222,0.0,0.0
11.0,16.0,0.222,0.222,0.222,0.222,0.0,0.0
11.0,15.0,0.222,0.222,0.222,0.222,1000.0,0.0
11.0,14.0,0.163,0.163,0.163,0.163,0.0,0.0
11.0,13.0,0.163,0.163,0.163,0.163,0.0,0.0
11.0,12.0,0.163,0.163,0.163,0.163,0.0,0.0
11.0,9.0,0.163,0.163,0.163,0.163,0.0,0.0
11.0,8.0,0.163,0.163,0.163,0.163,0.0,0.0
11.0,7.0,0.163,0.163,0.163,0.163,0.0,0.0
11.0,6.0,0.163,0.163,0.163,0.163,0.0,0.0
11.0,5.0,0.163,0.163,0.163,0.163,0.0,0.0
11.0,2.0,0.163,0.163,0.163,0.163,0.0,0.0
11.0,1.0,0.163,0.163,0.163,0.163,0.0,0.0
10.0,31.0,0.163,0.163,0.163,0.163,0.0,0.0
10.0,30.0,0.163,0.163,0.163,0.163,0.0,0.0
10.0,29.0,0.163,0.163,0.163,0.163,0.0,0.0
10.0,26.0,0.163,0.163,0.163,0.163,0.0,0.0
10.0,25.0,0.163,0.163,0.163,0.163,0.0,0.0
10.0,24.0,0.163,0.163,0.163,0.163,0.0,0.0
10.0,23.0,0.163,0.163,0.163,0.163,0.0,0.0
10.0,22.0,0.163,0.163,0.163,0.163,0.0,0.0
10.0,19.0,0.163,0.163,0.163,0.163,0.0,0.0
10.0,18.0,0.163,0.163,0.163,0.163,0.0,0.0
10.0,17.0,0.163,0.163,0.163,0.163,0.0,0.0
10.0,16.0,0.163,0.163,0.163,0.163,0.0,0.0
10.0,15.0,0.163,0.163,0.163,0.163,0.0,0.0
10.0,12.0,0.163,0.163,0.163,0.163,3100.0,0.0
10.0,11.0,0.18,0.18,0.18,0.18,0.0,0.0
10.0,10.0,0.18,0.18,0.18,0.18,0.0,0.0
10.0,9.0,0.18,0.18,0.18,0.18,500.0,0.0
10.0,8.0,0.003,0.003,0.003,0.003,0.0,0.0
10.0,4.0,0.003,0.003,0.003,0.003,0.0,0.0
10.0,3.0,0.003,0.003,0.003,0.003,0.0,0.0
10.0,2.0,0.003,0.003,0.003,0.003,0.0,0.0
10.0,1.0,0.003,0.003,0.003,0.003,0.0,0.0
9.0,28.0,0.003,0.003,0.003,0.003,0.0,0.0
9.0,27.0,0.003,0.003,0.003,0.003,0.0,0.0
9.0,26.0,0.003,0.003,0.003,0.003,0.0,0.0
9.0,25.0,0.003,0.003,0.003,0.003,0.0,0.0
9.0,24.0,0.003,0.003,0.003,0.003,0.0,0.0
9.0,21.0,0.003,0.003,0.003,0.003,0.0,0.0
9.0,20.0,0.003,0.003,0.003,0.003,0.0,0.0
9.0,19.0,0.003,0.003,0.003,0.003,0.0,0.0
9.0,18.0,0.003,0.003,0.003,0.003,0.0,0.0
9.0,17.0,0.003,0.003,0.003,0.003,0.0,0.0
9.0,14.0,0.003,0.003,0.003,0.003,0.0,0.0
9.0,13.0,0.003,0.003,0.003,0.003,0.0,0.0
9.0,12.0,0.003,0.003,0.003,0.003,0.0,0.0
9.0,11.0,0.003,0.003,0.003,0.003,0.0,0.0
9.0,10.0,0.003,0.003,0.003,0.003,0.0,0.0
9.0,7.0,0.003,0.003,0.003,0.003,0.0,0.0
9.0,6.0,0.003,0.003,0.003,0.003,0.0,0.0
9.0,5.0,0.003,0.003,0.003,0.003,0.0,0.0
9.0,4.0,0.003,0.003,0.003,0.003,0.0,0.0
9.0,3.0,0.003,0.003,0.003,0.003,0.0,0.0
8.0,31.0,0.003,0.003,0.003,0.003,0.0,0.0
8.0,30.0,0.003,0.003,0.003,0.003,0.0,0.0
8.0,29.0,0.003,0.003,0.003,0.003,0.0,0.0
8.0,28.0,0.003,0.003,0.003,0.003,0.0,0.0
8.0,27.0,0.003,0.003,0.003,0.003,0.0,0.0
8.0,24.0,0.003,0.003,0.003,0.003,0.0,0.0
8.0,23.0,0.003,0.003,0.003,0.003,0.0,0.0
8.0,22.0,0.003,0.003,0.003,0.003,0.0,0.0
8.0,21.0,0.003,0.003,0.003,0.003,0.0,0.0
8.0,20.0,0.003,0.003,0.003,0.003,0.0,0.0
8.0,17.0,0.003,0.003,0.003,0.003,0.0,0.0
8.0,16.0,0.003,0.003,0.003,0.003,0.0,0.0
8.0,15.0,0.003,0.003,0.003,0.003,0.0,0.0
8.0,14.0,0.003,0.003,0.003,0.003,0.0,0.0
8.0,13.0,0.003,0.003,0.003,0.003,0.0,0.0
8.0,10.0,0.003,0.003,0.003,0.003,0.0,0.0
8.0,9.0,0.003,0.003,0.003,0.003,0.0,0.0
8.0,8.0,0.003,0.003,0.003,0.003,0.0,0.0
8.0,7.0,0.003,0.003,0.003,0.003,0.0,0.0
8.0,6.0,0.003,0.003,0.003,0.003,0.0,0.0
8.0,3.0,0.003,0.003,0.003,0.003,0.0,0.0
8.0,2.0,0.003,0.003,0.003,0.003,0.0,0.0
8.0,1.0,0.003,0.003,0.003,0.003,0.0,0.0
7.0,31.0,0.003,0.003,0.003,0.003,0.0,0.0
7.0,30.0,0.003,0.003,0.003,0.003,0.0,0.0
7.0,27.0,0.003,0.003,0.003,0.003,0.0,0.0
7.0,26.0,0.003,0.003,0.003,0.003,0.0,0.0
7.0,25.0,0.003,0.003,0.003,0.003,0.0,0.0
7.0,24.0,0.003,0.003,0.003,0.003,0.0,0.0
7.0,23.0,0.003,0.003,0.003,0.003,0.0,0.0
7.0,20.0,0.003,0.003,0.003,0.003,0.0,0.0
7.0,19.0,0.003,0.003,0.003,0.003,0.0,0.0
7.0,18.0,0.0025,0.003,0.0025,0.003,5000.0,5.0E-4
7.0,17.0,0.01,0.01,0.01,0.01,0.0,0.0
7.0,16.0,0.01,0.01,0.01,0.01,0.0,0.0
7.0,13.0,0.01,0.01,0.01,0.01,0.0,0.0
7.0,12.0,0.01,0.01,0.01,0.01,0.0,0.0
7.0,11.0,0.01,0.01,0.01,0.01,0.0,0.0
7.0,10.0,0.01,0.01,0.01,0.01,0.0,0.0
7.0,9.0,0.01,0.01,0.01,0.01,0.0,0.0
7.0,6.0,0.01,0.01,0.01,0.01,0.0,0.0
7.0,5.0,0.01,0.01,0.01,0.01,0.0,0.0
7.0,4.0,0.01,0.01,0.01,0.01,0.0,0.0
7.0,3.0,0.01,0.01,0.01,0.01,0.0,0.0
7.0,2.0,0.01,0.01,0.01,0.01,0.0,0.0
6.0,29.0,0.01,0.01,0.01,0.01,0.0,0.0
6.0,28.0,0.01,0.01,0.01,0.01,0.0,0.0
6.0,27.0,0.01,0.01,0.01,0.01,0.0,0.0
6.0,26.0,0.01,0.01,0.01,0.01,0.0,0.0
6.0,25.0,0.01,0.01,0.01,0.01,0.0,0.0
6.0,22.0,0.01,0.01,0.01,0.01,0.0,0.0
6.0,21.0,0.01,0.01,0.01,0.01,0.0,0.0
6.0,20.0,0.01,0.01,0.01,0.01,0.0,0.0
6.0,19.0,0.01,0.01,0.01,0.01,0.0,0.0
6.0,18.0,0.01,0.01,0.01,0.01,0.0,0.0
6.0,15.0,0.01,0.01,0.01,0.01,0.0,0.0
6.0,14.0,0.01,0.01,0.01,0.01,0.0,0.0
6.0,13.0,0.01,0.01,0.01,0.01,0.0,0.0
6.0,12.0,0.01,0.01,0.01,0.01,0.0,0.0
6.0,11.0,0.01,0.01,0.01,0.01,0.0,0.0
6.0,8.0,0.01,0.01,0.01,0.01,0.0,0.0
6.0,7.0,0.01,0.01,0.01,0.01,0.0,0.0
6.0,6.0,0.01,0.01,0.01,0.01,0.0,0.0
6.0,5.0,0.01,0.01,0.01,0.01,0.0,0.0
6.0,4.0,0.01,0.01,0.01,0.01,0.0,0.0
6.0,1.0,0.01,0.01,0.01,0.01,0.0,0.0
5.0,31.0,0.01,0.01,0.01,0.01,0.0,0.0
5.0,30.0,0.01,0.01,0.01,0.01,0.0,0.0
5.0,29.0,0.01,0.01,0.01,0.01,0.0,0.0
5.0,28.0,0.01,0.01,0.01,0.01,0.0,0.0
5.0,25.0,0.01,0.01,0.01,0.01,0.0,0.0
5.0,24.0,0.01,0.01,0.01,0.01,0.0,0.0
5.0,23.0,0.01,0.01,0.01,0.01,0.0,0.0
5.0,22.0,0.01,0.01,0.01,0.01,0.0,0.0
5.0,21.0,0.01,0.01,0.01,0.01,0.0,0.0
5.0,18.0,0.01,0.01,0.01,0.01,0.0,0.0
5.0,17.0,0.01,0.01,0.01,0.01,0.0,0.0
5.0,16.0,0.01,0.01,0.01,0.01,0.0,0.0
5.0,15.0,0.01,0.01,0.01,0.01,0.0,0.0
5.0,14.0,0.01,0.01,0.01,0.01,0.0,0.0
5.0,11.0,0.01,0.01,0.01,0.01,0.0,0.0
5.0,10.0,0.01,0.01,0.01,0.01,0.0,0.0
5.0,9.0,0.01,0.01,0.01,0.01,0.0,0.0
5.0,8.0,0.01,0.01,0.01,0.01,2500.0,0.0
5.0,7.0,0.0132,0.0132,0.0132,0.0132,0.0,0.0
5.0,4.0,0.0132,0.0132,0.0132,0.0132,0.0,0.0
5.0,3.0,0.0132,0.0132,0.0132,0.0132,0.0,0.0
5.0,2.0,0.0132,0.0132,0.0132,0.0132,0.0,0.0
5.0,1.0,0.0132,0.0132,0.0132,0.0132,0.0,0.0
4.0,30.0,0.0132,0.0132,0.0132,0.0132,0.0,0.0
4.0,27.0,0.0132,0.0132,0.0132,0.0132,0.0,0.0
4.0,26.0,0.0132,0.0132,0.0132,0.0132,0.0,0.0
4.0,25.0,0.0132,0.0132,0.0132,0.0132,0.0,0.0
4.0,24.0,0.0132,0.0132,0.0132,0.0132,0.0,0.0
4.0,23.0,0.0132,0.0132,0.0132,0.0132,0.0,0.0
4.0,20.0,0.0132,0.0132,0.0132,0.0132,0.0,0.0
4.0,19.0,0.0132,0.0132,0.0132,0.0132,0.0,0.0
4.0,18.0,0.0132,0.0132,0.0132,0.0132,0.0,0.0
4.0,17.0,0.0126,0.0132,0.0126,0.0132,100.0,5.999999999999998E-4
4.0,16.0,0.01,0.01,0.01,0.01,0.0,0.0
4.0,13.0,0.01,0.01,0.01,0.01,0.0,0.0
4.0,12.0,0.01,0.01,0.01,0.01,0.0,0.0
4.0,11.0,0.01,0.01,0.01,0.01,0.0,0.0
4.0,10.0,0.01,0.01,0.01,0.01,0.0,0.0
4.0,9.0,0.01,0.01,0.01,0.01,0.0,0.0
4.0,6.0,0.01,0.01,0.01,0.01,0.0,0.0
4.0,5.0,0.01,0.01,0.01,0.01,800.0,0.0
4.0,4.0,0.0216,0.0216,0.0216,0.0216,0.0,0.0
4.0,3.0,0.024,0.024,0.024,0.024,200.0,0.0
4.0,2.0,0.017,0.017,0.017,0.017,0.0,0.0
3.0,30.0,0.017,0.017,0.017,0.017,0.0,0.0
3.0,29.0,0.017,0.017,0.017,0.017,0.0,0.0
3.0,28.0,0.017,0.017,0.017,0.017,0.0,0.0
3.0,27.0,0.017,0.017,0.017,0.017,0.0,0.0
3.0,26.0,0.017,0.017,0.017,0.017,0.0,0.0
3.0,23.0,0.017,0.017,0.017,0.017,0.0,0.0
3.0,22.0,0.017,0.017,0.017,0.017,0.0,0.0
3.0,21.0,0.017,0.017,0.017,0.017,5000.0,0.0
3.0,20.0,0.026,0.026,0.026,0.026,0.0,0.0
3.0,19.0,0.026,0.026,0.026,0.026,0.0,0.0
3.0,16.0,0.026,0.026,0.026,0.026,0.0,0.0
3.0,15.0,0.026,0.026,0.026,0.026,0.0,0.0
3.0,14.0,0.026,0.026,0.026,0.026,0.0,0.0
3.0,13.0,0.026,0.026,0.026,0.026,0.0,0.0
3.0,12.0,0.026,0.026,0.026,0.026,0.0,0.0
3.0,9.0,0.026,0.026,0.026,0.026,0.0,0.0
3.0,8.0,0.026,0.026,0.026,0.026,0.0,0.0
3.0,7.0,0.026,0.026,0.026,0.026,0.0,0.0
3.0,6.0,0.026,0.026,0.026,0.026,0.0,0.0
3.0,5.0,0.026,0.026,0.026,0.026,0.0,0.0
3.0,2.0,0.026,0.026,0.026,0.026,0.0,0.0
3.0,1.0,0.026,0.026,0.026,0.026,0.0,0.0
2.0,29.0,0.026,0.026,0.026,0.026,0.0,0.0
2.0,28.0,0.026,0.026,0.026,0.026,0.0,0.0
2.0,27.0,0.026,0.026,0.026,0.026,0.0,0.0
2.0,24.0,0.026,0.026,0.026,0.026,3700.0,0.0
2.0,23.0,0.028,0.028,0.028,0.028,0.0,0.0
2.0,22.0,0.028,0.028,0.028,0.028,0.0,0.0
2.0,21.0,0.028,0.028,0.028,0.028,0.0,0.0
2.0,20.0,0.028,0.028,0.028,0.028,0.0,0.0
2.0,17.0,0.028,0.028,0.028,0.028,0.0,0.0
2.0,16.0,0.028,0.028,0.028,0.028,0.0,0.0
2.0,15.0,0.028,0.028,0.028,0.028,0.0,0.0
2.0,14.0,0.028,0.028,0.028,0.028,0.0,0.0
2.0,13.0,0.028,0.028,0.028,0.028,0.0,0.0
2.0,10.0,0.028,0.028,0.028,0.028,0.0,0.0
2.0,9.0,0.028,0.028,0.028,0.028,0.0,0.0
2.0,8.0,0.0147,0.0147,0.0147,0.0147,0.0,0.0
2.0,7.0,0.0147,0.0147,0.0147,0.0147,0.0,0.0
2.0,6.0,0.0147,0.0147,0.0147,0.0147,0.0,0.0
2.0,3.0,0.0147,0.0147,0.0147,0.0147,0.0,0.0
2.0,2.0,0.0147,0.0147,0.0147,0.0147,0.0,0.0
2.0,1.0,0.0147,0.0147,0.0147,0.0147,0.0,0.0
1.0,31.0,0.0147,0.0147,0.0147,0.0147,0.0,0.0
1.0,30.0,0.0147,0.0147,0.0147,0.0147,0.0,0.0
1.0,27.0,0.0147,0.0147,0.0147,0.0147,0.0,0.0
1.0,26.0,0.0147,0.0147,0.0147,0.0147,0.0,0.0
1.0,25.0,0.0147,0.0147,0.0147,0.0147,0.0,0.0
1.0,24.0,0.0147,0.0147,0.0147,0.0147,0.0,0.0
1.0,23.0,0.0147,0.0147,0.0147,0.0147,0.0,0.0
1.0,20.0,0.0147,0.0147,0.0147,0.0147,0.0,0.0
1.0,19.0,0.0147,0.0147,0.0147,0.0147,0.0,0.0
1.0,18.0,0.0147,0.0147,0.0147,0.0147,1200.0,0.0
1.0,17.0,0.0155,0.0155,0.0155,0.0155,0.0,0.0
1.0,16.0,0.0155,0.0155,0.0155,0.0155,0.0,0.0
1.0,13.0,0.0155,0.0155,0.0155,0.0155,0.0,0.0
1.0,12.0,0.0155,0.0155,0.0155,0.0155,0.0,0.0
1.0,11.0,0.0155,0.0155,0.0155,0.0155,0.0,0.0
1.0,10.0,0.0155,0.0155,0.0155,0.0155,0.0,0.0
1.0,9.0,0.0155,0.0155,0.0155,0.0155,0.0,0.0
1.0,6.0,0.0155,0.0155,0.0155,0.0155,0.0,0.0
1.0,5.0,0.0155,0.0155,0.0155,0.0155,0.0,0.0
1.0,4.0,0.0155,0.0155,0.0155,0.0155,0.0,0.0
1.0,3.0,0.0155,0.0155,0.0155,0.0155,0.0,0.0
1.0,2.0,0.0155,0.0155,0.0155,0.0155,0.0,0.0
12.0,30.0,0.0155,0.0155,0.0155,0.0155,0.0,0.0
12.0,29.0,0.0155,0.0155,0.0155,0.0155,0.0,0.0
12.0,28.0,0.0155,0.0155,0.0155,0.0155,0.0,0.0
12.0,27.0,0.017,0.017,0.017,0.017,0.0,0.0
12.0,26.0,0.017,0.017,0.017,0.017,0.0,0.0
12.0,23.0,0.027,0.027,0.017,0.017,200.0,-0.009999999999999998
12.0,22.0,0.017,0.017,0.017,0.017,0.0,0.0
12.0,21.0,0.017,0.017,0.017,0.017,0.0,0.0
12.0,20.0,0.017,0.017,0.017,0.017,0.0,0.0
12.0,19.0,0.017,0.017,0.017,0.017,0.0,0.0
12.0,16.0,0.017,0.017,0.017,0.017,0.0,0.0
12.0,15.0,0.017,0.017,0.017,0.017,0.0,0.0
12.0,14.0,0.017,0.017,0.017,0.017,0.0,0.0
12.0,13.0,0.0294,0.0294,0.0294,0.0294,0.0,0.0
12.0,12.0,0.0294,0.0294,0.0294,0.0294,6200.0,0.0
12.0,9.0,0.0195,0.0195,0.0195,0.0195,1500.0,0.0
12.0,8.0,0.017,0.017,0.017,0.017,0.0,0.0
12.0,7.0,0.02,0.0222,0.017,0.017,2600.0,-0.002999999999999999
12.0,6.0,0.0195,0.0195,0.0195,0.0195,0.0,0.0
12.0,5.0,0.0195,0.0195,0.0195,0.0195,0.0,0.0
12.0,2.0,0.0195,0.0195,0.0195,0.0195,0.0,0.0
12.0,1.0,0.0195,0.0195,0.0195,0.0195,0.0,0.0
11.0,30.0,0.0195,0.0195,0.0195,0.0195,1800.0,0.0
11.0,29.0,0.027,0.027,0.027,0.027,0.0,0.0
11.0,28.0,0.027,0.027,0.027,0.027,0.0,0.0
11.0,25.0,0.027,0.027,0.027,0.027,100.0,0.0
11.0,24.0,0.0342,0.0342,0.0342,0.0342,0.0,0.0
11.0,23.0,0.0342,0.0342,0.0342,0.0342,0.0,0.0
11.0,22.0,0.0342,0.0342,0.0342,0.0342,0.0,0.0
11.0,21.0,0.0342,0.0342,0.0342,0.0342,0.0,0.0
11.0,18.0,0.0342,0.0342,0.0342,0.0342,0.0,0.0
11.0,17.0,0.0342,0.0342,0.0342,0.0342,0.0,0.0
11.0,16.0,0.0342,0.0342,0.0342,0.0342,300.0,0.0
11.0,14.0,0.033,0.033,0.033,0.033,100.0,0.0
11.0,11.0,0.04,0.04,0.04,0.04,0.0,0.0
11.0,2.0,0.038,0.038,0.038,0.038,100.0,0.0
10.0,27.0,0.041,0.041,0.041,0.041,0.0,0.0
10.0,20.0,0.042,0.042,0.04,0.04,100.0,-0.0020000000000000018
10.0,19.0,0.0443,0.0443,0.0443,0.0443,1100.0,0.0
10.0,12.0,0.037,0.037,0.037,0.037,0.0,0.0
10.0,3.0,0.037,0.037,0.037,0.037,2500.0,0.0
9.0,29.0,0.037,0.037,0.037,0.037,0.0,0.0
9.0,22.0,0.0291,0.0291,0.0291,0.0291,0.0,0.0
9.0,21.0,0.032,0.032,0.032,0.032,0.0,0.0
8.0,30.0,0.0276,0.0276,0.0276,0.0276,800.0,0.0
8.0,22.0,0.0303,0.0303,0.0303,0.0303,500.0,0.0
8.0,8.0,0.0253,0.0405,0.0253,0.0405,0.0,0.015200000000000002
7.0,22.0,0.0371,0.0371,0.0371,0.0371,0.0,0.0
7.0,13.0,0.0447,0.0447,0.0447,0.0447,700.0,0.0
7.0,7.0,0.0273,0.0273,0.0273,0.0273,100.0,0.0
7.0,5.0,0.045,0.045,0.026,0.0393,2100.0,-0.005699999999999997
6.0,17.0,0.049,0.049,0.049,0.049,0.0,0.0
6.0,9.0,0.054,0.054,0.054,0.054,0.0,0.0
6.0,1.0,0.054,0.054,0.053,0.053,200.0,-0.0010000000000000009
5.0,31.0,0.055,0.055,0.055,0.055,0.0,0.0
5.0,26.0,0.054,0.054,0.054,0.054,0.0,0.0
5.0,18.0,0.0413,0.0413,0.0413,0.0413,2600.0,0.0
5.0,17.0,0.0419,0.054,0.0409,0.054,300.0,0.0121
5.0,16.0,0.059,0.059,0.059,0.059,0.0,0.0
5.0,9.0,0.0621,0.0621,0.0621,0.0621,100.0,0.0
5.0,5.0,0.065,0.065,0.065,0.065,0.0,0.0
5.0,4.0,0.0677,0.0677,0.0677,0.0677,500.0,0.0
4.0,29.0,0.066,0.066,0.066,0.066,0.0,0.0
4.0,19.0,0.074,0.074,0.071,0.071,400.0,-0.0030000000000000027
4.0,11.0,0.0753,0.076,0.0701,0.0705,3300.0,-0.004800000000000013
4.0,8.0,0.0733,0.0733,0.0733,0.0733,300.0,0.0
4.0,6.0,0.085,0.085,0.085,0.085,0.0,0.0
3.0,31.0,0.0926,0.0926,0.091,0.091,0.0,-0.0016000000000000042
3.0,29.0,0.0821,0.0821,0.0821,0.0821,0.0,0.0
3.0,25.0,0.095,0.095,0.095,0.095,0.0,0.0
3.0,23.0,0.095,0.095,0.09,0.09,0.0,-0.0050000000000000044
3.0,17.0,0.081,0.081,0.081,0.081,0.0,0.0
3.0,16.0,0.0776,0.0776,0.0776,0.0776,100.0,0.0
3.0,15.0,0.089,0.091,0.089,0.089,300.0,0.0
3.0,10.0,0.095,0.095,0.095,0.095,0.0,0.0
3.0,7.0,0.1009,0.1009,0.1009,0.1009,100.0,0.0
3.0,4.0,0.0875,0.0977,0.0875,0.0977,100.0,0.0102
3.0,3.0,0.101,0.101,0.101,0.101,0.0,0.0
2.0,28.0,0.1027,0.1027,0.1027,0.1027,100.0,0.0
2.0,24.0,0.0995,0.0995,0.0995,0.0995,1000.0,0.0
2.0,23.0,0.1059,0.1059,0.1059,0.1059,0.0,0.0
2.0,22.0,0.0913,0.1011,0.0913,0.101,2700.0,0.0097
2.0,3.0,0.104,0.104,0.104,0.104,200.0,0.0
2.0,1.0,0.103,0.109,0.103,0.109,200.0,0.006000000000000005
1.0,31.0,0.112,0.112,0.112,0.112,0.0,0.0
1.0,28.0,0.113,0.113,0.113,0.113,0.0,0.0
1.0,26.0,0.1135,0.1135,0.1135,0.1135,600.0,0.0
1.0,25.0,0.113,0.113,0.113,0.113,0.0,0.0
1.0,21.0,0.119,0.119,0.119,0.119,0.0,0.0
1.0,20.0,0.123,0.123,0.123,0.123,0.0,0.0
1.0,13.0,0.1194,0.1194,0.119,0.119,1600.0,-4.0000000000001146E-4
1.0,12.0,0.1269,0.1269,0.1188,0.1188,1300.0,-0.00810000000000001
1.0,11.0,0.134,0.134,0.134,0.134,0.0,0.0
1.0,10.0,0.1253,0.1308,0.1253,0.1257,400.0,4.0000000000001146E-4
1.0,7.0,0.124,0.124,0.124,0.124,0.0,0.0
1.0,6.0,0.124,0.124,0.124,0.124,0.0,0.0
1.0,5.0,0.1175,0.1175,0.1175,0.1175,2500.0,0.0
1.0,4.0,0.133,0.133,0.128,0.128,0.0,-0.0050000000000000044
12.0,31.0,0.113,0.1157,0.112,0.1157,100.0,0.002699999999999994
12.0,30.0,0.0999,0.102,0.0999,0.102,1000.0,0.0020999999999999908
12.0,29.0,0.1048,0.1151,0.0999,0.0999,2300.0,-0.004900000000000002
12.0,23.0,0.116,0.1187,0.116,0.1187,100.0,0.002699999999999994
12.0,22.0,0.104,0.104,0.104,0.104,100.0,0.0
12.0,20.0,0.0881,0.0963,0.0881,0.0883,2400.0,2.0000000000000573E-4
12.0,13.0,0.0915,0.1,0.0915,0.1,1300.0,0.008500000000000008
12.0,10.0,0.096,0.096,0.0841,0.0841,2500.0,-0.011900000000000008
12.0,9.0,0.101,0.101,0.101,0.101,0.0,0.0
12.0,8.0,0.0965,0.102,0.0965,0.0991,200.0,0.002599999999999991
12.0,2.0,0.0992,0.0992,0.0992,0.0992,400.0,0.0
11.0,30.0,0.105,0.105,0.105,0.105,0.0,0.0
11.0,29.0,0.1125,0.1125,0.1125,0.1125,200.0,0.0
11.0,26.0,0.106,0.106,0.106,0.106,0.0,0.0
11.0,24.0,0.11,0.11,0.11,0.11,0.0,0.0
11.0,23.0,0.111,0.111,0.111,0.111,0.0,0.0
11.0,19.0,0.111,0.111,0.111,0.111,0.0,0.0
11.0,18.0,0.0933,0.116,0.0933,0.116,5500.0,0.022700000000000012
11.0,17.0,0.101,0.101,0.0901,0.1,400.0,-0.0010000000000000009
11.0,12.0,0.1043,0.1043,0.1043,0.1043,0.0,0.0
11.0,11.0,0.0945,0.102,0.0945,0.102,0.0,0.007499999999999993
11.0,5.0,0.09,0.09,0.09,0.09,200.0,0.0
10.0,29.0,0.0832,0.0832,0.0832,0.0832,600.0,0.0
10.0,27.0,0.085,0.085,0.085,0.085,500.0,0.0
10.0,26.0,0.0996,0.0996,0.096,0.096,200.0,-0.003599999999999992
10.0,25.0,0.1032,0.1032,0.1032,0.1032,0.0,0.0
10.0,14.0,0.0846,0.0846,0.0846,0.0846,500.0,0.0
10.0,13.0,0.0916,0.0916,0.0916,0.0916,100.0,0.0
10.0,12.0,0.0891,0.0891,0.0891,0.0891,600.0,0.0
10.0,7.0,0.0989,0.0989,0.0916,0.0916,4100.0,-0.007300000000000001
10.0,6.0,0.0919,0.092,0.0918,0.092,800.0,1.0000000000000286E-4
10.0,5.0,0.102,0.1033,0.102,0.1033,0.0,0.0013000000000000095
9.0,28.0,0.1017,0.1019,0.1001,0.1019,400.0,2.0000000000000573E-4
9.0,24.0,0.0925,0.0925,0.0925,0.0925,500.0,0.0
9.0,17.0,0.0872,0.0872,0.0872,0.0872,500.0,0.0
9.0,13.0,0.0993,0.1,0.0993,0.0995,2500.0,2.0000000000000573E-4
9.0,10.0,0.0948,0.0948,0.0948,0.0948,300.0,0.0
9.0,9.0,0.09,0.09,0.09,0.09,200.0,0.0
9.0,8.0,0.1,0.1,0.1,0.1,500.0,0.0
9.0,7.0,0.1323,0.1323,0.0955,0.103,200.0,-0.029300000000000007
9.0,3.0,0.1323,0.1323,0.116,0.116,0.0,-0.016299999999999995
9.0,2.0,0.106,0.1095,0.106,0.1095,100.0,0.003500000000000003
9.0,1.0,0.1323,0.1323,0.108,0.108,100.0,-0.024300000000000002
8.0,31.0,0.1079,0.1079,0.1079,0.1079,100.0,0.0
8.0,30.0,0.109,0.109,0.109,0.109,0.0,0.0
8.0,26.0,0.107,0.107,0.1,0.1,500.0,-0.006999999999999992
8.0,20.0,0.0999,0.0999,0.0999,0.0999,100.0,0.0
8.0,19.0,0.1113,0.1113,0.1113,0.1113,0.0,0.0
8.0,18.0,0.12,0.12,0.12,0.12,0.0,0.0
8.0,17.0,0.119,0.119,0.119,0.119,0.0,0.0
