9.0,25.0,14.25,14.29,14.07,14.11,626700.0,-0.14000000000000057
9.0,24.0,14.19,14.27,14.04,14.22,518200.0,0.030000000000001137
9.0,23.0,14.22,14.25,14.1,14.24,608500.0,0.019999999999999574
9.0,22.0,13.92,14.19,13.9,14.19,3707600.0,0.2699999999999996
9.0,21.0,14.41,14.59,14.38,14.5,151700.0,0.08999999999999986
9.0,18.0,14.41,14.52,14.34,14.34,233700.0,-0.07000000000000028
9.0,17.0,14.58,14.58,14.4,14.43,196600.0,-0.15000000000000036
9.0,16.0,14.45,14.59,14.45,14.54,115000.0,0.08999999999999986
9.0,15.0,14.5,14.64,14.42,14.47,166100.0,-0.02999999999999936
9.0,14.0,14.54,14.68,14.48,14.51,189600.0,-0.02999999999999936
9.0,11.0,14.72,14.92,14.62,14.88,235900.0,0.16000000000000014
9.0,10.0,14.72,14.79,14.63,14.72,245500.0,0.0
9.0,9.0,14.8,14.81,14.68,14.71,118500.0,-0.08999999999999986
9.0,8.0,14.8,14.85,14.68,14.75,220200.0,-0.05000000000000071
9.0,4.0,14.75,14.79,14.63,14.68,119500.0,-0.07000000000000028
9.0,3.0,14.73,14.85,14.69,14.8,132300.0,0.07000000000000028
9.0,2.0,14.73,14.83,14.67,14.78,263200.0,0.049999999999998934
9.0,1.0,14.66,14.74,14.55,14.64,131200.0,-0.019999999999999574
8.0,31.0,14.85,14.85,14.65,14.8,133800.0,-0.049999999999998934
8.0,28.0,14.83,14.94,14.76,14.83,219800.0,0.0
8.0,27.0,14.86,14.93,14.7,14.86,165000.0,0.0
8.0,26.0,14.7,14.82,14.43,14.75,260700.0,0.05000000000000071
8.0,25.0,14.66,14.7,14.5,14.52,219000.0,-0.14000000000000057
8.0,24.0,14.43,14.72,14.35,14.38,457000.0,-0.049999999999998934
8.0,21.0,14.77,14.87,14.67,14.7,350200.0,-0.07000000000000028
8.0,20.0,14.76,14.85,14.62,14.76,176000.0,0.0
8.0,19.0,14.88,14.92,14.6,14.79,209800.0,-0.09000000000000163
8.0,18.0,14.93,15.03,14.9,14.94,151800.0,0.009999999999999787
8.0,17.0,14.83,14.95,14.82,14.92,189100.0,0.08999999999999986
8.0,14.0,14.88,14.92,14.81,14.87,185100.0,-0.010000000000001563
8.0,13.0,14.76,14.89,14.7,14.89,318200.0,0.13000000000000078
8.0,12.0,14.57,14.75,14.48,14.72,243000.0,0.15000000000000036
8.0,11.0,14.78,14.78,14.42,14.64,161500.0,-0.1399999999999988
8.0,10.0,14.84,14.97,14.55,14.79,272200.0,-0.05000000000000071
8.0,7.0,14.64,14.83,14.59,14.8,179100.0,0.16000000000000014
8.0,6.0,14.5,14.69,14.48,14.64,239000.0,0.14000000000000057
8.0,5.0,14.65,14.72,14.46,14.56,139500.0,-0.08999999999999986
8.0,4.0,14.49,14.62,14.47,14.58,89000.0,0.08999999999999986
8.0,3.0,14.49,14.53,14.36,14.5,125100.0,0.009999999999999787
7.0,31.0,14.39,14.55,14.33,14.51,176300.0,0.11999999999999922
7.0,30.0,14.53,14.63,14.3,14.37,212400.0,-0.16000000000000014
7.0,29.0,14.44,14.57,14.4,14.53,96200.0,0.08999999999999986
7.0,28.0,14.26,14.49,14.26,14.44,138600.0,0.17999999999999972
7.0,27.0,14.34,14.49,14.23,14.27,238500.0,-0.07000000000000028
7.0,24.0,14.49,14.62,14.39,14.41,214700.0,-0.08000000000000007
7.0,23.0,14.56,14.63,14.47,14.49,143200.0,-0.07000000000000028
7.0,22.0,14.9,14.9,14.56,14.59,219600.0,-0.3100000000000005
7.0,21.0,14.72,14.99,14.64,14.94,334800.0,0.21999999999999886
7.0,20.0,14.8,14.84,14.67,14.7,153700.0,-0.10000000000000142
7.0,17.0,14.8,14.83,14.66,14.78,103600.0,-0.02000000000000135
7.0,16.0,14.7,14.83,14.7,14.8,138600.0,0.10000000000000142
7.0,15.0,14.69,14.8,14.6,14.73,149500.0,0.040000000000000924
7.0,14.0,14.62,14.7,14.53,14.67,143000.0,0.05000000000000071
7.0,13.0,14.7,14.74,14.57,14.62,197400.0,-0.08000000000000007
7.0,10.0,14.47,14.72,14.38,14.64,191500.0,0.16999999999999993
7.0,9.0,14.55,14.55,14.34,14.38,241300.0,-0.16999999999999993
7.0,8.0,14.42,14.48,14.3,14.46,124300.0,0.040000000000000924
7.0,7.0,14.46,14.51,14.24,14.49,279300.0,0.02999999999999936
7.0,6.0,14.5,14.5,14.4,14.45,163900.0,-0.05000000000000071
7.0,2.0,14.7,14.73,14.45,14.54,165300.0,-0.16000000000000014
7.0,1.0,14.58,14.7,14.43,14.68,226400.0,0.09999999999999964
6.0,30.0,14.8,14.82,14.49,14.49,395700.0,-0.3100000000000005
6.0,29.0,14.55,14.73,14.49,14.55,346100.0,0.0
6.0,26.0,14.76,14.83,14.66,14.66,167600.0,-0.09999999999999964
6.0,25.0,14.78,14.83,14.68,14.77,181600.0,-0.009999999999999787
6.0,24.0,14.63,14.76,14.63,14.74,191500.0,0.10999999999999943
6.0,23.0,14.76,14.84,14.63,14.68,204700.0,-0.08000000000000007
6.0,22.0,14.71,14.8,14.71,14.79,173300.0,0.0799999999999983
6.0,19.0,14.68,14.83,14.64,14.71,258000.0,0.030000000000001137
6.0,18.0,14.6,14.73,14.6,14.69,148000.0,0.08999999999999986
6.0,17.0,14.6,14.72,14.6,14.63,170000.0,0.030000000000001137
6.0,16.0,14.56,14.63,14.46,14.58,265500.0,0.019999999999999574
6.0,15.0,14.7,14.7,14.52,14.58,249500.0,-0.11999999999999922
6.0,12.0,14.62,14.69,14.49,14.66,327300.0,0.040000000000000924
6.0,11.0,14.91,14.94,14.81,14.84,287000.0,-0.07000000000000028
6.0,10.0,14.95,15.05,14.82,14.85,528000.0,-0.09999999999999964
6.0,9.0,15.0,15.07,14.88,14.96,195000.0,-0.03999999999999915
6.0,8.0,15.04,15.07,14.93,14.98,157200.0,-0.05999999999999872
6.0,5.0,15.06,15.07,14.87,15.03,231000.0,-0.030000000000001137
6.0,4.0,15.07,15.07,14.98,15.0,197700.0,-0.07000000000000028
6.0,3.0,15.03,15.1,15.0,15.07,213100.0,0.040000000000000924
6.0,2.0,15.02,15.13,15.02,15.05,207700.0,0.030000000000001137
6.0,1.0,15.13,15.15,14.98,15.02,243400.0,-0.11000000000000121
5.0,29.0,15.15,15.18,15.07,15.12,194400.0,-0.030000000000001137
5.0,28.0,15.09,15.19,15.04,15.14,236400.0,0.05000000000000071
5.0,27.0,14.97,15.1,14.97,15.07,167000.0,0.09999999999999964
5.0,26.0,15.12,15.12,14.99,15.09,154300.0,-0.02999999999999936
5.0,22.0,15.03,15.08,14.97,15.06,187600.0,0.030000000000001137
5.0,21.0,15.05,15.05,14.96,15.0,244800.0,-0.05000000000000071
5.0,20.0,15.06,15.06,14.99,15.03,186300.0,-0.030000000000001137
5.0,19.0,14.97,15.07,14.91,15.02,276400.0,0.049999999999998934
5.0,18.0,14.89,14.99,14.85,14.96,223600.0,0.07000000000000028
5.0,15.0,14.94,14.94,14.79,14.9,149600.0,-0.03999999999999915
5.0,14.0,14.91,14.92,14.84,14.87,183200.0,-0.040000000000000924
5.0,13.0,14.62,15.0,14.62,14.82,436600.0,0.20000000000000107
5.0,12.0,14.69,14.69,14.55,14.64,214100.0,-0.049999999999998934
5.0,11.0,14.67,14.79,14.65,14.7,244000.0,0.02999999999999936
5.0,8.0,14.75,14.75,14.6,14.63,156200.0,-0.11999999999999922
5.0,7.0,14.62,14.68,14.57,14.65,172200.0,0.030000000000001137
5.0,6.0,14.8,14.9,14.5,14.6,340200.0,-0.20000000000000107
5.0,5.0,14.9,14.9,14.78,14.83,156800.0,-0.07000000000000028
5.0,4.0,14.86,14.9,14.74,14.9,147900.0,0.040000000000000924
5.0,1.0,14.95,14.96,14.75,14.86,139300.0,-0.08999999999999986
4.0,30.0,14.88,14.94,14.78,14.94,200700.0,0.05999999999999872
4.0,29.0,14.88,14.97,14.81,14.82,197000.0,-0.0600000000000005
4.0,28.0,14.88,15.0,14.76,14.95,210200.0,0.06999999999999851
4.0,27.0,14.95,14.99,14.8,14.9,165400.0,-0.049999999999998934
4.0,24.0,15.0,15.0,14.83,14.93,171800.0,-0.07000000000000028
4.0,23.0,15.0,15.05,14.93,14.96,294400.0,-0.03999999999999915
4.0,22.0,14.77,15.0,14.72,15.0,286500.0,0.23000000000000043
4.0,21.0,14.9,14.9,14.74,14.77,156700.0,-0.13000000000000078
4.0,20.0,14.81,14.9,14.75,14.9,154600.0,0.08999999999999986
4.0,17.0,14.77,14.82,14.67,14.7,224300.0,-0.07000000000000028
4.0,16.0,14.76,14.84,14.62,14.83,291900.0,0.07000000000000028
4.0,15.0,14.87,14.87,14.74,14.76,220500.0,-0.10999999999999943
4.0,14.0,14.72,14.86,14.72,14.86,248500.0,0.1399999999999988
4.0,13.0,14.75,14.88,14.74,14.8,199200.0,0.05000000000000071
4.0,10.0,14.71,14.83,14.67,14.8,215700.0,0.08999999999999986
4.0,9.0,14.64,14.77,14.62,14.76,173100.0,0.11999999999999922
4.0,8.0,14.66,14.72,14.63,14.64,213500.0,-0.019999999999999574
4.0,7.0,14.67,14.74,14.65,14.72,221000.0,0.05000000000000071
4.0,6.0,14.68,14.74,14.62,14.68,172900.0,0.0
4.0,2.0,14.53,14.77,14.52,14.74,208400.0,0.21000000000000085
4.0,1.0,14.6,14.66,14.45,14.53,300300.0,-0.07000000000000028
3.0,31.0,14.61,14.73,14.6,14.6,377200.0,-0.009999999999999787
3.0,30.0,14.61,14.76,14.61,14.68,265300.0,0.07000000000000028
3.0,27.0,14.75,14.75,14.55,14.59,285000.0,-0.16000000000000014
3.0,26.0,14.68,14.77,14.63,14.67,315100.0,-0.009999999999999787
3.0,25.0,14.75,14.75,14.6,14.66,231000.0,-0.08999999999999986
3.0,24.0,14.63,14.84,14.6,14.71,318500.0,0.08000000000000007
3.0,23.0,14.71,14.72,14.57,14.61,282300.0,-0.10000000000000142
3.0,20.0,14.6,14.74,14.58,14.68,479800.0,0.08000000000000007
3.0,19.0,14.39,14.53,14.25,14.48,334000.0,0.08999999999999986
3.0,18.0,14.58,14.64,14.35,14.4,315800.0,-0.17999999999999972
3.0,17.0,14.42,14.6,14.41,14.53,419700.0,0.10999999999999943
3.0,16.0,14.35,14.46,14.3,14.39,330300.0,0.040000000000000924
3.0,13.0,14.2,14.33,14.17,14.3,369100.0,0.10000000000000142
3.0,12.0,14.7,14.74,14.55,14.55,314600.0,-0.14999999999999858
3.0,11.0,14.5,14.73,14.47,14.69,366300.0,0.1899999999999995
3.0,10.0,14.35,14.58,14.35,14.47,272900.0,0.120000000000001
3.0,9.0,14.61,14.65,14.37,14.4,322900.0,-0.20999999999999908
3.0,6.0,14.5,14.58,14.44,14.57,281900.0,0.07000000000000028
3.0,5.0,14.58,14.63,14.47,14.47,322800.0,-0.10999999999999943
3.0,4.0,14.64,14.65,14.46,14.53,419700.0,-0.11000000000000121
3.0,3.0,14.93,14.95,14.36,14.58,852400.0,-0.34999999999999964
3.0,2.0,14.98,14.99,14.76,14.88,304900.0,-0.09999999999999964
2.0,27.0,14.94,15.07,14.81,14.89,429100.0,-0.049999999999998934
2.0,26.0,14.9,15.05,14.89,14.9,433300.0,0.0
2.0,25.0,15.08,15.15,14.87,14.88,484200.0,-0.1999999999999993
2.0,24.0,14.87,15.09,14.87,15.06,290700.0,0.19000000000000128
2.0,23.0,14.89,14.99,14.85,14.95,274900.0,0.05999999999999872
2.0,20.0,14.91,14.99,14.87,14.97,241500.0,0.0600000000000005
2.0,19.0,14.91,14.94,14.81,14.91,229100.0,0.0
2.0,18.0,14.9,14.97,14.84,14.92,202500.0,0.019999999999999574
2.0,17.0,14.76,14.96,14.76,14.9,307200.0,0.14000000000000057
2.0,13.0,14.85,14.88,14.76,14.83,197400.0,-0.019999999999999574
2.0,12.0,14.65,14.87,14.61,14.82,194600.0,0.16999999999999993
2.0,11.0,14.71,14.73,14.56,14.61,195100.0,-0.10000000000000142
2.0,10.0,14.74,14.8,14.65,14.69,192300.0,-0.05000000000000071
2.0,9.0,14.83,14.89,14.7,14.71,281400.0,-0.11999999999999922
2.0,6.0,14.9,14.9,14.76,14.85,211900.0,-0.05000000000000071
2.0,5.0,14.68,14.95,14.65,14.87,237200.0,0.1899999999999995
2.0,4.0,14.83,14.83,14.5,14.63,211100.0,-0.1999999999999993
2.0,3.0,14.54,14.82,14.54,14.82,325500.0,0.28000000000000114
2.0,2.0,14.5,14.55,14.38,14.48,339100.0,-0.019999999999999574
1.0,30.0,14.55,14.66,14.41,14.5,279000.0,-0.05000000000000071
1.0,29.0,14.4,14.62,14.35,14.61,337100.0,0.20999999999999908
1.0,28.0,14.54,14.54,14.42,14.43,207200.0,-0.10999999999999943
1.0,27.0,14.42,14.53,14.4,14.52,242100.0,0.09999999999999964
1.0,26.0,14.62,14.63,14.45,14.53,442400.0,-0.08999999999999986
1.0,23.0,14.75,14.82,14.54,14.62,340800.0,-0.13000000000000078
1.0,22.0,14.55,14.83,14.45,14.73,451600.0,0.17999999999999972
1.0,21.0,14.45,14.55,14.4,14.55,232500.0,0.10000000000000142
1.0,20.0,14.52,14.61,14.36,14.43,378700.0,-0.08999999999999986
1.0,16.0,14.36,14.67,14.24,14.52,579200.0,0.16000000000000014
1.0,15.0,14.61,14.7,14.48,14.51,332100.0,-0.09999999999999964
1.0,14.0,14.55,14.73,14.55,14.62,237000.0,0.06999999999999851
1.0,13.0,14.81,14.88,14.59,14.69,210900.0,-0.120000000000001
1.0,12.0,14.72,14.75,14.66,14.75,162300.0,0.02999999999999936
1.0,9.0,14.77,14.82,14.69,14.75,166400.0,-0.019999999999999574
1.0,8.0,14.76,14.87,14.7,14.83,281700.0,0.07000000000000028
1.0,7.0,14.62,14.8,14.62,14.69,262500.0,0.07000000000000028
1.0,6.0,14.83,14.91,14.55,14.55,216000.0,-0.27999999999999936
1.0,5.0,14.77,14.98,14.76,14.87,285100.0,0.09999999999999964
1.0,2.0,14.91,14.95,14.72,14.88,252700.0,-0.02999999999999936
12.0,31.0,14.95,14.95,14.8,14.94,389300.0,-0.009999999999999787
12.0,30.0,14.93,14.94,14.78,14.93,335000.0,0.0
12.0,29.0,14.88,14.98,14.86,14.93,207400.0,0.049999999999998934
12.0,26.0,14.89,15.0,14.83,14.94,180600.0,0.049999999999998934
12.0,24.0,14.93,14.93,14.82,14.85,190200.0,-0.08000000000000007
12.0,23.0,14.8,15.0,14.69,14.91,336400.0,0.10999999999999943
12.0,22.0,14.72,14.8,14.65,14.78,264500.0,0.05999999999999872
12.0,19.0,14.98,14.98,14.69,14.72,368600.0,-0.2599999999999998
12.0,18.0,14.38,14.99,14.38,14.97,818400.0,0.5899999999999999
12.0,17.0,14.11,14.35,14.01,14.25,468800.0,0.14000000000000057
12.0,16.0,14.22,14.35,14.13,14.14,567200.0,-0.08000000000000007
12.0,15.0,14.27,14.58,14.26,14.28,589200.0,0.009999999999999787
12.0,12.0,14.25,14.3,14.01,14.21,755400.0,-0.03999999999999915
12.0,11.0,14.8,14.84,14.57,14.57,367400.0,-0.23000000000000043
12.0,10.0,14.85,14.95,14.75,14.75,627400.0,-0.09999999999999964
12.0,9.0,14.7,14.92,14.55,14.87,377400.0,0.16999999999999993
12.0,8.0,15.06,15.06,14.67,14.76,469000.0,-0.3000000000000007
12.0,5.0,15.07,15.12,14.98,15.03,532500.0,-0.040000000000000924
12.0,4.0,15.07,15.09,15.0,15.05,260500.0,-0.019999999999999574
12.0,3.0,14.98,15.05,14.88,15.05,249700.0,0.07000000000000028
12.0,2.0,14.9,15.1,14.86,15.0,380100.0,0.09999999999999964
12.0,1.0,15.02,15.09,14.83,14.91,593100.0,-0.10999999999999943
11.0,28.0,15.04,15.09,14.98,15.09,214100.0,0.05000000000000071
11.0,26.0,15.0,15.05,14.94,15.02,245700.0,0.019999999999999574
11.0,25.0,14.93,15.02,14.91,14.99,269900.0,0.0600000000000005
11.0,24.0,14.95,14.99,14.87,14.98,255400.0,0.030000000000001137
11.0,21.0,15.01,15.05,14.91,14.92,237400.0,-0.08999999999999986
11.0,20.0,14.92,14.96,14.9,14.93,253300.0,0.009999999999999787
11.0,19.0,15.09,15.09,14.92,14.92,293100.0,-0.16999999999999993
11.0,18.0,14.95,15.09,14.92,15.07,340300.0,0.120000000000001
11.0,17.0,14.91,14.96,14.85,14.94,306300.0,0.02999999999999936
11.0,14.0,15.0,15.0,14.9,14.94,336400.0,-0.0600000000000005
11.0,13.0,14.92,15.02,14.85,14.98,522600.0,0.0600000000000005
11.0,12.0,14.78,14.97,14.77,14.89,605300.0,0.11000000000000121
11.0,11.0,14.68,14.78,14.63,14.74,449200.0,0.0600000000000005
11.0,10.0,14.65,14.75,14.61,14.68,296500.0,0.02999999999999936
11.0,7.0,14.59,14.66,14.53,14.65,344000.0,0.0600000000000005
11.0,6.0,14.59,14.74,14.41,14.51,575300.0,-0.08000000000000007
11.0,5.0,14.7,14.73,14.64,14.65,254400.0,-0.049999999999998934
11.0,4.0,14.7,14.72,14.6,14.66,400500.0,-0.03999999999999915
11.0,3.0,14.7,14.77,14.61,14.72,423900.0,0.02000000000000135
10.0,31.0,14.66,14.7,14.57,14.68,365900.0,0.019999999999999574
10.0,30.0,14.54,14.64,14.44,14.57,691700.0,0.030000000000001137
10.0,29.0,14.53,14.58,14.48,14.56,504000.0,0.030000000000001137
10.0,28.0,14.5,14.53,14.4,14.53,561900.0,0.02999999999999936
10.0,27.0,14.43,14.52,14.37,14.48,664500.0,0.05000000000000071
10.0,24.0,14.36,14.5,14.36,14.45,653500.0,0.08999999999999986
10.0,23.0,14.35,14.5,14.3,14.35,4561500.0,0.0
10.0,22.0,14.85,14.97,14.8,14.9,329200.0,0.05000000000000071
10.0,21.0,14.82,14.88,14.72,14.85,264600.0,0.02999999999999936
10.0,20.0,14.67,14.76,14.64,14.76,169700.0,0.08999999999999986
10.0,17.0,14.61,14.84,14.61,14.66,255000.0,0.05000000000000071
10.0,16.0,14.2,14.63,14.07,14.52,381800.0,0.3200000000000003
10.0,15.0,14.25,14.38,13.93,14.31,498000.0,0.0600000000000005
10.0,14.0,14.44,14.51,14.25,14.33,381500.0,-0.10999999999999943
10.0,13.0,14.36,14.57,14.31,14.34,375700.0,-0.019999999999999574
10.0,10.0,14.6,14.65,14.32,14.36,404400.0,-0.2400000000000002
10.0,9.0,14.78,14.8,14.58,14.59,382500.0,-0.1899999999999995
10.0,8.0,14.88,14.88,14.62,14.81,278500.0,-0.07000000000000028
10.0,7.0,14.78,14.89,14.72,14.83,325200.0,0.05000000000000071
10.0,6.0,14.83,14.89,14.75,14.83,262100.0,0.0
10.0,3.0,14.8,14.82,14.67,14.78,279100.0,-0.02000000000000135
10.0,2.0,14.78,14.88,14.53,14.71,398800.0,-0.06999999999999851
10.0,1.0,14.75,14.81,14.54,14.8,485900.0,0.05000000000000071
9.0,30.0,14.82,15.01,14.69,14.69,664100.0,-0.13000000000000078
9.0,29.0,14.71,14.73,14.61,14.73,512800.0,0.019999999999999574
9.0,26.0,14.65,14.75,14.61,14.75,260900.0,0.09999999999999964
9.0,25.0,14.79,14.8,14.62,14.66,323400.0,-0.129999999999999
9.0,24.0,14.72,14.8,14.69,14.79,280000.0,0.06999999999999851
9.0,23.0,14.56,14.74,14.56,14.67,362500.0,0.10999999999999943
9.0,22.0,14.71,14.72,14.57,14.6,271100.0,-0.11000000000000121
9.0,19.0,14.9,14.9,14.67,14.75,406100.0,-0.15000000000000036
9.0,18.0,14.97,14.98,14.81,14.81,226500.0,-0.16000000000000014
9.0,17.0,14.83,14.98,14.76,14.89,385800.0,0.0600000000000005
9.0,16.0,14.76,14.88,14.76,14.82,283300.0,0.0600000000000005
9.0,15.0,14.95,14.96,14.76,14.78,282100.0,-0.16999999999999993
9.0,12.0,15.02,15.1,14.92,14.93,439800.0,-0.08999999999999986
9.0,11.0,15.32,15.38,15.28,15.34,327600.0,0.019999999999999574
9.0,10.0,15.29,15.42,15.27,15.32,254500.0,0.030000000000001137
9.0,9.0,15.36,15.44,15.26,15.27,302000.0,-0.08999999999999986
9.0,8.0,15.4,15.41,15.3,15.35,253100.0,-0.05000000000000071
9.0,5.0,15.37,15.39,15.27,15.37,353800.0,0.0
9.0,4.0,15.44,15.5,15.29,15.36,465200.0,-0.08000000000000007
9.0,3.0,15.39,15.41,15.24,15.33,337800.0,-0.0600000000000005
9.0,2.0,15.48,15.48,15.24,15.31,551300.0,-0.16999999999999993
8.0,29.0,15.25,15.39,15.21,15.39,345800.0,0.14000000000000057
8.0,28.0,15.19,15.28,15.16,15.21,265500.0,0.02000000000000135
8.0,27.0,15.33,15.33,15.18,15.24,309500.0,-0.08999999999999986
8.0,26.0,15.27,15.32,15.19,15.26,364700.0,-0.009999999999999787
8.0,25.0,15.19,15.32,15.18,15.26,491700.0,0.07000000000000028
8.0,22.0,15.05,15.16,15.05,15.12,226700.0,0.06999999999999851
8.0,21.0,15.12,15.14,15.04,15.08,267400.0,-0.03999999999999915
8.0,20.0,15.07,15.15,15.06,15.12,291200.0,0.049999999999998934
8.0,19.0,15.22,15.22,15.05,15.08,307700.0,-0.14000000000000057
8.0,18.0,15.13,15.2,15.06,15.16,422800.0,0.02999999999999936
8.0,15.0,15.27,15.27,15.1,15.2,477100.0,-0.07000000000000028
8.0,14.0,15.22,15.24,15.11,15.19,501600.0,-0.030000000000001137
8.0,13.0,15.0,15.27,14.98,15.17,837100.0,0.16999999999999993
8.0,12.0,15.12,15.12,14.97,15.0,410400.0,-0.11999999999999922
8.0,11.0,15.07,15.12,14.98,15.09,500800.0,0.019999999999999574
8.0,8.0,14.86,15.06,14.85,15.05,548700.0,0.19000000000000128
8.0,7.0,14.74,14.87,14.74,14.87,544200.0,0.129999999999999
8.0,6.0,14.64,14.77,14.6,14.64,278600.0,0.0
8.0,5.0,14.78,14.78,14.61,14.62,280900.0,-0.16000000000000014
8.0,4.0,14.75,14.84,14.73,14.78,374900.0,0.02999999999999936
8.0,1.0,14.46,14.78,14.46,14.68,654400.0,0.21999999999999886
7.0,31.0,14.73,14.76,14.46,14.48,539600.0,-0.25
7.0,30.0,14.8,14.89,14.75,14.75,276600.0,-0.05000000000000071
7.0,29.0,14.82,14.91,14.77,14.79,260000.0,-0.030000000000001137
7.0,28.0,14.91,14.91,14.77,14.82,184000.0,-0.08999999999999986
7.0,25.0,14.82,14.91,14.77,14.86,236400.0,0.03999999999999915
7.0,24.0,14.79,14.87,14.76,14.8,218100.0,0.010000000000001563
7.0,23.0,14.75,14.79,14.7,14.76,170800.0,0.009999999999999787
7.0,22.0,14.75,14.85,14.7,14.7,276500.0,-0.05000000000000071
7.0,21.0,14.77,14.85,14.72,14.74,359600.0,-0.02999999999999936
7.0,18.0,14.7,14.84,14.67,14.73,392500.0,0.030000000000001137
7.0,17.0,14.85,14.89,14.65,14.67,381800.0,-0.17999999999999972
7.0,16.0,14.89,14.93,14.8,14.85,340200.0,-0.040000000000000924
7.0,15.0,14.81,14.9,14.8,14.88,285600.0,0.07000000000000028
7.0,14.0,14.92,14.94,14.85,14.85,346100.0,-0.07000000000000028
7.0,11.0,14.84,14.89,14.75,14.87,331300.0,0.02999999999999936
7.0,10.0,14.85,14.85,14.73,14.8,349000.0,-0.049999999999998934
7.0,9.0,14.74,14.93,14.74,14.88,477100.0,0.14000000000000057
7.0,8.0,14.8,14.85,14.7,14.74,438500.0,-0.0600000000000005
7.0,7.0,14.91,14.92,14.77,14.8,562500.0,-0.10999999999999943
7.0,3.0,14.99,15.0,14.86,14.89,215700.0,-0.09999999999999964
7.0,2.0,14.92,15.03,14.83,14.93,619500.0,0.009999999999999787
7.0,1.0,14.91,15.0,14.87,14.92,711300.0,0.009999999999999787
6.0,30.0,14.88,14.9,14.75,14.86,879000.0,-0.02000000000000135
6.0,27.0,14.6,14.9,14.59,14.89,5852500.0,0.2900000000000009
6.0,26.0,14.41,14.68,14.41,14.58,905200.0,0.16999999999999993
6.0,25.0,14.34,14.46,14.32,14.45,547300.0,0.10999999999999943
6.0,24.0,14.37,14.44,14.32,14.34,527100.0,-0.02999999999999936
6.0,23.0,14.36,14.42,14.32,14.37,447000.0,0.009999999999999787
6.0,20.0,14.41,14.43,14.32,14.37,692400.0,-0.040000000000000924
6.0,19.0,14.45,14.45,14.32,14.4,361800.0,-0.049999999999998934
6.0,18.0,14.41,14.49,14.32,14.4,493900.0,-0.009999999999999787
6.0,17.0,14.38,14.49,14.34,14.37,795700.0,-0.010000000000001563
6.0,16.0,14.32,14.39,14.3,14.36,541900.0,0.03999999999999915
6.0,13.0,14.4,14.44,14.3,14.32,494900.0,-0.08000000000000007
6.0,12.0,14.29,14.53,14.2,14.36,1111400.0,0.07000000000000028
6.0,11.0,14.4,14.53,14.31,14.46,1012100.0,0.0600000000000005
6.0,10.0,14.45,14.46,14.35,14.4,321900.0,-0.049999999999998934
6.0,9.0,14.39,14.48,14.29,14.44,406100.0,0.049999999999998934
6.0,6.0,14.29,14.43,14.25,14.35,331200.0,0.0600000000000005
6.0,5.0,14.21,14.28,14.11,14.26,455400.0,0.049999999999998934
6.0,4.0,14.28,14.28,14.1,14.19,396600.0,-0.08999999999999986
6.0,3.0,14.16,14.25,14.1,14.24,345200.0,0.08000000000000007
6.0,2.0,14.29,14.29,14.15,14.17,351400.0,-0.11999999999999922
5.0,30.0,14.33,14.35,14.14,14.22,828900.0,-0.10999999999999943
5.0,29.0,14.27,14.45,14.22,14.28,664200.0,0.009999999999999787
5.0,28.0,14.38,14.45,14.14,14.16,628800.0,-0.22000000000000064
5.0,27.0,14.45,14.56,14.31,14.43,408700.0,-0.019999999999999574
5.0,23.0,14.19,14.4,14.15,14.39,412000.0,0.20000000000000107
5.0,22.0,14.18,14.27,14.13,14.19,442300.0,0.009999999999999787
5.0,21.0,14.18,14.2,14.09,14.17,345800.0,-0.009999999999999787
5.0,20.0,14.25,14.26,14.05,14.12,399800.0,-0.13000000000000078
5.0,19.0,14.15,14.28,14.11,14.24,321800.0,0.08999999999999986
5.0,16.0,14.08,14.17,14.0,14.16,491000.0,0.08000000000000007
5.0,15.0,14.02,14.08,13.95,14.08,529500.0,0.0600000000000005
5.0,14.0,14.21,14.21,14.0,14.08,483000.0,-0.13000000000000078
5.0,13.0,14.16,14.28,14.07,14.22,593300.0,0.0600000000000005
5.0,12.0,13.95,14.32,13.93,14.21,720000.0,0.26000000000000156
5.0,9.0,13.94,14.04,13.86,13.91,739300.0,-0.02999999999999936
5.0,8.0,14.16,14.4,13.87,13.94,669900.0,-0.22000000000000064
5.0,7.0,14.21,14.28,14.05,14.12,640500.0,-0.09000000000000163
5.0,6.0,14.21,14.29,14.2,14.2,396500.0,-0.010000000000001563
5.0,5.0,14.24,14.33,14.18,14.28,259700.0,0.03999999999999915
5.0,2.0,14.24,14.39,14.18,14.25,313900.0,0.009999999999999787
5.0,1.0,14.33,14.34,14.18,14.24,421400.0,-0.08999999999999986
4.0,30.0,14.23,14.34,14.22,14.31,536800.0,0.08000000000000007
4.0,29.0,14.31,14.4,14.23,14.25,516300.0,-0.0600000000000005
4.0,28.0,14.59,14.59,14.23,14.25,566100.0,-0.33999999999999986
4.0,25.0,14.6,14.6,14.47,14.59,505900.0,-0.009999999999999787
4.0,24.0,14.59,14.6,14.46,14.56,372900.0,-0.02999999999999936
4.0,23.0,14.53,14.61,14.45,14.55,429400.0,0.02000000000000135
4.0,22.0,14.42,14.58,14.36,14.53,453000.0,0.10999999999999943
4.0,21.0,14.36,14.48,14.25,14.4,418800.0,0.040000000000000924
4.0,17.0,14.31,14.44,14.25,14.37,433100.0,0.05999999999999872
4.0,16.0,14.26,14.35,14.21,14.35,459800.0,0.08999999999999986
4.0,15.0,14.23,14.28,14.16,14.19,415800.0,-0.040000000000000924
4.0,14.0,14.24,14.3,14.17,14.25,479100.0,0.009999999999999787
4.0,11.0,14.18,14.26,14.12,14.16,556000.0,-0.019999999999999574
4.0,10.0,14.21,14.3,14.2,14.21,4073700.0,0.0
4.0,9.0,14.52,14.61,14.43,14.57,287600.0,0.05000000000000071
4.0,8.0,14.46,14.66,14.45,14.49,402500.0,0.02999999999999936
4.0,7.0,14.48,14.49,14.36,14.41,493000.0,-0.07000000000000028
4.0,4.0,14.53,14.63,14.46,14.52,354900.0,-0.009999999999999787
4.0,3.0,14.68,14.68,14.42,14.51,242700.0,-0.16999999999999993
4.0,2.0,14.52,14.66,14.49,14.61,257100.0,0.08999999999999986
4.0,1.0,14.59,14.6,14.46,14.53,258900.0,-0.0600000000000005
3.0,31.0,14.58,14.59,14.43,14.55,379600.0,-0.02999999999999936
3.0,28.0,14.44,14.6,14.41,14.46,264800.0,0.02000000000000135
3.0,27.0,14.5,14.64,14.41,14.47,320000.0,-0.02999999999999936
3.0,26.0,14.78,14.78,14.52,14.52,294500.0,-0.2599999999999998
3.0,25.0,14.73,14.75,14.65,14.7,176200.0,-0.030000000000001137
3.0,24.0,14.8,14.82,14.66,14.72,269900.0,-0.08000000000000007
3.0,21.0,14.76,14.83,14.57,14.82,889300.0,0.0600000000000005
3.0,20.0,14.6,14.7,14.51,14.68,239500.0,0.08000000000000007
3.0,19.0,14.62,14.65,14.58,14.61,336700.0,-0.009999999999999787
3.0,18.0,14.78,14.84,14.62,14.66,312900.0,-0.11999999999999922
3.0,17.0,14.79,14.96,14.73,14.81,398300.0,0.02000000000000135
3.0,14.0,14.61,14.84,14.6,14.79,390700.0,0.17999999999999972
3.0,13.0,14.55,14.75,14.55,14.63,454400.0,0.08000000000000007
3.0,12.0,14.81,14.99,14.81,14.88,361500.0,0.07000000000000028
3.0,11.0,14.96,15.05,14.83,14.84,368800.0,-0.120000000000001
3.0,10.0,14.76,14.88,14.7,14.85,290100.0,0.08999999999999986
3.0,7.0,14.82,14.92,14.65,14.73,301400.0,-0.08999999999999986
3.0,6.0,14.74,14.88,14.7,14.77,315200.0,0.02999999999999936
3.0,5.0,14.79,14.86,14.7,14.74,292400.0,-0.049999999999998934
3.0,4.0,15.02,15.11,14.79,14.79,558900.0,-0.23000000000000043
3.0,3.0,14.96,15.29,14.85,15.1,173800.0,0.1399999999999988
2.0,28.0,14.92,15.1,14.89,15.02,423100.0,0.09999999999999964
2.0,27.0,14.99,15.21,14.85,14.92,570700.0,-0.07000000000000028
2.0,26.0,14.92,15.06,14.86,14.97,204900.0,0.05000000000000071
2.0,25.0,15.19,15.19,14.87,14.89,241000.0,-0.29999999999999893
2.0,24.0,15.12,15.31,15.1,15.19,279700.0,0.07000000000000028
2.0,21.0,15.0,15.16,15.0,15.14,225000.0,0.14000000000000057
2.0,20.0,14.9,15.01,14.84,14.95,161700.0,0.049999999999998934
2.0,19.0,15.12,15.15,14.84,14.87,280900.0,-0.25
2.0,18.0,15.06,15.2,15.0,15.12,217600.0,0.05999999999999872
2.0,14.0,15.01,15.11,14.9,15.01,164700.0,0.0
2.0,13.0,14.8,15.0,14.68,14.98,165700.0,0.17999999999999972
2.0,12.0,14.79,14.92,14.76,14.83,171500.0,0.040000000000000924
2.0,11.0,14.72,14.79,14.65,14.74,206000.0,0.019999999999999574
2.0,10.0,14.73,14.75,14.65,14.69,236200.0,-0.040000000000000924
2.0,7.0,14.7,14.74,14.62,14.7,273800.0,0.0
2.0,6.0,14.6,14.75,14.6,14.67,284000.0,0.07000000000000028
2.0,5.0,14.57,14.7,14.56,14.59,260900.0,0.019999999999999574
2.0,4.0,14.71,14.75,14.63,14.63,342900.0,-0.08000000000000007
2.0,3.0,14.78,14.84,14.7,14.7,442400.0,-0.08000000000000007
1.0,31.0,14.65,14.86,14.64,14.78,407600.0,0.129999999999999
1.0,30.0,14.71,14.86,14.71,14.77,418000.0,0.05999999999999872
1.0,29.0,14.54,14.79,14.5,14.7,2098400.0,0.16000000000000014
1.0,28.0,14.84,15.05,14.79,15.01,324400.0,0.16999999999999993
1.0,27.0,15.04,15.08,14.75,14.87,276800.0,-0.16999999999999993
1.0,24.0,14.99,15.03,14.75,14.93,308100.0,-0.0600000000000005
1.0,23.0,15.15,15.2,15.0,15.02,364700.0,-0.13000000000000078
1.0,22.0,15.17,15.25,15.06,15.13,357400.0,-0.03999999999999915
1.0,21.0,15.08,15.24,15.03,15.1,419200.0,0.019999999999999574
1.0,17.0,15.0,15.04,14.9,15.01,209500.0,0.009999999999999787
1.0,16.0,14.95,15.01,14.83,14.97,215600.0,0.02000000000000135
1.0,15.0,14.9,15.06,14.85,15.01,240500.0,0.10999999999999943
1.0,14.0,14.9,14.92,14.76,14.87,297100.0,-0.030000000000001137
1.0,13.0,14.82,14.95,14.75,14.82,215700.0,0.0
1.0,10.0,14.88,14.88,14.76,14.87,320400.0,-0.010000000000001563
1.0,9.0,14.88,14.95,14.79,14.91,224500.0,0.02999999999999936
1.0,8.0,14.98,15.0,14.8,14.89,214700.0,-0.08999999999999986
1.0,7.0,14.98,15.09,14.92,15.0,332600.0,0.019999999999999574
1.0,6.0,14.96,15.05,14.88,14.97,378200.0,0.009999999999999787
1.0,3.0,14.95,15.04,14.83,14.93,259500.0,-0.019999999999999574
1.0,2.0,14.99,15.08,14.89,14.97,244500.0,-0.019999999999999574
12.0,31.0,15.05,15.13,14.96,15.04,312700.0,-0.010000000000001563
12.0,30.0,15.0,15.08,14.82,14.89,168800.0,-0.10999999999999943
12.0,27.0,15.04,15.04,14.85,14.96,162800.0,-0.0799999999999983
12.0,26.0,15.19,15.24,14.96,14.97,199000.0,-0.21999999999999886
12.0,24.0,15.08,15.23,15.08,15.19,114400.0,0.10999999999999943
12.0,23.0,14.99,15.16,14.91,15.12,340700.0,0.129999999999999
12.0,20.0,14.83,14.93,14.8,14.93,565100.0,0.09999999999999964
12.0,19.0,14.91,14.96,14.78,14.78,219500.0,-0.13000000000000078
12.0,18.0,14.92,15.01,14.82,14.93,418200.0,0.009999999999999787
12.0,17.0,14.8,14.94,14.76,14.89,506200.0,0.08999999999999986
12.0,16.0,14.73,14.83,14.63,14.8,315500.0,0.07000000000000028
12.0,13.0,14.56,14.82,14.5,14.63,334900.0,0.07000000000000028
12.0,12.0,15.03,15.1,14.88,14.89,483100.0,-0.1399999999999988
12.0,11.0,15.0,15.1,14.96,15.0,453700.0,0.0
12.0,10.0,14.94,15.05,14.86,14.98,414700.0,0.040000000000000924
12.0,9.0,15.0,15.0,14.83,14.95,247800.0,-0.05000000000000071
12.0,6.0,14.73,14.99,14.71,14.98,305900.0,0.25
12.0,5.0,14.73,14.88,14.67,14.75,268300.0,0.019999999999999574
12.0,4.0,14.7,14.75,14.58,14.69,309700.0,-0.009999999999999787
12.0,3.0,14.81,14.91,14.6,14.71,315300.0,-0.09999999999999964
12.0,2.0,15.04,15.06,14.75,14.78,394100.0,-0.2599999999999998
11.0,29.0,15.0,15.09,14.96,15.07,147200.0,0.07000000000000028
11.0,27.0,14.94,15.0,14.87,14.97,207100.0,0.030000000000001137
11.0,26.0,14.9,14.98,14.86,14.91,248400.0,0.009999999999999787
11.0,25.0,14.87,14.89,14.75,14.89,431200.0,0.02000000000000135
11.0,22.0,14.7,14.87,14.6,14.87,443800.0,0.16999999999999993
11.0,21.0,14.6,14.71,14.55,14.65,333100.0,0.05000000000000071
11.0,20.0,14.52,14.56,14.31,14.56,398600.0,0.040000000000000924
11.0,19.0,14.55,14.57,14.31,14.51,365500.0,-0.040000000000000924
11.0,18.0,14.6,14.68,14.5,14.53,304900.0,-0.07000000000000028
11.0,15.0,14.53,14.63,14.5,14.56,282500.0,0.030000000000001137
11.0,14.0,14.38,14.56,14.31,14.53,311900.0,0.14999999999999858
11.0,13.0,14.33,14.35,14.23,14.35,316200.0,0.019999999999999574
11.0,12.0,14.27,14.48,14.27,14.36,301200.0,0.08999999999999986
11.0,11.0,14.25,14.34,14.15,14.24,257600.0,-0.009999999999999787
11.0,8.0,14.21,14.35,14.18,14.25,187300.0,0.03999999999999915
11.0,7.0,14.4,14.48,14.13,14.24,400700.0,-0.16000000000000014
11.0,6.0,14.38,14.5,14.33,14.39,343500.0,0.009999999999999787
11.0,5.0,14.21,14.38,14.18,14.32,395900.0,0.10999999999999943
11.0,4.0,14.2,14.29,14.16,14.23,303700.0,0.030000000000001137
11.0,1.0,14.21,14.27,14.0,14.17,614100.0,-0.040000000000000924
10.0,31.0,14.45,14.45,14.18,14.18,651300.0,-0.2699999999999996
10.0,30.0,14.49,14.56,14.38,14.41,345400.0,-0.08000000000000007
10.0,29.0,14.57,14.64,14.48,14.53,447800.0,-0.040000000000000924
10.0,28.0,14.43,14.55,14.41,14.53,325000.0,0.09999999999999964
10.0,25.0,14.48,14.55,14.41,14.42,401900.0,-0.0600000000000005
10.0,24.0,14.33,14.48,14.27,14.42,387000.0,0.08999999999999986
10.0,23.0,14.33,14.37,14.28,14.3,342900.0,-0.02999999999999936
10.0,22.0,14.34,14.41,14.3,14.31,466900.0,-0.02999999999999936
10.0,21.0,14.45,14.48,14.34,14.34,445300.0,-0.10999999999999943
10.0,18.0,14.44,14.48,14.34,14.44,419000.0,0.0
10.0,17.0,14.32,14.45,14.26,14.42,558800.0,0.09999999999999964
10.0,16.0,14.27,14.36,14.25,14.32,377800.0,0.05000000000000071
10.0,15.0,14.32,14.36,14.25,14.26,733200.0,-0.0600000000000005
10.0,14.0,14.17,14.34,14.15,14.34,785900.0,0.16999999999999993
10.0,11.0,14.08,14.25,14.03,14.24,5772100.0,0.16000000000000014
10.0,10.0,14.5,14.64,14.45,14.64,296100.0,0.14000000000000057
10.0,9.0,14.33,14.44,14.29,14.37,186200.0,0.03999999999999915
10.0,8.0,14.47,14.52,14.26,14.28,210600.0,-0.19000000000000128
10.0,7.0,14.53,14.53,14.41,14.41,169900.0,-0.11999999999999922
10.0,4.0,14.25,14.64,14.24,14.58,481900.0,0.33000000000000007
10.0,3.0,14.18,14.19,14.01,14.05,396900.0,-0.129999999999999
10.0,2.0,14.37,14.39,14.17,14.21,266400.0,-0.15999999999999837
10.0,1.0,14.45,14.46,14.3,14.42,220800.0,-0.02999999999999936
9.0,30.0,14.38,14.45,14.29,14.41,250000.0,0.02999999999999936
9.0,27.0,14.36,14.5,14.28,14.38,267400.0,0.02000000000000135
9.0,26.0,14.6,14.6,14.38,14.44,221300.0,-0.16000000000000014
9.0,25.0,14.54,14.74,14.54,14.64,226000.0,0.10000000000000142
9.0,24.0,14.42,14.72,14.38,14.57,287500.0,0.15000000000000036
9.0,23.0,14.5,14.56,14.3,14.45,290000.0,-0.05000000000000071
9.0,20.0,14.65,14.7,14.4,14.54,431100.0,-0.11000000000000121
9.0,19.0,14.55,14.66,14.41,14.57,304600.0,0.019999999999999574
9.0,18.0,14.39,14.58,14.39,14.55,313200.0,0.16000000000000014
9.0,17.0,14.44,14.53,14.38,14.42,294700.0,-0.019999999999999574
9.0,16.0,14.63,14.7,14.42,14.48,263900.0,-0.15000000000000036
9.0,13.0,14.49,14.6,14.41,14.54,168900.0,0.049999999999998934
9.0,12.0,14.51,14.6,14.36,14.44,272200.0,-0.07000000000000028
9.0,11.0,14.85,14.91,14.78,14.84,221800.0,-0.009999999999999787
9.0,10.0,14.92,14.92,14.76,14.85,231400.0,-0.07000000000000028
9.0,9.0,14.79,14.9,14.69,14.9,266200.0,0.11000000000000121
9.0,6.0,14.71,14.79,14.52,14.74,171400.0,0.02999999999999936
9.0,5.0,14.81,14.81,14.67,14.71,146700.0,-0.09999999999999964
9.0,4.0,14.72,14.84,14.63,14.77,245300.0,0.049999999999998934
9.0,3.0,14.78,14.8,14.55,14.68,229000.0,-0.09999999999999964
8.0,30.0,14.78,14.78,14.59,14.68,303300.0,-0.09999999999999964
8.0,29.0,14.57,14.75,14.56,14.73,157600.0,0.16000000000000014
8.0,28.0,14.51,14.64,14.5,14.61,149600.0,0.09999999999999964
8.0,27.0,14.57,14.7,14.52,14.52,175800.0,-0.05000000000000071
8.0,26.0,14.75,14.75,14.59,14.67,209200.0,-0.08000000000000007
8.0,23.0,14.59,14.71,14.5,14.7,110600.0,0.10999999999999943
8.0,22.0,14.54,14.76,14.51,14.6,239800.0,0.0600000000000005
8.0,21.0,14.65,14.68,14.54,14.55,150000.0,-0.09999999999999964
8.0,20.0,14.48,14.72,14.48,14.64,172200.0,0.16000000000000014
8.0,19.0,14.45,14.63,14.45,14.48,453700.0,0.030000000000001137
8.0,16.0,14.43,14.65,14.41,14.49,196400.0,0.0600000000000005
8.0,15.0,14.62,14.79,14.51,14.54,256200.0,-0.08000000000000007
8.0,14.0,14.72,14.75,14.59,14.69,286300.0,-0.030000000000001137
8.0,13.0,14.74,14.75,14.52,14.62,193200.0,-0.120000000000001
8.0,12.0,14.7,14.75,14.55,14.67,220800.0,-0.02999999999999936
8.0,9.0,14.55,14.72,14.5,14.7,330000.0,0.14999999999999858
8.0,8.0,14.5,14.73,14.47,14.53,292600.0,0.02999999999999936
8.0,7.0,14.45,14.62,14.31,14.37,278300.0,-0.08000000000000007
8.0,6.0,14.51,14.6,14.37,14.52,193800.0,0.009999999999999787
8.0,5.0,14.45,14.51,14.41,14.51,157900.0,0.0600000000000005
8.0,2.0,14.45,14.5,14.34,14.5,192000.0,0.05000000000000071
8.0,1.0,14.6,14.66,14.38,14.45,241700.0,-0.15000000000000036
7.0,31.0,14.7,14.72,14.38,14.5,784200.0,-0.1999999999999993
7.0,30.0,14.69,14.82,14.6,14.7,382600.0,0.009999999999999787
7.0,29.0,14.49,14.68,14.48,14.65,65600.0,0.16000000000000014
7.0,26.0,14.29,14.51,14.29,14.49,150800.0,0.20000000000000107
7.0,25.0,14.38,14.51,14.36,14.38,274100.0,0.0
7.0,24.0,14.62,14.65,14.22,14.44,408700.0,-0.17999999999999972
7.0,23.0,14.64,14.82,14.55,14.58,300800.0,-0.0600000000000005
7.0,22.0,14.63,14.74,14.56,14.59,248000.0,-0.040000000000000924
7.0,19.0,14.61,14.69,14.53,14.67,301100.0,0.0600000000000005
7.0,18.0,14.71,14.78,14.55,14.67,243800.0,-0.040000000000000924
7.0,17.0,14.58,14.78,14.56,14.75,478400.0,0.16999999999999993
7.0,16.0,14.47,14.6,14.45,14.59,317700.0,0.11999999999999922
7.0,15.0,14.43,14.56,14.41,14.52,322500.0,0.08999999999999986
7.0,12.0,14.55,14.59,14.43,14.46,280900.0,-0.08999999999999986
7.0,11.0,14.59,14.59,14.45,14.56,472300.0,-0.02999999999999936
7.0,10.0,14.48,14.6,14.3,14.55,667100.0,0.07000000000000028
7.0,9.0,14.25,14.51,14.22,14.51,453100.0,0.2599999999999998
7.0,8.0,14.25,14.3,14.18,14.25,249900.0,0.0
7.0,5.0,14.55,14.55,14.1,14.23,410300.0,-0.3200000000000003
7.0,3.0,14.38,14.44,14.2,14.42,242700.0,0.03999999999999915
7.0,2.0,14.3,14.49,14.12,14.4,447600.0,0.09999999999999964
7.0,1.0,14.35,14.45,14.17,14.21,395500.0,-0.1399999999999988
6.0,28.0,14.3,14.31,14.16,14.16,812400.0,-0.14000000000000057
6.0,27.0,14.13,14.33,14.02,14.28,441200.0,0.14999999999999858
6.0,26.0,14.07,14.1,13.95,14.09,400200.0,0.019999999999999574
6.0,25.0,13.96,14.32,13.82,14.0,464200.0,0.03999999999999915
6.0,24.0,14.05,14.06,13.75,13.93,1016600.0,-0.120000000000001
6.0,21.0,14.12,14.23,14.01,14.1,883200.0,-0.019999999999999574
6.0,20.0,14.2,14.25,14.05,14.11,797700.0,-0.08999999999999986
6.0,19.0,14.35,14.4,14.25,14.3,872800.0,-0.049999999999998934
6.0,18.0,14.31,14.43,14.25,14.3,3645900.0,-0.009999999999999787
6.0,17.0,14.88,14.98,14.71,14.87,201200.0,-0.010000000000001563
6.0,14.0,14.86,14.95,14.64,14.74,176200.0,-0.11999999999999922
6.0,13.0,14.49,14.88,14.42,14.84,158200.0,0.34999999999999964
6.0,12.0,15.09,15.09,14.51,14.52,277000.0,-0.5700000000000003
6.0,11.0,15.24,15.45,15.1,15.19,229000.0,-0.05000000000000071
6.0,10.0,15.36,15.38,15.22,15.31,191400.0,-0.049999999999998934
6.0,7.0,15.25,15.34,15.1,15.32,123600.0,0.07000000000000028
6.0,6.0,14.95,15.2,14.88,15.11,187800.0,0.16000000000000014
6.0,5.0,15.08,15.24,14.95,14.95,224900.0,-0.13000000000000078
6.0,4.0,15.36,15.45,15.02,15.05,210400.0,-0.3099999999999987
6.0,3.0,15.28,15.44,15.12,15.34,313200.0,0.0600000000000005
5.0,31.0,15.27,15.44,15.18,15.23,190900.0,-0.03999999999999915
5.0,30.0,15.31,15.42,15.25,15.29,170700.0,-0.02000000000000135
5.0,29.0,15.32,15.45,15.0,15.29,223700.0,-0.030000000000001137
5.0,28.0,15.31,15.5,15.21,15.35,246100.0,0.03999999999999915
5.0,24.0,15.03,15.13,14.97,15.13,203800.0,0.10000000000000142
5.0,23.0,15.1,15.26,14.94,15.02,316400.0,-0.08000000000000007
5.0,22.0,15.2,15.44,14.99,15.15,337500.0,-0.049999999999998934
5.0,21.0,15.4,15.4,15.21,15.21,273000.0,-0.1899999999999995
5.0,20.0,15.38,15.45,15.27,15.44,239200.0,0.05999999999999872
5.0,17.0,15.44,15.45,15.29,15.34,225900.0,-0.09999999999999964
5.0,16.0,15.35,15.47,15.26,15.35,172300.0,0.0
5.0,15.0,15.5,15.53,15.35,15.4,214500.0,-0.09999999999999964
5.0,14.0,15.44,15.63,15.4,15.47,287100.0,0.030000000000001137
5.0,13.0,15.38,15.54,15.35,15.39,308300.0,0.009999999999999787
5.0,10.0,15.32,15.4,15.26,15.35,276300.0,0.02999999999999936
5.0,9.0,15.1,15.35,15.1,15.26,291700.0,0.16000000000000014
5.0,8.0,15.03,15.12,14.87,15.06,384300.0,0.030000000000001137
5.0,7.0,15.21,15.21,15.0,15.05,304800.0,-0.16000000000000014
5.0,6.0,15.26,15.29,15.09,15.25,251700.0,-0.009999999999999787
5.0,3.0,15.35,15.35,15.15,15.16,317400.0,-0.1899999999999995
5.0,2.0,14.96,15.36,14.96,15.08,481200.0,0.11999999999999922
5.0,1.0,15.32,15.33,14.92,14.93,469800.0,-0.39000000000000057
4.0,30.0,15.34,15.35,15.01,15.24,717100.0,-0.09999999999999964
4.0,29.0,15.5,15.69,15.4,15.6,473200.0,0.09999999999999964
4.0,26.0,15.33,15.42,15.21,15.35,470600.0,0.019999999999999574
4.0,25.0,15.25,15.38,15.22,15.24,590700.0,-0.009999999999999787
4.0,24.0,15.23,15.3,15.11,15.23,554800.0,0.0
4.0,23.0,14.74,15.21,14.72,15.19,901000.0,0.4499999999999993
4.0,22.0,14.51,14.71,14.31,14.71,1267000.0,0.20000000000000107
4.0,19.0,13.83,14.11,13.8,13.89,151400.0,0.0600000000000005
4.0,18.0,13.91,14.02,13.78,13.82,186400.0,-0.08999999999999986
4.0,17.0,14.07,14.18,13.75,13.85,364900.0,-0.22000000000000064
4.0,16.0,14.06,14.18,14.0,14.11,170000.0,0.049999999999998934
4.0,15.0,14.2,14.29,13.92,13.92,328900.0,-0.27999999999999936
4.0,12.0,14.25,14.35,14.2,14.22,160400.0,-0.02999999999999936
4.0,11.0,14.39,14.6,14.3,14.3,215200.0,-0.08999999999999986
4.0,10.0,14.24,14.47,14.18,14.47,317700.0,0.23000000000000043
4.0,9.0,14.26,14.29,14.15,14.18,267800.0,-0.08000000000000007
4.0,8.0,14.18,14.21,14.11,14.2,263100.0,0.019999999999999574
4.0,5.0,14.1,14.18,14.05,14.14,384500.0,0.040000000000000924
4.0,4.0,14.15,14.25,14.15,14.21,200300.0,0.0600000000000005
4.0,3.0,14.43,14.48,14.14,14.15,395800.0,-0.27999999999999936
4.0,2.0,14.47,14.57,14.4,14.45,287600.0,-0.02000000000000135
4.0,1.0,14.59,14.59,14.36,14.4,313300.0,-0.1899999999999995
3.0,28.0,14.6,14.63,14.48,14.62,902100.0,0.019999999999999574
3.0,27.0,14.5,14.55,14.4,14.55,399200.0,0.05000000000000071
3.0,26.0,14.3,14.56,14.3,14.55,557900.0,0.25
3.0,25.0,14.33,14.47,14.3,14.32,345100.0,-0.009999999999999787
3.0,22.0,14.3,14.41,14.3,14.31,350400.0,0.009999999999999787
3.0,21.0,14.38,14.5,14.25,14.3,708600.0,-0.08000000000000007
3.0,20.0,14.05,14.37,14.03,14.35,5352400.0,0.29999999999999893
3.0,19.0,14.85,14.91,14.61,14.64,332700.0,-0.20999999999999908
3.0,18.0,14.95,15.09,14.81,14.85,110400.0,-0.09999999999999964
3.0,15.0,14.89,15.09,14.81,15.09,339100.0,0.1999999999999993
3.0,14.0,14.81,14.92,14.81,14.9,86400.0,0.08999999999999986
3.0,13.0,14.76,14.92,14.76,14.8,27600.0,0.040000000000000924
3.0,12.0,15.3,15.3,15.05,15.12,133900.0,-0.1800000000000015
3.0,11.0,15.45,15.45,15.15,15.31,141200.0,-0.1399999999999988
3.0,8.0,14.74,15.45,14.72,15.41,239600.0,0.6699999999999999
3.0,7.0,15.15,15.25,14.98,15.04,137200.0,-0.11000000000000121
3.0,6.0,15.25,15.25,14.88,15.16,264400.0,-0.08999999999999986
3.0,5.0,15.29,15.41,15.17,15.25,192900.0,-0.03999999999999915
3.0,4.0,15.23,15.33,15.0,15.3,165300.0,0.07000000000000028
3.0,1.0,15.15,15.47,15.08,15.23,191200.0,0.08000000000000007
2.0,28.0,15.12,15.35,15.11,15.23,149300.0,0.11000000000000121
2.0,27.0,14.87,15.28,14.87,15.08,111900.0,0.21000000000000085
2.0,26.0,14.94,15.08,14.83,14.84,119600.0,-0.09999999999999964
2.0,25.0,15.38,15.46,14.85,14.86,206100.0,-0.5200000000000014
2.0,22.0,15.08,15.33,15.08,15.3,64700.0,0.22000000000000064
2.0,21.0,15.22,15.31,14.81,15.0,176100.0,-0.22000000000000064
2.0,20.0,15.5,15.53,15.28,15.33,148600.0,-0.16999999999999993
2.0,19.0,15.26,15.8,15.15,15.45,202200.0,0.1899999999999995
2.0,15.0,15.38,15.41,15.14,15.28,106400.0,-0.10000000000000142
2.0,14.0,15.3,15.48,15.27,15.31,109300.0,0.009999999999999787
2.0,13.0,15.24,15.42,15.14,15.29,163900.0,0.049999999999998934
2.0,12.0,15.14,15.24,14.95,15.21,141200.0,0.07000000000000028
2.0,11.0,15.2,15.2,14.93,15.11,110800.0,-0.08999999999999986
2.0,8.0,14.95,15.22,14.87,15.2,151100.0,0.25
2.0,7.0,15.07,15.07,14.82,14.92,94100.0,-0.15000000000000036
2.0,6.0,14.91,15.06,14.88,15.04,122000.0,0.129999999999999
2.0,5.0,14.78,15.05,14.7,15.01,181800.0,0.23000000000000043
2.0,4.0,15.03,15.03,14.8,14.82,113200.0,-0.20999999999999908
2.0,1.0,14.95,15.1,14.8,15.05,176000.0,0.10000000000000142
1.0,31.0,14.99,15.08,14.85,15.0,170600.0,0.009999999999999787
1.0,30.0,14.88,14.91,14.74,14.85,103500.0,-0.030000000000001137
1.0,29.0,14.91,15.02,14.84,14.93,100100.0,0.019999999999999574
1.0,28.0,14.93,15.03,14.8,14.91,163900.0,-0.019999999999999574
1.0,25.0,14.85,15.07,14.66,14.85,196100.0,0.0
1.0,24.0,15.0,15.04,14.66,14.8,306300.0,-0.1999999999999993
1.0,23.0,14.95,15.08,14.92,15.03,271300.0,0.08000000000000007
1.0,22.0,14.87,14.97,14.73,14.94,126800.0,0.07000000000000028
1.0,18.0,14.81,14.88,14.73,14.84,111200.0,0.02999999999999936
1.0,17.0,14.83,14.93,14.72,14.77,148100.0,-0.0600000000000005
1.0,16.0,14.65,14.83,14.65,14.74,105100.0,0.08999999999999986
1.0,15.0,14.79,14.83,14.6,14.69,139600.0,-0.09999999999999964
1.0,14.0,14.9,14.93,14.75,14.83,79800.0,-0.07000000000000028
1.0,11.0,14.93,14.93,14.79,14.88,83400.0,-0.049999999999998934
1.0,10.0,14.98,14.98,14.81,14.9,95900.0,-0.08000000000000007
1.0,9.0,14.95,14.95,14.77,14.9,115000.0,-0.049999999999998934
1.0,8.0,14.9,14.99,14.83,14.89,138800.0,-0.009999999999999787
1.0,7.0,14.89,15.07,14.76,14.87,216700.0,-0.02000000000000135
1.0,4.0,14.99,15.1,14.93,14.95,212700.0,-0.040000000000000924
1.0,3.0,14.99,15.07,14.82,14.82,213600.0,-0.16999999999999993
1.0,2.0,15.0,15.06,14.78,14.98,480900.0,-0.019999999999999574
12.0,31.0,14.65,14.94,14.6,14.9,237500.0,0.25
12.0,28.0,14.94,14.94,14.51,14.87,411700.0,-0.07000000000000028
12.0,27.0,14.72,14.79,14.33,14.77,196500.0,0.049999999999998934
12.0,26.0,14.86,14.89,14.69,14.75,74000.0,-0.10999999999999943
12.0,24.0,14.93,14.94,14.8,14.89,42700.0,-0.03999999999999915
12.0,21.0,14.83,14.97,14.63,14.93,463000.0,0.09999999999999964
12.0,20.0,14.89,14.9,14.75,14.87,220000.0,-0.02000000000000135
12.0,19.0,14.7,14.89,14.62,14.85,284800.0,0.15000000000000036
12.0,18.0,14.46,14.83,14.46,14.72,221000.0,0.2599999999999998
12.0,17.0,14.6,14.7,14.45,14.64,195000.0,0.040000000000000924
12.0,14.0,14.22,14.57,14.22,14.48,197100.0,0.2599999999999998
12.0,13.0,14.28,14.32,14.2,14.28,197600.0,0.0
12.0,12.0,14.29,14.39,14.2,14.28,47400.0,-0.009999999999999787
12.0,11.0,14.74,14.74,14.55,14.65,273800.0,-0.08999999999999986
12.0,10.0,14.58,14.63,14.43,14.63,199700.0,0.05000000000000071
12.0,7.0,14.4,14.58,14.4,14.5,271400.0,0.09999999999999964
12.0,6.0,14.44,14.58,14.38,14.53,318400.0,0.08999999999999986
12.0,5.0,14.34,14.51,14.33,14.45,388900.0,0.10999999999999943
12.0,4.0,14.55,14.6,14.28,14.3,2510600.0,-0.25
12.0,3.0,15.31,15.31,14.9,15.06,227800.0,-0.25
11.0,30.0,14.99,15.19,14.8,15.18,1334700.0,0.1899999999999995
11.0,29.0,14.86,15.02,14.86,14.98,186700.0,0.120000000000001
11.0,28.0,14.9,14.9,14.61,14.81,117800.0,-0.08999999999999986
11.0,27.0,14.9,14.99,14.74,14.89,115300.0,-0.009999999999999787
11.0,26.0,14.79,14.9,14.76,14.9,113600.0,0.11000000000000121
11.0,23.0,14.84,14.97,14.74,14.79,60800.0,-0.05000000000000071
11.0,21.0,14.79,14.92,14.6,14.78,90800.0,-0.009999999999999787
11.0,20.0,14.87,14.87,14.31,14.71,158200.0,-0.15999999999999837
11.0,19.0,14.86,14.87,14.6,14.83,176500.0,-0.02999999999999936
11.0,16.0,14.37,14.85,14.1,14.72,308700.0,0.3500000000000014
11.0,15.0,13.7,14.43,13.7,14.42,293300.0,0.7200000000000006
11.0,14.0,14.15,14.24,13.75,13.75,163200.0,-0.40000000000000036
11.0,13.0,14.34,14.37,14.1,14.12,123000.0,-0.22000000000000064
11.0,12.0,14.39,14.44,14.25,14.31,126400.0,-0.08000000000000007
11.0,9.0,14.03,14.62,14.0,14.36,229400.0,0.33000000000000007
11.0,8.0,14.35,14.46,13.53,14.09,489600.0,-0.2599999999999998
11.0,7.0,15.02,15.02,14.37,14.58,270900.0,-0.4399999999999995
11.0,6.0,15.08,15.08,14.83,15.0,133300.0,-0.08000000000000007
11.0,5.0,14.96,15.01,14.88,14.89,86300.0,-0.07000000000000028
11.0,2.0,15.01,15.02,14.86,14.92,163600.0,-0.08999999999999986
11.0,1.0,14.99,15.02,14.85,15.0,154800.0,0.009999999999999787
10.0,31.0,14.84,15.09,14.76,14.99,543600.0,0.15000000000000036
10.0,26.0,14.58,14.81,14.57,14.81,203800.0,0.23000000000000043
10.0,25.0,14.46,14.63,14.3,14.62,205500.0,0.15999999999999837
10.0,24.0,14.4,14.5,14.37,14.37,120300.0,-0.030000000000001137
10.0,23.0,14.39,14.48,14.33,14.33,160000.0,-0.0600000000000005
10.0,22.0,14.42,14.51,14.36,14.44,99300.0,0.019999999999999574
10.0,19.0,14.47,14.69,14.36,14.43,184800.0,-0.040000000000000924
10.0,18.0,14.63,14.66,14.48,14.51,172800.0,-0.120000000000001
10.0,17.0,14.49,14.63,14.37,14.63,162500.0,0.14000000000000057
10.0,16.0,14.47,14.53,14.36,14.48,210000.0,0.009999999999999787
10.0,15.0,14.6,14.64,14.37,14.45,170300.0,-0.15000000000000036
10.0,12.0,14.6,14.69,14.52,14.6,338500.0,0.0
10.0,11.0,14.51,14.57,14.31,14.56,176600.0,0.05000000000000071
10.0,10.0,14.43,14.6,14.22,14.49,241900.0,0.0600000000000005
10.0,9.0,14.77,14.78,14.4,14.43,241000.0,-0.33999999999999986
10.0,8.0,14.75,14.81,14.67,14.71,69700.0,-0.03999999999999915
10.0,5.0,14.82,14.89,14.75,14.81,132000.0,-0.009999999999999787
10.0,4.0,14.75,14.85,14.66,14.81,179900.0,0.0600000000000005
10.0,3.0,14.66,14.8,14.65,14.76,164700.0,0.09999999999999964
10.0,2.0,14.8,14.83,14.65,14.65,200700.0,-0.15000000000000036
10.0,1.0,14.82,14.9,14.68,14.81,195900.0,-0.009999999999999787
9.0,28.0,14.79,14.84,14.74,14.82,260200.0,0.030000000000001137
9.0,27.0,14.74,14.85,14.7,14.74,300100.0,0.0
9.0,26.0,14.74,14.85,14.61,14.73,360500.0,-0.009999999999999787
9.0,25.0,14.79,14.95,14.64,14.75,3863400.0,-0.03999999999999915
9.0,24.0,15.52,15.7,15.27,15.38,91800.0,-0.1399999999999988
9.0,21.0,15.51,15.83,15.36,15.5,220400.0,-0.009999999999999787
9.0,20.0,15.41,15.44,15.19,15.42,111500.0,0.009999999999999787
9.0,19.0,15.08,15.49,15.08,15.4,198700.0,0.3200000000000003
9.0,18.0,14.98,15.07,14.89,15.06,126400.0,0.08000000000000007
9.0,17.0,14.85,15.04,14.81,15.02,75200.0,0.16999999999999993
9.0,14.0,14.94,15.04,14.78,14.92,159000.0,-0.019999999999999574
9.0,13.0,14.9,15.08,14.65,14.86,178800.0,-0.040000000000000924
9.0,12.0,14.7,15.07,14.62,14.84,420500.0,0.14000000000000057
9.0,11.0,14.65,14.97,14.61,14.9,284000.0,0.25
9.0,10.0,14.72,14.95,14.56,14.8,262400.0,0.08000000000000007
9.0,7.0,14.7,14.73,14.52,14.64,119100.0,-0.05999999999999872
9.0,6.0,14.45,14.82,14.41,14.69,302000.0,0.2400000000000002
9.0,5.0,14.78,14.79,14.49,14.54,157200.0,-0.2400000000000002
9.0,4.0,14.9,14.9,14.59,14.83,146600.0,-0.07000000000000028
8.0,31.0,14.77,14.84,14.51,14.82,108300.0,0.05000000000000071
8.0,30.0,14.71,14.71,14.5,14.7,67400.0,-0.010000000000001563
8.0,29.0,14.66,14.88,14.61,14.75,81100.0,0.08999999999999986
8.0,28.0,14.87,14.9,14.58,14.6,122300.0,-0.2699999999999996
8.0,27.0,14.8,14.9,14.71,14.83,107800.0,0.02999999999999936
8.0,24.0,14.5,14.96,14.5,14.71,117600.0,0.21000000000000085
8.0,23.0,14.65,14.75,14.41,14.49,120000.0,-0.16000000000000014
8.0,22.0,14.44,14.83,14.44,14.62,222900.0,0.17999999999999972
8.0,21.0,14.54,14.72,14.28,14.39,108800.0,-0.14999999999999858
8.0,20.0,14.7,14.74,14.39,14.54,90500.0,-0.16000000000000014
8.0,17.0,14.62,14.72,14.48,14.7,84100.0,0.08000000000000007
8.0,16.0,14.71,14.73,14.45,14.65,89600.0,-0.0600000000000005
8.0,15.0,14.59,14.89,14.54,14.72,201200.0,0.13000000000000078
8.0,14.0,14.55,14.68,14.49,14.58,143900.0,0.02999999999999936
8.0,13.0,14.55,14.61,14.35,14.5,107900.0,-0.05000000000000071
8.0,10.0,14.35,14.67,14.35,14.56,223000.0,0.21000000000000085
8.0,9.0,14.43,14.43,14.25,14.34,105000.0,-0.08999999999999986
8.0,8.0,14.28,14.44,14.25,14.42,128700.0,0.14000000000000057
8.0,7.0,14.5,14.5,14.25,14.29,91400.0,-0.21000000000000085
8.0,6.0,14.51,14.55,14.35,14.48,110700.0,-0.02999999999999936
8.0,3.0,14.43,14.56,14.37,14.5,117300.0,0.07000000000000028
8.0,2.0,14.43,14.6,14.28,14.35,122800.0,-0.08000000000000007
8.0,1.0,14.32,14.51,14.23,14.45,171000.0,0.129999999999999
7.0,31.0,14.4,14.41,14.21,14.21,361300.0,-0.1899999999999995
7.0,30.0,14.39,14.45,14.28,14.4,106000.0,0.009999999999999787
7.0,27.0,14.33,14.48,14.21,14.35,135000.0,0.019999999999999574
7.0,26.0,14.34,14.37,14.2,14.27,120200.0,-0.07000000000000028
7.0,25.0,14.2,14.43,14.2,14.34,143700.0,0.14000000000000057
7.0,24.0,14.24,14.48,14.17,14.21,144000.0,-0.02999999999999936
7.0,23.0,14.3,14.39,14.2,14.2,88700.0,-0.10000000000000142
7.0,20.0,14.37,14.44,14.25,14.34,122700.0,-0.02999999999999936
7.0,19.0,14.37,14.45,14.25,14.25,131800.0,-0.11999999999999922
7.0,18.0,14.34,14.41,14.25,14.38,129700.0,0.040000000000000924
7.0,17.0,14.4,14.45,14.26,14.33,241500.0,-0.07000000000000028
7.0,16.0,14.35,14.43,14.3,14.38,196700.0,0.030000000000001137
7.0,13.0,14.1,14.47,14.1,14.4,561000.0,0.3000000000000007
7.0,12.0,14.04,14.19,13.9,14.18,2599900.0,0.14000000000000057
7.0,11.0,14.78,14.82,14.53,14.71,52400.0,-0.06999999999999851
7.0,10.0,14.96,15.0,14.57,14.78,52900.0,-0.1800000000000015
7.0,9.0,14.88,15.02,14.88,14.94,18300.0,0.05999999999999872
7.0,6.0,14.79,14.96,14.78,14.91,41800.0,0.120000000000001
7.0,5.0,14.81,15.02,14.81,14.85,27200.0,0.03999999999999915
7.0,3.0,14.82,15.38,14.75,14.77,84800.0,-0.05000000000000071
7.0,2.0,14.28,14.78,14.22,14.77,42000.0,0.4900000000000002
6.0,29.0,14.24,14.69,14.07,14.19,115700.0,-0.05000000000000071
6.0,28.0,14.18,14.19,14.0,14.0,35600.0,-0.17999999999999972
6.0,27.0,13.98,14.31,13.98,14.29,25900.0,0.3099999999999987
6.0,26.0,14.0,14.09,13.82,13.99,17800.0,-0.009999999999999787
6.0,25.0,13.8,14.02,13.72,13.92,12900.0,0.11999999999999922
6.0,22.0,13.8,14.09,13.67,13.91,163500.0,0.10999999999999943
6.0,21.0,13.95,14.03,13.65,13.73,18800.0,-0.21999999999999886
6.0,20.0,13.92,14.13,13.85,13.92,20700.0,0.0
6.0,19.0,13.88,14.03,13.84,13.91,44200.0,0.02999999999999936
6.0,18.0,13.68,14.0,13.64,13.8,58500.0,0.120000000000001
6.0,15.0,13.89,13.89,13.71,13.74,51600.0,-0.15000000000000036
6.0,14.0,13.74,13.98,13.68,13.89,81900.0,0.15000000000000036
6.0,13.0,13.52,13.83,13.39,13.77,83500.0,0.25
6.0,12.0,13.78,13.92,13.65,13.8,55800.0,0.02000000000000135
6.0,11.0,13.82,14.1,13.7,13.72,88700.0,-0.09999999999999964
6.0,8.0,13.68,13.96,13.64,13.73,45800.0,0.05000000000000071
6.0,7.0,13.83,13.85,13.67,13.75,41800.0,-0.08000000000000007
6.0,6.0,13.68,13.87,13.6,13.73,31000.0,0.05000000000000071
6.0,5.0,13.61,13.86,13.5,13.64,39300.0,0.030000000000001137
6.0,4.0,13.85,13.92,13.4,13.67,50400.0,-0.17999999999999972
6.0,1.0,14.07,14.07,13.74,13.79,31300.0,-0.28000000000000114
5.0,31.0,13.75,14.45,13.73,14.2,147300.0,0.4499999999999993
5.0,30.0,13.86,13.86,13.62,13.66,32100.0,-0.1999999999999993
5.0,29.0,13.68,13.9,13.59,13.89,25600.0,0.21000000000000085
5.0,25.0,13.45,13.72,13.39,13.57,30900.0,0.120000000000001
5.0,24.0,13.33,13.53,13.27,13.44,40700.0,0.10999999999999943
5.0,23.0,13.35,13.41,13.25,13.34,25000.0,-0.009999999999999787
5.0,22.0,13.5,13.57,13.29,13.42,23900.0,-0.08000000000000007
5.0,21.0,13.26,13.46,13.26,13.45,28700.0,0.1899999999999995
5.0,18.0,13.45,13.48,13.15,13.28,79900.0,-0.16999999999999993
5.0,17.0,13.48,13.8,13.41,13.47,65500.0,-0.009999999999999787
5.0,16.0,13.82,13.92,13.6,13.64,295800.0,-0.17999999999999972
5.0,15.0,13.82,13.93,13.77,13.77,44000.0,-0.05000000000000071
5.0,14.0,13.8,13.88,13.68,13.81,33700.0,0.009999999999999787
5.0,11.0,13.88,13.88,13.67,13.83,35000.0,-0.05000000000000071
5.0,10.0,13.83,13.9,13.65,13.85,53700.0,0.019999999999999574
5.0,9.0,13.48,13.86,13.48,13.75,58100.0,0.2699999999999996
5.0,8.0,13.35,13.56,13.35,13.52,19800.0,0.16999999999999993
5.0,7.0,13.39,13.53,13.32,13.34,36000.0,-0.05000000000000071
5.0,4.0,13.39,13.52,13.35,13.37,49700.0,-0.02000000000000135
5.0,3.0,13.4,13.46,13.37,13.41,19000.0,0.009999999999999787
5.0,2.0,13.42,13.51,13.35,13.42,27000.0,0.0
5.0,1.0,13.53,13.82,13.4,13.4,41000.0,-0.129999999999999
4.0,30.0,13.59,13.63,13.47,13.51,7800.0,-0.08000000000000007
4.0,27.0,13.55,13.68,13.36,13.61,39500.0,0.05999999999999872
4.0,26.0,13.63,13.66,13.48,13.58,31900.0,-0.05000000000000071
4.0,25.0,13.78,13.8,13.43,13.62,36400.0,-0.16000000000000014
4.0,24.0,13.67,13.77,13.64,13.76,41200.0,0.08999999999999986
4.0,23.0,13.45,13.69,13.41,13.62,74500.0,0.16999999999999993
4.0,20.0,13.68,13.68,13.43,13.46,44800.0,-0.21999999999999886
4.0,19.0,13.37,13.68,13.31,13.6,65400.0,0.23000000000000043
4.0,18.0,13.33,13.46,13.33,13.39,15700.0,0.0600000000000005
4.0,17.0,13.48,13.62,13.29,13.31,68600.0,-0.16999999999999993
4.0,16.0,13.38,13.54,13.37,13.4,40600.0,0.019999999999999574
4.0,13.0,13.63,13.65,13.36,13.36,41200.0,-0.27000000000000135
4.0,12.0,13.68,13.74,13.35,13.62,30200.0,-0.0600000000000005
4.0,11.0,13.51,13.88,13.25,13.7,78300.0,0.1899999999999995
4.0,10.0,13.57,13.67,13.37,13.37,105900.0,-0.20000000000000107
4.0,9.0,13.55,13.69,13.55,13.59,55700.0,0.03999999999999915
4.0,5.0,13.63,13.7,13.55,13.61,29700.0,-0.02000000000000135
4.0,4.0,13.56,13.7,13.52,13.67,22800.0,0.10999999999999943
4.0,3.0,13.64,13.71,13.53,13.69,48500.0,0.049999999999998934
4.0,2.0,13.69,13.7,13.5,13.7,45000.0,0.009999999999999787
3.0,30.0,13.77,13.8,13.65,13.74,108800.0,-0.02999999999999936
3.0,29.0,13.42,13.69,13.42,13.65,14100.0,0.23000000000000043
3.0,28.0,13.52,13.64,13.47,13.53,13400.0,0.009999999999999787
3.0,27.0,13.75,13.75,13.4,13.51,50300.0,-0.2400000000000002
3.0,26.0,13.71,13.8,13.54,13.75,38400.0,0.03999999999999915
3.0,23.0,13.5,13.65,13.43,13.61,50500.0,0.10999999999999943
3.0,22.0,13.3,13.54,13.25,13.53,35000.0,0.22999999999999865
3.0,21.0,13.7,13.77,13.13,13.27,81000.0,-0.4299999999999997
3.0,20.0,13.43,13.69,13.4,13.63,38900.0,0.20000000000000107
3.0,19.0,13.66,13.67,13.42,13.52,75100.0,-0.14000000000000057
3.0,16.0,13.52,13.8,13.39,13.61,94100.0,0.08999999999999986
3.0,15.0,13.77,13.78,13.41,13.47,79400.0,-0.29999999999999893
3.0,14.0,13.53,13.88,13.53,13.7,128700.0,0.16999999999999993
3.0,13.0,13.4,13.71,13.33,13.63,21600.0,0.23000000000000043
3.0,12.0,13.49,13.69,13.36,13.48,85900.0,-0.009999999999999787
3.0,9.0,13.34,13.57,13.29,13.4,43300.0,0.0600000000000005
3.0,8.0,13.34,13.61,13.25,13.33,54300.0,-0.009999999999999787
3.0,7.0,13.3,13.35,13.25,13.3,26600.0,0.0
3.0,6.0,13.3,13.38,13.25,13.25,28200.0,-0.05000000000000071
3.0,5.0,13.23,13.49,13.23,13.34,38800.0,0.10999999999999943
3.0,2.0,13.25,13.46,13.21,13.3,44000.0,0.05000000000000071
3.0,1.0,13.29,13.33,13.25,13.25,34000.0,-0.03999999999999915
2.0,29.0,13.64,13.64,13.25,13.25,78300.0,-0.39000000000000057
2.0,28.0,13.52,13.57,13.28,13.34,46700.0,-0.17999999999999972
2.0,27.0,13.47,13.6,13.42,13.5,36900.0,0.02999999999999936
2.0,24.0,13.37,13.6,13.33,13.48,29900.0,0.11000000000000121
2.0,23.0,13.25,13.41,13.2,13.32,28100.0,0.07000000000000028
2.0,22.0,13.29,13.35,13.2,13.23,28400.0,-0.05999999999999872
2.0,21.0,13.68,13.71,13.2,13.27,73300.0,-0.41000000000000014
2.0,17.0,13.3,13.74,13.25,13.64,148300.0,0.33999999999999986
2.0,16.0,13.25,13.27,13.2,13.26,18200.0,0.009999999999999787
2.0,15.0,13.25,13.28,13.17,13.24,36400.0,-0.009999999999999787
2.0,14.0,13.3,13.3,13.2,13.24,30500.0,-0.0600000000000005
2.0,13.0,13.35,13.35,13.18,13.26,43500.0,-0.08999999999999986
2.0,10.0,13.25,13.34,13.16,13.23,39000.0,-0.019999999999999574
2.0,9.0,13.3,13.36,13.2,13.33,51900.0,0.02999999999999936
2.0,8.0,13.25,13.34,13.2,13.28,46700.0,0.02999999999999936
2.0,7.0,13.17,13.32,13.15,13.25,38600.0,0.08000000000000007
2.0,6.0,13.23,13.26,13.15,13.19,25500.0,-0.040000000000000924
2.0,3.0,13.43,13.55,13.2,13.23,63000.0,-0.1999999999999993
2.0,2.0,13.32,13.4,13.25,13.3,25100.0,-0.019999999999999574
2.0,1.0,13.2,13.45,13.2,13.36,40500.0,0.16000000000000014
1.0,31.0,13.25,13.3,13.19,13.23,57100.0,-0.019999999999999574
1.0,30.0,13.34,13.39,13.26,13.26,10300.0,-0.08000000000000007
1.0,27.0,13.3,13.41,13.2,13.33,34600.0,0.02999999999999936
1.0,26.0,13.22,13.32,13.18,13.28,32600.0,0.05999999999999872
1.0,25.0,13.18,13.27,13.17,13.22,29200.0,0.040000000000000924
1.0,24.0,13.18,13.25,13.16,13.22,22100.0,0.040000000000000924
1.0,23.0,13.44,13.48,13.18,13.3,20800.0,-0.1399999999999988
1.0,20.0,13.26,13.5,13.16,13.43,69100.0,0.16999999999999993
1.0,19.0,13.34,13.34,13.19,13.3,38800.0,-0.03999999999999915
1.0,18.0,13.2,13.3,13.13,13.3,42400.0,0.10000000000000142
1.0,17.0,13.2,13.25,13.15,13.2,27100.0,0.0
1.0,13.0,13.18,13.22,13.11,13.14,44400.0,-0.03999999999999915
1.0,12.0,13.19,13.31,13.19,13.23,28800.0,0.040000000000000924
1.0,11.0,13.22,13.28,13.19,13.21,21000.0,-0.009999999999999787
1.0,10.0,13.35,13.35,13.15,13.25,29400.0,-0.09999999999999964
1.0,9.0,13.32,13.4,13.25,13.3,33500.0,-0.019999999999999574
1.0,6.0,13.25,13.37,13.16,13.22,27600.0,-0.02999999999999936
1.0,5.0,13.25,13.41,13.19,13.23,49500.0,-0.019999999999999574
1.0,4.0,13.27,13.29,13.18,13.25,18000.0,-0.019999999999999574
1.0,3.0,13.5,13.5,13.21,13.24,60100.0,-0.2599999999999998
12.0,30.0,13.18,13.41,13.17,13.41,78200.0,0.23000000000000043
12.0,29.0,13.08,13.15,13.04,13.14,16800.0,0.0600000000000005
12.0,28.0,13.17,13.25,13.03,13.08,26000.0,-0.08999999999999986
12.0,27.0,13.04,13.25,13.04,13.25,13500.0,0.21000000000000085
12.0,23.0,13.18,13.23,13.1,13.1,21500.0,-0.08000000000000007
12.0,22.0,13.23,13.25,13.16,13.22,18600.0,-0.009999999999999787
12.0,21.0,13.01,13.25,13.0,13.19,16000.0,0.17999999999999972
12.0,20.0,13.09,13.4,13.04,13.14,44800.0,0.05000000000000071
12.0,19.0,13.08,13.1,12.99,13.01,30700.0,-0.07000000000000028
12.0,16.0,13.19,13.4,12.99,13.01,123500.0,-0.17999999999999972
12.0,15.0,13.09,13.33,13.0,13.15,34900.0,0.0600000000000005
12.0,14.0,13.0,13.2,12.95,13.17,43300.0,0.16999999999999993
12.0,13.0,13.0,13.2,12.96,13.07,21300.0,0.07000000000000028
12.0,12.0,13.03,13.24,13.0,13.2,15000.0,0.16999999999999993
12.0,9.0,13.08,13.25,13.0,13.05,36200.0,-0.02999999999999936
12.0,8.0,12.95,13.14,12.95,13.0,29400.0,0.05000000000000071
12.0,7.0,13.15,13.15,13.0,13.07,28300.0,-0.08000000000000007
12.0,6.0,13.22,13.22,13.02,13.17,17300.0,-0.05000000000000071
12.0,5.0,13.31,13.31,13.03,13.27,49400.0,-0.040000000000000924
12.0,2.0,12.99,13.34,12.99,13.2,19800.0,0.20999999999999908
12.0,1.0,13.23,13.23,13.0,13.0,19300.0,-0.23000000000000043
11.0,30.0,13.48,13.48,12.94,13.2,62200.0,-0.28000000000000114
11.0,29.0,12.96,13.1,12.93,13.06,26100.0,0.09999999999999964
11.0,28.0,13.05,13.18,12.84,13.02,47000.0,-0.030000000000001137
11.0,25.0,12.93,13.06,12.68,12.68,6900.0,-0.25
11.0,23.0,12.91,13.09,12.88,13.0,31100.0,0.08999999999999986
11.0,22.0,13.02,13.09,13.0,13.0,31500.0,-0.019999999999999574
11.0,21.0,13.0,13.1,12.95,13.0,35700.0,0.0
11.0,18.0,13.03,13.16,12.98,13.05,27600.0,0.02000000000000135
11.0,17.0,13.15,13.21,12.98,13.05,41000.0,-0.09999999999999964
11.0,16.0,13.22,13.41,13.12,13.12,24100.0,-0.10000000000000142
11.0,15.0,13.15,13.35,13.07,13.17,22700.0,0.019999999999999574
11.0,14.0,13.25,13.3,12.95,13.03,17000.0,-0.22000000000000064
11.0,11.0,13.22,13.27,13.02,13.19,42700.0,-0.030000000000001137
11.0,10.0,13.1,13.17,12.89,13.15,25100.0,0.05000000000000071
11.0,9.0,13.1,13.1,12.96,13.0,26600.0,-0.09999999999999964
11.0,8.0,13.29,13.35,13.0,13.31,26300.0,0.02000000000000135
11.0,7.0,13.01,13.25,12.97,13.2,24100.0,0.1899999999999995
11.0,4.0,13.06,13.16,12.93,13.05,14000.0,-0.009999999999999787
11.0,3.0,13.2,13.25,12.95,13.11,60600.0,-0.08999999999999986
11.0,2.0,12.91,13.17,12.64,13.09,51600.0,0.17999999999999972
11.0,1.0,13.4,13.4,12.81,12.81,40700.0,-0.5899999999999999
10.0,31.0,12.83,13.5,12.79,13.41,103300.0,0.5800000000000001
10.0,28.0,13.0,13.04,12.79,12.9,40800.0,-0.09999999999999964
10.0,27.0,12.96,13.22,12.88,12.97,94400.0,0.009999999999999787
10.0,26.0,12.65,12.75,12.65,12.7,26900.0,0.049999999999998934
10.0,25.0,12.77,12.8,12.42,12.52,28300.0,-0.25
10.0,24.0,12.62,13.0,12.62,12.9,58700.0,0.28000000000000114
10.0,21.0,12.83,12.88,12.27,12.58,144500.0,-0.25
10.0,20.0,12.55,12.65,12.3,12.63,10900.0,0.08000000000000007
10.0,19.0,12.75,12.8,12.5,12.51,19300.0,-0.2400000000000002
10.0,18.0,12.31,12.79,12.23,12.7,21400.0,0.3899999999999988
10.0,17.0,12.63,12.63,12.29,12.31,19300.0,-0.3200000000000003
10.0,14.0,12.69,12.76,12.56,12.73,15500.0,0.040000000000000924
10.0,13.0,12.62,12.68,12.21,12.68,34800.0,0.0600000000000005
10.0,12.0,12.64,12.76,12.54,12.7,39500.0,0.05999999999999872
10.0,11.0,12.58,12.7,12.48,12.67,15600.0,0.08999999999999986
10.0,10.0,12.4,12.7,12.29,12.69,48200.0,0.28999999999999915
10.0,7.0,12.64,12.74,12.17,12.27,39300.0,-0.370000000000001
10.0,6.0,12.55,12.7,12.28,12.68,34000.0,0.129999999999999
10.0,5.0,12.8,12.88,12.58,12.6,57300.0,-0.20000000000000107
10.0,4.0,12.61,12.97,12.61,12.8,82100.0,0.19000000000000128
10.0,3.0,12.71,13.03,12.61,12.67,64700.0,-0.040000000000000924
9.0,30.0,12.72,12.84,12.54,12.71,162200.0,-0.009999999999999787
9.0,29.0,12.51,12.69,12.21,12.68,45200.0,0.16999999999999993
9.0,28.0,12.65,12.7,12.37,12.37,44700.0,-0.28000000000000114
9.0,27.0,12.4,12.8,12.4,12.69,59800.0,0.28999999999999915
9.0,26.0,12.61,12.79,12.05,12.24,65700.0,-0.3699999999999992
9.0,23.0,12.72,12.72,12.4,12.56,24100.0,-0.16000000000000014
9.0,22.0,12.46,12.88,12.41,12.65,222300.0,0.1899999999999995
9.0,21.0,12.74,12.84,12.36,12.76,117100.0,0.019999999999999574
9.0,20.0,12.61,12.89,12.57,12.75,76100.0,0.14000000000000057
9.0,19.0,12.1,12.67,12.05,12.65,37300.0,0.5500000000000007
9.0,16.0,12.72,12.74,12.1,12.21,71900.0,-0.5099999999999998
9.0,15.0,12.75,12.75,12.51,12.7,27200.0,-0.05000000000000071
9.0,14.0,12.64,12.75,12.5,12.73,32400.0,0.08999999999999986
9.0,13.0,12.43,12.7,12.23,12.64,20200.0,0.21000000000000085
9.0,12.0,12.72,12.75,12.52,12.73,23100.0,0.009999999999999787
9.0,9.0,12.57,13.0,12.52,12.78,68700.0,0.20999999999999908
9.0,8.0,12.6,12.65,12.52,12.58,18900.0,-0.019999999999999574
9.0,7.0,12.73,12.77,12.05,12.6,52900.0,-0.13000000000000078
9.0,6.0,12.03,12.64,11.78,12.58,36900.0,0.5500000000000007
9.0,2.0,12.86,12.86,12.23,12.24,30800.0,-0.6199999999999992
9.0,1.0,12.7,13.08,12.41,13.0,112000.0,0.3000000000000007
8.0,31.0,12.47,12.69,11.9,12.69,51100.0,0.21999999999999886
8.0,30.0,11.95,12.34,11.9,12.33,30600.0,0.3800000000000008
8.0,29.0,12.03,12.1,11.9,12.0,44900.0,-0.02999999999999936
8.0,26.0,12.03,12.18,11.8,11.93,100600.0,-0.09999999999999964
8.0,25.0,12.6,12.6,12.05,12.06,93200.0,-0.5399999999999991
8.0,24.0,12.12,12.55,11.94,12.53,43600.0,0.41000000000000014
8.0,23.0,11.7,12.1,11.57,12.1,59600.0,0.40000000000000036
8.0,22.0,12.36,12.4,11.53,11.61,70800.0,-0.75
8.0,19.0,11.8,12.45,11.8,12.11,20100.0,0.3099999999999987
8.0,18.0,12.39,12.45,11.55,11.97,69700.0,-0.41999999999999993
8.0,17.0,12.72,12.97,12.64,12.78,61600.0,0.05999999999999872
8.0,16.0,11.91,12.9,11.9,12.69,112200.0,0.7799999999999994
8.0,15.0,11.96,12.08,11.76,11.97,59400.0,0.009999999999999787
8.0,12.0,11.82,12.03,11.45,11.76,46600.0,-0.0600000000000005
8.0,11.0,10.77,11.85,10.65,11.82,53000.0,1.0500000000000007
8.0,10.0,10.9,11.0,10.0,10.77,98200.0,-0.13000000000000078
8.0,9.0,11.35,11.35,10.47,11.11,108300.0,-0.2400000000000002
8.0,8.0,11.98,12.3,11.16,11.2,77300.0,-0.7800000000000011
8.0,5.0,12.19,12.46,12.1,12.25,95100.0,0.0600000000000005
8.0,4.0,12.39,12.45,11.77,12.1,119600.0,-0.2900000000000009
8.0,3.0,12.49,12.56,12.35,12.52,84700.0,0.02999999999999936
8.0,2.0,12.46,12.56,12.32,12.49,29200.0,0.02999999999999936
8.0,1.0,12.33,12.55,12.33,12.51,19800.0,0.17999999999999972
7.0,29.0,12.3,12.3,12.0,12.21,108100.0,-0.08999999999999986
7.0,28.0,12.54,12.54,12.45,12.51,22300.0,-0.02999999999999936
7.0,27.0,12.47,12.59,12.39,12.58,43300.0,0.10999999999999943
7.0,26.0,12.54,12.7,12.44,12.52,42100.0,-0.019999999999999574
7.0,25.0,12.71,12.75,12.53,12.59,32800.0,-0.120000000000001
7.0,22.0,12.98,13.04,12.6,12.8,46900.0,-0.17999999999999972
7.0,21.0,13.04,13.1,12.7,13.02,41800.0,-0.019999999999999574
7.0,20.0,13.0,13.01,12.85,13.0,27800.0,0.0
7.0,19.0,13.08,13.13,12.9,13.04,26400.0,-0.040000000000000924
7.0,18.0,13.28,13.28,12.95,13.08,20600.0,-0.1999999999999993
7.0,15.0,13.17,13.38,13.15,13.37,43100.0,0.1999999999999993
7.0,14.0,13.21,13.27,12.96,13.13,31400.0,-0.08000000000000007
7.0,13.0,13.07,13.21,12.9,13.21,41800.0,0.14000000000000057
7.0,12.0,13.04,13.1,13.0,13.05,13100.0,0.010000000000001563
7.0,11.0,13.22,13.39,13.03,13.09,52600.0,-0.13000000000000078
7.0,8.0,12.97,13.43,12.92,13.35,62300.0,0.379999999999999
7.0,7.0,13.04,13.12,12.93,13.11,58400.0,0.07000000000000028
7.0,6.0,13.05,13.24,12.85,12.95,206200.0,-0.10000000000000142
7.0,5.0,13.01,13.15,12.94,13.03,22300.0,0.019999999999999574
7.0,1.0,12.71,13.05,12.71,12.99,50200.0,0.27999999999999936
6.0,30.0,12.72,12.75,12.42,12.7,59900.0,-0.02000000000000135
6.0,29.0,12.96,13.06,12.75,12.82,63500.0,-0.14000000000000057
6.0,28.0,12.8,13.15,12.55,12.77,151300.0,-0.030000000000001137
6.0,27.0,12.58,12.8,12.4,12.79,92400.0,0.20999999999999908
6.0,24.0,12.49,12.8,12.3,12.59,823100.0,0.09999999999999964
6.0,23.0,12.17,12.58,12.1,12.53,129600.0,0.35999999999999943
6.0,22.0,12.6,12.64,12.02,12.35,169700.0,-0.25
6.0,21.0,12.75,12.8,12.5,12.62,56700.0,-0.13000000000000078
6.0,20.0,12.9,12.9,12.56,12.72,86500.0,-0.17999999999999972
6.0,17.0,13.12,13.12,12.9,12.9,61500.0,-0.21999999999999886
6.0,16.0,12.97,13.03,12.85,13.03,48600.0,0.05999999999999872
6.0,15.0,13.1,13.17,12.92,13.01,226300.0,-0.08999999999999986
6.0,14.0,13.28,13.28,13.05,13.16,144000.0,-0.11999999999999922
6.0,13.0,13.42,13.42,13.2,13.25,90400.0,-0.16999999999999993
6.0,10.0,13.5,13.55,13.05,13.2,422500.0,-0.3000000000000007
6.0,9.0,13.3,13.56,13.3,13.55,44100.0,0.25
6.0,8.0,13.45,13.45,13.25,13.32,76600.0,-0.129999999999999
6.0,7.0,13.5,13.5,13.25,13.29,49800.0,-0.21000000000000085
6.0,6.0,13.42,13.42,13.2,13.35,47300.0,-0.07000000000000028
6.0,3.0,13.2,13.28,13.18,13.28,34800.0,0.08000000000000007
6.0,2.0,13.15,13.3,13.1,13.18,72000.0,0.02999999999999936
6.0,1.0,13.1,13.3,13.1,13.18,74900.0,0.08000000000000007
5.0,31.0,13.27,13.27,13.0,13.12,327600.0,-0.15000000000000036
5.0,27.0,13.15,13.2,13.15,13.16,98100.0,0.009999999999999787
5.0,26.0,13.0,13.25,13.0,13.15,219700.0,0.15000000000000036
5.0,25.0,13.0,13.05,12.9,13.0,162500.0,0.0
5.0,24.0,12.95,13.1,12.91,13.02,191900.0,0.07000000000000028
5.0,23.0,12.95,13.05,12.85,12.93,391700.0,-0.019999999999999574
5.0,20.0,13.25,13.25,12.8,13.0,3644700.0,-0.25
