9.0,25.0,13.53,13.53,12.84,13.2,171600.0,-0.33000000000000007
9.0,24.0,12.97,13.47,12.73,13.34,454200.0,0.3699999999999992
9.0,23.0,13.36,13.52,13.02,13.13,172900.0,-0.22999999999999865
9.0,22.0,13.23,13.56,13.2,13.3,282800.0,0.07000000000000028
9.0,21.0,13.56,13.73,13.37,13.48,233100.0,-0.08000000000000007
9.0,18.0,13.48,13.97,13.34,13.68,176300.0,0.1999999999999993
9.0,17.0,13.8,14.22,13.66,13.7,153900.0,-0.10000000000000142
9.0,16.0,13.1,13.94,13.04,13.71,349400.0,0.6100000000000012
9.0,15.0,12.82,13.21,12.78,12.87,419400.0,0.049999999999998934
9.0,14.0,13.54,13.63,12.8,12.94,356600.0,-0.5999999999999996
9.0,11.0,13.91,14.02,13.53,13.65,205700.0,-0.2599999999999998
9.0,10.0,14.21,14.4,14.14,14.15,181000.0,-0.0600000000000005
9.0,9.0,14.84,14.9,14.3,14.3,189400.0,-0.5399999999999991
9.0,8.0,14.63,14.84,14.39,14.65,195200.0,0.019999999999999574
9.0,4.0,14.59,14.74,14.5,14.56,159700.0,-0.02999999999999936
9.0,3.0,14.98,15.4,14.73,14.73,167100.0,-0.25
9.0,2.0,15.26,15.35,14.88,15.05,209800.0,-0.20999999999999908
9.0,1.0,14.75,15.36,14.75,15.24,228200.0,0.4900000000000002
8.0,31.0,15.3,15.45,14.89,14.97,218200.0,-0.33000000000000007
8.0,28.0,15.16,15.72,15.05,15.22,221400.0,0.0600000000000005
8.0,27.0,14.87,15.81,14.8,15.29,362700.0,0.41999999999999993
8.0,26.0,14.1,15.13,14.0,14.88,284800.0,0.7800000000000011
8.0,25.0,14.99,14.99,14.16,14.16,309700.0,-0.8300000000000001
8.0,24.0,14.95,15.24,14.0,14.5,432200.0,-0.4499999999999993
8.0,21.0,15.29,15.58,15.12,15.23,224600.0,-0.05999999999999872
8.0,20.0,15.37,15.72,15.27,15.52,187600.0,0.15000000000000036
8.0,19.0,15.44,15.59,15.25,15.52,152000.0,0.08000000000000007
8.0,18.0,15.33,15.76,15.33,15.6,177800.0,0.2699999999999996
8.0,17.0,16.0,16.0,15.31,15.49,362000.0,-0.5099999999999998
8.0,14.0,15.5,15.93,15.5,15.86,301500.0,0.35999999999999943
8.0,13.0,15.66,15.95,15.32,15.43,262100.0,-0.23000000000000043
8.0,12.0,15.8,15.89,15.17,15.77,515000.0,-0.030000000000001137
8.0,11.0,15.2,15.97,14.8,15.81,770100.0,0.6100000000000012
8.0,10.0,14.5,15.64,14.24,15.49,430400.0,0.9900000000000002
8.0,7.0,14.06,14.73,13.82,14.61,367200.0,0.5499999999999989
8.0,6.0,13.72,14.09,13.25,13.95,491600.0,0.22999999999999865
8.0,5.0,14.31,14.66,13.75,13.79,408900.0,-0.5200000000000014
8.0,4.0,14.26,14.52,14.16,14.27,236600.0,0.009999999999999787
8.0,3.0,14.86,14.86,14.28,14.31,429700.0,-0.5499999999999989
7.0,31.0,14.81,15.17,14.81,15.0,593000.0,0.1899999999999995
7.0,30.0,14.77,15.07,14.72,14.93,424200.0,0.16000000000000014
7.0,29.0,14.48,15.05,14.48,14.95,510000.0,0.46999999999999886
7.0,28.0,14.18,14.69,14.05,14.54,482200.0,0.35999999999999943
7.0,27.0,14.0,14.38,13.9,14.31,320300.0,0.3100000000000005
7.0,24.0,14.0,14.33,13.94,14.32,324700.0,0.3200000000000003
7.0,23.0,14.23,14.46,14.0,14.0,341600.0,-0.23000000000000043
7.0,22.0,14.46,14.66,14.17,14.2,323800.0,-0.26000000000000156
7.0,21.0,14.63,14.93,14.56,14.72,272900.0,0.08999999999999986
7.0,20.0,15.18,15.32,14.64,14.73,333400.0,-0.4499999999999993
7.0,17.0,15.38,15.4,15.14,15.32,243300.0,-0.0600000000000005
7.0,16.0,15.6,15.76,15.43,15.58,315900.0,-0.019999999999999574
7.0,15.0,15.97,16.059999,15.57,15.61,367100.0,-0.3600000000000012
7.0,14.0,16.07,16.219999,15.95,16.08,324300.0,0.00999999999999801
7.0,13.0,16.280001,16.370001,15.98,16.08,282300.0,-0.20000100000000032
7.0,10.0,16.35,16.440001,16.16,16.440001,152400.0,0.09000099999999733
7.0,9.0,16.610001,16.75,16.120001,16.26,248000.0,-0.3500009999999989
7.0,8.0,16.620001,16.620001,16.110001,16.35,158700.0,-0.27000099999999705
7.0,7.0,16.209999,16.700001,15.94,16.690001,228600.0,0.48000199999999893
7.0,6.0,16.299999,16.5,16.16,16.459999,146500.0,0.16000000000000014
7.0,2.0,16.26,16.5,16.18,16.42,107100.0,0.16000000000000014
7.0,1.0,16.32,16.549999,16.299999,16.299999,214500.0,-0.0200010000000006
6.0,30.0,16.43,16.440001,16.059999,16.33,231600.0,-0.10000000000000142
6.0,29.0,15.99,16.209999,15.9,16.200001,276400.0,0.2100010000000001
6.0,26.0,16.27,16.280001,16.110001,16.120001,176200.0,-0.1499990000000011
6.0,25.0,16.700001,16.74,16.280001,16.4,256100.0,-0.30000100000000174
6.0,24.0,16.799999,16.85,16.67,16.780001,146400.0,-0.01999800000000107
6.0,23.0,16.799999,17.0,16.77,16.85,158500.0,0.05000100000000174
6.0,22.0,17.15,17.35,16.75,16.889999,176200.0,-0.26000099999999904
6.0,19.0,16.780001,17.139999,16.780001,17.139999,195800.0,0.35999800000000093
6.0,18.0,17.16,17.24,16.93,16.93,174800.0,-0.23000000000000043
6.0,17.0,17.200001,17.379999,17.09,17.27,162200.0,0.06999899999999926
6.0,16.0,17.299999,17.4,17.200001,17.23,92200.0,-0.06999899999999926
6.0,15.0,17.43,17.549999,17.27,17.4,127000.0,-0.030000000000001137
6.0,12.0,17.219999,17.540001,17.01,17.530001,114200.0,0.3100019999999972
6.0,11.0,17.299999,17.41,17.059999,17.34,149100.0,0.040001000000000175
6.0,10.0,17.639999,17.65,17.24,17.32,244300.0,-0.31999899999999926
6.0,9.0,17.75,17.77,17.370001,17.639999,188600.0,-0.11000100000000046
6.0,8.0,17.32,17.809999,17.26,17.75,193300.0,0.4299999999999997
6.0,5.0,17.15,17.6,16.99,17.5,229400.0,0.3500000000000014
6.0,4.0,17.24,17.34,17.120001,17.129999,135100.0,-0.1100009999999969
6.0,3.0,17.540001,17.620001,17.299999,17.299999,145600.0,-0.2400020000000005
6.0,2.0,17.700001,17.799999,17.58,17.6,138900.0,-0.1000009999999989
6.0,1.0,17.639999,17.879999,17.629999,17.77,111400.0,0.13000100000000003
5.0,29.0,17.860001,17.940001,17.610001,17.76,110900.0,-0.1000009999999989
5.0,28.0,17.73,17.799999,17.629999,17.74,147500.0,0.00999999999999801
5.0,27.0,17.809999,17.91,17.76,17.82,90400.0,0.010000999999999038
5.0,26.0,18.110001,18.110001,17.780001,17.870001,96900.0,-0.240000000000002
5.0,22.0,18.059999,18.129999,17.959999,18.049999,67100.0,-0.010000000000001563
5.0,21.0,18.190001,18.23,18.0,18.08,88300.0,-0.11000100000000046
5.0,20.0,18.200001,18.24,18.049999,18.049999,96100.0,-0.15000200000000063
5.0,19.0,18.01,18.139999,17.91,18.110001,174900.0,0.1000009999999989
5.0,18.0,18.139999,18.27,18.049999,18.190001,99100.0,0.050001999999999214
5.0,15.0,18.35,18.360001,18.1,18.209999,135800.0,-0.1400010000000016
5.0,14.0,18.52,18.6,18.219999,18.25,117700.0,-0.2699999999999996
5.0,13.0,18.549999,18.67,18.200001,18.26,146400.0,-0.2899989999999981
5.0,12.0,18.15,18.49,18.129999,18.49,106300.0,0.33999999999999986
5.0,11.0,18.219999,18.32,18.190001,18.209999,88700.0,-0.010000000000001563
5.0,8.0,18.33,18.459999,18.290001,18.370001,112300.0,0.040001000000000175
5.0,7.0,18.27,18.389999,18.18,18.299999,114900.0,0.02999900000000011
5.0,6.0,18.459999,18.52,18.190001,18.299999,192200.0,-0.16000000000000014
5.0,5.0,18.34,18.42,18.200001,18.35,125900.0,0.010000000000001563
5.0,4.0,18.41,18.469999,18.200001,18.200001,68200.0,-0.20999899999999982
5.0,1.0,18.41,18.549999,18.299999,18.43,115800.0,0.019999999999999574
4.0,30.0,18.26,18.5,18.15,18.440001,181400.0,0.1800009999999972
4.0,29.0,18.129999,18.24,18.0,18.23,154000.0,0.1000009999999989
4.0,28.0,18.15,18.18,18.040001,18.09,108000.0,-0.05999999999999872
4.0,27.0,18.24,18.299999,18.08,18.139999,89400.0,-0.1000009999999989
4.0,24.0,18.34,18.42,18.219999,18.26,115900.0,-0.0799999999999983
4.0,23.0,18.15,18.389999,18.139999,18.33,151200.0,0.17999999999999972
4.0,22.0,17.99,18.139999,17.91,18.059999,145900.0,0.06999900000000281
4.0,21.0,17.959999,17.959999,17.799999,17.889999,93600.0,-0.07000000000000028
4.0,20.0,18.09,18.18,17.9,17.950001,148200.0,-0.13999899999999954
4.0,17.0,18.01,18.120001,17.950001,17.969999,115100.0,-0.040001000000000175
4.0,16.0,18.23,18.299999,18.120001,18.209999,119600.0,-0.0200010000000006
4.0,15.0,17.92,18.209999,17.91,18.209999,186100.0,0.2899989999999981
4.0,14.0,17.719999,17.969999,17.700001,17.9,118800.0,0.1800009999999972
4.0,13.0,17.84,17.889999,17.719999,17.73,89400.0,-0.10999999999999943
4.0,10.0,17.93,18.040001,17.82,17.870001,118500.0,-0.059999000000001246
4.0,9.0,17.77,17.93,17.610001,17.91,111600.0,0.14000000000000057
4.0,8.0,17.790001,17.93,17.73,17.77,116000.0,-0.0200010000000006
4.0,7.0,17.700001,17.93,17.66,17.83,120900.0,0.12999899999999798
4.0,6.0,17.559999,17.77,17.559999,17.75,143600.0,0.19000099999999875
4.0,2.0,17.66,17.77,17.59,17.629999,76700.0,-0.030000999999998612
4.0,1.0,17.700001,17.75,17.57,17.67,120900.0,-0.030000999999998612
3.0,31.0,17.76,17.85,17.530001,17.620001,229200.0,-0.1399990000000031
3.0,30.0,17.9,17.969999,17.700001,17.82,115700.0,-0.0799999999999983
3.0,27.0,17.75,17.91,17.639999,17.82,100200.0,0.07000000000000028
3.0,26.0,18.0,18.07,17.700001,17.73,106900.0,-0.2699999999999996
3.0,25.0,17.84,17.93,17.67,17.77,105500.0,-0.07000000000000028
3.0,24.0,17.860001,17.889999,17.75,17.84,117300.0,-0.0200010000000006
3.0,23.0,17.65,17.93,17.57,17.780001,119900.0,0.13000100000000003
3.0,20.0,17.75,17.780001,17.52,17.52,196900.0,-0.23000000000000043
3.0,19.0,17.49,17.76,17.379999,17.639999,127800.0,0.1499990000000011
3.0,18.0,17.290001,17.790001,17.290001,17.610001,117600.0,0.3200000000000003
3.0,17.0,17.299999,17.629999,17.280001,17.42,138900.0,0.12000100000000202
3.0,16.0,17.68,17.76,17.370001,17.57,188600.0,-0.10999999999999943
3.0,13.0,17.73,17.9,17.690001,17.75,136200.0,0.019999999999999574
3.0,12.0,18.059999,18.16,17.889999,17.9,132500.0,-0.15999900000000267
3.0,11.0,18.379999,18.48,18.110001,18.16,77400.0,-0.2199990000000014
3.0,10.0,18.360001,18.559999,18.059999,18.469999,115000.0,0.10999800000000093
3.0,9.0,18.91,19.01,18.370001,18.379999,204400.0,-0.5300009999999986
3.0,6.0,18.99,19.17,18.879999,19.110001,128100.0,0.12000100000000202
3.0,5.0,19.18,19.27,19.030001,19.120001,142700.0,-0.059999000000001246
3.0,4.0,18.860001,19.389999,18.809999,19.16,198100.0,0.2999989999999997
3.0,3.0,18.76,19.059999,18.76,18.91,122300.0,0.14999999999999858
3.0,2.0,18.549999,18.98,18.549999,18.860001,160300.0,0.3100020000000008
2.0,27.0,18.879999,18.889999,18.59,18.68,135400.0,-0.19999900000000181
2.0,26.0,18.6,18.780001,18.360001,18.709999,211600.0,0.1099989999999984
2.0,25.0,18.83,19.030001,18.57,18.73,204300.0,-0.09999999999999787
2.0,24.0,19.07,19.17,18.790001,18.879999,134200.0,-0.19000099999999875
2.0,23.0,19.09,19.290001,18.969999,19.059999,116200.0,-0.030000999999998612
2.0,20.0,19.02,19.370001,19.02,19.139999,151500.0,0.11999899999999997
2.0,19.0,18.68,19.129999,18.43,19.110001,193100.0,0.43000100000000074
2.0,18.0,18.469999,18.83,18.299999,18.77,113500.0,0.3000009999999982
2.0,17.0,18.389999,18.73,18.290001,18.360001,135900.0,-0.02999799999999908
2.0,13.0,18.82,18.950001,18.440001,18.440001,127400.0,-0.37999900000000153
2.0,12.0,19.01,19.040001,18.59,18.620001,130800.0,-0.3899990000000031
2.0,11.0,18.98,19.040001,18.719999,18.799999,148700.0,-0.18000100000000074
2.0,10.0,19.309999,19.440001,18.74,18.98,223000.0,-0.3299990000000008
2.0,9.0,19.620001,19.65,19.030001,19.200001,151800.0,-0.41999999999999815
2.0,6.0,19.290001,19.4,19.01,19.4,204000.0,0.1099989999999984
2.0,5.0,18.92,19.389999,18.92,19.309999,208900.0,0.38999899999999954
2.0,4.0,19.0,19.25,18.860001,18.99,212400.0,-0.010000000000001563
2.0,3.0,18.43,19.1,18.309999,19.07,211100.0,0.6400000000000006
2.0,2.0,18.51,18.91,18.139999,18.24,232200.0,-0.2700000000000031
1.0,30.0,18.24,18.76,18.0,18.459999,387800.0,0.2199990000000014
1.0,29.0,17.77,18.35,17.77,18.280001,164100.0,0.510000999999999
1.0,28.0,18.299999,18.299999,17.530001,17.92,176200.0,-0.379998999999998
1.0,27.0,18.030001,18.32,17.870001,18.299999,133400.0,0.26999800000000107
1.0,26.0,18.280001,18.41,17.9,18.129999,194400.0,-0.15000199999999708
1.0,23.0,18.370001,18.49,18.030001,18.030001,246400.0,-0.33999999999999986
1.0,22.0,18.59,18.59,18.09,18.379999,162400.0,-0.21000099999999833
1.0,21.0,17.969999,18.280001,17.9,18.23,107500.0,0.26000099999999904
1.0,20.0,17.969999,18.129999,17.73,17.75,188000.0,-0.2199990000000014
1.0,16.0,17.809999,18.120001,17.530001,17.98,249600.0,0.17000099999999918
1.0,15.0,17.389999,17.93,17.27,17.93,208300.0,0.5400010000000002
1.0,14.0,17.26,17.379999,16.780001,17.26,292100.0,0.0
1.0,13.0,17.35,17.68,16.91,17.24,225000.0,-0.11000000000000298
1.0,12.0,17.940001,17.940001,17.24,17.639999,230700.0,-0.3000019999999992
1.0,9.0,17.98,18.16,17.809999,18.059999,240200.0,0.07999900000000082
1.0,8.0,17.450001,17.99,17.450001,17.99,222200.0,0.5399989999999981
1.0,7.0,17.370001,17.5,17.190001,17.4,135200.0,0.02999900000000011
1.0,6.0,17.440001,17.82,17.059999,17.15,297500.0,-0.2900010000000002
1.0,5.0,17.709999,17.780001,17.200001,17.58,191600.0,-0.12999900000000153
1.0,2.0,17.59,18.09,17.52,17.93,131200.0,0.33999999999999986
12.0,31.0,17.6,17.73,17.41,17.6,597200.0,0.0
12.0,30.0,17.559999,17.85,17.35,17.48,504300.0,-0.07999900000000082
12.0,29.0,17.950001,18.07,17.51,17.700001,488500.0,-0.25
12.0,26.0,18.17,18.17,17.67,18.120001,197100.0,-0.049999000000003235
12.0,24.0,17.76,18.35,17.76,18.0,194600.0,0.23999999999999844
12.0,23.0,18.01,18.299999,17.48,18.1,656600.0,0.08999999999999986
12.0,22.0,18.389999,18.389999,17.5,17.82,281200.0,-0.5699989999999993
12.0,19.0,18.5,18.690001,18.1,18.4,311600.0,-0.10000000000000142
12.0,18.0,18.610001,19.0,17.809999,18.440001,434500.0,-0.1700000000000017
12.0,17.0,17.1,18.549999,17.01,18.370001,497600.0,1.270000999999997
12.0,16.0,17.02,17.49,16.6,17.1,642200.0,0.08000000000000185
12.0,15.0,17.99,17.99,17.0,17.34,403100.0,-0.6499999999999986
12.0,12.0,18.290001,18.58,17.450001,17.75,561200.0,-0.5400010000000002
12.0,11.0,19.01,19.1,18.219999,18.41,480300.0,-0.6000000000000014
12.0,10.0,19.450001,19.73,18.85,19.49,480900.0,0.03999899999999812
12.0,9.0,18.77,19.65,18.43,19.51,239800.0,0.740000000000002
12.0,8.0,19.18,19.309999,18.200001,18.639999,324400.0,-0.5400010000000002
12.0,5.0,19.0,19.639999,18.74,19.42,209600.0,0.4200000000000017
12.0,4.0,19.559999,19.719999,18.9,19.040001,264100.0,-0.5199980000000011
12.0,3.0,19.25,19.84,19.15,19.74,251100.0,0.48999999999999844
12.0,2.0,18.84,19.1,18.48,19.049999,310300.0,0.20999899999999982
12.0,1.0,18.84,18.959999,18.120001,18.65,355900.0,-0.19000000000000128
11.0,28.0,19.459999,19.58,18.85,18.99,132600.0,-0.4699990000000014
11.0,26.0,19.549999,19.84,19.389999,19.84,137600.0,0.2900010000000002
11.0,25.0,19.85,19.92,19.389999,19.530001,218900.0,-0.3199990000000028
11.0,24.0,20.200001,20.24,19.65,19.76,255200.0,-0.44000099999999875
11.0,21.0,20.200001,20.299999,20.040001,20.15,232500.0,-0.05000100000000174
11.0,20.0,20.34,20.57,19.969999,20.08,575800.0,-0.26000000000000156
11.0,19.0,20.030001,20.780001,20.0,20.52,273900.0,0.48999900000000096
11.0,18.0,20.309999,20.65,19.889999,20.030001,247100.0,-0.27999800000000263
11.0,17.0,20.200001,20.4,20.1,20.280001,94400.0,0.0799999999999983
11.0,14.0,20.16,20.58,20.1,20.190001,100700.0,0.030000999999998612
11.0,13.0,20.58,20.67,20.1,20.15,118100.0,-0.4299999999999997
11.0,12.0,20.860001,21.16,20.450001,20.58,140200.0,-0.28000100000000216
11.0,11.0,20.6,20.99,20.280001,20.950001,132300.0,0.3500009999999989
11.0,10.0,20.530001,20.540001,20.23,20.43,125300.0,-0.1000009999999989
11.0,7.0,20.530001,20.73,20.370001,20.610001,108900.0,0.08000000000000185
11.0,6.0,20.32,20.52,20.08,20.52,186400.0,0.1999999999999993
11.0,5.0,20.280001,20.41,20.0,20.41,107400.0,0.12999900000000153
11.0,4.0,20.35,20.41,19.99,20.209999,135500.0,-0.1400010000000016
11.0,3.0,20.35,20.58,20.200001,20.5,126600.0,0.14999999999999858
10.0,31.0,20.33,20.41,20.15,20.25,139200.0,-0.0799999999999983
10.0,30.0,20.120001,20.219999,19.91,20.17,117400.0,0.049999000000003235
10.0,29.0,19.959999,20.190001,19.950001,20.110001,155700.0,0.15000200000000063
10.0,28.0,20.139999,20.139999,19.75,20.040001,257900.0,-0.09999799999999937
10.0,27.0,20.030001,20.07,19.780001,20.07,120400.0,0.03999900000000167
10.0,24.0,20.08,20.280001,19.809999,20.129999,195400.0,0.049999000000003235
10.0,23.0,20.129999,20.280001,19.76,20.030001,272300.0,-0.09999800000000292
10.0,22.0,20.02,20.280001,19.700001,19.85,168800.0,-0.16999999999999815
10.0,21.0,20.370001,20.4,19.790001,19.91,243600.0,-0.46000099999999833
10.0,20.0,20.24,20.469999,19.049999,20.15,262600.0,-0.08999999999999986
10.0,17.0,20.389999,20.6,19.629999,20.1,168000.0,-0.2899989999999981
10.0,16.0,19.01,20.07,19.01,19.93,287200.0,0.9199999999999982
10.0,15.0,18.49,20.0,18.26,19.469999,516700.0,0.979999000000003
10.0,14.0,19.15,19.5,18.24,18.76,409200.0,-0.389999999999997
10.0,13.0,19.59,19.59,19.030001,19.15,215700.0,-0.4400000000000013
10.0,10.0,19.790001,19.889999,18.969999,19.389999,285900.0,-0.40000200000000063
10.0,9.0,20.639999,20.639999,19.9,20.08,217500.0,-0.5599990000000012
10.0,8.0,20.799999,20.940001,20.309999,20.639999,189100.0,-0.16000000000000014
10.0,7.0,21.4,21.469999,20.65,20.74,295800.0,-0.6600000000000001
10.0,6.0,21.75,21.75,21.32,21.440001,260100.0,-0.30999900000000125
10.0,3.0,21.469999,21.9,21.32,21.73,269700.0,0.26000099999999904
10.0,2.0,21.469999,21.52,21.030001,21.42,171200.0,-0.04999899999999968
10.0,1.0,21.73,21.76,21.33,21.379999,226000.0,-0.3500009999999989
9.0,30.0,21.52,21.67,21.35,21.67,269900.0,0.15000000000000213
9.0,29.0,21.43,21.6,21.08,21.35,416300.0,-0.0799999999999983
9.0,26.0,20.85,21.65,20.83,21.530001,306600.0,0.6800009999999972
9.0,25.0,20.620001,20.84,20.57,20.75,288300.0,0.12999900000000153
9.0,24.0,20.610001,20.91,20.440001,20.690001,233300.0,0.0799999999999983
9.0,23.0,20.799999,21.030001,20.58,20.6,290600.0,-0.19999899999999826
9.0,22.0,21.129999,21.139999,20.639999,20.85,303600.0,-0.2799990000000001
9.0,19.0,20.84,21.190001,20.84,21.120001,276100.0,0.2800009999999986
9.0,18.0,21.049999,21.18,20.780001,20.889999,323900.0,-0.16000000000000014
9.0,17.0,21.07,21.25,20.9,21.059999,256900.0,-0.010000999999999038
9.0,16.0,20.65,21.049999,20.58,20.969999,308300.0,0.3199990000000028
9.0,15.0,20.879999,21.1,20.49,20.68,170300.0,-0.19999900000000181
9.0,12.0,21.139999,21.200001,20.620001,20.84,197600.0,-0.2999989999999997
9.0,11.0,21.049999,21.24,20.940001,21.17,247400.0,0.12000100000000202
9.0,10.0,21.42,21.42,20.790001,21.16,281400.0,-0.26000000000000156
9.0,9.0,21.33,21.49,20.870001,21.17,344800.0,-0.1599999999999966
9.0,8.0,21.48,21.57,21.08,21.27,236500.0,-0.21000000000000085
9.0,5.0,21.57,21.57,21.35,21.49,246200.0,-0.08000000000000185
9.0,4.0,21.67,21.76,21.34,21.450001,433500.0,-0.2199990000000014
9.0,3.0,21.9,21.91,21.4,21.540001,248000.0,-0.3599989999999984
9.0,2.0,21.690001,21.889999,21.620001,21.75,365900.0,0.059999000000001246
8.0,29.0,21.91,22.040001,21.370001,21.530001,482600.0,-0.37999900000000153
8.0,28.0,21.51,22.08,21.43,21.700001,599200.0,0.19000099999999875
8.0,27.0,21.6,21.73,21.540001,21.629999,392200.0,0.02999900000000011
8.0,26.0,21.59,21.75,21.52,21.59,438700.0,0.0
8.0,25.0,21.389999,21.6,21.32,21.540001,487900.0,0.15000200000000063
8.0,22.0,21.299999,21.450001,21.16,21.33,462800.0,0.030000999999998612
8.0,21.0,20.870001,21.42,20.799999,21.299999,1253000.0,0.4299980000000012
8.0,20.0,20.889999,21.02,20.610001,20.790001,357600.0,-0.09999799999999937
8.0,19.0,20.49,20.860001,20.309999,20.82,633600.0,0.33000000000000185
8.0,18.0,20.77,20.950001,20.370001,20.42,321600.0,-0.34999999999999787
8.0,15.0,20.690001,20.809999,20.59,20.799999,191300.0,0.10999800000000093
8.0,14.0,20.209999,20.639999,20.200001,20.639999,250600.0,0.4299999999999997
8.0,13.0,20.370001,20.709999,20.030001,20.16,521700.0,-0.21000099999999833
8.0,12.0,20.790001,20.860001,20.120001,20.379999,317100.0,-0.41000199999999865
8.0,11.0,20.139999,20.77,20.1,20.77,606400.0,0.630001
8.0,8.0,19.76,19.959999,19.700001,19.959999,146700.0,0.19999899999999826
8.0,7.0,19.610001,19.780001,19.540001,19.66,114600.0,0.04999899999999968
8.0,6.0,19.43,19.57,19.290001,19.52,348200.0,0.08999999999999986
8.0,5.0,19.629999,19.68,19.33,19.530001,194300.0,-0.09999800000000292
8.0,4.0,19.59,19.719999,19.51,19.67,196900.0,0.08000000000000185
8.0,1.0,19.559999,19.719999,19.139999,19.530001,253000.0,-0.029998000000002634
7.0,31.0,19.85,19.889999,19.360001,19.459999,291600.0,-0.3900010000000016
7.0,30.0,20.190001,20.23,19.92,19.950001,260000.0,-0.23999999999999844
7.0,29.0,20.209999,20.299999,20.09,20.139999,220300.0,-0.07000000000000028
7.0,28.0,20.25,20.280001,20.030001,20.190001,253600.0,-0.059999000000001246
7.0,25.0,20.309999,20.360001,20.129999,20.209999,215900.0,-0.10000000000000142
7.0,24.0,20.459999,20.5,20.299999,20.33,247700.0,-0.12999900000000153
7.0,23.0,20.49,20.629999,20.43,20.440001,297300.0,-0.04999899999999968
7.0,22.0,20.440001,20.549999,20.389999,20.450001,262200.0,0.010000000000001563
7.0,21.0,20.450001,20.5,20.34,20.4,194100.0,-0.05000100000000174
7.0,18.0,20.4,20.48,20.32,20.4,199800.0,0.0
7.0,17.0,20.280001,20.5,20.25,20.32,452100.0,0.03999900000000167
7.0,16.0,20.24,20.35,20.190001,20.33,246100.0,0.08999999999999986
7.0,15.0,20.23,20.23,20.129999,20.209999,208500.0,-0.0200010000000006
7.0,14.0,20.299999,20.379999,20.120001,20.190001,330800.0,-0.10999800000000093
7.0,11.0,20.17,20.27,20.120001,20.27,173800.0,0.09999999999999787
7.0,10.0,20.24,20.35,20.219999,20.32,239600.0,0.08000000000000185
7.0,9.0,20.07,20.389999,20.040001,20.389999,252900.0,0.31999899999999926
7.0,8.0,20.139999,20.15,19.870001,20.049999,209400.0,-0.08999999999999986
7.0,7.0,20.16,20.27,19.93,20.01,197400.0,-0.14999999999999858
7.0,3.0,20.33,20.33,20.040001,20.1,183100.0,-0.22999999999999687
7.0,2.0,20.379999,20.4,20.18,20.27,210800.0,-0.10999900000000196
7.0,1.0,20.200001,20.459999,20.18,20.379999,464100.0,0.1799980000000012
6.0,30.0,20.139999,20.200001,20.08,20.190001,391900.0,0.050001999999999214
6.0,27.0,19.99,20.08,19.92,20.08,249700.0,0.08999999999999986
6.0,26.0,20.049999,20.049999,19.92,19.940001,354200.0,-0.10999800000000093
6.0,25.0,20.030001,20.049999,19.950001,20.049999,253000.0,0.01999800000000107
6.0,24.0,19.98,20.09,19.9,19.950001,465300.0,-0.02999900000000011
6.0,23.0,19.870001,20.0,19.870001,19.98,250000.0,0.10999900000000196
6.0,20.0,19.950001,19.950001,19.83,19.92,169400.0,-0.030000999999998612
6.0,19.0,19.84,19.950001,19.799999,19.950001,243100.0,0.11000100000000046
6.0,18.0,19.9,19.93,19.700001,19.809999,244700.0,-0.09000099999999733
6.0,17.0,19.9,19.950001,19.84,19.9,179300.0,0.0
6.0,16.0,19.85,19.9,19.809999,19.9,191800.0,0.04999999999999716
6.0,13.0,19.76,19.889999,19.700001,19.85,165600.0,0.08999999999999986
6.0,12.0,19.780001,19.82,19.639999,19.74,260000.0,-0.040001000000000175
6.0,11.0,19.84,19.85,19.74,19.809999,177200.0,-0.030000999999998612
6.0,10.0,19.860001,19.889999,19.780001,19.889999,176000.0,0.02999799999999908
6.0,9.0,19.700001,19.83,19.629999,19.83,159600.0,0.12999899999999798
6.0,6.0,19.620001,19.74,19.59,19.709999,154900.0,0.08999800000000135
6.0,5.0,19.709999,19.75,19.51,19.639999,193300.0,-0.07000000000000028
6.0,4.0,19.59,19.65,19.52,19.620001,159400.0,0.030000999999998612
6.0,3.0,19.690001,19.719999,19.43,19.52,178600.0,-0.17000099999999918
6.0,2.0,19.620001,19.700001,19.559999,19.700001,150700.0,0.08000000000000185
5.0,30.0,19.73,19.73,19.530001,19.58,202300.0,-0.15000000000000213
5.0,29.0,19.690001,19.690001,19.540001,19.639999,215300.0,-0.050001999999999214
5.0,28.0,19.620001,19.65,19.52,19.620001,190200.0,0.0
5.0,27.0,19.74,19.74,19.370001,19.559999,150600.0,-0.1800009999999972
5.0,23.0,19.719999,19.74,19.49,19.639999,188400.0,-0.08000000000000185
5.0,22.0,19.59,19.700001,19.5,19.66,184500.0,0.07000000000000028
5.0,21.0,19.42,19.610001,19.4,19.530001,185100.0,0.1100009999999969
5.0,20.0,19.42,19.450001,19.209999,19.450001,213400.0,0.030000999999998612
5.0,19.0,19.49,19.74,19.26,19.370001,224500.0,-0.11999899999999997
5.0,16.0,19.370001,19.639999,19.290001,19.51,246800.0,0.1399990000000031
5.0,15.0,19.18,19.299999,19.129999,19.280001,188600.0,0.1000009999999989
5.0,14.0,19.049999,19.139999,18.99,19.110001,146800.0,0.06000200000000078
5.0,13.0,19.15,19.18,18.959999,19.030001,131600.0,-0.11999899999999997
5.0,12.0,19.16,19.23,19.120001,19.200001,142500.0,0.040001000000000175
5.0,9.0,19.209999,19.209999,19.040001,19.09,135300.0,-0.11999899999999997
5.0,8.0,19.26,19.299999,19.07,19.15,264200.0,-0.11000000000000298
5.0,7.0,19.1,19.280001,19.08,19.23,176800.0,0.129999999999999
5.0,6.0,18.98,19.08,18.93,19.07,171600.0,0.08999999999999986
5.0,5.0,18.889999,18.99,18.83,18.98,127300.0,0.09000100000000089
5.0,2.0,19.120001,19.139999,18.799999,18.9,232500.0,-0.2200009999999999
5.0,1.0,18.92,19.040001,18.85,19.02,189500.0,0.09999999999999787
4.0,30.0,18.85,19.07,18.76,18.9,269000.0,0.04999999999999716
4.0,29.0,18.67,18.85,18.67,18.84,183800.0,0.16999999999999815
4.0,28.0,18.620001,18.67,18.549999,18.67,142300.0,0.049999000000003235
4.0,25.0,18.540001,18.57,18.41,18.5,140700.0,-0.040001000000000175
4.0,24.0,18.67,18.690001,18.459999,18.540001,190700.0,-0.12999900000000153
4.0,23.0,18.639999,18.67,18.530001,18.65,261500.0,0.010000999999999038
4.0,22.0,18.66,18.82,18.530001,18.6,171100.0,-0.05999999999999872
4.0,21.0,18.700001,18.780001,18.620001,18.74,126100.0,0.03999899999999812
4.0,17.0,18.620001,18.700001,18.559999,18.700001,97900.0,0.08000000000000185
4.0,16.0,18.5,18.59,18.459999,18.59,162800.0,0.08999999999999986
4.0,15.0,18.4,18.5,18.34,18.5,245400.0,0.10000000000000142
4.0,14.0,18.360001,18.389999,18.299999,18.389999,154800.0,0.02999799999999908
4.0,11.0,18.23,18.32,18.139999,18.309999,157800.0,0.07999900000000082
4.0,10.0,18.41,18.41,18.23,18.33,155500.0,-0.08000000000000185
4.0,9.0,18.32,18.450001,18.309999,18.389999,255300.0,0.06999899999999926
4.0,8.0,18.139999,18.33,18.129999,18.33,203100.0,0.19000099999999875
4.0,7.0,18.209999,18.27,18.1,18.120001,163300.0,-0.08999800000000135
4.0,4.0,18.23,18.309999,18.16,18.26,197200.0,0.030000000000001137
4.0,3.0,18.110001,18.25,18.09,18.17,207300.0,0.059999000000001246
4.0,2.0,18.190001,18.209999,18.049999,18.139999,237000.0,-0.050001999999999214
4.0,1.0,18.08,18.16,18.0,18.16,177500.0,0.08000000000000185
3.0,31.0,18.23,18.23,17.969999,18.030001,256400.0,-0.19999900000000181
3.0,28.0,17.92,18.17,17.83,18.17,258300.0,0.25
3.0,27.0,17.709999,17.879999,17.709999,17.85,196800.0,0.1400010000000016
3.0,26.0,17.85,17.91,17.66,17.719999,351500.0,-0.13000100000000003
3.0,25.0,17.799999,17.9,17.719999,17.76,369200.0,-0.03999899999999812
3.0,24.0,18.059999,18.059999,17.690001,17.780001,354800.0,-0.27999800000000263
3.0,21.0,18.059999,18.059999,17.93,18.0,220900.0,-0.059999000000001246
3.0,20.0,17.92,18.030001,17.809999,18.0,339400.0,0.0799999999999983
3.0,19.0,18.09,18.139999,17.92,17.93,270100.0,-0.16000000000000014
3.0,18.0,18.08,18.16,18.049999,18.120001,222000.0,0.040001000000000175
3.0,17.0,18.15,18.280001,18.02,18.09,284700.0,-0.05999999999999872
3.0,14.0,18.16,18.25,18.1,18.139999,128400.0,-0.0200010000000006
3.0,13.0,18.34,18.35,18.049999,18.16,139100.0,-0.17999999999999972
3.0,12.0,18.25,18.389999,18.18,18.360001,147500.0,0.11000100000000046
3.0,11.0,18.25,18.309999,18.15,18.219999,179500.0,-0.030000999999998612
3.0,10.0,18.24,18.370001,18.16,18.23,172700.0,-0.00999999999999801
3.0,7.0,18.440001,18.58,18.219999,18.25,206200.0,-0.19000099999999875
3.0,6.0,18.450001,18.52,18.33,18.49,238200.0,0.03999899999999812
3.0,5.0,18.309999,18.42,18.219999,18.379999,180400.0,0.07000000000000028
3.0,4.0,18.4,18.49,18.24,18.299999,160500.0,-0.1000009999999989
3.0,3.0,18.24,18.440001,18.139999,18.299999,181700.0,0.059999000000001246
2.0,28.0,18.25,18.35,18.190001,18.290001,178300.0,0.040001000000000175
2.0,27.0,18.23,18.34,18.129999,18.200001,229000.0,-0.02999900000000011
2.0,26.0,18.35,18.35,18.129999,18.280001,196800.0,-0.06999900000000281
2.0,25.0,18.42,18.42,18.129999,18.200001,248100.0,-0.2199990000000014
2.0,24.0,18.440001,18.49,18.23,18.290001,165600.0,-0.14999999999999858
2.0,21.0,18.26,18.52,18.209999,18.5,134000.0,0.23999999999999844
2.0,20.0,18.34,18.450001,18.030001,18.190001,337800.0,-0.1499990000000011
2.0,19.0,18.799999,18.799999,18.299999,18.309999,188700.0,-0.48999999999999844
2.0,18.0,18.610001,18.75,18.5,18.719999,128600.0,0.10999800000000093
2.0,14.0,18.5,18.84,18.389999,18.68,194900.0,0.17999999999999972
2.0,13.0,18.309999,18.58,18.290001,18.530001,190000.0,0.22000199999999737
2.0,12.0,18.440001,18.5,18.209999,18.4,174300.0,-0.040001000000000175
2.0,11.0,18.41,18.530001,18.34,18.41,302300.0,0.0
2.0,10.0,18.799999,18.799999,18.370001,18.450001,360000.0,-0.34999799999999937
2.0,7.0,18.610001,18.860001,18.610001,18.83,105400.0,0.21999899999999784
2.0,6.0,18.57,18.629999,18.469999,18.59,81500.0,0.019999999999999574
2.0,5.0,18.629999,18.790001,18.43,18.549999,166200.0,-0.08000000000000185
2.0,4.0,18.48,18.790001,18.450001,18.76,130400.0,0.28000000000000114
2.0,3.0,19.08,19.08,18.34,18.540001,178800.0,-0.5399989999999981
1.0,31.0,18.77,18.98,18.68,18.950001,158300.0,0.18000100000000074
1.0,30.0,18.75,18.879999,18.67,18.809999,129400.0,0.059999000000001246
1.0,29.0,18.629999,18.68,18.540001,18.67,118100.0,0.040001000000000175
1.0,28.0,18.75,18.879999,18.559999,18.67,140000.0,-0.0799999999999983
1.0,27.0,18.870001,18.870001,18.450001,18.629999,148200.0,-0.24000199999999694
1.0,24.0,18.889999,19.0,18.709999,18.77,112600.0,-0.11999899999999997
1.0,23.0,19.120001,19.15,18.889999,18.99,155700.0,-0.13000100000000003
1.0,22.0,19.129999,19.24,18.93,19.16,183700.0,0.030000999999998612
1.0,21.0,18.93,19.09,18.76,19.030001,157000.0,0.1000009999999989
1.0,17.0,18.75,18.91,18.709999,18.870001,117900.0,0.12000099999999847
1.0,16.0,18.620001,18.75,18.51,18.68,110700.0,0.059999000000001246
1.0,15.0,18.75,18.77,18.33,18.540001,263500.0,-0.20999899999999982
1.0,14.0,18.889999,18.950001,18.610001,18.719999,152100.0,-0.16999999999999815
1.0,13.0,19.120001,19.25,18.77,18.83,185600.0,-0.2900010000000002
1.0,10.0,19.09,19.09,18.870001,19.030001,121200.0,-0.059999000000001246
1.0,9.0,18.889999,18.91,18.540001,18.84,187300.0,-0.04999899999999968
1.0,8.0,19.0,19.1,18.84,18.889999,163300.0,-0.11000100000000046
1.0,7.0,19.24,19.24,18.92,19.030001,166400.0,-0.20999899999999982
1.0,6.0,19.120001,19.219999,18.91,19.0,96500.0,-0.12000099999999847
1.0,3.0,19.110001,19.200001,18.950001,19.030001,101700.0,-0.08000000000000185
1.0,2.0,19.24,19.24,18.85,18.93,171300.0,-0.3099999999999987
12.0,31.0,19.0,19.290001,18.799999,19.09,431800.0,0.08999999999999986
12.0,30.0,19.0,19.09,18.799999,18.969999,419300.0,-0.030000999999998612
12.0,27.0,18.700001,19.139999,18.65,19.07,363200.0,0.36999899999999997
12.0,26.0,18.459999,18.84,18.360001,18.74,599700.0,0.2800009999999986
12.0,24.0,17.98,18.65,17.950001,18.35,329500.0,0.370000000000001
12.0,23.0,17.85,18.030001,17.75,17.940001,563000.0,0.09000099999999733
12.0,20.0,17.76,17.82,17.639999,17.74,467500.0,-0.020000000000003126
12.0,19.0,17.83,18.15,17.66,17.719999,463500.0,-0.1100009999999969
12.0,18.0,17.91,17.91,17.620001,17.799999,615700.0,-0.11000100000000046
12.0,17.0,18.24,18.299999,17.77,17.84,356600.0,-0.3999999999999986
12.0,16.0,18.0,18.4,17.700001,18.24,508300.0,0.23999999999999844
12.0,13.0,17.690001,21.73,17.5,17.950001,522100.0,0.26000000000000156
12.0,12.0,17.620001,17.75,17.190001,17.68,532000.0,0.059999000000001246
12.0,11.0,17.629999,17.65,17.440001,17.559999,398200.0,-0.07000000000000028
12.0,10.0,17.99,17.99,17.6,17.639999,472300.0,-0.3500009999999989
12.0,9.0,17.879999,18.15,17.65,17.82,430200.0,-0.059999000000001246
12.0,6.0,17.959999,17.959999,17.6,17.75,366600.0,-0.20999899999999982
12.0,5.0,17.889999,17.889999,17.700001,17.780001,288400.0,-0.10999800000000093
12.0,4.0,17.99,18.049999,17.76,17.870001,289300.0,-0.11999899999999997
12.0,3.0,18.25,18.33,17.969999,17.969999,220100.0,-0.2800009999999986
12.0,2.0,18.209999,18.290001,18.040001,18.17,202100.0,-0.03999899999999812
11.0,29.0,18.18,18.23,18.08,18.18,123100.0,0.0
11.0,27.0,18.07,18.190001,17.98,17.99,273300.0,-0.08000000000000185
11.0,26.0,17.959999,18.08,17.85,18.01,407200.0,0.05000100000000174
11.0,25.0,17.84,17.950001,17.73,17.83,532800.0,-0.010000000000001563
11.0,22.0,17.870001,17.969999,17.6,17.93,667800.0,0.059999000000001246
11.0,21.0,17.950001,18.129999,17.799999,17.93,435800.0,-0.0200010000000006
11.0,20.0,17.98,17.99,17.719999,17.889999,539300.0,-0.09000100000000089
11.0,19.0,18.23,18.25,17.57,17.98,520400.0,-0.25
11.0,18.0,18.4,18.4,18.16,18.209999,253300.0,-0.19000099999999875
11.0,15.0,18.27,18.35,18.139999,18.32,377300.0,0.05000000000000071
11.0,14.0,18.57,18.57,18.15,18.209999,284600.0,-0.36000100000000046
11.0,13.0,18.15,18.26,18.1,18.26,147600.0,0.11000000000000298
11.0,12.0,18.5,18.540001,18.200001,18.24,260800.0,-0.26000000000000156
11.0,11.0,18.26,18.58,18.190001,18.49,163200.0,0.22999999999999687
11.0,8.0,18.25,18.25,18.129999,18.200001,144700.0,-0.04999899999999968
11.0,7.0,18.530001,18.530001,18.280001,18.280001,214600.0,-0.25
11.0,6.0,18.5,18.57,18.41,18.450001,223500.0,-0.04999899999999968
11.0,5.0,18.540001,18.58,18.459999,18.51,147400.0,-0.030000999999998612
11.0,4.0,19.0,19.0,18.459999,18.540001,204600.0,-0.4599989999999998
11.0,1.0,18.709999,18.99,18.58,18.99,178300.0,0.2800009999999986
10.0,31.0,18.549999,18.709999,18.459999,18.709999,174700.0,0.16000000000000014
10.0,30.0,18.58,18.75,18.4,18.73,168400.0,0.15000000000000213
10.0,29.0,18.440001,18.540001,18.34,18.42,202500.0,-0.02000099999999705
10.0,28.0,18.450001,18.77,18.35,18.440001,204600.0,-0.010000000000001563
10.0,25.0,18.459999,18.65,18.42,18.48,145800.0,0.0200010000000006
10.0,24.0,18.549999,18.559999,18.360001,18.559999,147900.0,0.010000000000001563
10.0,23.0,18.469999,18.49,18.290001,18.450001,260000.0,-0.01999800000000107
10.0,22.0,18.6,18.870001,18.360001,18.43,189500.0,-0.1700000000000017
10.0,21.0,18.799999,18.83,18.4,18.73,132900.0,-0.06999899999999926
10.0,18.0,19.0,19.110001,18.58,18.700001,81500.0,-0.2999989999999997
10.0,17.0,18.299999,19.0,18.299999,18.85,121800.0,0.5500010000000017
10.0,16.0,18.360001,18.379999,18.15,18.309999,164100.0,-0.050001999999999214
10.0,15.0,18.65,18.65,18.190001,18.200001,114000.0,-0.44999899999999826
10.0,14.0,18.370001,18.52,18.309999,18.51,86000.0,0.1399990000000031
10.0,11.0,18.35,18.440001,18.26,18.42,98100.0,0.07000000000000028
10.0,10.0,18.57,18.74,18.200001,18.280001,231900.0,-0.28999900000000167
10.0,9.0,18.52,18.709999,18.43,18.549999,90000.0,0.02999900000000011
10.0,8.0,18.799999,18.799999,18.379999,18.450001,92700.0,-0.34999799999999937
10.0,7.0,18.77,18.85,18.629999,18.709999,94000.0,-0.06000099999999975
10.0,4.0,18.620001,18.799999,18.6,18.76,88200.0,0.1399990000000031
10.0,3.0,18.65,18.780001,18.4,18.57,176300.0,-0.0799999999999983
10.0,2.0,18.799999,18.91,18.610001,18.66,112100.0,-0.13999899999999954
10.0,1.0,18.639999,18.950001,18.620001,18.75,116100.0,0.11000100000000046
9.0,30.0,18.870001,18.969999,18.629999,18.76,150300.0,-0.1100009999999969
9.0,27.0,18.559999,18.74,18.469999,18.66,190800.0,0.1000009999999989
9.0,26.0,18.73,18.84,18.5,18.549999,126800.0,-0.18000100000000074
9.0,25.0,18.76,18.959999,18.57,18.66,145300.0,-0.10000000000000142
9.0,24.0,19.059999,19.120001,18.690001,18.809999,168800.0,-0.25
9.0,23.0,19.15,19.17,18.91,19.16,74100.0,0.010000000000001563
9.0,20.0,19.139999,19.190001,18.809999,19.030001,122900.0,-0.10999800000000093
9.0,19.0,19.290001,19.299999,18.870001,18.98,118700.0,-0.31000099999999975
9.0,18.0,18.790001,19.25,18.75,19.209999,110700.0,0.41999799999999965
9.0,17.0,19.309999,19.33,18.809999,18.91,142900.0,-0.3999990000000011
9.0,16.0,19.33,19.469999,19.120001,19.190001,85500.0,-0.13999899999999954
9.0,13.0,18.969999,19.24,18.879999,19.129999,81100.0,0.16000000000000014
9.0,12.0,19.139999,19.370001,18.82,18.9,84300.0,-0.23999900000000096
9.0,11.0,19.450001,19.450001,19.190001,19.370001,56200.0,-0.08000000000000185
9.0,10.0,19.5,19.5,19.219999,19.299999,72500.0,-0.20000100000000032
9.0,9.0,19.42,19.5,19.200001,19.4,81000.0,-0.020000000000003126
9.0,6.0,19.459999,19.75,19.139999,19.299999,72000.0,-0.16000000000000014
9.0,5.0,19.27,19.65,19.15,19.450001,42400.0,0.18000100000000074
9.0,4.0,19.35,19.530001,19.09,19.17,64400.0,-0.17999999999999972
9.0,3.0,19.35,19.85,19.049999,19.290001,91300.0,-0.059999000000001246
8.0,30.0,19.790001,19.940001,19.219999,19.32,149800.0,-0.4700009999999999
8.0,29.0,19.74,19.780001,19.67,19.77,124900.0,0.030000000000001137
8.0,28.0,19.780001,19.790001,19.66,19.77,89700.0,-0.010000999999999038
8.0,27.0,19.799999,19.84,19.52,19.780001,144000.0,-0.01999800000000107
8.0,26.0,19.700001,19.9,19.360001,19.799999,169500.0,0.09999799999999937
8.0,23.0,18.91,19.67,18.85,19.67,159200.0,0.7600000000000016
8.0,22.0,18.5,18.889999,18.41,18.84,192000.0,0.33999999999999986
8.0,21.0,18.68,18.690001,18.25,18.4,201900.0,-0.28000000000000114
8.0,20.0,18.75,18.99,18.26,18.42,167200.0,-0.3299999999999983
8.0,19.0,19.09,19.360001,18.25,18.389999,157500.0,-0.7000010000000003
8.0,16.0,19.5,19.780001,18.950001,18.98,138300.0,-0.5199999999999996
8.0,15.0,19.52,19.9,19.42,19.68,109600.0,0.16000000000000014
8.0,14.0,19.9,19.9,19.389999,19.459999,98500.0,-0.44000099999999875
8.0,13.0,19.940001,19.959999,19.65,19.66,108400.0,-0.2800009999999986
8.0,12.0,19.950001,19.969999,19.75,19.9,116200.0,-0.05000100000000174
8.0,9.0,19.9,19.969999,19.77,19.82,99000.0,-0.0799999999999983
8.0,8.0,19.85,19.879999,19.719999,19.780001,96200.0,-0.06999900000000281
8.0,7.0,19.870001,19.889999,19.700001,19.77,113000.0,-0.1000009999999989
8.0,6.0,19.549999,19.92,19.51,19.870001,152300.0,0.3200019999999988
8.0,5.0,19.790001,19.82,19.59,19.790001,71500.0,0.0
8.0,2.0,19.82,19.889999,19.57,19.620001,112200.0,-0.19999900000000181
8.0,1.0,19.450001,19.700001,19.299999,19.549999,104400.0,0.09999799999999937
7.0,31.0,19.440001,19.49,19.1,19.209999,221300.0,-0.23000199999999893
7.0,30.0,19.32,19.41,19.0,19.0,211400.0,-0.3200000000000003
7.0,29.0,19.709999,19.799999,19.24,19.299999,98300.0,-0.41000000000000014
7.0,26.0,19.799999,19.9,19.299999,19.549999,116300.0,-0.25
7.0,25.0,19.450001,19.85,19.01,19.530001,252500.0,0.0799999999999983
7.0,24.0,19.9,19.950001,19.290001,19.450001,138800.0,-0.44999899999999826
7.0,23.0,19.66,19.860001,19.4,19.780001,134900.0,0.12000099999999847
7.0,22.0,19.98,19.98,19.18,19.57,210400.0,-0.41000000000000014
7.0,19.0,19.969999,20.0,19.780001,19.99,141600.0,0.02000099999999705
7.0,18.0,19.99,20.0,19.74,19.98,170000.0,-0.00999999999999801
7.0,17.0,19.799999,19.99,19.799999,19.99,115900.0,0.19000099999999875
7.0,16.0,19.98,19.98,19.85,19.85,147500.0,-0.129999999999999
7.0,15.0,19.82,19.950001,19.75,19.92,179800.0,0.10000000000000142
7.0,12.0,19.85,19.9,19.73,19.879999,90600.0,0.02999900000000011
7.0,11.0,19.85,19.9,19.690001,19.82,164300.0,-0.030000000000001137
7.0,10.0,19.83,19.860001,19.66,19.799999,98300.0,-0.030000999999998612
7.0,9.0,19.610001,19.93,19.57,19.790001,140100.0,0.17999999999999972
7.0,8.0,19.450001,19.799999,19.209999,19.709999,69300.0,0.2599979999999995
7.0,5.0,19.43,19.469999,19.059999,19.200001,66200.0,-0.2299989999999994
7.0,3.0,19.85,19.889999,19.129999,19.299999,73400.0,-0.5500010000000017
7.0,2.0,19.790001,19.85,19.610001,19.809999,102600.0,0.01999800000000107
7.0,1.0,19.700001,19.950001,19.58,19.809999,115100.0,0.10999800000000093
6.0,28.0,19.379999,19.65,19.139999,19.620001,146500.0,0.24000199999999694
6.0,27.0,19.290001,19.620001,19.1,19.1,155500.0,-0.19000099999999875
6.0,26.0,18.92,19.290001,18.83,19.280001,128300.0,0.3600009999999969
6.0,25.0,18.84,19.120001,18.48,18.700001,173000.0,-0.13999899999999954
6.0,24.0,18.540001,19.01,18.110001,18.700001,147000.0,0.16000000000000014
6.0,21.0,19.0,19.01,18.6,18.889999,134800.0,-0.11000100000000046
6.0,20.0,19.190001,19.33,18.6,18.85,183300.0,-0.34000099999999733
6.0,19.0,19.4,19.700001,19.219999,19.32,99900.0,-0.0799999999999983
6.0,18.0,19.27,19.52,19.209999,19.48,95500.0,0.21000000000000085
6.0,17.0,19.16,19.33,19.02,19.209999,141800.0,0.04999899999999968
6.0,14.0,19.35,19.41,18.860001,19.15,231900.0,-0.20000000000000284
6.0,13.0,18.75,19.639999,18.75,19.530001,160700.0,0.7800009999999986
6.0,12.0,19.280001,19.309999,18.6,18.83,268100.0,-0.4500010000000003
6.0,11.0,19.440001,19.440001,19.01,19.139999,156200.0,-0.3000019999999992
6.0,10.0,19.92,20.0,19.440001,19.440001,116500.0,-0.47999900000000295
6.0,7.0,19.799999,19.950001,19.700001,19.870001,77600.0,0.07000199999999879
6.0,6.0,19.6,19.799999,19.52,19.690001,90500.0,0.09000099999999733
6.0,5.0,19.83,19.83,19.530001,19.66,87100.0,-0.16999999999999815
6.0,4.0,19.6,19.799999,19.51,19.629999,101100.0,0.02999900000000011
6.0,3.0,20.0,20.030001,19.639999,19.700001,122200.0,-0.2999989999999997
5.0,31.0,20.18,20.190001,19.860001,19.870001,154300.0,-0.30999900000000125
5.0,30.0,19.969999,20.24,19.91,19.959999,184500.0,-0.010000000000001563
5.0,29.0,20.23,20.23,19.969999,20.02,138600.0,-0.21000000000000085
5.0,28.0,20.290001,20.299999,20.1,20.15,95900.0,-0.1400010000000016
5.0,24.0,20.23,20.32,20.02,20.16,145000.0,-0.07000000000000028
5.0,23.0,20.1,20.18,19.969999,20.049999,183600.0,-0.05000100000000174
5.0,22.0,20.24,20.5,20.120001,20.190001,250900.0,-0.04999899999999968
5.0,21.0,20.27,20.559999,20.02,20.24,436800.0,-0.030000000000001137
5.0,20.0,20.200001,20.42,20.200001,20.389999,152600.0,0.18999799999999922
5.0,17.0,20.17,20.49,20.1,20.33,202700.0,0.1599999999999966
5.0,16.0,20.209999,20.23,19.85,20.15,446700.0,-0.059999000000001246
5.0,15.0,20.440001,20.459999,20.15,20.24,240700.0,-0.20000100000000032
5.0,14.0,20.26,20.379999,20.09,20.15,208300.0,-0.11000000000000298
5.0,13.0,20.17,20.440001,20.030001,20.15,223700.0,-0.020000000000003126
5.0,10.0,20.610001,20.610001,20.02,20.16,277900.0,-0.4500010000000003
5.0,9.0,20.65,20.67,20.4,20.49,249400.0,-0.16000000000000014
5.0,8.0,20.370001,20.950001,20.370001,20.530001,233400.0,0.16000000000000014
5.0,7.0,20.530001,20.6,20.4,20.540001,139700.0,0.010000000000001563
5.0,6.0,20.82,20.91,20.32,20.440001,372200.0,-0.37999900000000153
5.0,3.0,20.549999,20.690001,20.5,20.66,140300.0,0.11000100000000046
5.0,2.0,20.360001,20.65,20.32,20.48,169700.0,0.11999899999999997
5.0,1.0,20.530001,20.65,20.23,20.389999,207800.0,-0.14000199999999907
4.0,30.0,20.700001,20.700001,20.120001,20.440001,257700.0,-0.26000000000000156
4.0,29.0,20.799999,21.040001,19.99,20.700001,943100.0,-0.09999799999999937
4.0,26.0,21.4,21.75,21.209999,21.23,89500.0,-0.16999999999999815
4.0,25.0,21.950001,21.950001,21.25,21.389999,156700.0,-0.5600020000000008
4.0,24.0,22.0,22.0,21.48,21.92,357100.0,-0.0799999999999983
4.0,23.0,21.549999,22.030001,21.469999,21.950001,181800.0,0.40000200000000063
4.0,22.0,21.5,21.700001,21.280001,21.469999,102700.0,-0.030000999999998612
4.0,19.0,21.59,21.719999,21.42,21.52,91000.0,-0.07000000000000028
4.0,18.0,21.43,21.57,21.309999,21.450001,67400.0,0.0200010000000006
4.0,17.0,21.25,21.57,21.08,21.26,119800.0,0.010000000000001563
4.0,16.0,21.42,21.5,21.0,21.24,135300.0,-0.18000000000000327
4.0,15.0,21.08,21.42,20.99,21.299999,91400.0,0.2199990000000014
4.0,12.0,21.25,21.25,20.950001,21.01,72200.0,-0.23999999999999844
4.0,11.0,21.129999,21.299999,20.780001,21.209999,104500.0,0.0799999999999983
4.0,10.0,20.709999,21.15,20.629999,21.129999,134200.0,0.4200000000000017
4.0,9.0,20.540001,20.65,20.35,20.65,86100.0,0.1099989999999984
4.0,8.0,20.48,20.5,20.27,20.5,111500.0,0.019999999999999574
4.0,5.0,20.559999,20.559999,20.200001,20.41,91700.0,-0.1499990000000011
4.0,4.0,20.75,20.75,20.52,20.610001,137600.0,-0.13999899999999954
4.0,3.0,20.68,20.68,20.360001,20.450001,103000.0,-0.2299989999999994
4.0,2.0,20.58,20.75,20.370001,20.68,151100.0,0.10000000000000142
4.0,1.0,20.950001,20.950001,20.450001,20.5,97900.0,-0.4500010000000003
3.0,28.0,20.5,20.700001,20.33,20.700001,188700.0,0.20000100000000032
3.0,27.0,20.139999,20.6,20.09,20.549999,183700.0,0.41000000000000014
3.0,26.0,20.0,20.139999,20.0,20.139999,1539400.0,0.13999899999999954
