9.0,25.0,0.43,0.51,0.43,0.51,600.0,0.08000000000000002
9.0,24.0,0.47,0.51,0.4,0.51,47600.0,0.040000000000000036
9.0,23.0,0.45,0.51,0.42,0.5,54800.0,0.04999999999999999
9.0,22.0,0.47,0.59,0.44,0.45,66900.0,-0.019999999999999962
9.0,21.0,0.55,0.64,0.5,0.55,62800.0,0.0
9.0,18.0,0.56,0.64,0.56,0.64,600.0,0.07999999999999996
9.0,17.0,0.64,0.64,0.64,0.64,300.0,0.0
9.0,16.0,0.56,0.64,0.55,0.6,26800.0,0.039999999999999925
9.0,15.0,0.55,0.64,0.55,0.6,36600.0,0.04999999999999993
9.0,14.0,0.65,0.65,0.65,0.65,0.0,0.0
9.0,11.0,0.56,0.65,0.55,0.65,5600.0,0.08999999999999997
9.0,10.0,0.57,0.68,0.55,0.68,8200.0,0.1100000000000001
9.0,9.0,0.67,0.67,0.63,0.65,1100.0,-0.020000000000000018
9.0,8.0,0.57,0.68,0.57,0.62,5800.0,0.050000000000000044
9.0,4.0,0.58,0.59,0.58,0.58,14900.0,0.0
9.0,3.0,0.57,0.68,0.54,0.67,11400.0,0.10000000000000009
9.0,2.0,0.59,0.59,0.56,0.57,20400.0,-0.020000000000000018
9.0,1.0,0.58,0.69,0.58,0.69,18000.0,0.10999999999999999
8.0,31.0,0.6,0.61,0.59,0.61,18200.0,0.010000000000000009
8.0,28.0,0.63,0.63,0.59,0.63,9400.0,0.0
8.0,27.0,0.69,0.69,0.69,0.69,100.0,0.0
8.0,26.0,0.63,0.63,0.63,0.63,3500.0,0.0
8.0,25.0,0.62,0.69,0.6,0.69,16900.0,0.06999999999999995
8.0,24.0,0.63,0.65,0.62,0.65,19200.0,0.020000000000000018
8.0,21.0,0.63,0.69,0.63,0.69,12700.0,0.05999999999999994
8.0,20.0,0.64,0.68,0.64,0.68,3600.0,0.040000000000000036
8.0,19.0,0.69,0.7,0.63,0.68,3200.0,-0.009999999999999898
8.0,18.0,0.64,0.7,0.64,0.68,39500.0,0.040000000000000036
8.0,17.0,0.69,0.7,0.62,0.7,18300.0,0.010000000000000009
8.0,14.0,0.66,0.7,0.66,0.68,4400.0,0.020000000000000018
8.0,13.0,0.62,0.66,0.62,0.66,20800.0,0.040000000000000036
8.0,12.0,0.58,0.58,0.58,0.58,2000.0,0.0
8.0,11.0,0.6,0.64,0.6,0.64,6400.0,0.040000000000000036
8.0,10.0,0.6,0.65,0.6,0.65,97600.0,0.050000000000000044
8.0,7.0,0.6,0.61,0.6,0.6,29100.0,0.0
8.0,6.0,0.7,0.7,0.6,0.68,41000.0,-0.019999999999999907
8.0,5.0,0.65,0.65,0.65,0.65,0.0,0.0
8.0,4.0,0.65,0.65,0.65,0.65,0.0,0.0
8.0,3.0,0.6,0.65,0.6,0.65,42200.0,0.050000000000000044
7.0,31.0,0.57,0.7,0.55,0.65,54200.0,0.08000000000000007
7.0,30.0,0.6,0.6,0.6,0.6,0.0,0.0
7.0,29.0,0.6,0.6,0.57,0.6,8100.0,0.0
7.0,28.0,0.6,0.6,0.6,0.6,1000.0,0.0
7.0,27.0,0.6,0.6,0.6,0.6,11800.0,0.0
7.0,24.0,0.6,0.6,0.6,0.6,0.0,0.0
7.0,23.0,0.62,0.62,0.57,0.6,2800.0,-0.020000000000000018
7.0,22.0,0.62,0.62,0.57,0.62,19600.0,0.0
7.0,21.0,0.62,0.62,0.62,0.62,0.0,0.0
7.0,20.0,0.62,0.62,0.57,0.62,2600.0,0.0
7.0,17.0,0.6,0.62,0.57,0.62,18200.0,0.020000000000000018
7.0,16.0,0.66,0.66,0.6,0.63,4900.0,-0.030000000000000027
7.0,15.0,0.6,0.7,0.59,0.7,19500.0,0.09999999999999998
7.0,14.0,0.62,0.69,0.6,0.69,5500.0,0.06999999999999995
7.0,13.0,0.6,0.7,0.6,0.7,5900.0,0.09999999999999998
7.0,10.0,0.65,0.7,0.65,0.7,10200.0,0.04999999999999993
7.0,9.0,0.6,0.66,0.6,0.66,5300.0,0.06000000000000005
7.0,8.0,0.6,0.71,0.6,0.71,8700.0,0.10999999999999999
7.0,7.0,0.6,0.71,0.57,0.71,3500.0,0.10999999999999999
7.0,6.0,0.6,0.62,0.6,0.6,18800.0,0.0
7.0,2.0,0.73,0.73,0.63,0.63,63200.0,-0.09999999999999998
7.0,1.0,0.73,0.73,0.73,0.73,100.0,0.0
6.0,30.0,0.69,0.69,0.69,0.69,500.0,0.0
6.0,29.0,0.66,0.66,0.65,0.66,5900.0,0.0
6.0,26.0,0.72,0.72,0.72,0.72,0.0,0.0
6.0,25.0,0.72,0.72,0.72,0.72,0.0,0.0
6.0,24.0,0.72,0.72,0.72,0.72,0.0,0.0
6.0,23.0,0.68,0.72,0.67,0.72,45600.0,0.039999999999999925
6.0,22.0,0.73,0.73,0.69,0.73,11400.0,0.0
6.0,19.0,0.71,0.73,0.69,0.73,13100.0,0.020000000000000018
6.0,18.0,0.69,0.74,0.69,0.74,6800.0,0.050000000000000044
6.0,17.0,0.69,0.73,0.69,0.69,1600.0,0.0
6.0,16.0,0.73,0.73,0.7,0.73,18400.0,0.0
6.0,15.0,0.73,0.73,0.73,0.73,0.0,0.0
6.0,12.0,0.73,0.73,0.73,0.73,200.0,0.0
6.0,11.0,0.72,0.72,0.72,0.72,200.0,0.0
6.0,10.0,0.71,0.71,0.69,0.71,18500.0,0.0
6.0,9.0,0.74,0.74,0.74,0.74,100.0,0.0
6.0,8.0,0.7,0.71,0.69,0.7,106000.0,0.0
6.0,5.0,0.74,0.74,0.74,0.74,100.0,0.0
6.0,4.0,0.72,0.72,0.72,0.72,6000.0,0.0
6.0,3.0,0.76,0.76,0.71,0.74,10500.0,-0.020000000000000018
6.0,2.0,0.72,0.77,0.72,0.77,5500.0,0.050000000000000044
6.0,1.0,0.77,0.77,0.77,0.77,200.0,0.0
5.0,29.0,0.75,0.75,0.75,0.75,200.0,0.0
5.0,28.0,0.72,0.75,0.72,0.75,1000.0,0.030000000000000027
5.0,27.0,0.75,0.75,0.72,0.72,23200.0,-0.030000000000000027
5.0,26.0,0.75,0.75,0.71,0.73,59500.0,-0.020000000000000018
5.0,22.0,0.75,0.8,0.71,0.75,48100.0,0.0
5.0,21.0,0.82,0.82,0.77,0.77,14600.0,-0.04999999999999993
5.0,20.0,0.85,0.87,0.78,0.82,159800.0,-0.030000000000000027
5.0,19.0,0.83,0.83,0.81,0.83,11600.0,0.0
5.0,18.0,0.79,0.83,0.75,0.83,145100.0,0.039999999999999925
5.0,15.0,0.71,0.8,0.71,0.8,76000.0,0.09000000000000008
5.0,14.0,0.7,0.73,0.69,0.72,31400.0,0.020000000000000018
5.0,13.0,0.71,0.73,0.71,0.71,32100.0,0.0
5.0,12.0,0.71,0.73,0.69,0.73,92400.0,0.020000000000000018
5.0,11.0,0.71,0.71,0.7,0.7,20000.0,-0.010000000000000009
5.0,8.0,0.75,0.75,0.67,0.75,7800.0,0.0
5.0,7.0,0.73,0.73,0.65,0.71,51900.0,-0.020000000000000018
5.0,6.0,0.75,0.75,0.7,0.74,9700.0,-0.010000000000000009
5.0,5.0,0.7,0.74,0.7,0.74,8000.0,0.040000000000000036
5.0,4.0,0.74,0.75,0.74,0.75,200.0,0.010000000000000009
5.0,1.0,0.75,0.75,0.7,0.74,49200.0,-0.010000000000000009
4.0,30.0,0.75,0.75,0.7,0.7,57500.0,-0.050000000000000044
4.0,29.0,0.8,0.8,0.72,0.72,13100.0,-0.08000000000000007
4.0,28.0,0.74,0.8,0.71,0.8,69300.0,0.06000000000000005
4.0,27.0,0.75,0.75,0.72,0.75,13500.0,0.0
4.0,24.0,0.82,0.82,0.73,0.73,9600.0,-0.08999999999999997
4.0,23.0,0.73,0.76,0.69,0.76,5600.0,0.030000000000000027
4.0,22.0,0.72,0.73,0.72,0.73,8600.0,0.010000000000000009
4.0,21.0,0.74,0.78,0.74,0.78,11200.0,0.040000000000000036
4.0,20.0,0.76,0.82,0.74,0.74,60200.0,-0.020000000000000018
4.0,17.0,0.75,0.79,0.75,0.79,35900.0,0.040000000000000036
4.0,16.0,0.8,0.8,0.74,0.8,81700.0,0.0
4.0,15.0,0.8,0.82,0.75,0.82,11200.0,0.019999999999999907
4.0,14.0,0.86,0.86,0.84,0.84,1600.0,-0.020000000000000018
4.0,13.0,0.85,0.85,0.85,0.85,7300.0,0.0
4.0,10.0,0.83,0.86,0.82,0.85,17200.0,0.020000000000000018
4.0,9.0,0.84,0.84,0.84,0.84,0.0,0.0
4.0,8.0,0.83,0.88,0.83,0.84,46700.0,0.010000000000000009
4.0,7.0,0.85,0.85,0.83,0.83,26600.0,-0.020000000000000018
4.0,6.0,0.85,0.86,0.85,0.86,41700.0,0.010000000000000009
4.0,2.0,0.79,0.86,0.79,0.86,5100.0,0.06999999999999995
4.0,1.0,0.88,0.88,0.88,0.88,1000.0,0.0
3.0,31.0,0.74,0.9,0.74,0.9,2700.0,0.16000000000000003
3.0,30.0,0.82,0.85,0.82,0.83,21400.0,0.010000000000000009
3.0,27.0,0.86,0.86,0.86,0.86,0.0,0.0
3.0,26.0,0.86,0.86,0.86,0.86,2400.0,0.0
3.0,25.0,0.89,0.89,0.82,0.86,21400.0,-0.030000000000000027
3.0,24.0,0.84,0.85,0.84,0.85,12700.0,0.010000000000000009
3.0,23.0,0.85,0.85,0.85,0.85,62700.0,0.0
3.0,20.0,0.86,0.88,0.83,0.84,48900.0,-0.020000000000000018
3.0,19.0,0.9,0.9,0.86,0.86,13300.0,-0.040000000000000036
3.0,18.0,0.92,0.92,0.92,0.92,0.0,0.0
3.0,17.0,0.92,0.92,0.92,0.92,5100.0,0.0
3.0,16.0,0.92,0.92,0.92,0.92,200.0,0.0
3.0,13.0,0.9,0.92,0.86,0.89,10900.0,-0.010000000000000009
3.0,12.0,0.92,0.92,0.8,0.88,45600.0,-0.040000000000000036
3.0,11.0,0.93,0.93,0.91,0.92,7700.0,-0.010000000000000009
3.0,10.0,1.0,1.0,0.9,0.9,99900.0,-0.09999999999999998
3.0,9.0,0.97,1.0,0.97,1.0,4300.0,0.030000000000000027
3.0,6.0,1.01,1.01,0.97,0.97,4600.0,-0.040000000000000036
3.0,5.0,1.0,1.01,1.0,1.01,10000.0,0.010000000000000009
3.0,4.0,0.95,1.03,0.94,1.03,18600.0,0.08000000000000007
3.0,3.0,1.01,1.05,0.98,0.98,39700.0,-0.030000000000000027
3.0,2.0,0.95,1.05,0.95,1.0,14600.0,0.050000000000000044
2.0,27.0,1.06,1.11,0.94,0.95,90900.0,-0.1100000000000001
2.0,26.0,1.18,1.23,0.95,1.12,122700.0,-0.05999999999999983
2.0,25.0,1.25,1.25,1.13,1.18,29900.0,-0.07000000000000006
2.0,24.0,1.22,1.32,1.22,1.32,5400.0,0.10000000000000009
2.0,23.0,1.2,1.32,1.2,1.32,12300.0,0.1200000000000001
2.0,20.0,1.25,1.33,1.2,1.33,34700.0,0.08000000000000007
2.0,19.0,1.33,1.33,1.26,1.26,23400.0,-0.07000000000000006
2.0,18.0,1.28,1.32,1.24,1.32,24800.0,0.040000000000000036
2.0,17.0,1.3,1.32,1.3,1.32,9900.0,0.020000000000000018
2.0,13.0,1.32,1.33,1.29,1.3,28500.0,-0.020000000000000018
2.0,12.0,1.27,1.32,1.27,1.32,12400.0,0.050000000000000044
2.0,11.0,1.32,1.34,1.25,1.27,18300.0,-0.050000000000000044
2.0,10.0,1.33,1.33,1.33,1.33,0.0,0.0
2.0,9.0,1.33,1.33,1.33,1.33,500.0,0.0
2.0,6.0,1.27,1.33,1.26,1.33,300.0,0.06000000000000005
2.0,5.0,1.3,1.3,1.25,1.29,6400.0,-0.010000000000000009
2.0,4.0,1.33,1.33,1.33,1.33,0.0,0.0
2.0,3.0,1.35,1.35,1.32,1.33,1500.0,-0.020000000000000018
2.0,2.0,1.39,1.39,1.27,1.27,13100.0,-0.11999999999999988
1.0,30.0,1.44,1.44,1.29,1.4,15200.0,-0.040000000000000036
1.0,29.0,1.33,1.37,1.33,1.35,5800.0,0.020000000000000018
1.0,28.0,1.35,1.35,1.35,1.35,0.0,0.0
1.0,27.0,1.3,1.36,1.27,1.35,2700.0,0.050000000000000044
1.0,26.0,1.42,1.42,1.32,1.34,8600.0,-0.07999999999999985
1.0,23.0,1.35,1.43,1.3,1.43,1800.0,0.07999999999999985
1.0,22.0,1.4,1.43,1.4,1.43,3100.0,0.030000000000000027
1.0,21.0,1.45,1.45,1.36,1.4,9700.0,-0.050000000000000044
1.0,20.0,1.54,1.54,1.38,1.5,7800.0,-0.040000000000000036
1.0,16.0,1.42,1.42,1.38,1.38,58100.0,-0.040000000000000036
1.0,15.0,1.49,1.49,1.4,1.49,1700.0,0.0
1.0,14.0,1.51,1.51,1.51,1.51,300.0,0.0
1.0,13.0,1.56,1.56,1.56,1.56,0.0,0.0
1.0,12.0,1.55,1.56,1.55,1.56,13600.0,0.010000000000000009
1.0,9.0,1.47,1.55,1.47,1.55,600.0,0.08000000000000007
1.0,8.0,1.54,1.54,1.5,1.5,10300.0,-0.040000000000000036
1.0,7.0,1.52,1.59,1.36,1.5,30200.0,-0.020000000000000018
1.0,6.0,1.59,1.59,1.53,1.55,17600.0,-0.040000000000000036
1.0,5.0,1.52,1.6,1.52,1.6,2900.0,0.08000000000000007
1.0,2.0,1.51,1.51,1.51,1.51,200.0,0.0
12.0,31.0,1.59,1.59,1.59,1.59,7000.0,0.0
12.0,30.0,1.5,1.59,1.5,1.57,15100.0,0.07000000000000006
12.0,29.0,1.55,1.55,1.46,1.5,9200.0,-0.050000000000000044
12.0,26.0,1.55,1.62,1.51,1.61,19000.0,0.06000000000000005
12.0,24.0,1.62,1.62,1.57,1.57,1200.0,-0.050000000000000044
12.0,23.0,1.6,1.6,1.6,1.6,6000.0,0.0
12.0,22.0,1.55,1.6,1.51,1.6,53100.0,0.050000000000000044
12.0,19.0,1.6,1.6,1.6,1.6,5000.0,0.0
12.0,18.0,1.59,1.6,1.51,1.6,4600.0,0.010000000000000009
12.0,17.0,1.65,1.65,1.5,1.59,51300.0,-0.05999999999999983
12.0,16.0,1.7,1.74,1.7,1.73,1900.0,0.030000000000000027
12.0,15.0,1.7,1.75,1.7,1.7,19000.0,0.0
12.0,12.0,1.71,1.71,1.71,1.71,1000.0,0.0
12.0,11.0,1.72,1.72,1.71,1.72,2100.0,0.0
12.0,10.0,1.7,1.7,1.7,1.7,1000.0,0.0
12.0,9.0,1.7,1.74,1.7,1.71,65300.0,0.010000000000000009
12.0,8.0,1.72,1.72,1.72,1.72,1500.0,0.0
12.0,5.0,1.74,1.74,1.74,1.74,100.0,0.0
12.0,4.0,1.7,1.72,1.61,1.72,14700.0,0.020000000000000018
12.0,3.0,1.7,1.7,1.7,1.7,100.0,0.0
12.0,2.0,1.7,1.7,1.65,1.65,1600.0,-0.050000000000000044
12.0,1.0,1.7,1.7,1.65,1.65,25600.0,-0.050000000000000044
11.0,28.0,1.65,1.7,1.65,1.7,2400.0,0.050000000000000044
11.0,26.0,1.75,1.75,1.75,1.75,0.0,0.0
11.0,25.0,1.75,1.75,1.75,1.75,100.0,0.0
11.0,24.0,1.68,1.7,1.68,1.7,13500.0,0.020000000000000018
11.0,21.0,1.74,1.74,1.59,1.69,26200.0,-0.050000000000000044
11.0,20.0,1.75,1.75,1.67,1.67,21900.0,-0.08000000000000007
11.0,19.0,1.75,1.75,1.71,1.75,20800.0,0.0
11.0,18.0,1.7,1.79,1.7,1.75,3400.0,0.050000000000000044
11.0,17.0,1.66,1.68,1.65,1.68,8800.0,0.020000000000000018
11.0,14.0,1.65,1.7,1.6,1.7,26600.0,0.050000000000000044
11.0,13.0,1.68,1.75,1.6,1.75,49800.0,0.07000000000000006
11.0,12.0,1.62,1.68,1.62,1.68,17500.0,0.05999999999999983
11.0,11.0,1.6,1.6,1.6,1.6,11500.0,0.0
11.0,10.0,1.6,1.6,1.6,1.6,0.0,0.0
11.0,7.0,1.6,1.6,1.59,1.6,7400.0,0.0
11.0,6.0,1.6,1.6,1.51,1.51,6500.0,-0.09000000000000008
11.0,5.0,1.6,1.65,1.6,1.65,4100.0,0.04999999999999982
11.0,4.0,1.65,1.65,1.55,1.6,11900.0,-0.04999999999999982
11.0,3.0,1.6,1.67,1.6,1.67,3200.0,0.06999999999999984
10.0,31.0,1.66,1.68,1.66,1.68,8900.0,0.020000000000000018
10.0,30.0,1.71,1.71,1.58,1.68,4000.0,-0.030000000000000027
10.0,29.0,1.7,1.7,1.7,1.7,0.0,0.0
10.0,28.0,1.7,1.7,1.7,1.7,600.0,0.0
10.0,27.0,1.65,1.7,1.65,1.68,12100.0,0.030000000000000027
10.0,24.0,1.72,1.94,1.65,1.85,8100.0,0.13000000000000012
10.0,23.0,1.75,1.75,1.72,1.75,2200.0,0.0
10.0,22.0,1.71,1.77,1.71,1.77,3700.0,0.06000000000000005
10.0,21.0,1.76,1.89,1.71,1.89,4500.0,0.1299999999999999
10.0,20.0,1.86,1.86,1.53,1.74,19300.0,-0.1200000000000001
10.0,17.0,1.88,1.9,1.85,1.9,3400.0,0.020000000000000018
10.0,16.0,1.86,1.9,1.75,1.9,23100.0,0.039999999999999813
10.0,15.0,1.84,1.92,1.84,1.92,1300.0,0.07999999999999985
10.0,14.0,1.9,1.91,1.83,1.91,3400.0,0.010000000000000009
10.0,13.0,1.89,1.89,1.89,1.89,4500.0,0.0
10.0,10.0,1.86,1.89,1.86,1.89,1100.0,0.029999999999999805
10.0,9.0,1.93,1.93,1.86,1.86,3900.0,-0.06999999999999984
10.0,8.0,1.95,1.95,1.95,1.95,2400.0,0.0
10.0,7.0,1.94,1.94,1.94,1.94,100.0,0.0
10.0,6.0,1.89,1.95,1.89,1.92,18200.0,0.030000000000000027
10.0,3.0,1.9,1.9,1.86,1.89,7500.0,-0.010000000000000009
10.0,2.0,1.92,1.92,1.9,1.9,3000.0,-0.020000000000000018
10.0,1.0,1.95,1.95,1.9,1.92,2000.0,-0.030000000000000027
9.0,30.0,1.98,1.98,1.95,1.95,7600.0,-0.030000000000000027
9.0,29.0,1.98,1.98,1.98,1.98,0.0,0.0
9.0,26.0,1.98,1.98,1.98,1.98,0.0,0.0
9.0,25.0,1.98,1.98,1.98,1.98,4800.0,0.0
9.0,24.0,1.98,1.98,1.98,1.98,0.0,0.0
9.0,23.0,1.98,1.98,1.98,1.98,200.0,0.0
9.0,22.0,1.95,2.0,1.95,1.95,10700.0,0.0
9.0,19.0,1.96,1.96,1.92,1.95,7800.0,-0.010000000000000009
9.0,18.0,1.97,1.98,1.96,1.96,6800.0,-0.010000000000000009
9.0,17.0,1.98,1.98,1.97,1.97,1500.0,-0.010000000000000009
9.0,16.0,1.96,1.97,1.96,1.97,9100.0,0.010000000000000009
9.0,15.0,1.96,1.96,1.95,1.95,6300.0,-0.010000000000000009
9.0,12.0,1.95,1.97,1.95,1.97,4600.0,0.020000000000000018
9.0,11.0,1.96,1.96,1.96,1.96,500.0,0.0
9.0,10.0,1.95,1.99,1.95,1.96,21100.0,0.010000000000000009
9.0,9.0,1.93,1.98,1.93,1.94,8600.0,0.010000000000000009
9.0,8.0,1.98,1.98,1.92,1.92,10200.0,-0.06000000000000005
9.0,5.0,1.97,1.99,1.97,1.99,3000.0,0.020000000000000018
9.0,4.0,2.0,2.0,1.95,1.95,4700.0,-0.050000000000000044
9.0,3.0,2.0,2.0,1.98,2.0,5400.0,0.0
9.0,2.0,2.03,2.03,2.03,2.03,2000.0,0.0
8.0,29.0,2.03,2.03,2.03,2.03,4500.0,0.0
8.0,28.0,2.08,2.08,2.08,2.08,0.0,0.0
8.0,27.0,2.05,2.08,2.02,2.08,4300.0,0.03000000000000025
8.0,26.0,2.03,2.08,2.03,2.08,1200.0,0.050000000000000266
8.0,25.0,2.04,2.1,2.0,2.1,22200.0,0.06000000000000005
8.0,22.0,2.03,2.05,2.03,2.05,10900.0,0.020000000000000018
8.0,21.0,2.01,2.02,2.0,2.01,16100.0,0.0
8.0,20.0,2.05,2.06,2.02,2.02,21700.0,-0.029999999999999805
8.0,19.0,2.1,2.1,2.05,2.05,15400.0,-0.050000000000000266
8.0,18.0,2.1,2.1,2.1,2.1,4600.0,0.0
8.0,15.0,2.18,2.18,2.0,2.05,9100.0,-0.13000000000000034
8.0,14.0,2.1,2.11,2.09,2.11,20400.0,0.009999999999999787
8.0,13.0,2.15,2.18,2.03,2.11,20600.0,-0.040000000000000036
8.0,12.0,2.18,2.18,2.18,2.18,200.0,0.0
8.0,11.0,2.22,2.22,2.15,2.21,2000.0,-0.010000000000000231
8.0,8.0,2.14,2.15,2.1,2.15,1700.0,0.009999999999999787
8.0,7.0,2.05,2.17,2.05,2.17,2200.0,0.1200000000000001
8.0,6.0,2.0,2.14,1.98,2.1,8400.0,0.10000000000000009
8.0,5.0,2.17,2.23,1.97,1.97,24900.0,-0.19999999999999996
8.0,4.0,2.23,2.23,2.23,2.23,1400.0,0.0
8.0,1.0,2.2,2.23,2.15,2.23,7700.0,0.029999999999999805
7.0,31.0,2.1,2.29,2.1,2.21,29200.0,0.10999999999999988
7.0,30.0,2.14,2.14,2.05,2.08,4800.0,-0.06000000000000005
7.0,29.0,2.1,2.17,2.1,2.17,400.0,0.06999999999999984
7.0,28.0,2.1,2.17,2.05,2.17,5500.0,0.06999999999999984
7.0,25.0,2.06,2.1,2.06,2.1,600.0,0.040000000000000036
7.0,24.0,2.19,2.19,2.19,2.19,14000.0,0.0
7.0,23.0,2.0,2.19,1.96,2.19,6300.0,0.18999999999999995
7.0,22.0,2.04,2.08,1.91,2.05,18200.0,0.009999999999999787
7.0,21.0,1.99,2.08,1.99,2.08,4200.0,0.09000000000000008
7.0,18.0,2.05,2.05,1.98,2.05,7100.0,0.0
7.0,17.0,2.08,2.14,2.0,2.0,30300.0,-0.08000000000000007
7.0,16.0,2.1,2.2,2.08,2.2,900.0,0.10000000000000009
7.0,15.0,2.1,2.1,2.1,2.1,700.0,0.0
7.0,14.0,2.19,2.19,2.15,2.15,2100.0,-0.040000000000000036
7.0,11.0,2.06,2.15,2.06,2.15,9100.0,0.08999999999999986
7.0,10.0,2.08,2.1,2.05,2.05,9000.0,-0.03000000000000025
7.0,9.0,2.15,2.15,2.09,2.1,3100.0,-0.04999999999999982
7.0,8.0,2.15,2.15,2.15,2.15,2200.0,0.0
7.0,7.0,2.1,2.15,2.1,2.15,800.0,0.04999999999999982
7.0,3.0,2.18,2.18,2.18,2.18,24800.0,0.0
7.0,2.0,2.18,2.2,2.18,2.2,36500.0,0.020000000000000018
7.0,1.0,2.28,2.28,2.28,2.28,0.0,0.0
6.0,30.0,2.28,2.28,2.28,2.28,700.0,0.0
6.0,27.0,2.23,2.28,2.18,2.28,15700.0,0.04999999999999982
6.0,26.0,2.0,2.3,1.96,2.23,65400.0,0.22999999999999998
6.0,25.0,2.23,2.25,2.0,2.08,40000.0,-0.1499999999999999
6.0,24.0,2.19,2.2,2.16,2.2,9600.0,0.010000000000000231
6.0,23.0,2.26,2.26,2.18,2.2,17800.0,-0.05999999999999961
6.0,20.0,2.26,2.34,2.2,2.26,46100.0,0.0
6.0,19.0,2.45,2.45,2.45,2.45,15400.0,0.0
6.0,18.0,2.49,2.51,2.49,2.51,1100.0,0.019999999999999574
6.0,17.0,2.5,2.52,2.49,2.5,13400.0,0.0
6.0,16.0,2.5,2.5,2.5,2.5,1100.0,0.0
6.0,13.0,2.43,2.67,2.4,2.5,13800.0,0.06999999999999984
6.0,12.0,2.31,2.45,2.3,2.43,7600.0,0.1200000000000001
6.0,11.0,2.02,2.41,2.02,2.36,20500.0,0.33999999999999986
6.0,10.0,1.99,2.09,1.98,2.09,64900.0,0.09999999999999987
6.0,9.0,1.92,1.92,1.84,1.91,23400.0,-0.010000000000000009
6.0,6.0,1.98,1.98,1.86,1.98,9000.0,0.0
6.0,5.0,1.86,2.0,1.85,1.98,23800.0,0.11999999999999988
6.0,4.0,1.92,1.92,1.82,1.87,25400.0,-0.04999999999999982
6.0,3.0,1.85,1.85,1.85,1.85,4100.0,0.0
6.0,2.0,1.85,1.85,1.85,1.85,11200.0,0.0
5.0,30.0,1.87,1.93,1.85,1.85,12600.0,-0.020000000000000018
5.0,29.0,1.87,1.87,1.87,1.87,700.0,0.0
5.0,28.0,1.88,1.88,1.88,1.88,0.0,0.0
5.0,27.0,1.86,1.88,1.78,1.88,25800.0,0.019999999999999796
5.0,23.0,1.85,1.85,1.85,1.85,2400.0,0.0
5.0,22.0,1.9,1.9,1.85,1.85,8300.0,-0.04999999999999982
5.0,21.0,1.88,1.9,1.83,1.9,6500.0,0.020000000000000018
5.0,20.0,1.9,1.9,1.81,1.85,4900.0,-0.04999999999999982
5.0,19.0,1.9,1.91,1.9,1.91,11000.0,0.010000000000000009
5.0,16.0,1.9,1.9,1.9,1.9,0.0,0.0
5.0,15.0,1.9,1.9,1.9,1.9,500.0,0.0
5.0,14.0,1.87,1.93,1.85,1.93,5600.0,0.05999999999999983
5.0,13.0,1.82,1.93,1.76,1.87,19900.0,0.050000000000000044
5.0,12.0,1.86,1.86,1.75,1.85,43200.0,-0.010000000000000009
5.0,9.0,1.9,1.9,1.8,1.87,30500.0,-0.029999999999999805
5.0,8.0,1.9,1.92,1.85,1.9,21600.0,0.0
5.0,7.0,1.97,1.97,1.9,1.97,1900.0,0.0
5.0,6.0,1.93,2.05,1.9,2.0,7200.0,0.07000000000000006
5.0,5.0,1.91,2.04,1.91,2.0,3300.0,0.09000000000000008
5.0,2.0,2.04,2.04,2.02,2.02,2300.0,-0.020000000000000018
5.0,1.0,2.06,2.06,1.8,2.05,32900.0,-0.010000000000000231
4.0,30.0,2.25,2.25,2.06,2.15,24900.0,-0.10000000000000009
4.0,29.0,2.31,2.31,2.31,2.31,100.0,0.0
4.0,28.0,2.33,2.33,2.31,2.31,900.0,-0.020000000000000018
4.0,25.0,2.34,2.34,2.34,2.34,900.0,0.0
4.0,24.0,2.31,2.31,2.31,2.31,200.0,0.0
4.0,23.0,2.38,2.4,2.3,2.31,24500.0,-0.06999999999999984
4.0,22.0,2.34,2.47,2.34,2.47,3400.0,0.13000000000000034
4.0,21.0,2.37,2.46,2.37,2.46,31800.0,0.08999999999999986
4.0,17.0,2.35,2.38,2.32,2.38,8600.0,0.029999999999999805
4.0,16.0,2.39,2.39,2.39,2.39,0.0,0.0
4.0,15.0,2.34,2.39,2.34,2.39,3200.0,0.050000000000000266
4.0,14.0,2.36,2.36,2.35,2.35,1400.0,-0.009999999999999787
4.0,11.0,2.39,2.4,2.33,2.4,16600.0,0.009999999999999787
4.0,10.0,2.41,2.41,2.41,2.41,0.0,0.0
4.0,9.0,2.38,2.43,2.38,2.41,13300.0,0.03000000000000025
4.0,8.0,2.38,2.38,2.38,2.38,0.0,0.0
4.0,7.0,2.45,2.45,2.31,2.38,15300.0,-0.07000000000000028
4.0,4.0,2.35,2.4,2.31,2.37,11400.0,0.020000000000000018
4.0,3.0,2.37,2.41,2.28,2.31,3500.0,-0.06000000000000005
4.0,2.0,2.34,2.37,2.25,2.37,10200.0,0.03000000000000025
4.0,1.0,2.57,2.57,2.17,2.38,82100.0,-0.18999999999999995
3.0,31.0,2.64,2.67,2.42,2.58,11000.0,-0.06000000000000005
3.0,28.0,2.75,2.75,2.61,2.7,14900.0,-0.04999999999999982
3.0,27.0,2.91,2.91,2.25,2.8,57400.0,-0.11000000000000032
3.0,26.0,3.09,3.1,2.93,2.93,33700.0,-0.1599999999999997
3.0,25.0,3.0,3.02,3.0,3.0,6600.0,0.0
3.0,24.0,3.01,3.01,2.95,3.0,22000.0,-0.009999999999999787
3.0,21.0,3.08,3.08,3.08,3.08,0.0,0.0
3.0,20.0,3.0,3.08,3.0,3.08,1200.0,0.08000000000000007
3.0,19.0,3.08,3.1,3.08,3.09,11000.0,0.009999999999999787
3.0,18.0,3.1,3.1,2.86,2.98,7200.0,-0.1200000000000001
3.0,17.0,2.85,3.05,2.85,3.05,5300.0,0.19999999999999973
3.0,14.0,2.98,3.0,2.97,3.0,1700.0,0.020000000000000018
3.0,13.0,2.92,2.92,2.89,2.89,1600.0,-0.029999999999999805
3.0,12.0,3.2,3.2,2.86,2.86,11700.0,-0.3400000000000003
3.0,11.0,3.2,3.25,2.95,3.05,48200.0,-0.15000000000000036
3.0,10.0,2.95,3.25,2.9,3.25,39800.0,0.2999999999999998
3.0,7.0,2.83,2.9,2.81,2.9,1700.0,0.06999999999999984
3.0,6.0,2.92,2.92,2.8,2.8,17300.0,-0.1200000000000001
3.0,5.0,2.88,2.98,2.85,2.98,23800.0,0.10000000000000009
3.0,4.0,2.9,2.9,2.84,2.89,9700.0,-0.009999999999999787
3.0,3.0,3.0,3.08,2.95,2.95,15100.0,-0.04999999999999982
2.0,28.0,2.94,3.0,2.75,2.95,24300.0,0.010000000000000231
2.0,27.0,2.81,2.92,2.81,2.92,3600.0,0.10999999999999988
2.0,26.0,2.83,2.9,2.82,2.9,3700.0,0.06999999999999984
2.0,25.0,2.88,2.95,2.77,2.95,17500.0,0.07000000000000028
2.0,24.0,2.85,2.9,2.75,2.88,39100.0,0.029999999999999805
2.0,21.0,2.9,2.91,2.83,2.85,9600.0,-0.04999999999999982
2.0,20.0,2.86,3.0,2.86,2.9,8500.0,0.040000000000000036
2.0,19.0,2.95,2.95,2.86,2.88,4900.0,-0.07000000000000028
2.0,18.0,2.9,2.97,2.85,2.95,21700.0,0.050000000000000266
2.0,14.0,2.94,2.97,2.9,2.94,16100.0,0.0
2.0,13.0,3.08,3.08,2.85,2.99,34500.0,-0.08999999999999986
2.0,12.0,3.08,3.1,3.08,3.08,3400.0,0.0
2.0,11.0,3.06,3.08,3.06,3.08,2600.0,0.020000000000000018
2.0,10.0,3.15,3.15,3.05,3.06,15300.0,-0.08999999999999986
2.0,7.0,3.13,3.13,3.06,3.1,4900.0,-0.029999999999999805
2.0,6.0,3.05,3.15,3.05,3.15,1900.0,0.10000000000000009
2.0,5.0,3.03,3.14,3.0,3.13,13900.0,0.10000000000000009
2.0,4.0,3.28,3.28,3.15,3.16,15100.0,-0.11999999999999966
2.0,3.0,3.45,3.45,3.28,3.3,6000.0,-0.15000000000000036
1.0,31.0,3.45,3.59,3.36,3.39,14000.0,-0.06000000000000005
1.0,30.0,3.5,3.5,3.35,3.41,3300.0,-0.08999999999999986
1.0,29.0,3.39,3.42,3.35,3.42,12300.0,0.029999999999999805
1.0,28.0,3.3,3.4,3.2,3.4,23300.0,0.10000000000000009
1.0,27.0,3.37,3.37,3.23,3.25,41300.0,-0.1200000000000001
1.0,24.0,3.33,3.38,3.2,3.26,36600.0,-0.07000000000000028
1.0,23.0,3.47,3.5,3.26,3.32,39200.0,-0.15000000000000036
1.0,22.0,3.8,3.95,3.1,3.45,350800.0,-0.34999999999999964
1.0,21.0,2.21,3.25,2.1,2.99,340300.0,0.7800000000000002
1.0,17.0,2.0,2.0,1.97,2.0,6200.0,0.0
1.0,16.0,1.95,2.0,1.95,1.97,30700.0,0.020000000000000018
1.0,15.0,2.05,2.05,1.9,1.9,74200.0,-0.1499999999999999
1.0,14.0,2.1,2.2,1.9,1.9,60500.0,-0.20000000000000018
1.0,13.0,1.96,2.0,1.83,1.85,29300.0,-0.10999999999999988
1.0,10.0,2.2,2.2,1.95,1.96,38400.0,-0.2400000000000002
1.0,9.0,2.15,2.4,2.15,2.2,11900.0,0.050000000000000266
1.0,8.0,2.6,2.6,2.21,2.4,9700.0,-0.20000000000000018
1.0,7.0,2.46,2.46,2.2,2.2,6000.0,-0.2599999999999998
1.0,6.0,2.19,2.47,2.11,2.21,25000.0,0.020000000000000018
1.0,3.0,2.24,2.46,2.18,2.19,59900.0,-0.050000000000000266
1.0,2.0,2.1,2.23,2.01,2.19,13800.0,0.08999999999999986
12.0,31.0,2.05,2.24,2.05,2.12,14600.0,0.07000000000000028
12.0,30.0,1.93,2.05,1.75,2.05,47600.0,0.11999999999999988
12.0,27.0,1.65,1.99,1.65,1.95,17500.0,0.30000000000000004
12.0,26.0,1.46,1.72,1.42,1.6,93000.0,0.14000000000000012
12.0,24.0,1.46,1.46,1.46,1.46,5000.0,0.0
12.0,23.0,1.45,1.45,1.45,1.45,10000.0,0.0
12.0,20.0,1.46,1.46,1.3,1.4,9800.0,-0.06000000000000005
12.0,19.0,1.46,1.46,1.46,1.46,6300.0,0.0
12.0,18.0,1.44,1.46,1.4,1.45,5200.0,0.010000000000000009
12.0,17.0,1.45,1.5,1.43,1.44,25400.0,-0.010000000000000009
12.0,16.0,1.45,1.45,1.45,1.45,1100.0,0.0
12.0,13.0,1.45,1.46,1.45,1.45,11300.0,0.0
12.0,12.0,1.41,1.46,1.4,1.45,31500.0,0.040000000000000036
12.0,11.0,1.47,1.47,1.41,1.41,7300.0,-0.06000000000000005
12.0,10.0,1.45,1.59,1.45,1.48,37800.0,0.030000000000000027
12.0,9.0,1.65,1.65,1.62,1.62,10100.0,-0.029999999999999805
12.0,6.0,1.7,1.7,1.68,1.68,3300.0,-0.020000000000000018
12.0,5.0,1.6,1.85,1.5,1.85,21900.0,0.25
12.0,4.0,1.71,1.71,1.71,1.71,1000.0,0.0
12.0,3.0,1.85,1.85,1.85,1.85,0.0,0.0
12.0,2.0,1.85,1.85,1.85,1.85,0.0,0.0
11.0,29.0,1.85,1.85,1.85,1.85,6700.0,0.0
11.0,27.0,1.78,1.82,1.63,1.82,12700.0,0.040000000000000036
11.0,26.0,1.7,1.98,1.7,1.8,21700.0,0.10000000000000009
11.0,25.0,1.74,2.25,1.6,2.25,76200.0,0.51
11.0,22.0,1.8,1.84,1.8,1.84,2800.0,0.040000000000000036
11.0,21.0,1.95,2.25,1.8,1.8,15800.0,-0.1499999999999999
11.0,20.0,2.1,2.1,1.68,1.77,65700.0,-0.33000000000000007
11.0,19.0,1.61,2.05,1.56,2.05,96600.0,0.4399999999999997
11.0,18.0,1.55,1.75,1.55,1.61,20800.0,0.06000000000000005
11.0,15.0,1.59,1.75,1.48,1.75,20900.0,0.15999999999999992
11.0,14.0,1.59,1.99,1.59,1.8,21700.0,0.20999999999999996
11.0,13.0,1.48,1.8,1.48,1.65,49400.0,0.16999999999999993
11.0,12.0,1.3,1.3,1.3,1.3,900.0,0.0
11.0,11.0,1.45,1.45,1.45,1.45,0.0,0.0
11.0,8.0,1.5,1.5,1.35,1.45,11000.0,-0.050000000000000044
11.0,7.0,1.5,1.5,1.5,1.5,0.0,0.0
11.0,6.0,1.35,1.5,1.35,1.5,9600.0,0.1499999999999999
11.0,5.0,1.17,1.4,1.17,1.35,9600.0,0.18000000000000016
11.0,4.0,1.14,1.18,1.1,1.18,5700.0,0.040000000000000036
11.0,1.0,1.12,1.12,1.12,1.12,0.0,0.0
10.0,31.0,1.09,1.12,1.09,1.12,9400.0,0.030000000000000027
10.0,30.0,1.02,1.02,1.02,1.02,0.0,0.0
10.0,29.0,1.02,1.02,1.02,1.02,600.0,0.0
10.0,28.0,1.02,1.07,1.0,1.0,76700.0,-0.020000000000000018
10.0,25.0,1.01,1.01,1.01,1.01,0.0,0.0
10.0,24.0,1.01,1.01,1.01,1.01,0.0,0.0
10.0,23.0,1.01,1.01,1.01,1.01,0.0,0.0
10.0,22.0,1.02,1.02,1.01,1.01,7300.0,-0.010000000000000009
10.0,21.0,1.0,1.03,0.91,1.0,31400.0,0.0
10.0,18.0,1.05,1.05,1.04,1.04,7100.0,-0.010000000000000009
10.0,17.0,1.05,1.09,1.05,1.05,119200.0,0.0
10.0,16.0,1.07,1.08,1.0,1.05,147900.0,-0.020000000000000018
10.0,15.0,1.05,1.07,1.05,1.06,7500.0,0.010000000000000009
10.0,14.0,1.06,1.06,1.06,1.06,300.0,0.0
10.0,11.0,1.05,1.05,1.05,1.05,0.0,0.0
10.0,10.0,1.05,1.05,1.05,1.05,4000.0,0.0
10.0,9.0,1.06,1.06,1.05,1.05,10100.0,-0.010000000000000009
10.0,8.0,1.06,1.12,1.06,1.12,3500.0,0.06000000000000005
10.0,7.0,1.06,1.06,1.06,1.06,0.0,0.0
10.0,4.0,1.06,1.06,1.06,1.06,6100.0,0.0
10.0,3.0,1.1,1.1,1.1,1.1,0.0,0.0
10.0,2.0,1.1,1.1,1.1,1.1,0.0,0.0
10.0,1.0,1.1,1.1,1.1,1.1,0.0,0.0
9.0,30.0,1.06,1.1,1.06,1.1,35300.0,0.040000000000000036
9.0,27.0,1.05,1.06,1.05,1.06,16800.0,0.010000000000000009
9.0,26.0,1.0,1.0,1.0,1.0,5000.0,0.0
9.0,25.0,0.9,0.9,0.9,0.9,0.0,0.0
9.0,24.0,0.9,0.9,0.9,0.9,0.0,0.0
9.0,23.0,0.9,0.9,0.9,0.9,0.0,0.0
9.0,20.0,0.9,0.95,0.9,0.9,95600.0,0.0
9.0,19.0,1.05,1.05,1.05,1.05,0.0,0.0
9.0,18.0,1.05,1.05,1.05,1.05,0.0,0.0
9.0,17.0,1.05,1.05,1.05,1.05,0.0,0.0
9.0,16.0,1.05,1.05,1.05,1.05,500.0,0.0
9.0,13.0,1.15,1.15,1.15,1.15,800.0,0.0
9.0,12.0,0.99,1.2,0.99,1.2,43600.0,0.20999999999999996
9.0,11.0,0.99,0.99,0.99,0.99,200.0,0.0
9.0,10.0,0.99,0.99,0.99,0.99,0.0,0.0
9.0,9.0,0.99,0.99,0.99,0.99,300.0,0.0
9.0,6.0,0.99,0.99,0.99,0.99,300.0,0.0
9.0,5.0,0.99,0.99,0.86,0.86,1200.0,-0.13
9.0,4.0,0.9,0.9,0.83,0.83,16800.0,-0.07000000000000006
9.0,3.0,1.0,1.0,0.82,0.9,5400.0,-0.09999999999999998
8.0,30.0,0.97,0.98,0.97,0.98,8700.0,0.010000000000000009
8.0,29.0,0.89,0.89,0.89,0.89,0.0,0.0
8.0,28.0,0.89,0.89,0.8,0.89,10600.0,0.0
8.0,27.0,0.95,0.95,0.95,0.95,1000.0,0.0
8.0,26.0,0.91,0.91,0.91,0.91,0.0,0.0
8.0,23.0,0.91,0.91,0.91,0.91,0.0,0.0
8.0,22.0,0.91,0.91,0.91,0.91,0.0,0.0
8.0,21.0,0.91,0.91,0.91,0.91,600.0,0.0
8.0,20.0,0.99,0.99,0.99,0.99,0.0,0.0
8.0,19.0,0.99,0.99,0.99,0.99,0.0,0.0
8.0,16.0,0.99,0.99,0.99,0.99,0.0,0.0
8.0,15.0,1.0,1.0,0.76,0.99,18300.0,-0.010000000000000009
8.0,14.0,0.95,0.95,0.95,0.95,200.0,0.0
8.0,13.0,1.0,1.0,1.0,1.0,0.0,0.0
8.0,12.0,0.89,1.0,0.88,1.0,33000.0,0.10999999999999999
8.0,9.0,0.83,0.83,0.83,0.83,0.0,0.0
8.0,8.0,0.83,0.83,0.83,0.83,2400.0,0.0
8.0,7.0,0.85,0.85,0.85,0.85,0.0,0.0
8.0,6.0,0.85,0.91,0.85,0.85,8200.0,0.0
8.0,5.0,0.83,0.83,0.83,0.83,2000.0,0.0
8.0,2.0,0.83,0.83,0.82,0.82,5100.0,-0.010000000000000009
8.0,1.0,0.9,0.9,0.9,0.9,0.0,0.0
7.0,31.0,0.9,0.9,0.9,0.9,0.0,0.0
7.0,30.0,0.9,0.9,0.9,0.9,0.0,0.0
7.0,29.0,0.9,0.9,0.9,0.9,0.0,0.0
7.0,26.0,0.9,0.9,0.9,0.9,0.0,0.0
7.0,25.0,0.9,0.9,0.9,0.9,8500.0,0.0
7.0,24.0,0.91,0.91,0.91,0.91,0.0,0.0
7.0,23.0,0.91,0.91,0.91,0.91,0.0,0.0
7.0,22.0,0.91,0.91,0.91,0.91,0.0,0.0
7.0,19.0,0.91,0.91,0.91,0.91,0.0,0.0
7.0,18.0,0.91,0.91,0.91,0.91,200.0,0.0
7.0,17.0,0.81,0.81,0.81,0.81,0.0,0.0
7.0,16.0,0.81,0.81,0.81,0.81,0.0,0.0
7.0,15.0,0.81,0.81,0.81,0.81,0.0,0.0
7.0,12.0,0.81,0.81,0.81,0.81,0.0,0.0
7.0,11.0,0.92,0.92,0.81,0.81,300.0,-0.10999999999999999
7.0,10.0,0.92,0.92,0.91,0.91,200.0,-0.010000000000000009
7.0,9.0,0.9,0.9,0.9,0.9,0.0,0.0
7.0,8.0,0.9,0.9,0.9,0.9,100.0,0.0
7.0,5.0,0.81,0.92,0.81,0.92,3000.0,0.10999999999999999
7.0,3.0,0.9,0.9,0.9,0.9,0.0,0.0
7.0,2.0,0.92,0.92,0.9,0.9,1100.0,-0.020000000000000018
7.0,1.0,0.9,0.9,0.9,0.9,2000.0,0.0
6.0,28.0,0.97,0.99,0.97,0.99,200.0,0.020000000000000018
6.0,27.0,0.9,0.9,0.9,0.9,0.0,0.0
6.0,26.0,0.9,0.9,0.9,0.9,0.0,0.0
6.0,25.0,0.9,0.9,0.9,0.9,0.0,0.0
6.0,24.0,0.9,0.9,0.9,0.9,0.0,0.0
6.0,21.0,1.0,1.0,0.9,0.9,400.0,-0.09999999999999998
6.0,20.0,1.0,1.0,1.0,1.0,200.0,0.0
6.0,19.0,0.9,1.0,0.9,1.0,6900.0,0.09999999999999998
6.0,18.0,1.0,1.0,1.0,1.0,1000.0,0.0
6.0,17.0,0.9,0.9,0.9,0.9,0.0,0.0
6.0,14.0,0.9,0.9,0.9,0.9,6200.0,0.0
6.0,13.0,0.9,0.9,0.9,0.9,0.0,0.0
6.0,12.0,0.9,0.9,0.9,0.9,6000.0,0.0
6.0,11.0,0.85,0.85,0.85,0.85,0.0,0.0
6.0,10.0,0.85,0.85,0.85,0.85,0.0,0.0
6.0,7.0,0.85,0.85,0.85,0.85,0.0,0.0
6.0,6.0,0.61,0.85,0.61,0.85,15200.0,0.24
6.0,5.0,0.85,0.85,0.85,0.85,2500.0,0.0
6.0,4.0,1.0,1.0,1.0,1.0,0.0,0.0
6.0,3.0,1.0,1.0,1.0,1.0,0.0,0.0
5.0,31.0,0.9,1.0,0.9,1.0,5000.0,0.09999999999999998
5.0,30.0,1.0,1.0,1.0,1.0,0.0,0.0
5.0,29.0,1.0,1.0,1.0,1.0,0.0,0.0
5.0,28.0,1.0,1.0,1.0,1.0,0.0,0.0
5.0,24.0,1.0,1.0,1.0,1.0,900.0,0.0
5.0,23.0,0.99,0.99,0.99,0.99,0.0,0.0
5.0,22.0,0.99,0.99,0.99,0.99,0.0,0.0
5.0,21.0,0.99,0.99,0.99,0.99,0.0,0.0
5.0,20.0,0.99,0.99,0.99,0.99,0.0,0.0
5.0,17.0,1.0,1.0,0.99,0.99,5200.0,-0.010000000000000009
5.0,16.0,1.0,1.0,1.0,1.0,1000.0,0.0
5.0,15.0,1.0,1.0,1.0,1.0,0.0,0.0
5.0,14.0,0.98,1.0,0.98,1.0,34800.0,0.020000000000000018
5.0,13.0,0.98,0.98,0.98,0.98,0.0,0.0
5.0,10.0,0.98,0.98,0.98,0.98,0.0,0.0
5.0,9.0,0.98,0.98,0.98,0.98,1000.0,0.0
5.0,8.0,0.98,0.98,0.98,0.98,1000.0,0.0
5.0,7.0,1.04,1.04,1.04,1.04,0.0,0.0
5.0,6.0,1.04,1.04,1.04,1.04,0.0,0.0
5.0,3.0,1.04,1.04,1.04,1.04,0.0,0.0
5.0,2.0,0.76,1.04,0.76,1.04,5500.0,0.28
5.0,1.0,0.94,0.94,0.94,0.94,0.0,0.0
4.0,30.0,0.94,0.94,0.94,0.94,0.0,0.0
4.0,29.0,0.94,0.94,0.94,0.94,0.0,0.0
4.0,26.0,0.95,0.95,0.94,0.94,9100.0,-0.010000000000000009
4.0,25.0,0.95,0.95,0.95,0.95,0.0,0.0
4.0,24.0,0.95,0.95,0.95,0.95,0.0,0.0
4.0,23.0,0.95,0.95,0.95,0.95,0.0,0.0
4.0,22.0,0.95,0.95,0.95,0.95,0.0,0.0
4.0,19.0,0.95,0.95,0.95,0.95,0.0,0.0
4.0,18.0,0.95,0.95,0.95,0.95,200.0,0.0
4.0,17.0,0.9,0.9,0.9,0.9,0.0,0.0
4.0,16.0,0.9,0.9,0.9,0.9,0.0,0.0
4.0,15.0,0.9,0.9,0.9,0.9,0.0,0.0
4.0,12.0,0.9,0.9,0.9,0.9,0.0,0.0
4.0,11.0,0.95,0.95,0.9,0.9,2200.0,-0.04999999999999993
4.0,10.0,0.9,0.9,0.9,0.9,0.0,0.0
4.0,9.0,0.99,0.99,0.9,0.9,43800.0,-0.08999999999999997
4.0,8.0,0.95,1.0,0.94,0.99,25000.0,0.040000000000000036
4.0,5.0,1.04,1.04,1.04,1.04,0.0,0.0
4.0,4.0,1.04,1.04,1.04,1.04,200.0,0.0
4.0,3.0,1.04,1.04,1.04,1.04,5000.0,0.0
4.0,2.0,1.05,1.05,1.03,1.03,31000.0,-0.020000000000000018
4.0,1.0,1.01,1.05,1.01,1.05,18700.0,0.040000000000000036
3.0,28.0,0.9,1.0,0.9,1.0,15000.0,0.09999999999999998
3.0,27.0,0.9,1.0,0.9,1.0,11300.0,0.09999999999999998
3.0,26.0,0.81,0.85,0.81,0.85,14800.0,0.039999999999999925
3.0,25.0,0.85,0.85,0.83,0.83,25400.0,-0.020000000000000018
3.0,22.0,0.9,0.9,0.9,0.9,3600.0,0.0
3.0,21.0,0.95,0.95,0.95,0.95,0.0,0.0
3.0,20.0,0.95,0.95,0.95,0.95,0.0,0.0
3.0,19.0,0.95,0.95,0.95,0.95,0.0,0.0
3.0,18.0,0.95,1.0,0.9,0.95,41600.0,0.0
3.0,15.0,0.9,1.05,0.9,1.05,200.0,0.15000000000000002
3.0,14.0,1.05,1.05,1.05,1.05,0.0,0.0
3.0,13.0,1.05,1.05,1.05,1.05,0.0,0.0
3.0,12.0,1.05,1.05,1.05,1.05,0.0,0.0
3.0,11.0,1.06,1.06,1.05,1.05,5500.0,-0.010000000000000009
3.0,8.0,1.05,1.05,1.05,1.05,0.0,0.0
3.0,7.0,1.05,1.05,1.05,1.05,0.0,0.0
3.0,6.0,1.05,1.05,1.05,1.05,0.0,0.0
3.0,5.0,1.05,1.05,1.05,1.05,0.0,0.0
3.0,4.0,1.05,1.05,1.0,1.05,30800.0,0.0
3.0,1.0,1.05,1.05,1.05,1.05,0.0,0.0
2.0,28.0,0.98,1.05,0.98,1.05,25700.0,0.07000000000000006
2.0,27.0,0.9,0.9,0.9,0.9,200.0,0.0
2.0,26.0,0.98,0.98,0.98,0.98,700.0,0.0
2.0,25.0,1.0,1.0,1.0,1.0,400.0,0.0
2.0,22.0,0.95,0.95,0.95,0.95,3100.0,0.0
2.0,21.0,0.72,0.9,0.72,0.9,17600.0,0.18000000000000005
2.0,20.0,0.91,0.91,0.72,0.72,15500.0,-0.19000000000000006
2.0,19.0,1.16,1.16,0.93,0.96,35600.0,-0.19999999999999996
2.0,15.0,1.21,1.21,1.21,1.21,0.0,0.0
2.0,14.0,1.21,1.21,1.21,1.21,0.0,0.0
2.0,13.0,1.21,1.21,1.21,1.21,1100.0,0.0
2.0,12.0,1.21,1.27,1.21,1.27,1100.0,0.06000000000000005
2.0,11.0,1.21,1.21,1.21,1.21,3000.0,0.0
2.0,8.0,1.2,1.2,1.2,1.2,3500.0,0.0
2.0,7.0,1.5,1.5,1.5,1.5,0.0,0.0
2.0,6.0,1.5,1.5,1.5,1.5,0.0,0.0
2.0,5.0,1.5,1.5,1.5,1.5,0.0,0.0
2.0,4.0,1.5,1.5,1.5,1.5,0.0,0.0
2.0,1.0,1.5,1.5,1.5,1.5,0.0,0.0
1.0,31.0,1.4,1.5,1.4,1.5,5000.0,0.10000000000000009
1.0,30.0,1.4,1.4,1.4,1.4,2000.0,0.0
1.0,29.0,1.35,1.35,1.35,1.35,0.0,0.0
1.0,28.0,1.35,1.35,1.35,1.35,3000.0,0.0
1.0,25.0,1.4,1.4,1.26,1.26,10000.0,-0.1399999999999999
1.0,24.0,1.37,1.5,1.37,1.41,1300.0,0.039999999999999813
1.0,23.0,1.3,1.34,1.3,1.34,9400.0,0.040000000000000036
1.0,22.0,1.3,1.3,1.25,1.3,9700.0,0.0
1.0,18.0,1.3,1.3,1.3,1.3,0.0,0.0
1.0,17.0,1.3,1.3,1.3,1.3,0.0,0.0
1.0,16.0,1.3,1.3,1.3,1.3,0.0,0.0
1.0,15.0,1.3,1.3,1.3,1.3,200.0,0.0
1.0,14.0,1.25,1.25,1.25,1.25,5500.0,0.0
1.0,11.0,1.25,1.25,1.25,1.25,0.0,0.0
1.0,10.0,1.24,1.25,1.24,1.25,6100.0,0.010000000000000009
1.0,9.0,1.21,1.21,1.21,1.21,0.0,0.0
1.0,8.0,1.21,1.21,1.21,1.21,0.0,0.0
1.0,7.0,1.21,1.21,1.21,1.21,0.0,0.0
1.0,4.0,1.1,1.21,1.1,1.21,10600.0,0.10999999999999988
1.0,3.0,1.2,1.2,1.13,1.2,6200.0,0.0
1.0,2.0,1.23,1.24,1.23,1.24,10500.0,0.010000000000000009
12.0,31.0,1.16,1.23,1.16,1.23,2300.0,0.07000000000000006
12.0,28.0,1.14,1.14,1.14,1.14,1200.0,0.0
12.0,27.0,1.12,1.12,1.12,1.12,100.0,0.0
12.0,26.0,1.15,1.15,1.15,1.15,0.0,0.0
12.0,24.0,1.15,1.15,1.15,1.15,100.0,0.0
12.0,21.0,1.15,1.15,1.15,1.15,500.0,0.0
12.0,20.0,1.15,1.15,1.15,1.15,0.0,0.0
12.0,19.0,1.15,1.15,1.15,1.15,400.0,0.0
12.0,18.0,1.15,1.15,1.15,1.15,0.0,0.0
12.0,17.0,1.15,1.15,1.15,1.15,0.0,0.0
12.0,14.0,1.15,1.15,1.15,1.15,2000.0,0.0
12.0,13.0,1.24,1.24,1.24,1.24,0.0,0.0
12.0,12.0,1.24,1.24,1.24,1.24,3500.0,0.0
12.0,11.0,1.24,1.24,1.24,1.24,0.0,0.0
12.0,10.0,1.24,1.24,1.24,1.24,0.0,0.0
12.0,7.0,1.24,1.24,1.24,1.24,0.0,0.0
12.0,6.0,1.24,1.24,1.24,1.24,2100.0,0.0
12.0,5.0,1.3,1.3,1.25,1.25,16000.0,-0.050000000000000044
12.0,4.0,1.25,1.25,1.25,1.25,0.0,0.0
12.0,3.0,1.25,1.25,1.25,1.25,0.0,0.0
11.0,30.0,1.15,1.25,1.15,1.25,27300.0,0.10000000000000009
11.0,29.0,1.15,1.15,1.15,1.15,0.0,0.0
11.0,28.0,1.1,1.15,1.1,1.15,10000.0,0.04999999999999982
11.0,27.0,1.15,1.15,1.15,1.15,0.0,0.0
11.0,26.0,0.91,1.15,0.9,1.15,18500.0,0.23999999999999988
11.0,23.0,0.9,1.19,0.9,1.19,22000.0,0.2899999999999999
11.0,21.0,1.05,1.05,0.99,0.99,11800.0,-0.06000000000000005
11.0,20.0,1.05,1.05,1.05,1.05,10000.0,0.0
11.0,19.0,1.1,1.1,1.05,1.05,3000.0,-0.050000000000000044
11.0,16.0,1.1,1.1,1.1,1.1,0.0,0.0
11.0,15.0,1.1,1.1,1.1,1.1,0.0,0.0
11.0,14.0,0.95,1.1,0.94,1.1,23000.0,0.15000000000000013
11.0,13.0,1.06,1.06,1.0,1.0,12600.0,-0.06000000000000005
11.0,12.0,1.1,1.1,1.1,1.1,6500.0,0.0
11.0,9.0,1.02,1.02,1.02,1.02,0.0,0.0
11.0,8.0,1.02,1.02,1.02,1.02,0.0,0.0
11.0,7.0,1.02,1.02,1.02,1.02,0.0,0.0
11.0,6.0,1.02,1.02,1.02,1.02,6500.0,0.0
11.0,5.0,1.21,1.21,1.21,1.21,0.0,0.0
11.0,2.0,1.02,1.21,1.0,1.21,20200.0,0.18999999999999995
11.0,1.0,0.95,0.95,0.95,0.95,0.0,0.0
10.0,31.0,0.95,0.95,0.95,0.95,1000.0,0.0
10.0,26.0,1.1,1.1,1.1,1.1,8200.0,0.0
10.0,25.0,1.05,1.1,1.0,1.05,36000.0,0.0
10.0,24.0,1.1,1.1,1.1,1.1,5000.0,0.0
10.0,23.0,1.12,1.12,1.1,1.1,18000.0,-0.020000000000000018
10.0,22.0,1.3,1.3,1.3,1.3,0.0,0.0
10.0,19.0,1.3,1.3,1.3,1.3,0.0,0.0
10.0,18.0,1.3,1.3,1.3,1.3,0.0,0.0
10.0,17.0,1.3,1.3,1.3,1.3,0.0,0.0
10.0,16.0,1.3,1.3,1.3,1.3,0.0,0.0
10.0,15.0,1.3,1.3,1.3,1.3,0.0,0.0
10.0,12.0,1.3,1.3,1.3,1.3,0.0,0.0
10.0,11.0,1.3,1.3,1.3,1.3,0.0,0.0
10.0,10.0,1.3,1.3,1.3,1.3,500.0,0.0
10.0,9.0,1.3,1.3,1.3,1.3,10500.0,0.0
10.0,8.0,1.4,1.4,1.4,1.4,0.0,0.0
10.0,5.0,1.4,1.4,1.4,1.4,2000.0,0.0
10.0,4.0,1.4,1.4,1.4,1.4,1000.0,0.0
10.0,3.0,1.59,1.59,1.59,1.59,0.0,0.0
10.0,2.0,1.59,1.59,1.59,1.59,0.0,0.0
10.0,1.0,1.59,1.59,1.59,1.59,5000.0,0.0
9.0,28.0,1.44,1.6,1.3,1.6,4200.0,0.16000000000000014
9.0,27.0,1.2,1.2,1.2,1.2,0.0,0.0
9.0,26.0,1.2,1.2,1.2,1.2,0.0,0.0
9.0,25.0,1.2,1.2,1.2,1.2,0.0,0.0
9.0,24.0,1.05,1.2,1.0,1.2,39800.0,0.1499999999999999
9.0,21.0,1.05,1.05,1.05,1.05,0.0,0.0
9.0,20.0,1.11,1.2,1.05,1.05,81400.0,-0.06000000000000005
9.0,19.0,1.3,1.3,1.3,1.3,0.0,0.0
9.0,18.0,1.3,1.3,1.3,1.3,0.0,0.0
9.0,17.0,1.3,1.3,1.3,1.3,0.0,0.0
9.0,14.0,1.3,1.3,1.3,1.3,0.0,0.0
9.0,13.0,1.3,1.3,1.3,1.3,0.0,0.0
9.0,12.0,1.3,1.3,1.3,1.3,0.0,0.0
9.0,11.0,1.3,1.3,1.3,1.3,0.0,0.0
9.0,10.0,1.3,1.3,1.3,1.3,500.0,0.0
9.0,7.0,1.35,1.35,1.35,1.35,0.0,0.0
9.0,6.0,1.35,1.35,1.35,1.35,0.0,0.0
9.0,5.0,1.35,1.35,1.35,1.35,0.0,0.0
9.0,4.0,1.35,1.35,1.35,1.35,0.0,0.0
8.0,31.0,1.08,1.35,1.08,1.35,3500.0,0.27
8.0,30.0,1.05,1.05,1.05,1.05,2500.0,0.0
8.0,29.0,1.1,1.1,1.1,1.1,0.0,0.0
8.0,28.0,1.1,1.1,1.1,1.1,10000.0,0.0
8.0,27.0,1.1,1.1,1.09,1.1,9600.0,0.0
8.0,24.0,1.1,1.1,1.1,1.1,500.0,0.0
8.0,23.0,1.05,1.2,1.05,1.2,1400.0,0.1499999999999999
8.0,22.0,1.05,1.05,1.05,1.05,0.0,0.0
8.0,21.0,1.02,1.05,1.02,1.05,13200.0,0.030000000000000027
8.0,20.0,1.05,1.05,1.05,1.05,0.0,0.0
8.0,17.0,1.05,1.05,1.05,1.05,0.0,0.0
8.0,16.0,1.05,1.05,1.05,1.05,0.0,0.0
8.0,15.0,1.22,1.22,1.05,1.05,44500.0,-0.16999999999999993
8.0,14.0,1.25,1.25,1.25,1.25,0.0,0.0
8.0,13.0,1.25,1.25,1.25,1.25,5900.0,0.0
8.0,10.0,1.25,1.25,1.25,1.25,0.0,0.0
8.0,9.0,1.25,1.25,1.25,1.25,0.0,0.0
8.0,8.0,1.25,1.25,1.25,1.25,0.0,0.0
8.0,7.0,1.1,1.25,1.1,1.25,6300.0,0.1499999999999999
8.0,6.0,1.1,1.1,1.1,1.1,8500.0,0.0
8.0,3.0,1.1,1.1,1.1,1.1,0.0,0.0
8.0,2.0,1.1,1.1,1.1,1.1,13000.0,0.0
8.0,1.0,1.09,1.09,1.09,1.09,0.0,0.0
7.0,31.0,1.02,1.09,1.02,1.09,1300.0,0.07000000000000006
7.0,30.0,1.1,1.1,1.1,1.1,0.0,0.0
7.0,27.0,1.1,1.1,1.1,1.1,3200.0,0.0
7.0,26.0,1.05,1.05,1.05,1.05,0.0,0.0
7.0,25.0,1.05,1.05,1.05,1.05,2500.0,0.0
7.0,24.0,1.1,1.1,1.1,1.1,0.0,0.0
7.0,23.0,1.1,1.1,1.1,1.1,0.0,0.0
7.0,20.0,1.1,1.1,1.1,1.1,10000.0,0.0
7.0,19.0,1.15,1.15,1.1,1.1,3100.0,-0.04999999999999982
7.0,18.0,1.35,1.35,1.19,1.25,19500.0,-0.10000000000000009
7.0,17.0,1.4,1.4,1.4,1.4,500.0,0.0
7.0,16.0,1.5,1.5,1.5,1.5,0.0,0.0
7.0,13.0,1.5,1.5,1.5,1.5,0.0,0.0
7.0,12.0,1.5,1.5,1.5,1.5,0.0,0.0
7.0,11.0,1.5,1.5,1.5,1.5,0.0,0.0
7.0,10.0,1.5,1.5,1.5,1.5,0.0,0.0
7.0,9.0,1.5,1.5,1.5,1.5,0.0,0.0
7.0,6.0,1.5,1.5,1.5,1.5,0.0,0.0
7.0,5.0,1.5,1.5,1.5,1.5,0.0,0.0
7.0,3.0,1.5,1.5,1.5,1.5,0.0,0.0
7.0,2.0,1.14,1.5,1.1,1.5,36900.0,0.3600000000000001
6.0,29.0,1.3,1.3,1.3,1.3,0.0,0.0
6.0,28.0,1.3,1.3,1.3,1.3,0.0,0.0
6.0,27.0,1.3,1.3,1.29,1.3,2100.0,0.0
6.0,26.0,1.3,1.3,1.3,1.3,5000.0,0.0
6.0,25.0,1.4,1.4,1.4,1.4,1000.0,0.0
6.0,22.0,1.4,1.4,1.4,1.4,0.0,0.0
6.0,21.0,1.4,1.4,1.4,1.4,1500.0,0.0
6.0,20.0,1.5,1.5,1.5,1.5,0.0,0.0
6.0,19.0,1.5,1.5,1.5,1.5,500.0,0.0
6.0,18.0,1.5,1.5,1.5,1.5,0.0,0.0
6.0,15.0,1.52,1.52,1.5,1.5,8000.0,-0.020000000000000018
6.0,14.0,1.65,1.65,1.65,1.65,0.0,0.0
6.0,13.0,1.65,1.65,1.65,1.65,500.0,0.0
6.0,12.0,1.7,1.7,1.7,1.7,0.0,0.0
6.0,11.0,1.7,1.7,1.7,1.7,0.0,0.0
6.0,8.0,1.78,1.8,1.7,1.7,44600.0,-0.08000000000000007
6.0,7.0,1.78,1.78,1.78,1.78,16700.0,0.0
6.0,6.0,1.78,1.78,1.78,1.78,500.0,0.0
6.0,5.0,1.78,1.78,1.78,1.78,500.0,0.0
6.0,4.0,1.78,1.78,1.78,1.78,500.0,0.0
6.0,1.0,1.8,1.8,1.78,1.78,5000.0,-0.020000000000000018
5.0,31.0,1.69,1.8,1.69,1.7,18000.0,0.010000000000000009
5.0,30.0,1.69,1.7,1.69,1.7,13500.0,0.010000000000000009
5.0,29.0,1.78,1.78,1.78,1.78,0.0,0.0
5.0,25.0,1.75,1.78,1.75,1.78,15100.0,0.030000000000000027
5.0,24.0,1.8,1.8,1.8,1.8,5400.0,0.0
5.0,23.0,1.8,1.8,1.8,1.8,18800.0,0.0
5.0,22.0,1.8,1.8,1.8,1.8,5600.0,0.0
5.0,21.0,1.8,1.8,1.8,1.8,0.0,0.0
5.0,18.0,1.8,1.8,1.8,1.8,5400.0,0.0
5.0,17.0,1.8,1.8,1.8,1.8,0.0,0.0
5.0,16.0,1.15,1.8,1.15,1.8,1100.0,0.6500000000000001
5.0,15.0,1.8,1.8,1.8,1.8,0.0,0.0
5.0,14.0,1.8,1.8,1.8,1.8,46000.0,0.0
5.0,11.0,1.8,1.8,1.8,1.8,54400.0,0.0
5.0,10.0,1.8,1.8,1.8,1.8,0.0,0.0
5.0,9.0,1.8,1.8,1.8,1.8,0.0,0.0
5.0,8.0,1.83,1.83,1.8,1.8,22700.0,-0.030000000000000027
5.0,7.0,1.9,1.9,1.9,1.9,77000.0,0.0
5.0,4.0,2.0,2.0,2.0,2.0,0.0,0.0
5.0,3.0,1.93,2.0,1.93,2.0,53400.0,0.07000000000000006
5.0,2.0,2.0,2.0,2.0,2.0,50000.0,0.0
5.0,1.0,2.1,2.1,2.1,2.1,0.0,0.0
4.0,30.0,2.1,2.1,2.1,2.1,500.0,0.0
4.0,27.0,2.28,2.28,2.28,2.28,0.0,0.0
4.0,26.0,2.0,2.3,2.0,2.28,14200.0,0.2799999999999998
4.0,25.0,2.0,2.0,2.0,2.0,30000.0,0.0
4.0,24.0,2.2,2.2,2.0,2.0,5800.0,-0.20000000000000018
4.0,23.0,2.45,2.45,2.45,2.45,2000.0,0.0
4.0,20.0,2.2,2.2,2.2,2.2,0.0,0.0
4.0,19.0,1.91,2.2,1.91,2.2,600.0,0.29000000000000026
4.0,18.0,2.18,2.18,2.18,2.18,0.0,0.0
4.0,17.0,2.18,2.18,2.18,2.18,0.0,0.0
4.0,16.0,2.18,2.18,2.18,2.18,0.0,0.0
4.0,13.0,2.18,2.18,2.18,2.18,0.0,0.0
4.0,12.0,2.18,2.18,2.18,2.18,20000.0,0.0
4.0,11.0,2.3,2.3,2.3,2.3,0.0,0.0
4.0,10.0,2.01,2.3,2.0,2.3,55000.0,0.29000000000000004
4.0,9.0,2.25,2.25,2.01,2.25,29000.0,0.0
4.0,5.0,2.25,2.25,2.25,2.25,2000.0,0.0
4.0,4.0,2.25,2.25,2.25,2.25,200.0,0.0
4.0,3.0,2.3,2.3,2.3,2.3,0.0,0.0
4.0,2.0,2.3,2.3,2.3,2.3,5200.0,0.0
3.0,30.0,2.25,2.3,2.25,2.25,24800.0,0.0
3.0,29.0,1.99,2.1,1.99,2.1,21600.0,0.1100000000000001
3.0,28.0,2.01,2.05,2.0,2.0,36200.0,-0.009999999999999787
3.0,27.0,2.01,2.01,2.01,2.01,2500.0,0.0
3.0,26.0,2.01,2.01,2.0,2.0,25900.0,-0.009999999999999787
3.0,23.0,2.35,2.35,2.35,2.35,0.0,0.0
3.0,22.0,1.99,2.35,1.99,2.35,18000.0,0.3600000000000001
3.0,21.0,1.95,1.95,1.95,1.95,500.0,0.0
3.0,20.0,2.0,2.0,2.0,2.0,4000.0,0.0
3.0,19.0,2.01,2.01,2.01,2.01,0.0,0.0
3.0,16.0,2.01,2.01,2.01,2.01,7500.0,0.0
3.0,15.0,1.98,1.98,1.98,1.98,0.0,0.0
3.0,14.0,1.98,1.98,1.98,1.98,2000.0,0.0
3.0,13.0,1.97,1.98,1.97,1.98,11500.0,0.010000000000000009
3.0,12.0,1.96,1.97,1.96,1.97,10000.0,0.010000000000000009
3.0,9.0,2.01,2.01,2.01,2.01,2000.0,0.0
3.0,8.0,2.05,2.05,2.05,2.05,0.0,0.0
3.0,7.0,2.05,2.05,2.05,2.05,0.0,0.0
3.0,6.0,2.05,2.05,2.05,2.05,0.0,0.0
3.0,5.0,2.05,2.05,2.05,2.05,1500.0,0.0
3.0,2.0,1.9,1.96,1.9,1.95,23500.0,0.050000000000000044
3.0,1.0,1.96,1.96,1.96,1.96,0.0,0.0
2.0,29.0,1.96,1.96,1.96,1.96,0.0,0.0
2.0,28.0,1.96,1.96,1.96,1.96,0.0,0.0
2.0,27.0,1.96,1.96,1.96,1.96,0.0,0.0
2.0,24.0,1.96,1.96,1.96,1.96,0.0,0.0
2.0,23.0,1.96,1.96,1.96,1.96,6000.0,0.0
2.0,22.0,1.91,1.91,1.91,1.91,0.0,0.0
2.0,21.0,1.91,1.91,1.91,1.91,0.0,0.0
2.0,17.0,1.91,1.91,1.91,1.91,3700.0,0.0
2.0,16.0,1.9,1.9,1.9,1.9,1000.0,0.0
2.0,15.0,1.97,1.97,1.97,1.97,600.0,0.0
2.0,14.0,1.99,1.99,1.99,1.99,0.0,0.0
2.0,13.0,1.99,1.99,1.99,1.99,33800.0,0.0
2.0,10.0,1.99,1.99,1.99,1.99,0.0,0.0
2.0,9.0,1.93,2.0,1.93,1.99,3900.0,0.06000000000000005
2.0,8.0,1.9,1.9,1.9,1.9,0.0,0.0
2.0,7.0,1.94,1.94,1.9,1.9,6000.0,-0.040000000000000036
2.0,6.0,1.8,1.8,1.8,1.8,0.0,0.0
2.0,3.0,1.83,1.83,1.8,1.8,5000.0,-0.030000000000000027
2.0,2.0,2.0,2.0,2.0,2.0,0.0,0.0
2.0,1.0,2.0,2.0,2.0,2.0,0.0,0.0
1.0,31.0,2.0,2.0,2.0,2.0,1000.0,0.0
1.0,30.0,1.91,1.91,1.9,1.9,1600.0,-0.010000000000000009
1.0,27.0,2.0,2.0,2.0,2.0,2000.0,0.0
1.0,26.0,2.0,2.0,2.0,2.0,500.0,0.0
1.0,25.0,2.0,2.0,2.0,2.0,0.0,0.0
1.0,24.0,1.9,2.0,1.9,2.0,180700.0,0.10000000000000009
1.0,23.0,1.94,1.94,1.94,1.94,0.0,0.0
1.0,20.0,1.9,1.94,1.9,1.94,1200.0,0.040000000000000036
1.0,19.0,1.9,1.9,1.6,1.6,2500.0,-0.2999999999999998
1.0,18.0,1.94,1.94,1.94,1.94,0.0,0.0
1.0,17.0,1.96,2.0,1.94,1.94,6100.0,-0.020000000000000018
1.0,13.0,2.0,2.0,2.0,2.0,300.0,0.0
1.0,12.0,2.0,2.0,2.0,2.0,0.0,0.0
1.0,11.0,2.0,2.0,2.0,2.0,0.0,0.0
1.0,10.0,2.0,2.0,2.0,2.0,0.0,0.0
1.0,9.0,2.0,2.0,2.0,2.0,0.0,0.0
1.0,6.0,2.0,2.0,2.0,2.0,0.0,0.0
1.0,5.0,2.0,2.01,1.99,2.0,36000.0,0.0
1.0,4.0,2.0,2.0,2.0,2.0,0.0,0.0
1.0,3.0,2.0,2.0,2.0,2.0,0.0,0.0
12.0,30.0,1.98,2.0,1.98,2.0,9700.0,0.020000000000000018
12.0,29.0,1.9,1.9,1.72,1.72,4100.0,-0.17999999999999994
12.0,28.0,2.0,2.0,2.0,2.0,1700.0,0.0
12.0,27.0,2.0,2.0,2.0,2.0,0.0,0.0
12.0,23.0,2.0,2.0,2.0,2.0,0.0,0.0
12.0,22.0,2.0,2.0,2.0,2.0,0.0,0.0
12.0,21.0,2.0,2.0,2.0,2.0,0.0,0.0
12.0,20.0,2.0,2.0,2.0,2.0,0.0,0.0
12.0,19.0,2.0,2.0,2.0,2.0,0.0,0.0
12.0,16.0,2.0,2.0,2.0,2.0,0.0,0.0
12.0,15.0,2.0,2.0,2.0,2.0,0.0,0.0
12.0,14.0,2.0,2.0,2.0,2.0,1400.0,0.0
12.0,13.0,2.0,2.0,2.0,2.0,0.0,0.0
12.0,12.0,2.0,2.0,2.0,2.0,0.0,0.0
12.0,9.0,2.0,2.0,2.0,2.0,0.0,0.0
12.0,8.0,2.1,2.1,2.0,2.0,2500.0,-0.10000000000000009
12.0,7.0,2.1,2.1,2.1,2.1,0.0,0.0
12.0,6.0,2.1,2.25,2.1,2.1,7100.0,0.0
12.0,5.0,2.0,2.0,2.0,2.0,0.0,0.0
12.0,2.0,2.0,2.0,2.0,2.0,0.0,0.0
12.0,1.0,2.0,2.0,2.0,2.0,0.0,0.0
11.0,30.0,2.0,2.0,2.0,2.0,0.0,0.0
11.0,29.0,2.0,2.0,2.0,2.0,0.0,0.0
11.0,28.0,2.0,2.0,2.0,2.0,0.0,0.0
11.0,25.0,2.0,2.0,2.0,2.0,5000.0,0.0
11.0,23.0,2.0,2.0,2.0,2.0,0.0,0.0
11.0,22.0,2.0,2.0,2.0,2.0,5800.0,0.0
11.0,21.0,2.0,2.0,2.0,2.0,16500.0,0.0
11.0,18.0,2.0,2.4,2.0,2.4,5700.0,0.3999999999999999
11.0,17.0,2.0,2.0,2.0,2.0,24900.0,0.0
11.0,16.0,2.01,2.01,2.0,2.0,19500.0,-0.009999999999999787
11.0,15.0,2.01,2.15,2.0,2.01,11900.0,0.0
11.0,14.0,2.0,2.0,2.0,2.0,0.0,0.0
11.0,11.0,2.0,2.0,2.0,2.0,0.0,0.0
11.0,10.0,1.94,2.01,1.94,2.0,40700.0,0.06000000000000005
11.0,9.0,1.95,1.95,1.95,1.95,0.0,0.0
11.0,8.0,1.95,1.95,1.95,1.95,0.0,0.0
11.0,7.0,1.61,1.95,1.61,1.95,700.0,0.33999999999999986
11.0,4.0,1.95,1.95,1.95,1.95,0.0,0.0
11.0,3.0,1.95,1.95,1.95,1.95,0.0,0.0
11.0,2.0,1.95,1.95,1.95,1.95,0.0,0.0
11.0,1.0,1.95,1.95,1.95,1.95,0.0,0.0
10.0,31.0,1.95,1.95,1.95,1.95,0.0,0.0
10.0,28.0,1.95,1.95,1.95,1.95,300.0,0.0
10.0,27.0,2.0,2.0,2.0,2.0,0.0,0.0
10.0,26.0,2.0,2.0,2.0,2.0,0.0,0.0
10.0,25.0,2.0,2.0,2.0,2.0,0.0,0.0
10.0,24.0,2.0,2.0,2.0,2.0,0.0,0.0
10.0,21.0,2.0,2.0,2.0,2.0,0.0,0.0
10.0,20.0,2.0,2.0,2.0,2.0,0.0,0.0
10.0,19.0,2.0,2.0,2.0,2.0,0.0,0.0
10.0,18.0,2.0,2.0,2.0,2.0,0.0,0.0
10.0,17.0,2.0,2.0,2.0,2.0,0.0,0.0
10.0,14.0,2.0,2.0,2.0,2.0,0.0,0.0
10.0,13.0,2.0,2.0,2.0,2.0,4000.0,0.0
10.0,12.0,2.0,2.0,2.0,2.0,0.0,0.0
10.0,11.0,2.0,2.0,2.0,2.0,25000.0,0.0
10.0,10.0,2.0,2.0,2.0,2.0,0.0,0.0
10.0,7.0,1.42,2.0,1.42,2.0,6300.0,0.5800000000000001
10.0,6.0,1.42,1.42,1.42,1.42,1500.0,0.0
10.0,5.0,2.03,2.03,2.03,2.03,0.0,0.0
10.0,4.0,2.03,2.03,2.03,2.03,0.0,0.0
10.0,3.0,2.03,2.03,2.03,2.03,700.0,0.0
9.0,30.0,2.03,2.03,2.03,2.03,0.0,0.0
9.0,29.0,2.03,2.03,2.03,2.03,0.0,0.0
9.0,28.0,2.03,2.03,2.03,2.03,0.0,0.0
9.0,27.0,2.03,2.03,2.03,2.03,2300.0,0.0
9.0,26.0,2.0,2.01,2.0,2.0,9700.0,0.0
9.0,23.0,2.01,2.01,2.0,2.01,8000.0,0.0
9.0,22.0,2.06,2.06,2.0,2.01,28000.0,-0.050000000000000266
9.0,21.0,2.05,2.05,2.05,2.05,500.0,0.0
9.0,20.0,2.01,2.01,2.01,2.01,500.0,0.0
9.0,19.0,2.01,2.01,2.01,2.01,5000.0,0.0
9.0,16.0,2.1,2.1,2.1,2.1,0.0,0.0
9.0,15.0,2.1,2.1,2.1,2.1,0.0,0.0
9.0,14.0,2.01,2.25,2.01,2.1,12300.0,0.0900000000000003
9.0,13.0,2.0,2.25,2.0,2.25,12600.0,0.25
9.0,12.0,2.3,2.3,2.0,2.2,21100.0,-0.09999999999999964
9.0,9.0,2.3,2.3,2.3,2.3,2000.0,0.0
9.0,8.0,2.5,2.5,2.4,2.4,19600.0,-0.10000000000000009
9.0,7.0,2.5,2.5,2.5,2.5,7500.0,0.0
9.0,6.0,2.8,2.8,2.5,2.5,6300.0,-0.2999999999999998
9.0,2.0,2.5,2.5,2.5,2.5,500.0,0.0
9.0,1.0,2.5,2.5,2.5,2.5,0.0,0.0
8.0,31.0,2.5,2.5,2.5,2.5,0.0,0.0
8.0,30.0,2.5,2.5,2.5,2.5,0.0,0.0
8.0,29.0,2.31,2.5,2.3,2.5,14900.0,0.18999999999999995
8.0,26.0,2.5,2.5,2.38,2.38,3900.0,-0.1200000000000001
8.0,25.0,2.44,2.84,2.44,2.5,24200.0,0.06000000000000005
8.0,24.0,2.31,2.31,2.31,2.31,8500.0,0.0
8.0,23.0,2.7,2.7,2.25,2.3,29900.0,-0.40000000000000036
8.0,22.0,2.8,2.8,2.55,2.55,41000.0,-0.25
8.0,19.0,2.8,2.8,2.8,2.8,0.0,0.0
8.0,18.0,2.55,2.8,2.55,2.8,7600.0,0.25
8.0,17.0,2.84,2.84,2.84,2.84,0.0,0.0
8.0,16.0,2.84,2.84,2.84,2.84,0.0,0.0
8.0,15.0,2.84,2.84,2.84,2.84,0.0,0.0
8.0,12.0,2.84,2.84,2.84,2.84,100.0,0.0
8.0,11.0,2.41,2.41,2.41,2.41,7500.0,0.0
8.0,10.0,2.4,2.4,2.4,2.4,3600.0,0.0
8.0,9.0,2.6,2.6,2.6,2.6,4800.0,0.0
8.0,8.0,2.89,2.89,2.6,2.85,1700.0,-0.040000000000000036
8.0,5.0,2.85,2.85,2.85,2.85,300.0,0.0
8.0,4.0,2.85,2.85,2.85,2.85,200.0,0.0
8.0,3.0,2.95,2.95,2.95,2.95,0.0,0.0
8.0,2.0,3.0,3.0,2.95,2.95,18900.0,-0.04999999999999982
8.0,1.0,3.0,3.0,3.0,3.0,0.0,0.0
7.0,29.0,2.94,3.0,2.79,3.0,32200.0,0.06000000000000005
7.0,28.0,2.97,2.97,2.97,2.97,0.0,0.0
7.0,27.0,2.65,2.97,2.65,2.97,300.0,0.3200000000000003
7.0,26.0,2.68,2.99,2.68,2.99,1200.0,0.31000000000000005
7.0,25.0,3.1,3.1,3.1,3.1,0.0,0.0
7.0,22.0,2.69,3.1,2.65,3.1,6100.0,0.41000000000000014
7.0,21.0,2.62,3.39,2.6,3.39,25100.0,0.77
7.0,20.0,2.61,2.62,2.6,2.62,15100.0,0.010000000000000231
7.0,19.0,2.55,2.6,2.55,2.6,21900.0,0.050000000000000266
7.0,18.0,2.55,2.55,2.55,2.55,0.0,0.0
7.0,15.0,2.5,2.55,2.5,2.55,500.0,0.04999999999999982
7.0,14.0,2.5,2.5,2.5,2.5,0.0,0.0
7.0,13.0,2.5,2.5,2.5,2.5,1000.0,0.0
7.0,12.0,2.5,2.5,2.5,2.5,4600.0,0.0
7.0,11.0,2.55,2.55,2.55,2.55,0.0,0.0
7.0,8.0,2.55,2.55,2.55,2.55,5000.0,0.0
7.0,7.0,2.55,2.55,2.55,2.55,0.0,0.0
7.0,6.0,2.3,2.55,2.3,2.55,200.0,0.25
7.0,5.0,2.3,2.55,2.3,2.55,200.0,0.25
7.0,1.0,2.45,2.55,2.25,2.55,10200.0,0.09999999999999964
6.0,30.0,2.4,2.45,2.4,2.45,2600.0,0.050000000000000266
6.0,29.0,2.4,2.45,2.4,2.41,7000.0,0.010000000000000231
6.0,28.0,2.4,2.45,2.4,2.45,9300.0,0.050000000000000266
6.0,27.0,2.55,2.55,2.55,2.55,500.0,0.0
6.0,24.0,2.5,2.5,2.4,2.5,11300.0,0.0
6.0,23.0,2.54,2.54,2.54,2.54,19000.0,0.0
6.0,22.0,2.55,2.55,2.55,2.55,0.0,0.0
6.0,21.0,2.55,2.55,2.55,2.55,0.0,0.0
6.0,20.0,2.55,2.55,2.55,2.55,0.0,0.0
6.0,17.0,2.5,2.55,2.5,2.55,13300.0,0.04999999999999982
6.0,16.0,2.31,2.55,2.31,2.55,900.0,0.23999999999999977
6.0,15.0,2.55,2.55,2.55,2.55,0.0,0.0
6.0,14.0,2.54,2.55,2.35,2.55,9900.0,0.009999999999999787
6.0,13.0,2.6,2.6,2.6,2.6,0.0,0.0
6.0,10.0,2.6,2.6,2.6,2.6,12000.0,0.0
6.0,9.0,2.4,2.6,2.2,2.6,33100.0,0.20000000000000018
6.0,8.0,2.6,2.6,2.3,2.3,37600.0,-0.30000000000000027
6.0,7.0,2.25,2.6,2.25,2.6,1800.0,0.3500000000000001
6.0,6.0,2.6,2.67,2.2,2.67,13200.0,0.06999999999999984
6.0,3.0,2.6,2.6,2.6,2.6,3500.0,0.0
6.0,2.0,2.7,2.7,2.6,2.67,9800.0,-0.03000000000000025
6.0,1.0,2.7,2.7,2.7,2.7,10000.0,0.0
5.0,31.0,2.77,2.77,2.7,2.71,12300.0,-0.06000000000000005
5.0,27.0,2.85,2.98,2.8,2.8,30900.0,-0.050000000000000266
5.0,26.0,2.8,2.85,2.8,2.85,17500.0,0.050000000000000266
5.0,25.0,2.81,2.81,2.81,2.81,400.0,0.0
5.0,24.0,2.81,2.85,2.81,2.85,4500.0,0.040000000000000036
5.0,23.0,2.81,2.85,2.81,2.85,8200.0,0.040000000000000036
5.0,20.0,2.81,2.85,2.81,2.85,8800.0,0.040000000000000036
5.0,19.0,2.81,2.81,2.81,2.81,4400.0,0.0
5.0,18.0,2.95,2.98,2.86,2.98,16100.0,0.029999999999999805
5.0,17.0,2.99,2.99,2.98,2.98,15800.0,-0.010000000000000231
5.0,16.0,3.0,3.0,2.99,2.99,12000.0,-0.009999999999999787
5.0,13.0,2.99,3.0,2.99,3.0,33500.0,0.009999999999999787
5.0,12.0,2.99,2.99,2.99,2.99,1000.0,0.0
5.0,11.0,2.99,2.99,2.99,2.99,100.0,0.0
5.0,10.0,2.89,3.0,2.8,2.99,4700.0,0.10000000000000009
5.0,9.0,2.77,2.77,2.77,2.77,0.0,0.0
5.0,6.0,3.0,3.0,2.76,2.77,52000.0,-0.22999999999999998
5.0,5.0,3.1,3.1,3.0,3.0,5600.0,-0.10000000000000009
5.0,4.0,3.25,3.25,3.2,3.22,55000.0,-0.029999999999999805
5.0,3.0,3.25,3.26,3.25,3.25,9400.0,0.0
5.0,2.0,3.26,3.35,3.26,3.35,1000.0,0.0900000000000003
4.0,29.0,3.25,3.25,3.25,3.25,1000.0,0.0
4.0,28.0,3.35,3.41,3.3,3.3,17700.0,-0.050000000000000266
4.0,27.0,3.27,3.3,3.25,3.3,45800.0,0.029999999999999805
4.0,26.0,3.1,3.25,3.09,3.25,29300.0,0.1499999999999999
4.0,25.0,3.08,3.08,3.07,3.08,23900.0,0.0
4.0,21.0,3.03,3.08,3.01,3.01,24000.0,-0.020000000000000018
4.0,20.0,3.03,3.03,3.03,3.03,7000.0,0.0
4.0,19.0,3.03,3.08,3.03,3.08,6500.0,0.050000000000000266
4.0,18.0,3.01,3.04,3.01,3.01,7000.0,0.0
4.0,15.0,3.0,3.0,2.99,2.99,54400.0,-0.009999999999999787
4.0,14.0,3.02,3.02,2.98,2.98,13000.0,-0.040000000000000036
4.0,13.0,3.04,3.04,2.98,3.01,33700.0,-0.03000000000000025
4.0,12.0,3.0,3.02,2.98,3.0,79900.0,0.0
4.0,11.0,2.97,3.01,2.95,3.0,122300.0,0.029999999999999805
4.0,8.0,2.95,2.95,2.95,2.95,4000.0,0.0
4.0,7.0,2.99,3.02,2.85,2.97,96900.0,-0.020000000000000018
4.0,6.0,2.85,2.98,2.85,2.96,71500.0,0.10999999999999988
4.0,5.0,2.83,2.96,2.83,2.85,4500.0,0.020000000000000018
4.0,4.0,2.85,2.85,2.8,2.8,3900.0,-0.050000000000000266
4.0,1.0,2.96,2.98,2.9,2.9,10900.0,-0.06000000000000005
3.0,31.0,2.99,2.99,2.99,2.99,7600.0,0.0
3.0,30.0,3.05,3.05,2.7,2.8,30000.0,-0.25
3.0,29.0,3.03,3.04,3.03,3.04,114300.0,0.010000000000000231
3.0,28.0,2.8,3.04,2.8,3.0,37700.0,0.20000000000000018
3.0,25.0,2.9,2.95,2.85,2.95,17500.0,0.050000000000000266
3.0,24.0,2.85,2.85,2.85,2.85,3700.0,0.0
3.0,23.0,2.8,2.85,2.8,2.85,9700.0,0.050000000000000266
3.0,22.0,2.85,2.85,2.75,2.8,25900.0,-0.050000000000000266
3.0,21.0,2.85,2.86,2.85,2.85,13900.0,0.0
3.0,18.0,3.0,3.0,2.9,2.9,20100.0,-0.10000000000000009
3.0,17.0,2.85,2.85,2.85,2.85,6900.0,0.0
3.0,16.0,2.81,2.81,2.81,2.81,5800.0,0.0
3.0,15.0,2.92,2.92,2.8,2.81,28500.0,-0.10999999999999988
3.0,14.0,2.98,3.0,2.92,2.92,24800.0,-0.06000000000000005
3.0,11.0,3.02,3.04,3.0,3.0,33500.0,-0.020000000000000018
3.0,10.0,3.0,3.0,2.99,2.99,40000.0,-0.009999999999999787
3.0,9.0,2.9,3.04,2.9,3.02,107000.0,0.1200000000000001
3.0,8.0,2.9,2.9,2.88,2.88,15000.0,-0.020000000000000018
3.0,7.0,2.88,2.97,2.88,2.88,30200.0,0.0
3.0,4.0,2.89,2.89,2.82,2.84,19500.0,-0.050000000000000266
3.0,3.0,2.85,2.85,2.8,2.84,92900.0,-0.010000000000000231
3.0,2.0,2.92,2.92,2.85,2.85,2500.0,-0.06999999999999984
3.0,1.0,2.9,2.96,2.9,2.92,36800.0,0.020000000000000018
2.0,28.0,2.95,2.95,2.86,2.92,37000.0,-0.03000000000000025
2.0,25.0,2.93,3.0,2.93,2.95,102500.0,0.020000000000000018
2.0,24.0,3.0,3.0,2.95,2.95,12900.0,-0.04999999999999982
2.0,23.0,3.01,3.01,2.96,2.98,129800.0,-0.029999999999999805
2.0,22.0,3.06,3.06,3.0,3.01,9000.0,-0.050000000000000266
2.0,18.0,3.18,3.18,3.05,3.05,10600.0,-0.13000000000000034
2.0,17.0,3.11,3.11,3.1,3.1,6400.0,-0.009999999999999787
2.0,16.0,3.19,3.19,3.11,3.12,37800.0,-0.06999999999999984
2.0,15.0,3.11,3.15,3.11,3.12,18700.0,0.010000000000000231
2.0,14.0,3.17,3.17,3.11,3.11,76400.0,-0.06000000000000005
2.0,11.0,3.2,3.2,3.17,3.17,70500.0,-0.03000000000000025
2.0,10.0,3.25,3.26,3.2,3.2,61200.0,-0.04999999999999982
2.0,9.0,3.26,3.28,3.2,3.24,66700.0,-0.019999999999999574
2.0,8.0,3.28,3.33,3.26,3.28,72600.0,0.0
2.0,7.0,3.3,3.3,3.25,3.28,34700.0,-0.020000000000000018
2.0,4.0,3.28,3.3,3.28,3.3,8400.0,0.020000000000000018
2.0,3.0,3.34,3.4,3.28,3.28,21700.0,-0.06000000000000005
2.0,2.0,3.34,3.34,3.3,3.34,12500.0,0.0
2.0,1.0,3.3,3.34,3.29,3.3,18200.0,0.0
1.0,31.0,3.25,3.3,3.25,3.29,13100.0,0.040000000000000036
1.0,28.0,3.32,3.32,3.2,3.24,9800.0,-0.07999999999999963
1.0,27.0,3.4,3.4,3.2,3.27,44300.0,-0.1299999999999999
1.0,26.0,3.28,3.34,3.27,3.27,6800.0,-0.009999999999999787
1.0,25.0,3.28,3.34,3.26,3.32,9600.0,0.040000000000000036
1.0,24.0,3.24,3.28,3.23,3.28,8500.0,0.03999999999999959
1.0,21.0,3.25,3.39,3.21,3.22,37500.0,-0.029999999999999805
1.0,20.0,3.38,3.38,3.2,3.21,64300.0,-0.16999999999999993
1.0,19.0,3.44,3.44,3.3,3.3,59100.0,-0.14000000000000012
1.0,18.0,3.3,3.4,3.3,3.39,65900.0,0.0900000000000003
1.0,14.0,3.34,3.34,3.2,3.2,62900.0,-0.13999999999999968
1.0,13.0,3.3,3.4,3.2,3.2,42600.0,-0.09999999999999964
1.0,12.0,3.4,3.4,3.34,3.34,24600.0,-0.06000000000000005
1.0,11.0,3.4,3.49,3.4,3.4,17200.0,0.0
1.0,10.0,3.5,3.5,3.2,3.4,23600.0,-0.10000000000000009
1.0,7.0,3.52,3.52,3.47,3.47,11800.0,-0.04999999999999982
1.0,6.0,3.52,3.52,3.5,3.52,18700.0,0.0
1.0,5.0,3.52,3.52,3.49,3.52,8000.0,0.0
1.0,4.0,3.51,3.52,3.44,3.52,28100.0,0.010000000000000231
1.0,3.0,3.48,3.51,3.4,3.51,60800.0,0.029999999999999805
12.0,31.0,3.48,3.49,3.42,3.48,13500.0,0.0
12.0,30.0,3.48,3.48,3.48,3.48,7200.0,0.0
12.0,29.0,3.47,3.48,3.4,3.4,3300.0,-0.07000000000000028
12.0,28.0,3.37,3.48,3.37,3.48,5700.0,0.10999999999999988
12.0,27.0,3.5,3.5,3.3,3.48,7900.0,-0.020000000000000018
12.0,23.0,3.5,3.5,3.5,3.5,500.0,0.0
12.0,22.0,3.53,3.53,3.5,3.5,13500.0,-0.029999999999999805
12.0,21.0,3.49,3.54,3.43,3.43,32400.0,-0.06000000000000005
12.0,20.0,3.44,3.49,3.44,3.49,24700.0,0.050000000000000266
12.0,17.0,3.3,3.44,3.3,3.44,11700.0,0.14000000000000012
12.0,16.0,3.27,3.43,3.2,3.3,9700.0,0.029999999999999805
12.0,15.0,3.35,3.41,3.35,3.4,66600.0,0.04999999999999982
12.0,14.0,3.29,3.32,3.25,3.32,19900.0,0.029999999999999805
12.0,13.0,2.98,3.33,2.98,3.25,54300.0,0.27
12.0,10.0,3.0,3.0,2.96,3.0,23300.0,0.0
12.0,9.0,2.94,3.0,2.94,2.95,4100.0,0.010000000000000231
12.0,8.0,2.9,2.93,2.9,2.9,5300.0,0.0
12.0,7.0,2.93,2.93,2.9,2.93,11000.0,0.0
12.0,6.0,2.98,3.0,2.98,3.0,6400.0,0.020000000000000018
12.0,3.0,2.98,2.98,2.9,2.93,21100.0,-0.04999999999999982
12.0,2.0,2.94,2.94,2.9,2.9,13000.0,-0.040000000000000036
12.0,1.0,2.99,3.14,2.9,2.9,19000.0,-0.0900000000000003
11.0,30.0,2.99,2.99,2.9,2.9,5800.0,-0.0900000000000003
11.0,29.0,2.95,2.99,2.95,2.99,1600.0,0.040000000000000036
11.0,26.0,2.99,3.0,2.96,2.99,14100.0,0.0
11.0,24.0,3.0,3.0,2.96,2.96,13500.0,-0.040000000000000036
11.0,23.0,2.99,3.0,2.97,2.97,61500.0,-0.020000000000000018
11.0,22.0,2.99,3.01,2.98,2.99,61300.0,0.0
11.0,19.0,2.99,3.02,2.98,2.98,40300.0,-0.010000000000000231
11.0,18.0,2.98,3.01,2.95,3.0,43200.0,0.020000000000000018
11.0,17.0,3.0,3.0,2.83,2.98,8800.0,-0.020000000000000018
11.0,16.0,3.1,3.1,2.99,3.0,101600.0,-0.10000000000000009
11.0,15.0,2.85,3.1,2.81,3.09,171100.0,0.23999999999999977
11.0,12.0,2.8,2.85,2.78,2.85,23300.0,0.050000000000000266
11.0,11.0,2.75,2.8,2.75,2.8,9300.0,0.04999999999999982
11.0,10.0,2.7,2.75,2.7,2.75,8400.0,0.04999999999999982
11.0,9.0,2.75,2.75,2.7,2.7,6800.0,-0.04999999999999982
11.0,8.0,2.75,2.75,2.75,2.75,5000.0,0.0
11.0,5.0,2.8,2.8,2.8,2.8,700.0,0.0
11.0,4.0,2.65,2.75,2.6,2.75,8100.0,0.10000000000000009
11.0,3.0,2.7,2.7,2.7,2.7,400.0,0.0
11.0,2.0,2.58,2.65,2.58,2.65,4500.0,0.06999999999999984
11.0,1.0,2.5,2.58,2.5,2.58,3000.0,0.08000000000000007
10.0,29.0,2.65,2.65,2.37,2.37,5900.0,-0.2799999999999998
10.0,28.0,2.58,2.58,2.55,2.55,1000.0,-0.03000000000000025
10.0,27.0,2.58,2.58,2.58,2.58,500.0,0.0
10.0,26.0,2.58,2.58,2.58,2.58,1000.0,0.0
10.0,25.0,2.65,2.65,2.65,2.65,1000.0,0.0
10.0,22.0,2.58,2.58,2.58,2.58,500.0,0.0
10.0,21.0,2.56,2.58,2.56,2.58,1500.0,0.020000000000000018
10.0,20.0,2.58,2.58,2.32,2.32,9500.0,-0.26000000000000023
10.0,19.0,2.52,2.58,2.5,2.58,13500.0,0.06000000000000005
10.0,18.0,2.65,2.65,2.55,2.55,5300.0,-0.10000000000000009
10.0,15.0,2.58,2.63,2.58,2.63,7300.0,0.04999999999999982
10.0,14.0,2.58,2.58,2.58,2.58,0.0,0.0
10.0,13.0,2.58,2.58,2.58,2.58,800.0,0.0
10.0,12.0,2.55,2.55,2.55,2.55,400.0,0.0
10.0,11.0,2.6,2.6,2.55,2.58,5500.0,-0.020000000000000018
10.0,8.0,2.5,2.5,2.5,2.5,10000.0,0.0
10.0,7.0,2.6,2.6,2.6,2.6,0.0,0.0
10.0,6.0,2.6,2.6,2.6,2.6,2000.0,0.0
10.0,5.0,2.58,2.63,2.55,2.63,8000.0,0.04999999999999982
10.0,4.0,2.5,2.58,2.5,2.58,5100.0,0.08000000000000007
10.0,1.0,2.4,2.55,2.4,2.55,3400.0,0.1499999999999999
9.0,30.0,2.2,2.59,2.2,2.59,24400.0,0.3899999999999997
9.0,29.0,2.16,2.2,2.16,2.2,6300.0,0.040000000000000036
9.0,28.0,2.3,2.3,2.3,2.3,0.0,0.0
9.0,27.0,2.1,2.35,2.05,2.3,8500.0,0.19999999999999973
9.0,24.0,2.05,2.15,2.05,2.13,5600.0,0.08000000000000007
9.0,23.0,2.2,2.2,2.15,2.15,3500.0,-0.050000000000000266
9.0,22.0,2.2,2.4,2.2,2.39,2000.0,0.18999999999999995
9.0,21.0,2.31,2.55,2.15,2.15,12700.0,-0.16000000000000014
9.0,20.0,2.31,2.65,2.31,2.31,11100.0,0.0
9.0,17.0,2.23,2.4,2.23,2.29,20500.0,0.06000000000000005
9.0,16.0,2.5,2.5,2.5,2.5,1000.0,0.0
9.0,15.0,2.5,2.65,2.26,2.65,8000.0,0.1499999999999999
9.0,14.0,2.25,2.75,2.25,2.32,34000.0,0.06999999999999984
9.0,13.0,2.15,2.85,2.1,2.85,15100.0,0.7000000000000002
9.0,10.0,2.5,2.5,2.0,2.15,10000.0,-0.3500000000000001
9.0,9.0,2.7,2.75,2.62,2.62,7200.0,-0.08000000000000007
9.0,8.0,2.75,2.75,2.75,2.75,800.0,0.0
9.0,7.0,2.98,2.98,2.98,2.98,0.0,0.0
9.0,3.0,2.98,2.98,2.98,2.98,0.0,0.0
9.0,2.0,2.9,2.98,2.9,2.98,2000.0,0.08000000000000007
9.0,1.0,2.75,2.98,2.75,2.98,1700.0,0.22999999999999998
8.0,31.0,2.95,2.95,2.95,2.95,100.0,0.0
8.0,30.0,2.98,2.98,2.98,2.98,5000.0,0.0
8.0,27.0,3.0,3.0,3.0,3.0,0.0,0.0
8.0,26.0,2.99,3.0,2.99,3.0,6400.0,0.009999999999999787
8.0,25.0,3.0,3.0,3.0,3.0,3000.0,0.0
8.0,24.0,2.8,3.0,2.8,3.0,20500.0,0.20000000000000018
8.0,23.0,2.9,2.9,2.8,2.8,2400.0,-0.10000000000000009
8.0,20.0,3.0,3.0,3.0,3.0,0.0,0.0
8.0,19.0,3.0,3.0,3.0,3.0,0.0,0.0
8.0,18.0,3.0,3.0,3.0,3.0,500.0,0.0
8.0,17.0,3.0,3.03,2.9,2.9,3700.0,-0.10000000000000009
8.0,16.0,3.05,3.05,2.91,3.0,11900.0,-0.04999999999999982
8.0,13.0,3.05,3.05,2.91,2.91,4100.0,-0.13999999999999968
8.0,12.0,3.0,3.06,3.0,3.0,16100.0,0.0
8.0,11.0,3.02,3.09,3.0,3.06,11900.0,0.040000000000000036
8.0,10.0,3.0,3.05,2.25,2.25,16000.0,-0.75
8.0,9.0,2.95,3.04,2.8,2.8,19500.0,-0.15000000000000036
8.0,6.0,2.89,2.89,2.89,2.89,2000.0,0.0
8.0,5.0,2.85,2.85,2.84,2.85,6500.0,0.0
8.0,4.0,2.85,2.85,2.48,2.55,5000.0,-0.30000000000000027
8.0,3.0,2.65,2.85,2.65,2.85,8500.0,0.20000000000000018
8.0,2.0,2.7,2.85,2.65,2.76,19100.0,0.05999999999999961
7.0,30.0,2.7,2.7,2.66,2.66,13900.0,-0.040000000000000036
7.0,29.0,2.76,2.76,2.75,2.75,4500.0,-0.009999999999999787
7.0,28.0,2.8,2.85,2.7,2.75,16400.0,-0.04999999999999982
7.0,27.0,2.86,2.86,2.86,2.86,0.0,0.0
7.0,26.0,2.82,2.86,2.82,2.86,5000.0,0.040000000000000036
7.0,23.0,2.85,2.85,2.81,2.81,1500.0,-0.040000000000000036
7.0,22.0,2.84,2.85,2.84,2.85,5000.0,0.010000000000000231
7.0,21.0,2.83,2.83,2.83,2.83,1000.0,0.0
7.0,20.0,2.68,2.7,2.68,2.7,8000.0,0.020000000000000018
7.0,19.0,2.9,2.9,2.9,2.9,16000.0,0.0
7.0,16.0,3.0,3.0,3.0,3.0,500.0,0.0
7.0,15.0,2.85,2.85,2.85,2.85,500.0,0.0
7.0,14.0,3.03,3.03,3.03,3.03,0.0,0.0
7.0,13.0,2.99,3.03,2.99,3.03,1500.0,0.03999999999999959
7.0,12.0,2.7,3.03,2.7,2.93,7100.0,0.22999999999999998
7.0,9.0,2.8,2.8,2.8,2.8,2000.0,0.0
7.0,8.0,2.8,2.8,2.8,2.8,300.0,0.0
7.0,7.0,3.0,3.0,3.0,3.0,100.0,0.0
7.0,6.0,3.0,3.0,3.0,3.0,8000.0,0.0
7.0,2.0,2.99,3.0,2.94,2.94,18500.0,-0.050000000000000266
7.0,1.0,3.0,3.0,3.0,3.0,0.0,0.0
6.0,30.0,3.0,3.0,3.0,3.0,500.0,0.0
6.0,29.0,3.16,3.16,3.16,3.16,500.0,0.0
6.0,28.0,3.1,3.16,3.1,3.16,6100.0,0.06000000000000005
6.0,25.0,3.12,3.12,3.12,3.12,0.0,0.0
6.0,24.0,3.12,3.12,3.12,3.12,0.0,0.0
6.0,23.0,3.05,3.12,3.05,3.12,6300.0,0.07000000000000028
6.0,22.0,3.15,3.15,3.05,3.05,1000.0,-0.10000000000000009
6.0,21.0,3.12,3.18,3.05,3.05,5400.0,-0.07000000000000028
6.0,18.0,3.15,3.2,3.12,3.12,27300.0,-0.029999999999999805
6.0,17.0,3.15,3.15,3.05,3.12,14900.0,-0.029999999999999805
6.0,16.0,3.1,3.2,3.06,3.15,30400.0,0.04999999999999982
6.0,15.0,3.11,3.11,3.1,3.1,5800.0,-0.009999999999999787
6.0,14.0,3.15,3.15,3.15,3.15,0.0,0.0
6.0,11.0,3.15,3.15,3.15,3.15,0.0,0.0
6.0,10.0,3.15,3.15,3.15,3.15,1600.0,0.0
6.0,9.0,3.15,3.15,3.15,3.15,2900.0,0.0
6.0,8.0,3.2,3.2,3.2,3.2,1000.0,0.0
6.0,7.0,3.2,3.2,3.2,3.2,0.0,0.0
6.0,4.0,3.4,3.4,3.2,3.2,6600.0,-0.19999999999999973
6.0,3.0,3.2,3.2,3.2,3.2,2000.0,0.0
6.0,2.0,3.4,3.4,3.4,3.4,500.0,0.0
6.0,1.0,3.15,3.4,3.15,3.4,17500.0,0.25
5.0,28.0,3.15,3.15,3.15,3.15,0.0,0.0
5.0,27.0,3.1,3.15,3.1,3.15,4800.0,0.04999999999999982
5.0,26.0,3.25,3.25,3.25,3.25,0.0,0.0
5.0,25.0,3.25,3.25,3.25,3.25,0.0,0.0
5.0,24.0,3.2,3.4,3.2,3.25,3000.0,0.04999999999999982
5.0,21.0,3.2,3.2,3.2,3.2,0.0,0.0
5.0,20.0,3.34,3.34,3.0,3.2,19100.0,-0.13999999999999968
5.0,19.0,3.39,3.4,3.05,3.05,10500.0,-0.3400000000000003
5.0,18.0,3.43,3.45,1.01,1.01,3500.0,-2.42
5.0,17.0,3.43,3.43,3.43,3.43,0.0,0.0
5.0,14.0,3.39,3.43,3.38,3.43,8300.0,0.040000000000000036
5.0,13.0,3.4,3.4,3.4,3.4,0.0,0.0
5.0,12.0,3.4,3.4,3.4,3.4,0.0,0.0
5.0,11.0,3.4,3.4,3.4,3.4,0.0,0.0
5.0,10.0,3.4,3.4,3.4,3.4,13000.0,0.0
5.0,7.0,3.42,3.42,3.42,3.42,4000.0,0.0
5.0,6.0,3.25,3.45,3.15,3.43,22100.0,0.18000000000000016
5.0,5.0,3.5,3.5,3.49,3.49,5400.0,-0.009999999999999787
5.0,4.0,3.66,3.66,3.5,3.5,5500.0,-0.16000000000000014
5.0,3.0,3.4,3.4,3.15,3.15,4000.0,-0.25
4.0,30.0,3.57,3.57,3.57,3.57,4000.0,0.0
4.0,29.0,3.57,3.57,3.57,3.57,800.0,0.0
4.0,28.0,3.73,3.73,3.73,3.73,1000.0,0.0
4.0,27.0,3.55,3.55,3.55,3.55,4300.0,0.0
4.0,26.0,3.6,3.6,3.6,3.6,0.0,0.0
4.0,23.0,3.7,3.7,3.55,3.6,2300.0,-0.10000000000000009
4.0,22.0,3.7,3.7,3.6,3.6,3200.0,-0.10000000000000009
4.0,21.0,3.7,3.7,3.7,3.7,0.0,0.0
4.0,20.0,3.74,3.74,3.7,3.7,1500.0,-0.040000000000000036
4.0,19.0,3.75,3.75,3.75,3.75,0.0,0.0
4.0,16.0,3.75,3.75,3.75,3.75,500.0,0.0
4.0,15.0,3.95,3.95,3.7,3.7,8200.0,-0.25
4.0,14.0,3.86,3.86,3.65,3.65,3500.0,-0.20999999999999996
4.0,13.0,3.85,3.9,3.85,3.9,11000.0,0.04999999999999982
4.0,12.0,3.85,3.85,3.85,3.85,0.0,0.0
4.0,9.0,3.95,3.95,3.85,3.85,1000.0,-0.10000000000000009
4.0,8.0,3.95,3.95,3.85,3.85,10000.0,-0.10000000000000009
4.0,7.0,3.95,3.95,3.95,3.95,1000.0,0.0
4.0,6.0,3.95,3.95,3.9,3.95,7000.0,0.0
4.0,5.0,3.9,4.0,3.9,3.9,14000.0,0.0
4.0,1.0,3.9,3.93,3.9,3.93,8000.0,0.03000000000000025
3.0,31.0,3.95,3.95,3.94,3.94,7500.0,-0.010000000000000231
3.0,30.0,3.95,3.95,3.93,3.94,5500.0,-0.010000000000000231
3.0,29.0,3.95,4.1,3.95,4.05,6800.0,0.09999999999999964
3.0,26.0,3.95,3.95,3.95,3.95,500.0,0.0
3.0,25.0,3.59,4.1,3.59,4.05,22200.0,0.45999999999999996
3.0,24.0,3.58,3.58,3.58,3.58,2300.0,0.0
3.0,23.0,3.5,3.59,3.5,3.59,8500.0,0.08999999999999986
3.0,22.0,3.42,3.5,3.42,3.5,14500.0,0.08000000000000007
3.0,19.0,3.42,3.45,3.4,3.42,4900.0,0.0
3.0,18.0,3.4,3.5,3.3,3.45,22500.0,0.050000000000000266
3.0,17.0,3.71,3.71,3.55,3.55,5700.0,-0.16000000000000014
3.0,16.0,3.8,3.8,3.79,3.79,4100.0,-0.009999999999999787
3.0,15.0,3.82,3.82,3.82,3.82,0.0,0.0
3.0,12.0,3.79,3.82,3.79,3.82,10500.0,0.029999999999999805
3.0,11.0,3.75,3.78,3.75,3.78,2900.0,0.029999999999999805
3.0,10.0,3.75,3.78,3.71,3.78,12100.0,0.029999999999999805
3.0,9.0,3.57,3.75,3.57,3.75,23200.0,0.18000000000000016
3.0,8.0,3.25,3.57,3.25,3.57,12800.0,0.31999999999999984
3.0,5.0,3.24,3.24,3.24,3.24,5200.0,0.0
3.0,4.0,3.24,3.24,3.24,3.24,4900.0,0.0
3.0,3.0,3.2,3.24,3.2,3.24,23100.0,0.040000000000000036
3.0,2.0,3.18,3.25,3.18,3.25,21100.0,0.06999999999999984
3.0,1.0,3.18,3.18,3.18,3.18,3000.0,0.0
2.0,26.0,3.18,3.18,3.18,3.18,2000.0,0.0
2.0,25.0,3.17,3.17,3.17,3.17,2500.0,0.0
2.0,24.0,3.18,3.18,3.18,3.18,4200.0,0.0
2.0,23.0,3.18,3.18,3.18,3.18,100.0,0.0
2.0,22.0,3.18,3.18,3.18,3.18,0.0,0.0
2.0,19.0,3.18,3.18,3.18,3.18,500.0,0.0
2.0,18.0,3.18,3.18,3.18,3.18,4500.0,0.0
2.0,17.0,3.18,3.19,3.18,3.19,3000.0,0.009999999999999787
2.0,16.0,3.17,3.18,3.17,3.18,3500.0,0.010000000000000231
2.0,12.0,3.17,3.17,3.17,3.17,0.0,0.0
2.0,11.0,3.17,3.17,3.17,3.17,2500.0,0.0
2.0,10.0,3.17,3.17,3.17,3.17,4000.0,0.0
2.0,9.0,3.17,3.2,3.16,3.2,7500.0,0.03000000000000025
2.0,8.0,3.17,3.17,3.16,3.16,1500.0,-0.009999999999999787
2.0,5.0,3.16,3.25,3.16,3.25,700.0,0.08999999999999986
2.0,4.0,3.1,3.3,3.1,3.24,15800.0,0.14000000000000012
2.0,3.0,3.25,3.25,3.25,3.25,100.0,0.0
2.0,2.0,3.6,3.6,3.25,3.57,2800.0,-0.03000000000000025
2.0,1.0,3.7,3.7,3.7,3.7,0.0,0.0
1.0,29.0,3.8,3.8,3.7,3.7,1500.0,-0.09999999999999964
1.0,28.0,3.97,3.99,3.97,3.99,2000.0,0.020000000000000018
1.0,27.0,3.95,3.97,3.94,3.97,2600.0,0.020000000000000018
1.0,26.0,3.45,3.94,3.45,3.94,3000.0,0.48999999999999977
1.0,25.0,3.76,3.76,3.76,3.76,500.0,0.0
1.0,22.0,5.0,5.0,5.0,5.0,0.0,0.0
1.0,21.0,5.0,5.0,5.0,5.0,1000.0,0.0
1.0,20.0,3.79,3.79,3.79,3.79,200.0,0.0
