9.0,25.0,0.0011,0.0011,0.0011,0.0011,4000.0,0.0
9.0,24.0,0.0011,0.0011,0.0011,0.0011,0.0,0.0
9.0,23.0,0.0011,0.0011,0.0011,0.0011,0.0,0.0
9.0,22.0,0.001,0.0011,0.001,0.0011,8800.0,1.0000000000000005E-4
9.0,21.0,0.0011,0.0011,0.0011,0.0011,24600.0,0.0
9.0,18.0,0.0011,0.0011,0.0011,0.0011,403400.0,0.0
9.0,17.0,0.0011,0.0011,0.0011,0.0011,330700.0,0.0
9.0,16.0,0.0011,0.0011,0.0011,0.0011,3500.0,0.0
9.0,15.0,0.0011,0.0011,0.0011,0.0011,1000.0,0.0
9.0,14.0,0.0011,0.0011,0.0011,0.0011,20100.0,0.0
9.0,11.0,0.0011,0.0011,0.0011,0.0011,250000.0,0.0
9.0,10.0,0.001,0.001,0.001,0.001,0.0,0.0
9.0,9.0,0.001,0.001,0.001,0.001,200000.0,0.0
9.0,8.0,0.001,0.001,0.001,0.001,289900.0,0.0
9.0,7.0,0.001,0.001,0.001,0.001,0.0,0.0
9.0,4.0,0.001,0.001,0.001,0.001,0.0,0.0
9.0,3.0,0.0012,0.0012,0.001,0.001,67200.0,-1.9999999999999987E-4
9.0,2.0,0.0012,0.0012,0.0012,0.0012,0.0,0.0
9.0,1.0,0.0016,0.0016,0.0012,0.0012,278000.0,-4.000000000000002E-4
8.0,31.0,0.0012,0.0016,0.0012,0.0016,277500.0,4.000000000000002E-4
8.0,28.0,0.0012,0.0012,0.0012,0.0012,23000.0,0.0
8.0,27.0,0.0012,0.0012,0.0012,0.0012,0.0,0.0
8.0,26.0,0.001,0.0012,0.001,0.0012,101000.0,1.9999999999999987E-4
8.0,25.0,0.001,0.001,0.001,0.001,254000.0,0.0
8.0,24.0,0.001,0.001,0.001,0.001,264000.0,0.0
8.0,21.0,0.0011,0.0011,0.0011,0.0011,0.0,0.0
8.0,20.0,0.0011,0.0011,0.0011,0.0011,0.0,0.0
8.0,19.0,0.0011,0.0011,0.0011,0.0011,36000.0,0.0
8.0,18.0,0.001,0.0011,0.001,0.0011,312000.0,1.0000000000000005E-4
8.0,17.0,0.001,0.001,0.001,0.001,82000.0,0.0
8.0,14.0,0.001,0.001,0.001,0.001,55000.0,0.0
8.0,13.0,0.001,0.001,0.001,0.001,0.0,0.0
8.0,12.0,0.001,0.001,0.001,0.001,0.0,0.0
8.0,11.0,0.001,0.001,0.001,0.001,0.0,0.0
8.0,10.0,0.001,0.001,0.001,0.001,2100.0,0.0
8.0,7.0,0.001,0.001,0.001,0.001,0.0,0.0
8.0,6.0,0.001,0.001,0.001,0.001,95700.0,0.0
8.0,5.0,0.001,0.001,0.001,0.001,0.0,0.0
8.0,4.0,0.001,0.001,0.001,0.001,0.0,0.0
8.0,3.0,0.001,0.001,0.001,0.001,0.0,0.0
7.0,31.0,0.001,0.001,0.001,0.001,0.0,0.0
7.0,30.0,0.001,0.001,0.001,0.001,90700.0,0.0
7.0,29.0,0.001,0.001,0.001,0.001,101000.0,0.0
7.0,28.0,0.001,0.001,0.001,0.001,1000.0,0.0
7.0,27.0,9.0E-4,9.0E-4,9.0E-4,9.0E-4,0.0,0.0
7.0,24.0,7.0E-4,9.0E-4,7.0E-4,9.0E-4,403200.0,1.9999999999999998E-4
7.0,23.0,7.0E-4,7.0E-4,7.0E-4,7.0E-4,0.0,0.0
7.0,22.0,7.0E-4,7.0E-4,7.0E-4,7.0E-4,15000.0,0.0
7.0,21.0,7.0E-4,7.0E-4,7.0E-4,7.0E-4,65700.0,0.0
7.0,20.0,7.0E-4,7.0E-4,7.0E-4,7.0E-4,7100.0,0.0
7.0,17.0,7.0E-4,7.0E-4,7.0E-4,7.0E-4,6000.0,0.0
7.0,16.0,7.0E-4,7.0E-4,7.0E-4,7.0E-4,8700.0,0.0
7.0,15.0,7.0E-4,7.0E-4,7.0E-4,7.0E-4,0.0,0.0
7.0,14.0,7.0E-4,7.0E-4,7.0E-4,7.0E-4,0.0,0.0
7.0,13.0,7.0E-4,7.0E-4,7.0E-4,7.0E-4,29700.0,0.0
7.0,10.0,7.0E-4,7.0E-4,7.0E-4,7.0E-4,0.0,0.0
7.0,9.0,7.0E-4,7.0E-4,7.0E-4,7.0E-4,0.0,0.0
7.0,8.0,7.0E-4,7.0E-4,7.0E-4,7.0E-4,0.0,0.0
7.0,7.0,7.0E-4,7.0E-4,7.0E-4,7.0E-4,0.0,0.0
7.0,6.0,8.0E-4,8.0E-4,7.0E-4,7.0E-4,160800.0,-1.0000000000000005E-4
7.0,3.0,0.001,0.001,0.001,0.001,0.0,0.0
7.0,2.0,0.001,0.001,0.001,0.001,250000.0,0.0
7.0,1.0,7.0E-4,7.0E-4,7.0E-4,7.0E-4,0.0,0.0
6.0,30.0,7.0E-4,7.0E-4,7.0E-4,7.0E-4,0.0,0.0
6.0,29.0,7.0E-4,7.0E-4,7.0E-4,7.0E-4,41800.0,0.0
6.0,26.0,7.0E-4,7.0E-4,7.0E-4,7.0E-4,0.0,0.0
6.0,25.0,7.0E-4,7.0E-4,7.0E-4,7.0E-4,0.0,0.0
6.0,24.0,6.0E-4,7.0E-4,6.0E-4,7.0E-4,22500.0,1.0000000000000005E-4
6.0,23.0,8.0E-4,8.0E-4,8.0E-4,8.0E-4,258500.0,0.0
6.0,22.0,7.0E-4,8.0E-4,7.0E-4,8.0E-4,14000.0,1.0000000000000005E-4
6.0,19.0,9.0E-4,9.0E-4,9.0E-4,9.0E-4,0.0,0.0
6.0,18.0,8.0E-4,9.0E-4,8.0E-4,9.0E-4,12100.0,9.999999999999994E-5
6.0,17.0,8.0E-4,0.001,8.0E-4,8.0E-4,64000.0,0.0
6.0,16.0,0.0025,0.0025,0.001,0.001,905200.0,-0.0015
6.0,15.0,0.001,0.0025,0.001,0.0025,583700.0,0.0015
6.0,12.0,0.001,0.001,0.001,0.001,0.0,0.0
6.0,11.0,0.001,0.001,0.001,0.001,0.0,0.0
6.0,10.0,0.001,0.001,0.001,0.001,1100.0,0.0
6.0,9.0,0.001,0.001,0.001,0.001,0.0,0.0
6.0,8.0,0.001,0.001,0.001,0.001,0.0,0.0
6.0,5.0,0.001,0.001,0.001,0.001,2000.0,0.0
6.0,4.0,7.0E-4,7.0E-4,7.0E-4,7.0E-4,0.0,0.0
6.0,3.0,7.0E-4,7.0E-4,7.0E-4,7.0E-4,5000.0,0.0
6.0,2.0,7.0E-4,7.0E-4,7.0E-4,7.0E-4,5000.0,0.0
6.0,1.0,0.004,0.004,0.004,0.004,30000.0,0.0
5.0,29.0,4.0E-4,7.0E-4,4.0E-4,6.0E-4,595500.0,1.9999999999999993E-4
5.0,28.0,7.0E-4,7.0E-4,7.0E-4,7.0E-4,0.0,0.0
5.0,27.0,7.0E-4,7.0E-4,7.0E-4,7.0E-4,1000.0,0.0
5.0,26.0,0.0012,0.0012,6.0E-4,7.0E-4,20500.0,-4.999999999999999E-4
5.0,25.0,0.0012,0.0012,0.0012,0.0012,0.0,0.0
5.0,22.0,0.0012,0.0012,0.0012,0.0012,200000.0,0.0
5.0,21.0,0.0012,0.0012,0.0012,0.0012,200000.0,0.0
5.0,20.0,8.5E-4,0.00232,8.5E-4,0.0012,72000.0,3.4999999999999994E-4
5.0,19.0,0.001,0.0012,0.001,0.0012,109500.0,1.9999999999999987E-4
5.0,18.0,0.001,0.001,0.001,0.001,40000.0,0.0
5.0,15.0,5.0E-4,5.0E-4,5.0E-4,5.0E-4,0.0,0.0
5.0,14.0,0.001,0.001,4.0E-4,5.0E-4,712900.0,-5.0E-4
5.0,13.0,0.001,0.001,0.001,0.001,40000.0,0.0
5.0,12.0,0.0024,0.0024,3.0E-4,0.002,72000.0,-3.9999999999999975E-4
5.0,11.0,0.00216,0.0022,0.00216,0.0022,22000.0,4.0000000000000105E-5
5.0,8.0,0.003,0.003,0.003,0.003,0.0,0.0
5.0,7.0,0.003,0.003,0.003,0.003,0.0,0.0
5.0,6.0,0.003,0.003,0.003,0.003,0.0,0.0
5.0,5.0,0.003,0.003,0.003,0.003,0.0,0.0
5.0,4.0,0.003,0.003,0.003,0.003,0.0,0.0
5.0,1.0,0.003,0.003,0.003,0.003,0.0,0.0
4.0,30.0,0.003,0.003,0.003,0.003,0.0,0.0
4.0,29.0,0.003,0.003,0.003,0.003,0.0,0.0
4.0,28.0,0.003,0.003,0.003,0.003,0.0,0.0
4.0,27.0,0.003,0.003,0.003,0.003,0.0,0.0
4.0,24.0,0.003,0.003,0.003,0.003,5000.0,0.0
4.0,23.0,1.0E-4,1.0E-4,1.0E-4,1.0E-4,0.0,0.0
4.0,22.0,1.0E-4,1.0E-4,1.0E-4,1.0E-4,0.0,0.0
4.0,21.0,1.0E-4,1.0E-4,1.0E-4,1.0E-4,0.0,0.0
4.0,20.0,1.0E-4,1.0E-4,1.0E-4,1.0E-4,0.0,0.0
4.0,17.0,1.0E-4,1.0E-4,1.0E-4,1.0E-4,0.0,0.0
4.0,16.0,1.0E-4,1.0E-4,1.0E-4,1.0E-4,0.0,0.0
4.0,15.0,1.0E-4,1.0E-4,1.0E-4,1.0E-4,0.0,0.0
4.0,14.0,1.0E-4,1.0E-4,1.0E-4,1.0E-4,0.0,0.0
4.0,13.0,1.0E-4,1.0E-4,1.0E-4,1.0E-4,0.0,0.0
4.0,10.0,1.0E-4,1.0E-4,1.0E-4,1.0E-4,0.0,0.0
4.0,9.0,1.0E-4,1.0E-4,1.0E-4,1.0E-4,0.0,0.0
4.0,8.0,1.0E-4,1.0E-4,1.0E-4,1.0E-4,0.0,0.0
4.0,7.0,1.0E-4,1.0E-4,1.0E-4,1.0E-4,0.0,0.0
4.0,6.0,1.0E-4,1.0E-4,1.0E-4,1.0E-4,0.0,0.0
4.0,3.0,1.0E-4,1.0E-4,1.0E-4,1.0E-4,0.0,0.0
4.0,2.0,1.0E-4,1.0E-4,1.0E-4,1.0E-4,0.0,0.0
4.0,1.0,1.0E-4,1.0E-4,1.0E-4,1.0E-4,0.0,0.0
3.0,31.0,1.0E-4,1.0E-4,1.0E-4,1.0E-4,0.0,0.0
3.0,30.0,1.0E-4,1.0E-4,1.0E-4,1.0E-4,0.0,0.0
3.0,27.0,1.0E-4,1.0E-4,1.0E-4,1.0E-4,0.0,0.0
3.0,26.0,1.0E-4,1.0E-4,1.0E-4,1.0E-4,0.0,0.0
3.0,25.0,1.0E-4,1.0E-4,1.0E-4,1.0E-4,0.0,0.0
3.0,24.0,1.0E-4,1.0E-4,1.0E-4,1.0E-4,0.0,0.0
3.0,23.0,1.0E-4,1.0E-4,1.0E-4,1.0E-4,0.0,0.0
3.0,20.0,1.0E-4,1.0E-4,1.0E-4,1.0E-4,5000.0,0.0
3.0,19.0,0.003,0.003,0.003,0.003,0.0,0.0
3.0,18.0,0.003,0.003,0.003,0.003,0.0,0.0
3.0,17.0,0.003,0.003,0.003,0.003,0.0,0.0
3.0,16.0,0.003,0.003,0.003,0.003,0.0,0.0
3.0,13.0,0.003,0.003,0.003,0.003,0.0,0.0
3.0,12.0,0.003,0.003,0.003,0.003,0.0,0.0
3.0,11.0,0.003,0.003,0.003,0.003,0.0,0.0
3.0,10.0,0.003,0.003,0.003,0.003,0.0,0.0
3.0,9.0,0.003,0.003,0.003,0.003,0.0,0.0
3.0,6.0,0.003,0.003,0.003,0.003,0.0,0.0
3.0,5.0,0.003,0.003,0.003,0.003,0.0,0.0
3.0,4.0,0.003,0.003,0.003,0.003,0.0,0.0
3.0,3.0,0.003,0.003,0.003,0.003,0.0,0.0
3.0,2.0,0.003,0.003,0.003,0.003,0.0,0.0
2.0,27.0,0.003,0.003,0.003,0.003,96000.0,0.0
2.0,26.0,0.0059,0.0059,0.0059,0.0059,0.0,0.0
2.0,25.0,0.0059,0.0059,0.0059,0.0059,0.0,0.0
2.0,24.0,0.0059,0.0059,0.0059,0.0059,0.0,0.0
2.0,23.0,0.0059,0.0059,0.0059,0.0059,0.0,0.0
2.0,20.0,0.0059,0.0059,0.0059,0.0059,0.0,0.0
2.0,19.0,0.0059,0.0059,0.0059,0.0059,0.0,0.0
2.0,18.0,0.0059,0.0059,0.0059,0.0059,0.0,0.0
2.0,17.0,0.0059,0.0059,0.0059,0.0059,0.0,0.0
2.0,16.0,0.0059,0.0059,0.0059,0.0059,0.0,0.0
2.0,13.0,0.0059,0.0059,0.0059,0.0059,0.0,0.0
2.0,12.0,0.0059,0.0059,0.0059,0.0059,0.0,0.0
2.0,11.0,0.0059,0.0059,0.0059,0.0059,0.0,0.0
2.0,10.0,0.0059,0.0059,0.0059,0.0059,0.0,0.0
2.0,9.0,0.0059,0.0059,0.0059,0.0059,0.0,0.0
2.0,6.0,0.0059,0.0059,0.0059,0.0059,0.0,0.0
2.0,5.0,0.0059,0.0059,0.0059,0.0059,0.0,0.0
2.0,4.0,0.0059,0.0059,0.0059,0.0059,0.0,0.0
2.0,3.0,0.0059,0.0059,0.0059,0.0059,1000.0,0.0
2.0,2.0,0.003,0.003,0.003,0.003,0.0,0.0
1.0,30.0,0.003,0.003,0.003,0.003,0.0,0.0
1.0,29.0,0.003,0.003,0.003,0.003,0.0,0.0
1.0,28.0,0.003,0.003,0.003,0.003,0.0,0.0
1.0,27.0,0.003,0.003,0.003,0.003,0.0,0.0
1.0,26.0,0.003,0.003,0.003,0.003,0.0,0.0
1.0,23.0,0.003,0.003,0.003,0.003,0.0,0.0
1.0,22.0,0.003,0.003,0.003,0.003,0.0,0.0
1.0,21.0,0.003,0.003,0.003,0.003,0.0,0.0
1.0,20.0,0.003,0.003,0.003,0.003,0.0,0.0
1.0,19.0,0.003,0.003,0.003,0.003,0.0,0.0
1.0,16.0,0.003,0.003,0.003,0.003,0.0,0.0
1.0,15.0,0.003,0.003,0.003,0.003,0.0,0.0
1.0,14.0,0.003,0.003,0.003,0.003,0.0,0.0
1.0,13.0,0.003,0.003,0.003,0.003,0.0,0.0
1.0,12.0,0.003,0.003,0.003,0.003,0.0,0.0
1.0,9.0,0.003,0.003,0.003,0.003,0.0,0.0
1.0,8.0,0.003,0.003,0.003,0.003,0.0,0.0
1.0,7.0,0.003,0.003,0.003,0.003,0.0,0.0
1.0,6.0,0.003,0.003,0.003,0.003,0.0,0.0
1.0,5.0,0.003,0.003,0.003,0.003,0.0,0.0
1.0,2.0,0.003,0.003,0.003,0.003,0.0,0.0
1.0,1.0,0.003,0.003,0.003,0.003,0.0,0.0
12.0,31.0,0.003,0.003,0.003,0.003,0.0,0.0
12.0,30.0,0.003,0.003,0.003,0.003,0.0,0.0
12.0,29.0,0.003,0.003,0.003,0.003,0.0,0.0
12.0,26.0,0.003,0.003,0.003,0.003,0.0,0.0
12.0,25.0,0.003,0.003,0.003,0.003,0.0,0.0
12.0,24.0,0.003,0.003,0.003,0.003,0.0,0.0
12.0,23.0,0.003,0.003,0.003,0.003,10000.0,0.0
12.0,22.0,0.003,0.003,0.003,0.003,0.0,0.0
12.0,19.0,0.003,0.003,0.003,0.003,0.0,0.0
12.0,18.0,0.003,0.003,0.003,0.003,0.0,0.0
12.0,17.0,0.003,0.003,0.003,0.003,0.0,0.0
12.0,16.0,0.003,0.003,0.003,0.003,0.0,0.0
12.0,15.0,0.003,0.003,0.003,0.003,1000.0,0.0
12.0,12.0,0.007,0.007,0.007,0.007,0.0,0.0
12.0,11.0,0.0056,0.007,0.0056,0.007,12000.0,0.0014000000000000002
12.0,10.0,0.0062,0.0062,0.003,0.003,15000.0,-0.0031999999999999997
12.0,9.0,0.004,0.004,0.004,0.004,0.0,0.0
12.0,8.0,0.004,0.004,0.004,0.004,0.0,0.0
12.0,5.0,0.004,0.004,0.004,0.004,0.0,0.0
12.0,4.0,0.004,0.004,0.004,0.004,0.0,0.0
12.0,3.0,0.004,0.004,0.004,0.004,0.0,0.0
12.0,2.0,0.004,0.004,0.004,0.004,0.0,0.0
12.0,1.0,0.004,0.004,0.004,0.004,0.0,0.0
11.0,28.0,0.004,0.004,0.004,0.004,0.0,0.0
11.0,27.0,0.004,0.004,0.004,0.004,0.0,0.0
11.0,26.0,0.004,0.004,0.004,0.004,0.0,0.0
11.0,25.0,0.004,0.004,0.004,0.004,300.0,0.0
11.0,24.0,0.01,0.01,0.01,0.01,0.0,0.0
11.0,21.0,0.01,0.01,0.01,0.01,0.0,0.0
11.0,20.0,0.01,0.01,0.01,0.01,0.0,0.0
11.0,19.0,0.01,0.01,0.01,0.01,0.0,0.0
11.0,18.0,0.01,0.01,0.01,0.01,5000.0,0.0
11.0,17.0,0.0109,0.0109,0.0109,0.0109,0.0,0.0
11.0,14.0,0.0109,0.0109,0.0109,0.0109,0.0,0.0
11.0,13.0,0.0109,0.0109,0.0109,0.0109,0.0,0.0
11.0,12.0,0.0109,0.0109,0.0109,0.0109,0.0,0.0
11.0,11.0,0.0109,0.0109,0.0109,0.0109,0.0,0.0
11.0,10.0,0.0109,0.0109,0.0109,0.0109,0.0,0.0
11.0,7.0,0.0109,0.0109,0.0109,0.0109,0.0,0.0
11.0,6.0,0.0109,0.0109,0.0109,0.0109,0.0,0.0
11.0,5.0,0.0109,0.0109,0.0109,0.0109,0.0,0.0
11.0,4.0,0.0109,0.0109,0.0109,0.0109,0.0,0.0
11.0,3.0,0.0109,0.0109,0.0109,0.0109,0.0,0.0
10.0,31.0,0.0109,0.0109,0.0109,0.0109,0.0,0.0
10.0,30.0,0.0109,0.0109,0.0109,0.0109,0.0,0.0
10.0,29.0,0.0109,0.0109,0.0109,0.0109,0.0,0.0
10.0,28.0,0.0109,0.0109,0.0109,0.0109,0.0,0.0
10.0,27.0,0.0109,0.0109,0.0109,0.0109,0.0,0.0
10.0,24.0,0.0109,0.0109,0.0109,0.0109,0.0,0.0
10.0,23.0,0.0109,0.0109,0.0109,0.0109,0.0,0.0
10.0,22.0,0.0109,0.0109,0.0109,0.0109,0.0,0.0
10.0,21.0,0.0109,0.0109,0.0109,0.0109,0.0,0.0
10.0,20.0,0.0109,0.0109,0.0109,0.0109,0.0,0.0
10.0,17.0,0.0109,0.0109,0.0109,0.0109,1000.0,0.0
10.0,16.0,0.024,0.024,0.024,0.024,0.0,0.0
10.0,15.0,0.024,0.024,0.024,0.024,0.0,0.0
10.0,14.0,0.024,0.024,0.024,0.024,0.0,0.0
10.0,13.0,0.024,0.024,0.024,0.024,0.0,0.0
10.0,10.0,0.024,0.024,0.024,0.024,0.0,0.0
10.0,9.0,0.024,0.024,0.024,0.024,0.0,0.0
10.0,8.0,0.024,0.024,0.024,0.024,0.0,0.0
10.0,7.0,0.024,0.024,0.024,0.024,0.0,0.0
10.0,6.0,0.024,0.024,0.024,0.024,0.0,0.0
10.0,3.0,0.024,0.024,0.024,0.024,0.0,0.0
10.0,2.0,0.024,0.024,0.024,0.024,0.0,0.0
10.0,1.0,0.024,0.024,0.024,0.024,0.0,0.0
9.0,30.0,0.024,0.024,0.024,0.024,0.0,0.0
9.0,29.0,0.024,0.024,0.024,0.024,0.0,0.0
9.0,26.0,0.024,0.024,0.024,0.024,0.0,0.0
9.0,25.0,0.024,0.024,0.024,0.024,0.0,0.0
9.0,24.0,0.024,0.024,0.024,0.024,0.0,0.0
9.0,23.0,0.024,0.024,0.024,0.024,0.0,0.0
9.0,22.0,0.024,0.024,0.024,0.024,0.0,0.0
9.0,19.0,0.024,0.024,0.024,0.024,0.0,0.0
9.0,18.0,0.024,0.024,0.024,0.024,0.0,0.0
9.0,17.0,0.024,0.024,0.024,0.024,0.0,0.0
9.0,16.0,0.024,0.024,0.024,0.024,0.0,0.0
9.0,15.0,0.024,0.024,0.024,0.024,0.0,0.0
9.0,12.0,0.024,0.024,0.024,0.024,0.0,0.0
9.0,11.0,0.024,0.024,0.024,0.024,0.0,0.0
9.0,10.0,0.024,0.024,0.024,0.024,0.0,0.0
9.0,9.0,0.024,0.024,0.024,0.024,0.0,0.0
9.0,8.0,0.024,0.024,0.024,0.024,0.0,0.0
9.0,5.0,0.024,0.024,0.024,0.024,0.0,0.0
9.0,4.0,0.024,0.024,0.024,0.024,0.0,0.0
9.0,3.0,0.024,0.024,0.024,0.024,0.0,0.0
9.0,2.0,0.024,0.024,0.024,0.024,0.0,0.0
9.0,1.0,0.024,0.024,0.024,0.024,0.0,0.0
8.0,29.0,0.024,0.024,0.024,0.024,0.0,0.0
8.0,28.0,0.024,0.024,0.024,0.024,0.0,0.0
8.0,27.0,0.024,0.024,0.024,0.024,0.0,0.0
8.0,26.0,0.024,0.024,0.024,0.024,0.0,0.0
8.0,25.0,0.024,0.024,0.024,0.024,0.0,0.0
8.0,22.0,0.024,0.024,0.024,0.024,0.0,0.0
8.0,21.0,0.024,0.024,0.024,0.024,0.0,0.0
8.0,20.0,0.024,0.024,0.024,0.024,0.0,0.0
8.0,19.0,0.024,0.024,0.024,0.024,0.0,0.0
8.0,18.0,0.024,0.024,0.024,0.024,0.0,0.0
8.0,15.0,0.024,0.024,0.024,0.024,0.0,0.0
8.0,14.0,0.024,0.024,0.024,0.024,0.0,0.0
8.0,13.0,0.024,0.024,0.024,0.024,0.0,0.0
8.0,12.0,0.024,0.024,0.024,0.024,0.0,0.0
8.0,11.0,0.024,0.024,0.024,0.024,0.0,0.0
8.0,8.0,0.024,0.024,0.024,0.024,0.0,0.0
8.0,7.0,0.024,0.024,0.024,0.024,0.0,0.0
8.0,6.0,0.024,0.024,0.024,0.024,0.0,0.0
8.0,5.0,0.024,0.024,0.024,0.024,7800.0,0.0
8.0,4.0,0.016,0.016,0.016,0.016,0.0,0.0
8.0,1.0,0.016,0.016,0.016,0.016,0.0,0.0
7.0,31.0,0.016,0.016,0.016,0.016,0.0,0.0
7.0,30.0,0.016,0.016,0.016,0.016,0.0,0.0
7.0,29.0,0.016,0.016,0.016,0.016,2000.0,0.0
7.0,28.0,0.0163,0.0163,0.0163,0.0163,0.0,0.0
7.0,25.0,0.0163,0.0163,0.0163,0.0163,0.0,0.0
7.0,24.0,0.0163,0.0163,0.0163,0.0163,0.0,0.0
7.0,23.0,0.0163,0.0163,0.0163,0.0163,0.0,0.0
7.0,22.0,0.0163,0.0163,0.0163,0.0163,0.0,0.0
7.0,21.0,0.0163,0.0163,0.0163,0.0163,0.0,0.0
7.0,18.0,0.0163,0.0163,0.0163,0.0163,0.0,0.0
7.0,17.0,0.0163,0.0163,0.0163,0.0163,0.0,0.0
7.0,16.0,0.0163,0.0163,0.0163,0.0163,0.0,0.0
7.0,15.0,0.0163,0.0163,0.0163,0.0163,0.0,0.0
7.0,14.0,0.0163,0.0163,0.0163,0.0163,0.0,0.0
7.0,11.0,0.0163,0.0163,0.0163,0.0163,0.0,0.0
7.0,10.0,0.0163,0.0163,0.0163,0.0163,0.0,0.0
7.0,9.0,0.0163,0.0163,0.0163,0.0163,5000.0,0.0
7.0,8.0,0.0157,0.0157,0.0157,0.0157,300.0,0.0
7.0,7.0,0.0184,0.0184,0.0184,0.0184,0.0,0.0
7.0,4.0,0.0184,0.0184,0.0184,0.0184,0.0,0.0
7.0,3.0,0.0184,0.0184,0.0184,0.0184,0.0,0.0
7.0,2.0,0.0184,0.0184,0.0184,0.0184,0.0,0.0
7.0,1.0,0.0184,0.0184,0.0184,0.0184,0.0,0.0
6.0,30.0,0.0184,0.0184,0.0184,0.0184,0.0,0.0
6.0,27.0,0.0184,0.0184,0.0184,0.0184,0.0,0.0
6.0,26.0,0.0184,0.0184,0.0184,0.0184,0.0,0.0
6.0,25.0,0.0184,0.0184,0.0184,0.0184,0.0,0.0
6.0,24.0,0.0184,0.0184,0.0184,0.0184,0.0,0.0
6.0,23.0,0.0184,0.0184,0.0184,0.0184,0.0,0.0
6.0,20.0,0.0184,0.0184,0.0184,0.0184,0.0,0.0
6.0,19.0,0.0184,0.0184,0.0184,0.0184,0.0,0.0
6.0,18.0,0.0184,0.0184,0.0184,0.0184,0.0,0.0
6.0,17.0,0.0184,0.0184,0.0184,0.0184,0.0,0.0
6.0,16.0,0.0184,0.0184,0.0184,0.0184,1000.0,0.0
6.0,13.0,0.0184,0.0184,0.0184,0.0184,0.0,0.0
6.0,12.0,0.0184,0.0184,0.0184,0.0184,0.0,0.0
6.0,11.0,0.0184,0.0184,0.0184,0.0184,0.0,0.0
6.0,10.0,0.0184,0.0184,0.0184,0.0184,100000.0,0.0
6.0,9.0,0.0269,0.0269,0.0269,0.0269,0.0,0.0
6.0,6.0,0.0269,0.0269,0.0269,0.0269,0.0,0.0
6.0,5.0,0.0269,0.0269,0.0269,0.0269,0.0,0.0
6.0,4.0,0.0269,0.0269,0.0269,0.0269,0.0,0.0
6.0,3.0,0.0269,0.0269,0.0269,0.0269,50000.0,0.0
6.0,2.0,0.024,0.024,0.024,0.024,30000.0,0.0
5.0,30.0,0.015,0.015,0.015,0.015,0.0,0.0
5.0,29.0,0.015,0.015,0.015,0.015,0.0,0.0
5.0,28.0,0.015,0.015,0.015,0.015,0.0,0.0
5.0,27.0,0.015,0.015,0.015,0.015,0.0,0.0
5.0,26.0,0.015,0.015,0.015,0.015,0.0,0.0
5.0,23.0,0.015,0.015,0.015,0.015,0.0,0.0
5.0,22.0,0.015,0.015,0.015,0.015,0.0,0.0
5.0,21.0,0.015,0.015,0.015,0.015,0.0,0.0
5.0,20.0,0.015,0.015,0.015,0.015,0.0,0.0
5.0,19.0,0.015,0.015,0.015,0.015,0.0,0.0
5.0,16.0,0.015,0.015,0.015,0.015,0.0,0.0
5.0,15.0,0.015,0.015,0.015,0.015,0.0,0.0
5.0,14.0,0.015,0.015,0.015,0.015,0.0,0.0
5.0,13.0,0.015,0.015,0.015,0.015,0.0,0.0
5.0,12.0,0.015,0.015,0.015,0.015,1000.0,0.0
5.0,9.0,0.0159,0.0159,0.0159,0.0159,0.0,0.0
5.0,8.0,0.0159,0.0159,0.0159,0.0159,50000.0,0.0
5.0,7.0,0.0205,0.0205,0.0205,0.0205,0.0,0.0
5.0,6.0,0.0205,0.0205,0.0205,0.0205,0.0,0.0
5.0,5.0,0.0205,0.0205,0.0205,0.0205,0.0,0.0
5.0,2.0,0.0205,0.0205,0.0205,0.0205,0.0,0.0
5.0,1.0,0.0205,0.0205,0.0205,0.0205,0.0,0.0
4.0,30.0,0.0205,0.0205,0.0205,0.0205,0.0,0.0
4.0,29.0,0.0205,0.0205,0.0205,0.0205,0.0,0.0
4.0,28.0,0.0205,0.0205,0.0205,0.0205,0.0,0.0
4.0,25.0,0.0205,0.0205,0.0205,0.0205,0.0,0.0
4.0,24.0,0.0205,0.0205,0.0205,0.0205,0.0,0.0
4.0,23.0,0.0205,0.0205,0.0205,0.0205,0.0,0.0
4.0,22.0,0.0205,0.0205,0.0205,0.0205,0.0,0.0
4.0,21.0,0.0205,0.0205,0.0205,0.0205,0.0,0.0
4.0,18.0,0.0205,0.0205,0.0205,0.0205,0.0,0.0
4.0,17.0,0.0205,0.0205,0.0205,0.0205,0.0,0.0
4.0,16.0,0.0205,0.0205,0.0205,0.0205,0.0,0.0
4.0,15.0,0.0205,0.0205,0.0205,0.0205,0.0,0.0
4.0,14.0,0.0205,0.0205,0.0205,0.0205,0.0,0.0
4.0,11.0,0.0205,0.0205,0.0205,0.0205,0.0,0.0
4.0,10.0,0.0205,0.0205,0.0205,0.0205,0.0,0.0
4.0,9.0,0.0205,0.0205,0.0205,0.0205,50000.0,0.0
4.0,8.0,0.025,0.025,0.025,0.025,0.0,0.0
4.0,7.0,0.025,0.025,0.025,0.025,0.0,0.0
4.0,4.0,0.025,0.025,0.025,0.025,0.0,0.0
4.0,3.0,0.025,0.025,0.025,0.025,0.0,0.0
4.0,2.0,0.025,0.025,0.025,0.025,0.0,0.0
4.0,1.0,0.025,0.025,0.025,0.025,0.0,0.0
3.0,31.0,0.025,0.025,0.025,0.025,0.0,0.0
3.0,28.0,0.025,0.025,0.025,0.025,0.0,0.0
3.0,27.0,0.025,0.025,0.025,0.025,0.0,0.0
3.0,26.0,0.025,0.025,0.025,0.025,0.0,0.0
3.0,25.0,0.025,0.025,0.025,0.025,24000.0,0.0
3.0,24.0,0.0176,0.0176,0.0176,0.0176,0.0,0.0
3.0,21.0,0.0176,0.0176,0.0176,0.0176,0.0,0.0
3.0,20.0,0.0176,0.0176,0.0176,0.0176,0.0,0.0
3.0,19.0,0.0176,0.0176,0.0176,0.0176,0.0,0.0
3.0,18.0,0.0176,0.0176,0.0176,0.0176,0.0,0.0
3.0,17.0,0.0176,0.0176,0.0176,0.0176,3000.0,0.0
3.0,14.0,0.022,0.022,0.022,0.022,0.0,0.0
3.0,13.0,0.022,0.022,0.022,0.022,0.0,0.0
3.0,12.0,0.022,0.022,0.022,0.022,0.0,0.0
3.0,11.0,0.022,0.022,0.022,0.022,0.0,0.0
3.0,10.0,0.022,0.022,0.022,0.022,0.0,0.0
3.0,7.0,0.022,0.022,0.022,0.022,0.0,0.0
3.0,6.0,0.022,0.022,0.022,0.022,0.0,0.0
3.0,5.0,0.022,0.022,0.022,0.022,0.0,0.0
3.0,4.0,0.022,0.022,0.022,0.022,0.0,0.0
3.0,3.0,0.022,0.022,0.022,0.022,0.0,0.0
2.0,28.0,0.03,0.03,0.022,0.022,17800.0,-0.008
2.0,27.0,0.0249,0.0249,0.0249,0.0249,10000.0,0.0
2.0,26.0,0.0181,0.0181,0.0181,0.0181,4000.0,0.0
2.0,25.0,0.013,0.013,0.013,0.013,0.0,0.0
2.0,24.0,0.013,0.013,0.013,0.013,0.0,0.0
2.0,21.0,0.013,0.013,0.013,0.013,0.0,0.0
2.0,20.0,0.013,0.013,0.013,0.013,254900.0,0.0
2.0,19.0,0.011,0.011,0.011,0.011,0.0,0.0
2.0,18.0,0.011,0.011,0.011,0.011,0.0,0.0
2.0,17.0,0.011,0.011,0.011,0.011,0.0,0.0
2.0,14.0,0.011,0.011,0.011,0.011,0.0,0.0
2.0,13.0,0.011,0.011,0.011,0.011,0.0,0.0
2.0,12.0,0.011,0.011,0.011,0.011,0.0,0.0
2.0,11.0,0.011,0.011,0.011,0.011,0.0,0.0
2.0,10.0,0.011,0.011,0.011,0.011,0.0,0.0
2.0,7.0,0.011,0.011,0.011,0.011,0.0,0.0
2.0,6.0,0.011,0.011,0.011,0.011,0.0,0.0
2.0,5.0,0.011,0.011,0.011,0.011,50000.0,0.0
2.0,4.0,0.0255,0.0255,0.0255,0.0255,0.0,0.0
2.0,3.0,0.0255,0.0255,0.0255,0.0255,0.0,0.0
1.0,31.0,0.025,0.0255,0.025,0.0255,35000.0,4.99999999999997E-4
1.0,30.0,0.024,0.024,0.024,0.024,0.0,0.0
1.0,29.0,0.024,0.024,0.024,0.024,0.0,0.0
1.0,28.0,0.024,0.024,0.024,0.024,0.0,0.0
1.0,27.0,0.024,0.024,0.024,0.024,0.0,0.0
1.0,24.0,0.024,0.024,0.024,0.024,0.0,0.0
1.0,23.0,0.024,0.024,0.024,0.024,0.0,0.0
1.0,22.0,0.024,0.024,0.024,0.024,0.0,0.0
1.0,21.0,0.024,0.024,0.024,0.024,0.0,0.0
1.0,20.0,0.024,0.024,0.024,0.024,0.0,0.0
1.0,17.0,0.024,0.024,0.024,0.024,0.0,0.0
1.0,16.0,0.024,0.024,0.024,0.024,0.0,0.0
1.0,15.0,0.024,0.024,0.024,0.024,0.0,0.0
1.0,14.0,0.024,0.024,0.024,0.024,0.0,0.0
1.0,13.0,0.024,0.024,0.024,0.024,0.0,0.0
1.0,10.0,0.024,0.024,0.024,0.024,0.0,0.0
1.0,9.0,0.024,0.024,0.024,0.024,0.0,0.0
1.0,8.0,0.024,0.024,0.024,0.024,0.0,0.0
1.0,7.0,0.024,0.024,0.024,0.024,0.0,0.0
1.0,6.0,0.024,0.024,0.024,0.024,0.0,0.0
1.0,3.0,0.024,0.024,0.024,0.024,0.0,0.0
1.0,2.0,0.024,0.024,0.024,0.024,0.0,0.0
1.0,1.0,0.024,0.024,0.024,0.024,0.0,0.0
12.0,31.0,0.024,0.024,0.024,0.024,0.0,0.0
12.0,30.0,0.024,0.024,0.024,0.024,0.0,0.0
12.0,27.0,0.024,0.024,0.024,0.024,0.0,0.0
12.0,26.0,0.024,0.024,0.024,0.024,0.0,0.0
12.0,25.0,0.024,0.024,0.024,0.024,0.0,0.0
12.0,24.0,0.024,0.024,0.024,0.024,0.0,0.0
12.0,23.0,0.024,0.024,0.024,0.024,50000.0,0.0
12.0,20.0,0.011,0.011,0.011,0.011,5000.0,0.0
12.0,19.0,0.01,0.01,0.01,0.01,0.0,0.0
12.0,18.0,0.01,0.01,0.01,0.01,0.0,0.0
12.0,17.0,0.01,0.01,0.01,0.01,0.0,0.0
12.0,16.0,0.01,0.01,0.01,0.01,0.0,0.0
12.0,13.0,0.01,0.01,0.01,0.01,3500.0,0.0
12.0,12.0,0.009,0.009,0.009,0.009,0.0,0.0
12.0,11.0,0.009,0.009,0.009,0.009,0.0,0.0
12.0,10.0,0.009,0.009,0.009,0.009,0.0,0.0
12.0,9.0,0.009,0.009,0.009,0.009,0.0,0.0
12.0,6.0,0.009,0.009,0.009,0.009,0.0,0.0
12.0,5.0,0.009,0.009,0.009,0.009,0.0,0.0
12.0,4.0,0.009,0.009,0.009,0.009,0.0,0.0
12.0,3.0,0.009,0.009,0.009,0.009,0.0,0.0
12.0,2.0,0.009,0.009,0.009,0.009,0.0,0.0
11.0,29.0,0.009,0.009,0.009,0.009,0.0,0.0
11.0,28.0,0.009,0.009,0.009,0.009,0.0,0.0
11.0,27.0,0.009,0.009,0.009,0.009,0.0,0.0
11.0,26.0,0.009,0.009,0.009,0.009,0.0,0.0
11.0,25.0,0.009,0.009,0.009,0.009,1500.0,0.0
11.0,22.0,0.0092,0.0092,0.0092,0.0092,0.0,0.0
11.0,21.0,0.0092,0.0092,0.0092,0.0092,0.0,0.0
11.0,20.0,0.0092,0.0092,0.0092,0.0092,0.0,0.0
11.0,19.0,0.0092,0.0092,0.0092,0.0092,0.0,0.0
11.0,18.0,0.0092,0.0092,0.0092,0.0092,0.0,0.0
11.0,15.0,0.0092,0.0092,0.0092,0.0092,0.0,0.0
11.0,14.0,0.0092,0.0092,0.0092,0.0092,0.0,0.0
11.0,13.0,0.0092,0.0092,0.0092,0.0092,0.0,0.0
11.0,12.0,0.0092,0.0092,0.0092,0.0092,5000.0,0.0
11.0,11.0,0.0216,0.0216,0.0216,0.0216,0.0,0.0
11.0,8.0,0.0216,0.0216,0.0216,0.0216,0.0,0.0
11.0,7.0,0.0216,0.0216,0.0216,0.0216,40000.0,0.0
11.0,6.0,0.0217,0.0217,0.0217,0.0217,45000.0,0.0
11.0,5.0,0.0119,0.0119,0.0119,0.0119,0.0,0.0
11.0,4.0,0.0119,0.0119,0.0119,0.0119,0.0,0.0
11.0,1.0,0.0119,0.0119,0.0119,0.0119,1200.0,0.0
10.0,31.0,0.0268,0.0268,0.0268,0.0268,0.0,0.0
10.0,30.0,0.0268,0.0268,0.0268,0.0268,0.0,0.0
10.0,29.0,0.0268,0.0268,0.0268,0.0268,0.0,0.0
10.0,28.0,0.0268,0.0268,0.0268,0.0268,0.0,0.0
10.0,25.0,0.0268,0.0268,0.0268,0.0268,0.0,0.0
10.0,24.0,0.0268,0.0268,0.0268,0.0268,0.0,0.0
10.0,23.0,0.0268,0.0268,0.0268,0.0268,0.0,0.0
10.0,22.0,0.0268,0.0268,0.0268,0.0268,0.0,0.0
10.0,21.0,0.0268,0.0268,0.0268,0.0268,0.0,0.0
10.0,18.0,0.0268,0.0268,0.0268,0.0268,0.0,0.0
10.0,17.0,0.0268,0.0268,0.0268,0.0268,0.0,0.0
10.0,16.0,0.0268,0.0268,0.0268,0.0268,0.0,0.0
10.0,15.0,0.0268,0.0268,0.0268,0.0268,0.0,0.0
10.0,14.0,0.0268,0.0268,0.0268,0.0268,0.0,0.0
10.0,11.0,0.0268,0.0268,0.0268,0.0268,0.0,0.0
10.0,10.0,0.0268,0.0268,0.0268,0.0268,0.0,0.0
10.0,9.0,0.0268,0.0268,0.0268,0.0268,0.0,0.0
10.0,8.0,0.0268,0.0268,0.0268,0.0268,0.0,0.0
10.0,7.0,0.0268,0.0268,0.0268,0.0268,0.0,0.0
10.0,4.0,0.0268,0.0268,0.0268,0.0268,0.0,0.0
10.0,3.0,0.0268,0.0268,0.0268,0.0268,0.0,0.0
10.0,2.0,0.0268,0.0268,0.0268,0.0268,0.0,0.0
10.0,1.0,0.0268,0.0268,0.0268,0.0268,0.0,0.0
9.0,30.0,0.0268,0.0268,0.0268,0.0268,0.0,0.0
9.0,27.0,0.0268,0.0268,0.0268,0.0268,0.0,0.0
9.0,26.0,0.0268,0.0268,0.0268,0.0268,0.0,0.0
9.0,25.0,0.0268,0.0268,0.0268,0.0268,0.0,0.0
9.0,24.0,0.0268,0.0268,0.0268,0.0268,0.0,0.0
9.0,23.0,0.0268,0.0268,0.0268,0.0268,0.0,0.0
9.0,20.0,0.0268,0.0268,0.0268,0.0268,0.0,0.0
9.0,19.0,0.0268,0.0268,0.0268,0.0268,0.0,0.0
9.0,18.0,0.0268,0.0268,0.0268,0.0268,0.0,0.0
9.0,17.0,0.0268,0.0268,0.0268,0.0268,11000.0,0.0
9.0,16.0,0.029,0.029,0.029,0.029,0.0,0.0
9.0,13.0,0.029,0.029,0.029,0.029,0.0,0.0
9.0,12.0,0.029,0.029,0.029,0.029,0.0,0.0
9.0,11.0,0.029,0.029,0.029,0.029,0.0,0.0
9.0,10.0,0.029,0.029,0.029,0.029,0.0,0.0
9.0,9.0,0.029,0.029,0.029,0.029,0.0,0.0
9.0,6.0,0.029,0.029,0.029,0.029,0.0,0.0
9.0,5.0,0.029,0.029,0.029,0.029,0.0,0.0
9.0,4.0,0.029,0.029,0.029,0.029,0.0,0.0
9.0,3.0,0.029,0.029,0.029,0.029,50000.0,0.0
9.0,2.0,0.0288,0.0288,0.0288,0.0288,0.0,0.0
8.0,30.0,0.0288,0.0288,0.0288,0.0288,0.0,0.0
8.0,29.0,0.02,0.0288,0.02,0.0288,50800.0,0.008799999999999999
8.0,28.0,0.0268,0.0268,0.0268,0.0268,0.0,0.0
8.0,27.0,0.0268,0.0268,0.0268,0.0268,0.0,0.0
8.0,26.0,0.0268,0.0268,0.0268,0.0268,0.0,0.0
8.0,23.0,0.0268,0.0268,0.0268,0.0268,0.0,0.0
8.0,22.0,0.0221,0.0268,0.0221,0.0268,500000.0,0.004699999999999999
8.0,21.0,0.0164,0.0164,0.0164,0.0164,0.0,0.0
8.0,20.0,0.0164,0.0164,0.0164,0.0164,0.0,0.0
8.0,19.0,0.0164,0.0164,0.0164,0.0164,0.0,0.0
8.0,16.0,0.0164,0.0164,0.0164,0.0164,0.0,0.0
8.0,15.0,0.0164,0.0164,0.0164,0.0164,0.0,0.0
8.0,14.0,0.0164,0.0164,0.0164,0.0164,0.0,0.0
8.0,13.0,0.0164,0.0164,0.0164,0.0164,0.0,0.0
8.0,12.0,0.0268,0.0268,0.0164,0.0164,21000.0,-0.0104
8.0,9.0,0.0216,0.0216,0.0216,0.0216,5000.0,0.0
8.0,8.0,0.022,0.022,0.022,0.022,0.0,0.0
8.0,7.0,0.022,0.022,0.022,0.022,0.0,0.0
8.0,6.0,0.022,0.022,0.022,0.022,0.0,0.0
8.0,5.0,0.022,0.022,0.022,0.022,0.0,0.0
8.0,2.0,0.022,0.022,0.022,0.022,0.0,0.0
8.0,1.0,0.022,0.022,0.022,0.022,0.0,0.0
7.0,31.0,0.022,0.022,0.022,0.022,0.0,0.0
7.0,30.0,0.022,0.022,0.022,0.022,0.0,0.0
7.0,29.0,0.022,0.022,0.022,0.022,0.0,0.0
7.0,26.0,0.022,0.022,0.022,0.022,0.0,0.0
7.0,25.0,0.022,0.022,0.022,0.022,9000.0,0.0
7.0,24.0,0.025,0.025,0.025,0.025,0.0,0.0
7.0,23.0,0.025,0.025,0.025,0.025,0.0,0.0
7.0,22.0,0.025,0.025,0.025,0.025,0.0,0.0
7.0,19.0,0.025,0.025,0.025,0.025,20000.0,0.0
7.0,18.0,0.013,0.013,0.013,0.013,0.0,0.0
7.0,17.0,0.013,0.013,0.013,0.013,0.0,0.0
7.0,16.0,0.013,0.013,0.013,0.013,0.0,0.0
7.0,15.0,0.013,0.013,0.013,0.013,0.0,0.0
7.0,12.0,0.013,0.013,0.013,0.013,0.0,0.0
7.0,11.0,0.013,0.013,0.013,0.013,0.0,0.0
7.0,10.0,0.013,0.013,0.013,0.013,0.0,0.0
7.0,9.0,0.013,0.013,0.013,0.013,0.0,0.0
7.0,8.0,0.013,0.013,0.013,0.013,0.0,0.0
7.0,5.0,0.013,0.013,0.013,0.013,0.0,0.0
7.0,4.0,0.013,0.013,0.013,0.013,0.0,0.0
7.0,3.0,0.013,0.013,0.013,0.013,0.0,0.0
7.0,2.0,0.013,0.013,0.013,0.013,0.0,0.0
7.0,1.0,0.013,0.013,0.013,0.013,0.0,0.0
6.0,28.0,0.013,0.013,0.013,0.013,0.0,0.0
6.0,27.0,0.013,0.013,0.013,0.013,0.0,0.0
6.0,26.0,0.013,0.013,0.013,0.013,0.0,0.0
6.0,25.0,0.013,0.013,0.013,0.013,0.0,0.0
6.0,24.0,0.013,0.013,0.013,0.013,5000.0,0.0
6.0,21.0,0.014,0.014,0.014,0.014,0.0,0.0
6.0,20.0,0.014,0.014,0.014,0.014,0.0,0.0
6.0,19.0,0.014,0.014,0.014,0.014,0.0,0.0
6.0,18.0,0.014,0.014,0.014,0.014,0.0,0.0
6.0,17.0,0.014,0.014,0.014,0.014,0.0,0.0
6.0,14.0,0.014,0.014,0.014,0.014,0.0,0.0
6.0,13.0,0.014,0.014,0.014,0.014,0.0,0.0
6.0,12.0,0.014,0.014,0.014,0.014,0.0,0.0
6.0,11.0,0.014,0.014,0.014,0.014,0.0,0.0
6.0,10.0,0.014,0.014,0.014,0.014,0.0,0.0
6.0,7.0,0.014,0.014,0.014,0.014,0.0,0.0
6.0,6.0,0.014,0.014,0.014,0.014,0.0,0.0
6.0,5.0,0.014,0.014,0.014,0.014,0.0,0.0
6.0,4.0,0.014,0.014,0.014,0.014,0.0,0.0
6.0,3.0,0.014,0.014,0.014,0.014,0.0,0.0
5.0,31.0,0.014,0.014,0.014,0.014,0.0,0.0
5.0,30.0,0.014,0.014,0.014,0.014,0.0,0.0
5.0,29.0,0.014,0.014,0.014,0.014,0.0,0.0
5.0,28.0,0.014,0.014,0.014,0.014,0.0,0.0
5.0,27.0,0.014,0.014,0.014,0.014,0.0,0.0
5.0,24.0,0.014,0.014,0.014,0.014,0.0,0.0
5.0,23.0,0.014,0.014,0.014,0.014,0.0,0.0
5.0,22.0,0.014,0.014,0.014,0.014,0.0,0.0
5.0,21.0,0.014,0.014,0.014,0.014,0.0,0.0
5.0,20.0,0.014,0.014,0.014,0.014,0.0,0.0
5.0,17.0,0.014,0.014,0.014,0.014,5000.0,0.0
5.0,16.0,0.009,0.009,0.009,0.009,0.0,0.0
5.0,15.0,0.009,0.009,0.009,0.009,0.0,0.0
5.0,14.0,0.009,0.009,0.009,0.009,0.0,0.0
5.0,13.0,0.009,0.009,0.009,0.009,0.0,0.0
5.0,10.0,0.009,0.009,0.009,0.009,0.0,0.0
5.0,9.0,0.009,0.009,0.009,0.009,0.0,0.0
5.0,8.0,0.009,0.009,0.009,0.009,0.0,0.0
5.0,7.0,0.009,0.009,0.009,0.009,0.0,0.0
5.0,6.0,0.009,0.009,0.009,0.009,90000.0,0.0
5.0,3.0,0.0215,0.0215,0.0215,0.0215,0.0,0.0
5.0,2.0,0.0215,0.0215,0.0215,0.0215,0.0,0.0
5.0,1.0,0.0215,0.0215,0.0215,0.0215,0.0,0.0
4.0,30.0,0.0215,0.0215,0.0215,0.0215,0.0,0.0
4.0,29.0,0.0215,0.0215,0.0215,0.0215,0.0,0.0
4.0,26.0,0.0215,0.0215,0.0215,0.0215,0.0,0.0
4.0,25.0,0.0215,0.0215,0.0215,0.0215,0.0,0.0
4.0,24.0,0.0215,0.0215,0.0215,0.0215,0.0,0.0
4.0,23.0,0.0215,0.0215,0.0215,0.0215,700.0,0.0
4.0,22.0,0.0235,0.0235,0.0235,0.0235,0.0,0.0
4.0,19.0,0.0235,0.0235,0.0235,0.0235,5000.0,0.0
4.0,18.0,0.0221,0.0221,0.0221,0.0221,0.0,0.0
4.0,17.0,0.0221,0.0221,0.0221,0.0221,0.0,0.0
4.0,16.0,0.0221,0.0221,0.0221,0.0221,0.0,0.0
4.0,15.0,0.0221,0.0221,0.0221,0.0221,0.0,0.0
4.0,12.0,0.0221,0.0221,0.0221,0.0221,0.0,0.0
4.0,11.0,0.0221,0.0221,0.0221,0.0221,0.0,0.0
4.0,10.0,0.0221,0.0221,0.0221,0.0221,0.0,0.0
4.0,9.0,0.0221,0.0221,0.0221,0.0221,0.0,0.0
4.0,8.0,0.0221,0.0221,0.0221,0.0221,0.0,0.0
4.0,5.0,0.0221,0.0221,0.0221,0.0221,0.0,0.0
4.0,4.0,0.0221,0.0221,0.0221,0.0221,0.0,0.0
4.0,3.0,0.0221,0.0221,0.0221,0.0221,0.0,0.0
4.0,2.0,0.0221,0.0221,0.0221,0.0221,0.0,0.0
4.0,1.0,0.0221,0.0221,0.0221,0.0221,0.0,0.0
3.0,29.0,0.0221,0.0221,0.0221,0.0221,0.0,0.0
3.0,28.0,0.0221,0.0221,0.0221,0.0221,5000.0,0.0
3.0,27.0,0.025,0.025,0.025,0.025,0.0,0.0
3.0,26.0,0.025,0.025,0.025,0.025,0.0,0.0
3.0,25.0,0.025,0.025,0.025,0.025,0.0,0.0
3.0,22.0,0.025,0.025,0.025,0.025,0.0,0.0
3.0,21.0,0.025,0.025,0.025,0.025,0.0,0.0
3.0,20.0,0.025,0.025,0.025,0.025,0.0,0.0
3.0,19.0,0.025,0.025,0.025,0.025,0.0,0.0
3.0,18.0,0.025,0.025,0.025,0.025,0.0,0.0
3.0,15.0,0.025,0.025,0.025,0.025,0.0,0.0
3.0,14.0,0.025,0.025,0.025,0.025,3200.0,0.0
3.0,13.0,0.025,0.025,0.025,0.025,0.0,0.0
3.0,12.0,0.025,0.025,0.025,0.025,0.0,0.0
3.0,11.0,0.025,0.025,0.025,0.025,0.0,0.0
3.0,8.0,0.024,0.025,0.024,0.025,35000.0,0.0010000000000000009
3.0,7.0,0.024,0.024,0.024,0.024,0.0,0.0
3.0,6.0,0.024,0.024,0.024,0.024,0.0,0.0
3.0,5.0,0.024,0.024,0.024,0.024,2000.0,0.0
3.0,4.0,0.043,0.043,0.043,0.043,0.0,0.0
3.0,1.0,0.043,0.043,0.043,0.043,0.0,0.0
2.0,28.0,0.043,0.043,0.043,0.043,0.0,0.0
2.0,27.0,0.043,0.043,0.043,0.043,0.0,0.0
2.0,26.0,0.043,0.043,0.043,0.043,0.0,0.0
2.0,25.0,0.043,0.043,0.043,0.043,0.0,0.0
2.0,22.0,0.043,0.043,0.043,0.043,0.0,0.0
2.0,21.0,0.043,0.043,0.043,0.043,0.0,0.0
2.0,20.0,0.043,0.043,0.043,0.043,0.0,0.0
2.0,19.0,0.043,0.043,0.043,0.043,0.0,0.0
2.0,18.0,0.043,0.043,0.043,0.043,0.0,0.0
2.0,15.0,0.043,0.043,0.043,0.043,0.0,0.0
2.0,14.0,0.045,0.045,0.043,0.043,55000.0,-0.0020000000000000018
2.0,13.0,0.03,0.03,0.03,0.03,0.0,0.0
2.0,12.0,0.03,0.03,0.03,0.03,0.0,0.0
2.0,11.0,0.03,0.03,0.03,0.03,0.0,0.0
2.0,8.0,0.03,0.03,0.03,0.03,0.0,0.0
2.0,7.0,0.03,0.03,0.03,0.03,0.0,0.0
2.0,6.0,0.03,0.03,0.03,0.03,0.0,0.0
2.0,5.0,0.03,0.03,0.03,0.03,0.0,0.0
2.0,4.0,0.03,0.03,0.03,0.03,0.0,0.0
2.0,1.0,0.03,0.03,0.03,0.03,0.0,0.0
1.0,31.0,0.03,0.03,0.03,0.03,0.0,0.0
1.0,30.0,0.03,0.03,0.03,0.03,0.0,0.0
1.0,29.0,0.03,0.03,0.03,0.03,0.0,0.0
1.0,28.0,0.03,0.03,0.03,0.03,0.0,0.0
1.0,25.0,0.03,0.03,0.03,0.03,0.0,0.0
1.0,24.0,0.03,0.03,0.03,0.03,0.0,0.0
1.0,23.0,0.03,0.03,0.03,0.03,0.0,0.0
1.0,22.0,0.03,0.03,0.03,0.03,7000.0,0.0
1.0,21.0,0.041,0.041,0.041,0.041,0.0,0.0
1.0,18.0,0.041,0.041,0.041,0.041,0.0,0.0
1.0,17.0,0.041,0.041,0.041,0.041,0.0,0.0
1.0,16.0,0.041,0.041,0.041,0.041,0.0,0.0
1.0,15.0,0.041,0.041,0.041,0.041,0.0,0.0
1.0,14.0,0.041,0.041,0.041,0.041,0.0,0.0
1.0,11.0,0.041,0.041,0.041,0.041,3000.0,0.0
1.0,10.0,0.034,0.034,0.034,0.034,0.0,0.0
1.0,9.0,0.034,0.034,0.034,0.034,0.0,0.0
1.0,8.0,0.034,0.034,0.034,0.034,0.0,0.0
1.0,7.0,0.034,0.034,0.034,0.034,0.0,0.0
1.0,4.0,0.034,0.034,0.034,0.034,0.0,0.0
1.0,3.0,0.034,0.034,0.034,0.034,0.0,0.0
1.0,2.0,0.034,0.034,0.034,0.034,1000.0,0.0
1.0,1.0,0.041,0.041,0.041,0.041,0.0,0.0
12.0,31.0,0.041,0.041,0.041,0.041,0.0,0.0
12.0,28.0,0.041,0.041,0.041,0.041,0.0,0.0
12.0,27.0,0.041,0.041,0.041,0.041,70000.0,0.0
12.0,26.0,0.024,0.024,0.024,0.024,8000.0,0.0
12.0,25.0,0.0229,0.0229,0.0229,0.0229,0.0,0.0
12.0,24.0,0.0229,0.0229,0.0229,0.0229,0.0,0.0
12.0,21.0,0.0229,0.0229,0.0229,0.0229,0.0,0.0
12.0,20.0,0.0229,0.0229,0.0229,0.0229,0.0,0.0
12.0,19.0,0.0229,0.0229,0.0229,0.0229,0.0,0.0
12.0,18.0,0.0229,0.0229,0.0229,0.0229,9500.0,0.0
12.0,17.0,0.0279,0.0279,0.0279,0.0279,0.0,0.0
12.0,14.0,0.0279,0.0279,0.0279,0.0279,800.0,0.0
12.0,13.0,0.03,0.03,0.027,0.027,7000.0,-0.002999999999999999
12.0,12.0,0.028,0.028,0.028,0.028,800.0,0.0
12.0,11.0,0.025,0.025,0.025,0.025,0.0,0.0
12.0,10.0,0.025,0.025,0.025,0.025,600.0,0.0
12.0,7.0,0.025,0.025,0.025,0.025,0.0,0.0
12.0,6.0,0.025,0.025,0.025,0.025,0.0,0.0
12.0,5.0,0.025,0.025,0.025,0.025,0.0,0.0
12.0,4.0,0.025,0.025,0.025,0.025,1000.0,0.0
12.0,3.0,0.0434,0.0434,0.0434,0.0434,0.0,0.0
11.0,30.0,0.042,0.0434,0.042,0.0434,24900.0,0.0013999999999999985
11.0,29.0,0.03,0.03,0.03,0.03,0.0,0.0
11.0,28.0,0.03,0.03,0.03,0.03,0.0,0.0
11.0,27.0,0.03,0.03,0.03,0.03,6000.0,0.0
11.0,26.0,0.0275,0.0275,0.0275,0.0275,0.0,0.0
11.0,23.0,0.0275,0.0275,0.0275,0.0275,10000.0,0.0
11.0,22.0,0.032,0.032,0.032,0.032,0.0,0.0
11.0,21.0,0.032,0.032,0.032,0.032,0.0,0.0
11.0,20.0,0.032,0.032,0.032,0.032,0.0,0.0
11.0,19.0,0.032,0.032,0.032,0.032,0.0,0.0
11.0,16.0,0.032,0.032,0.032,0.032,0.0,0.0
11.0,15.0,0.032,0.032,0.032,0.032,0.0,0.0
11.0,14.0,0.032,0.032,0.032,0.032,0.0,0.0
11.0,13.0,0.032,0.032,0.032,0.032,0.0,0.0
11.0,12.0,0.032,0.032,0.032,0.032,0.0,0.0
11.0,9.0,0.032,0.032,0.032,0.032,5000.0,0.0
11.0,8.0,0.041,0.041,0.041,0.041,0.0,0.0
11.0,7.0,0.041,0.041,0.041,0.041,0.0,0.0
11.0,6.0,0.041,0.041,0.041,0.041,4900.0,0.0
11.0,5.0,0.05,0.05,0.05,0.05,0.0,0.0
11.0,2.0,0.05,0.05,0.05,0.05,0.0,0.0
11.0,1.0,0.05,0.05,0.05,0.05,0.0,0.0
10.0,31.0,0.05,0.05,0.05,0.05,0.0,0.0
10.0,30.0,0.05,0.05,0.05,0.05,0.0,0.0
10.0,29.0,0.05,0.05,0.05,0.05,0.0,0.0
10.0,26.0,0.05,0.05,0.05,0.05,0.0,0.0
10.0,25.0,0.05,0.05,0.05,0.05,0.0,0.0
10.0,24.0,0.05,0.05,0.05,0.05,0.0,0.0
10.0,23.0,0.05,0.05,0.05,0.05,0.0,0.0
10.0,22.0,0.05,0.05,0.05,0.05,0.0,0.0
10.0,19.0,0.05,0.05,0.05,0.05,0.0,0.0
10.0,18.0,0.05,0.05,0.05,0.05,0.0,0.0
10.0,17.0,0.05,0.05,0.05,0.05,0.0,0.0
10.0,16.0,0.05,0.05,0.05,0.05,0.0,0.0
10.0,15.0,0.05,0.05,0.05,0.05,0.0,0.0
10.0,12.0,0.05,0.05,0.05,0.05,0.0,0.0
10.0,11.0,0.05,0.05,0.05,0.05,0.0,0.0
10.0,10.0,0.05,0.05,0.05,0.05,0.0,0.0
10.0,9.0,0.05,0.05,0.05,0.05,0.0,0.0
10.0,8.0,0.05,0.05,0.05,0.05,0.0,0.0
10.0,5.0,0.05,0.05,0.05,0.05,0.0,0.0
10.0,4.0,0.05,0.05,0.05,0.05,0.0,0.0
10.0,3.0,0.05,0.05,0.05,0.05,0.0,0.0
10.0,2.0,0.05,0.05,0.05,0.05,0.0,0.0
10.0,1.0,0.05,0.05,0.05,0.05,0.0,0.0
9.0,28.0,0.05,0.05,0.05,0.05,0.0,0.0
9.0,27.0,0.05,0.05,0.05,0.05,0.0,0.0
9.0,26.0,0.05,0.05,0.05,0.05,10000.0,0.0
9.0,25.0,0.0614,0.0614,0.0614,0.0614,0.0,0.0
9.0,24.0,0.0614,0.0614,0.0614,0.0614,0.0,0.0
9.0,21.0,0.067,0.067,0.0614,0.0614,205000.0,-0.005600000000000001
9.0,20.0,0.066,0.067,0.066,0.067,1459000.0,0.0010000000000000009
9.0,19.0,0.0435,0.0435,0.0435,0.0435,2000.0,0.0
9.0,18.0,0.0485,0.0485,0.0485,0.0485,0.0,0.0
9.0,17.0,0.0485,0.0485,0.0485,0.0485,195000.0,0.0
9.0,14.0,0.042,0.042,0.042,0.042,0.0,0.0
9.0,13.0,0.042,0.042,0.042,0.042,0.0,0.0
9.0,12.0,0.042,0.042,0.042,0.042,0.0,0.0
9.0,11.0,0.042,0.042,0.042,0.042,0.0,0.0
9.0,10.0,0.042,0.042,0.042,0.042,0.0,0.0
9.0,7.0,0.036,0.042,0.036,0.042,40000.0,0.006000000000000005
9.0,6.0,0.036,0.036,0.036,0.036,0.0,0.0
9.0,5.0,0.036,0.036,0.036,0.036,2000.0,0.0
9.0,4.0,0.055,0.055,0.055,0.055,0.0,0.0
9.0,3.0,0.055,0.055,0.055,0.055,0.0,0.0
8.0,31.0,0.055,0.055,0.055,0.055,0.0,0.0
8.0,30.0,0.051,0.055,0.0505,0.055,90000.0,0.0040000000000000036
8.0,29.0,0.038,0.038,0.038,0.038,0.0,0.0
8.0,28.0,0.038,0.038,0.038,0.038,0.0,0.0
8.0,27.0,0.038,0.038,0.038,0.038,0.0,0.0
8.0,24.0,0.038,0.038,0.038,0.038,0.0,0.0
8.0,23.0,0.038,0.038,0.038,0.038,0.0,0.0
8.0,22.0,0.038,0.038,0.038,0.038,0.0,0.0
8.0,21.0,0.038,0.038,0.038,0.038,2600.0,0.0
8.0,20.0,0.0425,0.0425,0.0425,0.0425,0.0,0.0
8.0,17.0,0.0425,0.0425,0.0425,0.0425,0.0,0.0
8.0,16.0,0.0425,0.0425,0.0425,0.0425,0.0,0.0
8.0,15.0,0.0425,0.0425,0.0425,0.0425,0.0,0.0
8.0,14.0,0.056,0.056,0.0425,0.0425,7500.0,-0.013499999999999998
8.0,13.0,0.049,0.049,0.049,0.049,0.0,0.0
8.0,10.0,0.049,0.049,0.049,0.049,0.0,0.0
8.0,9.0,0.049,0.049,0.049,0.049,0.0,0.0
8.0,8.0,0.049,0.049,0.049,0.049,0.0,0.0
8.0,7.0,0.049,0.049,0.049,0.049,0.0,0.0
8.0,6.0,0.049,0.049,0.049,0.049,0.0,0.0
8.0,3.0,0.049,0.049,0.049,0.049,0.0,0.0
8.0,2.0,0.049,0.049,0.049,0.049,0.0,0.0
8.0,1.0,0.049,0.049,0.049,0.049,0.0,0.0
7.0,31.0,0.049,0.049,0.049,0.049,0.0,0.0
7.0,30.0,0.049,0.049,0.049,0.049,0.0,0.0
7.0,27.0,0.049,0.049,0.049,0.049,0.0,0.0
7.0,26.0,0.049,0.049,0.049,0.049,0.0,0.0
7.0,25.0,0.049,0.049,0.049,0.049,0.0,0.0
7.0,24.0,0.049,0.049,0.049,0.049,9000.0,0.0
7.0,23.0,0.034,0.034,0.034,0.034,0.0,0.0
7.0,20.0,0.034,0.034,0.034,0.034,0.0,0.0
7.0,19.0,0.034,0.034,0.034,0.034,0.0,0.0
7.0,18.0,0.034,0.034,0.034,0.034,0.0,0.0
7.0,17.0,0.034,0.034,0.034,0.034,5000.0,0.0
7.0,16.0,0.045,0.045,0.045,0.045,0.0,0.0
7.0,13.0,0.045,0.045,0.045,0.045,0.0,0.0
7.0,12.0,0.045,0.045,0.045,0.045,2500.0,0.0
7.0,11.0,0.064,0.064,0.064,0.064,0.0,0.0
7.0,10.0,0.064,0.064,0.064,0.064,0.0,0.0
7.0,9.0,0.064,0.064,0.064,0.064,0.0,0.0
7.0,6.0,0.064,0.064,0.064,0.064,0.0,0.0
7.0,5.0,0.064,0.064,0.064,0.064,0.0,0.0
7.0,4.0,0.064,0.064,0.064,0.064,0.0,0.0
7.0,3.0,0.064,0.064,0.064,0.064,0.0,0.0
7.0,2.0,0.064,0.064,0.064,0.064,0.0,0.0
6.0,29.0,0.064,0.064,0.064,0.064,0.0,0.0
6.0,28.0,0.064,0.064,0.064,0.064,0.0,0.0
6.0,27.0,0.064,0.064,0.064,0.064,0.0,0.0
6.0,26.0,0.064,0.064,0.064,0.064,0.0,0.0
6.0,25.0,0.064,0.064,0.064,0.064,0.0,0.0
6.0,22.0,0.064,0.064,0.064,0.064,0.0,0.0
6.0,21.0,0.064,0.064,0.064,0.064,0.0,0.0
6.0,20.0,0.064,0.064,0.064,0.064,0.0,0.0
6.0,19.0,0.064,0.064,0.064,0.064,0.0,0.0
6.0,18.0,0.064,0.064,0.064,0.064,0.0,0.0
6.0,15.0,0.064,0.064,0.064,0.064,0.0,0.0
6.0,14.0,0.064,0.064,0.064,0.064,0.0,0.0
6.0,13.0,0.064,0.064,0.064,0.064,0.0,0.0
6.0,12.0,0.064,0.064,0.064,0.064,30700.0,0.0
6.0,11.0,0.06,0.06,0.06,0.06,0.0,0.0
6.0,8.0,0.06,0.06,0.06,0.06,6000.0,0.0
6.0,7.0,0.05,0.05,0.05,0.05,0.0,0.0
6.0,6.0,0.05,0.05,0.05,0.05,0.0,0.0
6.0,5.0,0.05,0.05,0.05,0.05,0.0,0.0
6.0,4.0,0.05,0.05,0.05,0.05,0.0,0.0
6.0,1.0,0.05,0.05,0.05,0.05,82700.0,0.0
5.0,31.0,0.05,0.05,0.05,0.05,25300.0,0.0
5.0,30.0,0.053,0.053,0.053,0.053,0.0,0.0
5.0,29.0,0.053,0.053,0.053,0.053,0.0,0.0
5.0,28.0,0.053,0.053,0.053,0.053,0.0,0.0
5.0,25.0,0.053,0.053,0.053,0.053,0.0,0.0
5.0,24.0,0.053,0.053,0.053,0.053,0.0,0.0
5.0,23.0,0.053,0.053,0.053,0.053,10000.0,0.0
5.0,22.0,0.0525,0.0525,0.0525,0.0525,0.0,0.0
5.0,21.0,0.0525,0.0525,0.0525,0.0525,0.0,0.0
5.0,18.0,0.0525,0.0525,0.0525,0.0525,0.0,0.0
5.0,17.0,0.0525,0.0525,0.0525,0.0525,0.0,0.0
5.0,16.0,0.0525,0.0525,0.0525,0.0525,0.0,0.0
5.0,15.0,0.0525,0.0525,0.0525,0.0525,0.0,0.0
5.0,14.0,0.0525,0.0525,0.0525,0.0525,0.0,0.0
5.0,11.0,0.0525,0.0525,0.0525,0.0525,0.0,0.0
5.0,10.0,0.0525,0.0525,0.0525,0.0525,0.0,0.0
5.0,9.0,0.0525,0.0525,0.0525,0.0525,0.0,0.0
5.0,8.0,0.0525,0.0525,0.0525,0.0525,0.0,0.0
5.0,7.0,0.0525,0.0525,0.0525,0.0525,0.0,0.0
5.0,4.0,0.0525,0.0525,0.0525,0.0525,0.0,0.0
5.0,3.0,0.0525,0.0525,0.0525,0.0525,0.0,0.0
5.0,2.0,0.0525,0.0525,0.0525,0.0525,0.0,0.0
5.0,1.0,0.0525,0.0525,0.0525,0.0525,0.0,0.0
4.0,30.0,0.0525,0.0525,0.0525,0.0525,0.0,0.0
4.0,27.0,0.0525,0.0525,0.0525,0.0525,0.0,0.0
4.0,26.0,0.0525,0.0525,0.0525,0.0525,0.0,0.0
4.0,25.0,0.0525,0.0525,0.0525,0.0525,0.0,0.0
4.0,24.0,0.0525,0.0525,0.0525,0.0525,0.0,0.0
4.0,23.0,0.0525,0.0525,0.0525,0.0525,0.0,0.0
4.0,20.0,0.0525,0.0525,0.0525,0.0525,0.0,0.0
4.0,19.0,0.0525,0.0525,0.0525,0.0525,0.0,0.0
4.0,18.0,0.0525,0.0525,0.0525,0.0525,0.0,0.0
4.0,17.0,0.0525,0.0525,0.0525,0.0525,0.0,0.0
4.0,16.0,0.0525,0.0525,0.0525,0.0525,0.0,0.0
4.0,13.0,0.0525,0.0525,0.0525,0.0525,1000.0,0.0
4.0,12.0,0.07,0.07,0.07,0.07,0.0,0.0
4.0,11.0,0.07,0.07,0.07,0.07,0.0,0.0
4.0,10.0,0.07,0.07,0.07,0.07,0.0,0.0
4.0,9.0,0.07,0.07,0.07,0.07,5000.0,0.0
4.0,6.0,0.07,0.07,0.07,0.07,0.0,0.0
4.0,5.0,0.07,0.07,0.07,0.07,2000.0,0.0
4.0,4.0,0.07,0.07,0.07,0.07,5000.0,0.0
4.0,3.0,0.07,0.07,0.07,0.07,0.0,0.0
4.0,2.0,0.07,0.07,0.07,0.07,0.0,0.0
3.0,30.0,0.07,0.07,0.07,0.07,40400.0,0.0
3.0,29.0,0.076,0.076,0.076,0.076,0.0,0.0
3.0,28.0,0.076,0.076,0.076,0.076,500.0,0.0
3.0,27.0,0.077,0.077,0.077,0.077,0.0,0.0
3.0,26.0,0.077,0.077,0.077,0.077,0.0,0.0
3.0,23.0,0.077,0.077,0.077,0.077,13000.0,0.0
3.0,22.0,0.0875,0.0875,0.0875,0.0875,3000.0,0.0
3.0,21.0,0.08,0.08,0.08,0.08,0.0,0.0
3.0,20.0,0.08,0.08,0.08,0.08,0.0,0.0
3.0,19.0,0.08,0.08,0.08,0.08,0.0,0.0
3.0,16.0,0.08,0.08,0.08,0.08,200.0,0.0
3.0,15.0,0.083,0.083,0.083,0.083,1000.0,0.0
3.0,14.0,0.083,0.083,0.083,0.083,800.0,0.0
3.0,13.0,0.0935,0.0935,0.0935,0.0935,0.0,0.0
3.0,12.0,0.0935,0.0935,0.0935,0.0935,0.0,0.0
3.0,9.0,0.0935,0.0935,0.0935,0.0935,0.0,0.0
3.0,8.0,0.0935,0.0935,0.0935,0.0935,0.0,0.0
3.0,7.0,0.0935,0.0935,0.0935,0.0935,0.0,0.0
3.0,6.0,0.0935,0.0935,0.0935,0.0935,0.0,0.0
3.0,5.0,0.0935,0.0935,0.0935,0.0935,0.0,0.0
3.0,2.0,0.0935,0.0935,0.0935,0.0935,0.0,0.0
3.0,1.0,0.0935,0.0935,0.0935,0.0935,0.0,0.0
2.0,29.0,0.0935,0.0935,0.0935,0.0935,1600.0,0.0
2.0,28.0,0.1098,0.1098,0.1098,0.1098,0.0,0.0
2.0,27.0,0.1098,0.1098,0.1098,0.1098,0.0,0.0
2.0,24.0,0.1098,0.1098,0.1098,0.1098,0.0,0.0
2.0,23.0,0.1098,0.1098,0.1098,0.1098,0.0,0.0
2.0,22.0,0.1098,0.1098,0.1098,0.1098,0.0,0.0
2.0,21.0,0.1098,0.1098,0.1098,0.1098,0.0,0.0
2.0,20.0,0.1098,0.1098,0.1098,0.1098,0.0,0.0
2.0,17.0,0.1098,0.1098,0.1098,0.1098,0.0,0.0
2.0,16.0,0.1098,0.1098,0.1098,0.1098,0.0,0.0
2.0,15.0,0.1098,0.1098,0.1098,0.1098,0.0,0.0
2.0,14.0,0.1098,0.1098,0.1098,0.1098,0.0,0.0
2.0,13.0,0.1098,0.1098,0.1098,0.1098,0.0,0.0
2.0,10.0,0.111,0.111,0.1098,0.1098,5800.0,-0.0012000000000000066
2.0,9.0,0.131,0.131,0.115,0.115,16000.0,-0.016
2.0,8.0,0.1104,0.1104,0.1104,0.1104,0.0,0.0
2.0,7.0,0.1104,0.1104,0.1104,0.1104,7000.0,0.0
2.0,6.0,0.113,0.113,0.113,0.113,0.0,0.0
2.0,3.0,0.113,0.113,0.113,0.113,1000.0,0.0
2.0,2.0,0.117,0.117,0.117,0.117,0.0,0.0
2.0,1.0,0.117,0.117,0.117,0.117,0.0,0.0
1.0,31.0,0.117,0.117,0.117,0.117,0.0,0.0
1.0,30.0,0.115,0.117,0.115,0.117,10000.0,0.0020000000000000018
1.0,27.0,0.099,0.099,0.099,0.099,2500.0,0.0
1.0,26.0,0.099,0.099,0.099,0.099,2000.0,0.0
1.0,25.0,0.095,0.095,0.095,0.095,0.0,0.0
1.0,24.0,0.095,0.095,0.095,0.095,0.0,0.0
1.0,23.0,0.095,0.095,0.095,0.095,0.0,0.0
1.0,20.0,0.095,0.095,0.095,0.095,0.0,0.0
1.0,19.0,0.095,0.095,0.095,0.095,0.0,0.0
1.0,18.0,0.095,0.095,0.095,0.095,0.0,0.0
1.0,17.0,0.095,0.095,0.095,0.095,0.0,0.0
1.0,16.0,0.095,0.095,0.095,0.095,0.0,0.0
1.0,13.0,0.095,0.095,0.095,0.095,0.0,0.0
1.0,12.0,0.095,0.095,0.095,0.095,0.0,0.0
1.0,11.0,0.093,0.095,0.093,0.095,150000.0,0.0020000000000000018
1.0,10.0,0.095,0.095,0.095,0.095,0.0,0.0
1.0,9.0,0.095,0.095,0.095,0.095,0.0,0.0
1.0,6.0,0.095,0.095,0.095,0.095,8000.0,0.0
1.0,5.0,0.081,0.081,0.081,0.081,0.0,0.0
1.0,4.0,0.081,0.081,0.081,0.081,2000.0,0.0
1.0,3.0,0.08,0.08,0.08,0.08,0.0,0.0
1.0,2.0,0.08,0.08,0.08,0.08,0.0,0.0
12.0,30.0,0.089,0.089,0.08,0.08,3000.0,-0.008999999999999994
12.0,29.0,0.08,0.08,0.08,0.08,5000.0,0.0
12.0,28.0,0.073,0.073,0.073,0.073,2500.0,0.0
12.0,27.0,0.068,0.068,0.068,0.068,0.0,0.0
12.0,26.0,0.068,0.068,0.068,0.068,0.0,0.0
12.0,23.0,0.068,0.068,0.068,0.068,2300.0,0.0
12.0,22.0,0.08,0.08,0.08,0.08,0.0,0.0
12.0,21.0,0.08,0.08,0.08,0.08,0.0,0.0
12.0,20.0,0.08,0.08,0.08,0.08,0.0,0.0
12.0,19.0,0.08,0.08,0.08,0.08,30000.0,0.0
12.0,16.0,0.08,0.08,0.08,0.08,0.0,0.0
12.0,15.0,0.08,0.08,0.08,0.08,1000.0,0.0
12.0,14.0,0.072,0.072,0.072,0.072,0.0,0.0
12.0,13.0,0.072,0.072,0.072,0.072,1000.0,0.0
12.0,12.0,0.069,0.069,0.069,0.069,0.0,0.0
12.0,9.0,0.069,0.069,0.069,0.069,5000.0,0.0
12.0,8.0,0.078,0.078,0.078,0.078,0.0,0.0
12.0,7.0,0.078,0.078,0.078,0.078,0.0,0.0
12.0,6.0,0.078,0.078,0.078,0.078,0.0,0.0
12.0,5.0,0.078,0.078,0.078,0.078,0.0,0.0
12.0,2.0,0.078,0.078,0.078,0.078,0.0,0.0
12.0,1.0,0.078,0.078,0.078,0.078,500.0,0.0
11.0,30.0,0.078,0.078,0.078,0.078,2000.0,0.0
11.0,29.0,0.0875,0.0875,0.0875,0.0875,0.0,0.0
11.0,28.0,0.0875,0.0875,0.0875,0.0875,10000.0,0.0
11.0,25.0,0.113,0.113,0.113,0.113,0.0,0.0
11.0,24.0,0.113,0.113,0.113,0.113,0.0,0.0
11.0,23.0,0.113,0.113,0.113,0.113,0.0,0.0
11.0,22.0,0.113,0.113,0.113,0.113,0.0,0.0
11.0,21.0,0.113,0.113,0.113,0.113,0.0,0.0
11.0,18.0,0.113,0.113,0.113,0.113,0.0,0.0
11.0,17.0,0.113,0.113,0.113,0.113,0.0,0.0
11.0,10.0,0.113,0.113,0.113,0.113,2000.0,0.0
11.0,3.0,0.0905,0.0905,0.0905,0.0905,25000.0,0.0
10.0,31.0,0.106,0.106,0.106,0.106,16700.0,0.0
10.0,12.0,0.085,0.085,0.085,0.085,47600.0,0.0
10.0,11.0,0.08,0.08,0.08,0.08,45000.0,0.0
10.0,7.0,0.0855,0.0855,0.0855,0.0855,1000.0,0.0
9.0,30.0,0.09,0.09,0.09,0.09,12000.0,0.0
9.0,29.0,0.09,0.09,0.09,0.09,8000.0,0.0
9.0,28.0,0.1,0.1,0.1,0.1,400.0,0.0
9.0,21.0,0.116,0.116,0.116,0.116,800.0,0.0
9.0,20.0,0.116,0.12,0.116,0.12,30000.0,0.00399999999999999
9.0,19.0,0.1059,0.1059,0.1059,0.1059,6000.0,0.0
9.0,16.0,0.111,0.111,0.111,0.111,5000.0,0.0
9.0,15.0,0.111,0.111,0.111,0.111,1000.0,0.0
9.0,12.0,0.1233,0.1233,0.1233,0.1233,1000.0,0.0
9.0,9.0,0.115,0.115,0.11,0.11,15000.0,-0.0050000000000000044
8.0,30.0,0.1257,0.1257,0.1257,0.1257,200.0,0.0
8.0,29.0,0.122,0.122,0.122,0.122,10000.0,0.0
8.0,24.0,0.111,0.111,0.111,0.111,12000.0,0.0
8.0,23.0,0.116,0.116,0.116,0.116,12000.0,0.0
8.0,17.0,0.12,0.12,0.12,0.12,10000.0,0.0
8.0,10.0,0.1059,0.112,0.1059,0.112,61000.0,0.006100000000000008
8.0,9.0,0.116,0.116,0.116,0.116,23000.0,0.0
8.0,8.0,0.1367,0.1367,0.1367,0.1367,239000.0,0.0
8.0,5.0,0.116,0.138,0.116,0.138,81000.0,0.022000000000000006
8.0,1.0,0.135,0.135,0.135,0.135,1000.0,0.0
7.0,29.0,0.1435,0.1435,0.1435,0.1435,800.0,0.0
7.0,25.0,0.1532,0.1532,0.1532,0.1532,4200.0,0.0
7.0,21.0,0.152,0.154,0.152,0.154,17000.0,0.0020000000000000018
7.0,20.0,0.132,0.1321,0.132,0.1321,11000.0,9.999999999998899E-5
7.0,19.0,0.136,0.153,0.136,0.153,4100.0,0.016999999999999987
7.0,13.0,0.145,0.145,0.141,0.141,9500.0,-0.0040000000000000036
7.0,12.0,0.139,0.139,0.139,0.139,7500.0,0.0
7.0,8.0,0.1404,0.1404,0.1404,0.1404,15000.0,0.0
7.0,7.0,0.141,0.141,0.141,0.141,5000.0,0.0
7.0,5.0,0.146,0.146,0.146,0.146,5000.0,0.0
7.0,1.0,0.137,0.137,0.137,0.137,10000.0,0.0
6.0,30.0,0.14,0.14,0.14,0.14,2500.0,0.0
6.0,24.0,0.122,0.122,0.1219,0.122,30500.0,0.0
6.0,20.0,0.1091,0.1091,0.1091,0.1091,500.0,0.0
6.0,15.0,0.1234,0.1234,0.1,0.113,18500.0,-0.010399999999999993
6.0,13.0,0.1348,0.1348,0.133,0.133,8500.0,-0.001799999999999996
6.0,10.0,0.13,0.13,0.13,0.13,6000.0,0.0
6.0,8.0,0.135,0.135,0.135,0.135,11500.0,0.0
6.0,7.0,0.1295,0.1295,0.1295,0.1295,17200.0,0.0
6.0,3.0,0.159,0.159,0.159,0.159,2800.0,0.0
6.0,1.0,0.149,0.1495,0.138,0.1386,366500.0,-0.010399999999999993
5.0,31.0,0.165,0.165,0.165,0.165,27500.0,0.0
5.0,27.0,0.148,0.1483,0.138,0.1382,1387800.0,-0.009800000000000003
5.0,26.0,0.153,0.153,0.15,0.15,440500.0,-0.0030000000000000027
5.0,25.0,0.1484,0.151,0.1484,0.151,105200.0,0.002599999999999991
5.0,23.0,0.147,0.147,0.147,0.147,200.0,0.0
5.0,19.0,0.149,0.155,0.149,0.155,6000.0,0.006000000000000005
5.0,17.0,0.148,0.1485,0.148,0.1485,20000.0,5.000000000000004E-4
5.0,16.0,0.1695,0.1777,0.1695,0.1777,6000.0,0.008199999999999985
5.0,4.0,0.185,0.185,0.182,0.182,15000.0,-0.0030000000000000027
4.0,29.0,0.182,0.182,0.179,0.179,4500.0,-0.0030000000000000027
4.0,27.0,0.198,0.198,0.198,0.198,21800.0,0.0
4.0,26.0,0.204,0.21,0.204,0.21,12900.0,0.006000000000000005
4.0,25.0,0.1992,0.2,0.19,0.19,36000.0,-0.009199999999999986
4.0,20.0,0.199,0.199,0.199,0.199,800.0,0.0
4.0,19.0,0.1775,0.182,0.1775,0.182,1600.0,0.004500000000000004
4.0,15.0,0.207,0.207,0.207,0.207,5000.0,0.0
4.0,14.0,0.187,0.1874,0.187,0.1874,25000.0,4.0000000000001146E-4
4.0,12.0,0.187,0.205,0.187,0.205,6000.0,0.017999999999999988
4.0,11.0,0.194,0.2,0.1825,0.2,23200.0,0.006000000000000005
4.0,8.0,0.2,0.2,0.19,0.19,7500.0,-0.010000000000000009
4.0,7.0,0.1846,0.1846,0.1846,0.1846,5000.0,0.0
4.0,6.0,0.1898,0.1898,0.1846,0.1898,50000.0,0.0
4.0,4.0,0.195,0.195,0.195,0.195,5000.0,0.0
4.0,1.0,0.191,0.191,0.191,0.191,2000.0,0.0
3.0,30.0,0.185,0.185,0.185,0.185,8500.0,0.0
3.0,28.0,0.21,0.21,0.21,0.21,3500.0,0.0
3.0,25.0,0.193,0.209,0.193,0.209,3000.0,0.015999999999999986
3.0,24.0,0.219,0.219,0.21,0.21,11400.0,-0.009000000000000008
3.0,23.0,0.2135,0.2135,0.2135,0.2135,10000.0,0.0
3.0,22.0,0.2046,0.2046,0.2046,0.2046,300.0,0.0
3.0,18.0,0.1745,0.1825,0.1745,0.1825,7800.0,0.008000000000000007
3.0,17.0,0.1722,0.1826,0.167,0.1672,57000.0,-0.0050000000000000044
3.0,15.0,0.1616,0.1616,0.1527,0.1527,36000.0,-0.008899999999999991
3.0,14.0,0.177,0.1794,0.177,0.1794,15500.0,0.0024000000000000132
3.0,10.0,0.2004,0.2156,0.2002,0.205,14500.0,0.004599999999999993
3.0,9.0,0.205,0.206,0.205,0.206,4200.0,0.0010000000000000009
3.0,8.0,0.2059,0.211,0.1951,0.211,62500.0,0.005099999999999993
3.0,7.0,0.206,0.2317,0.1959,0.2212,44600.0,0.015200000000000019
3.0,4.0,0.2262,0.2262,0.2262,0.2262,5000.0,0.0
3.0,3.0,0.2518,0.2518,0.2442,0.2442,11400.0,-0.007600000000000023
3.0,1.0,0.241,0.241,0.241,0.241,10000.0,0.0
2.0,28.0,0.231,0.2465,0.225,0.2415,253900.0,0.010499999999999982
2.0,24.0,0.2286,0.2442,0.2286,0.2442,1100.0,0.015600000000000003
2.0,23.0,0.2365,0.2577,0.2317,0.2577,58000.0,0.021199999999999997
2.0,22.0,0.243,0.243,0.243,0.243,7000.0,0.0
2.0,18.0,0.26,0.2645,0.235,0.2431,133500.0,-0.0169
2.0,17.0,0.2772,0.287,0.2772,0.2845,2900.0,0.007299999999999973
2.0,16.0,0.2555,0.2637,0.25,0.25,33700.0,-0.005500000000000005
2.0,15.0,0.2526,0.2526,0.2526,0.2526,1000.0,0.0
2.0,14.0,0.2327,0.2327,0.2326,0.2326,20500.0,-9.999999999998899E-5
2.0,9.0,0.216,0.2292,0.216,0.2292,1100.0,0.01319999999999999
2.0,4.0,0.2263,0.2263,0.2263,0.2263,2000.0,0.0
2.0,3.0,0.2425,0.2425,0.2271,0.2271,2000.0,-0.015399999999999997
2.0,2.0,0.2373,0.2378,0.2373,0.2378,9000.0,5.000000000000004E-4
2.0,1.0,0.2321,0.2321,0.2265,0.2265,13000.0,-0.005599999999999994
1.0,31.0,0.2153,0.2153,0.1993,0.2115,62000.0,-0.003799999999999998
1.0,28.0,0.2265,0.245,0.216,0.245,138700.0,0.01849999999999999
1.0,27.0,0.247,0.247,0.2233,0.2233,102500.0,-0.0237
1.0,26.0,0.251,0.2642,0.251,0.2614,24000.0,0.01040000000000002
1.0,25.0,0.2649,0.2649,0.2453,0.2505,17500.0,-0.014400000000000024
1.0,24.0,0.2639,0.2639,0.2639,0.2639,6000.0,0.0
1.0,21.0,0.2568,0.2568,0.2568,0.2568,500.0,0.0
1.0,20.0,0.2594,0.2594,0.245,0.245,23100.0,-0.014400000000000024
1.0,19.0,0.267,0.282,0.2558,0.2558,35900.0,-0.011199999999999988
1.0,18.0,0.2627,0.278,0.2627,0.267,21400.0,0.004300000000000026
1.0,13.0,0.2375,0.238,0.2335,0.2377,20400.0,2.0000000000000573E-4
1.0,12.0,0.2385,0.2385,0.2181,0.2225,29600.0,-0.015999999999999986
1.0,11.0,0.252,0.2653,0.2219,0.2321,79100.0,-0.0199
1.0,10.0,0.2035,0.2504,0.2035,0.2418,228700.0,0.0383
1.0,7.0,0.177,0.177,0.1664,0.1766,25800.0,-3.999999999999837E-4
1.0,6.0,0.1759,0.1759,0.1759,0.1759,800.0,0.0
1.0,5.0,0.1729,0.1761,0.1605,0.1605,63000.0,-0.012399999999999994
1.0,4.0,0.1655,0.18,0.1655,0.176,34600.0,0.010499999999999982
12.0,31.0,0.1709,0.1761,0.1625,0.171,43500.0,1.0000000000001674E-4
12.0,30.0,0.17,0.17,0.165,0.165,26500.0,-0.0050000000000000044
12.0,29.0,0.1448,0.1652,0.1448,0.16,76500.0,0.015199999999999991
12.0,23.0,0.1481,0.1481,0.1481,0.1481,2500.0,0.0
12.0,22.0,0.1431,0.1485,0.1379,0.1485,11800.0,0.005399999999999988
12.0,21.0,0.1625,0.1625,0.152,0.152,9500.0,-0.01050000000000001
12.0,20.0,0.163,0.1673,0.1571,0.1673,130500.0,0.004299999999999998
12.0,17.0,0.155,0.1633,0.1431,0.1584,15700.0,0.003400000000000014
12.0,16.0,0.1592,0.1692,0.1592,0.1592,39000.0,0.0
12.0,14.0,0.1932,0.1932,0.1889,0.1889,47800.0,-0.004299999999999998
12.0,13.0,0.1445,0.199,0.144,0.1937,149400.0,0.04920000000000002
12.0,10.0,0.1487,0.1487,0.131,0.1439,100300.0,-0.004799999999999999
12.0,9.0,0.1514,0.1514,0.1404,0.1434,45000.0,-0.008000000000000007
12.0,8.0,0.1637,0.1637,0.1585,0.1585,8000.0,-0.00520000000000001
12.0,7.0,0.1694,0.1695,0.1642,0.1642,45700.0,-0.005199999999999982
12.0,6.0,0.1535,0.1643,0.1535,0.1643,72000.0,0.010800000000000004
12.0,3.0,0.1693,0.1694,0.1541,0.1541,19400.0,-0.015200000000000019
12.0,2.0,0.1641,0.1641,0.1641,0.1641,2000.0,0.0
12.0,1.0,0.1625,0.1675,0.159,0.16,63200.0,-0.0025000000000000022
11.0,30.0,0.1586,0.166,0.1527,0.166,16900.0,0.007400000000000018
11.0,29.0,0.16,0.16,0.16,0.16,2000.0,0.0
11.0,26.0,0.1767,0.1767,0.1767,0.1767,30000.0,0.0
11.0,19.0,0.1792,0.1792,0.1765,0.1765,20000.0,-0.002700000000000008
11.0,18.0,0.1749,0.1919,0.1749,0.1814,68800.0,0.006500000000000006
11.0,17.0,0.157,0.158,0.147,0.1511,85600.0,-0.005899999999999989
11.0,16.0,0.172,0.172,0.1558,0.1558,44000.0,-0.016199999999999992
11.0,15.0,0.2087,0.2087,0.1784,0.1835,106100.0,-0.0252
11.0,12.0,0.1981,0.2084,0.1981,0.1982,26500.0,9.999999999998899E-5
11.0,11.0,0.22,0.22,0.2034,0.2191,45000.0,-9.000000000000119E-4
11.0,10.0,0.2194,0.2351,0.215,0.2251,23000.0,0.005699999999999983
11.0,9.0,0.24,0.24,0.1988,0.1988,78300.0,-0.04119999999999999
11.0,8.0,0.169,0.2524,0.169,0.2393,163800.0,0.0703
11.0,5.0,0.1549,0.1649,0.1549,0.1648,13400.0,0.009899999999999992
11.0,4.0,0.1546,0.1547,0.1546,0.1547,13700.0,1.0000000000001674E-4
11.0,3.0,0.1387,0.14,0.1387,0.14,16500.0,0.0013000000000000234
11.0,2.0,0.1438,0.1438,0.1438,0.1438,10000.0,0.0
11.0,1.0,0.1479,0.1479,0.1479,0.1479,1000.0,0.0
10.0,29.0,0.1294,0.1426,0.1294,0.1404,27200.0,0.01100000000000001
10.0,28.0,0.13,0.13,0.13,0.13,15000.0,0.0
10.0,27.0,0.1355,0.15,0.1355,0.15,75000.0,0.014499999999999985
10.0,26.0,0.1368,0.1368,0.1368,0.1368,3800.0,0.0
10.0,25.0,0.1275,0.1375,0.1275,0.1375,24500.0,0.010000000000000009
10.0,21.0,0.1081,0.1081,0.1081,0.1081,10000.0,0.0
10.0,20.0,0.1028,0.1077,0.1028,0.1077,125000.0,0.004900000000000002
10.0,19.0,0.1058,0.1058,0.0921,0.102,46600.0,-0.0038000000000000117
10.0,18.0,0.109,0.109,0.109,0.109,5000.0,0.0
10.0,15.0,0.1045,0.1092,0.1045,0.1092,38000.0,0.00470000000000001
10.0,14.0,0.105,0.105,0.0924,0.0924,128100.0,-0.0126
10.0,13.0,0.0947,0.109,0.0947,0.109,19000.0,0.014299999999999993
10.0,12.0,0.103,0.1089,0.0989,0.1089,16300.0,0.0059000000000000025
10.0,8.0,0.1136,0.1137,0.1136,0.1137,25000.0,9.999999999998899E-5
10.0,7.0,0.1002,0.1002,0.1002,0.1002,4000.0,0.0
10.0,6.0,0.1085,0.1085,0.1085,0.1085,8000.0,0.0
10.0,5.0,0.1011,0.1133,0.098,0.1132,112600.0,0.0121
10.0,4.0,0.1029,0.103,0.1029,0.103,25000.0,9.999999999998899E-5
10.0,1.0,0.0975,0.1029,0.0975,0.1029,44000.0,0.005400000000000002
9.0,30.0,0.1075,0.1075,0.0973,0.1022,68400.0,-0.005299999999999999
9.0,29.0,0.0945,0.112,0.0945,0.1048,111100.0,0.010300000000000004
9.0,28.0,0.1067,0.107,0.1067,0.107,12200.0,2.999999999999947E-4
9.0,27.0,0.0906,0.0935,0.089,0.0927,174000.0,0.0021000000000000046
9.0,23.0,0.0753,0.0753,0.0704,0.0704,77000.0,-0.004900000000000002
9.0,22.0,0.059,0.059,0.0563,0.0563,10600.0,-0.002699999999999994
9.0,21.0,0.0584,0.0584,0.0584,0.0584,75000.0,0.0
9.0,20.0,0.0584,0.0584,0.0584,0.0584,28400.0,0.0
9.0,8.0,0.04,0.04,0.04,0.04,100.0,0.0
9.0,7.0,0.0529,0.0529,0.0481,0.0481,28000.0,-0.004800000000000006
9.0,3.0,0.0578,0.0578,0.0577,0.0577,29900.0,-9.999999999999593E-5
9.0,2.0,0.0572,0.0572,0.0572,0.0572,75000.0,0.0
9.0,1.0,0.0425,0.0425,0.0425,0.0425,3000.0,0.0
8.0,27.0,0.058,0.058,0.058,0.058,5000.0,0.0
8.0,23.0,0.0621,0.0621,0.0621,0.0621,14500.0,0.0
8.0,19.0,0.0729,0.0729,0.0729,0.0729,10000.0,0.0
8.0,18.0,0.068,0.0683,0.0679,0.0682,212500.0,1.9999999999999185E-4
8.0,17.0,0.0679,0.0679,0.0679,0.0679,10000.0,0.0
8.0,11.0,0.0576,0.0576,0.0576,0.0576,9000.0,0.0
8.0,9.0,0.0585,0.0586,0.0585,0.0586,11000.0,9.999999999999593E-5
7.0,27.0,0.0555,0.0555,0.0555,0.0555,3000.0,0.0
7.0,22.0,0.0626,0.063,0.0626,0.0627,20600.0,1.0000000000000286E-4
7.0,15.0,0.0583,0.0583,0.0583,0.0583,15000.0,0.0
7.0,14.0,0.0582,0.0582,0.0582,0.0582,48000.0,0.0
7.0,13.0,0.0582,0.0582,0.0582,0.0582,20000.0,0.0
7.0,9.0,0.0563,0.0582,0.0563,0.0582,22000.0,0.001899999999999999
7.0,7.0,0.0621,0.0621,0.0621,0.0621,22500.0,0.0
6.0,30.0,0.0664,0.0664,0.0664,0.0664,5000.0,0.0
6.0,28.0,0.0678,0.0678,0.0678,0.0678,1000.0,0.0
6.0,25.0,0.0676,0.0676,0.0676,0.0676,10000.0,0.0
6.0,24.0,0.0653,0.0653,0.0653,0.0653,5000.0,0.0
6.0,23.0,0.0527,0.0527,0.0527,0.0527,4000.0,0.0
6.0,22.0,0.061,0.061,0.061,0.061,3000.0,0.0
6.0,21.0,0.061,0.061,0.061,0.061,500.0,0.0
6.0,18.0,0.0686,0.0686,0.0686,0.0686,14800.0,0.0
6.0,16.0,0.0684,0.0684,0.0684,0.0684,1000.0,0.0
6.0,15.0,0.0681,0.0681,0.0681,0.0681,2300.0,0.0
6.0,14.0,0.0681,0.0681,0.068,0.068,51300.0,-9.999999999998899E-5
6.0,10.0,0.0679,0.0679,0.0679,0.0679,17200.0,0.0
6.0,9.0,0.0673,0.0673,0.0673,0.0673,14500.0,0.0
6.0,7.0,0.0665,0.0665,0.0665,0.0665,35000.0,0.0
5.0,20.0,0.0613,0.0613,0.0613,0.0613,10000.0,0.0
5.0,12.0,0.0723,0.0723,0.0723,0.0723,6500.0,0.0
5.0,11.0,0.0685,0.0685,0.0685,0.0685,10000.0,0.0
4.0,21.0,0.0722,0.0722,0.0722,0.0722,20000.0,0.0
4.0,19.0,0.0666,0.0666,0.0666,0.0666,9000.0,0.0
3.0,29.0,0.073,0.073,0.073,0.073,1000.0,0.0
2.0,26.0,0.072,0.072,0.072,0.072,1000000.0,0.0
2.0,25.0,0.0753,0.076,0.0753,0.076,114200.0,6.999999999999923E-4
2.0,24.0,0.08,0.0809,0.0785,0.0809,425700.0,8.99999999999998E-4
2.0,23.0,0.0816,0.0816,0.08,0.08,82600.0,-0.0016000000000000042
2.0,19.0,0.0818,0.087,0.0818,0.0818,679800.0,0.0
2.0,10.0,0.0892,0.0892,0.0892,0.0892,10000.0,0.0
2.0,9.0,0.0939,0.0939,0.089,0.089,5200.0,-0.004900000000000002
2.0,3.0,0.075,0.075,0.075,0.075,1500.0,0.0
2.0,2.0,0.0704,0.0704,0.0704,0.0704,3000.0,0.0
2.0,1.0,0.08,0.08,0.08,0.08,10000.0,0.0
1.0,26.0,0.0967,0.1014,0.0965,0.0965,33600.0,-1.9999999999999185E-4
1.0,25.0,0.1045,0.1045,0.0995,0.1042,88900.0,-2.999999999999947E-4
1.0,22.0,0.0995,0.0995,0.0995,0.0995,18000.0,0.0
1.0,19.0,0.107,0.107,0.107,0.107,5000.0,0.0
1.0,15.0,0.1168,0.1168,0.1168,0.1168,4100.0,0.0
1.0,14.0,0.1263,0.1263,0.1172,0.1175,30000.0,-0.008800000000000002
1.0,13.0,0.121,0.121,0.121,0.121,25000.0,0.0
1.0,11.0,0.0919,0.0919,0.0919,0.0919,25000.0,0.0
1.0,7.0,0.0919,0.0919,0.0919,0.0919,13500.0,0.0
1.0,6.0,0.0919,0.097,0.0919,0.097,250100.0,0.005100000000000007
1.0,5.0,0.0917,0.0917,0.0917,0.0917,20300.0,0.0
1.0,4.0,0.082,0.0868,0.082,0.0868,66200.0,0.004799999999999999
12.0,30.0,0.0662,0.0662,0.066,0.066,4000.0,-1.9999999999999185E-4
12.0,7.0,0.0682,0.0682,0.0682,0.0682,2000.0,0.0
12.0,2.0,0.0815,0.085,0.0815,0.085,70000.0,0.003500000000000003
12.0,1.0,0.072,0.072,0.072,0.072,10000.0,0.0
11.0,25.0,0.0545,0.0545,0.0545,0.0545,6000.0,0.0
11.0,4.0,0.062,0.062,0.062,0.062,20000.0,0.0
10.0,30.0,0.065,0.065,0.065,0.065,4000.0,0.0
10.0,26.0,0.07,0.07,0.07,0.07,4000.0,0.0
10.0,16.0,0.0625,0.0645,0.0624,0.0626,177000.0,1.0000000000000286E-4
9.0,3.0,0.0425,0.0425,0.0425,0.0425,500.0,0.0
9.0,2.0,0.0425,0.0425,0.0425,0.0425,500.0,0.0
8.0,27.0,0.0361,0.0361,0.0361,0.0361,10000.0,0.0
7.0,29.0,0.036,0.036,0.036,0.036,100.0,0.0
7.0,27.0,0.0332,0.0332,0.0332,0.0332,100.0,0.0
7.0,23.0,0.0439,0.0439,0.0439,0.0439,5000.0,0.0
7.0,22.0,0.0332,0.0332,0.0332,0.0332,2000.0,0.0
6.0,15.0,0.0435,0.0435,0.0435,0.0435,5000.0,0.0
5.0,28.0,0.037,0.037,0.037,0.037,15000.0,0.0
5.0,7.0,0.04,0.04,0.04,0.04,25000.0,0.0
5.0,1.0,0.0427,0.0469,0.0427,0.0469,35000.0,0.004199999999999995
4.0,15.0,0.0407,0.0407,0.0407,0.0407,40000.0,0.0
4.0,13.0,0.03,0.03,0.026,0.026,7500.0,-0.004
4.0,7.0,0.015,0.015,0.015,0.015,5000.0,0.0
4.0,6.0,0.0292,0.0292,0.0292,0.0292,15000.0,0.0
3.0,9.0,0.0218,0.0218,0.0218,0.0218,1000.0,0.0
3.0,6.0,0.0245,0.0285,0.0245,0.0245,7900.0,0.0
2.0,27.0,0.038,0.042,0.038,0.042,10000.0,0.0040000000000000036
2.0,13.0,0.038,0.038,0.0292,0.034,63500.0,-0.003999999999999997
1.0,6.0,0.0416,0.0416,0.0416,0.0416,25000.0,0.0
1.0,5.0,0.0371,0.0371,0.0371,0.0371,27000.0,0.0
12.0,31.0,0.018,0.018,0.018,0.018,32000.0,0.0
12.0,24.0,0.01,0.01,0.01,0.01,15000.0,0.0
12.0,23.0,0.019,0.019,0.0107,0.0107,21000.0,-0.0083
12.0,18.0,0.0115,0.0115,0.0115,0.0115,5000.0,0.0
12.0,16.0,0.015,0.0254,0.015,0.0254,25500.0,0.0104
12.0,9.0,0.022,0.022,0.022,0.022,6000.0,0.0
12.0,5.0,0.0285,0.0285,0.0285,0.0285,20000.0,0.0
11.0,18.0,0.0395,0.0395,0.0395,0.0395,300.0,0.0
11.0,11.0,0.0555,0.0555,0.0555,0.0555,2000.0,0.0
11.0,10.0,0.0595,0.0595,0.0555,0.0555,10000.0,-0.003999999999999997
10.0,27.0,0.059,0.059,0.059,0.059,500.0,0.0
