9.0,25.0,86.5,88.559998,85.589996,86.709999,2704500.0,0.20999899999999627
9.0,24.0,84.269997,86.489998,80.790001,85.68,5411800.0,1.4100030000000032
9.0,23.0,86.410004,87.0,85.129997,85.57,2618800.0,-0.8400040000000075
9.0,22.0,88.580002,88.879997,86.050003,86.349998,3769500.0,-2.230003999999994
9.0,21.0,90.150002,91.599998,89.300003,90.349998,2219000.0,0.19999599999999873
9.0,18.0,89.540001,91.25,88.5,90.080002,3299000.0,0.5400009999999895
9.0,17.0,90.809998,92.989998,90.230003,91.019997,2804500.0,0.20999900000001048
9.0,16.0,90.5,91.0,89.129997,90.940002,2204200.0,0.4400020000000069
9.0,15.0,90.849998,92.669998,90.300003,90.470001,2793900.0,-0.379997000000003
9.0,14.0,89.940002,90.519997,88.220001,90.260002,2843900.0,0.3199999999999932
9.0,11.0,86.199997,88.739998,85.129997,88.410004,3141400.0,2.2100070000000045
9.0,10.0,88.099998,89.230003,86.099998,86.879997,4039100.0,-1.2200009999999963
9.0,9.0,91.980003,94.900002,88.639999,88.870003,4907200.0,-3.1099999999999994
9.0,8.0,87.129997,91.150002,87.0,90.68,4477400.0,3.550003000000004
9.0,4.0,83.860001,86.32,83.709999,84.43,2355100.0,0.5699990000000099
9.0,3.0,85.120003,86.849998,84.870003,85.709999,2707500.0,0.5899959999999993
9.0,2.0,82.809998,84.919998,81.68,84.889999,3535300.0,2.08000100000001
9.0,1.0,82.07,84.839996,81.32,81.839996,3842900.0,-0.23000399999999388
8.0,31.0,85.75,86.589996,84.050003,84.650002,2962900.0,-1.0999979999999994
8.0,28.0,86.0,87.300003,85.830002,86.730003,1933800.0,0.7300029999999964
8.0,27.0,87.660004,88.25,84.970001,86.639999,5424200.0,-1.0200049999999976
8.0,26.0,84.480003,85.389999,80.790001,85.019997,4046100.0,0.5399940000000072
8.0,25.0,83.389999,84.739998,80.639999,80.839996,5713200.0,-2.550003000000004
8.0,24.0,73.589996,83.839996,72.050003,79.260002,9160200.0,5.670006000000001
8.0,21.0,78.470001,82.970001,78.470001,80.330002,6273800.0,1.860000999999997
8.0,20.0,86.160004,86.160004,81.75,82.019997,7032100.0,-4.140006999999997
8.0,19.0,89.010002,89.589996,86.43,87.010002,5258500.0,-2.0
8.0,18.0,91.639999,92.190002,87.949997,88.339996,4676400.0,-3.300003000000004
8.0,17.0,90.839996,91.669998,89.970001,91.580002,4025500.0,0.740005999999994
8.0,14.0,93.650002,93.809998,91.379997,91.620003,3149700.0,-2.0299990000000037
8.0,13.0,93.419998,94.419998,91.93,93.650002,3662000.0,0.23000399999999388
8.0,12.0,92.919998,94.889999,90.050003,93.830002,8026100.0,0.9100039999999865
8.0,11.0,97.529999,98.0,95.389999,96.279999,3586400.0,-1.25
8.0,10.0,96.82,99.470001,96.419998,99.279999,2599000.0,2.4599990000000105
8.0,7.0,95.279999,96.519997,94.010002,96.339996,2170600.0,1.0599969999999956
8.0,6.0,97.470001,97.5,93.239998,95.730003,3487200.0,-1.739998
8.0,5.0,95.279999,97.790001,95.010002,97.019997,2900000.0,1.739998
8.0,4.0,95.980003,97.57,93.669998,95.279999,5367200.0,-0.7000039999999927
8.0,3.0,96.470001,98.150002,95.779999,97.970001,2810700.0,1.5
7.0,31.0,97.339996,100.260002,96.730003,96.989998,4968600.0,-0.34999799999999937
7.0,30.0,96.0,98.650002,94.199997,97.870003,6516400.0,1.870002999999997
7.0,29.0,91.25,93.449997,90.160004,91.800003,3953800.0,0.5500030000000038
7.0,28.0,89.459999,92.040001,87.370003,91.040001,3373200.0,1.5800020000000075
7.0,27.0,88.949997,89.459999,86.93,88.220001,3186300.0,-0.7299959999999999
7.0,24.0,94.010002,94.489998,90.080002,90.279999,3581400.0,-3.7300029999999964
7.0,23.0,92.389999,94.470001,92.010002,93.0,4932000.0,0.6100009999999969
7.0,22.0,87.209999,90.589996,85.720001,90.279999,8232700.0,3.0700000000000074
7.0,21.0,89.910004,92.489998,89.870003,92.400002,3550600.0,2.489998
7.0,20.0,91.830002,91.830002,89.650002,90.010002,2890000.0,-1.8199999999999932
7.0,17.0,92.18,92.610001,89.669998,91.279999,3533600.0,-0.9000010000000032
7.0,16.0,93.480003,93.879997,90.629997,91.790001,4979200.0,-1.6900019999999927
7.0,15.0,94.75,94.989998,92.75,92.879997,3584500.0,-1.870002999999997
7.0,14.0,92.5,95.419998,91.919998,94.739998,3741100.0,2.239998
7.0,13.0,93.900002,94.459999,91.019997,91.800003,4308200.0,-2.099998999999997
7.0,10.0,91.75,93.900002,91.75,92.730003,4845300.0,0.9800029999999964
7.0,9.0,94.0,94.989998,89.769997,90.510002,5471800.0,-3.489998
7.0,8.0,94.760002,95.360001,91.43,92.239998,6318200.0,-2.520004
7.0,7.0,96.720001,97.300003,91.019997,96.470001,5162100.0,-0.25
7.0,6.0,96.709999,99.18,95.870003,96.709999,2147200.0,0.0
7.0,2.0,97.5,98.639999,97.25,98.120003,1653900.0,0.620002999999997
7.0,1.0,100.470001,101.169998,97.220001,97.629997,2019200.0,-2.8400039999999933
6.0,30.0,98.389999,99.169998,95.790001,98.199997,3606300.0,-0.1900020000000069
6.0,29.0,98.279999,99.949997,96.239998,97.5,3168600.0,-0.7799990000000037
6.0,26.0,101.940002,102.879997,100.160004,100.519997,2800700.0,-1.4200050000000033
6.0,25.0,103.370003,103.830002,102.209999,102.629997,1366500.0,-0.740005999999994
6.0,24.0,103.43,104.199997,102.709999,102.940002,1966200.0,-0.48999799999999993
6.0,23.0,105.360001,105.699997,102.690002,103.419998,2541100.0,-1.9400029999999902
6.0,22.0,105.790001,106.440002,103.739998,104.599998,2065500.0,-1.1900030000000044
6.0,19.0,105.209999,105.489998,103.0,104.620003,3751500.0,-0.5899959999999993
6.0,18.0,102.230003,106.57,102.230003,105.18,2957900.0,2.9499970000000104
6.0,17.0,103.209999,103.879997,102.010002,102.18,1881200.0,-1.0299989999999895
6.0,16.0,103.239998,103.459999,101.629997,103.150002,2043800.0,-0.0899959999999993
6.0,15.0,102.669998,103.169998,101.43,102.790001,2648700.0,0.12000299999999697
6.0,12.0,103.529999,104.470001,103.410004,103.809998,1637500.0,0.27999899999998945
6.0,11.0,104.949997,105.599998,103.690002,104.690002,1559300.0,-0.2599949999999893
6.0,10.0,106.32,106.32,104.599998,105.309998,2392400.0,-1.010002
6.0,9.0,103.150002,104.190002,101.150002,103.809998,2970200.0,0.6599959999999925
6.0,8.0,107.019997,107.120003,103.400002,103.830002,2797500.0,-3.1899950000000104
6.0,5.0,106.410004,107.650002,105.870003,106.980003,2273400.0,0.5699989999999957
6.0,4.0,107.75,108.650002,105.910004,106.739998,2905100.0,-1.010002
6.0,3.0,111.739998,111.970001,108.160004,108.230003,2945000.0,-3.5099950000000035
6.0,2.0,111.389999,111.730003,109.220001,110.629997,3023800.0,-0.7600020000000001
6.0,1.0,113.230003,114.0,111.339996,111.980003,2720300.0,-1.25
5.0,29.0,110.800003,112.809998,110.129997,112.25,3591800.0,1.4499969999999962
5.0,28.0,111.440002,112.769997,109.599998,110.790001,5006300.0,-0.6500010000000032
5.0,27.0,107.120003,111.139999,106.800003,110.709999,4102000.0,3.5899959999999993
5.0,26.0,107.879997,107.970001,105.779999,106.989998,2984000.0,-0.8899990000000031
5.0,22.0,107.059998,108.0,106.120003,107.18,2804100.0,0.12000200000001371
5.0,21.0,102.779999,106.879997,101.529999,106.790001,4916300.0,4.010002
5.0,20.0,102.849998,103.940002,101.889999,102.879997,1745400.0,0.02999900000000366
5.0,19.0,103.5,105.690002,101.970001,102.790001,2833100.0,-0.7099989999999963
5.0,18.0,102.849998,103.43,102.089996,103.110001,1750300.0,0.26000299999999754
5.0,15.0,103.339996,103.489998,101.75,102.720001,2254700.0,-0.619995000000003
5.0,14.0,102.550003,103.0,101.550003,102.660004,1899300.0,0.1100009999999969
5.0,13.0,102.230003,103.18,101.5,101.639999,2054800.0,-0.5900039999999933
5.0,12.0,104.120003,104.190002,101.669998,101.779999,2277000.0,-2.3400039999999933
5.0,11.0,104.099998,104.940002,103.190002,103.57,2407100.0,-0.5299980000000062
5.0,8.0,102.0,104.800003,101.559998,103.980003,4490500.0,1.9800029999999964
5.0,7.0,98.870003,100.849998,98.559998,100.739998,2741800.0,1.869995000000003
5.0,6.0,97.5,98.699997,96.43,98.489998,2406700.0,0.9899979999999999
5.0,5.0,99.300003,100.139999,97.279999,97.440002,2933300.0,-1.860000999999997
5.0,4.0,101.220001,101.669998,98.959999,100.129997,2447600.0,-1.0900039999999933
5.0,1.0,95.940002,102.279999,95.800003,100.989998,4764000.0,5.049995999999993
4.0,30.0,97.139999,99.839996,95.620003,96.120003,6233400.0,-1.0199960000000061
4.0,29.0,96.260002,96.400002,94.550003,95.419998,2757100.0,-0.8400039999999933
4.0,28.0,97.040001,97.389999,93.449997,96.220001,3304500.0,-0.8200000000000074
4.0,27.0,96.709999,98.139999,96.220001,96.93,2919800.0,0.22000100000001055
4.0,24.0,98.760002,98.959999,93.760002,95.330002,6697600.0,-3.430000000000007
4.0,23.0,99.900002,101.0,98.349998,98.580002,4535500.0,-1.3200000000000074
4.0,22.0,101.75,103.120003,100.419998,102.690002,1452500.0,0.9400020000000069
4.0,21.0,101.93,101.989998,100.699997,101.239998,1347800.0,-0.6900020000000069
4.0,20.0,100.580002,102.199997,100.120003,101.029999,1748900.0,0.4499970000000104
4.0,17.0,100.129997,100.769997,99.110001,99.730003,2062500.0,-0.3999940000000066
4.0,16.0,100.940002,102.529999,100.559998,101.629997,1844700.0,0.6899949999999961
4.0,15.0,99.300003,100.980003,99.300003,100.75,2389000.0,1.4499969999999962
4.0,14.0,100.129997,100.519997,97.800003,98.629997,2087900.0,-1.5
4.0,13.0,101.230003,101.800003,99.25,100.290001,1566700.0,-0.9400019999999927
4.0,10.0,102.75,102.879997,100.910004,101.339996,1467200.0,-1.4100040000000007
4.0,9.0,101.18,102.269997,100.900002,102.099998,1392800.0,0.9199979999999925
4.0,8.0,101.0,102.93,100.410004,101.860001,2057100.0,0.8600009999999969
4.0,7.0,99.779999,101.800003,99.779999,100.379997,3294700.0,0.5999979999999994
4.0,6.0,97.660004,100.059998,97.160004,99.959999,3237100.0,2.2999949999999956
4.0,2.0,99.910004,100.889999,98.82,99.269997,1958300.0,-0.6400069999999971
4.0,1.0,100.0,100.650002,98.080002,99.75,3301400.0,-0.25
3.0,31.0,101.68,102.550003,100.169998,100.360001,2527400.0,-1.31999900000001
3.0,30.0,101.019997,103.989998,101.019997,102.43,3732000.0,1.4100030000000032
3.0,27.0,98.419998,100.639999,97.239998,99.919998,4993000.0,1.5
3.0,26.0,96.010002,99.0,93.050003,97.5,8746700.0,1.489998
3.0,25.0,104.419998,104.459999,98.580002,100.150002,5904000.0,-4.269996000000006
3.0,24.0,105.010002,105.190002,103.360001,104.040001,3231000.0,-0.9700009999999963
3.0,23.0,108.169998,108.5,104.889999,104.889999,3281700.0,-3.2799990000000037
3.0,20.0,106.830002,108.480003,106.0,108.029999,3407000.0,1.1999970000000104
3.0,19.0,105.459999,106.449997,104.699997,105.32,1834800.0,-0.1399990000000031
3.0,18.0,103.459999,105.879997,103.160004,105.360001,2762000.0,1.9000020000000006
3.0,17.0,103.199997,104.25,102.889999,103.830002,2706600.0,0.630004999999997
3.0,16.0,105.0,105.029999,103.139999,104.370003,3956700.0,-0.629997000000003
3.0,13.0,99.800003,105.120003,99.650002,104.669998,8272000.0,4.869995000000003
3.0,12.0,96.599998,98.690002,96.529999,98.580002,2358000.0,1.9800039999999939
3.0,11.0,98.07,98.480003,97.370003,97.949997,2157100.0,-0.12000299999999697
3.0,10.0,98.230003,98.5,97.110001,97.550003,3090200.0,-0.6799999999999926
3.0,9.0,97.940002,99.190002,97.940002,98.720001,3558700.0,0.7799989999999895
3.0,6.0,98.800003,99.029999,97.57,98.480003,3661000.0,-0.3200000000000074
3.0,5.0,100.0,100.860001,98.339996,98.669998,3860400.0,-1.3300019999999932
3.0,4.0,98.050003,99.599998,97.309998,99.470001,3401200.0,1.4199979999999925
3.0,3.0,99.949997,100.089996,97.690002,98.730003,7326500.0,-1.2199939999999998
3.0,2.0,95.099998,99.900002,95.019997,99.559998,2.39074E7,4.459999999999994
2.0,27.0,85.339996,85.940002,84.519997,84.900002,1656900.0,-0.43999399999999866
2.0,26.0,84.919998,86.040001,84.120003,84.959999,1840600.0,0.04000099999998952
2.0,25.0,85.510002,85.849998,84.470001,84.900002,1594800.0,-0.6099999999999994
2.0,24.0,84.660004,85.93,83.620003,85.910004,2250600.0,1.25
2.0,23.0,84.599998,84.690002,83.629997,84.5,1890700.0,-0.09999799999999937
2.0,20.0,85.610001,85.699997,84.150002,84.660004,2103800.0,-0.9499969999999962
2.0,19.0,85.18,85.690002,84.279999,85.669998,2163100.0,0.48999799999999993
2.0,18.0,84.519997,85.480003,83.589996,85.360001,2119500.0,0.8400039999999933
2.0,17.0,85.0,85.279999,83.410004,83.720001,2706100.0,-1.2799990000000037
2.0,13.0,86.139999,86.5,83.980003,84.790001,2719700.0,-1.3499979999999994
2.0,12.0,83.440002,85.43,83.440002,85.389999,2824900.0,1.9499969999999962
2.0,11.0,82.089996,83.970001,81.660004,83.860001,3188400.0,1.7700049999999976
2.0,10.0,81.809998,82.0,80.519997,81.959999,3074100.0,0.15000100000000316
2.0,9.0,82.040001,82.300003,78.690002,80.970001,3663900.0,-1.0700000000000074
2.0,6.0,78.93,83.440002,78.43,82.290001,6118100.0,3.360000999999997
2.0,5.0,80.0,80.75,77.580002,78.269997,6640100.0,-1.7300029999999964
2.0,4.0,79.07,80.389999,78.830002,79.75,4781200.0,0.6800000000000068
2.0,3.0,77.650002,79.809998,77.379997,79.739998,2907700.0,2.0899959999999993
2.0,2.0,79.93,80.269997,76.169998,77.870003,3131200.0,-2.05999700000001
1.0,30.0,79.709999,80.480003,78.150002,79.339996,2455900.0,-0.370002999999997
1.0,29.0,79.400002,80.459999,76.910004,79.870003,3256100.0,0.47000099999999634
1.0,28.0,80.800003,82.139999,78.599998,79.129997,5575500.0,-1.6700060000000008
1.0,27.0,78.0,78.879997,77.5,78.029999,2738600.0,0.02999900000000366
1.0,26.0,79.949997,79.949997,78.139999,79.120003,2851300.0,-0.8299939999999992
1.0,23.0,78.93,81.169998,78.139999,80.230003,2780500.0,1.3000029999999896
1.0,22.0,79.660004,80.0,76.93,79.059998,3795100.0,-0.6000060000000076
1.0,21.0,79.269997,80.160004,78.459999,79.300003,2608500.0,0.0300060000000002
1.0,20.0,79.339996,79.339996,77.379997,78.779999,3084600.0,-0.5599969999999956
1.0,16.0,76.440002,77.919998,75.800003,77.910004,3658500.0,1.4700019999999938
1.0,15.0,80.199997,80.75,76.379997,76.610001,4790900.0,-3.5899959999999993
1.0,14.0,78.019997,80.480003,77.080002,80.07,4010400.0,2.0500029999999896
1.0,13.0,81.0,82.760002,78.57,79.239998,3737300.0,-1.760002
1.0,12.0,81.0,81.290001,78.349998,80.349998,2924800.0,-0.6500020000000006
1.0,9.0,78.349998,80.970001,78.32,80.32,5106500.0,1.9700019999999938
1.0,8.0,75.510002,78.099998,75.43,77.839996,2664000.0,2.3299939999999992
1.0,7.0,73.040001,74.980003,73.040001,74.330002,2713000.0,1.2900009999999895
1.0,6.0,75.5,75.769997,72.199997,72.379997,4099700.0,-3.120002999999997
1.0,5.0,76.910004,77.0,75.459999,76.0,3929600.0,-0.9100040000000007
1.0,2.0,76.559998,77.879997,75.199997,76.809998,2566600.0,0.25
12.0,31.0,75.559998,77.480003,75.379997,76.400002,2210100.0,0.8400040000000075
12.0,30.0,75.910004,76.18,74.519997,75.580002,1839800.0,-0.33000200000000746
12.0,29.0,77.110001,77.110001,75.910004,76.279999,1556000.0,-0.8300019999999932
12.0,26.0,76.760002,77.389999,76.269997,76.620003,768500.0,-0.1399990000000031
12.0,24.0,76.519997,77.82,76.419998,76.75,694500.0,0.2300029999999964
12.0,23.0,77.800003,77.980003,76.190002,76.269997,1494700.0,-1.5300060000000002
12.0,22.0,76.580002,77.739998,76.410004,77.290001,1319100.0,0.7099990000000105
12.0,19.0,78.010002,78.160004,75.870003,76.489998,2660400.0,-1.5200040000000001
12.0,18.0,77.529999,77.93,76.370003,77.82,2898500.0,0.2900009999999895
12.0,17.0,73.309998,75.559998,72.269997,75.43,2115800.0,2.1200020000000137
12.0,16.0,71.379997,75.190002,70.349998,72.690002,3721900.0,1.3100050000000039
12.0,15.0,74.260002,74.5,71.43,72.129997,3617900.0,-2.130004999999997
12.0,12.0,73.75,74.949997,72.739998,73.389999,2349400.0,-0.3600009999999969
12.0,11.0,76.120003,76.879997,74.709999,74.949997,2200300.0,-1.1700060000000008
12.0,10.0,76.610001,77.300003,74.989998,75.150002,2553200.0,-1.4599989999999963
12.0,9.0,75.160004,77.059998,74.510002,76.779999,2595500.0,1.619995000000003
12.0,8.0,77.0,77.879997,75.440002,76.110001,2399700.0,-0.8899990000000031
12.0,5.0,76.5,77.599998,76.019997,77.230003,2495000.0,0.7300029999999964
12.0,4.0,77.110001,77.199997,75.339996,76.139999,3259100.0,-0.9700019999999938
12.0,3.0,76.169998,77.25,75.779999,76.849998,3673400.0,0.6799999999999926
12.0,2.0,75.089996,75.709999,74.139999,75.360001,3597600.0,0.2700049999999976
12.0,1.0,77.629997,77.989998,75.209999,75.879997,3352500.0,-1.75
11.0,28.0,77.849998,78.339996,77.010002,77.809998,1225800.0,-0.04000000000000625
11.0,26.0,75.980003,78.0,75.669998,77.849998,3002400.0,1.869995000000003
11.0,25.0,77.190002,77.800003,76.0,76.150002,8095500.0,-1.0400000000000063
11.0,24.0,74.870003,76.699997,74.57,76.18,3983100.0,1.3099970000000098
11.0,21.0,75.470001,75.839996,73.809998,74.849998,3015500.0,-0.620002999999997
11.0,20.0,72.709999,74.919998,71.800003,74.139999,2362100.0,1.4300000000000068
11.0,19.0,74.379997,75.07,72.879997,73.0,2785600.0,-1.379997000000003
11.0,18.0,73.870003,75.32,73.82,74.550003,3158700.0,0.6800000000000068
11.0,17.0,73.809998,74.949997,73.790001,74.370003,3290700.0,0.5600050000000039
11.0,14.0,72.480003,73.849998,71.129997,73.730003,2036900.0,1.25
11.0,13.0,73.5,74.800003,72.019997,72.580002,2252100.0,-0.9199980000000068
11.0,12.0,73.43,73.739998,72.220001,73.400002,2141100.0,-0.029998000000006186
11.0,11.0,73.830002,74.669998,73.129997,73.839996,2388300.0,0.009994000000006054
11.0,10.0,73.919998,74.739998,73.699997,74.389999,2221300.0,0.47000099999999634
11.0,7.0,73.510002,74.199997,71.790001,73.540001,3643300.0,0.02999900000000366
11.0,6.0,73.150002,74.940002,73.150002,73.470001,4718000.0,0.3199989999999957
11.0,5.0,70.5,73.589996,70.5,73.360001,8166200.0,2.860000999999997
11.0,4.0,68.580002,69.809998,68.239998,69.669998,3271500.0,1.0899960000000135
11.0,3.0,68.43,69.940002,68.32,69.25,3818500.0,0.8199999999999932
10.0,31.0,67.800003,69.599998,67.199997,68.660004,5256600.0,0.8600009999999969
10.0,30.0,66.449997,66.879997,63.52,65.410004,5669700.0,-1.0399929999999955
10.0,29.0,67.290001,67.919998,65.540001,67.050003,2767800.0,-0.23999799999999993
10.0,28.0,65.419998,67.650002,65.419998,67.57,3246700.0,2.1500019999999864
10.0,27.0,65.370003,65.949997,63.77,65.760002,2694200.0,0.3899990000000031
10.0,24.0,64.510002,65.900002,64.139999,65.529999,3888200.0,1.0199970000000036
10.0,23.0,65.989998,66.0,61.650002,64.18,1.00495E7,-1.8099979999999931
10.0,22.0,65.389999,65.870003,63.919998,64.129997,4533400.0,-1.260002
10.0,21.0,63.34,65.089996,62.810001,64.639999,5714000.0,1.2999989999999997
10.0,20.0,60.150002,61.93,59.700001,61.5,2785300.0,1.3499979999999994
10.0,17.0,63.009998,63.970001,60.32,60.419998,5110000.0,-2.5900000000000034
10.0,16.0,57.189999,62.029999,57.0,61.060001,6535000.0,3.8700019999999995
10.0,15.0,55.27,59.18,54.919998,58.610001,6478400.0,3.340000999999994
10.0,14.0,55.0,59.43,54.189999,56.580002,8606400.0,1.5800020000000004
10.0,13.0,56.709999,57.290001,53.810001,53.900002,7030000.0,-2.8099970000000027
10.0,10.0,58.07,58.389999,54.709999,56.34,1.85676E7,-1.7299999999999969
10.0,9.0,65.709999,66.160004,63.990002,64.339996,3645000.0,-1.370002999999997
10.0,8.0,65.050003,66.440002,62.869999,66.160004,5047600.0,1.110000999999997
10.0,7.0,65.279999,66.260002,64.75,65.199997,2633100.0,-0.08000200000000746
10.0,6.0,67.610001,68.169998,65.860001,66.209999,2482900.0,-1.4000020000000006
10.0,3.0,66.610001,68.339996,66.589996,67.370003,3399500.0,0.7600020000000001
10.0,2.0,65.970001,66.480003,63.490002,66.309998,5741300.0,0.3399969999999968
10.0,1.0,68.459999,68.459999,65.690002,66.010002,5089500.0,-2.449996999999996
9.0,30.0,70.209999,70.279999,67.769997,68.43,3848200.0,-1.7799989999999895
9.0,29.0,69.889999,70.82,69.129997,70.279999,1883300.0,0.39000000000000057
9.0,26.0,69.459999,71.370003,69.459999,71.089996,1780900.0,1.629997000000003
9.0,25.0,72.160004,72.190002,69.599998,69.809998,2978200.0,-2.3500060000000076
9.0,24.0,72.260002,72.879997,71.370003,72.209999,2368500.0,-0.050003000000003794
9.0,23.0,70.5,72.260002,70.010002,72.0,2890500.0,1.5
9.0,22.0,72.290001,72.550003,70.68,70.800003,3149000.0,-1.489998
9.0,19.0,73.82,73.82,71.57,71.989998,4107200.0,-1.8300019999999932
9.0,18.0,71.440002,73.709999,70.82,73.010002,5016700.0,1.5699999999999932
9.0,17.0,71.150002,71.239998,69.879997,70.730003,1979800.0,-0.41999900000000423
9.0,16.0,68.400002,70.489998,68.400002,70.260002,2222500.0,1.8599999999999994
9.0,15.0,70.050003,70.580002,68.419998,68.559998,2854800.0,-1.4900050000000107
9.0,12.0,71.419998,71.5,69.910004,69.980003,2335100.0,-1.4399950000000104
9.0,11.0,70.150002,71.459999,70.150002,71.339996,2211900.0,1.1899939999999987
9.0,10.0,70.889999,71.0,69.589996,70.629997,3174800.0,-0.26000200000000007
9.0,9.0,71.029999,73.089996,68.790001,70.019997,9013800.0,-1.010002
9.0,8.0,71.309998,72.18,70.650002,71.190002,4187100.0,-0.11999599999998622
9.0,5.0,69.839996,71.099998,69.290001,70.989998,3674700.0,1.1500020000000006
9.0,4.0,69.339996,69.82,68.800003,69.43,3780000.0,0.09000400000000752
9.0,3.0,69.5,70.379997,68.75,69.25,4706200.0,-0.25
9.0,2.0,70.0,70.0,68.660004,69.07,4401100.0,-0.9300000000000068
8.0,29.0,69.099998,69.5,67.809998,68.519997,5607400.0,-0.5800009999999958
8.0,28.0,65.779999,66.970001,65.059998,66.959999,2681200.0,1.1799999999999926
8.0,27.0,65.419998,65.699997,64.040001,65.540001,1708200.0,0.12000299999999697
8.0,26.0,65.559998,65.889999,64.709999,64.739998,2328600.0,-0.8199999999999932
8.0,25.0,65.720001,65.849998,65.010002,65.540001,2019300.0,-0.1799999999999926
8.0,22.0,64.900002,65.839996,64.199997,65.43,3308100.0,0.5299980000000062
8.0,21.0,64.279999,64.449997,63.77,64.029999,2672800.0,-0.25
8.0,20.0,63.349998,64.459999,63.259998,64.199997,3371400.0,0.8499989999999968
8.0,19.0,63.110001,63.970001,62.700001,63.259998,2680000.0,0.14999700000000615
8.0,18.0,62.16,63.34,60.82,63.23,6773800.0,1.0700000000000003
8.0,15.0,64.339996,64.379997,62.68,63.889999,2154500.0,-0.4499969999999962
8.0,14.0,63.34,63.75,62.740002,63.720001,1940200.0,0.38000100000000003
8.0,13.0,63.560001,63.560001,62.619999,63.02,2456600.0,-0.5400009999999966
8.0,12.0,61.66,62.669998,61.110001,62.52,1666700.0,0.8600000000000065
8.0,11.0,61.52,62.279999,61.52,61.700001,1623100.0,0.1800009999999972
8.0,8.0,60.560001,61.439999,59.82,61.09,2304100.0,0.5299990000000037
8.0,7.0,62.73,62.990002,60.189999,60.5,3942500.0,-2.229999999999997
8.0,6.0,61.360001,63.830002,60.57,62.939999,3825600.0,1.5799980000000033
8.0,5.0,62.610001,62.669998,61.57,61.98,2462300.0,-0.630001
8.0,4.0,63.02,63.450001,62.25,62.73,2490300.0,-0.29000000000000625
8.0,1.0,62.57,63.220001,61.66,62.400002,2928100.0,-0.16999799999999965
7.0,31.0,62.18,62.720001,61.099998,62.349998,3761000.0,0.16999799999999965
7.0,30.0,62.150002,63.73,61.759998,63.380001,3723600.0,1.2299989999999994
7.0,29.0,62.110001,62.799999,61.5,61.689999,4592100.0,-0.42000199999999666
7.0,28.0,63.029999,63.299999,61.18,62.34,5192100.0,-0.6899989999999931
7.0,25.0,65.5,65.5,62.709999,63.0,6226500.0,-2.5
7.0,24.0,67.0,67.300003,64.550003,65.330002,5939700.0,-1.6699980000000068
7.0,23.0,66.099998,66.589996,63.639999,64.540001,6098900.0,-1.5599969999999956
7.0,22.0,66.5,67.32,66.199997,66.25,3434600.0,-0.25
7.0,21.0,66.550003,67.400002,65.870003,66.279999,2108600.0,-0.27000400000000013
7.0,18.0,65.440002,66.650002,64.940002,66.610001,2449300.0,1.16999899999999
7.0,17.0,66.349998,66.470001,64.739998,64.93,2961700.0,-1.4199979999999925
7.0,16.0,66.300003,67.260002,66.120003,67.029999,1536800.0,0.7299959999999999
7.0,15.0,66.349998,66.860001,65.389999,65.760002,1976500.0,-0.5899959999999993
7.0,14.0,66.82,67.440002,66.050003,66.349998,1451300.0,-0.4700019999999938
7.0,11.0,65.709999,66.5,65.349998,66.419998,1419300.0,0.7099990000000105
7.0,10.0,65.010002,65.559998,64.050003,65.43,3048800.0,0.41999800000000675
7.0,9.0,66.190002,66.809998,65.760002,66.389999,1653600.0,0.1999969999999962
7.0,8.0,66.889999,67.25,64.75,65.669998,2925600.0,-1.2200009999999963
7.0,7.0,67.540001,67.790001,66.580002,66.910004,1499200.0,-0.629997000000003
7.0,3.0,67.330002,67.5,66.760002,67.360001,670600.0,0.02999900000000366
7.0,2.0,67.0,67.059998,66.160004,66.599998,2033800.0,-0.40000200000000063
7.0,1.0,66.839996,67.660004,66.690002,67.150002,2402100.0,0.31000600000000134
6.0,30.0,65.760002,66.190002,65.0,66.18,2307800.0,0.41999800000000675
6.0,27.0,63.799999,65.089996,63.259998,65.010002,1594000.0,1.2100030000000004
6.0,26.0,64.669998,64.669998,62.919998,63.889999,1680100.0,-0.7799990000000037
6.0,25.0,64.510002,64.989998,63.5,64.580002,1666800.0,0.06999999999999318
6.0,24.0,66.0,66.150002,64.220001,64.440002,2225200.0,-1.5599979999999931
6.0,23.0,66.5,67.389999,65.959999,66.059998,2275400.0,-0.4400020000000069
6.0,20.0,65.190002,66.480003,65.110001,66.440002,3293900.0,1.25
6.0,19.0,63.77,65.029999,62.75,64.989998,3578500.0,1.2199979999999968
6.0,18.0,63.740002,63.740002,62.419998,62.919998,2391500.0,-0.8200039999999973
6.0,17.0,62.549999,63.68,62.5,63.299999,2049800.0,0.75
6.0,16.0,62.450001,62.98,61.84,62.529999,1574800.0,0.07999799999999624
6.0,13.0,63.709999,63.709999,62.0,62.290001,2365700.0,-1.4199980000000068
6.0,12.0,63.279999,63.549999,61.98,62.27,2707700.0,-1.0099989999999934
6.0,11.0,64.400002,64.650002,63.540001,63.68,2022300.0,-0.7200020000000009
6.0,10.0,63.869999,64.529999,63.09,64.400002,2869500.0,0.5300030000000007
6.0,9.0,63.240002,64.080002,63.209999,63.700001,3331900.0,0.4599990000000034
6.0,6.0,64.519997,64.690002,63.009998,63.18,2596500.0,-1.3399970000000039
6.0,5.0,63.0,63.810001,62.450001,63.400002,3376300.0,0.40000200000000063
6.0,4.0,62.09,62.720001,61.790001,62.5,2965300.0,0.4099999999999966
6.0,3.0,62.040001,62.950001,61.77,62.689999,1844800.0,0.6499980000000036
6.0,2.0,62.360001,62.509998,61.310001,62.400002,1841100.0,0.04000100000000373
5.0,30.0,62.380001,62.560001,61.740002,62.099998,1972700.0,-0.28000300000000067
5.0,29.0,61.939999,62.529999,61.75,62.029999,2097100.0,0.0899999999999963
5.0,28.0,62.549999,62.669998,61.509998,61.810001,2450500.0,-0.7399979999999999
5.0,27.0,62.009998,62.66,61.689999,62.41,2926200.0,0.40000199999999353
5.0,23.0,60.84,61.790001,60.099998,61.66,2242200.0,0.8199999999999932
5.0,22.0,60.029999,61.169998,59.889999,60.540001,2069100.0,0.5100020000000001
5.0,21.0,60.830002,61.41,59.650002,60.41,3170500.0,-0.42000200000000376
5.0,20.0,61.029999,61.509998,60.27,60.790001,3183500.0,-0.23999799999999993
5.0,19.0,60.130001,60.990002,60.049999,60.540001,4452500.0,0.4099999999999966
5.0,16.0,59.599998,60.5,59.080002,60.25,3855600.0,0.6500020000000006
5.0,15.0,59.450001,59.73,57.709999,59.650002,5133100.0,0.20000100000000032
5.0,14.0,59.990002,60.52,59.5,59.540001,8447100.0,-0.4500010000000003
5.0,13.0,62.860001,63.849998,60.450001,60.709999,3632900.0,-2.1500019999999935
5.0,12.0,60.5,63.41,60.369999,62.619999,2929900.0,2.119999
5.0,9.0,60.389999,60.66,59.220001,59.77,1717500.0,-0.619999
5.0,8.0,60.099998,62.169998,59.799999,60.709999,1993000.0,0.610001000000004
5.0,7.0,60.560001,61.09,59.43,60.220001,1992600.0,-0.3399999999999963
5.0,6.0,61.240002,61.52,60.419998,60.540001,1704400.0,-0.7000010000000003
5.0,5.0,61.779999,61.779999,60.610001,61.220001,1593600.0,-0.5599979999999931
5.0,2.0,61.16,62.279999,60.389999,61.779999,2552500.0,0.619999
5.0,1.0,59.68,61.529999,59.619999,60.459999,2748300.0,0.7799990000000037
4.0,30.0,59.09,59.650002,58.119999,59.619999,2234800.0,0.5299989999999966
4.0,29.0,58.5,59.380001,57.689999,59.240002,2221000.0,0.7400019999999969
4.0,28.0,59.349998,59.419998,56.610001,58.02,4083100.0,-1.3299979999999962
4.0,25.0,61.450001,61.549999,58.549999,58.869999,4209500.0,-2.5800020000000004
4.0,24.0,62.099998,62.5,59.400002,62.0,5078400.0,-0.09999799999999937
4.0,23.0,61.0,61.09,60.009998,60.52,3162600.0,-0.4799999999999969
4.0,22.0,60.470001,61.27,59.700001,60.619999,3116800.0,0.14999799999999652
4.0,21.0,59.25,60.25,57.610001,60.09,3425100.0,0.8400000000000034
4.0,17.0,57.950001,59.139999,57.509998,58.200001,2445700.0,0.25
4.0,16.0,58.560001,58.560001,56.5,57.91,1988300.0,-0.6500010000000032
4.0,15.0,56.959999,58.310001,56.189999,57.630001,2737000.0,0.6700019999999967
4.0,14.0,56.59,57.529999,55.68,56.400002,2651700.0,-0.18999800000000278
4.0,11.0,56.099998,57.950001,55.52,56.220001,3301700.0,0.12000300000000408
4.0,10.0,59.700001,59.700001,57.290001,57.369999,2822600.0,-2.3300020000000004
4.0,9.0,60.119999,60.799999,58.610001,59.330002,3436800.0,-0.7899969999999996
4.0,8.0,57.25,58.369999,55.900002,58.240002,4189800.0,0.9900019999999969
4.0,7.0,56.48,57.290001,54.799999,55.720001,5889100.0,-0.7599989999999934
4.0,4.0,62.68,62.740002,57.040001,57.330002,7039800.0,-5.349997999999999
4.0,3.0,62.529999,63.349998,61.41,61.91,4302900.0,-0.619999
4.0,2.0,61.990002,62.310001,60.689999,61.34,3660600.0,-0.6500019999999935
4.0,1.0,58.990002,61.279999,58.810001,60.93,4070300.0,1.9399980000000028
3.0,31.0,58.310001,59.580002,57.880001,58.810001,2407400.0,0.5
3.0,28.0,57.830002,59.049999,57.310001,57.66,2552700.0,-0.17000200000000376
3.0,27.0,58.470001,58.470001,56.02,57.259998,3208100.0,-1.2100030000000004
3.0,26.0,59.119999,60.310001,57.43,58.09,5298400.0,-1.0299989999999966
3.0,25.0,57.189999,58.099998,56.540001,56.950001,2870200.0,-0.23999799999999993
3.0,24.0,58.189999,58.630001,56.130001,56.439999,3254800.0,-1.75
3.0,21.0,60.34,60.48,57.580002,57.970001,3589400.0,-2.369999
3.0,20.0,58.740002,59.849998,58.310001,59.849998,2191600.0,1.1099960000000024
3.0,19.0,58.900002,59.220001,58.34,58.860001,2325900.0,-0.04000100000000373
3.0,18.0,58.560001,59.099998,57.93,58.73,2657800.0,0.16999899999999712
3.0,17.0,57.939999,59.360001,57.939999,58.41,2697900.0,0.47000099999999634
3.0,14.0,57.009998,58.200001,57.009998,57.619999,2814400.0,0.6100009999999969
3.0,13.0,57.849998,58.400002,56.43,57.349998,3241800.0,-0.5
3.0,12.0,56.509998,57.709999,55.900002,57.529999,2152800.0,1.0200009999999935
3.0,11.0,58.09,58.91,56.470001,56.810001,2913200.0,-1.2799990000000037
3.0,10.0,58.48,58.880001,56.950001,57.139999,2924500.0,-1.3400009999999938
3.0,7.0,60.0,60.369999,57.84,58.560001,4781000.0,-1.4399990000000003
3.0,6.0,57.900002,59.93,57.810001,59.91,4943600.0,2.009997999999996
3.0,5.0,57.990002,58.169998,56.950001,57.580002,2667000.0,-0.4099999999999966
3.0,4.0,56.860001,57.93,56.389999,57.84,2490200.0,0.9799990000000065
3.0,3.0,55.740002,55.990002,54.919998,55.91,1921500.0,0.16999799999999965
2.0,28.0,56.700001,56.830002,55.799999,56.23,2293900.0,-0.47000100000000344
2.0,27.0,55.75,56.77,55.439999,56.599998,2547900.0,0.8499979999999994
2.0,26.0,56.099998,56.77,55.439999,55.549999,3704200.0,-0.5499989999999997
2.0,25.0,55.919998,56.099998,55.07,56.02,2726700.0,0.10000200000000348
2.0,24.0,56.439999,56.759998,55.540001,55.549999,2982300.0,-0.8900000000000006
2.0,21.0,57.16,57.169998,55.549999,56.150002,3420100.0,-1.009997999999996
2.0,20.0,57.099998,57.799999,56.580002,56.740002,4482000.0,-0.3599960000000024
2.0,19.0,56.93,57.380001,56.57,56.790001,3589000.0,-0.1399990000000031
2.0,18.0,56.0,56.880001,55.27,56.790001,4098200.0,0.7900009999999966
2.0,14.0,55.0,56.240002,54.18,55.599998,6878500.0,0.5999979999999994
2.0,13.0,52.200001,54.07,52.099998,53.619999,5198400.0,1.4199979999999996
2.0,12.0,52.080002,53.169998,52.080002,52.630001,2734100.0,0.5499989999999997
2.0,11.0,52.419998,52.59,51.990002,52.080002,2586400.0,-0.3399959999999993
2.0,10.0,51.380001,52.450001,51.310001,52.240002,4084600.0,0.8600009999999969
2.0,7.0,49.18,52.060001,49.18,52.049999,6752900.0,2.869999
2.0,6.0,47.259998,49.880001,46.560001,49.599998,6893800.0,2.3399999999999963
2.0,5.0,46.630001,47.119999,46.299999,47.0,4924500.0,0.36999899999999997
2.0,4.0,46.720001,47.02,45.700001,47.0,2372400.0,0.27999899999999656
2.0,3.0,48.630001,48.650002,45.220001,45.82,3867900.0,-2.8100009999999997
1.0,31.0,47.5,48.549999,47.139999,48.349998,2619400.0,0.8499979999999994
1.0,30.0,47.759998,48.349998,47.459999,47.849998,1695900.0,0.0899999999999963
1.0,29.0,46.75,47.939999,46.669998,47.259998,3643100.0,0.5099980000000031
1.0,28.0,46.0,47.150002,45.68,46.689999,2218500.0,0.6899990000000003
1.0,27.0,45.93,46.419998,45.459999,46.0,3347300.0,0.07000000000000028
1.0,24.0,47.790001,47.849998,45.380001,45.580002,3619000.0,-2.2099989999999963
1.0,23.0,47.32,47.900002,47.09,47.849998,2816100.0,0.5299979999999991
1.0,22.0,46.619999,47.880001,46.5,47.849998,1876000.0,1.2299989999999994
1.0,21.0,47.75,47.799999,46.360001,46.66,2398500.0,-1.0900000000000034
1.0,17.0,45.849998,47.200001,45.849998,46.720001,3245300.0,0.8700030000000041
1.0,16.0,45.540001,46.060001,45.119999,46.0,2142000.0,0.4599990000000034
1.0,15.0,44.639999,45.669998,44.419998,45.389999,2820700.0,0.75
1.0,14.0,43.209999,44.209999,43.0,44.119999,6310300.0,0.9099999999999966
1.0,13.0,43.060001,43.490002,42.419998,42.939999,4311500.0,-0.1200019999999995
1.0,10.0,43.32,43.450001,42.700001,43.0,4832200.0,-0.3200000000000003
1.0,9.0,43.950001,44.209999,42.900002,43.060001,3617000.0,-0.8900000000000006
1.0,8.0,43.150002,43.919998,42.900002,43.830002,2239000.0,0.6799999999999997
1.0,7.0,43.290001,43.580002,42.68,42.970001,3207200.0,-0.3199999999999932
1.0,6.0,43.93,44.0,42.77,43.119999,2580000.0,-0.8100009999999997
1.0,3.0,44.110001,44.34,43.080002,43.560001,3634200.0,-0.5499999999999972
1.0,2.0,44.700001,44.700001,43.619999,43.919998,3772700.0,-0.7800030000000007
12.0,31.0,46.25,46.32,45.619999,45.93,1314400.0,-0.3200000000000003
12.0,30.0,45.299999,45.970001,45.169998,45.950001,1523700.0,0.6500020000000006
12.0,27.0,45.43,45.700001,45.119999,45.32,808400.0,-0.10999999999999943
12.0,26.0,45.07,45.349998,44.889999,45.099998,860000.0,0.02999799999999908
12.0,24.0,45.419998,45.540001,45.049999,45.080002,601700.0,-0.3399959999999993
12.0,23.0,44.959999,45.48,43.66,45.200001,2564600.0,0.24000199999999694
12.0,20.0,43.080002,43.830002,43.049999,43.52,1.08575E7,0.4399980000000028
12.0,19.0,43.75,43.75,42.380001,43.099998,2433900.0,-0.6500020000000006
12.0,18.0,43.380001,43.52,42.380001,43.52,3268400.0,0.1399990000000031
12.0,17.0,42.959999,43.73,42.91,43.450001,4808000.0,0.49000199999999694
12.0,16.0,42.5,43.110001,42.5,42.84,2491300.0,0.3400000000000034
12.0,13.0,42.43,42.709999,41.93,42.509998,4625300.0,0.07999800000000334
12.0,12.0,42.040001,42.290001,41.66,42.18,3753500.0,0.1399990000000031
12.0,11.0,42.759998,42.799999,41.849998,41.939999,3364400.0,-0.8199990000000028
12.0,10.0,42.66,42.91,42.310001,42.5,8060400.0,-0.1599999999999966
12.0,9.0,44.23,44.580002,43.43,43.549999,2032600.0,-0.6800009999999972
12.0,6.0,44.009998,44.75,44.009998,44.23,2230500.0,0.2200019999999938
12.0,5.0,43.009998,43.91,42.939999,43.860001,1434600.0,0.8500029999999938
12.0,4.0,42.779999,43.869999,42.529999,43.450001,2060900.0,0.6700020000000038
12.0,3.0,42.599998,43.150002,42.150002,42.93,1922400.0,0.33000200000000035
12.0,2.0,42.400002,43.110001,41.93,42.779999,3400300.0,0.3799969999999959
11.0,29.0,41.889999,42.779999,41.849998,42.5,948300.0,0.6100009999999969
11.0,27.0,43.189999,43.189999,41.810001,42.0,2455000.0,-1.1899990000000003
11.0,26.0,41.700001,42.849998,40.779999,42.48,3862300.0,0.7799989999999966
11.0,25.0,41.150002,41.330002,40.240002,40.450001,1933900.0,-0.7000010000000003
11.0,22.0,41.0,41.330002,40.599998,41.060001,876500.0,0.06000099999999975
11.0,21.0,40.740002,41.110001,40.52,41.0,1550100.0,0.25999800000000306
11.0,20.0,40.419998,40.720001,40.18,40.450001,1365000.0,0.030003000000000668
11.0,19.0,40.970001,41.369999,40.290001,40.32,1807300.0,-0.6500010000000032
11.0,18.0,41.810001,42.220001,41.07,41.169998,1779400.0,-0.6400030000000001
11.0,15.0,41.950001,41.990002,41.360001,41.98,1204300.0,0.029998999999996556
11.0,14.0,42.720001,42.720001,41.07,41.529999,1095000.0,-1.1900020000000069
11.0,13.0,40.91,41.689999,40.82,41.68,1001400.0,0.7700000000000031
11.0,12.0,41.080002,41.59,40.790001,41.220001,1037600.0,0.1399990000000031
11.0,11.0,41.349998,41.77,41.099998,41.34,1765400.0,-0.009997999999995955
11.0,8.0,40.599998,41.709999,40.509998,41.59,1800500.0,0.990002000000004
11.0,7.0,41.84,42.5,40.599998,40.720001,2691800.0,-1.119999
11.0,6.0,42.41,42.77,42.02,42.09,1736200.0,-0.3199999999999932
11.0,5.0,42.200001,42.82,42.02,42.439999,2044000.0,0.23999799999999993
11.0,4.0,40.959999,42.759998,40.939999,42.48,2714800.0,1.5200009999999935
11.0,1.0,42.009998,42.5,41.73,42.18,2302900.0,0.17000199999999666
10.0,31.0,41.119999,42.630001,41.009998,42.139999,3062500.0,1.0200000000000031
10.0,30.0,41.98,42.549999,41.25,41.290001,3292500.0,-0.6899990000000003
10.0,29.0,41.0,42.25,40.900002,41.970001,5723300.0,0.9700010000000034
10.0,28.0,39.849998,41.299999,39.799999,41.02,4288600.0,1.1700020000000038
10.0,25.0,39.41,40.240002,39.360001,39.900002,4581700.0,0.49000200000000405
10.0,24.0,39.139999,41.02,38.75,39.580002,1.23164E7,0.44000299999999726
10.0,23.0,37.0,37.0,35.09,36.029999,7029600.0,-0.9700010000000034
10.0,22.0,38.150002,38.32,37.150002,37.290001,3136100.0,-0.860001000000004
10.0,21.0,38.419998,38.490002,38.099998,38.290001,1388500.0,-0.12999700000000303
10.0,18.0,38.490002,38.490002,37.349998,37.91,2602800.0,-0.5800020000000004
10.0,17.0,37.18,37.93,37.049999,37.52,2442300.0,0.3400000000000034
10.0,16.0,37.119999,38.169998,37.119999,37.950001,1635700.0,0.8300020000000004
10.0,15.0,38.25,38.5,37.439999,37.470001,1385500.0,-0.7799989999999966
10.0,14.0,38.09,38.490002,37.669998,38.240002,1170800.0,0.15000199999999353
10.0,11.0,37.59,38.450001,37.360001,38.18,2974000.0,0.5899999999999963
10.0,10.0,37.099998,37.77,37.029999,37.330002,3014600.0,0.23000400000000099
10.0,9.0,36.080002,36.939999,36.029999,36.630001,3782200.0,0.5499989999999997
10.0,8.0,37.709999,38.139999,36.419998,36.580002,5057200.0,-1.129997000000003
10.0,7.0,38.299999,38.560001,37.849998,37.900002,2078400.0,-0.39999699999999905
10.0,4.0,38.5,38.700001,37.91,38.669998,3103300.0,0.16999799999999965
10.0,3.0,37.939999,38.07,37.43,37.860001,1844000.0,-0.07999800000000334
10.0,2.0,37.610001,38.009998,37.310001,37.82,2150500.0,0.20999900000000338
10.0,1.0,37.490002,37.900002,37.439999,37.880001,1042300.0,0.3899990000000031
9.0,30.0,36.709999,37.369999,36.709999,37.209999,1283200.0,0.5
9.0,27.0,37.299999,37.34,37.040001,37.220001,835700.0,-0.07999799999999624
9.0,26.0,37.290001,37.77,37.099998,37.299999,956400.0,0.00999800000000306
9.0,25.0,37.639999,37.900002,37.139999,37.150002,1358600.0,-0.48999700000000246
9.0,24.0,37.130001,37.689999,36.93,37.450001,1608800.0,0.3200000000000003
9.0,23.0,37.959999,38.099998,36.830002,37.02,2360200.0,-0.9399990000000003
9.0,20.0,37.790001,38.349998,37.77,38.080002,4765900.0,0.29000100000000373
9.0,19.0,37.68,37.91,37.529999,37.580002,1790600.0,-0.09999799999999937
9.0,18.0,37.959999,38.0,37.240002,37.68,3595500.0,-0.27999900000000366
9.0,17.0,37.919998,38.080002,37.720001,37.790001,1679200.0,-0.12999700000000303
9.0,16.0,37.830002,38.080002,37.59,37.740002,4006400.0,-0.09000000000000341
9.0,13.0,37.25,37.700001,37.099998,37.650002,8189200.0,0.40000200000000063
9.0,12.0,38.810001,38.970001,37.91,38.02,2755200.0,-0.7900009999999966
9.0,11.0,39.0,39.080002,38.509998,38.810001,947000.0,-0.18999900000000025
9.0,10.0,38.740002,39.150002,38.650002,39.110001,1671800.0,0.36999899999999997
9.0,9.0,38.470001,38.799999,38.25,38.509998,2365600.0,0.039996999999999616
9.0,6.0,39.459999,39.459999,37.799999,38.080002,2470900.0,-1.379997000000003
9.0,5.0,38.68,39.439999,38.599998,38.990002,1270100.0,0.3100019999999972
9.0,4.0,37.799999,38.93,37.700001,38.790001,1971800.0,0.9900019999999969
9.0,3.0,38.110001,38.240002,37.650002,37.919998,1314900.0,-0.19000299999999726
8.0,30.0,38.560001,38.82,36.889999,37.169998,1538700.0,-1.390003
8.0,29.0,37.459999,38.080002,36.900002,37.93,3170000.0,0.47000099999999634
8.0,28.0,35.299999,37.310001,35.009998,37.240002,3395000.0,1.9400029999999973
8.0,27.0,35.669998,36.0,35.029999,35.470001,2049100.0,-0.1999969999999962
8.0,26.0,36.139999,36.57,35.830002,36.299999,1722300.0,0.1599999999999966
8.0,23.0,36.130001,36.459999,35.779999,36.150002,1639400.0,0.0200010000000006
8.0,22.0,35.139999,36.380001,35.060001,36.07,1626800.0,0.9300009999999972
8.0,21.0,35.349998,35.349998,34.66,34.779999,1968000.0,-0.5699990000000028
8.0,20.0,35.5,35.849998,35.209999,35.529999,1407100.0,0.029998999999996556
8.0,19.0,35.66,35.970001,35.34,35.389999,1986900.0,-0.2700009999999935
8.0,16.0,34.700001,35.759998,34.700001,35.439999,3148400.0,0.7399979999999999
8.0,15.0,35.810001,35.900002,34.860001,34.900002,1569100.0,-0.9099989999999991
8.0,14.0,35.720001,36.610001,35.5,36.009998,1941800.0,0.2899969999999996
8.0,13.0,36.0,36.209999,35.470001,35.799999,1635100.0,-0.20000100000000032
8.0,12.0,35.700001,35.939999,35.0,35.939999,1684600.0,0.23999799999999993
8.0,9.0,35.700001,35.93,35.119999,35.18,1870700.0,-0.5200010000000006
8.0,8.0,35.509998,36.0,35.330002,35.580002,4972000.0,0.07000399999999729
8.0,7.0,34.849998,35.290001,34.549999,35.27,1976000.0,0.42000200000000376
8.0,6.0,35.849998,35.849998,35.080002,35.139999,1640000.0,-0.7099989999999963
8.0,5.0,35.84,36.27,35.470001,35.779999,2028700.0,-0.060001000000006854
8.0,2.0,34.810001,35.93,34.27,35.77,3034400.0,0.9599990000000034
8.0,1.0,32.950001,34.959999,32.59,34.830002,5149800.0,1.880001
7.0,31.0,33.259998,33.700001,32.639999,32.650002,2671300.0,-0.6099960000000024
7.0,30.0,33.099998,33.240002,32.880001,33.130001,1779000.0,0.030003000000000668
7.0,29.0,32.889999,33.419998,32.889999,33.139999,1244800.0,0.25
7.0,26.0,33.029999,33.369999,32.869999,33.27,1569300.0,0.24000100000000657
7.0,25.0,32.759998,33.790001,32.759998,33.25,3188700.0,0.49000199999999694
7.0,24.0,33.900002,34.389999,33.490002,33.52,2159400.0,-0.3800019999999975
7.0,23.0,33.380001,34.16,33.200001,33.880001,2733600.0,0.5
7.0,22.0,32.68,33.139999,32.41,32.959999,1462400.0,0.27999900000000366
7.0,19.0,32.950001,32.98,32.52,32.689999,2970900.0,-0.26000200000000007
7.0,18.0,33.52,33.810001,33.040001,33.09,2702900.0,-0.4299999999999997
7.0,17.0,33.360001,33.939999,33.310001,33.669998,1547000.0,0.30999700000000274
7.0,16.0,32.779999,33.32,32.779999,33.310001,1336400.0,0.5300020000000032
7.0,15.0,32.59,32.93,32.490002,32.860001,900300.0,0.2700009999999935
7.0,12.0,32.150002,32.540001,31.99,32.529999,1788300.0,0.3799969999999959
7.0,11.0,31.959999,32.5,31.610001,32.150002,1695700.0,0.1900030000000008
7.0,10.0,31.709999,31.93,31.540001,31.65,1469600.0,-0.059999000000001246
7.0,9.0,31.58,32.0,31.469999,31.67,1107800.0,0.09000000000000341
7.0,8.0,32.490002,32.580002,31.280001,31.389999,2588500.0,-1.1000029999999974
7.0,5.0,31.889999,32.400002,31.690001,32.349998,1101700.0,0.4599989999999998
7.0,3.0,31.18,31.67,31.110001,31.639999,538900.0,0.4599989999999998
7.0,2.0,31.01,31.83,31.01,31.35,1156300.0,0.33999999999999986
7.0,1.0,31.440001,31.57,30.98,31.18,1038100.0,-0.26000099999999904
6.0,28.0,30.889999,31.469999,30.82,31.02,2502800.0,0.13000100000000003
6.0,27.0,30.6,31.33,30.42,31.120001,1860200.0,0.520000999999997
6.0,26.0,30.23,30.32,29.84,30.17,1247900.0,-0.05999999999999872
6.0,25.0,29.450001,29.940001,29.4,29.9,2158100.0,0.44999899999999826
6.0,24.0,30.4,30.59,29.030001,29.15,6872600.0,-1.25
6.0,21.0,30.719999,30.92,30.299999,30.9,4313000.0,0.1800009999999972
6.0,20.0,31.09,31.360001,30.190001,30.549999,4552100.0,-0.5400010000000002
6.0,19.0,31.9,32.0,31.5,31.639999,1837000.0,-0.26000099999999904
6.0,18.0,31.52,32.049999,31.280001,32.009998,1708900.0,0.4899980000000035
6.0,17.0,30.99,31.360001,30.870001,31.219999,2022500.0,0.22999900000000295
6.0,14.0,30.17,30.709999,30.07,30.6,2630300.0,0.4299999999999997
6.0,13.0,29.190001,30.360001,29.139999,30.309999,1254000.0,1.1199980000000025
6.0,12.0,29.940001,29.950001,29.15,29.379999,2464600.0,-0.5600019999999972
6.0,11.0,30.059999,30.440001,29.719999,29.73,1367800.0,-0.3299990000000008
6.0,10.0,30.77,31.059999,30.389999,30.58,1434300.0,-0.19000000000000128
6.0,7.0,30.309999,30.73,29.99,30.59,1294900.0,0.2800009999999986
6.0,6.0,30.43,30.73,29.719999,30.1,1681600.0,-0.3299999999999983
6.0,5.0,31.0,31.299999,30.57,30.57,2425100.0,-0.4299999999999997
6.0,4.0,30.77,31.82,30.610001,31.450001,3602700.0,0.6800010000000007
6.0,3.0,31.16,31.18,29.98,30.49,1973200.0,-0.6700000000000017
5.0,31.0,31.370001,31.4,30.799999,30.85,2485200.0,-0.520000999999997
5.0,30.0,30.32,31.49,30.280001,31.42,3419500.0,1.1000000000000014
5.0,29.0,30.389999,30.879999,30.059999,30.58,3225000.0,0.19000099999999875
5.0,28.0,30.110001,30.75,29.76,30.309999,3057300.0,0.1999980000000008
5.0,24.0,29.139999,29.76,28.889999,29.65,2086200.0,0.510000999999999
5.0,23.0,28.73,29.15,28.52,29.15,2455400.0,0.41999999999999815
5.0,22.0,29.950001,30.139999,28.969999,29.25,2868200.0,-0.7000010000000003
5.0,21.0,30.27,30.32,29.9,30.0,1488200.0,-0.2699999999999996
5.0,20.0,30.25,30.59,29.9,30.17,1817600.0,-0.0799999999999983
5.0,17.0,30.25,30.309999,29.84,30.200001,3177900.0,-0.04999899999999968
5.0,16.0,30.639999,31.0,30.139999,30.17,2362500.0,-0.46999899999999784
5.0,15.0,30.0,31.01,30.0,30.780001,3019500.0,0.7800009999999986
5.0,14.0,29.549999,30.32,29.34,30.24,2338100.0,0.6900009999999988
5.0,13.0,29.719999,30.139999,29.540001,29.68,2213300.0,-0.03999900000000167
5.0,10.0,29.120001,30.389999,29.07,30.219999,4379400.0,1.099998000000003
5.0,9.0,28.83,29.52,28.790001,29.23,2872000.0,0.40000000000000213
5.0,8.0,28.540001,29.139999,28.41,29.040001,3675600.0,0.5
5.0,7.0,28.110001,28.610001,28.08,28.540001,1979500.0,0.4299999999999997
5.0,6.0,28.059999,28.870001,28.030001,28.209999,2828600.0,0.14999999999999858
5.0,3.0,28.209999,28.42,27.77,28.02,2753700.0,-0.18999900000000025
5.0,2.0,26.860001,27.4,26.860001,27.24,2170000.0,0.379998999999998
5.0,1.0,28.030001,28.030001,26.690001,26.76,4159900.0,-1.270000999999997
4.0,30.0,27.51,27.76,27.43,27.549999,2130600.0,0.03999899999999812
4.0,29.0,27.35,28.01,27.040001,27.6,2224700.0,0.25
4.0,26.0,27.17,27.610001,27.040001,27.33,3980200.0,0.1599999999999966
4.0,25.0,27.17,27.85,27.120001,27.469999,5739300.0,0.2999989999999997
4.0,24.0,26.809999,27.25,26.24,27.15,4992600.0,0.34000099999999733
4.0,23.0,26.450001,27.030001,24.780001,26.74,1.28054E7,0.2899989999999981
4.0,22.0,25.24,26.040001,24.66,25.77,6043100.0,0.5300000000000011
4.0,19.0,25.799999,25.799999,24.809999,25.290001,4981300.0,-0.5099979999999995
4.0,18.0,27.09,27.09,25.370001,25.42,5261000.0,-1.6699999999999982
4.0,17.0,28.0,28.23,26.299999,26.559999,6311200.0,-1.4400009999999988
4.0,16.0,27.950001,28.629999,27.51,28.57,4517400.0,0.619999
4.0,15.0,28.950001,28.950001,27.43,27.440001,5464700.0,-1.5100000000000016
4.0,12.0,29.469999,29.76,28.9,29.139999,2631300.0,-0.33000000000000185
4.0,11.0,29.790001,30.16,29.41,29.860001,3039100.0,0.07000000000000028
4.0,10.0,29.67,30.27,29.34,30.0,2151900.0,0.3299999999999983
4.0,9.0,29.219999,30.030001,29.040001,29.690001,3129900.0,0.47000199999999737
4.0,8.0,28.65,28.91,28.129999,28.9,2827200.0,0.25
4.0,5.0,27.690001,28.610001,27.200001,28.549999,4015200.0,0.8599980000000009
4.0,4.0,27.559999,28.309999,27.5,28.200001,4060000.0,0.6400019999999991
4.0,3.0,28.58,28.85,26.959999,27.5,4541800.0,-1.0799999999999983
4.0,2.0,29.15,29.33,28.129999,28.42,2733500.0,-0.7299999999999969
4.0,1.0,30.27,30.290001,28.85,28.860001,2737400.0,-1.4099989999999991
3.0,28.0,30.01,30.32,29.85,30.290001,1421300.0,0.2800009999999986
3.0,27.0,29.620001,30.02,29.23,29.860001,2362900.0,0.240000000000002
3.0,26.0,29.98,30.040001,29.67,29.85,1861900.0,-0.129999999999999
3.0,25.0,30.0,30.08,29.68,29.92,1708400.0,-0.0799999999999983
3.0,22.0,30.16,30.469999,29.709999,29.92,2497100.0,-0.23999999999999844
3.0,21.0,29.549999,29.9,29.43,29.5,1348200.0,-0.04999899999999968
3.0,20.0,29.879999,30.139999,29.620001,29.950001,2464300.0,0.07000199999999879
3.0,19.0,30.07,30.33,29.540001,29.68,4176100.0,-0.39000000000000057
3.0,18.0,30.66,30.83,29.459999,29.719999,6655800.0,-0.9400009999999988
3.0,15.0,31.309999,31.540001,31.0,31.209999,4057400.0,-0.10000000000000142
3.0,14.0,31.280001,31.77,31.15,31.540001,2562800.0,0.26000000000000156
3.0,13.0,31.4,31.52,30.870001,31.23,2242100.0,-0.16999999999999815
3.0,12.0,31.4,31.530001,31.110001,31.32,2107900.0,-0.0799999999999983
3.0,11.0,31.75,31.91,31.32,31.59,3618400.0,-0.16000000000000014
3.0,8.0,31.33,31.6,30.950001,31.43,7043300.0,0.10000000000000142
3.0,7.0,32.349998,32.869999,31.969999,32.029999,2129400.0,-0.3199990000000028
3.0,6.0,32.509998,32.740002,32.099998,32.189999,962900.0,-0.3199990000000028
3.0,5.0,32.209999,32.57,32.0,32.48,1940500.0,0.2700009999999935
3.0,4.0,31.84,31.950001,31.309999,31.76,2086100.0,-0.0799999999999983
3.0,1.0,31.84,32.400002,31.299999,32.189999,2050600.0,0.3499990000000004
2.0,28.0,32.34,32.990002,32.299999,32.32,1463800.0,-0.020000000000003126
2.0,27.0,31.57,32.52,31.549999,32.299999,1614300.0,0.7299989999999994
2.0,26.0,31.68,31.73,30.700001,31.360001,1916500.0,-0.31999899999999926
2.0,25.0,31.809999,32.240002,31.440001,31.440001,3137100.0,-0.3699980000000025
2.0,22.0,30.950001,31.799999,30.950001,31.549999,1576000.0,0.5999979999999994
2.0,21.0,31.58,31.620001,30.65,31.02,2331000.0,-0.5599999999999987
2.0,20.0,32.709999,32.77,31.450001,31.52,1672900.0,-1.1899990000000038
2.0,19.0,32.259998,32.990002,32.16,32.709999,1958400.0,0.4500010000000003
2.0,15.0,32.639999,32.740002,31.85,32.25,1449300.0,-0.3899990000000031
2.0,14.0,32.619999,32.880001,32.419998,32.650002,1096300.0,0.030003000000000668
2.0,13.0,32.549999,32.959999,32.279999,32.790001,2638300.0,0.24000199999999694
2.0,12.0,32.0,32.830002,31.82,32.57,2328900.0,0.5700000000000003
2.0,11.0,31.48,32.349998,31.309999,32.110001,2964000.0,0.6300009999999965
2.0,8.0,30.610001,32.119999,30.559999,31.959999,5382600.0,1.3499979999999994
2.0,7.0,30.450001,30.52,29.799999,30.48,2353200.0,0.02999900000000011
2.0,6.0,29.76,30.450001,29.639999,30.450001,3758300.0,0.6900009999999988
2.0,5.0,29.790001,30.049999,29.51,29.82,3938100.0,0.02999900000000011
2.0,4.0,30.33,30.4,29.35,29.35,1.06926E7,-0.9799999999999969
2.0,1.0,30.299999,31.280001,30.25,30.76,1999100.0,0.4600010000000019
1.0,31.0,30.33,30.700001,28.4,30.0,4760900.0,-0.3299999999999983
1.0,30.0,29.559999,30.459999,29.41,29.98,2357200.0,0.4200009999999992
1.0,29.0,30.129999,30.530001,29.42,29.51,2344600.0,-0.619999
1.0,28.0,30.15,30.620001,30.120001,30.5,3074700.0,0.3500000000000014
1.0,25.0,29.700001,30.27,29.58,30.09,2469300.0,0.38999899999999954
1.0,24.0,29.620001,29.92,29.24,29.51,1619000.0,-0.1100009999999969
1.0,23.0,29.33,29.67,29.309999,29.5,2899600.0,0.1700000000000017
1.0,22.0,29.879999,29.9,29.16,29.209999,1146100.0,-0.6700000000000017
1.0,18.0,29.959999,29.959999,29.290001,29.629999,1623800.0,-0.3299999999999983
1.0,17.0,29.34,30.08,29.0,29.98,3883500.0,0.6400000000000006
1.0,16.0,28.33,29.809999,28.299999,29.299999,4426800.0,0.9699990000000014
1.0,15.0,28.35,28.51,28.07,28.290001,855800.0,-0.059999000000001246
1.0,14.0,28.09,28.51,27.75,28.370001,1739900.0,0.2800009999999986
1.0,11.0,28.25,29.0,27.66,28.0,2932500.0,-0.25
1.0,10.0,27.209999,28.51,27.17,28.309999,2823800.0,1.1000000000000014
1.0,9.0,26.6,26.99,26.48,26.91,1197200.0,0.3099999999999987
1.0,8.0,27.23,27.48,26.51,26.549999,771500.0,-0.6800010000000007
1.0,7.0,27.16,27.530001,26.889999,27.139999,1030400.0,-0.0200010000000006
1.0,4.0,27.59,27.780001,27.030001,27.34,939300.0,-0.25
1.0,3.0,27.549999,28.07,27.5,27.690001,1502800.0,0.14000199999999907
1.0,2.0,27.1,28.0,27.0,27.83,1988600.0,0.7299999999999969
12.0,31.0,25.5,26.5,25.299999,26.32,791600.0,0.8200000000000003
12.0,28.0,25.24,25.75,25.129999,25.360001,370500.0,0.12000100000000202
12.0,27.0,25.610001,25.610001,25.059999,25.43,597300.0,-0.18000100000000074
12.0,26.0,25.459999,25.969999,25.35,25.440001,371400.0,-0.01999800000000107
12.0,24.0,25.120001,25.76,25.120001,25.4,257300.0,0.2799990000000001
12.0,21.0,25.219999,25.540001,24.75,25.35,1099800.0,0.13000100000000003
12.0,20.0,25.74,26.08,25.5,26.059999,759800.0,0.3199990000000028
12.0,19.0,25.91,26.200001,25.559999,25.85,600800.0,-0.05999999999999872
12.0,18.0,25.42,26.200001,25.389999,25.99,1181500.0,0.5699999999999967
12.0,17.0,24.57,25.440001,24.5,25.389999,846100.0,0.8199989999999993
12.0,14.0,24.82,24.969999,24.5,24.5,772700.0,-0.3200000000000003
12.0,13.0,24.959999,25.309999,24.809999,24.99,759100.0,0.030000999999998612
12.0,12.0,24.99,25.43,24.940001,25.120001,886100.0,0.13000100000000003
12.0,11.0,24.08,25.6,24.08,25.040001,1738900.0,0.9600010000000019
12.0,10.0,23.25,23.889999,23.25,23.82,354900.0,0.5700000000000003
12.0,7.0,23.799999,24.0,23.200001,23.309999,1073500.0,-0.48999999999999844
12.0,6.0,24.48,24.49,23.85,24.0,803800.0,-0.4800000000000004
12.0,5.0,24.299999,24.52,24.0,24.49,545000.0,0.19000099999999875
12.0,4.0,24.389999,24.549999,24.030001,24.129999,488000.0,-0.259999999999998
12.0,3.0,24.709999,24.709999,24.23,24.33,701800.0,-0.37999900000000153
11.0,30.0,24.92,25.09,24.34,24.48,581400.0,-0.4400000000000013
11.0,29.0,24.59,25.1,24.34,24.969999,724100.0,0.37999900000000153
11.0,28.0,23.5,24.379999,23.34,24.190001,944900.0,0.6900009999999988
11.0,27.0,24.049999,24.43,23.68,23.879999,807600.0,-0.16999999999999815
11.0,26.0,23.66,24.190001,23.57,23.98,628100.0,0.3200000000000003
11.0,23.0,23.389999,24.120001,23.389999,24.0,570000.0,0.6100010000000005
11.0,21.0,23.35,23.57,22.83,23.35,851000.0,0.0
11.0,20.0,23.450001,23.450001,22.719999,23.299999,1086600.0,-0.15000200000000063
11.0,19.0,23.219999,23.700001,23.049999,23.51,994200.0,0.2900010000000002
11.0,16.0,23.200001,23.200001,22.59,22.690001,1678400.0,-0.5100000000000016
11.0,15.0,24.190001,24.41,22.9,22.99,2461300.0,-1.2000010000000003
11.0,14.0,24.76,24.77,23.99,24.120001,951500.0,-0.6399990000000031
11.0,13.0,24.51,24.99,24.459999,24.459999,668300.0,-0.05000100000000174
11.0,12.0,25.01,25.309999,24.879999,25.200001,788800.0,0.19000099999999875
11.0,9.0,24.809999,25.18,24.74,25.030001,2183400.0,0.22000199999999737
11.0,8.0,25.540001,25.780001,25.209999,25.33,1328900.0,-0.21000100000000188
11.0,7.0,25.4,25.700001,25.049999,25.41,2041400.0,0.010000000000001563
11.0,6.0,25.73,25.98,25.5,25.76,3191200.0,0.030000000000001137
11.0,5.0,25.02,26.110001,24.860001,25.82,1728400.0,0.8000000000000007
11.0,2.0,25.42,26.1,25.389999,25.690001,2082100.0,0.27000099999999705
11.0,1.0,23.75,26.379999,23.639999,26.190001,3927600.0,2.4400009999999988
10.0,31.0,24.0,24.26,23.790001,24.26,1789300.0,0.26000000000000156
10.0,26.0,23.059999,24.09,23.059999,24.02,2060900.0,0.9600009999999983
10.0,25.0,22.129999,24.01,22.0,23.49,6119900.0,1.360000999999997
10.0,24.0,22.620001,22.969999,20.57,20.93,5857400.0,-1.6900009999999988
10.0,23.0,21.42,22.74,21.219999,22.620001,2040900.0,1.2000009999999968
10.0,22.0,22.370001,22.469999,21.4,21.719999,1912100.0,-0.6500019999999971
10.0,19.0,22.950001,23.17,22.02,22.209999,1551200.0,-0.7400020000000005
10.0,18.0,22.9,23.6,22.65,23.200001,1661600.0,0.30000100000000174
10.0,17.0,23.200001,23.5,22.9,23.190001,1012900.0,-0.010000000000001563
10.0,16.0,23.059999,23.629999,23.0,23.43,950100.0,0.37000099999999847
10.0,15.0,22.1,23.09,22.1,22.940001,2328300.0,0.8400009999999973
10.0,12.0,22.99,22.99,21.690001,21.959999,3517500.0,-1.0300009999999986
10.0,11.0,23.799999,23.799999,22.629999,22.700001,3513700.0,-1.0999979999999994
10.0,10.0,23.77,23.790001,22.860001,23.200001,4578200.0,-0.5699989999999993
10.0,9.0,25.0,25.0,24.379999,24.459999,1021200.0,-0.5400010000000002
10.0,8.0,25.190001,25.459999,24.75,25.030001,756900.0,-0.16000000000000014
10.0,5.0,24.639999,25.6,24.620001,25.280001,1235100.0,0.6400019999999991
10.0,4.0,24.83,24.83,24.389999,24.549999,1174600.0,-0.2800009999999986
10.0,3.0,25.43,25.43,24.51,24.549999,1171800.0,-0.880001
10.0,2.0,25.040001,25.389999,24.709999,25.040001,641000.0,0.0
10.0,1.0,25.16,25.48,24.82,25.1,1355000.0,-0.05999999999999872
9.0,28.0,25.0,25.48,24.610001,25.01,1671300.0,0.010000000000001563
9.0,27.0,24.0,25.65,23.780001,25.370001,2333500.0,1.3700009999999985
9.0,26.0,24.35,24.43,23.219999,23.76,2515400.0,-0.5899999999999999
9.0,25.0,25.719999,26.0,24.08,24.200001,2184100.0,-1.519998000000001
9.0,24.0,25.129999,25.59,24.799999,25.42,1276300.0,0.2900010000000002
9.0,21.0,25.969999,26.469999,25.690001,25.709999,1022500.0,-0.26000000000000156
9.0,20.0,26.190001,26.24,25.41,25.84,1366600.0,-0.3500009999999989
9.0,19.0,26.459999,26.65,26.16,26.32,986800.0,-0.13999899999999954
9.0,18.0,26.540001,26.91,25.799999,26.629999,1492400.0,0.08999800000000135
9.0,17.0,26.5,26.6,25.860001,26.469999,1422500.0,-0.030000999999998612
9.0,14.0,26.75,27.959999,26.42,26.67,3655700.0,-0.0799999999999983
9.0,13.0,24.18,26.459999,24.129999,26.43,4838500.0,2.25
9.0,12.0,24.67,25.379999,24.32,25.01,3810600.0,0.33999999999999986
9.0,11.0,23.719999,24.719999,23.639999,24.67,2163500.0,0.9500010000000003
9.0,10.0,24.75,24.790001,23.42,23.549999,1708800.0,-1.2000010000000003
9.0,7.0,24.35,25.08,24.059999,24.82,1472500.0,0.46999999999999886
9.0,6.0,23.51,24.5,23.459999,24.469999,1696800.0,0.9599989999999998
9.0,5.0,23.58,23.58,22.98,23.23,1355400.0,-0.34999999999999787
9.0,4.0,23.41,23.41,22.780001,22.959999,1362200.0,-0.4500010000000003
8.0,31.0,23.17,23.5,22.98,23.32,1465900.0,0.14999999999999858
8.0,30.0,23.25,23.34,22.6,22.82,1700400.0,-0.4299999999999997
8.0,29.0,23.639999,23.969999,23.23,23.51,1282300.0,-0.12999899999999798
8.0,28.0,24.4,25.299999,23.16,23.82,3750500.0,-0.5799999999999983
8.0,27.0,23.99,24.6,23.639999,24.51,1971400.0,0.5200000000000031
8.0,24.0,23.77,23.959999,23.43,23.74,976000.0,-0.030000000000001137
8.0,23.0,23.75,24.049999,23.5,23.719999,1334500.0,-0.030000999999998612
8.0,22.0,23.969999,23.969999,23.190001,23.73,3167000.0,-0.23999900000000096
8.0,21.0,25.049999,25.16,24.049999,24.299999,2476500.0,-0.75
8.0,20.0,25.85,25.93,24.700001,24.959999,2287700.0,-0.8900010000000016
8.0,17.0,25.93,26.24,25.66,26.040001,2135100.0,0.11000100000000046
8.0,16.0,25.370001,25.85,24.92,25.74,2013900.0,0.36999899999999997
8.0,15.0,24.08,25.200001,24.02,25.01,1976300.0,0.9300000000000033
8.0,14.0,24.110001,24.799999,24.01,24.540001,1781900.0,0.4299999999999997
8.0,13.0,24.42,24.49,23.4,23.99,979900.0,-0.43000000000000327
8.0,10.0,23.59,24.27,23.49,24.26,1021600.0,0.6700000000000017
8.0,9.0,23.74,23.969999,23.5,23.73,1176700.0,-0.00999999999999801
8.0,8.0,23.940001,24.190001,23.52,23.809999,1404700.0,-0.1300019999999975
8.0,7.0,23.49,24.73,23.17,24.26,4004300.0,0.7700000000000031
8.0,6.0,22.440001,23.16,21.92,22.85,2686000.0,0.40999900000000267
8.0,3.0,22.1,22.700001,21.690001,22.299999,1852700.0,0.19999899999999826
8.0,2.0,21.940001,22.07,21.299999,21.549999,1107900.0,-0.39000199999999907
8.0,1.0,22.870001,22.870001,21.85,22.059999,1034300.0,-0.8100019999999972
7.0,31.0,23.18,23.219999,22.25,22.59,1648700.0,-0.5899999999999999
7.0,30.0,23.82,24.309999,22.85,23.120001,1774000.0,-0.6999990000000018
7.0,27.0,23.5,23.9,23.26,23.82,1638100.0,0.3200000000000003
7.0,26.0,23.0,23.24,21.85,23.059999,2652100.0,0.059999000000001246
7.0,25.0,22.280001,23.24,22.17,22.469999,1629500.0,0.18999800000000278
7.0,24.0,22.299999,22.719999,20.07,22.620001,4438200.0,0.3200019999999988
7.0,23.0,21.299999,22.26,20.84,21.98,2456300.0,0.6800010000000007
7.0,20.0,22.92,22.98,22.139999,22.41,1578200.0,-0.5100000000000016
7.0,19.0,22.440001,23.120001,22.200001,22.940001,2241400.0,0.5
7.0,18.0,20.0,22.0,19.940001,21.860001,1745900.0,1.8600010000000005
7.0,17.0,20.469999,20.67,19.719999,20.030001,1002200.0,-0.4399980000000028
7.0,16.0,20.299999,20.43,19.870001,20.370001,789200.0,0.07000199999999879
7.0,13.0,20.450001,20.49,19.66,20.379999,1652000.0,-0.07000199999999879
7.0,12.0,20.709999,20.950001,19.93,20.219999,1488300.0,-0.48999999999999844
7.0,11.0,21.08,21.450001,20.74,20.98,804200.0,-0.09999999999999787
7.0,10.0,22.129999,22.370001,20.98,21.16,1460500.0,-0.9699990000000014
7.0,9.0,22.49,22.549999,21.870001,22.129999,1178700.0,-0.3600009999999969
7.0,6.0,22.85,22.959999,22.17,22.34,1555200.0,-0.5100000000000016
7.0,5.0,23.540001,23.59,22.51,23.139999,1255600.0,-0.40000200000000063
7.0,3.0,23.139999,23.709999,23.08,23.57,555700.0,0.43000100000000074
7.0,2.0,23.65,23.809999,22.889999,23.110001,1217300.0,-0.5399989999999981
6.0,29.0,22.540001,24.200001,22.309999,23.23,2474500.0,0.6899990000000003
6.0,28.0,21.24,21.549999,20.99,21.48,861800.0,0.240000000000002
6.0,27.0,21.18,21.42,20.889999,21.33,856100.0,0.14999999999999858
6.0,26.0,20.719999,21.059999,20.5,21.01,1132000.0,0.2900010000000002
6.0,25.0,20.84,21.02,20.41,20.700001,915400.0,-0.13999899999999954
6.0,22.0,20.4,21.5,20.27,21.32,1341800.0,0.9200000000000017
6.0,21.0,21.41,21.43,20.139999,20.200001,1266900.0,-1.2099989999999998
6.0,20.0,21.0,21.690001,20.85,21.57,1252800.0,0.5700000000000003
6.0,19.0,20.809999,21.389999,20.68,21.08,1005000.0,0.27000099999999705
6.0,18.0,20.299999,20.84,19.969999,20.620001,706000.0,0.3200019999999988
6.0,15.0,20.139999,20.620001,20.120001,20.4,891700.0,0.26000099999999904
6.0,14.0,19.93,20.299999,19.32,20.18,1617100.0,0.25
6.0,13.0,20.059999,20.57,19.790001,19.950001,1218900.0,-0.10999800000000093
6.0,12.0,19.9,20.34,19.68,20.24,1475000.0,0.33999999999999986
6.0,11.0,20.76,20.76,19.629999,19.780001,1535100.0,-0.979999000000003
6.0,8.0,19.889999,20.440001,19.68,20.25,1837100.0,0.36000100000000046
6.0,7.0,20.610001,20.83,19.860001,19.879999,1755500.0,-0.7300019999999989
6.0,6.0,19.799999,20.33,19.57,20.18,2086200.0,0.38000100000000003
6.0,5.0,18.809999,19.469999,18.799999,19.389999,1666500.0,0.5799999999999983
6.0,4.0,19.559999,19.860001,18.57,18.809999,1958200.0,-0.75
6.0,1.0,20.5,20.68,19.280001,19.41,1964000.0,-1.0899999999999999
5.0,31.0,21.65,21.65,20.74,21.110001,1179800.0,-0.5399989999999981
5.0,30.0,21.959999,21.959999,21.440001,21.530001,924300.0,-0.4299980000000012
5.0,29.0,22.1,22.559999,21.969999,22.25,1533700.0,0.14999999999999858
5.0,25.0,21.4,21.93,21.25,21.84,1722200.0,0.4400000000000013
5.0,24.0,21.799999,21.91,21.209999,21.25,1775200.0,-0.5499989999999997
5.0,23.0,20.809999,21.83,20.67,21.809999,1034300.0,1.0
5.0,22.0,21.18,21.48,20.91,21.129999,968400.0,-0.050000999999998186
5.0,21.0,19.780001,21.24,19.75,21.08,1885200.0,1.2999989999999997
5.0,18.0,20.49,20.620001,19.57,19.65,2266900.0,-0.8399999999999999
5.0,17.0,21.360001,21.67,20.360001,20.459999,1956200.0,-0.9000020000000006
5.0,16.0,23.18,23.18,21.4,21.51,2429400.0,-1.6699999999999982
5.0,15.0,23.280001,23.639999,22.77,22.950001,1374000.0,-0.3299999999999983
5.0,14.0,23.82,23.959999,23.18,23.4,1070800.0,-0.4200000000000017
5.0,11.0,23.110001,24.35,23.110001,24.09,1296200.0,0.9799989999999994
5.0,10.0,23.76,23.799999,23.16,23.530001,1351600.0,-0.22999900000000295
5.0,9.0,23.530001,23.77,22.9,23.530001,1674700.0,0.0
5.0,8.0,23.969999,24.16,23.0,24.1,1475600.0,0.13000100000000003
5.0,7.0,24.18,24.25,23.75,23.940001,656300.0,-0.23999900000000096
5.0,4.0,25.309999,25.549999,24.27,24.370001,884500.0,-0.9399980000000028
5.0,3.0,25.809999,26.1,25.18,25.34,1109000.0,-0.4699990000000014
5.0,2.0,25.4,26.02,25.200001,26.0,1187700.0,0.6000000000000014
5.0,1.0,25.5,26.01,25.41,25.76,1058100.0,0.26000000000000156
4.0,30.0,26.32,26.32,25.65,25.85,922900.0,-0.46999999999999886
4.0,27.0,25.799999,26.68,25.530001,26.32,2673700.0,0.5200010000000006
4.0,26.0,24.23,25.200001,24.09,25.02,2077000.0,0.7899999999999991
4.0,25.0,24.49,24.75,23.719999,24.07,2022300.0,-0.41999999999999815
4.0,24.0,23.6,24.200001,23.43,23.9,1439000.0,0.29999999999999716
4.0,23.0,23.01,23.52,22.559999,23.43,1321900.0,0.41999999999999815
4.0,20.0,24.450001,24.450001,23.07,23.190001,3032100.0,-1.2600000000000016
4.0,19.0,24.98,25.34,24.049999,24.09,1673800.0,-0.8900000000000006
4.0,18.0,24.67,25.23,24.360001,25.02,1127200.0,0.34999999999999787
4.0,17.0,25.0,25.48,24.940001,24.959999,1719500.0,-0.040001000000000175
4.0,16.0,24.459999,24.91,23.799999,24.74,1104500.0,0.2800009999999986
4.0,13.0,24.5,24.709999,23.950001,24.15,807500.0,-0.3500000000000014
4.0,12.0,23.940001,24.860001,23.9,24.799999,1822700.0,0.8599980000000009
4.0,11.0,24.0,24.25,23.68,23.860001,2403500.0,-0.13999899999999954
4.0,10.0,25.0,25.83,23.620001,23.709999,2338200.0,-1.2900010000000002
4.0,9.0,25.5,25.65,24.68,25.16,1328000.0,-0.33999999999999986
4.0,5.0,25.639999,26.049999,25.370001,25.76,1542200.0,0.12000100000000202
4.0,4.0,25.299999,25.700001,24.200001,25.5,1977600.0,0.20000100000000032
4.0,3.0,25.889999,26.110001,25.139999,25.4,1923800.0,-0.48999900000000096
4.0,2.0,26.299999,26.370001,25.59,26.120001,1052300.0,-0.1799980000000012
3.0,30.0,26.74,27.02,26.02,26.610001,1165200.0,-0.12999899999999798
3.0,29.0,26.65,26.790001,25.68,26.610001,1084900.0,-0.03999899999999812
3.0,28.0,26.99,26.99,26.459999,26.889999,810200.0,-0.1000009999999989
3.0,27.0,26.92,27.440001,26.700001,26.91,722700.0,-0.010000000000001563
3.0,26.0,27.27,27.43,26.58,26.870001,1626900.0,-0.3999990000000011
3.0,23.0,26.07,26.98,25.959999,26.969999,1352100.0,0.8999990000000011
3.0,22.0,25.889999,26.34,25.4,26.27,1360200.0,0.38000100000000003
3.0,21.0,25.82,26.389999,25.52,26.049999,771000.0,0.2299989999999994
3.0,20.0,26.0,26.17,25.559999,25.860001,810300.0,-0.13999899999999954
3.0,19.0,26.23,26.41,25.719999,26.33,1223700.0,0.09999999999999787
3.0,16.0,25.610001,26.4,25.4,26.27,1305000.0,0.6599989999999991
3.0,15.0,25.73,26.059999,25.389999,25.620001,988000.0,-0.10999900000000196
3.0,14.0,25.84,26.65,25.389999,25.66,2904900.0,-0.17999999999999972
3.0,13.0,25.059999,25.200001,24.68,24.870001,1170600.0,-0.18999800000000278
3.0,12.0,25.469999,25.799999,24.530001,24.58,1418300.0,-0.8899990000000031
3.0,9.0,25.16,25.74,25.0,25.639999,1875100.0,0.4799989999999994
3.0,8.0,23.959999,25.129999,23.790001,24.969999,2723600.0,1.0100000000000016
3.0,7.0,22.690001,24.17,22.549999,23.469999,2058700.0,0.7799980000000026
3.0,6.0,22.75,22.82,22.049999,22.549999,2308400.0,-0.20000100000000032
3.0,5.0,23.639999,23.65,22.75,23.049999,1195700.0,-0.5899999999999999
3.0,2.0,24.190001,24.68,23.5,23.59,1194300.0,-0.6000009999999989
3.0,1.0,24.9,25.389999,24.219999,24.290001,1303400.0,-0.6099989999999984
2.0,29.0,25.16,25.219999,24.639999,24.799999,1444100.0,-0.36000100000000046
2.0,28.0,24.76,25.200001,24.719999,25.09,1578800.0,0.3299999999999983
2.0,27.0,24.549999,24.98,24.219999,24.889999,1587800.0,0.33999999999999986
2.0,24.0,24.940001,25.299999,24.549999,24.98,2319300.0,0.03999900000000167
2.0,23.0,23.6,24.74,22.700001,24.549999,1926800.0,0.9499989999999983
2.0,22.0,24.030001,24.200001,23.120001,23.65,1324500.0,-0.38000100000000003
2.0,21.0,25.459999,25.459999,24.049999,24.25,1213900.0,-1.2099989999999998
2.0,17.0,25.83,25.83,24.870001,25.370001,1672000.0,-0.4599989999999998
2.0,16.0,24.799999,25.91,24.709999,25.83,1955900.0,1.0300009999999986
2.0,15.0,23.879999,25.040001,23.4,24.950001,2710300.0,1.0700019999999988
2.0,14.0,22.370001,23.9,22.370001,23.65,1786900.0,1.279999
2.0,13.0,22.15,22.67,21.709999,22.620001,1855200.0,0.4700009999999999
2.0,10.0,23.17,23.440001,21.540001,21.629999,2873500.0,-1.5400010000000002
2.0,9.0,21.85,22.07,21.459999,21.99,1084100.0,0.13999999999999702
2.0,8.0,21.959999,22.190001,21.73,21.879999,733200.0,-0.0799999999999983
2.0,7.0,21.65,22.01,21.030001,21.780001,1215300.0,0.13000100000000003
2.0,6.0,22.530001,22.68,21.68,21.74,1433500.0,-0.7900010000000002
2.0,3.0,22.6,23.040001,22.26,22.75,1697600.0,0.14999999999999858
2.0,2.0,22.34,22.549999,21.950001,22.059999,1061200.0,-0.2800009999999986
2.0,1.0,21.6,22.35,21.48,22.07,1255200.0,0.46999999999999886
1.0,31.0,21.09,21.780001,21.02,21.23,1296700.0,0.14000000000000057
1.0,30.0,21.23,21.23,20.440001,20.870001,1267400.0,-0.35999900000000196
1.0,27.0,21.120001,21.9,21.08,21.77,873100.0,0.6499990000000011
1.0,26.0,21.700001,21.75,21.07,21.299999,2012700.0,-0.40000200000000063
1.0,25.0,21.940001,22.0,21.02,21.040001,1607600.0,-0.8999999999999986
1.0,24.0,20.450001,21.84,20.25,21.75,1799500.0,1.2999989999999997
1.0,23.0,20.41,20.67,20.120001,20.549999,1392300.0,0.13999899999999954
1.0,20.0,19.0,20.629999,18.940001,20.559999,2046600.0,1.5599990000000012
1.0,19.0,19.190001,19.629999,18.83,19.24,3272500.0,0.04999899999999968
1.0,18.0,17.540001,19.719999,17.52,18.98,3587900.0,1.4399990000000003
1.0,17.0,17.290001,17.6,17.030001,17.190001,934200.0,-0.10000000000000142
1.0,13.0,17.389999,17.530001,16.440001,17.16,2204700.0,-0.2299989999999994
1.0,12.0,17.530001,18.0,17.4,17.6,1588300.0,0.06999900000000281
1.0,11.0,17.440001,17.719999,17.01,17.58,1548200.0,0.13999899999999954
1.0,10.0,17.860001,18.0,17.129999,17.440001,1212800.0,-0.4200000000000017
1.0,9.0,17.0,17.860001,16.780001,17.68,1448200.0,0.6799999999999997
1.0,6.0,16.459999,16.959999,15.88,16.9,1570600.0,0.44000099999999875
1.0,5.0,15.95,16.5,15.82,16.5,802400.0,0.5500000000000007
1.0,4.0,15.86,16.17,15.72,16.17,629200.0,0.3100000000000023
1.0,3.0,15.78,16.18,15.63,16.01,885600.0,0.2300000000000022
12.0,30.0,15.34,15.44,15.11,15.37,797900.0,0.02999999999999936
12.0,29.0,15.1,15.75,15.0,15.41,756500.0,0.3100000000000005
12.0,28.0,15.71,15.91,15.07,15.14,805200.0,-0.5700000000000003
12.0,27.0,15.71,16.0,15.65,15.78,803900.0,0.06999999999999851
12.0,23.0,15.84,15.96,15.6,15.82,648400.0,-0.019999999999999574
12.0,22.0,14.8,15.9,14.74,15.8,1869100.0,1.0
12.0,21.0,14.92,15.0,14.42,14.76,1266300.0,-0.16000000000000014
12.0,20.0,14.71,15.04,14.6,14.95,2008900.0,0.23999999999999844
12.0,19.0,15.4,15.47,14.27,14.32,1270300.0,-1.08
12.0,16.0,15.46,15.92,15.2,15.31,958600.0,-0.15000000000000036
12.0,15.0,15.57,15.63,15.17,15.29,2073800.0,-0.28000000000000114
12.0,14.0,15.45,15.5,14.73,15.14,2015300.0,-0.3099999999999987
12.0,13.0,16.76,16.83,14.85,15.35,2828800.0,-1.410000000000002
12.0,12.0,17.25,17.34,16.4,16.59,1524700.0,-0.6600000000000001
12.0,9.0,17.83,17.98,17.09,17.639999,1528700.0,-0.19000099999999875
12.0,8.0,18.219999,18.68,17.73,17.799999,1356100.0,-0.4200000000000017
12.0,7.0,17.559999,18.879999,17.24,18.549999,2033600.0,0.9899999999999984
12.0,6.0,17.67,17.870001,17.18,17.68,1086700.0,0.00999999999999801
12.0,5.0,17.68,17.92,17.5,17.74,1384500.0,0.05999999999999872
12.0,2.0,17.280001,17.959999,17.26,17.52,1581600.0,0.23999900000000096
12.0,1.0,16.9,17.209999,16.58,17.09,803000.0,0.19000000000000128
11.0,30.0,15.91,16.940001,15.56,16.9,1976700.0,0.9899999999999984
11.0,29.0,15.55,15.9,15.23,15.27,574600.0,-0.28000000000000114
11.0,28.0,15.5,16.09,15.38,15.53,1150500.0,0.02999999999999936
11.0,25.0,15.17,15.4,14.97,15.0,717800.0,-0.16999999999999993
11.0,23.0,15.3,15.51,15.1,15.21,1022000.0,-0.08999999999999986
11.0,22.0,15.7,15.9,15.2,15.56,1247300.0,-0.1399999999999988
11.0,21.0,15.95,16.02,15.3,15.86,1068300.0,-0.08999999999999986
11.0,18.0,16.620001,16.719999,16.18,16.27,561300.0,-0.3500009999999989
11.0,17.0,17.49,17.77,16.450001,16.559999,1273400.0,-0.9300009999999972
11.0,16.0,17.5,17.969999,17.26,17.48,1450500.0,-0.019999999999999574
11.0,15.0,16.5,17.610001,16.49,17.49,1139800.0,0.9899999999999984
11.0,14.0,16.639999,17.0,16.450001,16.530001,721800.0,-0.10999800000000093
11.0,11.0,15.88,17.040001,15.7,16.620001,2139100.0,0.7400009999999977
11.0,10.0,15.95,16.139999,15.25,15.59,1419500.0,-0.35999999999999943
11.0,9.0,16.32,16.32,15.47,15.6,1745800.0,-0.7200000000000006
11.0,8.0,17.35,17.440001,16.5,16.84,1448100.0,-0.5100000000000016
11.0,7.0,17.51,17.75,17.02,17.17,1568800.0,-0.33999999999999986
11.0,4.0,17.42,18.209999,17.09,17.719999,2211700.0,0.2999989999999997
11.0,3.0,17.309999,17.77,16.76,17.389999,1839500.0,0.0799999999999983
11.0,2.0,16.76,17.5,16.34,17.26,3155800.0,0.5
11.0,1.0,15.29,16.9,14.26,16.84,5252100.0,1.5500000000000007
10.0,31.0,19.049999,19.08,17.84,17.969999,1990600.0,-1.0799999999999983
10.0,28.0,19.709999,19.76,18.67,19.030001,1381800.0,-0.6799980000000012
10.0,27.0,19.450001,20.08,18.950001,19.66,1528300.0,0.20999899999999982
10.0,26.0,18.25,18.780001,17.620001,18.4,1622700.0,0.14999999999999858
10.0,25.0,18.35,18.48,17.42,17.639999,1661100.0,-0.7100010000000019
10.0,24.0,16.18,18.040001,16.1,18.0,2109200.0,1.8200000000000003
10.0,21.0,16.200001,16.33,15.71,15.98,1038800.0,-0.2200009999999999
10.0,20.0,16.4,16.65,15.63,15.91,976500.0,-0.48999999999999844
10.0,19.0,17.27,17.370001,16.35,16.459999,830400.0,-0.8100009999999997
10.0,18.0,16.549999,17.299999,16.32,17.23,1209000.0,0.6800010000000007
10.0,17.0,17.33,17.559999,16.450001,16.540001,1269400.0,-0.7899989999999981
10.0,14.0,17.32,17.969999,16.969999,17.32,1942500.0,0.0
10.0,13.0,16.559999,17.459999,16.42,17.16,1770500.0,0.6000009999999989
10.0,12.0,16.48,17.15,16.24,16.93,1161300.0,0.4499999999999993
10.0,11.0,16.1,16.280001,15.81,16.059999,1043200.0,-0.040001000000000175
10.0,10.0,15.41,16.25,15.41,16.209999,1076700.0,0.7999989999999997
10.0,7.0,15.69,15.87,15.1,15.31,552100.0,-0.379999999999999
10.0,6.0,15.0,15.59,14.66,15.53,975800.0,0.5299999999999994
10.0,5.0,14.63,15.12,14.16,14.94,1632100.0,0.3099999999999987
10.0,4.0,13.59,14.68,13.06,14.58,2454400.0,0.9900000000000002
10.0,3.0,14.0,14.11,13.4,13.68,2839900.0,-0.3200000000000003
9.0,30.0,14.66,15.07,14.11,14.12,1464900.0,-0.5400000000000009
9.0,29.0,16.85,17.280001,14.68,14.99,2578700.0,-1.8600000000000012
9.0,28.0,17.5,17.66,16.43,16.440001,1392300.0,-1.0599990000000012
9.0,27.0,16.870001,17.629999,16.870001,17.290001,1452400.0,0.4200000000000017
9.0,26.0,16.9,17.120001,16.209999,16.6,1538600.0,-0.29999999999999716
9.0,23.0,16.58,17.040001,16.530001,16.82,1651300.0,0.240000000000002
9.0,22.0,16.690001,16.940001,15.71,16.860001,1936300.0,0.1700000000000017
9.0,21.0,18.09,18.370001,17.09,17.120001,1405600.0,-0.9699990000000014
9.0,20.0,18.76,18.889999,17.860001,17.93,1208100.0,-0.8300000000000018
9.0,19.0,19.530001,19.540001,18.059999,18.700001,1773100.0,-0.8299999999999983
9.0,16.0,20.49,21.209999,19.59,19.860001,1638300.0,-0.629998999999998
9.0,15.0,19.74,20.5,19.5,20.290001,2819100.0,0.5500010000000017
9.0,14.0,18.5,19.290001,18.35,19.1,2050500.0,0.6000000000000014
9.0,13.0,17.200001,18.280001,17.120001,18.110001,1507100.0,0.9100000000000001
9.0,12.0,16.23,17.27,16.219999,17.209999,1001000.0,0.9799989999999994
9.0,9.0,16.99,17.450001,16.209999,16.530001,969500.0,-0.4599989999999998
9.0,8.0,17.48,17.77,17.0,17.17,559900.0,-0.3099999999999987
9.0,7.0,16.629999,17.57,16.530001,17.48,1578600.0,0.8500009999999989
9.0,6.0,15.82,16.389999,15.51,15.9,1119000.0,0.08000000000000007
9.0,2.0,16.02,16.559999,15.9,16.41,811400.0,0.39000000000000057
9.0,1.0,16.280001,17.08,16.02,16.530001,1477900.0,0.25
8.0,31.0,16.780001,17.280001,15.96,16.290001,955200.0,-0.48999999999999844
8.0,30.0,17.1,17.15,16.58,16.74,868700.0,-0.360000000000003
8.0,29.0,16.969999,17.290001,16.77,17.16,1023900.0,0.19000099999999875
8.0,26.0,16.049999,16.620001,15.95,16.52,794500.0,0.4700009999999999
8.0,25.0,16.58,17.33,16.049999,16.07,775000.0,-0.509999999999998
8.0,24.0,16.77,17.110001,16.24,16.66,698100.0,-0.10999999999999943
8.0,23.0,16.450001,16.959999,15.95,16.91,1354900.0,0.4599989999999998
8.0,22.0,16.690001,17.07,16.0,16.110001,792400.0,-0.5799999999999983
8.0,19.0,16.629999,16.879999,15.85,15.94,1076000.0,-0.689999000000002
8.0,18.0,17.379999,17.48,16.139999,16.67,1294800.0,-0.7099989999999998
8.0,17.0,18.26,18.41,17.440001,17.74,1048200.0,-0.5200000000000031
8.0,16.0,18.49,18.559999,17.780001,18.040001,881200.0,-0.44999899999999826
8.0,15.0,18.49,18.74,18.09,18.690001,910000.0,0.20000100000000032
8.0,12.0,18.73,18.879999,17.92,18.01,1462900.0,-0.7199999999999989
8.0,11.0,16.48,18.85,16.440001,18.5,4311300.0,2.0199999999999996
8.0,10.0,16.780001,17.030001,15.82,16.35,4274200.0,-0.4300009999999972
8.0,9.0,14.45,16.620001,14.44,16.610001,5025000.0,2.160001000000001
8.0,8.0,13.58,14.63,13.21,14.03,6636700.0,0.4499999999999993
8.0,5.0,17.17,17.82,14.69,14.92,4395500.0,-2.2500000000000018
8.0,4.0,18.77,18.870001,17.059999,17.09,3061700.0,-1.6799999999999997
8.0,3.0,18.709999,19.27,18.26,19.1,2373000.0,0.3900010000000016
8.0,2.0,18.98,19.34,18.709999,18.790001,4290800.0,-0.18999900000000025
8.0,1.0,19.98,20.23,18.49,19.309999,3352100.0,-0.6700009999999992
7.0,29.0,18.0,20.040001,16.99,19.780001,1.26572E7,1.7800009999999986
7.0,28.0,20.360001,21.219999,20.32,20.540001,2055000.0,0.17999999999999972
7.0,27.0,21.68,21.889999,20.290001,20.52,3040300.0,-1.1600000000000001
7.0,26.0,21.700001,22.360001,21.5,22.02,1757200.0,0.31999899999999926
7.0,25.0,22.32,22.639999,21.67,21.82,1659100.0,-0.5
7.0,22.0,21.58,22.82,21.41,22.74,2874600.0,1.1600000000000001
7.0,21.0,22.25,22.49,21.24,21.719999,2674600.0,-0.5300009999999986
7.0,20.0,22.25,23.120001,22.0,22.059999,1918900.0,-0.19000099999999875
7.0,19.0,21.5,22.41,21.5,22.1,2137400.0,0.6000000000000014
7.0,18.0,21.57,21.690001,20.93,21.17,2250200.0,-0.3999999999999986
7.0,15.0,22.280001,22.280001,21.5,21.690001,2208100.0,-0.5899999999999999
7.0,14.0,22.83,23.17,22.01,22.1,2118300.0,-0.7299999999999969
7.0,13.0,23.530001,23.530001,22.549999,22.76,2161300.0,-0.770000999999997
7.0,12.0,24.9,24.9,22.879999,23.209999,2453600.0,-1.6900009999999988
7.0,11.0,25.440001,25.540001,24.719999,25.01,1226100.0,-0.4300009999999972
7.0,8.0,26.309999,26.48,25.58,26.07,1045600.0,-0.23999900000000096
7.0,7.0,26.74,27.08,26.27,26.540001,1872600.0,-0.19999899999999826
7.0,6.0,26.860001,26.860001,26.0,26.4,727200.0,-0.4600010000000019
7.0,5.0,27.41,27.459999,26.58,26.91,928500.0,-0.5
7.0,1.0,26.940001,27.66,26.530001,27.51,1778200.0,0.5699990000000028
6.0,30.0,25.26,26.940001,25.17,26.73,1875300.0,1.4699999999999989
6.0,29.0,25.52,26.02,24.950001,25.309999,1338100.0,-0.21000099999999833
6.0,28.0,23.969999,25.4,23.709999,25.18,1588500.0,1.2100009999999983
6.0,27.0,23.25,23.74,22.98,23.67,1017900.0,0.4200000000000017
6.0,24.0,23.49,24.139999,23.25,23.459999,954400.0,-0.030000999999998612
6.0,23.0,22.85,23.5,22.370001,23.41,1119900.0,0.5599999999999987
6.0,22.0,23.43,23.639999,23.129999,23.200001,887600.0,-0.2299989999999994
6.0,21.0,23.0,23.809999,22.940001,23.540001,791400.0,0.5400010000000002
6.0,20.0,22.57,23.51,22.370001,22.85,1561300.0,0.28000000000000114
6.0,17.0,24.73,24.9,22.34,22.65,2692800.0,-2.080000000000002
6.0,16.0,24.299999,24.969999,23.790001,24.299999,1098700.0,0.0
6.0,15.0,24.530001,24.9,23.889999,24.01,1414600.0,-0.520000999999997
6.0,14.0,24.35,25.809999,24.35,25.389999,1508800.0,1.0399989999999981
6.0,13.0,24.52,24.549999,24.040001,24.129999,968600.0,-0.39000099999999804
6.0,10.0,24.780001,25.33,24.25,24.34,1706900.0,-0.44000099999999875
6.0,9.0,25.450001,25.639999,24.059999,25.120001,3590400.0,-0.33000000000000185
6.0,8.0,26.459999,26.459999,25.25,25.450001,1961900.0,-1.0099979999999995
6.0,7.0,26.73,27.09,26.49,26.58,934300.0,-0.15000000000000213
6.0,6.0,26.950001,27.450001,26.440001,26.549999,1773000.0,-0.40000200000000063
6.0,3.0,26.030001,26.92,25.67,26.700001,2328500.0,0.6700000000000017
6.0,2.0,27.280001,27.49,26.120001,26.51,1488800.0,-0.770000999999997
6.0,1.0,28.26,28.52,27.01,27.1,1580900.0,-1.1600000000000001
5.0,31.0,29.0,29.1,27.91,28.530001,1216400.0,-0.4699990000000014
5.0,27.0,28.9,29.450001,28.32,28.379999,1710200.0,-0.520000999999997
5.0,26.0,27.42,29.5,27.1,28.549999,4410400.0,1.129998999999998
5.0,25.0,27.16,27.32,26.700001,27.219999,1972600.0,0.059999000000001246
5.0,24.0,27.370001,27.75,26.049999,27.209999,2827700.0,-0.16000199999999865
5.0,23.0,28.76,28.76,27.299999,27.370001,1526000.0,-1.389999000000003
5.0,20.0,28.42,29.549999,28.34,28.860001,1921800.0,0.44000099999999875
5.0,19.0,28.42,28.719999,27.85,28.32,1521100.0,-0.10000000000000142
5.0,18.0,27.799999,29.35,27.790001,28.719999,1215700.0,0.9200000000000017
5.0,17.0,27.309999,28.200001,26.549999,27.76,1689500.0,0.4500010000000003
5.0,16.0,29.629999,29.75,27.49,27.66,2228700.0,-1.9699990000000014
5.0,13.0,29.91,30.85,29.290001,29.360001,1539600.0,-0.5499989999999997
5.0,12.0,28.73,30.0,28.5,29.84,1482600.0,1.1099999999999994
5.0,11.0,30.0,30.52,28.15,29.0,3538700.0,-1.0
5.0,10.0,31.01,31.139999,29.889999,30.120001,1485200.0,-0.8899990000000031
5.0,9.0,31.0,31.719999,30.65,31.02,1134400.0,0.019999999999999574
5.0,6.0,31.27,31.940001,30.799999,30.9,1443800.0,-0.370000000000001
5.0,5.0,31.41,31.959999,30.610001,31.0,2143900.0,-0.41000000000000014
5.0,4.0,32.200001,32.349998,30.459999,31.809999,2369600.0,-0.39000199999999907
5.0,3.0,33.09,33.380001,31.610001,31.799999,1849500.0,-1.2900010000000037
5.0,2.0,33.990002,34.0,32.68,33.040001,867600.0,-0.9500010000000003
4.0,29.0,33.330002,35.32,32.939999,33.400002,1529800.0,0.07000000000000028
4.0,28.0,33.73,33.880001,32.349998,33.07,857300.0,-0.6599999999999966
4.0,27.0,34.5,34.5,32.880001,33.419998,986700.0,-1.0800020000000004
4.0,26.0,34.389999,34.5,33.5,34.18,1177800.0,-0.20999900000000338
4.0,25.0,33.5,33.950001,33.18,33.459999,496000.0,-0.04000099999999662
4.0,21.0,34.139999,34.25,32.91,33.459999,961500.0,-0.6799999999999997
4.0,20.0,32.299999,33.59,31.459999,33.560001,1626700.0,1.260002
4.0,19.0,31.99,32.0,31.1,31.450001,555400.0,-0.5399989999999981
4.0,18.0,31.6,32.09,30.799999,31.74,886200.0,0.13999999999999702
4.0,15.0,32.290001,32.889999,32.07,32.34,999900.0,0.04999900000000679
4.0,14.0,31.43,32.369999,30.860001,32.200001,942300.0,0.7700010000000006
4.0,13.0,31.709999,31.9,31.049999,31.540001,994100.0,-0.16999799999999965
4.0,12.0,31.799999,32.119999,30.799999,31.02,1830300.0,-0.7799990000000001
4.0,11.0,33.5,33.84,31.9,32.209999,2965700.0,-1.2900009999999966
4.0,8.0,34.41,34.799999,32.18,32.619999,7956600.0,-1.7900009999999966
4.0,7.0,33.650002,33.810001,32.25,32.939999,1527100.0,-0.7100030000000004
4.0,6.0,32.68,33.75,32.049999,33.259998,4436300.0,0.5799980000000033
4.0,5.0,31.370001,32.41,30.6,31.99,2591400.0,0.619999
4.0,4.0,30.879999,31.26,30.07,31.129999,1895600.0,0.25
4.0,1.0,30.35,30.74,29.969999,30.59,3383300.0,0.23999999999999844
3.0,31.0,30.67,31.110001,29.82,29.969999,1.57149E7,-0.7000010000000003
3.0,30.0,31.76,32.549999,30.620001,31.379999,2708400.0,-0.38000100000000003
3.0,29.0,28.459999,31.68,28.459999,31.290001,3422600.0,2.8300020000000004
3.0,28.0,28.25,29.23,27.459999,28.690001,1904900.0,0.44000099999999875
3.0,25.0,28.629999,28.690001,27.799999,27.879999,529900.0,-0.75
3.0,24.0,28.200001,28.4,27.379999,28.299999,1300600.0,0.09999799999999937
3.0,23.0,27.15,27.459999,26.42,27.07,802200.0,-0.0799999999999983
3.0,22.0,27.610001,27.93,27.02,27.219999,812100.0,-0.39000199999999907
3.0,21.0,27.98,28.33,27.610001,27.85,1071800.0,-0.129999999999999
3.0,18.0,27.74,27.799999,27.280001,27.549999,1128800.0,-0.19000099999999875
3.0,17.0,26.59,27.950001,26.120001,26.940001,1765700.0,0.3500009999999989
3.0,16.0,26.27,27.120001,25.389999,25.940001,1121800.0,-0.3299990000000008
3.0,15.0,25.0,26.450001,24.32,26.280001,1323800.0,1.2800009999999986
3.0,14.0,26.48,26.75,24.870001,25.83,1910100.0,-0.6500000000000021
3.0,11.0,26.18,27.629999,26.129999,27.459999,774500.0,1.279999
3.0,10.0,26.34,27.440001,25.32,26.51,1860000.0,0.1700000000000017
3.0,9.0,29.299999,29.65,27.58,27.780001,1095000.0,-1.519998000000001
3.0,8.0,29.01,29.790001,28.41,28.709999,1274200.0,-0.30000100000000174
3.0,7.0,31.709999,31.709999,28.16,29.16,2471600.0,-2.5499989999999997
3.0,4.0,31.5,31.77,30.389999,30.75,1226700.0,-0.75
3.0,3.0,30.540001,31.690001,29.469999,31.17,1790900.0,0.6299990000000015
3.0,2.0,30.0,30.709999,29.01,29.25,1435900.0,-0.75
3.0,1.0,32.110001,33.869999,29.83,29.98,2069000.0,-2.1300009999999965
2.0,28.0,31.450001,32.360001,30.5,31.950001,2340300.0,0.5
2.0,25.0,29.540001,30.809999,29.35,30.549999,1150600.0,1.0099979999999995
2.0,24.0,28.370001,29.290001,28.1,29.120001,901800.0,0.75
2.0,23.0,29.9,30.09,27.809999,28.41,1330900.0,-1.4899999999999984
2.0,22.0,28.879999,31.780001,28.299999,29.450001,2040900.0,0.5700019999999988
2.0,18.0,27.620001,30.74,27.41,29.299999,2766000.0,1.6799980000000012
2.0,17.0,27.299999,27.65,26.700001,27.309999,1294100.0,0.010000000000001563
2.0,16.0,25.469999,27.799999,25.41,26.93,3625200.0,1.4600009999999983
2.0,15.0,24.719999,26.190001,24.200001,25.01,1819600.0,0.2900010000000002
2.0,14.0,25.950001,25.950001,25.0,25.440001,1661400.0,-0.5100000000000016
2.0,11.0,26.110001,26.620001,25.200001,25.27,1321800.0,-0.8400010000000009
2.0,10.0,27.059999,27.200001,25.9,26.17,585400.0,-0.8899989999999995
2.0,9.0,26.299999,26.969999,25.809999,26.540001,349600.0,0.2400020000000005
2.0,8.0,26.42,26.65,26.120001,26.379999,707600.0,-0.040001000000000175
2.0,7.0,26.93,27.1,26.15,26.309999,1620600.0,-0.6200009999999985
2.0,4.0,27.540001,27.58,27.1,27.35,182800.0,-0.19000099999999875
2.0,3.0,27.75,28.25,26.99,27.200001,487300.0,-0.5499989999999997
2.0,2.0,27.48,27.629999,26.030001,27.190001,624700.0,-0.28999900000000167
2.0,1.0,26.48,27.370001,25.82,27.23,875000.0,0.75
1.0,31.0,24.809999,25.84,24.610001,25.74,668400.0,0.9300009999999972
1.0,28.0,26.0,26.049999,24.25,24.57,1013900.0,-1.4299999999999997
1.0,27.0,26.360001,26.84,25.5,26.08,719400.0,-0.28000100000000216
1.0,26.0,24.709999,26.459999,24.0,25.99,1558000.0,1.2800009999999986
1.0,25.0,22.65,26.18,22.65,24.280001,1725100.0,1.630001
1.0,24.0,22.059999,22.76,22.0,22.65,486900.0,0.5900009999999973
1.0,21.0,22.15,22.93,21.639999,21.969999,678800.0,-0.1800009999999972
1.0,20.0,22.75,22.75,21.49,21.67,745900.0,-1.0799999999999983
1.0,19.0,23.6,23.790001,22.52,22.959999,416400.0,-0.6400010000000016
1.0,18.0,23.32,23.690001,23.280001,23.58,290500.0,0.259999999999998
1.0,14.0,23.33,23.43,22.85,23.389999,183200.0,0.059999000000001246
1.0,13.0,23.860001,23.860001,22.99,23.33,250500.0,-0.5300010000000022
1.0,12.0,24.5,24.58,23.280001,23.6,303000.0,-0.8999999999999986
1.0,11.0,23.82,24.07,23.629999,24.0,278200.0,0.17999999999999972
1.0,10.0,22.75,23.610001,22.700001,23.42,254100.0,0.6700000000000017
1.0,7.0,23.33,23.33,22.68,22.92,300900.0,-0.4099999999999966
1.0,6.0,23.73,23.799999,22.76,23.24,453100.0,-0.490000000000002
1.0,5.0,21.870001,23.6,21.68,23.379999,846400.0,1.509998000000003
1.0,4.0,21.9,22.75,21.17,22.01,952100.0,0.11000000000000298
1.0,3.0,21.200001,21.52,20.639999,21.43,256100.0,0.2299989999999994
12.0,31.0,20.6,21.1,20.42,20.93,94400.0,0.3299999999999983
12.0,30.0,20.73,20.879999,20.620001,20.700001,76800.0,-0.02999900000000011
12.0,29.0,20.620001,20.709999,20.41,20.709999,139000.0,0.08999800000000135
12.0,28.0,20.459999,20.809999,20.0,20.290001,137300.0,-0.16999799999999965
12.0,27.0,20.0,20.280001,19.700001,20.200001,98500.0,0.20000100000000032
12.0,23.0,20.200001,20.200001,19.58,20.09,466000.0,-0.11000100000000046
12.0,22.0,19.709999,21.57,19.709999,20.25,1489000.0,0.5400010000000002
12.0,21.0,18.860001,20.0,18.6,19.25,584100.0,0.38999899999999954
12.0,20.0,18.16,19.299999,18.049999,18.6,446700.0,0.4400000000000013
12.0,17.0,18.51,18.68,18.0,18.110001,371100.0,-0.3999990000000011
12.0,16.0,18.42,18.67,18.190001,18.440001,447800.0,0.02000099999999705
12.0,15.0,18.700001,19.0,18.09,18.33,437000.0,-0.370001000000002
12.0,14.0,18.9,19.379999,18.280001,18.73,689900.0,-0.16999999999999815
12.0,13.0,20.0,20.0,18.549999,18.860001,432800.0,-1.1399989999999995
12.0,10.0,19.200001,20.200001,18.41,19.950001,457800.0,0.75
12.0,9.0,18.780001,20.43,18.780001,19.129999,1187500.0,0.3499980000000029
12.0,8.0,16.799999,18.799999,16.799999,18.440001,1371000.0,1.640001999999999
12.0,7.0,16.0,16.43,15.73,16.370001,600800.0,0.37000099999999847
12.0,6.0,16.0,16.389999,15.41,15.94,489300.0,-0.0600000000000005
12.0,3.0,13.98,17.280001,13.78,16.139999,948600.0,2.159998999999999
12.0,2.0,13.35,14.0,13.16,13.98,273800.0,0.6300000000000008
12.0,1.0,12.74,13.46,12.6,13.26,682100.0,0.5199999999999996
11.0,30.0,12.6,12.84,12.31,12.58,288700.0,-0.019999999999999574
11.0,29.0,12.81,13.11,12.6,12.73,270100.0,-0.08000000000000007
11.0,26.0,12.56,12.93,12.56,12.83,348500.0,0.2699999999999996
11.0,24.0,12.88,12.93,12.5,12.66,250000.0,-0.22000000000000064
11.0,23.0,12.8,12.9,12.7,12.8,440000.0,0.0
11.0,22.0,12.85,13.32,12.84,12.99,117700.0,0.14000000000000057
11.0,19.0,12.89,12.9,12.7,12.9,74300.0,0.009999999999999787
11.0,18.0,13.0,13.0,12.61,12.9,118700.0,-0.09999999999999964
11.0,17.0,12.8,12.9,12.76,12.8,67600.0,0.0
11.0,16.0,12.73,13.27,12.63,12.84,206500.0,0.10999999999999943
11.0,15.0,12.9,13.14,12.78,12.98,51800.0,0.08000000000000007
11.0,12.0,12.69,13.08,12.64,12.82,115700.0,0.13000000000000078
11.0,11.0,13.2,13.2,12.58,12.86,317200.0,-0.33999999999999986
11.0,10.0,13.6,13.73,13.05,13.32,172300.0,-0.27999999999999936
11.0,9.0,13.72,13.95,13.2,13.63,269800.0,-0.08999999999999986
11.0,8.0,14.0,14.0,13.61,13.77,179900.0,-0.23000000000000043
11.0,5.0,13.9,14.0,13.64,13.97,175600.0,0.07000000000000028
11.0,4.0,13.74,14.0,13.53,13.97,274600.0,0.23000000000000043
11.0,3.0,13.21,13.8,13.11,13.64,359900.0,0.4299999999999997
11.0,2.0,12.9,13.43,12.47,13.27,300900.0,0.3699999999999992
11.0,1.0,13.27,13.5,12.56,12.69,432100.0,-0.5800000000000001
10.0,29.0,13.16,13.47,12.88,13.19,434600.0,0.02999999999999936
10.0,28.0,12.82,13.35,12.6,13.19,409900.0,0.3699999999999992
10.0,27.0,12.28,12.8,12.28,12.77,263800.0,0.4900000000000002
10.0,26.0,12.25,12.49,11.91,12.28,186100.0,0.02999999999999936
10.0,25.0,12.2,12.59,12.2,12.37,128300.0,0.16999999999999993
10.0,22.0,12.2,12.61,12.18,12.33,94200.0,0.13000000000000078
10.0,21.0,12.11,12.4,12.11,12.25,58800.0,0.14000000000000057
10.0,20.0,12.17,12.45,11.52,12.2,124800.0,0.02999999999999936
10.0,19.0,12.06,12.25,12.01,12.11,130100.0,0.049999999999998934
10.0,18.0,11.96,12.29,11.65,12.24,53500.0,0.27999999999999936
10.0,15.0,12.35,12.35,11.86,11.94,396200.0,-0.41000000000000014
10.0,14.0,12.07,12.23,12.0,12.15,223700.0,0.08000000000000007
10.0,13.0,12.31,12.33,12.02,12.07,222000.0,-0.2400000000000002
10.0,12.0,12.01,12.3,11.91,12.3,59600.0,0.2900000000000009
10.0,11.0,11.95,12.15,11.91,12.05,63700.0,0.10000000000000142
10.0,8.0,11.8,12.11,11.72,11.98,251900.0,0.17999999999999972
10.0,7.0,12.5,12.5,11.61,11.85,252800.0,-0.6500000000000004
10.0,6.0,12.32,12.49,12.13,12.47,90400.0,0.15000000000000036
10.0,5.0,12.43,12.69,12.22,12.35,256900.0,-0.08000000000000007
10.0,4.0,12.38,12.71,12.25,12.35,140700.0,-0.030000000000001137
10.0,1.0,12.47,12.77,12.26,12.36,170500.0,-0.11000000000000121
9.0,30.0,12.62,12.95,12.26,12.39,196800.0,-0.22999999999999865
9.0,29.0,12.63,12.88,12.49,12.55,238500.0,-0.08000000000000007
9.0,28.0,12.21,12.62,12.11,12.61,168800.0,0.3999999999999986
9.0,27.0,12.17,12.39,12.02,12.25,186600.0,0.08000000000000007
9.0,24.0,12.1,12.37,11.82,12.22,146900.0,0.120000000000001
9.0,23.0,12.0,12.49,11.89,12.0,320800.0,0.0
9.0,22.0,12.4,12.6,12.01,12.18,184600.0,-0.22000000000000064
9.0,21.0,12.61,12.85,12.36,12.51,178800.0,-0.09999999999999964
9.0,20.0,12.21,12.97,12.1,12.69,404100.0,0.47999999999999865
9.0,17.0,12.01,12.25,11.82,12.08,252300.0,0.07000000000000028
9.0,16.0,12.46,12.64,12.01,12.02,323300.0,-0.4400000000000013
9.0,15.0,12.52,12.92,12.35,12.47,561100.0,-0.049999999999998934
9.0,14.0,11.85,12.25,11.85,12.24,250600.0,0.39000000000000057
9.0,13.0,12.09,12.24,11.84,11.94,303900.0,-0.15000000000000036
9.0,10.0,11.98,12.13,11.81,11.98,362900.0,0.0
9.0,9.0,12.21,12.63,11.51,11.9,235600.0,-0.3100000000000005
9.0,8.0,11.49,12.18,11.42,12.16,1483700.0,0.6699999999999999
9.0,7.0,12.0,12.36,11.78,12.03,468400.0,0.02999999999999936
9.0,3.0,11.9,12.32,11.58,11.89,231400.0,-0.009999999999999787
9.0,2.0,11.08,11.91,11.08,11.87,98500.0,0.7899999999999991
9.0,1.0,11.08,11.95,10.76,11.73,412800.0,0.6500000000000004
8.0,31.0,11.01,11.23,10.87,11.08,236000.0,0.07000000000000028
8.0,30.0,11.01,11.27,11.01,11.1,226900.0,0.08999999999999986
8.0,27.0,11.15,11.49,10.99,11.11,370900.0,-0.040000000000000924
8.0,26.0,10.94,11.15,10.8,11.0,581400.0,0.0600000000000005
8.0,25.0,10.5,11.13,10.23,10.75,1112200.0,0.25
8.0,24.0,10.76,11.3,10.5,10.68,746700.0,-0.08000000000000007
8.0,23.0,11.28,11.5,10.46,10.98,761800.0,-0.29999999999999893
8.0,20.0,11.45,11.5,11.03,11.15,450600.0,-0.29999999999999893
8.0,19.0,11.95,12.1,11.31,11.55,746000.0,-0.3999999999999986
8.0,18.0,12.08,12.6,12.0,12.0,1010600.0,-0.08000000000000007
8.0,17.0,11.86,12.3,11.75,12.22,1086700.0,0.3600000000000012
8.0,16.0,11.79,12.23,11.69,11.78,551600.0,-0.009999999999999787
8.0,13.0,12.25,12.53,11.85,12.0,957600.0,-0.25
8.0,12.0,12.26,12.51,12.1,12.39,1780300.0,0.13000000000000078
8.0,11.0,13.25,13.38,12.45,12.75,2588200.0,-0.5
8.0,10.0,13.77,13.84,13.58,13.6,1579300.0,-0.16999999999999993
8.0,9.0,14.0,14.0,13.7,14.0,1819500.0,0.0
8.0,6.0,13.0,14.08,12.99,14.0,1.06785E7,1.0
