9.0,25.0,0.0076,0.0079,0.0068,0.0069,7129800.0,-7.000000000000001E-4
9.0,24.0,0.0067,0.0077,0.0064,0.0076,7364700.0,8.999999999999998E-4
9.0,23.0,0.007,0.007,0.0061,0.0066,8937000.0,-4.000000000000002E-4
9.0,22.0,0.0079,0.0079,0.0067,0.0069,4268400.0,-0.0010000000000000009
9.0,21.0,0.0083,0.0083,0.0073,0.0078,5384900.0,-5.000000000000004E-4
9.0,18.0,0.009,0.009,0.0075,0.0082,4740100.0,-7.999999999999986E-4
9.0,17.0,0.009,0.01,0.0075,0.0082,1.71349E7,-7.999999999999986E-4
9.0,16.0,0.0068,0.0088,0.0063,0.0086,1.23545E7,0.0018000000000000004
9.0,15.0,0.0063,0.0071,0.0063,0.0069,4980700.0,5.999999999999998E-4
9.0,14.0,0.0065,0.007,0.006,0.0068,7799100.0,2.999999999999999E-4
9.0,11.0,0.007,0.007,0.0065,0.0066,6504600.0,-4.000000000000002E-4
9.0,10.0,0.0073,0.0073,0.0063,0.007,1.30532E7,-2.999999999999999E-4
9.0,9.0,0.0068,0.0073,0.0062,0.0073,1.22676E7,5.000000000000004E-4
9.0,8.0,0.0076,0.0076,0.0061,0.0066,2.84406E7,-0.001
9.0,4.0,0.0109,0.0109,0.0072,0.0075,4.05377E7,-0.0034000000000000002
9.0,3.0,0.0119,0.012,0.0095,0.0112,3.67384E7,-7.00000000000001E-4
9.0,2.0,0.0094,0.012,0.0093,0.0116,3.25E7,0.002199999999999999
9.0,1.0,0.009,0.0098,0.008,0.0093,1.82842E7,2.999999999999999E-4
8.0,31.0,0.0084,0.0094,0.0076,0.009,1.49112E7,5.999999999999998E-4
8.0,28.0,0.0072,0.0087,0.0071,0.0085,2.60233E7,0.0013000000000000008
8.0,27.0,0.007,0.0072,0.0062,0.0071,4989700.0,1.0000000000000026E-4
8.0,26.0,0.0063,0.0069,0.0057,0.0069,4060500.0,5.999999999999998E-4
8.0,25.0,0.007,0.0074,0.0054,0.0063,1.29279E7,-7.000000000000001E-4
8.0,24.0,0.0071,0.0075,0.0062,0.0068,1.10121E7,-3.000000000000008E-4
8.0,21.0,0.0061,0.0079,0.006,0.0072,2.69829E7,0.0010999999999999994
8.0,20.0,0.004,0.006,0.0039,0.0059,1.59796E7,0.0018999999999999998
8.0,19.0,0.004,0.0041,0.0036,0.004,5371700.0,0.0
8.0,18.0,0.0038,0.0042,0.0038,0.004,3733000.0,2.000000000000001E-4
8.0,17.0,0.0042,0.0044,0.0037,0.0042,5127000.0,0.0
8.0,14.0,0.0043,0.0044,0.0039,0.0043,2429500.0,0.0
8.0,13.0,0.0042,0.0043,0.0038,0.0042,2727400.0,0.0
8.0,12.0,0.0044,0.0048,0.0039,0.0041,3793300.0,-2.999999999999999E-4
8.0,11.0,0.0039,0.0045,0.0035,0.0044,5126800.0,5.000000000000004E-4
8.0,10.0,0.004,0.0041,0.0035,0.004,5295500.0,0.0
8.0,7.0,0.0049,0.005,0.0038,0.004,1.05804E7,-8.999999999999998E-4
8.0,6.0,0.0037,0.0047,0.0034,0.0043,1.70944E7,5.999999999999998E-4
8.0,5.0,0.0035,0.0039,0.0034,0.0038,1531900.0,2.999999999999999E-4
8.0,4.0,0.0037,0.0042,0.0035,0.0038,1179400.0,9.999999999999983E-5
8.0,3.0,0.004,0.0043,0.0034,0.0038,2842800.0,-2.000000000000001E-4
7.0,31.0,0.0039,0.004,0.0035,0.004,2902100.0,1.0000000000000026E-4
7.0,30.0,0.0039,0.0039,0.0034,0.0038,3576600.0,-9.999999999999983E-5
7.0,29.0,0.0035,0.0039,0.0034,0.0039,5653600.0,3.9999999999999975E-4
7.0,28.0,0.0034,0.0043,0.0034,0.0035,7417800.0,1.0000000000000026E-4
7.0,27.0,0.0045,0.0046,0.0033,0.0034,2408800.0,-0.0010999999999999998
7.0,24.0,0.0036,0.0041,0.0033,0.0039,5728100.0,2.999999999999999E-4
7.0,23.0,0.0032,0.0036,0.0032,0.0035,3400300.0,2.999999999999999E-4
7.0,22.0,0.0032,0.0037,0.0028,0.0034,5226300.0,1.9999999999999966E-4
7.0,21.0,0.0032,0.0032,0.0027,0.0032,4311400.0,0.0
7.0,20.0,0.0032,0.0032,0.0027,0.003,7000500.0,-2.000000000000001E-4
7.0,17.0,0.0038,0.0038,0.0028,0.0032,5143500.0,-5.999999999999998E-4
7.0,16.0,0.0042,0.0042,0.0032,0.0036,6527600.0,-5.999999999999998E-4
7.0,15.0,0.005,0.005,0.0037,0.0042,6003100.0,-8.000000000000004E-4
7.0,14.0,0.0043,0.0048,0.0037,0.004,8092400.0,-2.999999999999999E-4
7.0,13.0,0.0035,0.0042,0.0032,0.0038,6847400.0,2.999999999999999E-4
7.0,10.0,0.004,0.004,0.0031,0.0035,5803700.0,-5.0E-4
7.0,9.0,0.0038,0.0044,0.0033,0.004,1.10628E7,2.000000000000001E-4
7.0,8.0,0.0042,0.0044,0.0033,0.0037,1.46097E7,-4.999999999999996E-4
7.0,7.0,0.0051,0.0051,0.0036,0.0041,1.49668E7,-0.001
7.0,6.0,0.0055,0.0057,0.004,0.0043,2.32296E7,-0.0011999999999999997
7.0,2.0,0.0068,0.0069,0.0047,0.0055,2.5571E7,-0.0013
7.0,1.0,0.0085,0.0105,0.0063,0.0064,4.74979E7,-0.0021000000000000003
6.0,30.0,0.0075,0.0089,0.0072,0.0083,1.11667E7,8.000000000000004E-4
6.0,29.0,0.0075,0.009,0.0066,0.0074,2.19189E7,-9.99999999999994E-5
6.0,26.0,0.0056,0.0074,0.0056,0.007,9913800.0,0.0014000000000000002
6.0,25.0,0.0066,0.0067,0.005,0.0056,1.096E7,-0.001
6.0,24.0,0.008,0.008,0.0057,0.0064,2.15399E7,-0.0015999999999999999
6.0,23.0,0.0087,0.0097,0.0067,0.0083,5.60572E7,-3.999999999999993E-4
6.0,22.0,0.0063,0.0088,0.0058,0.0079,4.90623E7,0.0016000000000000007
6.0,19.0,0.0072,0.0079,0.006,0.0064,4.46716E7,-7.999999999999995E-4
6.0,18.0,0.004,0.0068,0.0028,0.0066,6.1158E7,0.0026
6.0,17.0,0.0046,0.0049,0.0029,0.0034,5.3296E7,-0.0012000000000000001
6.0,16.0,0.002,0.006,0.0019,0.004,2.83772E7,0.002
6.0,15.0,0.0021,0.0021,0.0017,0.0017,100100.0,-3.9999999999999996E-4
6.0,12.0,0.0022,0.0022,0.0018,0.0021,338500.0,-1.0000000000000026E-4
6.0,11.0,0.0022,0.0022,0.0022,0.0022,0.0,0.0
6.0,10.0,0.0021,0.0022,0.0018,0.0022,559500.0,1.0000000000000026E-4
6.0,9.0,0.0021,0.0022,0.0017,0.0021,544000.0,0.0
6.0,8.0,0.0018,0.0022,0.0018,0.0022,1435000.0,4.000000000000002E-4
6.0,5.0,0.0019,0.0021,0.0018,0.0021,1476500.0,1.9999999999999987E-4
6.0,4.0,0.0021,0.0021,0.0017,0.0018,1537000.0,-2.999999999999999E-4
6.0,3.0,0.002,0.0021,0.0018,0.0021,811000.0,9.999999999999983E-5
6.0,2.0,0.0022,0.0022,0.0017,0.0021,2845400.0,-1.0000000000000026E-4
6.0,1.0,0.002,0.002,0.0016,0.0019,1016100.0,-1.0000000000000005E-4
5.0,29.0,0.002,0.0021,0.002,0.0021,1200000.0,9.999999999999983E-5
5.0,28.0,0.0021,0.0022,0.0019,0.002,1239700.0,-9.999999999999983E-5
5.0,27.0,0.0021,0.0022,0.0021,0.0021,1917600.0,0.0
5.0,26.0,0.0021,0.0023,0.002,0.002,3913700.0,-9.999999999999983E-5
5.0,22.0,0.0022,0.0022,0.0021,0.0022,1089300.0,0.0
5.0,21.0,0.0026,0.0026,0.0021,0.0022,3089800.0,-3.9999999999999975E-4
5.0,20.0,0.0028,0.0028,0.0022,0.0028,2344600.0,0.0
5.0,19.0,0.0029,0.0032,0.0027,0.0027,3791000.0,-1.9999999999999966E-4
5.0,18.0,0.0034,0.0034,0.0028,0.003,3673800.0,-3.9999999999999975E-4
5.0,15.0,0.0033,0.0034,0.003,0.0032,3298300.0,-9.999999999999983E-5
5.0,14.0,0.0029,0.0035,0.0025,0.0035,5466500.0,6.000000000000003E-4
5.0,13.0,0.0031,0.0032,0.0027,0.0032,4502700.0,1.0000000000000026E-4
5.0,12.0,0.0033,0.0033,0.0027,0.0032,3059000.0,-9.999999999999983E-5
5.0,11.0,0.003,0.0034,0.0027,0.0033,5713700.0,2.999999999999999E-4
5.0,8.0,0.0025,0.0034,0.0025,0.0031,1534900.0,5.999999999999998E-4
5.0,7.0,0.0028,0.0029,0.0025,0.0025,571400.0,-2.999999999999999E-4
5.0,6.0,0.0028,0.003,0.0026,0.0028,1758200.0,0.0
5.0,5.0,0.0025,0.0028,0.0025,0.0027,1557900.0,2.000000000000001E-4
5.0,4.0,0.0025,0.0035,0.0025,0.0028,1319400.0,2.999999999999999E-4
5.0,1.0,0.003,0.0032,0.0025,0.0032,1898300.0,2.000000000000001E-4
4.0,30.0,0.0045,0.0045,0.0028,0.0032,819800.0,-0.0012999999999999995
4.0,29.0,0.003,0.0032,0.003,0.003,1811000.0,0.0
4.0,28.0,0.003,0.003,0.0025,0.003,3421600.0,0.0
4.0,27.0,0.0038,0.0039,0.0026,0.0026,1319500.0,-0.0012000000000000001
4.0,24.0,0.0043,0.0046,0.0036,0.0039,2387500.0,-4.000000000000002E-4
4.0,23.0,0.004,0.004,0.0031,0.004,3729000.0,0.0
4.0,22.0,0.0025,0.0038,0.0025,0.0038,3115200.0,0.0013
4.0,21.0,0.0032,0.0032,0.0028,0.0028,1717400.0,-4.000000000000002E-4
4.0,20.0,0.0034,0.0039,0.0034,0.0035,1410000.0,1.0000000000000026E-4
4.0,17.0,0.004,0.004,0.0033,0.0033,9335400.0,-7.000000000000001E-4
4.0,16.0,0.005,0.005,0.0036,0.004,3254500.0,-0.001
4.0,15.0,0.0045,0.0063,0.0033,0.0044,7129200.0,-9.99999999999994E-5
4.0,14.0,0.0056,0.0056,0.0036,0.0043,7809600.0,-0.0013
4.0,13.0,0.006,0.006,0.0057,0.0058,757400.0,-2.0000000000000052E-4
4.0,10.0,0.005,0.006,0.005,0.006,703500.0,0.001
4.0,9.0,0.0059,0.006,0.0046,0.005,3109000.0,-8.999999999999998E-4
4.0,8.0,0.0064,0.0064,0.005,0.006,8429100.0,-4.000000000000002E-4
4.0,7.0,0.0074,0.0074,0.0061,0.0064,606300.0,-0.001
4.0,6.0,0.007,0.0077,0.006,0.0075,9697400.0,4.999999999999996E-4
4.0,2.0,0.0064,0.007,0.006,0.007,3667800.0,5.999999999999998E-4
4.0,1.0,0.0077,0.0078,0.006,0.0064,1.09371E7,-0.0013
3.0,31.0,0.0075,0.0078,0.0074,0.0076,6626800.0,1.0000000000000026E-4
3.0,30.0,0.0084,0.0084,0.0065,0.0074,7449600.0,-9.999999999999992E-4
3.0,27.0,0.0057,0.0077,0.005,0.0069,9747400.0,0.0011999999999999997
3.0,26.0,0.006,0.0064,0.0056,0.0058,2485000.0,-2.0000000000000052E-4
3.0,25.0,0.007,0.007,0.0058,0.0059,2170600.0,-0.0011000000000000003
3.0,24.0,0.0075,0.0075,0.0049,0.0056,8687500.0,-0.0018999999999999998
3.0,23.0,0.0085,0.0098,0.006,0.0076,1.03355E7,-9.000000000000006E-4
3.0,20.0,0.0056,0.0084,0.0056,0.0083,1.20569E7,0.0027
3.0,19.0,0.006,0.0065,0.0055,0.0057,5131500.0,-2.999999999999999E-4
3.0,18.0,0.0058,0.0061,0.0057,0.006,9272900.0,2.0000000000000052E-4
3.0,17.0,0.0055,0.0057,0.005,0.0053,6814700.0,-1.9999999999999966E-4
3.0,16.0,0.0043,0.0055,0.0043,0.0055,5253300.0,0.0011999999999999997
3.0,13.0,0.0032,0.0045,0.0032,0.0043,4729900.0,0.0010999999999999998
3.0,12.0,0.0033,0.0057,0.0024,0.0032,4655900.0,-9.999999999999983E-5
3.0,11.0,0.0038,0.0038,0.0025,0.003,1309800.0,-7.999999999999999E-4
3.0,10.0,0.0039,0.0039,0.0036,0.0038,1166400.0,-9.999999999999983E-5
3.0,9.0,0.0043,0.0043,0.0039,0.0039,1665900.0,-4.000000000000002E-4
3.0,6.0,0.0041,0.0044,0.004,0.004,868300.0,-1.0000000000000026E-4
3.0,5.0,0.0039,0.004,0.0035,0.0038,1078900.0,-9.999999999999983E-5
3.0,4.0,0.004,0.0042,0.0035,0.004,840900.0,0.0
3.0,3.0,0.0032,0.0044,0.0031,0.0039,6345400.0,6.999999999999997E-4
3.0,2.0,0.0038,0.0038,0.0031,0.0032,802800.0,-5.999999999999998E-4
2.0,27.0,0.0029,0.0038,0.0029,0.0038,1205100.0,9.000000000000002E-4
2.0,26.0,0.003,0.0031,0.0028,0.0029,687700.0,-1.0000000000000026E-4
2.0,25.0,0.0034,0.0034,0.003,0.003,1719000.0,-3.9999999999999975E-4
2.0,24.0,0.0039,0.0041,0.0028,0.0032,4714400.0,-6.999999999999997E-4
2.0,23.0,0.0052,0.0052,0.0037,0.0039,1219300.0,-0.0013
2.0,20.0,0.0038,0.0045,0.0035,0.0042,3462800.0,3.9999999999999975E-4
2.0,19.0,0.0041,0.0047,0.004,0.0047,1711500.0,5.999999999999998E-4
2.0,18.0,0.0059,0.0059,0.0044,0.0051,4444600.0,-7.999999999999995E-4
2.0,17.0,0.007,0.0074,0.0058,0.0058,9633200.0,-0.0012000000000000005
2.0,13.0,0.0048,0.0062,0.0048,0.0062,4402800.0,0.0014000000000000002
2.0,12.0,0.0042,0.007,0.0042,0.0056,2.21106E7,0.0014000000000000002
2.0,11.0,0.0051,0.0051,0.0045,0.0049,827800.0,-2.0000000000000052E-4
2.0,10.0,0.0046,0.0055,0.0046,0.005,2962400.0,4.000000000000002E-4
2.0,9.0,0.005,0.0051,0.0026,0.0045,4162500.0,-5.000000000000004E-4
2.0,6.0,0.005,0.0052,0.0041,0.0051,3067900.0,1.0000000000000026E-4
2.0,5.0,0.0045,0.005,0.0031,0.005,2527300.0,5.000000000000004E-4
2.0,4.0,0.004,0.005,0.0039,0.0044,3938900.0,4.000000000000002E-4
2.0,3.0,0.0039,0.0042,0.0036,0.0037,5121400.0,-1.9999999999999966E-4
2.0,2.0,0.0031,0.0032,0.0031,0.0032,334500.0,1.0000000000000026E-4
1.0,30.0,0.0033,0.0036,0.0029,0.0033,2043500.0,0.0
1.0,29.0,0.0036,0.0036,0.0028,0.003,3841000.0,-5.999999999999998E-4
1.0,28.0,0.004,0.004,0.0029,0.0034,5379800.0,-6.000000000000003E-4
1.0,27.0,0.004,0.0042,0.0034,0.004,2561500.0,0.0
1.0,26.0,0.0031,0.0041,0.0031,0.004,7218300.0,9.000000000000002E-4
1.0,23.0,0.0027,0.0033,0.0027,0.0033,2988400.0,5.999999999999998E-4
1.0,22.0,0.0025,0.0029,0.0023,0.0023,913800.0,-2.000000000000001E-4
1.0,21.0,0.0024,0.0026,0.0024,0.0026,616300.0,2.000000000000001E-4
1.0,20.0,0.003,0.003,0.0023,0.0023,6282000.0,-7.000000000000001E-4
1.0,16.0,0.0028,0.0029,0.0024,0.0029,3151500.0,9.999999999999983E-5
1.0,15.0,0.0028,0.003,0.0024,0.0027,1.19047E7,-9.999999999999983E-5
1.0,14.0,0.003,0.0034,0.0022,0.0026,5879200.0,-4.000000000000002E-4
1.0,13.0,0.0033,0.0038,0.0025,0.0034,2935000.0,9.999999999999983E-5
1.0,12.0,0.004,0.0042,0.0033,0.0033,3131700.0,-7.000000000000001E-4
1.0,9.0,0.004,0.005,0.0033,0.0044,6605400.0,4.000000000000002E-4
1.0,8.0,0.0025,0.0043,0.0025,0.0043,1.49811E7,0.0018
1.0,7.0,0.0013,0.003,0.0013,0.0025,7983400.0,0.0012000000000000001
1.0,6.0,0.0014,0.0014,0.0012,0.0012,862800.0,-2.000000000000001E-4
1.0,5.0,0.0013,0.0014,8.0E-4,0.0012,4324100.0,-1.0000000000000005E-4
1.0,2.0,0.0015,0.0015,0.0011,0.0012,1724200.0,-3.0000000000000014E-4
12.0,31.0,0.0013,0.0013,0.0011,0.0012,1328000.0,-1.0000000000000005E-4
12.0,30.0,0.0015,0.0016,0.0013,0.0013,530400.0,-2.000000000000001E-4
12.0,29.0,0.0013,0.0016,0.0012,0.0015,2660800.0,2.000000000000001E-4
12.0,26.0,0.0016,0.0016,0.0013,0.0013,250500.0,-3.0000000000000014E-4
12.0,24.0,0.0016,0.0016,0.0016,0.0016,776300.0,0.0
12.0,23.0,0.0016,0.0019,0.0016,0.0019,1350500.0,2.999999999999999E-4
12.0,22.0,0.0022,0.0022,0.0011,0.0015,4297000.0,-7.000000000000001E-4
12.0,19.0,0.0022,0.0026,0.0021,0.0023,1304900.0,9.999999999999983E-5
12.0,18.0,0.0025,0.0028,0.002,0.0024,2682500.0,-1.0000000000000026E-4
12.0,17.0,0.0036,0.004,0.0022,0.0025,4725400.0,-0.0010999999999999998
12.0,16.0,0.0031,0.0056,0.0025,0.0035,2.69395E7,4.000000000000002E-4
12.0,15.0,0.0029,0.0031,0.0025,0.0031,827300.0,2.000000000000001E-4
12.0,12.0,0.0025,0.003,0.0025,0.0028,1628900.0,2.999999999999999E-4
12.0,11.0,0.0026,0.0026,0.0021,0.0022,2631700.0,-3.9999999999999975E-4
12.0,10.0,0.0028,0.003,0.0025,0.0025,919000.0,-2.999999999999999E-4
12.0,9.0,0.0027,0.003,0.0025,0.0028,1994600.0,9.999999999999983E-5
12.0,8.0,0.003,0.003,0.0026,0.0029,1732700.0,-1.0000000000000026E-4
12.0,5.0,0.003,0.0031,0.0025,0.003,2115800.0,0.0
12.0,4.0,0.0029,0.003,0.0023,0.003,7173700.0,1.0000000000000026E-4
12.0,3.0,0.0027,0.003,0.0021,0.003,9951300.0,2.999999999999999E-4
12.0,2.0,0.0028,0.0028,0.0024,0.0027,948000.0,-9.999999999999983E-5
12.0,1.0,0.003,0.003,0.0026,0.003,3965100.0,0.0
11.0,28.0,0.0027,0.0029,0.0026,0.0029,860000.0,1.9999999999999966E-4
11.0,26.0,0.0029,0.003,0.0026,0.0026,1.14975E7,-2.999999999999999E-4
11.0,25.0,0.0033,0.0033,0.0028,0.0028,1.03256E7,-5.0E-4
11.0,24.0,0.0027,0.0035,0.0027,0.0035,3085700.0,7.999999999999999E-4
11.0,21.0,0.0035,0.0035,0.0023,0.0025,3742100.0,-0.001
11.0,20.0,0.0037,0.0037,0.0035,0.0035,747000.0,-2.000000000000001E-4
11.0,19.0,0.0032,0.0037,0.0032,0.0037,199300.0,5.0E-4
11.0,18.0,0.003,0.0032,0.003,0.0032,1296000.0,2.000000000000001E-4
11.0,17.0,0.004,0.0041,0.0021,0.0021,4151100.0,-0.0019000000000000002
11.0,14.0,0.0043,0.005,0.004,0.0045,981000.0,1.9999999999999966E-4
11.0,13.0,0.0055,0.007,0.0041,0.0053,6823200.0,-1.9999999999999966E-4
11.0,12.0,0.0067,0.009,0.0046,0.006,1.07844E7,-7.000000000000001E-4
11.0,11.0,0.005,0.0069,0.005,0.006,3413300.0,0.001
11.0,10.0,0.005,0.0063,0.0045,0.006,874600.0,0.001
11.0,7.0,0.0041,0.0052,0.004,0.005,1273300.0,8.999999999999998E-4
11.0,6.0,0.0045,0.0055,0.0041,0.0053,4016600.0,8.000000000000004E-4
11.0,5.0,0.0074,0.0074,0.0039,0.0044,1.6202E7,-0.003
11.0,4.0,0.0075,0.0075,0.0064,0.0074,723800.0,-9.99999999999994E-5
11.0,3.0,0.0079,0.0085,0.0079,0.008,540000.0,9.99999999999994E-5
10.0,31.0,0.0079,0.008,0.0071,0.0075,1210000.0,-4.0000000000000105E-4
10.0,30.0,0.0081,0.01,0.007,0.0079,3699000.0,-1.999999999999988E-4
10.0,29.0,0.007,0.01,0.0069,0.0082,1592900.0,0.0012000000000000005
10.0,28.0,0.0081,0.0082,0.0065,0.0075,2572800.0,-5.999999999999998E-4
10.0,27.0,0.0082,0.0085,0.0071,0.0082,2502400.0,0.0
10.0,24.0,0.0065,0.0091,0.0065,0.008,4360600.0,0.0015000000000000005
10.0,23.0,0.0074,0.009,0.006,0.0068,1958500.0,-6.000000000000007E-4
10.0,22.0,0.0111,0.0148,0.0075,0.009,1130800.0,-0.002100000000000001
10.0,21.0,0.0135,0.0135,0.0125,0.0135,715100.0,0.0
10.0,20.0,0.012,0.0145,0.012,0.012,871700.0,0.0
10.0,17.0,0.006,0.012,0.0039,0.011,469600.0,0.004999999999999999
10.0,16.0,0.004,0.005,0.004,0.0045,980000.0,4.999999999999996E-4
10.0,15.0,0.0073,0.0073,0.0033,0.0035,1049100.0,-0.0038
10.0,14.0,0.0073,0.0073,0.0051,0.0051,93000.0,-0.0021999999999999997
10.0,13.0,0.015,0.015,0.0072,0.0072,643800.0,-0.0078
10.0,10.0,0.015,0.015,0.011,0.0124,435400.0,-0.0026
10.0,9.0,0.0072,0.0115,0.0072,0.0115,313400.0,0.0043
10.0,8.0,0.0072,0.0072,0.0072,0.0072,60000.0,0.0
10.0,7.0,0.0062,0.0077,0.0062,0.0077,314500.0,0.0015000000000000005
10.0,6.0,0.007,0.008,0.0059,0.0069,1588600.0,-1.0000000000000026E-4
10.0,3.0,0.0095,0.0095,0.006,0.007,3624500.0,-0.0024999999999999996
10.0,2.0,0.015,0.015,0.0095,0.0095,832100.0,-0.0055
10.0,1.0,0.017,0.0188,0.015,0.015,699700.0,-0.0020000000000000018
9.0,30.0,0.0165,0.019,0.0151,0.0189,425000.0,0.0023999999999999994
9.0,29.0,0.018,0.02,0.018,0.0189,249300.0,9.000000000000015E-4
9.0,26.0,0.01,0.022,0.01,0.0199,387700.0,0.0099
9.0,25.0,0.023,0.023,0.0183,0.023,113900.0,0.0
9.0,24.0,0.018,0.021,0.018,0.021,90000.0,0.0030000000000000027
9.0,23.0,0.015,0.0152,0.015,0.0152,112200.0,2.0000000000000052E-4
9.0,22.0,0.0165,0.0165,0.0165,0.0165,23000.0,0.0
9.0,19.0,0.0125,0.0132,0.0125,0.0125,105200.0,0.0
9.0,18.0,0.012,0.013,0.012,0.0125,94000.0,5.000000000000004E-4
9.0,17.0,0.0101,0.0155,0.0101,0.0125,468800.0,0.002400000000000001
9.0,16.0,0.0123,0.0131,0.0123,0.013,285500.0,6.999999999999992E-4
9.0,15.0,0.0135,0.0135,0.012,0.0129,500000.0,-5.999999999999998E-4
9.0,12.0,0.012,0.021,0.011,0.0135,571400.0,0.0014999999999999996
9.0,11.0,0.014,0.014,0.0127,0.0138,679900.0,-2.0000000000000052E-4
9.0,10.0,0.0135,0.0135,0.013,0.0135,222700.0,0.0
9.0,9.0,0.0139,0.014,0.0133,0.0133,382100.0,-5.999999999999998E-4
9.0,8.0,0.0139,0.0139,0.0133,0.0133,241100.0,-5.999999999999998E-4
9.0,5.0,0.0132,0.0139,0.0129,0.0129,571400.0,-2.999999999999999E-4
9.0,4.0,0.0138,0.0139,0.013,0.013,145000.0,-8.000000000000004E-4
9.0,3.0,0.0145,0.0145,0.0133,0.014,540000.0,-5.000000000000004E-4
9.0,2.0,0.0145,0.0145,0.0137,0.0137,121500.0,-8.000000000000004E-4
8.0,29.0,0.012,0.014,0.012,0.0139,468000.0,0.001899999999999999
8.0,28.0,0.0135,0.0135,0.0129,0.0135,383900.0,0.0
8.0,27.0,0.014,0.015,0.011,0.013,1173900.0,-0.0010000000000000009
8.0,26.0,0.0137,0.016,0.0136,0.016,725800.0,0.0023
8.0,25.0,0.0135,0.0165,0.0135,0.0165,14700.0,0.003000000000000001
8.0,22.0,0.015,0.016,0.0125,0.0131,524500.0,-0.001899999999999999
8.0,21.0,0.017,0.017,0.014,0.015,578700.0,-0.0020000000000000018
8.0,20.0,0.0185,0.0195,0.017,0.017,364400.0,-0.0014999999999999979
8.0,19.0,0.02,0.02,0.0183,0.019,345300.0,-0.0010000000000000009
8.0,18.0,0.0209,0.021,0.02,0.02,138500.0,-8.99999999999998E-4
8.0,15.0,0.0267,0.03,0.0197,0.0207,1183800.0,-0.006000000000000002
8.0,14.0,0.0325,0.034,0.0201,0.03,411700.0,-0.0025000000000000022
8.0,13.0,0.031,0.032,0.03,0.03,37400.0,-0.0010000000000000009
8.0,12.0,0.03,0.032,0.03,0.032,37500.0,0.0020000000000000018
8.0,11.0,0.03,0.032,0.0274,0.031,170300.0,0.0010000000000000009
8.0,8.0,0.03,0.03,0.03,0.03,23500.0,0.0
8.0,7.0,0.024,0.024,0.024,0.024,22000.0,0.0
8.0,6.0,0.025,0.025,0.025,0.025,15000.0,0.0
8.0,5.0,0.025,0.025,0.025,0.025,0.0,0.0
8.0,4.0,0.025,0.025,0.025,0.025,13600.0,0.0
8.0,1.0,0.0319,0.0319,0.024,0.024,40000.0,-0.007899999999999997
7.0,31.0,0.03,0.03,0.03,0.03,10000.0,0.0
7.0,30.0,0.025,0.03,0.023,0.023,120100.0,-0.0020000000000000018
7.0,29.0,0.0255,0.0255,0.0255,0.0255,0.0,0.0
7.0,28.0,0.025,0.028,0.025,0.0255,87000.0,4.99999999999997E-4
7.0,25.0,0.021,0.0279,0.021,0.0279,15900.0,0.0069
7.0,24.0,0.02,0.02,0.02,0.02,6900.0,0.0
7.0,23.0,0.0201,0.0299,0.0201,0.022,24600.0,0.001899999999999999
7.0,22.0,0.03,0.03,0.03,0.03,1000.0,0.0
7.0,21.0,0.03,0.03,0.03,0.03,0.0,0.0
7.0,18.0,0.0275,0.03,0.0275,0.03,2400.0,0.0024999999999999988
7.0,17.0,0.03,0.03,0.03,0.03,6100.0,0.0
7.0,16.0,0.0344,0.0344,0.0251,0.03,15200.0,-0.004400000000000001
7.0,15.0,0.028,0.03,0.028,0.03,8200.0,0.0019999999999999983
7.0,14.0,0.0343,0.0343,0.0251,0.0251,32700.0,-0.009199999999999996
7.0,11.0,0.03,0.03,0.03,0.03,23800.0,0.0
7.0,10.0,0.0301,0.0301,0.03,0.03,41100.0,-9.99999999999994E-5
7.0,9.0,0.0341,0.0341,0.0301,0.0301,39600.0,-0.004
7.0,8.0,0.0309,0.0311,0.0309,0.0311,36300.0,1.999999999999988E-4
7.0,7.0,0.0316,0.0348,0.0307,0.0309,69900.0,-7.000000000000027E-4
7.0,3.0,0.0317,0.0348,0.0314,0.0348,66300.0,0.0030999999999999986
7.0,2.0,0.038,0.038,0.0314,0.0314,37000.0,-0.006600000000000002
7.0,1.0,0.0349,0.0419,0.0349,0.0387,11500.0,0.003799999999999998
6.0,30.0,0.0351,0.0425,0.0313,0.0349,31900.0,-1.999999999999988E-4
6.0,27.0,0.049,0.05,0.0302,0.0351,242000.0,-0.013900000000000003
6.0,26.0,0.032,0.049,0.0253,0.049,483400.0,0.017
6.0,25.0,0.031,0.0388,0.031,0.0386,48000.0,0.007600000000000003
6.0,24.0,0.031,0.031,0.031,0.031,53300.0,0.0
6.0,23.0,0.04,0.04,0.0306,0.0306,64100.0,-0.009400000000000002
6.0,20.0,0.0304,0.0347,0.0304,0.0347,92500.0,0.004300000000000002
6.0,19.0,0.035,0.0355,0.0303,0.0315,151900.0,-0.003500000000000003
6.0,18.0,0.035,0.0358,0.03,0.0301,42100.0,-0.004900000000000005
6.0,17.0,0.0399,0.0399,0.0349,0.0358,235500.0,-0.0040999999999999995
6.0,16.0,0.0325,0.033,0.03,0.033,63500.0,5.000000000000004E-4
6.0,13.0,0.0408,0.0408,0.0301,0.0325,86300.0,-0.008300000000000002
6.0,12.0,0.0365,0.0407,0.024,0.03,460600.0,-0.006499999999999999
6.0,11.0,0.0511,0.0511,0.0351,0.0379,998400.0,-0.013199999999999996
6.0,10.0,0.0588,0.067,0.04,0.0485,1876600.0,-0.010299999999999997
6.0,9.0,0.0452,0.054,0.0452,0.0515,266600.0,0.0063
6.0,6.0,0.0398,0.06,0.0398,0.05,611400.0,0.0102
6.0,5.0,0.046,0.046,0.03,0.0351,184400.0,-0.0109
6.0,4.0,0.05,0.05,0.044,0.045,196500.0,-0.0050000000000000044
6.0,3.0,0.043,0.065,0.0365,0.045,99600.0,0.0020000000000000018
6.0,2.0,0.03,0.041,0.03,0.0365,86100.0,0.006499999999999999
5.0,30.0,0.065,0.069,0.0216,0.034,456500.0,-0.031
5.0,29.0,0.07,0.085,0.06,0.06,723200.0,-0.010000000000000009
5.0,28.0,0.0376,0.06,0.0365,0.06,188700.0,0.022399999999999996
5.0,27.0,0.03,0.04,0.0251,0.0353,320900.0,0.005299999999999999
5.0,23.0,0.025,0.04,0.022,0.035,270800.0,0.010000000000000002
5.0,22.0,0.0209,0.0209,0.019,0.0209,249000.0,0.0
5.0,21.0,0.021,0.021,0.019,0.019,94500.0,-0.0020000000000000018
5.0,20.0,0.02,0.0218,0.015,0.021,364300.0,0.0010000000000000009
5.0,19.0,0.0199,0.0199,0.0151,0.0184,45700.0,-0.0015000000000000013
5.0,16.0,0.0175,0.022,0.0175,0.022,36700.0,0.004499999999999997
5.0,15.0,0.0202,0.024,0.0151,0.0151,167300.0,-0.005099999999999999
5.0,14.0,0.0205,0.0205,0.015,0.015,221600.0,-0.005500000000000001
5.0,13.0,0.0206,0.0206,0.02,0.02,125000.0,-5.999999999999998E-4
5.0,12.0,0.025,0.025,0.02,0.02,169500.0,-0.005000000000000001
5.0,9.0,0.03,0.03,0.0201,0.0201,54400.0,-0.009899999999999999
5.0,8.0,0.0379,0.0379,0.026,0.0279,140900.0,-0.010000000000000002
5.0,7.0,0.048,0.048,0.0301,0.0399,148900.0,-0.008100000000000003
5.0,6.0,0.0439,0.049,0.0439,0.049,16300.0,0.0051
5.0,5.0,0.075,0.075,0.04,0.0439,185900.0,-0.031099999999999996
5.0,2.0,0.09,0.09,0.0406,0.08,223700.0,-0.009999999999999995
5.0,1.0,0.089,0.09,0.0406,0.09,26000.0,0.0010000000000000009
4.0,30.0,0.0506,0.09,0.0402,0.09,36800.0,0.0394
4.0,29.0,0.07,0.07,0.0506,0.0672,49900.0,-0.002800000000000011
4.0,28.0,0.08,0.08,0.0502,0.0502,74600.0,-0.0298
4.0,25.0,0.12,0.12,0.08,0.08,52900.0,-0.039999999999999994
4.0,24.0,0.08,0.08,0.0601,0.08,49400.0,0.0
4.0,23.0,0.0587,0.0588,0.0587,0.0587,21700.0,0.0
4.0,22.0,0.08,0.08,0.08,0.08,16500.0,0.0
4.0,21.0,0.08,0.08,0.078,0.08,31600.0,0.0
4.0,17.0,0.05,0.0999,0.04,0.08,70800.0,0.03
4.0,16.0,0.1001,0.125,0.085,0.085,56600.0,-0.015099999999999988
4.0,15.0,0.135,0.135,0.12,0.128,28200.0,-0.007000000000000006
4.0,14.0,0.135,0.1399,0.1101,0.135,166600.0,0.0
4.0,11.0,0.14,0.14,0.0902,0.135,89400.0,-0.0050000000000000044
4.0,10.0,0.069,0.1786,0.069,0.1399,81800.0,0.07089999999999999
4.0,9.0,0.0718,0.0718,0.059,0.069,70200.0,-0.002799999999999997
4.0,8.0,0.0301,0.0729,0.0301,0.0719,51600.0,0.041800000000000004
4.0,7.0,0.0998,0.0998,0.067,0.067,156100.0,-0.032799999999999996
4.0,4.0,0.0999,0.0999,0.0999,0.0999,3200.0,0.0
4.0,3.0,0.0765,0.0998,0.0765,0.0998,5000.0,0.0233
4.0,2.0,0.08,0.0999,0.0765,0.0765,24300.0,-0.003500000000000003
4.0,1.0,0.09,0.1486,0.08,0.08,110600.0,-0.009999999999999995
3.0,31.0,0.0839,0.1599,0.0839,0.0851,3600.0,0.0011999999999999927
3.0,28.0,0.1,0.1199,0.096,0.1199,162300.0,0.0199
3.0,27.0,0.18,0.18,0.0601,0.1,167400.0,-0.07999999999999999
3.0,26.0,0.0502,0.0502,0.0502,0.0502,2000.0,0.0
3.0,25.0,0.18,0.18,0.18,0.18,13000.0,0.0
3.0,24.0,0.0501,0.15,0.0501,0.15,5100.0,0.09989999999999999
3.0,21.0,0.1993,0.1993,0.1993,0.1993,0.0,0.0
3.0,20.0,0.1993,0.1993,0.1993,0.1993,300.0,0.0
3.0,19.0,0.1993,0.1993,0.1993,0.1993,1800.0,0.0
3.0,18.0,0.1997,0.1997,0.1997,0.1997,0.0,0.0
3.0,17.0,0.2499,0.2499,0.1997,0.1997,5900.0,-0.05020000000000002
3.0,14.0,0.25,0.25,0.25,0.25,0.0,0.0
3.0,13.0,0.25,0.25,0.25,0.25,0.0,0.0
3.0,12.0,0.25,0.25,0.25,0.25,0.0,0.0
3.0,11.0,0.2998,0.2998,0.2,0.25,10800.0,-0.04980000000000001
3.0,10.0,0.1001,0.2499,0.1001,0.2499,44300.0,0.14980000000000002
3.0,7.0,0.09,0.15,0.09,0.134,24600.0,0.04400000000000001
3.0,6.0,0.1,0.1,0.1,0.1,32700.0,0.0
3.0,5.0,0.1,0.1,0.1,0.1,27400.0,0.0
3.0,4.0,0.12,0.12,0.1001,0.1001,1600.0,-0.0199
3.0,3.0,0.13,0.13,0.123,0.123,42200.0,-0.007000000000000006
2.0,28.0,0.15,0.15,0.125,0.126,2600.0,-0.023999999999999994
2.0,27.0,0.1301,0.1301,0.125,0.125,1600.0,-0.005099999999999993
2.0,26.0,0.2,0.2,0.18,0.181,31700.0,-0.019000000000000017
2.0,25.0,0.21,0.21,0.13,0.21,11100.0,0.0
2.0,24.0,0.125,0.24,0.125,0.217,41400.0,0.092
2.0,21.0,0.185,0.275,0.185,0.2749,1600.0,0.08989999999999998
2.0,20.0,0.2849,0.2849,0.2,0.2,2500.0,-0.08489999999999998
2.0,19.0,0.195,0.195,0.125,0.195,14500.0,0.0
2.0,18.0,0.2,0.2,0.195,0.195,2400.0,-0.0050000000000000044
2.0,14.0,0.2,0.2,0.19,0.19,22100.0,-0.010000000000000009
2.0,13.0,0.21,0.21,0.2,0.2,5600.0,-0.009999999999999981
2.0,12.0,0.21,0.21,0.21,0.21,0.0,0.0
2.0,11.0,0.21,0.21,0.21,0.21,1100.0,0.0
2.0,10.0,0.21,0.21,0.21,0.21,5000.0,0.0
2.0,7.0,0.2,0.2,0.2,0.2,1000.0,0.0
2.0,6.0,0.13,0.13,0.13,0.13,700.0,0.0
2.0,5.0,0.15,0.15,0.15,0.15,5100.0,0.0
2.0,4.0,0.15,0.21,0.15,0.15,2900.0,0.0
2.0,3.0,0.15,0.15,0.15,0.15,2500.0,0.0
1.0,31.0,0.26,0.3,0.26,0.3,200.0,0.03999999999999998
1.0,30.0,0.21,0.21,0.12,0.15,13800.0,-0.06
1.0,29.0,0.12,0.3,0.12,0.3,25300.0,0.18
1.0,28.0,0.35,0.35,0.35,0.35,300.0,0.0
1.0,27.0,0.35,0.35,0.0301,0.35,1800.0,0.0
1.0,24.0,0.71,0.71,0.35,0.35,600.0,-0.36
1.0,23.0,0.32,0.32,0.32,0.32,0.0,0.0
1.0,22.0,0.32,0.32,0.32,0.32,0.0,0.0
1.0,21.0,0.9,0.9,0.32,0.32,200.0,-0.5800000000000001
1.0,17.0,1.0,1.0,0.95,0.95,2900.0,-0.050000000000000044
1.0,16.0,0.13,0.13,0.13,0.13,300.0,0.0
1.0,15.0,0.3,0.3,0.1201,0.1201,1400.0,-0.1799
1.0,14.0,0.21,0.21,0.21,0.21,100.0,0.0
1.0,13.0,3.0E-4,3.0E-4,3.0E-4,3.0E-4,0.0,0.0
1.0,10.0,2.99E-4,2.99E-4,2.99E-4,2.99E-4,400.0,0.0
1.0,9.0,2.99E-4,2.99E-4,2.99E-4,2.99E-4,6500.0,0.0
1.0,8.0,2.99E-4,3.99E-4,2.99E-4,3.99E-4,200.0,9.999999999999999E-5
1.0,7.0,3.99E-4,3.99E-4,2.99E-4,3.99E-4,9600.0,0.0
1.0,6.0,2.99E-4,2.99E-4,2.99E-4,2.99E-4,600.0,0.0
1.0,3.0,2.99E-4,3.99E-4,2.99E-4,3.99E-4,1400.0,9.999999999999999E-5
1.0,2.0,2.99E-4,3.99E-4,2.99E-4,2.99E-4,5500.0,0.0
12.0,31.0,3.99E-4,3.99E-4,2.0E-4,3.99E-4,12000.0,0.0
12.0,30.0,3.99E-4,3.99E-4,2.0E-4,3.99E-4,14400.0,0.0
12.0,27.0,2.0E-4,3.99E-4,2.0E-4,3.99E-4,21200.0,1.9899999999999999E-4
12.0,26.0,2.0E-4,2.99E-4,2.0E-4,2.0E-4,4500.0,0.0
12.0,24.0,2.99E-4,2.99E-4,1.0E-4,2.0E-4,24200.0,-9.9E-5
12.0,23.0,3.99E-4,3.99E-4,2.0E-4,2.99E-4,60600.0,-9.999999999999999E-5
12.0,20.0,6.98E-4,7.98E-4,1.0E-4,2.99E-4,80300.0,-3.9900000000000005E-4
12.0,19.0,0.001496,0.001496,0.001097,0.001297,4600.0,-1.9899999999999996E-4
12.0,18.0,0.001596,0.001596,0.001297,0.001596,8900.0,0.0
12.0,17.0,0.001696,0.001696,0.001596,0.001596,1300.0,-1.0000000000000005E-4
12.0,16.0,0.001696,0.001696,0.001396,0.001696,3200.0,0.0
12.0,13.0,0.001696,0.001696,0.001596,0.001696,2200.0,0.0
12.0,12.0,0.001696,0.001895,0.001596,0.001596,1200.0,-1.0000000000000005E-4
12.0,11.0,0.002194,0.002194,0.001696,0.001696,4700.0,-4.980000000000002E-4
12.0,10.0,0.002494,0.002494,0.001995,0.002194,8500.0,-2.999999999999999E-4
12.0,9.0,0.002294,0.002294,0.001596,0.002294,15500.0,0.0
12.0,6.0,0.001796,0.002394,0.001596,0.002394,6800.0,5.979999999999998E-4
12.0,5.0,0.001895,0.001895,0.001396,0.001796,9900.0,-9.899999999999991E-5
12.0,4.0,0.001696,0.002095,0.001496,0.001895,14100.0,1.9899999999999996E-4
12.0,3.0,0.001995,0.001995,0.001496,0.001696,7300.0,-2.989999999999998E-4
12.0,2.0,0.002294,0.002294,0.001796,0.002194,4300.0,-9.999999999999983E-5
11.0,29.0,0.001995,0.002294,0.001995,0.002294,3000.0,2.990000000000002E-4
11.0,27.0,0.002394,0.002494,0.001696,0.001995,15300.0,-3.9900000000000005E-4
11.0,26.0,0.002594,0.002594,0.002294,0.002394,4700.0,-2.000000000000001E-4
11.0,25.0,0.002394,0.002893,0.002394,0.002494,900.0,1.0000000000000026E-4
11.0,22.0,0.002494,0.002494,0.002294,0.002294,600.0,-2.000000000000001E-4
11.0,21.0,0.002693,0.002693,0.002294,0.002394,2900.0,-2.990000000000002E-4
11.0,20.0,0.002693,0.002793,0.002294,0.002294,9900.0,-3.9900000000000005E-4
11.0,19.0,0.002893,0.002893,0.002494,0.002793,13200.0,-1.0000000000000026E-4
11.0,18.0,0.002893,0.002992,0.002494,0.002793,4900.0,-1.0000000000000026E-4
11.0,15.0,0.002793,0.002893,0.002594,0.002693,4100.0,-9.999999999999983E-5
11.0,14.0,0.002693,0.002893,0.002494,0.002494,3900.0,-1.9899999999999996E-4
11.0,13.0,0.002893,0.003192,0.002693,0.002693,9000.0,-2.000000000000001E-4
11.0,12.0,0.002793,0.003292,0.002793,0.002992,11500.0,1.9899999999999996E-4
11.0,11.0,0.002594,0.002793,0.002494,0.002793,2900.0,1.9899999999999996E-4
11.0,8.0,0.002793,0.002793,0.002494,0.002494,3200.0,-2.989999999999998E-4
11.0,7.0,0.002594,0.002793,0.002494,0.002793,1200.0,1.9899999999999996E-4
11.0,6.0,0.002992,0.002992,0.002394,0.002594,12600.0,-3.979999999999999E-4
11.0,5.0,0.003292,0.003391,0.002494,0.002992,13500.0,-2.999999999999999E-4
11.0,4.0,0.003491,0.003491,0.002992,0.003391,14600.0,-1.0000000000000026E-4
11.0,1.0,0.003292,0.003391,0.002992,0.003391,9600.0,9.900000000000013E-5
10.0,31.0,0.003292,0.003591,0.003192,0.003292,22800.0,0.0
10.0,30.0,0.003092,0.003391,0.002893,0.003092,8600.0,0.0
10.0,29.0,0.003292,0.003491,0.002893,0.003092,19400.0,-1.9999999999999966E-4
10.0,28.0,0.002893,0.003691,0.002893,0.003292,21900.0,3.989999999999996E-4
10.0,25.0,0.002793,0.002992,0.002394,0.002793,5000.0,0.0
10.0,24.0,0.002693,0.002693,0.002294,0.002693,17800.0,0.0
10.0,23.0,0.002594,0.002893,0.002394,0.002494,23700.0,-9.999999999999983E-5
10.0,22.0,0.002893,0.002893,0.002494,0.002494,5600.0,-3.9900000000000005E-4
10.0,21.0,0.003292,0.003292,0.002693,0.002693,20100.0,-5.989999999999997E-4
10.0,18.0,0.003491,0.003491,0.002992,0.002992,13100.0,-4.990000000000003E-4
10.0,17.0,0.00399,0.00409,0.003292,0.003491,5300.0,-4.989999999999994E-4
10.0,16.0,0.004489,0.004489,0.00379,0.00399,13200.0,-4.990000000000003E-4
10.0,15.0,0.00419,0.004389,0.00379,0.004289,11400.0,9.900000000000013E-5
10.0,14.0,0.003391,0.004289,0.003391,0.004289,8100.0,8.980000000000004E-4
10.0,11.0,0.003391,0.00379,0.003192,0.003691,14200.0,2.999999999999999E-4
10.0,10.0,0.003092,0.003391,0.002992,0.003391,3600.0,2.989999999999998E-4
10.0,9.0,0.00379,0.00379,0.002793,0.002992,27300.0,-7.980000000000001E-4
10.0,8.0,0.00409,0.00409,0.003092,0.00379,20700.0,-2.999999999999999E-4
10.0,7.0,0.00409,0.00419,0.003691,0.00409,12800.0,0.0
10.0,4.0,0.00409,0.004389,0.00379,0.00399,8700.0,-1.0000000000000026E-4
10.0,3.0,0.00419,0.004688,0.00399,0.00409,7100.0,-1.0000000000000026E-4
10.0,2.0,0.004389,0.004389,0.003092,0.00409,24400.0,-2.989999999999998E-4
10.0,1.0,0.003092,0.00379,0.002594,0.003292,19500.0,1.9999999999999966E-4
9.0,30.0,0.003491,0.00379,0.002793,0.003092,9000.0,-3.9900000000000005E-4
9.0,27.0,0.00399,0.00409,0.002992,0.003292,26200.0,-6.979999999999998E-4
9.0,26.0,0.003292,0.00409,0.002893,0.00399,55700.0,6.979999999999998E-4
9.0,25.0,0.002394,0.003092,0.001995,0.002793,74300.0,3.9900000000000005E-4
9.0,24.0,0.002494,0.002494,0.001995,0.002194,22100.0,-2.999999999999999E-4
9.0,23.0,0.002394,0.002494,0.001995,0.002494,7700.0,1.0000000000000026E-4
9.0,20.0,0.002394,0.002394,0.001995,0.002394,2000.0,0.0
9.0,19.0,0.002394,0.002394,0.002194,0.002394,3200.0,0.0
9.0,18.0,0.002394,0.002394,0.002095,0.002294,3100.0,-9.999999999999983E-5
9.0,17.0,0.002194,0.002194,0.002194,0.002194,0.0,0.0
9.0,16.0,0.002594,0.002594,0.001995,0.002194,5200.0,-3.9999999999999975E-4
9.0,13.0,0.002294,0.002793,0.002294,0.002693,6500.0,3.9900000000000005E-4
9.0,12.0,0.002992,0.002992,0.002194,0.002793,5200.0,-1.9899999999999996E-4
9.0,11.0,0.002793,0.002992,0.002394,0.002594,5700.0,-1.9899999999999996E-4
9.0,10.0,0.002594,0.002793,0.002095,0.002793,8800.0,1.9899999999999996E-4
9.0,9.0,0.002294,0.002693,0.002194,0.002594,2400.0,2.999999999999999E-4
9.0,6.0,0.002793,0.002793,0.002194,0.002793,2800.0,0.0
9.0,5.0,0.002793,0.002893,0.002294,0.002693,4800.0,-9.999999999999983E-5
9.0,4.0,0.002992,0.00389,0.002394,0.002793,13300.0,-1.9899999999999996E-4
9.0,3.0,0.002992,0.003292,0.002793,0.002992,12800.0,0.0
8.0,30.0,0.002793,0.002992,0.002494,0.002992,3900.0,1.9899999999999996E-4
8.0,29.0,0.002294,0.003092,0.002095,0.002793,8700.0,4.989999999999999E-4
8.0,28.0,0.002095,0.002294,0.001895,0.002294,8300.0,1.9899999999999996E-4
8.0,27.0,0.002194,0.002294,0.001995,0.002294,3400.0,9.999999999999983E-5
8.0,26.0,0.002494,0.002594,0.001995,0.002095,9100.0,-3.9900000000000005E-4
8.0,23.0,0.002095,0.002194,0.001995,0.002095,2000.0,0.0
8.0,22.0,0.001995,0.002194,0.001895,0.001995,6100.0,0.0
8.0,21.0,0.002394,0.002394,0.001895,0.001895,1300.0,-4.989999999999999E-4
8.0,20.0,0.002494,0.002494,0.001796,0.002394,11500.0,-1.0000000000000026E-4
8.0,19.0,0.002992,0.002992,0.002494,0.002494,3100.0,-4.979999999999997E-4
8.0,16.0,0.002992,0.002992,0.002494,0.002893,4100.0,-9.89999999999997E-5
8.0,15.0,0.003192,0.003192,0.002793,0.002893,900.0,-2.989999999999998E-4
8.0,14.0,0.003491,0.00389,0.003192,0.003192,4400.0,-2.990000000000002E-4
8.0,13.0,0.00409,0.00419,0.003591,0.00409,1500.0,0.0
8.0,12.0,0.00399,0.004688,0.00389,0.004289,7400.0,2.9900000000000065E-4
8.0,9.0,0.003292,0.00409,0.003092,0.00389,8700.0,5.98E-4
8.0,8.0,0.003192,0.003192,0.002594,0.002893,10000.0,-2.989999999999998E-4
8.0,7.0,0.002992,0.003192,0.002893,0.003192,3200.0,2.000000000000001E-4
8.0,6.0,0.00399,0.00399,0.002992,0.002992,10500.0,-9.979999999999998E-4
8.0,5.0,0.004389,0.004489,0.003192,0.003292,3100.0,-0.0010969999999999999
8.0,2.0,0.00399,0.00399,0.002992,0.003491,6500.0,-4.989999999999994E-4
8.0,1.0,0.004688,0.004688,0.003591,0.00399,11200.0,-6.980000000000007E-4
7.0,31.0,0.006783,0.006783,0.00399,0.004788,26600.0,-0.0019950000000000002
7.0,30.0,0.008977,0.008977,0.005785,0.005985,7000.0,-0.0029920000000000007
7.0,29.0,0.01596,0.01596,0.008479,0.008878,13300.0,-0.007081999999999998
7.0,26.0,0.014962,0.016957,0.010075,0.016957,2200.0,0.0019950000000000002
7.0,25.0,0.016957,0.018454,0.009975,0.016957,1700.0,0.0
7.0,24.0,0.016957,0.022942,0.012568,0.016957,1800.0,0.0
7.0,23.0,0.016957,0.018952,0.014962,0.01596,4100.0,-9.970000000000014E-4
7.0,22.0,0.010972,0.018952,0.009975,0.014962,13900.0,0.003989999999999999
7.0,19.0,0.00399,0.009975,0.00389,0.008479,8400.0,0.004489000000000001
7.0,18.0,0.004489,0.004489,0.00399,0.00399,0.0,-4.990000000000003E-4
7.0,17.0,0.004788,0.004788,0.003491,0.00399,1000.0,-7.980000000000001E-4
7.0,16.0,0.004788,0.004788,0.00379,0.004589,1600.0,-1.9899999999999952E-4
7.0,15.0,0.004389,0.004987,0.004389,0.004788,100.0,3.9900000000000005E-4
7.0,12.0,0.004389,0.004389,0.004389,0.004389,0.0,0.0
7.0,11.0,0.004389,0.004389,0.004389,0.004389,0.0,0.0
7.0,10.0,0.00399,0.00399,0.00399,0.00399,0.0,0.0
7.0,9.0,0.00399,0.00399,0.00399,0.00399,0.0,0.0
7.0,8.0,0.004389,0.004389,0.004389,0.004389,0.0,0.0
7.0,5.0,0.004289,0.004389,0.00419,0.004389,300.0,9.99999999999994E-5
7.0,3.0,0.00399,0.00399,0.00399,0.00399,0.0,0.0
7.0,2.0,0.004389,0.004389,0.003192,0.00399,900.0,-3.9900000000000005E-4
7.0,1.0,0.00419,0.004987,0.00399,0.004389,2100.0,1.9899999999999952E-4
6.0,28.0,0.008977,0.008977,0.00389,0.004987,1100.0,-0.0039900000000000005
6.0,27.0,0.004987,0.006384,0.004987,0.006384,100.0,0.0013969999999999998
6.0,26.0,0.006783,0.006783,0.004987,0.004987,800.0,-0.0017959999999999999
6.0,25.0,0.005586,0.007182,0.005586,0.006783,400.0,0.0011970000000000001
6.0,24.0,0.009377,0.009377,0.006085,0.007282,900.0,-0.0020949999999999996
6.0,21.0,0.004987,0.006982,0.004987,0.006783,700.0,0.0017959999999999999
6.0,20.0,0.005087,0.00778,0.005087,0.00778,100.0,0.002692999999999999
6.0,19.0,0.006484,0.00788,0.006484,0.00778,500.0,0.0012959999999999994
6.0,18.0,0.005985,0.006484,0.005985,0.006484,100.0,4.990000000000003E-4
6.0,17.0,0.007282,0.007282,0.005885,0.005885,300.0,-0.0013970000000000007
6.0,14.0,0.005785,0.008878,0.004987,0.004987,4200.0,-7.980000000000001E-4
6.0,13.0,0.009975,0.009975,0.005686,0.005686,600.0,-0.004288999999999999
6.0,12.0,0.009875,0.009875,0.009875,0.009875,0.0,0.0
6.0,11.0,0.009875,0.009875,0.009875,0.009875,0.0,0.0
6.0,10.0,0.014962,0.014962,0.004987,0.009875,500.0,-0.0050869999999999995
6.0,7.0,0.018853,0.018853,0.018853,0.018853,0.0,0.0
6.0,6.0,0.018853,0.018853,0.018853,0.018853,0.0,0.0
6.0,5.0,0.018952,0.01995,0.018853,0.018853,100.0,-9.89999999999984E-5
6.0,4.0,0.021945,0.021945,0.018853,0.018853,0.0,-0.0030919999999999975
6.0,3.0,0.01995,0.02394,0.01995,0.021945,0.0,0.0019950000000000002
5.0,31.0,0.021945,0.021945,0.021945,0.021945,0.0,0.0
5.0,30.0,0.029925,0.029925,0.004987,0.01995,200.0,-0.009975000000000001
5.0,29.0,0.029925,0.030922,0.029925,0.030922,0.0,9.970000000000014E-4
5.0,28.0,0.029925,0.029925,0.029925,0.029925,0.0,0.0
5.0,24.0,0.033915,0.033915,0.029925,0.029925,100.0,-0.0039900000000000005
5.0,23.0,0.034912,0.034912,0.034912,0.034912,0.0,0.0
5.0,22.0,0.032917,0.034912,0.032917,0.034912,0.0,0.0019949999999999968
5.0,21.0,0.034912,0.03591,0.034912,0.03591,0.0,9.979999999999989E-4
5.0,20.0,0.03192,0.03192,0.03192,0.03192,0.0,0.0
5.0,17.0,0.0399,0.0399,0.036907,0.037905,0.0,-0.0019949999999999968
5.0,16.0,0.0399,0.0399,0.030922,0.036907,300.0,-0.0029929999999999957
5.0,15.0,0.034912,0.03591,0.034912,0.03591,0.0,9.979999999999989E-4
5.0,14.0,0.03591,0.0399,0.03591,0.0399,0.0,0.0039900000000000005
5.0,13.0,0.034912,0.037905,0.034912,0.037905,0.0,0.0029930000000000026
5.0,10.0,0.029925,0.034912,0.029925,0.034912,0.0,0.004986999999999998
5.0,9.0,0.030922,0.030922,0.030922,0.030922,0.0,0.0
5.0,8.0,0.034912,0.0399,0.034912,0.034912,0.0,0.0
5.0,7.0,0.030922,0.030922,0.030922,0.030922,0.0,0.0
5.0,6.0,0.030922,0.030922,0.030922,0.030922,0.0,0.0
5.0,3.0,0.030922,0.030922,0.030922,0.030922,0.0,0.0
5.0,2.0,0.030922,0.030922,0.030922,0.030922,0.0,0.0
5.0,1.0,0.030922,0.030922,0.030922,0.030922,0.0,0.0
4.0,30.0,0.030922,0.030922,0.030922,0.030922,0.0,0.0
4.0,29.0,0.030922,0.030922,0.030922,0.030922,0.0,0.0
4.0,26.0,0.030922,0.030922,0.030922,0.030922,0.0,0.0
4.0,25.0,0.030922,0.030922,0.030922,0.030922,0.0,0.0
4.0,24.0,0.030922,0.030922,0.030922,0.030922,0.0,0.0
4.0,23.0,0.030922,0.030922,0.030922,0.030922,0.0,0.0
4.0,22.0,0.030922,0.030922,0.030922,0.030922,0.0,0.0
4.0,19.0,0.030922,0.030922,0.030922,0.030922,0.0,0.0
4.0,18.0,0.030922,0.030922,0.030922,0.030922,0.0,0.0
4.0,17.0,0.030922,0.030922,0.030922,0.030922,0.0,0.0
4.0,16.0,0.030922,0.030922,0.030922,0.030922,0.0,0.0
4.0,15.0,0.030922,0.030922,0.030922,0.030922,0.0,0.0
4.0,12.0,0.030922,0.030922,0.030922,0.030922,0.0,0.0
4.0,11.0,0.030922,0.030922,0.030922,0.030922,0.0,0.0
4.0,10.0,0.030922,0.030922,0.030922,0.030922,0.0,0.0
4.0,9.0,0.030922,0.030922,0.030922,0.030922,0.0,0.0
4.0,8.0,0.049875,0.049875,0.049875,0.049875,0.0,0.0
4.0,5.0,0.049875,0.049875,0.049875,0.049875,0.0,0.0
4.0,4.0,0.030922,0.049875,0.030922,0.049875,0.0,0.018953
4.0,3.0,0.030922,0.030922,0.030922,0.030922,0.0,0.0
4.0,2.0,0.030922,0.030922,0.030922,0.030922,0.0,0.0
4.0,1.0,0.029925,0.029925,0.029925,0.029925,0.0,0.0
3.0,28.0,0.029925,0.029925,0.029925,0.029925,0.0,0.0
3.0,27.0,0.0399,0.0399,0.029925,0.029925,0.0,-0.009974999999999998
3.0,26.0,0.0399,0.0399,0.0399,0.0399,0.0,0.0
3.0,25.0,0.049875,0.049875,0.049875,0.049875,0.0,0.0
3.0,22.0,0.049875,0.049875,0.049875,0.049875,0.0,0.0
3.0,21.0,0.049875,0.05985,0.0399,0.0399,100.0,-0.009975000000000005
3.0,20.0,0.09975,0.09975,0.05985,0.05985,0.0,-0.039900000000000005
3.0,19.0,0.05985,0.09975,0.05985,0.05985,0.0,0.0
3.0,18.0,0.0798,0.0798,0.0798,0.0798,0.0,0.0
3.0,15.0,0.049875,0.0798,0.049875,0.0798,0.0,0.029924999999999993
3.0,14.0,0.040897,0.040897,0.040897,0.040897,0.0,0.0
3.0,13.0,0.040897,0.040897,0.040897,0.040897,0.0,0.0
3.0,12.0,0.049875,0.049875,0.049875,0.049875,0.0,0.0
3.0,11.0,0.049875,0.049875,0.049875,0.049875,0.0,0.0
3.0,8.0,0.049875,0.049875,0.049875,0.049875,0.0,0.0
3.0,7.0,0.060847,0.060847,0.049875,0.049875,100.0,-0.010971999999999996
3.0,6.0,0.09975,0.09975,0.09975,0.09975,0.0,0.0
3.0,5.0,0.09975,0.09975,0.09975,0.09975,0.0,0.0
3.0,4.0,0.09975,0.09975,0.09975,0.09975,0.0,0.0
3.0,1.0,0.09975,0.09975,0.09975,0.09975,0.0,0.0
2.0,28.0,0.09975,0.09975,0.09975,0.09975,0.0,0.0
2.0,27.0,0.09975,0.09975,0.09975,0.09975,0.0,0.0
2.0,26.0,0.05586,0.05586,0.05586,0.05586,0.0,0.0
2.0,25.0,0.05586,0.05586,0.05586,0.05586,0.0,0.0
2.0,22.0,0.17955,0.17955,0.17955,0.17955,0.0,0.0
2.0,21.0,0.17955,0.17955,0.17955,0.17955,0.0,0.0
2.0,20.0,0.029925,0.17955,0.029925,0.17955,0.0,0.14962499999999998
2.0,19.0,0.194512,0.194512,0.194512,0.194512,0.0,0.0
2.0,15.0,0.194512,0.194512,0.194512,0.194512,0.0,0.0
2.0,14.0,0.194512,0.194512,0.194512,0.194512,0.0,0.0
2.0,13.0,0.194512,0.194512,0.194512,0.194512,0.0,0.0
2.0,12.0,0.01995,0.194512,0.01995,0.194512,0.0,0.174562
2.0,11.0,0.194512,0.194512,0.009975,0.009975,0.0,-0.18453699999999998
2.0,8.0,0.1995,0.1995,0.1995,0.1995,0.0,0.0
2.0,7.0,0.1995,0.1995,0.1995,0.1995,0.0,0.0
2.0,6.0,0.1995,0.1995,0.1995,0.1995,0.0,0.0
2.0,5.0,0.001995,0.001995,0.001995,0.001995,0.0,0.0
2.0,4.0,0.002494,0.002494,0.001995,0.001995,0.0,-4.990000000000003E-4
2.0,1.0,2.0E-4,0.002494,2.0E-4,0.001995,0.0,0.0017949999999999997
1.0,31.0,1.0E-4,0.002494,1.0E-4,0.001995,0.0,0.0018949999999999998
1.0,30.0,0.149625,0.149625,0.149625,0.149625,0.0,0.0
1.0,29.0,0.249375,0.249375,0.149625,0.149625,0.0,-0.09975
1.0,28.0,0.249375,0.249375,0.149625,0.149625,0.0,-0.09975
1.0,25.0,0.249375,0.249375,0.249375,0.249375,0.0,0.0
1.0,24.0,0.149625,0.249375,0.149625,0.249375,0.0,0.09975
