9.0,25.0,1.0,1.0,0.3,0.3,3700.0,-0.7
9.0,24.0,0.01,0.01,0.01,0.01,0.0,0.0
9.0,23.0,0.01,0.01,0.01,0.01,0.0,0.0
9.0,22.0,0.01,0.01,0.01,0.01,0.0,0.0
9.0,21.0,0.01,0.01,0.01,0.01,0.0,0.0
9.0,18.0,0.01,0.01,0.01,0.01,0.0,0.0
9.0,17.0,0.01,0.01,0.01,0.01,0.0,0.0
9.0,16.0,0.01,0.01,0.01,0.01,0.0,0.0
9.0,15.0,0.01,0.01,0.01,0.01,0.0,0.0
9.0,14.0,0.01,0.01,0.01,0.01,0.0,0.0
9.0,11.0,0.01,0.01,0.01,0.01,0.0,0.0
9.0,10.0,0.01,0.01,0.01,0.01,0.0,0.0
9.0,9.0,0.01,0.01,0.01,0.01,0.0,0.0
9.0,8.0,0.01,0.01,0.01,0.01,0.0,0.0
9.0,7.0,0.01,0.01,0.01,0.01,0.0,0.0
9.0,4.0,0.01,0.01,0.01,0.01,0.0,0.0
9.0,3.0,0.01,0.01,0.01,0.01,0.0,0.0
9.0,2.0,0.01,0.01,0.01,0.01,0.0,0.0
9.0,1.0,0.01,0.01,0.01,0.01,0.0,0.0
8.0,31.0,0.01,0.01,0.01,0.01,0.0,0.0
8.0,28.0,0.01,0.01,0.01,0.01,0.0,0.0
8.0,27.0,0.01,0.01,0.01,0.01,0.0,0.0
8.0,26.0,0.01,0.01,0.01,0.01,0.0,0.0
8.0,25.0,0.01,0.01,0.01,0.01,100.0,0.0
8.0,24.0,0.1,0.1,0.1,0.1,0.0,0.0
8.0,21.0,0.1,0.1,0.1,0.1,0.0,0.0
8.0,20.0,0.1,0.1,0.1,0.1,0.0,0.0
8.0,19.0,0.1,0.1,0.1,0.1,0.0,0.0
8.0,18.0,0.1,0.1,0.1,0.1,0.0,0.0
8.0,17.0,1.0,1.0,0.1,0.1,1400.0,-0.9
8.0,14.0,0.01,0.01,0.01,0.01,0.0,0.0
8.0,13.0,0.01,0.01,0.01,0.01,0.0,0.0
8.0,12.0,0.01,0.01,0.01,0.01,0.0,0.0
8.0,11.0,0.01,0.01,0.01,0.01,0.0,0.0
8.0,10.0,0.01,0.01,0.01,0.01,0.0,0.0
8.0,7.0,0.01,0.01,0.01,0.01,0.0,0.0
8.0,6.0,0.01,0.01,0.01,0.01,0.0,0.0
8.0,5.0,0.01,0.01,0.01,0.01,0.0,0.0
8.0,4.0,0.01,0.01,0.01,0.01,0.0,0.0
8.0,3.0,0.01,0.01,0.01,0.01,0.0,0.0
7.0,31.0,0.01,0.01,0.01,0.01,0.0,0.0
7.0,30.0,0.01,0.01,0.01,0.01,0.0,0.0
7.0,29.0,0.01,0.01,0.01,0.01,0.0,0.0
7.0,28.0,0.01,0.01,0.01,0.01,0.0,0.0
7.0,27.0,0.01,0.01,0.01,0.01,0.0,0.0
7.0,24.0,0.01,0.01,0.01,0.01,0.0,0.0
7.0,23.0,0.01,0.01,0.01,0.01,0.0,0.0
7.0,22.0,0.01,0.01,0.01,0.01,0.0,0.0
7.0,21.0,0.01,0.01,0.01,0.01,0.0,0.0
7.0,20.0,0.01,0.01,0.01,0.01,0.0,0.0
7.0,17.0,0.01,0.01,0.01,0.01,0.0,0.0
7.0,16.0,0.01,0.01,0.01,0.01,0.0,0.0
7.0,15.0,0.01,0.01,0.01,0.01,0.0,0.0
7.0,14.0,0.01,0.01,0.01,0.01,0.0,0.0
7.0,13.0,0.01,0.01,0.01,0.01,0.0,0.0
7.0,10.0,0.01,0.01,0.01,0.01,0.0,0.0
7.0,9.0,0.01,0.01,0.01,0.01,0.0,0.0
7.0,8.0,0.01,0.01,0.01,0.01,0.0,0.0
7.0,7.0,0.01,0.01,0.01,0.01,0.0,0.0
7.0,6.0,0.01,0.01,0.01,0.01,0.0,0.0
7.0,3.0,0.01,0.01,0.01,0.01,0.0,0.0
7.0,2.0,0.01,0.01,0.01,0.01,0.0,0.0
7.0,1.0,0.01,0.01,0.01,0.01,0.0,0.0
6.0,30.0,0.01,0.01,0.01,0.01,0.0,0.0
6.0,29.0,0.01,0.01,0.01,0.01,0.0,0.0
6.0,26.0,0.01,0.01,0.01,0.01,0.0,0.0
6.0,25.0,0.01,0.01,0.01,0.01,0.0,0.0
6.0,24.0,0.01,0.01,0.01,0.01,0.0,0.0
6.0,23.0,0.01,0.01,0.01,0.01,0.0,0.0
6.0,22.0,0.01,0.01,0.01,0.01,0.0,0.0
6.0,19.0,0.01,0.01,0.01,0.01,0.0,0.0
6.0,18.0,0.01,0.01,0.01,0.01,0.0,0.0
6.0,17.0,0.01,0.01,0.01,0.01,0.0,0.0
6.0,16.0,0.01,0.01,0.01,0.01,0.0,0.0
6.0,15.0,0.01,0.01,0.01,0.01,0.0,0.0
6.0,12.0,0.01,0.01,0.01,0.01,0.0,0.0
6.0,11.0,0.01,0.01,0.01,0.01,0.0,0.0
6.0,10.0,0.01,0.01,0.01,0.01,0.0,0.0
6.0,9.0,0.01,0.01,0.01,0.01,0.0,0.0
6.0,8.0,0.01,0.01,0.01,0.01,0.0,0.0
6.0,5.0,0.01,0.01,0.01,0.01,0.0,0.0
6.0,4.0,0.01,0.01,0.01,0.01,0.0,0.0
6.0,3.0,0.01,0.01,0.01,0.01,0.0,0.0
6.0,2.0,0.01,0.01,0.01,0.01,0.0,0.0
6.0,1.0,0.01,0.01,0.01,0.01,0.0,0.0
5.0,29.0,0.01,0.01,0.01,0.01,0.0,0.0
5.0,28.0,0.01,0.01,0.01,0.01,0.0,0.0
5.0,27.0,0.01,0.01,0.01,0.01,0.0,0.0
5.0,26.0,0.01,0.01,0.01,0.01,0.0,0.0
5.0,25.0,0.01,0.01,0.01,0.01,0.0,0.0
5.0,22.0,0.01,0.01,0.01,0.01,0.0,0.0
5.0,21.0,0.01,0.01,0.01,0.01,0.0,0.0
5.0,20.0,0.01,0.01,0.01,0.01,0.0,0.0
5.0,19.0,0.01,0.01,0.01,0.01,0.0,0.0
5.0,18.0,0.01,0.01,0.01,0.01,0.0,0.0
5.0,15.0,0.01,0.01,0.01,0.01,0.0,0.0
5.0,14.0,0.01,0.01,0.01,0.01,0.0,0.0
5.0,13.0,0.01,0.01,0.01,0.01,0.0,0.0
5.0,12.0,0.01,0.01,0.01,0.01,0.0,0.0
5.0,11.0,0.01,0.01,0.01,0.01,0.0,0.0
5.0,8.0,0.01,0.01,0.01,0.01,0.0,0.0
5.0,7.0,0.01,0.01,0.01,0.01,0.0,0.0
5.0,6.0,0.01,0.01,0.01,0.01,0.0,0.0
5.0,5.0,0.01,0.01,0.01,0.01,0.0,0.0
5.0,4.0,0.01,0.01,0.01,0.01,0.0,0.0
5.0,1.0,0.01,0.01,0.01,0.01,0.0,0.0
4.0,30.0,0.01,0.01,0.01,0.01,0.0,0.0
4.0,29.0,0.01,0.01,0.01,0.01,0.0,0.0
4.0,28.0,0.01,0.01,0.01,0.01,0.0,0.0
4.0,27.0,0.01,0.01,0.01,0.01,0.0,0.0
4.0,24.0,0.01,0.01,0.01,0.01,0.0,0.0
4.0,23.0,0.01,0.01,0.01,0.01,0.0,0.0
4.0,22.0,0.01,0.01,0.01,0.01,200.0,0.0
4.0,21.0,1.49,1.49,1.49,1.49,100.0,0.0
4.0,20.0,1.49,1.49,1.49,1.49,0.0,0.0
4.0,17.0,1.49,1.49,1.49,1.49,0.0,0.0
4.0,16.0,1.49,1.49,1.49,1.49,0.0,0.0
4.0,15.0,1.49,1.49,1.49,1.49,0.0,0.0
4.0,14.0,1.49,1.49,1.49,1.49,0.0,0.0
4.0,13.0,1.49,1.49,1.49,1.49,0.0,0.0
4.0,10.0,0.051,0.051,0.051,0.051,0.0,0.0
4.0,9.0,0.051,0.051,0.051,0.051,0.0,0.0
4.0,8.0,0.051,0.051,0.051,0.051,0.0,0.0
4.0,7.0,0.051,0.051,0.051,0.051,0.0,0.0
4.0,6.0,0.051,0.051,0.051,0.051,0.0,0.0
4.0,3.0,0.051,0.051,0.051,0.051,0.0,0.0
4.0,2.0,0.051,0.051,0.051,0.051,0.0,0.0
4.0,1.0,0.051,0.051,0.051,0.051,0.0,0.0
3.0,31.0,0.051,0.051,0.051,0.051,0.0,0.0
3.0,30.0,0.051,0.051,0.051,0.051,0.0,0.0
3.0,27.0,0.051,0.051,0.051,0.051,0.0,0.0
3.0,26.0,0.051,0.051,0.051,0.051,0.0,0.0
3.0,25.0,0.051,0.051,0.051,0.051,200.0,0.0
3.0,24.0,1.0,1.0,1.0,1.0,0.0,0.0
3.0,23.0,1.0,1.0,1.0,1.0,0.0,0.0
3.0,20.0,1.0,1.0,1.0,1.0,0.0,0.0
3.0,19.0,0.51,1.0,0.51,1.0,300.0,0.49
3.0,18.0,1.01,1.01,1.01,1.01,100.0,0.0
3.0,17.0,1.01,1.01,1.0,1.01,500.0,0.0
3.0,16.0,1.03,1.03,1.03,1.03,200.0,0.0
3.0,13.0,1.09,1.09,1.09,1.09,0.0,0.0
3.0,12.0,1.09,1.09,1.09,1.09,0.0,0.0
3.0,11.0,1.09,1.09,1.09,1.09,500.0,0.0
3.0,10.0,1.01,1.01,1.01,1.01,0.0,0.0
3.0,9.0,1.01,1.01,1.01,1.01,400.0,0.0
3.0,6.0,1.25,1.25,1.0,1.0,2000.0,-0.25
3.0,5.0,1.2,1.2,1.2,1.2,600.0,0.0
3.0,4.0,1.2,1.2,1.2,1.2,0.0,0.0
3.0,3.0,1.2,1.2,1.2,1.2,300.0,0.0
3.0,2.0,1.15,1.2,1.15,1.2,800.0,0.050000000000000044
2.0,27.0,1.0,2.0,1.0,1.12,3300.0,0.1200000000000001
2.0,26.0,1.15,1.25,1.0,1.0,4000.0,-0.1499999999999999
2.0,25.0,1.24,1.24,1.24,1.24,0.0,0.0
2.0,24.0,1.24,1.24,1.24,1.24,0.0,0.0
2.0,23.0,0.08,0.08,0.08,0.08,0.0,0.0
2.0,20.0,0.13,0.08,0.08,0.08,100.0,-0.05
2.0,19.0,0.94,0.94,0.94,0.94,0.0,0.0
2.0,18.0,0.006,0.006,0.005,0.005,100.0,-0.001
2.0,17.0,0.006,0.006,0.006,0.006,0.0,0.0
2.0,16.0,0.006,0.006,0.006,0.006,0.0,0.0
2.0,13.0,0.006,0.006,0.005,0.006,400.0,0.0
2.0,12.0,0.006,0.006,0.006,0.006,0.0,0.0
2.0,11.0,0.006,0.006,0.006,0.006,100.0,0.0
2.0,10.0,0.006,0.006,0.006,0.006,100.0,0.0
2.0,9.0,0.007,0.007,0.006,0.006,300.0,-0.001
2.0,6.0,0.006,0.006,0.006,0.006,800.0,0.0
2.0,5.0,0.005,0.005,0.005,0.005,0.0,0.0
2.0,4.0,0.004,0.004,0.004,0.004,0.0,0.0
2.0,3.0,0.006,0.006,0.006,0.006,900.0,0.0
2.0,2.0,0.006,0.006,0.006,0.006,0.0,0.0
1.0,30.0,0.004,0.004,0.004,0.004,0.0,0.0
1.0,29.0,0.004,0.006,0.004,0.004,300.0,0.0
1.0,28.0,0.006,0.006,0.006,0.006,0.0,0.0
1.0,27.0,0.006,0.006,0.006,0.006,0.0,0.0
1.0,26.0,0.006,0.006,0.006,0.006,0.0,0.0
1.0,23.0,0.006,0.006,0.006,0.006,0.0,0.0
1.0,22.0,0.007,0.007,0.006,0.006,500.0,-0.001
1.0,21.0,0.006,0.006,0.006,0.006,0.0,0.0
1.0,20.0,0.006,0.006,0.006,0.006,0.0,0.0
1.0,19.0,0.006,0.006,0.006,0.006,0.0,0.0
1.0,16.0,0.006,0.006,0.006,0.006,300.0,0.0
1.0,15.0,0.006,0.006,0.006,0.006,0.0,0.0
1.0,14.0,0.005,0.005,0.005,0.005,0.0,0.0
1.0,13.0,0.006,0.006,0.005,0.005,100.0,-0.001
1.0,12.0,0.006,0.006,0.006,0.006,200.0,0.0
1.0,9.0,0.005,0.005,0.005,0.005,0.0,0.0
1.0,8.0,0.005,0.005,0.005,0.005,100.0,0.0
1.0,7.0,0.007,0.007,0.005,0.005,500.0,-0.002
1.0,6.0,0.006,0.006,0.006,0.006,200.0,0.0
1.0,5.0,0.007,0.007,0.006,0.006,500.0,-0.001
1.0,2.0,0.007,0.007,0.007,0.007,0.0,0.0
1.0,1.0,0.004,0.004,0.004,0.004,0.0,0.0
12.0,31.0,0.005,0.005,0.004,0.004,300.0,-0.001
12.0,30.0,0.005,0.005,0.005,0.005,100.0,0.0
12.0,29.0,0.006,0.006,0.006,0.006,600.0,0.0
12.0,26.0,0.006,0.006,0.006,0.006,0.0,0.0
12.0,25.0,0.005,0.005,0.005,0.005,0.0,0.0
12.0,24.0,0.005,0.005,0.005,0.005,0.0,0.0
12.0,23.0,0.005,0.007,0.005,0.005,300.0,0.0
12.0,22.0,0.006,0.007,0.005,0.005,700.0,-0.001
12.0,19.0,0.006,0.006,0.005,0.005,200.0,-0.001
12.0,18.0,0.006,0.006,0.006,0.006,300.0,0.0
12.0,17.0,0.005,0.007,0.005,0.005,500.0,0.0
12.0,16.0,0.005,0.007,0.005,0.005,200.0,0.0
12.0,15.0,0.007,0.007,0.007,0.007,0.0,0.0
12.0,12.0,0.005,0.007,0.005,0.007,1000.0,0.002
12.0,11.0,0.007,0.007,0.005,0.005,400.0,-0.002
12.0,10.0,0.007,0.007,0.007,0.007,200.0,0.0
12.0,9.0,0.005,0.005,0.004,0.005,400.0,0.0
12.0,8.0,0.005,0.007,0.005,0.007,1300.0,0.002
12.0,5.0,0.005,0.006,0.005,0.006,0.0,0.001
12.0,4.0,0.005,0.005,0.005,0.005,200.0,0.0
12.0,3.0,0.006,0.006,0.004,0.005,800.0,-0.001
12.0,2.0,0.005,0.006,0.005,0.006,3400.0,0.001
12.0,1.0,0.007,0.007,0.007,0.007,0.0,0.0
11.0,28.0,0.007,0.007,0.007,0.007,500.0,0.0
11.0,27.0,0.007,0.007,0.007,0.007,0.0,0.0
11.0,26.0,0.006,0.007,0.006,0.007,200.0,0.001
11.0,25.0,0.006,0.007,0.006,0.007,1000.0,0.001
11.0,24.0,0.007,0.007,0.006,0.006,0.0,-0.001
11.0,21.0,0.006,0.007,0.006,0.007,500.0,0.001
11.0,20.0,0.007,0.007,0.006,0.006,200.0,-0.001
11.0,19.0,0.007,0.007,0.006,0.006,300.0,-0.001
11.0,18.0,0.009,0.009,0.005,0.006,1500.0,-0.002999999999999999
11.0,17.0,0.006,0.009,0.004,0.009,1500.0,0.002999999999999999
11.0,14.0,0.007,0.007,0.006,0.006,500.0,-0.001
11.0,13.0,0.005,0.007,0.005,0.007,1100.0,0.002
11.0,12.0,0.003,0.003,0.003,0.003,0.0,0.0
11.0,11.0,0.004,0.004,0.003,0.003,1300.0,-0.001
11.0,10.0,0.005,0.005,0.005,0.005,0.0,0.0
11.0,7.0,0.005,0.005,0.005,0.005,1300.0,0.0
11.0,6.0,0.004,0.007,0.004,0.005,2400.0,0.001
11.0,5.0,0.005,0.005,0.004,0.004,900.0,-0.001
11.0,4.0,0.005,0.005,0.005,0.005,5200.0,0.0
11.0,3.0,0.007,0.007,0.005,0.005,4200.0,-0.002
10.0,31.0,0.005,0.005,0.005,0.005,0.0,0.0
10.0,30.0,0.005,0.007,0.005,0.007,400.0,0.002
10.0,29.0,0.006,0.006,0.005,0.005,8300.0,-0.001
10.0,28.0,0.009,0.009,0.005,0.007,15000.0,-0.001999999999999999
10.0,27.0,0.01,0.011,0.008,0.009,10300.0,-0.0010000000000000009
10.0,24.0,0.01,0.01,0.01,0.01,0.0,0.0
10.0,23.0,0.01,0.01,0.01,0.01,100.0,0.0
10.0,22.0,0.01,0.01,0.01,0.01,200.0,0.0
10.0,21.0,0.01,0.01,0.01,0.01,0.0,0.0
10.0,20.0,0.011,0.012,0.01,0.01,900.0,-9.999999999999992E-4
10.0,17.0,0.012,0.012,0.011,0.011,200.0,-0.0010000000000000009
10.0,16.0,0.011,0.011,0.011,0.011,0.0,0.0
10.0,15.0,0.011,0.011,0.011,0.011,100.0,0.0
10.0,14.0,0.012,0.012,0.012,0.012,0.0,0.0
10.0,13.0,0.011,0.012,0.01,0.01,400.0,-9.999999999999992E-4
10.0,10.0,0.015,0.015,0.012,0.012,300.0,-0.002999999999999999
10.0,9.0,0.012,0.012,0.011,0.011,1100.0,-0.0010000000000000009
10.0,8.0,0.011,0.011,0.011,0.011,200.0,0.0
10.0,7.0,0.012,0.013,0.011,0.012,1200.0,0.0
10.0,6.0,0.012,0.014,0.012,0.012,200.0,0.0
10.0,3.0,0.011,0.011,0.011,0.011,0.0,0.0
10.0,2.0,0.015,0.015,0.011,0.011,100.0,-0.004
10.0,1.0,0.015,0.015,0.011,0.015,300.0,0.0
9.0,30.0,0.011,0.015,0.011,0.013,0.0,0.002
9.0,29.0,0.012,0.013,0.012,0.012,400.0,0.0
9.0,26.0,0.011,0.011,0.011,0.011,0.0,0.0
9.0,25.0,0.012,0.013,0.012,0.012,300.0,0.0
9.0,24.0,0.012,0.012,0.01,0.011,2100.0,-0.0010000000000000009
9.0,23.0,0.012,0.012,0.011,0.011,200.0,-0.0010000000000000009
9.0,22.0,0.01,0.013,0.009,0.009,3300.0,-0.0010000000000000009
9.0,19.0,0.013,0.013,0.011,0.011,400.0,-0.002
9.0,18.0,0.01,0.013,0.01,0.013,2000.0,0.002999999999999999
9.0,17.0,0.017,0.017,0.01,0.01,20100.0,-0.007000000000000001
9.0,16.0,0.015,0.017,0.011,0.017,3100.0,0.0020000000000000018
9.0,15.0,0.016,0.016,0.013,0.015,400.0,-0.0010000000000000009
9.0,12.0,0.016,0.016,0.015,0.015,1500.0,-0.0010000000000000009
9.0,11.0,0.021,0.021,0.02,0.02,0.0,-0.0010000000000000009
9.0,10.0,0.029,0.029,0.02,0.02,800.0,-0.009000000000000001
9.0,9.0,0.02,0.03,0.02,0.029,0.0,0.009000000000000001
9.0,8.0,0.016,0.016,0.016,0.016,0.0,0.0
9.0,5.0,0.02,0.02,0.02,0.02,100.0,0.0
9.0,4.0,0.027,0.027,0.013,0.02,500.0,-0.006999999999999999
9.0,3.0,0.028,0.03,0.025,0.025,1600.0,-0.002999999999999999
9.0,2.0,0.018,0.034,0.018,0.023,4400.0,0.005000000000000001
9.0,1.0,0.018,0.018,0.018,0.018,0.0,0.0
8.0,29.0,0.018,0.018,0.014,0.018,200.0,0.0
8.0,28.0,0.018,0.018,0.018,0.018,200.0,0.0
8.0,27.0,0.014,0.018,0.014,0.018,800.0,0.003999999999999998
8.0,26.0,0.019,0.019,0.013,0.013,1700.0,-0.006
8.0,25.0,0.019,0.019,0.013,0.019,100.0,0.0
8.0,22.0,0.013,0.016,0.013,0.016,700.0,0.003000000000000001
8.0,21.0,0.016,0.016,0.016,0.016,100.0,0.0
8.0,20.0,0.016,0.016,0.014,0.014,400.0,-0.002
8.0,19.0,0.013,0.02,0.013,0.017,700.0,0.004000000000000002
8.0,18.0,0.015,0.015,0.012,0.013,2900.0,-0.002
8.0,15.0,0.02,0.02,0.012,0.012,3400.0,-0.008
8.0,14.0,0.025,0.025,0.015,0.015,4300.0,-0.010000000000000002
8.0,13.0,0.026,0.03,0.02,0.02,2000.0,-0.005999999999999998
8.0,12.0,0.027,0.04,0.023,0.026,3600.0,-0.0010000000000000009
8.0,11.0,0.045,0.045,0.039,0.039,1100.0,-0.005999999999999998
8.0,8.0,0.026,0.045,0.026,0.027,100.0,0.0010000000000000009
8.0,7.0,0.045,0.05,0.04,0.04,1200.0,-0.0049999999999999975
8.0,6.0,0.046,0.065,0.045,0.045,100.0,-0.0010000000000000009
8.0,5.0,0.045,0.06,0.045,0.046,300.0,0.0010000000000000009
8.0,4.0,0.052,0.059,0.045,0.05,900.0,-0.001999999999999995
8.0,1.0,0.053,0.067,0.045,0.067,500.0,0.014000000000000005
7.0,31.0,0.07,0.07,0.052,0.053,600.0,-0.017000000000000008
7.0,30.0,0.07,0.072,0.052,0.052,600.0,-0.01800000000000001
7.0,29.0,0.07,0.075,0.052,0.052,0.0,-0.01800000000000001
7.0,28.0,0.075,0.075,0.051,0.051,100.0,-0.024
7.0,25.0,0.076,0.076,0.05,0.05,0.0,-0.025999999999999995
7.0,24.0,0.078,0.078,0.051,0.074,200.0,-0.0040000000000000036
7.0,23.0,0.078,0.078,0.04,0.046,300.0,-0.032
7.0,22.0,0.06,0.078,0.06,0.078,100.0,0.018000000000000002
7.0,21.0,0.08,0.08,0.01,0.055,800.0,-0.025
7.0,18.0,0.081,0.081,0.07,0.07,800.0,-0.010999999999999996
7.0,17.0,0.072,0.081,0.072,0.081,0.0,0.009000000000000008
7.0,16.0,0.081,0.081,0.072,0.072,0.0,-0.009000000000000008
7.0,15.0,0.071,0.081,0.071,0.081,0.0,0.010000000000000009
7.0,14.0,0.07,0.081,0.07,0.07,200.0,0.0
7.0,11.0,0.07,0.082,0.07,0.08,100.0,0.009999999999999995
7.0,10.0,0.07,0.07,0.07,0.07,0.0,0.0
7.0,9.0,0.075,0.085,0.06,0.07,0.0,-0.0049999999999999906
7.0,8.0,0.085,0.085,0.075,0.075,100.0,-0.010000000000000009
7.0,7.0,0.075,0.095,0.075,0.085,500.0,0.010000000000000009
7.0,4.0,0.075,0.075,0.075,0.075,0.0,0.0
7.0,3.0,0.075,0.08,0.075,0.075,100.0,0.0
7.0,2.0,0.085,0.09,0.075,0.08,100.0,-0.0050000000000000044
7.0,1.0,0.075,0.085,0.075,0.075,0.0,0.0
6.0,30.0,0.088,0.088,0.088,0.088,0.0,0.0
6.0,27.0,0.09,0.09,0.074,0.088,100.0,-0.0020000000000000018
6.0,26.0,0.09,0.09,0.074,0.09,0.0,0.0
6.0,25.0,0.08,0.09,0.075,0.09,500.0,0.009999999999999995
6.0,24.0,0.1,0.1,0.076,0.085,400.0,-0.015
6.0,23.0,0.1,0.11,0.075,0.075,600.0,-0.02500000000000001
6.0,20.0,0.083,0.1,0.075,0.097,400.0,0.013999999999999999
6.0,19.0,0.087,0.1,0.081,0.081,200.0,-0.0059999999999999915
6.0,18.0,0.081,0.1,0.081,0.084,300.0,0.0030000000000000027
6.0,17.0,0.1,0.1,0.081,0.081,0.0,-0.019000000000000003
6.0,16.0,0.095,0.1,0.095,0.1,100.0,0.0050000000000000044
6.0,13.0,0.08,0.08,0.08,0.08,0.0,0.0
6.0,12.0,0.095,0.095,0.08,0.08,200.0,-0.015
6.0,11.0,0.08,0.09,0.08,0.08,200.0,0.0
6.0,10.0,0.104,0.105,0.085,0.1,400.0,-0.00399999999999999
6.0,9.0,0.118,0.118,0.075,0.081,400.0,-0.03699999999999999
6.0,6.0,0.099,0.1,0.096,0.1,300.0,0.0010000000000000009
6.0,5.0,0.102,0.11,0.092,0.11,100.0,0.008000000000000007
6.0,4.0,0.113,0.114,0.095,0.102,1500.0,-0.01100000000000001
6.0,3.0,0.114,0.114,0.114,0.114,0.0,0.0
6.0,2.0,0.113,0.114,0.1,0.114,300.0,0.0010000000000000009
5.0,30.0,0.112,0.113,0.11,0.11,300.0,-0.0020000000000000018
5.0,29.0,0.105,0.114,0.101,0.113,400.0,0.008000000000000007
5.0,28.0,0.115,0.115,0.1,0.114,300.0,-0.0010000000000000009
5.0,27.0,0.124,0.124,0.1,0.1,200.0,-0.023999999999999994
5.0,26.0,0.12,0.12,0.12,0.12,0.0,0.0
5.0,23.0,0.124,0.124,0.12,0.12,100.0,-0.0040000000000000036
5.0,22.0,0.12,0.129,0.12,0.128,200.0,0.008000000000000007
5.0,21.0,0.14,0.14,0.101,0.12,300.0,-0.020000000000000018
5.0,20.0,0.11,0.16,0.11,0.114,1900.0,0.0040000000000000036
5.0,19.0,0.1,0.115,0.1,0.1,100.0,0.0
5.0,16.0,0.13,0.136,0.095,0.095,1200.0,-0.035
5.0,15.0,0.11,0.128,0.11,0.125,300.0,0.015
5.0,14.0,0.107,0.13,0.1,0.109,1000.0,0.0020000000000000018
5.0,13.0,0.12,0.135,0.113,0.113,700.0,-0.006999999999999992
5.0,12.0,0.114,0.134,0.11,0.115,900.0,0.0010000000000000009
5.0,9.0,0.12,0.12,0.1,0.114,900.0,-0.0059999999999999915
5.0,8.0,0.118,0.125,0.106,0.106,800.0,-0.011999999999999997
5.0,7.0,0.106,0.14,0.106,0.13,1200.0,0.024000000000000007
5.0,6.0,0.107,0.13,0.107,0.125,300.0,0.018000000000000002
5.0,5.0,0.138,0.138,0.107,0.108,1000.0,-0.030000000000000013
5.0,2.0,0.15,0.15,0.1,0.107,1700.0,-0.043
5.0,1.0,0.16,0.169,0.07,0.14,1200.0,-0.01999999999999999
4.0,30.0,0.16,0.2,0.15,0.15,1200.0,-0.010000000000000009
4.0,29.0,0.15,0.18,0.15,0.16,1100.0,0.010000000000000009
4.0,28.0,0.2,0.2,0.15,0.15,1500.0,-0.05000000000000002
4.0,25.0,0.258,0.26,0.15,0.175,5000.0,-0.08300000000000002
4.0,24.0,0.269,0.3,0.239,0.26,6800.0,-0.009000000000000008
4.0,23.0,0.3,0.3,0.23,0.245,1400.0,-0.05499999999999999
4.0,22.0,0.3,0.335,0.261,0.28,500.0,-0.019999999999999962
4.0,21.0,0.275,0.275,0.245,0.258,400.0,-0.017000000000000015
4.0,18.0,0.275,0.275,0.275,0.275,0.0,0.0
4.0,17.0,0.24,0.3,0.231,0.275,600.0,0.03500000000000003
4.0,16.0,0.261,0.279,0.231,0.245,1100.0,-0.016000000000000014
4.0,15.0,0.327,0.34,0.25,0.279,3500.0,-0.04799999999999999
4.0,14.0,0.37,0.38,0.3,0.33,8200.0,-0.03999999999999998
4.0,11.0,0.34,0.34,0.3,0.3,400.0,-0.040000000000000036
4.0,10.0,0.35,0.35,0.29,0.32,700.0,-0.02999999999999997
4.0,9.0,0.285,0.328,0.285,0.32,900.0,0.03500000000000003
4.0,8.0,0.3,0.3,0.27,0.275,0.0,-0.024999999999999967
4.0,7.0,0.315,0.344,0.27,0.27,500.0,-0.044999999999999984
4.0,4.0,0.3,0.31,0.26,0.31,800.0,0.010000000000000009
4.0,3.0,0.23,0.32,0.23,0.3,2400.0,0.06999999999999998
4.0,2.0,0.25,0.27,0.23,0.23,700.0,-0.01999999999999999
4.0,1.0,0.288,0.33,0.24,0.25,900.0,-0.03799999999999998
3.0,31.0,0.35,0.36,0.32,0.32,900.0,-0.02999999999999997
3.0,28.0,0.37,0.37,0.34,0.34,1400.0,-0.02999999999999997
3.0,27.0,0.357,0.38,0.32,0.35,2100.0,-0.007000000000000006
3.0,26.0,0.39,0.39,0.324,0.35,400.0,-0.040000000000000036
3.0,25.0,0.36,0.38,0.36,0.38,400.0,0.020000000000000018
3.0,24.0,0.36,0.37,0.34,0.357,200.0,-0.0030000000000000027
3.0,21.0,0.3,0.378,0.3,0.34,500.0,0.040000000000000036
3.0,20.0,0.4,0.4,0.311,0.345,300.0,-0.05500000000000005
3.0,19.0,0.36,0.415,0.3,0.36,600.0,0.0
3.0,18.0,0.45,0.475,0.35,0.39,800.0,-0.06
3.0,17.0,0.53,0.542,0.45,0.46,700.0,-0.07
3.0,14.0,0.545,0.6,0.525,0.545,300.0,0.0
3.0,13.0,0.6,0.6,0.52,0.545,500.0,-0.05499999999999994
3.0,12.0,0.61,0.63,0.56,0.56,500.0,-0.04999999999999993
3.0,11.0,0.627,0.637,0.592,0.61,1000.0,-0.017000000000000015
3.0,10.0,0.65,0.65,0.55,0.57,400.0,-0.08000000000000007
3.0,7.0,0.63,0.68,0.6,0.64,100.0,0.010000000000000009
3.0,6.0,0.65,0.68,0.56,0.64,300.0,-0.010000000000000009
3.0,5.0,0.68,0.7,0.672,0.672,200.0,-0.008000000000000007
3.0,4.0,0.65,0.7,0.64,0.68,1200.0,0.030000000000000027
3.0,3.0,0.68,0.7,0.63,0.63,400.0,-0.050000000000000044
2.0,28.0,0.67,0.69,0.65,0.68,500.0,0.010000000000000009
2.0,27.0,0.6,0.66,0.6,0.66,700.0,0.06000000000000005
2.0,26.0,0.57,0.6,0.56,0.59,100.0,0.020000000000000018
2.0,25.0,0.667,0.68,0.44,0.56,700.0,-0.10699999999999998
2.0,24.0,0.69,0.7,0.65,0.655,1400.0,-0.03499999999999992
2.0,21.0,0.8,0.8,0.61,0.69,1700.0,-0.1100000000000001
2.0,20.0,0.56,0.6,0.55,0.6,500.0,0.039999999999999925
2.0,19.0,0.52,0.55,0.52,0.55,400.0,0.030000000000000027
2.0,18.0,0.507,0.53,0.507,0.53,400.0,0.02300000000000002
2.0,17.0,0.49,0.49,0.49,0.49,0.0,0.0
2.0,14.0,0.54,0.58,0.445,0.49,200.0,-0.050000000000000044
2.0,13.0,0.54,0.55,0.515,0.54,300.0,0.0
2.0,12.0,0.55,0.55,0.51,0.55,500.0,0.0
2.0,11.0,0.45,0.48,0.44,0.48,1100.0,0.02999999999999997
2.0,10.0,0.38,0.43,0.38,0.43,1200.0,0.04999999999999999
2.0,7.0,0.38,0.38,0.374,0.374,0.0,-0.006000000000000005
2.0,6.0,0.38,0.38,0.38,0.38,0.0,0.0
2.0,5.0,0.38,0.38,0.38,0.38,0.0,0.0
2.0,4.0,0.32,0.38,0.32,0.38,300.0,0.06
2.0,3.0,0.32,0.32,0.32,0.32,0.0,0.0
1.0,31.0,0.32,0.32,0.31,0.32,0.0,0.0
1.0,30.0,0.34,0.34,0.32,0.32,400.0,-0.020000000000000018
1.0,29.0,0.4,0.4,0.32,0.33,0.0,-0.07
1.0,28.0,1.2,1.2,0.35,0.42,200.0,-0.78
1.0,27.0,5.0,7.5,1.5,1.5,0.0,-3.5
1.0,24.0,5.0,5.0,5.0,5.0,0.0,0.0
1.0,23.0,5.0,5.0,5.0,5.0,0.0,0.0
1.0,22.0,5.0,5.0,5.0,5.0,0.0,0.0
1.0,21.0,5.0,5.0,5.0,5.0,0.0,0.0
1.0,20.0,5.0,5.0,5.0,5.0,0.0,0.0
1.0,17.0,5.0,5.0,5.0,5.0,0.0,0.0
1.0,16.0,5.0,5.0,5.0,5.0,0.0,0.0
1.0,15.0,5.0,5.0,5.0,5.0,0.0,0.0
1.0,14.0,5.0,5.0,5.0,5.0,0.0,0.0
1.0,13.0,5.0,5.0,5.0,5.0,0.0,0.0
1.0,10.0,5.0,5.0,5.0,5.0,0.0,0.0
1.0,9.0,5.0,5.0,5.0,5.0,0.0,0.0
1.0,8.0,5.0,5.0,5.0,5.0,0.0,0.0
1.0,7.0,5.0,5.0,5.0,5.0,0.0,0.0
1.0,6.0,5.0,5.0,5.0,5.0,0.0,0.0
1.0,3.0,5.0,5.0,5.0,5.0,0.0,0.0
1.0,2.0,5.0,5.0,5.0,5.0,0.0,0.0
1.0,1.0,5.0,5.0,5.0,5.0,0.0,0.0
12.0,31.0,5.0,5.0,5.0,5.0,0.0,0.0
12.0,30.0,5.0,5.0,5.0,5.0,0.0,0.0
12.0,27.0,5.0,5.0,5.0,5.0,0.0,0.0
12.0,26.0,5.0,5.0,5.0,5.0,0.0,0.0
12.0,25.0,5.0,5.0,5.0,5.0,0.0,0.0
12.0,24.0,5.0,5.0,5.0,5.0,0.0,0.0
12.0,23.0,5.0,5.0,5.0,5.0,0.0,0.0
12.0,20.0,5.0,5.0,5.0,5.0,0.0,0.0
12.0,19.0,5.0,5.0,5.0,5.0,0.0,0.0
12.0,18.0,5.0,5.0,5.0,5.0,0.0,0.0
12.0,17.0,5.0,5.0,5.0,5.0,0.0,0.0
12.0,16.0,5.0,5.0,5.0,5.0,0.0,0.0
12.0,13.0,5.0,5.0,5.0,5.0,0.0,0.0
12.0,12.0,5.0,5.0,5.0,5.0,0.0,0.0
12.0,11.0,5.0,5.0,5.0,5.0,0.0,0.0
12.0,10.0,5.0,5.0,5.0,5.0,0.0,0.0
12.0,9.0,5.0,5.0,5.0,5.0,0.0,0.0
12.0,6.0,5.0,5.0,5.0,5.0,0.0,0.0
12.0,5.0,300.0,300.0,300.0,300.0,0.0,0.0
12.0,4.0,300.0,300.0,300.0,300.0,0.0,0.0
12.0,3.0,300.0,300.0,300.0,300.0,0.0,0.0
12.0,2.0,300.0,300.0,300.0,300.0,0.0,0.0
11.0,29.0,300.0,300.0,300.0,300.0,0.0,0.0
11.0,28.0,300.0,300.0,300.0,300.0,0.0,0.0
11.0,27.0,300.0,300.0,300.0,300.0,0.0,0.0
11.0,26.0,300.0,300.0,300.0,300.0,0.0,0.0
11.0,25.0,300.0,300.0,300.0,300.0,0.0,0.0
11.0,22.0,300.0,300.0,300.0,300.0,0.0,0.0
11.0,21.0,300.0,300.0,300.0,300.0,0.0,0.0
11.0,20.0,300.0,300.0,300.0,300.0,0.0,0.0
11.0,19.0,300.0,300.0,300.0,300.0,0.0,0.0
11.0,18.0,300.0,300.0,300.0,300.0,0.0,0.0
11.0,15.0,300.0,300.0,300.0,300.0,0.0,0.0
11.0,14.0,300.0,300.0,300.0,300.0,0.0,0.0
11.0,13.0,300.0,300.0,300.0,300.0,0.0,0.0
11.0,12.0,300.0,300.0,300.0,300.0,0.0,0.0
11.0,11.0,300.0,300.0,300.0,300.0,0.0,0.0
11.0,8.0,300.0,300.0,300.0,300.0,0.0,0.0
11.0,7.0,300.0,300.0,300.0,300.0,0.0,0.0
11.0,6.0,300.0,300.0,300.0,300.0,0.0,0.0
11.0,5.0,300.0,300.0,300.0,300.0,0.0,0.0
11.0,4.0,300.0,300.0,300.0,300.0,0.0,0.0
11.0,1.0,300.0,300.0,300.0,300.0,0.0,0.0
10.0,31.0,300.0,300.0,300.0,300.0,0.0,0.0
10.0,30.0,300.0,300.0,300.0,300.0,0.0,0.0
10.0,29.0,300.0,300.0,300.0,300.0,0.0,0.0
10.0,28.0,300.0,300.0,300.0,300.0,0.0,0.0
10.0,25.0,300.0,300.0,300.0,300.0,0.0,0.0
10.0,24.0,300.0,300.0,300.0,300.0,0.0,0.0
10.0,23.0,300.0,300.0,300.0,300.0,0.0,0.0
10.0,22.0,300.0,300.0,300.0,300.0,0.0,0.0
10.0,21.0,300.0,300.0,300.0,300.0,0.0,0.0
10.0,18.0,300.0,300.0,300.0,300.0,0.0,0.0
10.0,17.0,300.0,300.0,300.0,300.0,0.0,0.0
10.0,16.0,300.0,300.0,300.0,300.0,0.0,0.0
10.0,15.0,300.0,300.0,300.0,300.0,0.0,0.0
10.0,14.0,300.0,300.0,300.0,300.0,0.0,0.0
10.0,11.0,300.0,300.0,300.0,300.0,0.0,0.0
10.0,10.0,300.0,300.0,300.0,300.0,0.0,0.0
10.0,9.0,300.0,300.0,300.0,300.0,0.0,0.0
10.0,8.0,300.0,300.0,300.0,300.0,0.0,0.0
10.0,7.0,300.0,300.0,300.0,300.0,0.0,0.0
10.0,4.0,300.0,300.0,300.0,300.0,0.0,0.0
10.0,3.0,300.0,300.0,300.0,300.0,0.0,0.0
10.0,2.0,300.0,300.0,300.0,300.0,0.0,0.0
10.0,1.0,300.0,300.0,300.0,300.0,0.0,0.0
9.0,30.0,300.0,300.0,300.0,300.0,0.0,0.0
9.0,27.0,300.0,300.0,300.0,300.0,0.0,0.0
9.0,26.0,300.0,300.0,300.0,300.0,0.0,0.0
9.0,25.0,300.0,300.0,300.0,300.0,0.0,0.0
9.0,24.0,300.0,300.0,300.0,300.0,0.0,0.0
9.0,23.0,300.0,300.0,300.0,300.0,0.0,0.0
9.0,20.0,300.0,300.0,300.0,300.0,0.0,0.0
9.0,19.0,300.0,300.0,300.0,300.0,0.0,0.0
9.0,18.0,300.0,300.0,300.0,300.0,0.0,0.0
9.0,17.0,300.0,300.0,300.0,300.0,0.0,0.0
9.0,16.0,300.0,300.0,300.0,300.0,0.0,0.0
9.0,13.0,3.05,3.05,3.0,3.0,0.0,-0.04999999999999982
9.0,12.0,4.0,4.0,4.0,4.0,0.0,0.0
9.0,11.0,4.0,4.0,4.0,4.0,0.0,0.0
9.0,10.0,4.0,4.0,4.0,4.0,0.0,0.0
9.0,9.0,4.0,4.0,4.0,4.0,0.0,0.0
9.0,6.0,4.0,4.0,4.0,4.0,0.0,0.0
9.0,5.0,4.0,4.0,4.0,4.0,0.0,0.0
9.0,4.0,4.0,4.0,4.0,4.0,0.0,0.0
9.0,3.0,4.0,4.0,4.0,4.0,0.0,0.0
9.0,2.0,4.0,4.0,4.0,4.0,0.0,0.0
8.0,30.0,4.0,4.0,4.0,4.0,0.0,0.0
8.0,29.0,4.0,4.0,4.0,4.0,0.0,0.0
8.0,28.0,4.0,4.0,4.0,4.0,0.0,0.0
8.0,27.0,4.0,4.0,4.0,4.0,0.0,0.0
8.0,26.0,4.0,4.0,4.0,4.0,0.0,0.0
8.0,23.0,4.0,4.0,4.0,4.0,0.0,0.0
8.0,22.0,4.0,4.0,4.0,4.0,0.0,0.0
8.0,21.0,4.0,4.0,4.0,4.0,0.0,0.0
8.0,20.0,4.0,4.0,4.0,4.0,0.0,0.0
8.0,19.0,4.0,4.0,4.0,4.0,0.0,0.0
8.0,16.0,4.0,4.0,4.0,4.0,0.0,0.0
8.0,15.0,4.0,4.0,4.0,4.0,0.0,0.0
8.0,14.0,4.0,4.0,4.0,4.0,0.0,0.0
8.0,13.0,4.0,4.0,4.0,4.0,0.0,0.0
8.0,12.0,4.0,4.0,4.0,4.0,0.0,0.0
8.0,9.0,4.0,4.0,4.0,4.0,0.0,0.0
8.0,8.0,4.0,4.0,4.0,4.0,0.0,0.0
8.0,7.0,4.0,4.0,4.0,4.0,0.0,0.0
8.0,6.0,4.0,4.0,4.0,4.0,0.0,0.0
8.0,5.0,4.0,4.0,4.0,4.0,0.0,0.0
8.0,2.0,4.0,4.0,4.0,4.0,0.0,0.0
8.0,1.0,4.0,4.0,4.0,4.0,0.0,0.0
7.0,31.0,4.0,4.0,4.0,4.0,0.0,0.0
7.0,30.0,4.0,4.0,4.0,4.0,0.0,0.0
7.0,29.0,4.0,4.0,4.0,4.0,0.0,0.0
7.0,26.0,4.0,4.0,4.0,4.0,0.0,0.0
7.0,25.0,4.0,4.0,4.0,4.0,0.0,0.0
7.0,24.0,4.0,4.0,4.0,4.0,0.0,0.0
7.0,23.0,4.0,4.0,4.0,4.0,0.0,0.0
7.0,22.0,4.0,4.0,4.0,4.0,0.0,0.0
7.0,19.0,4.0,4.0,4.0,4.0,0.0,0.0
7.0,18.0,4.0,4.0,4.0,4.0,0.0,0.0
7.0,17.0,4.0,4.0,4.0,4.0,0.0,0.0
7.0,16.0,4.0,4.0,4.0,4.0,0.0,0.0
7.0,15.0,4.0,4.0,4.0,4.0,0.0,0.0
7.0,12.0,4.0,4.0,4.0,4.0,0.0,0.0
7.0,11.0,4.0,4.0,4.0,4.0,0.0,0.0
7.0,10.0,4.0,4.0,4.0,4.0,0.0,0.0
7.0,9.0,4.0,4.0,4.0,4.0,0.0,0.0
7.0,8.0,4.0,4.0,4.0,4.0,0.0,0.0
7.0,5.0,4.0,4.0,4.0,4.0,0.0,0.0
7.0,4.0,4.0,4.0,4.0,4.0,0.0,0.0
7.0,3.0,4.0,4.0,4.0,4.0,0.0,0.0
7.0,2.0,4.0,4.0,4.0,4.0,0.0,0.0
7.0,1.0,4.0,4.0,4.0,4.0,0.0,0.0
6.0,28.0,4.0,4.0,4.0,4.0,0.0,0.0
6.0,27.0,4.0,4.0,4.0,4.0,0.0,0.0
6.0,26.0,4.0,4.0,4.0,4.0,0.0,0.0
6.0,25.0,4.0,4.0,4.0,4.0,0.0,0.0
6.0,24.0,4.0,4.0,4.0,4.0,0.0,0.0
6.0,21.0,4.0,4.0,4.0,4.0,0.0,0.0
6.0,20.0,4.0,4.0,4.0,4.0,0.0,0.0
6.0,19.0,4.0,4.0,4.0,4.0,0.0,0.0
6.0,18.0,4.0,4.0,4.0,4.0,0.0,0.0
6.0,17.0,4.0,4.0,4.0,4.0,0.0,0.0
6.0,14.0,4.0,4.0,4.0,4.0,0.0,0.0
6.0,13.0,4.0,4.0,4.0,4.0,0.0,0.0
6.0,12.0,4.0,4.0,4.0,4.0,0.0,0.0
6.0,11.0,4.0,4.0,4.0,4.0,0.0,0.0
6.0,10.0,4.0,4.0,4.0,4.0,0.0,0.0
6.0,7.0,4.0,4.0,4.0,4.0,0.0,0.0
6.0,6.0,4.0,4.0,4.0,4.0,0.0,0.0
6.0,5.0,4.0,4.0,4.0,4.0,0.0,0.0
6.0,4.0,4.0,4.0,4.0,4.0,0.0,0.0
6.0,3.0,4.0,4.0,4.0,4.0,0.0,0.0
5.0,31.0,4.0,4.0,4.0,4.0,0.0,0.0
5.0,30.0,4.0,4.0,4.0,4.0,0.0,0.0
5.0,29.0,4.0,4.0,4.0,4.0,0.0,0.0
5.0,28.0,4.0,4.0,4.0,4.0,0.0,0.0
5.0,27.0,4.0,4.0,4.0,4.0,0.0,0.0
5.0,24.0,4.0,4.0,4.0,4.0,0.0,0.0
5.0,23.0,4.0,4.0,4.0,4.0,0.0,0.0
5.0,22.0,4.0,4.0,4.0,4.0,0.0,0.0
5.0,21.0,4.0,4.0,4.0,4.0,0.0,0.0
5.0,20.0,4.0,4.0,4.0,4.0,0.0,0.0
5.0,17.0,4.0,4.0,4.0,4.0,0.0,0.0
5.0,16.0,4.0,4.0,4.0,4.0,0.0,0.0
5.0,15.0,4.0,4.0,4.0,4.0,0.0,0.0
5.0,14.0,4.0,4.0,4.0,4.0,0.0,0.0
5.0,13.0,4.0,4.0,4.0,4.0,0.0,0.0
5.0,10.0,4.0,4.0,4.0,4.0,0.0,0.0
5.0,9.0,4.0,4.0,4.0,4.0,0.0,0.0
5.0,8.0,4.0,4.0,4.0,4.0,0.0,0.0
5.0,7.0,4.0,4.0,4.0,4.0,0.0,0.0
5.0,6.0,4.0,4.0,4.0,4.0,0.0,0.0
5.0,3.0,4.0,4.0,4.0,4.0,0.0,0.0
5.0,2.0,4.0,4.0,4.0,4.0,0.0,0.0
5.0,1.0,4.0,4.0,4.0,4.0,0.0,0.0
4.0,30.0,4.0,4.0,4.0,4.0,0.0,0.0
4.0,29.0,4.0,4.0,4.0,4.0,0.0,0.0
4.0,26.0,4.0,4.0,4.0,4.0,0.0,0.0
4.0,25.0,4.0,4.0,4.0,4.0,0.0,0.0
4.0,24.0,4.0,4.0,4.0,4.0,0.0,0.0
4.0,23.0,4.0,4.0,4.0,4.0,0.0,0.0
4.0,22.0,4.0,4.0,4.0,4.0,0.0,0.0
4.0,19.0,4.0,4.0,4.0,4.0,0.0,0.0
4.0,18.0,4.0,4.0,4.0,4.0,0.0,0.0
4.0,17.0,4.0,4.0,4.0,4.0,0.0,0.0
4.0,16.0,4.0,4.0,4.0,4.0,0.0,0.0
4.0,15.0,4.0,4.0,4.0,4.0,0.0,0.0
4.0,12.0,4.0,4.0,4.0,4.0,0.0,0.0
4.0,11.0,4.0,4.0,4.0,4.0,0.0,0.0
4.0,10.0,4.0,4.0,4.0,4.0,0.0,0.0
4.0,9.0,4.0,4.0,4.0,4.0,0.0,0.0
4.0,8.0,4.0,4.0,4.0,4.0,0.0,0.0
4.0,5.0,4.0,4.0,4.0,4.0,0.0,0.0
4.0,4.0,4.0,4.0,4.0,4.0,0.0,0.0
4.0,3.0,4.0,4.0,4.0,4.0,0.0,0.0
4.0,2.0,3.5,3.5,3.5,3.5,0.0,0.0
4.0,1.0,3.5,3.5,3.5,3.5,0.0,0.0
3.0,29.0,4.5,4.5,4.5,4.5,0.0,0.0
3.0,28.0,3.5,4.5,3.5,4.5,0.0,1.0
3.0,27.0,3.0,3.0,3.0,3.0,0.0,0.0
3.0,26.0,3.5,3.5,3.5,3.5,0.0,0.0
3.0,25.0,3.5,3.5,3.5,3.5,0.0,0.0
3.0,22.0,3.5,3.5,3.5,3.5,0.0,0.0
3.0,21.0,3.5,3.5,3.5,3.5,0.0,0.0
3.0,20.0,3.0,3.5,3.0,3.5,0.0,0.5
3.0,19.0,3.0,3.0,3.0,3.0,0.0,0.0
3.0,18.0,2.75,2.75,2.75,2.75,0.0,0.0
3.0,15.0,2.75,2.75,2.75,2.75,0.0,0.0
3.0,14.0,2.75,2.75,2.75,2.75,0.0,0.0
3.0,13.0,2.5,2.75,2.5,2.75,0.0,0.25
3.0,12.0,2.25,2.25,2.25,2.25,0.0,0.0
3.0,11.0,2.0,2.0,2.0,2.0,0.0,0.0
3.0,8.0,1.78,1.78,1.78,1.78,0.0,0.0
3.0,7.0,1.8,1.8,1.8,1.8,0.0,0.0
3.0,6.0,1.8,1.8,1.8,1.8,0.0,0.0
3.0,5.0,1.8,1.8,1.8,1.8,0.0,0.0
3.0,4.0,1.8,1.8,1.8,1.8,0.0,0.0
3.0,1.0,1.8,1.8,1.8,1.8,0.0,0.0
2.0,28.0,1.8,1.8,1.8,1.8,0.0,0.0
2.0,27.0,1.6,1.8,1.6,1.8,0.0,0.19999999999999996
2.0,26.0,1.51,1.51,1.51,1.51,0.0,0.0
2.0,25.0,4.5,4.5,4.5,4.5,0.0,0.0
2.0,22.0,4.5,4.5,4.5,4.5,0.0,0.0
2.0,21.0,4.5,4.5,4.5,4.5,0.0,0.0
2.0,20.0,4.5,4.5,4.5,4.5,0.0,0.0
2.0,19.0,4.5,4.5,4.5,4.5,0.0,0.0
2.0,18.0,4.5,4.5,4.5,4.5,0.0,0.0
2.0,15.0,4.5,4.5,4.5,4.5,0.0,0.0
2.0,14.0,4.5,4.5,4.5,4.5,0.0,0.0
2.0,13.0,4.5,4.5,4.5,4.5,0.0,0.0
2.0,12.0,4.5,4.5,4.5,4.5,0.0,0.0
2.0,11.0,4.5,4.5,4.5,4.5,0.0,0.0
2.0,8.0,4.5,4.5,4.5,4.5,0.0,0.0
2.0,7.0,4.5,4.5,4.5,4.5,0.0,0.0
2.0,6.0,4.5,4.5,4.5,4.5,0.0,0.0
2.0,5.0,4.5,4.5,4.5,4.5,0.0,0.0
2.0,4.0,4.5,4.5,4.5,4.5,0.0,0.0
2.0,1.0,4.5,4.5,4.5,4.5,0.0,0.0
1.0,31.0,4.5,4.5,4.5,4.5,0.0,0.0
1.0,30.0,4.5,4.5,4.5,4.5,0.0,0.0
1.0,29.0,3.5,3.5,3.5,3.5,0.0,0.0
1.0,28.0,2.6,2.6,2.6,2.6,0.0,0.0
1.0,25.0,2.6,2.6,2.6,2.6,0.0,0.0
1.0,24.0,2.6,2.6,2.6,2.6,0.0,0.0
1.0,23.0,2.6,2.6,2.6,2.6,0.0,0.0
1.0,22.0,2.6,2.6,2.6,2.6,0.0,0.0
1.0,21.0,2.6,2.6,2.6,2.6,0.0,0.0
1.0,18.0,2.6,2.6,2.6,2.6,0.0,0.0
1.0,17.0,2.6,2.6,2.6,2.6,0.0,0.0
1.0,16.0,2.6,2.6,2.6,2.6,0.0,0.0
1.0,15.0,2.6,2.6,2.6,2.6,0.0,0.0
1.0,14.0,2.6,2.6,2.6,2.6,0.0,0.0
1.0,11.0,2.6,2.6,2.6,2.6,0.0,0.0
1.0,10.0,2.6,2.6,2.6,2.6,0.0,0.0
1.0,9.0,2.6,2.6,2.6,2.6,0.0,0.0
1.0,8.0,2.6,2.6,2.6,2.6,0.0,0.0
1.0,7.0,2.6,2.6,2.6,2.6,0.0,0.0
1.0,4.0,2.6,2.6,2.6,2.6,0.0,0.0
1.0,3.0,2.6,2.6,2.6,2.6,0.0,0.0
1.0,2.0,2.6,2.6,2.6,2.6,0.0,0.0
1.0,1.0,2.6,2.6,2.6,2.6,0.0,0.0
12.0,31.0,2.6,2.6,2.6,2.6,0.0,0.0
12.0,28.0,2.6,2.6,2.6,2.6,0.0,0.0
12.0,27.0,2.6,2.6,2.6,2.6,0.0,0.0
12.0,26.0,2.6,2.6,2.6,2.6,0.0,0.0
12.0,25.0,2.6,2.6,2.6,2.6,0.0,0.0
12.0,24.0,2.6,2.6,2.6,2.6,0.0,0.0
12.0,21.0,2.6,2.6,2.6,2.6,0.0,0.0
12.0,20.0,2.6,2.6,2.6,2.6,0.0,0.0
12.0,19.0,2.6,2.6,2.6,2.6,0.0,0.0
12.0,18.0,2.6,2.6,2.6,2.6,0.0,0.0
12.0,17.0,2.6,2.6,2.6,2.6,0.0,0.0
12.0,14.0,2.6,2.6,2.6,2.6,0.0,0.0
12.0,13.0,2.5,2.5,2.5,2.5,0.0,0.0
12.0,12.0,2.5,2.5,2.5,2.5,0.0,0.0
12.0,11.0,2.5,2.5,2.5,2.5,0.0,0.0
