9.0,25.0,48.610001,48.950001,48.389999,48.59,8800.0,-0.020000999999993496
9.0,24.0,48.189999,48.279999,47.689999,48.25,20100.0,0.06000099999999975
9.0,23.0,48.43,48.650002,48.099998,48.240002,21300.0,-0.18999800000000278
9.0,22.0,48.880001,48.880001,48.380001,48.490002,20000.0,-0.3899990000000031
9.0,21.0,49.43,49.799999,49.139999,49.16,19600.0,-0.2700000000000031
9.0,18.0,49.360001,49.650002,48.98,49.009998,23100.0,-0.35000299999999385
9.0,17.0,49.950001,50.389999,49.700001,49.880001,24900.0,-0.07000000000000028
9.0,16.0,49.810001,49.860001,49.490002,49.77,14600.0,-0.04000099999999662
9.0,15.0,49.099998,49.580002,49.099998,49.529999,16200.0,0.4300009999999972
9.0,14.0,49.389999,49.389999,48.849998,48.849998,11600.0,-0.5400010000000037
9.0,11.0,48.73,49.18,48.59,49.139999,20500.0,0.4099990000000062
9.0,10.0,49.169998,49.330002,48.869999,49.07,8300.0,-0.09999799999999937
9.0,9.0,49.740002,49.740002,48.939999,48.939999,25900.0,-0.8000029999999967
9.0,8.0,48.810001,49.299999,48.75,49.25,26600.0,0.43999900000000025
9.0,4.0,48.709999,48.709999,48.0,48.130001,45500.0,-0.5799980000000033
9.0,3.0,48.540001,49.080002,48.540001,48.799999,41300.0,0.25999800000000306
9.0,2.0,48.029999,48.119999,47.779999,47.990002,53000.0,-0.039996999999999616
9.0,1.0,48.060001,48.639999,47.59,47.77,89700.0,-0.2900009999999966
8.0,31.0,48.970001,49.25,48.75,48.990002,138600.0,0.020000999999993496
8.0,28.0,48.66,49.099998,48.560001,48.98,33600.0,0.3200000000000003
8.0,27.0,48.25,48.869999,47.759998,48.599998,33000.0,0.34999799999999937
8.0,26.0,47.110001,47.919998,46.849998,47.84,30100.0,0.7299990000000065
8.0,25.0,48.16,48.16,46.490002,46.490002,34100.0,-1.6699979999999996
8.0,24.0,46.34,48.720001,39.41,47.220001,87400.0,0.880001
8.0,21.0,49.029999,49.639999,48.709999,48.919998,57500.0,-0.1100009999999969
8.0,20.0,50.240002,50.360001,49.639999,49.650002,1937200.0,-0.5899999999999963
8.0,19.0,50.68,50.869999,50.18,50.549999,14700.0,-0.13000100000000003
8.0,18.0,51.52,51.52,50.830002,50.860001,8900.0,-0.6599990000000062
8.0,17.0,51.09,51.490002,50.740002,51.48,12100.0,0.38999999999999346
8.0,14.0,50.52,51.02,50.459999,51.009998,8100.0,0.48999799999999993
8.0,13.0,51.040001,51.040001,50.560001,50.68,13900.0,-0.3600009999999969
8.0,12.0,50.650002,50.91,50.049999,50.73,12800.0,0.07999799999999624
8.0,11.0,51.220001,51.380001,50.740002,50.790001,15400.0,-0.4300000000000068
8.0,10.0,51.0,51.77,51.0,51.509998,33200.0,0.5099980000000031
8.0,7.0,50.439999,51.060001,50.439999,50.939999,9300.0,0.5
8.0,6.0,51.470001,51.470001,50.459999,50.599998,7600.0,-0.8700030000000041
8.0,5.0,50.939999,51.549999,50.939999,51.240002,8300.0,0.3000029999999967
8.0,4.0,50.990002,50.990002,50.349998,50.48,25200.0,-0.5100020000000001
8.0,3.0,50.959999,51.060001,50.400002,50.580002,15200.0,-0.379997000000003
7.0,31.0,51.220001,51.450001,50.98,51.07,11900.0,-0.15000100000000316
7.0,30.0,50.419998,51.110001,50.419998,51.0,10700.0,0.5800020000000004
7.0,29.0,50.369999,50.540001,50.189999,50.5,11600.0,0.13000100000000003
7.0,28.0,50.360001,50.400002,49.400002,50.32,22400.0,-0.04000099999999662
7.0,27.0,50.099998,50.25,49.740002,49.830002,39200.0,-0.269995999999999
7.0,24.0,50.98,51.049999,50.16,50.240002,13500.0,-0.7399979999999999
7.0,23.0,51.080002,51.610001,50.779999,50.790001,16800.0,-0.29000100000000373
7.0,22.0,51.25,51.25,50.580002,50.740002,31000.0,-0.5099980000000031
7.0,21.0,51.470001,51.540001,50.959999,51.080002,13000.0,-0.3899990000000031
7.0,20.0,51.779999,51.779999,51.110001,51.130001,22300.0,-0.6499979999999965
7.0,17.0,51.959999,51.959999,51.310001,51.529999,34400.0,-0.4300000000000068
7.0,16.0,51.700001,51.919998,51.509998,51.73,20200.0,0.029998999999996556
7.0,15.0,51.889999,51.889999,51.299999,51.360001,10100.0,-0.5299980000000062
7.0,14.0,51.349998,51.779999,51.349998,51.740002,10900.0,0.3900039999999976
7.0,13.0,51.549999,51.549999,51.189999,51.349998,9800.0,-0.20000100000000032
7.0,10.0,50.610001,51.060001,50.610001,51.060001,17900.0,0.45000000000000284
7.0,9.0,51.220001,51.220001,50.389999,50.439999,61200.0,-0.7800020000000032
7.0,8.0,51.209999,51.209999,50.43,50.650002,13700.0,-0.5599970000000027
7.0,7.0,51.259998,51.470001,50.5,51.450001,18800.0,0.19000299999999726
7.0,6.0,51.57,52.130001,51.419998,51.669998,12400.0,0.09999799999999937
7.0,2.0,52.200001,52.310001,51.91,52.130001,5900.0,-0.07000000000000028
7.0,1.0,52.779999,52.779999,51.990002,52.34,18000.0,-0.43999899999999315
6.0,30.0,52.41,52.830002,52.16,52.27,38800.0,-0.13999999999999346
6.0,29.0,53.549999,53.549999,52.07,52.150002,25700.0,-1.399996999999999
6.0,26.0,54.080002,54.080002,53.310001,53.470001,13000.0,-0.6100009999999969
6.0,25.0,54.580002,54.59,53.91,54.09,16300.0,-0.49000199999999694
6.0,24.0,55.169998,55.169998,54.32,54.369999,11900.0,-0.7999989999999997
6.0,23.0,54.860001,54.959999,54.59,54.91,18300.0,0.04999899999999968
6.0,22.0,54.73,54.779999,54.439999,54.689999,7700.0,-0.04000099999999662
6.0,19.0,54.84,54.869999,54.450001,54.669998,13700.0,-0.17000200000000376
6.0,18.0,54.189999,54.810001,54.189999,54.73,15400.0,0.5400009999999966
6.0,17.0,54.580002,54.610001,54.099998,54.119999,16500.0,-0.4600030000000004
6.0,16.0,53.799999,54.389999,53.799999,54.209999,63400.0,0.4100000000000037
6.0,15.0,53.849998,54.119999,53.279999,53.970001,9400.0,0.12000300000000408
6.0,12.0,53.310001,53.709999,53.310001,53.630001,8000.0,0.3200000000000003
6.0,11.0,54.119999,54.119999,53.599998,53.639999,14400.0,-0.4799999999999969
6.0,10.0,53.189999,54.040001,53.18,53.98,11800.0,0.7900009999999966
6.0,9.0,53.09,53.18,52.639999,53.009998,11000.0,-0.08000200000000035
6.0,8.0,53.639999,53.700001,53.139999,53.18,8400.0,-0.4599990000000034
6.0,5.0,53.279999,53.790001,52.990002,53.790001,15100.0,0.5100020000000001
6.0,4.0,53.93,53.939999,53.220001,53.389999,17900.0,-0.5400009999999966
6.0,3.0,53.630001,54.09,53.599998,54.040001,20400.0,0.4099999999999966
6.0,2.0,53.240002,53.580002,53.07,53.259998,9500.0,0.01999600000000612
6.0,1.0,53.23,53.509998,52.73,53.400002,9700.0,0.17000200000000376
5.0,29.0,53.189999,53.349998,52.77,53.259998,6900.0,0.06999900000000281
5.0,28.0,53.27,53.470001,53.27,53.450001,12300.0,0.1800009999999972
5.0,27.0,52.869999,53.419998,52.549999,53.419998,11900.0,0.5499989999999997
5.0,26.0,53.049999,53.049999,52.439999,52.630001,10300.0,-0.41999799999999965
5.0,22.0,53.419998,53.509998,53.169998,53.279999,7500.0,-0.1399990000000031
5.0,21.0,53.209999,53.540001,53.209999,53.459999,16700.0,0.25
5.0,20.0,53.5,53.5,53.18,53.360001,10300.0,-0.1399990000000031
5.0,19.0,53.599998,53.599998,53.299999,53.509998,11000.0,-0.0899999999999963
5.0,18.0,52.84,53.41,52.810001,53.41,7200.0,0.5699999999999932
5.0,15.0,53.07,53.07,52.66,52.77,14000.0,-0.29999999999999716
5.0,14.0,52.48,52.93,52.459999,52.91,17000.0,0.4299999999999997
5.0,13.0,52.41,52.580002,52.150002,52.349998,9300.0,-0.060001999999997224
5.0,12.0,52.110001,52.32,51.5,52.130001,20400.0,0.020000000000003126
5.0,11.0,52.200001,52.630001,52.169998,52.279999,13300.0,0.07999799999999624
5.0,8.0,52.439999,52.439999,52.009998,52.169998,11600.0,-0.2700010000000006
5.0,7.0,51.150002,51.880001,51.150002,51.779999,11900.0,0.6299969999999959
5.0,6.0,51.43,51.43,50.91,51.0,9200.0,-0.4299999999999997
5.0,5.0,52.099998,52.099998,50.900002,51.07,46100.0,-1.029997999999999
5.0,4.0,52.16,52.43,51.970001,52.099998,16500.0,-0.060001999999997224
5.0,1.0,51.700001,52.150002,51.509998,52.150002,19900.0,0.4500010000000003
4.0,30.0,52.310001,52.310001,51.330002,51.439999,22500.0,-0.8700019999999995
4.0,29.0,52.810001,53.080002,52.459999,52.580002,14400.0,-0.2299989999999994
4.0,28.0,52.66,52.939999,52.16,52.91,7600.0,0.25
4.0,27.0,52.889999,53.220001,52.299999,52.490002,14400.0,-0.39999700000000615
4.0,24.0,53.43,53.43,52.549999,52.619999,23400.0,-0.8100009999999997
4.0,23.0,53.240002,53.470001,52.849998,53.349998,10800.0,0.10999600000000243
4.0,22.0,53.119999,53.189999,52.549999,53.119999,10800.0,0.0
4.0,21.0,52.98,53.189999,52.889999,53.09,9000.0,0.11000000000000654
4.0,20.0,52.57,53.150002,52.57,53.0,8100.0,0.4299999999999997
4.0,17.0,53.23,53.23,52.09,52.32,30100.0,-0.9099999999999966
4.0,16.0,53.259998,53.560001,53.259998,53.310001,24000.0,0.05000299999999669
4.0,15.0,53.029999,53.52,52.919998,53.41,13100.0,0.38000100000000003
4.0,14.0,53.240002,53.240002,52.610001,52.869999,13800.0,-0.370002999999997
4.0,13.0,53.389999,53.389999,52.869999,52.869999,8300.0,-0.5200000000000031
4.0,10.0,53.060001,53.139999,52.900002,53.139999,11100.0,0.07999800000000334
4.0,9.0,53.049999,53.049999,52.5,52.799999,26300.0,-0.25
4.0,8.0,52.209999,52.939999,52.209999,52.75,11300.0,0.5400009999999966
4.0,7.0,52.82,52.82,52.439999,52.439999,18800.0,-0.38000100000000003
4.0,6.0,52.5,52.720001,52.490002,52.610001,14700.0,0.1100009999999969
4.0,2.0,52.639999,52.880001,52.330002,52.470001,12500.0,-0.16999799999999965
4.0,1.0,52.150002,52.630001,51.740002,52.389999,17000.0,0.23999700000000246
3.0,31.0,53.02,53.02,52.349998,52.720001,14800.0,-0.2999989999999997
3.0,30.0,52.73,52.970001,52.57,52.91,10900.0,0.17999999999999972
3.0,27.0,52.040001,52.389999,51.639999,52.380001,12700.0,0.3400000000000034
3.0,26.0,51.919998,52.049999,51.439999,51.82,21400.0,-0.09999799999999937
3.0,25.0,54.009998,54.009998,52.049999,52.049999,22500.0,-1.9599990000000034
3.0,24.0,54.029999,54.029999,53.650002,53.669998,18600.0,-0.3600009999999969
3.0,23.0,54.049999,54.07,53.779999,53.889999,15600.0,-0.1599999999999966
3.0,20.0,53.200001,53.900002,53.200001,53.77,12700.0,0.5699990000000028
3.0,19.0,53.400002,53.400002,52.939999,53.360001,20600.0,-0.04000100000000373
3.0,18.0,52.369999,53.200001,52.299999,53.049999,93800.0,0.6799999999999997
3.0,17.0,52.279999,52.549999,52.279999,52.540001,34700.0,0.26000200000000007
3.0,16.0,52.299999,52.639999,52.169998,52.599998,29100.0,0.2999989999999997
3.0,13.0,52.450001,52.450001,51.459999,52.130001,25900.0,-0.3200000000000003
3.0,12.0,51.700001,52.110001,51.41,52.110001,20200.0,0.4099999999999966
3.0,11.0,51.41,51.41,50.91,51.369999,18900.0,-0.04000099999999662
3.0,10.0,51.830002,51.830002,51.060001,51.060001,16700.0,-0.7700010000000006
3.0,9.0,51.66,52.0,51.59,51.91,32100.0,0.25
3.0,6.0,52.07,52.25,51.639999,51.650002,27100.0,-0.41999799999999965
3.0,5.0,52.310001,52.310001,51.990002,52.27,9000.0,-0.04000099999999662
3.0,4.0,52.18,52.27,51.84,52.200001,34800.0,0.0200010000000006
3.0,3.0,52.59,52.59,52.130001,52.27,12500.0,-0.3200000000000003
3.0,2.0,52.290001,52.669998,52.25,52.66,26000.0,0.36999899999999997
2.0,27.0,52.279999,52.529999,52.169998,52.169998,10500.0,-0.1100009999999969
2.0,26.0,52.400002,52.639999,52.400002,52.52,8400.0,0.11999800000000249
2.0,25.0,52.43,52.43,51.950001,52.220001,33200.0,-0.20999899999999627
2.0,24.0,52.130001,52.240002,51.759998,52.240002,12500.0,0.1100009999999969
2.0,23.0,51.91,51.919998,51.490002,51.869999,11200.0,-0.04000099999999662
2.0,20.0,52.150002,52.18,51.599998,52.02,15600.0,-0.1300019999999975
2.0,19.0,51.93,52.09,51.73,51.950001,20000.0,0.0200010000000006
2.0,18.0,52.009998,52.009998,51.5,51.869999,34400.0,-0.1399990000000031
2.0,17.0,52.040001,52.040001,51.639999,51.639999,27500.0,-0.40000199999999353
2.0,13.0,51.380001,51.830002,51.34,51.779999,16700.0,0.3999979999999965
2.0,12.0,50.759998,51.380001,50.759998,51.380001,10800.0,0.620002999999997
2.0,11.0,50.560001,50.68,50.400002,50.59,24100.0,0.02999900000000366
2.0,10.0,50.490002,50.540001,49.889999,50.540001,16800.0,0.04999899999999968
2.0,9.0,50.240002,50.380001,50.0,50.049999,14200.0,-0.19000299999999726
2.0,6.0,50.580002,50.73,50.099998,50.240002,26300.0,-0.3400000000000034
2.0,5.0,50.299999,50.470001,50.139999,50.470001,8700.0,0.17000200000000376
2.0,4.0,49.68,50.25,49.68,49.900002,10000.0,0.22000200000000092
2.0,3.0,49.200001,49.970001,49.200001,49.889999,11900.0,0.6899980000000028
2.0,2.0,48.209999,48.650002,47.790001,48.650002,18100.0,0.44000299999999726
1.0,30.0,49.200001,49.439999,48.57,48.57,23700.0,-0.630001
1.0,29.0,48.82,49.220001,48.439999,49.139999,34600.0,0.3199990000000028
1.0,28.0,49.450001,49.450001,48.709999,48.849998,10800.0,-0.600003000000001
1.0,27.0,49.09,49.25,48.580002,48.970001,14000.0,-0.11999899999999997
1.0,26.0,49.099998,49.540001,48.900002,49.490002,17300.0,0.3900039999999976
1.0,23.0,49.23,49.41,49.009998,49.240002,17600.0,0.010002000000000066
1.0,22.0,48.75,48.98,48.0,48.900002,13100.0,0.15000200000000063
1.0,21.0,48.669998,48.669998,47.860001,48.150002,13900.0,-0.519995999999999
1.0,20.0,48.939999,48.939999,47.970001,48.490002,43600.0,-0.4499970000000033
1.0,16.0,47.5,48.310001,47.5,48.310001,29300.0,0.8100009999999997
1.0,15.0,48.34,48.369999,47.32,47.450001,108600.0,-0.8899990000000031
1.0,14.0,48.009998,48.599998,47.849998,48.310001,19700.0,0.3000029999999967
1.0,13.0,48.939999,49.66,48.119999,48.509998,17000.0,-0.4300009999999972
1.0,12.0,48.68,48.68,47.950001,48.41,30200.0,-0.2700000000000031
1.0,9.0,49.139999,49.139999,48.529999,48.740002,16000.0,-0.39999700000000615
1.0,8.0,48.369999,49.200001,48.369999,49.099998,18000.0,0.7299989999999994
1.0,7.0,48.119999,48.200001,47.759998,48.200001,25500.0,0.08000200000000035
1.0,6.0,48.66,48.669998,47.330002,47.740002,24500.0,-0.9199979999999996
1.0,5.0,49.099998,49.43,48.490002,48.630001,26400.0,-0.46999699999999933
1.0,2.0,50.240002,50.470001,49.0,49.549999,27900.0,-0.6900029999999973
12.0,31.0,50.5,50.970001,50.220001,50.220001,9200.0,-0.27999899999999656
12.0,30.0,50.720001,50.77,50.369999,50.459999,18300.0,-0.26000200000000007
12.0,29.0,51.169998,51.169998,50.630001,50.709999,35700.0,-0.45999899999999627
12.0,26.0,50.619999,51.080002,50.619999,50.91,10100.0,0.2900009999999966
12.0,24.0,50.619999,50.75,50.259998,50.57,11600.0,-0.04999899999999968
12.0,23.0,50.490002,50.689999,50.209999,50.380001,12600.0,-0.1100009999999969
12.0,22.0,50.040001,50.23,49.880001,50.189999,24500.0,0.14999800000000363
12.0,19.0,49.599998,49.790001,49.5,49.700001,14000.0,0.10000300000000095
12.0,18.0,49.32,49.759998,49.200001,49.619999,19400.0,0.2999989999999997
12.0,17.0,47.490002,48.709999,47.32,48.669998,10900.0,1.1799960000000027
12.0,16.0,47.970001,48.040001,47.529999,47.529999,9500.0,-0.4400020000000069
12.0,15.0,48.59,48.59,47.630001,47.73,15000.0,-0.8600000000000065
12.0,12.0,48.360001,48.52,47.959999,48.029999,10000.0,-0.33000200000000035
12.0,11.0,48.779999,49.630001,48.759998,48.790001,18700.0,0.010002000000000066
12.0,10.0,49.580002,49.669998,48.709999,48.779999,18000.0,-0.8000030000000038
12.0,9.0,48.290001,49.77,48.220001,49.73,86900.0,1.4399990000000003
12.0,8.0,49.799999,50.0,48.73,48.869999,161600.0,-0.9299999999999997
12.0,5.0,49.59,49.810001,49.59,49.790001,9800.0,0.2000009999999932
12.0,4.0,49.290001,49.439999,49.139999,49.290001,9400.0,0.0
12.0,3.0,48.619999,49.419998,48.619999,49.380001,12200.0,0.7600020000000001
12.0,2.0,48.310001,48.73,48.299999,48.669998,10500.0,0.3599969999999999
12.0,1.0,48.77,48.77,48.0,48.040001,25800.0,-0.7299990000000065
11.0,28.0,49.02,49.169998,48.880001,48.93,10900.0,-0.09000000000000341
11.0,26.0,48.75,49.07,48.75,49.060001,17000.0,0.31000099999999975
11.0,25.0,48.669998,48.849998,48.57,48.599998,15200.0,-0.07000000000000028
11.0,24.0,47.990002,48.639999,47.990002,48.639999,59600.0,0.6499970000000062
11.0,21.0,48.549999,48.549999,47.830002,47.830002,18500.0,-0.7199969999999993
11.0,20.0,46.990002,47.880001,46.990002,47.880001,23800.0,0.8899990000000031
11.0,19.0,48.080002,48.080002,47.200001,47.389999,22600.0,-0.6900029999999973
11.0,18.0,48.189999,48.439999,48.07,48.25,25700.0,0.06000099999999975
11.0,17.0,48.619999,48.66,47.799999,47.799999,49600.0,-0.8200000000000003
11.0,14.0,48.34,48.709999,47.970001,48.599998,45200.0,0.25999799999999595
11.0,13.0,48.610001,48.82,48.099998,48.220001,30700.0,-0.38999999999999346
11.0,12.0,48.32,48.689999,48.169998,48.639999,24900.0,0.3199990000000028
11.0,11.0,48.57,48.57,48.130001,48.400002,157700.0,-0.16999799999999965
11.0,10.0,47.970001,48.380001,47.970001,48.380001,122100.0,0.4099999999999966
11.0,7.0,48.080002,48.080002,47.720001,48.07,8100.0,-0.010002000000000066
11.0,6.0,48.049999,48.200001,47.919998,48.16,13400.0,0.1100009999999969
11.0,5.0,48.27,48.369999,47.860001,48.080002,17400.0,-0.18999800000000278
11.0,4.0,47.830002,48.310001,47.73,47.98,19900.0,0.14999799999999652
11.0,3.0,47.950001,48.310001,47.82,47.82,9800.0,-0.13000100000000003
10.0,31.0,47.400002,48.07,47.400002,48.049999,35800.0,0.649996999999999
10.0,30.0,46.360001,47.029999,46.23,46.900002,12300.0,0.5400010000000037
10.0,29.0,46.540001,46.77,46.099998,46.360001,31300.0,-0.17999999999999972
10.0,28.0,44.740002,46.419998,44.740002,46.419998,28900.0,1.6799960000000027
10.0,27.0,44.16,44.509998,44.0,44.439999,15200.0,0.27999900000000366
10.0,24.0,44.439999,44.639999,44.299999,44.470001,6200.0,0.030002000000003193
10.0,23.0,43.68,44.599998,43.68,44.369999,18200.0,0.6899990000000003
10.0,22.0,44.009998,44.220001,43.299999,43.299999,35800.0,-0.7099990000000034
10.0,21.0,43.400002,44.009998,43.400002,43.959999,15600.0,0.5599970000000027
10.0,20.0,42.799999,43.049999,42.720001,43.02,46000.0,0.22000100000000344
10.0,17.0,43.290001,43.360001,42.650002,42.869999,12600.0,-0.42000199999999666
10.0,16.0,41.990002,42.98,41.990002,42.880001,35400.0,0.8899990000000031
10.0,15.0,41.459999,42.759998,41.150002,42.610001,29500.0,1.1500019999999935
10.0,14.0,41.66,42.490002,41.66,41.889999,16000.0,0.2299990000000065
10.0,13.0,41.52,42.32,41.27,41.470001,40700.0,-0.04999899999999968
10.0,10.0,42.5,42.619999,41.650002,41.779999,41200.0,-0.7200010000000034
10.0,9.0,43.970001,44.0,42.950001,42.950001,9500.0,-1.0200000000000031
10.0,8.0,43.27,44.060001,42.720001,44.060001,12600.0,0.7900009999999966
10.0,7.0,43.759998,43.970001,43.349998,43.360001,13400.0,-0.39999700000000615
10.0,6.0,45.02,45.09,43.040001,44.220001,29300.0,-0.7999989999999997
10.0,3.0,44.970001,45.330002,44.970001,45.02,8400.0,0.04999899999999968
10.0,2.0,43.919998,44.880001,43.82,44.630001,15700.0,0.7100030000000004
10.0,1.0,44.619999,44.619999,43.950001,44.049999,24600.0,-0.5700000000000003
9.0,30.0,45.09,45.189999,44.84,44.84,51100.0,-0.25
9.0,29.0,44.689999,45.299999,44.610001,45.16,18100.0,0.47000099999999634
9.0,26.0,44.860001,45.130001,44.860001,45.099998,7100.0,0.23999700000000246
9.0,25.0,45.509998,45.509998,44.689999,44.779999,25600.0,-0.7299990000000065
9.0,24.0,45.189999,45.689999,45.189999,45.57,21200.0,0.38000100000000003
9.0,23.0,45.389999,45.59,45.110001,45.150002,28700.0,-0.23999700000000246
9.0,22.0,45.959999,45.959999,45.43,45.5,144600.0,-0.4599990000000034
9.0,19.0,46.919998,46.959999,45.869999,46.16,20600.0,-0.7599980000000031
9.0,18.0,46.389999,46.759998,46.369999,46.720001,16900.0,0.33000200000000035
9.0,17.0,46.029999,46.419998,46.029999,46.150002,9700.0,0.12000300000000408
9.0,16.0,45.779999,46.169998,45.540001,46.119999,9500.0,0.3400000000000034
9.0,15.0,46.529999,46.59,45.849998,45.990002,7300.0,-0.5399969999999996
9.0,12.0,46.790001,46.82,46.470001,46.560001,4400.0,-0.22999999999999687
9.0,11.0,46.400002,47.060001,46.400002,46.970001,5000.0,0.5699990000000028
9.0,10.0,46.41,46.529999,46.16,46.529999,6000.0,0.11999899999999997
9.0,9.0,47.130001,47.130001,46.400002,46.470001,20700.0,-0.6599999999999966
9.0,8.0,46.889999,47.34,46.889999,47.040001,8700.0,0.15000199999999353
9.0,5.0,46.869999,47.0,46.580002,46.939999,12400.0,0.07000000000000028
9.0,4.0,47.18,47.52,46.880001,46.880001,7300.0,-0.2999989999999997
9.0,3.0,47.560001,47.560001,46.869999,46.869999,29200.0,-0.6900019999999998
9.0,2.0,47.220001,47.48,47.060001,47.48,19400.0,0.25999899999999343
8.0,29.0,46.560001,47.049999,46.439999,47.02,23900.0,0.4599990000000034
8.0,28.0,46.560001,46.669998,46.380001,46.439999,16900.0,-0.1200019999999995
8.0,27.0,46.810001,46.900002,46.57,46.700001,14100.0,-0.10999999999999943
8.0,26.0,46.5,46.98,46.5,46.900002,14500.0,0.40000200000000063
8.0,25.0,46.84,46.950001,46.23,46.380001,9900.0,-0.4599990000000034
8.0,22.0,46.41,46.799999,46.41,46.689999,6600.0,0.27999900000000366
8.0,21.0,46.240002,46.599998,45.84,46.5,29000.0,0.25999800000000306
8.0,20.0,46.470001,46.540001,46.16,46.369999,12900.0,-0.10000200000000348
8.0,19.0,46.400002,46.720001,46.400002,46.610001,9500.0,0.20999899999999627
8.0,18.0,46.0,46.380001,46.0,46.299999,12700.0,0.2999989999999997
8.0,15.0,45.959999,46.25,45.290001,45.709999,10700.0,-0.25
8.0,14.0,45.630001,45.849998,45.540001,45.75,5900.0,0.11999899999999997
8.0,13.0,45.599998,45.84,45.560001,45.619999,7700.0,0.0200010000000006
8.0,12.0,45.900002,45.93,45.400002,45.52,6800.0,-0.3800019999999975
8.0,11.0,45.490002,46.16,45.490002,45.950001,17000.0,0.4599990000000034
8.0,8.0,45.029999,45.43,45.029999,45.43,5300.0,0.40000100000000316
8.0,7.0,45.439999,45.650002,44.93,44.939999,9500.0,-0.5
8.0,6.0,44.950001,45.639999,44.919998,45.41,6900.0,0.45999899999999627
8.0,5.0,44.939999,45.57,44.939999,45.369999,25800.0,0.4299999999999997
8.0,4.0,44.77,45.169998,44.419998,45.169998,14100.0,0.3999979999999965
8.0,1.0,44.459999,44.799999,44.240002,44.639999,25400.0,0.17999999999999972
7.0,31.0,45.369999,45.43,44.580002,44.669998,224900.0,-0.7000010000000003
7.0,30.0,45.400002,45.77,45.23,45.610001,21700.0,0.20999899999999627
7.0,29.0,45.130001,45.610001,45.130001,45.400002,11900.0,0.2700010000000006
7.0,28.0,45.040001,45.150002,44.43,44.98,25500.0,-0.06000099999999975
7.0,25.0,45.32,45.32,44.919998,45.02,17200.0,-0.29999999999999716
7.0,24.0,45.5,45.939999,45.310001,45.5,30100.0,0.0
7.0,23.0,46.040001,46.040001,45.32,45.470001,21700.0,-0.5699999999999932
7.0,22.0,45.720001,46.130001,45.650002,46.0,15000.0,0.27999899999999656
7.0,21.0,45.18,45.34,45.02,45.330002,16300.0,0.15000200000000063
7.0,18.0,44.52,45.32,44.400002,45.279999,19100.0,0.7599989999999934
7.0,17.0,44.919998,45.049999,44.560001,44.650002,15000.0,-0.269995999999999
7.0,16.0,45.400002,45.400002,44.950001,45.110001,86000.0,-0.29000100000000373
7.0,15.0,45.869999,45.869999,44.900002,45.150002,16400.0,-0.7199969999999993
7.0,14.0,45.93,46.0,45.68,45.830002,25300.0,-0.09999799999999937
7.0,11.0,45.490002,45.66,45.419998,45.529999,7600.0,0.039996999999999616
7.0,10.0,45.360001,45.950001,45.150002,45.59,200200.0,0.2299990000000065
7.0,9.0,46.23,46.439999,46.029999,46.139999,12800.0,-0.09000099999999378
7.0,8.0,46.880001,46.880001,45.860001,46.139999,74000.0,-0.7400019999999969
7.0,7.0,47.639999,47.639999,46.93,46.98,7000.0,-0.6599990000000062
7.0,3.0,47.580002,47.830002,47.580002,47.830002,7200.0,0.25
7.0,2.0,47.57,47.799999,47.41,47.41,14500.0,-0.1600000000000037
7.0,1.0,46.990002,47.93,46.990002,47.759998,17800.0,0.7699960000000061
6.0,30.0,46.450001,46.900002,46.34,46.900002,10400.0,0.4500010000000003
6.0,27.0,46.150002,46.5,46.150002,46.450001,5900.0,0.2999989999999997
6.0,26.0,46.310001,46.310001,45.84,46.18,5100.0,-0.13000100000000003
6.0,25.0,45.830002,46.189999,45.740002,46.139999,12300.0,0.30999700000000274
6.0,24.0,46.389999,46.84,45.860001,45.889999,11800.0,-0.5
6.0,23.0,46.25,46.380001,46.200001,46.349998,10900.0,0.09999799999999937
6.0,20.0,46.169998,46.27,45.959999,46.200001,18300.0,0.030003000000000668
6.0,19.0,46.18,46.27,45.75,46.060001,12700.0,-0.11999899999999997
6.0,18.0,45.939999,46.099998,45.639999,46.099998,24900.0,0.15999899999999911
6.0,17.0,45.529999,46.200001,45.529999,46.080002,38900.0,0.5500030000000038
6.0,16.0,45.450001,45.450001,45.18,45.400002,14500.0,-0.04999899999999968
6.0,13.0,45.130001,45.459999,45.009998,45.459999,10500.0,0.32999800000000334
6.0,12.0,44.830002,45.200001,44.720001,44.810001,74700.0,-0.0200010000000006
6.0,11.0,44.849998,45.25,44.849998,45.150002,8100.0,0.30000400000000127
6.0,10.0,44.82,45.049999,44.68,44.939999,19700.0,0.11999899999999997
6.0,9.0,44.549999,45.169998,44.549999,44.900002,20900.0,0.35000300000000095
6.0,6.0,44.16,44.66,44.16,44.41,15900.0,0.25
6.0,5.0,43.09,44.09,42.810001,43.970001,29300.0,0.880001
6.0,4.0,42.700001,43.029999,42.560001,42.950001,9800.0,0.25
6.0,3.0,42.889999,43.0,42.5,42.82,13000.0,-0.06999900000000281
6.0,2.0,43.450001,43.450001,42.709999,42.939999,24100.0,-0.5100020000000001
5.0,30.0,43.689999,43.689999,43.220001,43.419998,17300.0,-0.2700010000000006
5.0,29.0,43.880001,43.880001,43.599998,43.689999,14400.0,-0.19000199999999978
5.0,28.0,43.630001,43.779999,43.389999,43.639999,7200.0,0.00999800000000306
5.0,27.0,43.41,44.0,43.349998,43.77,31400.0,0.36000000000000654
5.0,23.0,42.48,43.169998,42.48,43.110001,25200.0,0.630001
5.0,22.0,42.220001,42.619999,42.18,42.439999,23600.0,0.2199979999999968
5.0,21.0,42.16,42.32,41.740002,42.080002,19400.0,-0.07999799999999624
5.0,20.0,42.66,42.66,41.73,41.950001,37000.0,-0.7099989999999963
5.0,19.0,42.029999,42.849998,41.970001,42.73,22800.0,0.7000010000000003
5.0,16.0,41.779999,42.049999,41.389999,42.029999,8000.0,0.25
5.0,15.0,41.59,41.73,41.029999,41.709999,31800.0,0.11999899999999997
5.0,14.0,42.799999,42.799999,41.779999,41.84,10900.0,-0.9599989999999963
5.0,13.0,43.470001,43.470001,42.700001,42.779999,10500.0,-0.6900020000000069
5.0,12.0,42.200001,43.630001,42.200001,43.380001,24200.0,1.1799999999999997
5.0,9.0,41.75,42.150002,41.380001,42.009998,17600.0,0.25999800000000306
5.0,8.0,41.919998,42.759998,41.619999,41.720001,30100.0,-0.1999969999999962
5.0,7.0,42.279999,42.310001,41.5,42.029999,51100.0,-0.25
5.0,6.0,42.84,42.860001,42.07,42.07,43400.0,-0.7700000000000031
5.0,5.0,42.790001,43.18,42.529999,43.029999,16800.0,0.23999799999999993
5.0,2.0,43.18,43.639999,43.139999,43.139999,19100.0,-0.04000099999999662
5.0,1.0,43.07,43.790001,42.700001,43.080002,32200.0,0.010002000000000066
4.0,30.0,42.77,43.209999,42.419998,43.16,46000.0,0.38999999999999346
4.0,29.0,43.009998,43.25,42.84,42.98,13200.0,-0.029998000000006186
4.0,28.0,43.450001,43.529999,42.209999,42.830002,28500.0,-0.619999
4.0,25.0,44.43,44.43,43.299999,43.34,14100.0,-1.0899999999999963
4.0,24.0,44.950001,44.990002,44.209999,44.560001,24300.0,-0.39000000000000057
4.0,23.0,44.75,44.889999,44.400002,44.549999,27400.0,-0.20000100000000032
4.0,22.0,44.139999,44.93,44.07,44.689999,27000.0,0.5499999999999972
4.0,21.0,44.040001,44.200001,43.669998,44.099998,19100.0,0.05999700000000274
4.0,17.0,43.419998,44.200001,43.419998,44.049999,18400.0,0.630001
4.0,16.0,43.360001,43.619999,43.040001,43.619999,11900.0,0.25999800000000306
4.0,15.0,43.040001,43.220001,42.060001,43.09,90400.0,0.04999900000000679
4.0,14.0,43.34,43.349998,42.52,42.869999,20000.0,-0.47000100000000344
4.0,11.0,43.450001,43.619999,42.720001,42.900002,42100.0,-0.5499989999999997
4.0,10.0,44.889999,44.900002,43.380001,43.650002,35400.0,-1.2399970000000025
4.0,9.0,44.380001,45.049999,44.189999,45.049999,22300.0,0.6699979999999996
4.0,8.0,43.880001,44.5,43.720001,44.360001,35600.0,0.4799999999999969
4.0,7.0,44.380001,44.450001,43.639999,43.880001,43600.0,-0.5
4.0,4.0,46.099998,46.18,44.389999,44.720001,27800.0,-1.379996999999996
4.0,3.0,46.150002,46.310001,45.73,45.889999,16400.0,-0.26000299999999754
4.0,2.0,46.07,46.27,46.009998,46.23,10100.0,0.1599999999999966
4.0,1.0,45.560001,46.009998,45.560001,45.970001,27300.0,0.4100000000000037
3.0,31.0,44.639999,45.549999,44.560001,45.360001,52000.0,0.7200019999999938
3.0,28.0,44.610001,45.290001,44.470001,44.470001,12600.0,-0.13999999999999346
3.0,27.0,44.709999,45.049999,44.380001,44.59,32300.0,-0.11999899999999997
3.0,26.0,46.0,46.169998,44.779999,44.779999,30200.0,-1.2200010000000034
3.0,25.0,46.02,46.5,45.650002,45.740002,23000.0,-0.2799980000000062
3.0,24.0,46.439999,46.599998,45.34,45.75,16600.0,-0.6899990000000003
3.0,21.0,46.639999,47.060001,46.34,46.439999,14800.0,-0.20000000000000284
3.0,20.0,46.400002,46.77,46.209999,46.650002,37100.0,0.25
3.0,19.0,46.900002,46.93,46.34,46.48,11500.0,-0.42000200000000376
3.0,18.0,46.119999,46.900002,46.119999,46.869999,28700.0,0.75
3.0,17.0,45.91,46.330002,45.91,46.080002,19300.0,0.17000200000000376
3.0,14.0,45.470001,45.93,45.389999,45.810001,31000.0,0.3399999999999963
3.0,13.0,46.299999,46.369999,45.27,45.560001,36300.0,-0.7399979999999999
3.0,12.0,45.98,46.290001,45.650002,46.290001,185000.0,0.31000099999999975
3.0,11.0,46.830002,46.93,46.0,46.060001,17400.0,-0.7700010000000006
3.0,10.0,46.830002,46.950001,46.470001,46.68,27400.0,-0.15000200000000063
3.0,7.0,47.049999,47.150002,46.77,46.880001,47000.0,-0.16999799999999965
3.0,6.0,47.150002,47.150002,46.900002,46.959999,32100.0,-0.19000299999999726
3.0,5.0,47.060001,47.09,46.82,47.07,21300.0,0.009999000000000535
3.0,4.0,45.950001,47.200001,45.950001,47.0,13500.0,1.0499989999999997
3.0,3.0,45.560001,45.599998,44.900002,45.450001,29200.0,-0.10999999999999943
2.0,28.0,45.98,46.299999,45.610001,45.810001,26300.0,-0.16999899999999712
2.0,27.0,45.799999,46.060001,45.619999,46.029999,34200.0,0.22999999999999687
2.0,26.0,45.41,46.07,45.41,45.759998,38900.0,0.34999800000000647
2.0,25.0,45.5,45.52,45.18,45.23,31000.0,-0.2700000000000031
2.0,24.0,45.299999,45.630001,45.200001,45.490002,24900.0,0.19000299999999726
2.0,21.0,45.130001,45.240002,44.91,44.950001,24700.0,-0.17999999999999972
2.0,20.0,44.490002,45.150002,44.470001,45.099998,24900.0,0.6099960000000024
2.0,19.0,44.740002,44.849998,44.349998,44.459999,33800.0,-0.28000299999999356
2.0,18.0,44.130001,44.790001,44.130001,44.73,39800.0,0.5999989999999968
2.0,14.0,44.119999,44.150002,43.630001,44.130001,28300.0,0.010002000000000066
2.0,13.0,43.330002,44.099998,43.040001,44.099998,18300.0,0.769995999999999
2.0,12.0,43.310001,43.540001,43.200001,43.43,27600.0,0.11999899999999997
2.0,11.0,42.880001,43.349998,42.880001,43.16,40300.0,0.27999899999999656
2.0,10.0,42.889999,42.939999,42.580002,42.91,31200.0,0.020000999999993496
2.0,7.0,42.700001,43.029999,42.580002,43.02,22900.0,0.3199990000000028
2.0,6.0,41.98,42.709999,41.970001,42.639999,18100.0,0.6599990000000062
2.0,5.0,41.98,42.080002,41.369999,41.869999,25600.0,-0.1100009999999969
2.0,4.0,42.060001,42.330002,41.900002,42.169998,56200.0,0.1099969999999999
2.0,3.0,43.18,43.18,41.599998,41.849998,54600.0,-1.3300020000000004
1.0,31.0,42.900002,43.450001,42.900002,43.169998,26500.0,0.269995999999999
1.0,30.0,43.060001,43.82,43.060001,43.759998,25800.0,0.6999970000000033
1.0,29.0,43.200001,43.400002,42.82,42.869999,44000.0,-0.33000200000000035
1.0,28.0,43.240002,43.43,42.52,43.43,23600.0,0.18999800000000278
1.0,27.0,43.77,43.77,42.880001,43.18,48400.0,-0.5900000000000034
1.0,24.0,44.560001,44.560001,43.509998,43.740002,152200.0,-0.8199990000000028
1.0,23.0,45.09,45.09,44.540001,44.869999,26600.0,-0.22000100000000344
1.0,22.0,44.700001,45.16,44.700001,45.150002,31600.0,0.4500010000000003
1.0,21.0,44.610001,44.810001,44.34,44.700001,37800.0,0.09000000000000341
1.0,17.0,44.639999,44.759998,44.34,44.5,27600.0,-0.1399990000000031
1.0,16.0,44.82,44.889999,44.619999,44.790001,28000.0,-0.02999900000000366
1.0,15.0,44.459999,44.98,44.459999,44.93,37000.0,0.47000099999999634
1.0,14.0,43.529999,44.369999,43.529999,44.360001,58000.0,0.8300020000000004
1.0,13.0,44.220001,44.220001,43.299999,43.470001,49800.0,-0.75
1.0,10.0,44.220001,44.27,43.91,44.25,11700.0,0.029998999999996556
1.0,9.0,44.490002,44.599998,44.049999,44.169998,22400.0,-0.3200039999999973
1.0,8.0,44.360001,44.490002,44.189999,44.380001,24800.0,0.020000000000003126
1.0,7.0,43.959999,44.450001,43.869999,44.220001,48600.0,0.26000200000000007
1.0,6.0,44.23,44.23,43.799999,43.830002,36400.0,-0.3999979999999965
1.0,3.0,43.93,44.27,43.889999,44.150002,13800.0,0.22000200000000092
1.0,2.0,44.34,44.34,43.630001,43.950001,52700.0,-0.3899990000000031
12.0,31.0,44.290001,44.639999,44.290001,44.529999,25900.0,0.23999799999999993
12.0,30.0,44.299999,44.439999,44.150002,44.200001,13800.0,-0.09999799999999937
12.0,27.0,44.330002,44.5,44.130001,44.25,40000.0,-0.08000200000000035
12.0,26.0,44.419998,44.639999,44.25,44.349998,20100.0,-0.07000000000000028
12.0,24.0,44.240002,44.459999,44.240002,44.349998,15600.0,0.10999600000000243
12.0,23.0,44.0,44.200001,43.84,44.200001,34200.0,0.20000100000000032
12.0,20.0,42.939999,43.84,42.939999,43.700001,31500.0,0.7600020000000001
12.0,19.0,43.049999,43.080002,42.77,42.889999,21800.0,-0.1599999999999966
12.0,18.0,42.790001,43.200001,42.439999,43.080002,30200.0,0.29000100000000373
12.0,17.0,42.610001,42.77,42.529999,42.77,14000.0,0.15999900000000622
12.0,16.0,42.130001,42.73,42.130001,42.52,32500.0,0.3899990000000031
12.0,13.0,41.970001,42.150002,41.799999,42.060001,10700.0,0.0899999999999963
12.0,12.0,42.099998,42.130001,41.779999,41.970001,18600.0,-0.12999699999999592
12.0,11.0,42.560001,42.560001,42.0,42.130001,13700.0,-0.4299999999999997
12.0,10.0,42.91,42.91,42.59,42.639999,16200.0,-0.2700009999999935
12.0,9.0,43.200001,43.200001,42.709999,42.810001,25200.0,-0.39000000000000057
12.0,6.0,42.849998,43.25,42.849998,43.099998,16800.0,0.25
12.0,5.0,42.490002,42.91,42.490002,42.720001,16700.0,0.2299990000000065
12.0,4.0,42.68,42.93,42.02,42.48,88900.0,-0.20000000000000284
12.0,3.0,42.639999,43.0,42.52,42.66,12100.0,0.020000999999993496
12.0,2.0,43.52,43.52,42.650002,42.720001,30200.0,-0.7999989999999997
11.0,29.0,43.439999,43.669998,43.439999,43.48,10100.0,0.04000099999999662
11.0,27.0,43.189999,43.400002,43.150002,43.400002,15200.0,0.21000300000000038
11.0,26.0,42.75,43.18,42.57,43.09,17500.0,0.3400000000000034
11.0,25.0,42.77,42.869999,42.450001,42.720001,10100.0,-0.04999899999999968
11.0,22.0,42.509998,42.779999,42.419998,42.580002,12300.0,0.07000399999999729
11.0,21.0,41.810001,42.5,41.799999,42.490002,23900.0,0.6800009999999972
11.0,20.0,41.990002,42.0,41.529999,41.700001,15600.0,-0.2900009999999966
11.0,19.0,42.27,42.439999,41.75,41.810001,18200.0,-0.4599990000000034
11.0,18.0,42.419998,42.669998,42.139999,42.259998,29300.0,-0.1599999999999966
11.0,15.0,42.25,42.330002,41.970001,42.240002,39200.0,-0.00999800000000306
11.0,14.0,42.279999,42.279999,42.0,42.200001,41900.0,-0.07999799999999624
11.0,13.0,41.709999,42.32,41.68,42.200001,19300.0,0.49000199999999694
11.0,12.0,41.73,41.900002,41.639999,41.849998,31300.0,0.11999800000000249
11.0,11.0,41.66,41.880001,41.5,41.869999,27400.0,0.20999900000000338
11.0,8.0,41.07,41.860001,40.919998,41.68,31100.0,0.6099999999999994
11.0,7.0,42.119999,42.119999,41.119999,41.119999,25600.0,-1.0
11.0,6.0,42.110001,42.209999,41.830002,42.009998,57800.0,-0.10000299999999385
11.0,5.0,41.779999,41.860001,41.549999,41.849998,12700.0,0.06999900000000281
11.0,4.0,41.369999,41.790001,41.279999,41.740002,41000.0,0.370002999999997
11.0,1.0,41.709999,41.709999,41.009998,41.189999,66300.0,-0.5200000000000031
10.0,31.0,41.540001,41.939999,41.459999,41.77,128500.0,0.2299990000000065
10.0,30.0,42.310001,42.360001,41.540001,41.57,47900.0,-0.7400009999999995
10.0,29.0,42.119999,42.380001,42.049999,42.310001,31100.0,0.19000199999999978
10.0,28.0,42.470001,42.470001,41.790001,41.91,39600.0,-0.5600010000000069
10.0,25.0,42.09,42.310001,41.84,42.02,36700.0,-0.07000000000000028
10.0,24.0,42.029999,42.220001,41.860001,42.080002,20700.0,0.050003000000003794
10.0,23.0,42.349998,42.349998,41.66,41.919998,19800.0,-0.4299999999999997
10.0,22.0,42.509998,42.630001,42.200001,42.299999,33000.0,-0.20999900000000338
10.0,21.0,42.23,42.560001,42.209999,42.25,47300.0,0.020000000000003126
10.0,18.0,41.919998,42.23,41.759998,42.150002,57400.0,0.23000400000000099
10.0,17.0,41.549999,41.700001,41.259998,41.689999,36500.0,0.14000000000000057
10.0,16.0,41.380001,41.650002,41.380001,41.540001,154300.0,0.1599999999999966
10.0,15.0,41.799999,41.799999,41.139999,41.209999,30200.0,-0.5899999999999963
10.0,14.0,41.110001,41.740002,41.060001,41.700001,73800.0,0.5900000000000034
10.0,11.0,40.57,41.299999,40.57,41.189999,22300.0,0.619999
10.0,10.0,39.849998,40.810001,39.810001,40.75,35900.0,0.9000020000000006
10.0,9.0,39.84,39.959999,39.32,39.700001,40600.0,-0.1399990000000031
10.0,8.0,40.509998,40.73,39.700001,39.849998,34400.0,-0.6600000000000037
10.0,7.0,40.889999,40.889999,40.490002,40.57,27100.0,-0.3199990000000028
10.0,4.0,40.689999,41.119999,40.48,40.939999,32000.0,0.25
10.0,3.0,41.09,41.189999,40.259998,40.540001,18800.0,-0.5499990000000068
10.0,2.0,40.84,41.09,40.84,41.0,64800.0,0.1599999999999966
10.0,1.0,40.82,41.209999,40.82,41.02,27500.0,0.20000000000000284
9.0,30.0,40.599998,40.830002,40.110001,40.75,24700.0,0.15000200000000063
9.0,27.0,40.75,40.91,40.59,40.75,27500.0,0.0
9.0,26.0,40.93,41.080002,40.700001,40.990002,32300.0,0.060001999999997224
9.0,25.0,40.950001,41.110001,40.709999,40.810001,32600.0,-0.14000000000000057
9.0,24.0,40.759998,41.200001,40.400002,40.950001,25800.0,0.19000299999999726
9.0,23.0,40.830002,42.119999,40.43,40.799999,26500.0,-0.030003000000000668
9.0,20.0,40.560001,40.84,40.540001,40.549999,48700.0,-0.010002000000000066
9.0,19.0,40.57,40.610001,40.380001,40.509998,17700.0,-0.060001999999997224
9.0,18.0,40.240002,40.599998,39.959999,40.459999,28900.0,0.21999700000000644
9.0,17.0,39.880001,40.139999,39.84,40.139999,6600.0,0.25999800000000306
9.0,16.0,40.209999,40.349998,39.75,39.84,23200.0,-0.36999899999999997
9.0,13.0,39.669998,39.919998,39.48,39.860001,11900.0,0.19000299999999726
9.0,12.0,39.959999,39.959999,39.700001,39.700001,30000.0,-0.25999800000000306
9.0,11.0,39.959999,40.029999,39.790001,39.830002,31200.0,-0.12999700000000303
9.0,10.0,39.59,39.849998,39.52,39.849998,34900.0,0.25999799999999595
9.0,9.0,38.860001,39.349998,38.860001,39.290001,39400.0,0.4299999999999997
9.0,6.0,39.02,39.110001,38.5,38.779999,24800.0,-0.24000100000000657
9.0,5.0,38.900002,39.099998,38.860001,38.939999,24600.0,0.039996999999999616
9.0,4.0,38.209999,38.84,38.209999,38.84,17300.0,0.630001
9.0,3.0,38.549999,38.860001,38.060001,38.330002,17000.0,-0.21999699999999933
8.0,30.0,38.759998,38.849998,38.09,38.139999,17200.0,-0.619999
8.0,29.0,38.240002,38.810001,38.240002,38.740002,20600.0,0.5
8.0,28.0,37.889999,38.299999,37.849998,38.189999,24000.0,0.29999999999999716
8.0,27.0,38.68,38.700001,37.880001,37.939999,164900.0,-0.7400009999999995
8.0,26.0,39.049999,39.18,38.869999,38.98,16100.0,-0.06999900000000281
8.0,23.0,38.889999,39.080002,38.77,38.93,31000.0,0.04000099999999662
8.0,22.0,38.450001,39.610001,38.450001,38.830002,15200.0,0.38000100000000003
8.0,21.0,38.540001,38.610001,38.18,38.470001,8200.0,-0.06999999999999318
8.0,20.0,38.310001,38.630001,38.16,38.560001,9200.0,0.25
8.0,19.0,38.610001,38.610001,38.18,38.18,11500.0,-0.4300009999999972
8.0,16.0,38.66,38.77,38.0,38.599998,64200.0,-0.060001999999997224
8.0,15.0,39.02,39.110001,38.5,38.669998,178800.0,-0.3500020000000035
8.0,14.0,39.540001,39.630001,39.25,39.25,34700.0,-0.2900009999999966
8.0,13.0,39.360001,39.470001,39.110001,39.419998,33400.0,0.05999700000000274
8.0,12.0,38.599998,39.330002,38.599998,39.299999,32900.0,0.7000010000000003
8.0,9.0,38.830002,38.950001,38.560001,38.82,29500.0,-0.010002000000000066
8.0,8.0,38.779999,38.98,38.700001,38.880001,21600.0,0.10000200000000348
8.0,7.0,38.869999,38.869999,38.529999,38.700001,19500.0,-0.16999799999999965
8.0,6.0,39.130001,39.130001,38.650002,38.799999,30900.0,-0.33000200000000035
8.0,5.0,38.700001,39.02,38.68,39.0,131500.0,0.2999989999999997
8.0,2.0,38.68,38.720001,38.48,38.700001,41500.0,0.0200010000000006
8.0,1.0,38.52,38.860001,38.43,38.740002,132400.0,0.2200019999999938
7.0,31.0,38.200001,38.540001,38.200001,38.259998,26200.0,0.05999700000000274
7.0,30.0,38.02,38.27,37.98,38.060001,22400.0,0.04000099999999662
7.0,29.0,38.16,38.16,37.720001,37.790001,22400.0,-0.36999899999999997
7.0,26.0,38.639999,38.639999,37.880001,38.110001,25900.0,-0.5299980000000062
7.0,25.0,38.049999,38.529999,38.009998,38.5,19800.0,0.4500010000000003
7.0,24.0,38.43,38.75,38.07,38.07,28700.0,-0.35999999999999943
7.0,23.0,38.48,38.549999,38.25,38.290001,52600.0,-0.18999900000000025
7.0,22.0,38.380001,38.380001,38.110001,38.27,32900.0,-0.1100009999999969
7.0,19.0,38.060001,38.16,37.970001,38.139999,13300.0,0.07999800000000334
7.0,18.0,38.279999,38.43,38.200001,38.259998,21300.0,-0.020000999999993496
7.0,17.0,38.139999,38.34,38.060001,38.150002,48100.0,0.010002999999997542
7.0,16.0,38.029999,38.130001,37.93,38.029999,85800.0,0.0
7.0,15.0,37.939999,38.060001,37.799999,38.049999,67600.0,0.10999999999999943
7.0,12.0,37.580002,37.959999,37.580002,37.779999,37300.0,0.1999969999999962
7.0,11.0,37.59,37.709999,37.400002,37.57,35800.0,-0.020000000000003126
7.0,10.0,36.93,37.290001,36.93,37.279999,92700.0,0.34999899999999684
7.0,9.0,36.869999,37.110001,36.779999,36.98,49600.0,0.1100009999999969
7.0,8.0,36.950001,37.540001,36.700001,36.830002,30200.0,-0.11999899999999997
7.0,5.0,37.0,37.009998,36.48,36.790001,68500.0,-0.20999900000000338
7.0,3.0,36.07,36.380001,35.900002,36.18,10700.0,0.10999999999999943
7.0,2.0,36.080002,36.32,35.799999,35.950001,16600.0,-0.13000100000000003
7.0,1.0,35.720001,36.209999,35.720001,36.07,11600.0,0.34999899999999684
6.0,28.0,35.59,35.810001,35.459999,35.639999,20000.0,0.04999899999999968
6.0,27.0,35.169998,35.68,35.169998,35.68,21600.0,0.5100020000000001
6.0,26.0,35.25,35.400002,34.970001,35.040001,20200.0,-0.20999900000000338
6.0,25.0,34.869999,35.060001,34.790001,35.040001,41500.0,0.17000199999999666
6.0,24.0,35.080002,35.080002,34.630001,35.060001,63100.0,-0.0200010000000006
6.0,21.0,35.209999,35.310001,34.77,35.25,19600.0,0.04000099999999662
6.0,20.0,35.490002,35.490002,34.91,35.0,15600.0,-0.49000199999999694
6.0,19.0,36.34,37.310001,35.830002,37.310001,20900.0,0.9700009999999963
6.0,18.0,35.84,36.310001,35.84,36.150002,9000.0,0.3100019999999972
6.0,17.0,35.75,35.869999,35.57,35.779999,8100.0,0.029998999999996556
6.0,14.0,35.66,35.66,35.290001,35.470001,6100.0,-0.18999899999999315
6.0,13.0,35.110001,35.759998,35.07,35.759998,41400.0,0.6499970000000062
6.0,12.0,35.799999,35.799999,35.009998,35.119999,8600.0,-0.6799999999999997
6.0,11.0,35.73,35.900002,35.34,35.580002,16100.0,-0.14999799999999652
6.0,10.0,35.830002,35.990002,35.759998,35.880001,11800.0,0.04999899999999968
6.0,7.0,35.75,35.830002,35.490002,35.779999,55400.0,0.029998999999996556
6.0,6.0,35.459999,35.490002,35.07,35.48,20400.0,0.020000999999993496
6.0,5.0,35.619999,35.619999,35.200001,35.200001,24500.0,-0.41999799999999965
6.0,4.0,36.009998,36.09,35.48,35.73,17800.0,-0.2799980000000062
6.0,3.0,35.709999,36.049999,35.389999,35.880001,23500.0,0.17000199999999666
5.0,31.0,35.939999,36.080002,35.790001,35.900002,10900.0,-0.039996999999999616
5.0,30.0,35.610001,36.060001,35.610001,35.93,25600.0,0.3199990000000028
5.0,29.0,35.580002,35.68,35.220001,35.580002,74900.0,0.0
5.0,28.0,35.919998,35.950001,35.529999,35.77,17700.0,-0.14999799999999652
5.0,24.0,34.98,35.259998,34.77,35.200001,36800.0,0.22000100000000344
5.0,23.0,34.59,35.169998,34.59,35.110001,22600.0,0.5200009999999935
5.0,22.0,35.860001,35.860001,34.830002,34.98,12900.0,-0.880001
5.0,21.0,35.709999,36.0,35.630001,35.75,6700.0,0.04000099999999662
5.0,20.0,35.599998,35.900002,35.599998,35.759998,32800.0,0.1600000000000037
5.0,17.0,35.080002,35.669998,34.93,35.610001,60600.0,0.5299989999999966
5.0,16.0,36.119999,36.119999,34.900002,34.950001,24600.0,-1.1699979999999996
5.0,15.0,34.689999,35.040001,34.689999,34.880001,11300.0,0.19000199999999978
5.0,14.0,34.700001,34.889999,34.540001,34.82,11900.0,0.11999899999999997
5.0,13.0,34.59,34.610001,34.380001,34.5,24600.0,-0.09000000000000341
5.0,10.0,34.279999,34.689999,34.279999,34.689999,17500.0,0.4100000000000037
5.0,9.0,34.369999,34.369999,34.09,34.360001,10200.0,-0.00999800000000306
5.0,8.0,34.16,34.310001,33.990002,34.310001,12800.0,0.15000100000000316
5.0,7.0,33.959999,34.18,33.830002,34.119999,17300.0,0.1599999999999966
5.0,6.0,33.849998,34.040001,33.849998,33.939999,14700.0,0.09000100000000089
5.0,3.0,33.41,34.02,33.110001,33.810001,26100.0,0.40000100000000316
5.0,2.0,32.57,33.009998,32.529999,33.009998,15500.0,0.4399980000000028
5.0,1.0,33.18,33.18,32.549999,32.549999,14600.0,-0.630001
4.0,30.0,33.110001,33.900002,32.869999,33.169998,18300.0,0.05999700000000274
4.0,29.0,32.75,33.07,32.650002,33.009998,6700.0,0.25999800000000306
4.0,26.0,32.950001,32.950001,32.540001,32.709999,12900.0,-0.24000199999999694
4.0,25.0,32.619999,33.049999,32.619999,32.759998,8200.0,0.1399990000000031
4.0,24.0,32.400002,32.57,32.279999,32.529999,6600.0,0.12999699999999592
4.0,23.0,32.139999,32.34,31.950001,32.240002,7300.0,0.10000299999999385
4.0,22.0,31.620001,31.66,31.07,31.620001,20300.0,0.0
4.0,19.0,31.27,31.67,31.16,31.59,15100.0,0.3200000000000003
4.0,18.0,31.799999,31.799999,31.24,31.33,26600.0,-0.4699990000000014
4.0,17.0,32.23,32.23,31.639999,31.780001,21000.0,-0.44999899999999826
4.0,16.0,32.259998,32.459999,32.09,32.299999,8300.0,0.04000099999999662
4.0,15.0,32.900002,32.900002,31.940001,31.940001,19400.0,-0.9600010000000019
4.0,12.0,33.110001,33.130001,32.830002,33.080002,8600.0,-0.029998999999996556
4.0,11.0,33.5,33.610001,33.299999,33.299999,11000.0,-0.20000100000000032
4.0,10.0,32.91,33.439999,32.91,33.439999,10300.0,0.5299990000000037
4.0,9.0,32.880001,32.919998,32.650002,32.75,9700.0,-0.13000100000000003
4.0,8.0,32.650002,32.68,32.389999,32.68,8300.0,0.02999799999999908
4.0,5.0,32.459999,32.650002,32.259998,32.540001,29800.0,0.08000199999999325
4.0,4.0,32.68,32.82,32.540001,32.810001,4500.0,0.13000100000000003
4.0,3.0,33.130001,33.150002,32.639999,32.689999,40200.0,-0.4400019999999998
4.0,2.0,33.529999,33.540001,33.02,33.169998,41700.0,-0.3600009999999969
4.0,1.0,34.0,34.029999,33.25,33.41,14200.0,-0.5900000000000034
3.0,28.0,33.68,34.029999,33.619999,34.029999,9300.0,0.34999899999999684
3.0,27.0,33.509998,33.759998,33.400002,33.700001,13500.0,0.19000299999999726
3.0,26.0,33.75,34.32,33.549999,33.799999,15000.0,0.04999899999999968
3.0,25.0,33.650002,33.849998,33.470001,33.599998,11300.0,-0.05000400000000127
3.0,22.0,33.540001,33.66,33.459999,33.57,33500.0,0.02999900000000366
3.0,21.0,33.619999,33.650002,33.279999,33.529999,27800.0,-0.09000000000000341
3.0,20.0,33.529999,33.73,33.529999,33.630001,17300.0,0.10000200000000348
3.0,19.0,33.59,33.700001,33.119999,33.400002,26700.0,-0.18999800000000278
3.0,18.0,33.610001,33.68,33.169998,33.509998,7600.0,-0.10000299999999385
3.0,15.0,33.970001,33.970001,33.73,33.740002,14600.0,-0.2299990000000065
3.0,14.0,33.82,34.07,33.82,34.07,10600.0,0.25
3.0,13.0,33.57,33.810001,33.560001,33.75,27900.0,0.17999999999999972
3.0,12.0,33.650002,33.740002,33.490002,33.540001,11800.0,-0.11000100000000401
3.0,11.0,33.880001,33.880001,33.599998,33.700001,13600.0,-0.17999999999999972
3.0,8.0,33.689999,33.849998,33.580002,33.849998,21500.0,0.15999899999999911
3.0,7.0,33.470001,33.639999,33.369999,33.639999,44400.0,0.16999799999999965
3.0,6.0,33.400002,33.470001,33.34,33.470001,18100.0,0.06999900000000281
3.0,5.0,32.959999,33.439999,32.959999,33.290001,18300.0,0.33000199999999325
3.0,4.0,33.049999,33.23,32.669998,32.93,14800.0,-0.11999899999999997
3.0,1.0,32.799999,33.07,32.689999,33.049999,18200.0,0.25
2.0,28.0,32.860001,33.16,32.860001,32.990002,81300.0,0.13000100000000003
2.0,27.0,32.509998,33.119999,32.509998,32.959999,26800.0,0.4500010000000003
2.0,26.0,32.5,32.73,32.360001,32.639999,9500.0,0.1399990000000031
2.0,25.0,33.18,33.220001,32.369999,32.380001,12400.0,-0.7999989999999997
2.0,22.0,32.889999,33.169998,32.799999,33.060001,23400.0,0.17000199999999666
2.0,21.0,33.25,33.25,32.549999,32.73,23200.0,-0.5200000000000031
2.0,20.0,34.209999,34.209999,33.25,33.400002,23200.0,-0.8099970000000027
2.0,19.0,33.470001,33.810001,33.470001,33.810001,16600.0,0.3399999999999963
2.0,15.0,33.73,33.77,33.369999,33.48,11700.0,-0.25
2.0,14.0,33.400002,33.709999,33.400002,33.68,8900.0,0.2799979999999991
2.0,13.0,33.23,33.43,33.189999,33.349998,57000.0,0.11999800000000249
2.0,12.0,33.27,33.41,33.240002,33.310001,22800.0,0.04000099999999662
2.0,11.0,33.200001,33.240002,32.990002,33.169998,19100.0,-0.030003000000000668
2.0,8.0,33.09,33.299999,33.09,33.240002,16300.0,0.15000199999999353
2.0,7.0,32.970001,33.029999,32.720001,32.939999,45700.0,-0.030002000000003193
2.0,6.0,32.610001,32.93,32.610001,32.93,31300.0,0.3199990000000028
2.0,5.0,32.439999,32.799999,32.389999,32.75,86300.0,0.31000099999999975
2.0,4.0,32.709999,32.810001,32.349998,32.349998,24500.0,-0.360001000000004
2.0,1.0,32.779999,32.950001,32.709999,32.799999,29800.0,0.020000000000003126
1.0,31.0,32.27,32.540001,32.27,32.41,21300.0,0.13999999999999346
1.0,30.0,32.509998,32.639999,32.299999,32.299999,102900.0,-0.20999900000000338
1.0,29.0,32.779999,32.779999,32.48,32.48,44100.0,-0.2999989999999997
1.0,28.0,33.029999,33.119999,32.849998,32.91,16400.0,-0.11999899999999997
1.0,25.0,33.169998,33.18,32.869999,32.970001,18900.0,-0.1999969999999962
1.0,24.0,32.75,32.959999,32.400002,32.73,21000.0,-0.020000000000003126
1.0,23.0,34.529999,34.529999,32.400002,32.59,25200.0,-1.9399989999999931
1.0,22.0,32.439999,32.610001,32.349998,32.599998,90500.0,0.15999899999999911
1.0,18.0,32.139999,32.700001,32.139999,32.34,17100.0,0.20000100000000032
1.0,17.0,31.99,32.32,31.99,32.139999,25500.0,0.14999900000000466
1.0,16.0,31.870001,31.969999,31.809999,31.9,42600.0,0.02999900000000011
1.0,15.0,31.66,31.91,31.48,31.889999,27400.0,0.2299989999999994
1.0,14.0,31.870001,31.870001,31.68,31.809999,43400.0,-0.060001999999997224
1.0,11.0,31.799999,31.959999,31.75,31.93,33300.0,0.13000100000000003
1.0,10.0,31.559999,31.780001,31.540001,31.780001,38000.0,0.22000199999999737
1.0,9.0,31.389999,31.74,31.389999,31.700001,134000.0,0.3100020000000008
1.0,8.0,31.58,31.58,31.27,31.370001,7000.0,-0.20999899999999982
1.0,7.0,31.860001,31.860001,31.57,31.59,20900.0,-0.2700010000000006
1.0,4.0,31.66,31.84,31.66,31.809999,23700.0,0.1499990000000011
1.0,3.0,31.940001,31.940001,31.549999,31.559999,11100.0,-0.3800019999999975
1.0,2.0,31.66,31.82,31.66,31.799999,9400.0,0.13999899999999954
12.0,31.0,30.15,30.83,30.15,30.690001,10800.0,0.5400010000000002
12.0,28.0,30.24,30.49,30.24,30.33,13900.0,0.08999999999999986
12.0,27.0,30.41,30.450001,30.040001,30.450001,15600.0,0.040001000000000175
12.0,26.0,30.73,30.790001,30.389999,30.4,28000.0,-0.33000000000000185
12.0,24.0,30.68,30.68,30.440001,30.51,6000.0,-0.16999999999999815
12.0,21.0,30.43,30.559999,30.1,30.559999,14800.0,0.12999900000000153
12.0,20.0,30.809999,31.059999,30.809999,30.99,16200.0,0.1800009999999972
12.0,19.0,30.84,31.08,30.75,30.91,20500.0,0.07000000000000028
12.0,18.0,30.360001,30.82,30.360001,30.82,20900.0,0.4599989999999998
12.0,17.0,29.74,30.200001,29.74,30.18,13300.0,0.4400000000000013
12.0,14.0,29.85,29.950001,29.74,29.799999,8100.0,-0.05000100000000174
12.0,13.0,30.290001,30.290001,29.84,30.0,6600.0,-0.2900010000000002
12.0,12.0,30.48,30.5,30.129999,30.190001,8700.0,-0.28999900000000167
12.0,11.0,30.02,30.389999,30.02,30.379999,10200.0,0.35999900000000196
12.0,10.0,29.700001,29.889999,29.700001,29.85,5200.0,0.1499990000000011
12.0,7.0,29.620001,29.700001,29.52,29.67,7400.0,0.049999000000003235
12.0,6.0,29.639999,29.74,29.58,29.6,5800.0,-0.03999899999999812
12.0,5.0,29.639999,29.719999,29.389999,29.52,7200.0,-0.11999899999999997
12.0,4.0,29.620001,29.74,29.42,29.639999,5400.0,0.01999800000000107
12.0,3.0,29.73,29.75,29.549999,29.549999,4400.0,-0.18000100000000074
11.0,30.0,29.73,29.76,29.6,29.67,10400.0,-0.05999999999999872
11.0,29.0,29.49,29.75,29.49,29.74,7600.0,0.25
11.0,28.0,28.9,29.370001,28.75,29.370001,18700.0,0.4700009999999999
11.0,27.0,29.02,29.219999,29.02,29.07,5100.0,0.05000000000000071
11.0,26.0,28.790001,29.09,28.790001,29.09,2700.0,0.2999989999999997
11.0,23.0,28.74,28.83,28.74,28.82,3100.0,0.08000000000000185
11.0,21.0,28.389999,28.5,28.33,28.42,6100.0,0.030001000000002165
11.0,20.0,28.290001,28.4,28.23,28.35,2500.0,0.059999000000001246
11.0,19.0,27.950001,28.41,27.950001,28.41,5100.0,0.4599989999999998
11.0,16.0,27.5,27.860001,27.370001,27.85,10200.0,0.3500000000000014
11.0,15.0,27.92,28.82,26.860001,27.620001,20600.0,-0.29999900000000324
11.0,14.0,28.5,28.5,28.0,28.030001,5200.0,-0.4699990000000014
11.0,13.0,28.530001,28.66,28.26,28.43,19200.0,-0.1000009999999989
11.0,12.0,28.790001,28.870001,28.629999,28.67,23900.0,-0.12000099999999847
11.0,9.0,28.549999,29.030001,28.549999,28.860001,331700.0,0.3100020000000008
11.0,8.0,29.120001,29.120001,28.790001,28.790001,11700.0,-0.3299999999999983
11.0,7.0,29.219999,29.25,28.99,29.15,14700.0,-0.06999900000000281
11.0,6.0,29.879999,30.049999,29.66,29.969999,3800.0,0.08999999999999986
11.0,5.0,29.549999,29.73,29.549999,29.67,5400.0,0.12000100000000202
11.0,2.0,29.92,29.92,29.459999,29.459999,4700.0,-0.4600010000000019
11.0,1.0,30.030001,30.059999,29.91,30.059999,3000.0,0.029998000000002634
10.0,31.0,29.209999,29.549999,29.209999,29.549999,5600.0,0.33999999999999986
10.0,26.0,29.35,29.35,29.02,29.200001,7900.0,-0.1499990000000011
10.0,25.0,29.209999,29.440001,29.110001,29.18,5100.0,-0.02999900000000011
10.0,24.0,29.200001,29.209999,28.99,29.059999,5300.0,-0.14000199999999907
10.0,23.0,28.889999,29.200001,28.790001,29.190001,8200.0,0.3000019999999992
10.0,22.0,29.120001,29.120001,29.0,29.059999,2200.0,-0.060001999999997224
10.0,19.0,29.4,29.4,28.9,28.940001,3700.0,-0.4599989999999998
10.0,18.0,29.98,29.98,29.65,29.68,6700.0,-0.3000000000000007
10.0,17.0,29.93,30.0,29.780001,29.879999,10800.0,-0.050000999999998186
10.0,16.0,29.290001,29.66,29.15,29.629999,13800.0,0.33999800000000135
10.0,15.0,29.0,29.129999,28.93,29.1,8100.0,0.10000000000000142
10.0,12.0,29.139999,29.139999,28.879999,28.91,2700.0,-0.2299989999999994
10.0,11.0,29.09,29.370001,29.09,29.139999,4100.0,0.04999899999999968
10.0,10.0,29.059999,29.059999,28.93,28.959999,14200.0,-0.10000000000000142
10.0,9.0,29.389999,29.389999,29.040001,29.059999,5400.0,-0.3299999999999983
10.0,8.0,29.799999,29.799999,29.58,29.6,4500.0,-0.19999899999999826
10.0,5.0,30.15,30.389999,30.15,30.25,4800.0,0.10000000000000142
10.0,4.0,30.129999,30.129999,29.799999,30.040001,7100.0,-0.08999800000000135
10.0,3.0,29.969999,30.200001,29.889999,29.969999,2200.0,0.0
10.0,2.0,30.209999,30.26,29.01,30.040001,6700.0,-0.16999799999999965
10.0,1.0,30.219999,30.280001,30.190001,30.209999,2800.0,-0.010000000000001563
9.0,28.0,30.370001,30.370001,30.18,30.18,6800.0,-0.19000099999999875
9.0,27.0,30.1,30.48,30.1,30.450001,4200.0,0.3500009999999989
9.0,26.0,30.23,30.23,29.790001,29.799999,8900.0,-0.43000100000000074
9.0,25.0,30.99,30.99,30.200001,30.200001,6400.0,-0.7899989999999981
9.0,24.0,31.0,31.139999,30.799999,30.85,5900.0,-0.14999999999999858
9.0,21.0,31.360001,31.42,31.25,31.25,7700.0,-0.11000100000000046
9.0,20.0,31.219999,31.23,31.049999,31.08,12400.0,-0.1399990000000031
9.0,19.0,31.51,31.549999,31.389999,31.389999,7900.0,-0.12000100000000202
9.0,18.0,31.549999,31.67,31.530001,31.629999,13900.0,0.08000000000000185
9.0,17.0,31.73,31.73,31.5,31.629999,6700.0,-0.1000009999999989
9.0,14.0,31.530001,32.02,31.43,31.91,7500.0,0.37999900000000153
9.0,13.0,30.98,31.48,30.940001,31.34,3800.0,0.35999999999999943
9.0,12.0,31.120001,31.120001,30.959999,31.030001,2900.0,-0.08999999999999986
9.0,11.0,31.1,31.18,30.98,31.02,4500.0,-0.08000000000000185
9.0,10.0,30.969999,31.18,30.93,30.93,4400.0,-0.03999900000000167
9.0,7.0,31.01,31.129999,31.01,31.030001,23000.0,0.02000099999999705
9.0,6.0,30.209999,31.139999,30.209999,30.950001,9200.0,0.7400020000000005
9.0,5.0,30.360001,30.43,30.24,30.24,14300.0,-0.12000100000000202
9.0,4.0,30.120001,30.440001,29.860001,30.4,6800.0,0.2799990000000001
8.0,31.0,30.139999,30.209999,29.76,30.190001,5000.0,0.050001999999999214
8.0,30.0,29.99,30.059999,29.959999,29.959999,2700.0,-0.030000999999998612
8.0,29.0,30.370001,30.49,30.26,30.469999,34600.0,0.09999800000000292
8.0,28.0,30.049999,30.24,30.049999,30.23,6500.0,0.18000100000000074
8.0,27.0,30.059999,30.24,29.959999,30.02,5000.0,-0.03999900000000167
8.0,24.0,29.93,30.09,29.799999,29.99,7700.0,0.05999999999999872
8.0,23.0,29.959999,30.0,29.959999,29.959999,2200.0,0.0
8.0,22.0,30.190001,30.190001,30.02,30.129999,6400.0,-0.060001999999997224
8.0,21.0,30.280001,30.719999,30.280001,30.280001,5900.0,0.0
8.0,20.0,30.379999,30.42,30.23,30.32,15400.0,-0.059999000000001246
8.0,17.0,30.16,30.559999,30.16,30.559999,6800.0,0.3999990000000011
8.0,16.0,29.75,30.26,29.690001,30.209999,8900.0,0.4599989999999998
8.0,15.0,29.5,29.860001,29.370001,29.799999,3600.0,0.2999989999999997
8.0,14.0,29.799999,29.799999,29.469999,29.49,3400.0,-0.30999900000000125
8.0,13.0,29.77,29.860001,29.48,29.780001,4100.0,0.010000999999999038
8.0,10.0,29.889999,29.889999,29.82,29.85,2900.0,-0.03999899999999812
8.0,9.0,29.73,29.85,29.690001,29.85,3900.0,0.120000000000001
8.0,8.0,29.549999,29.75,29.549999,29.709999,6500.0,0.16000000000000014
8.0,7.0,29.360001,29.889999,29.360001,29.68,5000.0,0.31999899999999926
8.0,6.0,29.200001,29.48,29.200001,29.34,13600.0,0.13999899999999954
8.0,3.0,28.719999,29.040001,28.719999,28.92,4500.0,0.20000100000000032
8.0,2.0,28.24,28.389999,28.01,28.18,15100.0,-0.05999999999999872
8.0,1.0,29.129999,29.129999,28.25,28.25,10100.0,-0.8799990000000015
7.0,31.0,28.77,29.24,28.77,29.09,6900.0,0.3200000000000003
7.0,30.0,28.9,28.9,28.690001,28.73,6100.0,-0.16999999999999815
7.0,27.0,28.08,28.959999,28.08,28.879999,9300.0,0.7999990000000032
7.0,26.0,28.110001,28.110001,27.84,28.07,9400.0,-0.040001000000000175
7.0,25.0,27.370001,27.860001,27.370001,27.67,3400.0,0.29999900000000324
7.0,24.0,27.700001,27.700001,27.35,27.35,2600.0,-0.3500009999999989
7.0,23.0,27.73,27.93,27.469999,27.93,12600.0,0.1999999999999993
7.0,20.0,28.42,28.450001,28.33,28.360001,6100.0,-0.059999000000001246
7.0,19.0,28.450001,28.959999,28.450001,28.82,16000.0,0.36999899999999997
7.0,18.0,27.879999,28.67,27.879999,28.57,11400.0,0.6900009999999988
7.0,17.0,27.91,28.059999,27.73,27.98,9400.0,0.07000000000000028
7.0,16.0,28.280001,28.280001,28.0,28.129999,11300.0,-0.15000199999999708
7.0,13.0,28.08,28.360001,28.08,28.360001,5400.0,0.28000100000000216
7.0,12.0,27.940001,28.129999,27.68,28.110001,3500.0,0.1700000000000017
7.0,11.0,28.379999,28.41,28.120001,28.26,2100.0,-0.11999899999999997
7.0,10.0,28.74,28.74,28.280001,28.280001,3500.0,-0.4599989999999998
7.0,9.0,28.959999,28.959999,28.639999,28.719999,5700.0,-0.23999999999999844
7.0,6.0,29.209999,29.26,28.870001,28.91,3800.0,-0.2999989999999997
7.0,5.0,29.58,29.83,29.549999,29.74,7700.0,0.16000000000000014
7.0,3.0,29.25,29.65,29.25,29.65,2600.0,0.3999999999999986
7.0,2.0,29.190001,29.190001,28.799999,28.940001,5200.0,-0.25
6.0,29.0,28.799999,29.110001,28.700001,29.059999,8600.0,0.26000000000000156
6.0,28.0,28.129999,28.280001,27.790001,27.98,8100.0,-0.1499990000000011
6.0,27.0,28.110001,28.35,28.110001,28.33,12200.0,0.21999899999999784
6.0,26.0,27.73,27.940001,27.67,27.940001,7100.0,0.21000099999999833
6.0,25.0,27.969999,27.969999,27.75,27.780001,3000.0,-0.18999800000000278
6.0,22.0,28.02,28.43,28.02,28.41,4400.0,0.39000000000000057
6.0,21.0,28.85,28.85,27.889999,27.889999,4800.0,-0.9600010000000019
6.0,20.0,28.75,29.059999,28.74,28.85,16200.0,0.10000000000000142
6.0,19.0,28.43,29.02,28.43,28.91,40500.0,0.4800000000000004
6.0,18.0,28.129999,28.549999,28.129999,28.530001,21100.0,0.4000019999999971
6.0,15.0,27.879999,28.34,27.879999,28.34,8700.0,0.46000099999999833
6.0,14.0,27.6,27.940001,27.6,27.93,6000.0,0.3299999999999983
6.0,13.0,28.059999,28.18,27.66,27.719999,6200.0,-0.33999999999999986
6.0,12.0,27.780001,28.09,27.73,28.09,11400.0,0.30999900000000125
6.0,11.0,28.74,28.74,27.82,27.82,6200.0,-0.9199999999999982
6.0,8.0,27.99,28.469999,27.99,28.469999,2700.0,0.47999900000000295
6.0,7.0,28.85,28.85,28.24,28.24,4800.0,-0.610000000000003
6.0,6.0,28.1,28.379999,28.07,28.360001,5700.0,0.26000099999999904
6.0,5.0,27.1,27.639999,27.1,27.6,25400.0,0.5
6.0,4.0,27.34,27.48,27.040001,27.290001,57000.0,-0.04999899999999968
6.0,1.0,27.790001,27.790001,27.219999,27.219999,18000.0,-0.5700019999999988
5.0,31.0,28.209999,28.209999,27.85,28.18,6300.0,-0.02999900000000011
5.0,30.0,28.41,28.41,28.219999,28.299999,5200.0,-0.11000100000000046
5.0,29.0,28.58,28.75,28.450001,28.75,6100.0,0.1700000000000017
5.0,25.0,28.4,28.43,28.25,28.34,4300.0,-0.05999999999999872
5.0,24.0,28.68,28.68,28.129999,28.299999,8900.0,-0.38000100000000003
5.0,23.0,28.16,28.639999,28.0,28.639999,10300.0,0.4799989999999994
5.0,22.0,28.57,28.67,27.639999,28.42,8100.0,-0.14999999999999858
5.0,21.0,28.01,28.6,27.969999,28.540001,32400.0,0.5300009999999986
5.0,18.0,28.190001,28.440001,27.98,28.040001,46000.0,-0.14999999999999858
5.0,17.0,28.780001,28.879999,28.280001,28.33,28400.0,-0.4500010000000003
5.0,16.0,29.35,29.389999,28.889999,28.889999,92000.0,-0.4600010000000019
5.0,15.0,29.360001,29.59,29.200001,29.209999,34900.0,-0.15000200000000063
5.0,14.0,29.190001,29.379999,28.940001,29.190001,10000.0,0.0
5.0,11.0,29.43,29.700001,29.43,29.59,5500.0,0.16000000000000014
5.0,10.0,29.75,29.75,29.459999,29.620001,11000.0,-0.12999900000000153
5.0,9.0,29.4,29.66,29.23,29.66,14900.0,0.26000000000000156
5.0,8.0,29.540001,29.67,29.23,29.67,12500.0,0.12999900000000153
5.0,7.0,29.83,29.860001,29.66,29.73,4900.0,-0.09999999999999787
5.0,4.0,30.41,30.41,29.969999,29.99,4700.0,-0.4200000000000017
5.0,3.0,30.82,30.860001,30.360001,30.540001,3800.0,-0.2799990000000001
5.0,2.0,30.98,31.18,30.620001,31.15,321300.0,0.16999999999999815
5.0,1.0,31.02,31.540001,31.02,31.030001,10000.0,0.010000999999999038
4.0,30.0,31.059999,31.059999,30.860001,30.860001,16600.0,-0.1999980000000008
4.0,27.0,30.93,31.25,30.76,31.209999,12000.0,0.2799990000000001
4.0,26.0,30.77,30.99,30.77,30.92,6200.0,0.15000000000000213
4.0,25.0,29.969999,30.5,29.969999,30.42,5700.0,0.4500010000000003
4.0,24.0,29.809999,30.040001,29.700001,29.809999,9500.0,0.0
4.0,23.0,29.879999,29.879999,29.469999,29.799999,9900.0,-0.08000000000000185
4.0,20.0,30.530001,30.65,30.41,30.469999,3300.0,-0.060001999999997224
4.0,19.0,30.57,30.92,30.33,30.43,9000.0,-0.14000000000000057
4.0,18.0,30.700001,30.700001,30.389999,30.559999,36300.0,-0.14000199999999907
4.0,17.0,30.42,31.17,30.42,30.860001,8200.0,0.44000099999999875
4.0,16.0,30.360001,30.49,30.25,30.280001,12600.0,-0.08000000000000185
4.0,13.0,30.530001,30.530001,30.290001,30.34,12600.0,-0.19000099999999875
4.0,12.0,30.24,30.790001,30.24,30.77,5700.0,0.5300000000000011
4.0,11.0,29.969999,30.24,29.889999,30.139999,13000.0,0.16999999999999815
4.0,10.0,30.299999,30.299999,29.73,29.75,86100.0,-0.5499989999999997
4.0,9.0,30.379999,30.51,30.16,30.42,39500.0,0.040001000000000175
4.0,5.0,30.75,30.950001,30.75,30.91,1600.0,0.16000000000000014
4.0,4.0,31.209999,31.209999,30.75,30.879999,12100.0,-0.3299999999999983
4.0,3.0,31.76,31.780001,31.4,31.4,52900.0,-0.360000000000003
4.0,2.0,31.5,31.83,31.5,31.82,13800.0,0.3200000000000003
3.0,30.0,31.74,31.76,31.389999,31.639999,8600.0,-0.1000009999999989
3.0,29.0,31.48,31.66,31.15,31.66,10700.0,0.17999999999999972
3.0,28.0,31.969999,31.969999,31.440001,31.6,11200.0,-0.36999899999999997
3.0,27.0,32.25,32.279999,31.940001,31.940001,69100.0,-0.30999900000000125
3.0,26.0,31.98,32.25,31.93,32.240002,7000.0,0.2600019999999965
3.0,23.0,31.219999,31.629999,31.02,31.629999,141200.0,0.41000000000000014
3.0,22.0,31.26,31.26,31.049999,31.17,12900.0,-0.08999999999999986
3.0,21.0,31.549999,31.68,31.49,31.52,5700.0,-0.02999900000000011
3.0,20.0,31.5,31.5,31.17,31.48,15800.0,-0.019999999999999574
3.0,19.0,31.26,31.93,31.26,31.66,7900.0,0.3999999999999986
3.0,16.0,31.57,31.59,31.379999,31.389999,225600.0,-0.18000100000000074
3.0,15.0,31.34,31.620001,31.309999,31.559999,12900.0,0.2199990000000014
3.0,14.0,31.5,31.719999,31.200001,31.26,10100.0,-0.23999999999999844
3.0,13.0,31.08,31.620001,31.08,31.620001,7700.0,0.5400010000000002
3.0,12.0,30.950001,30.950001,30.75,30.93,8800.0,-0.0200010000000006
3.0,9.0,30.66,31.190001,30.66,30.98,11900.0,0.3200000000000003
3.0,8.0,30.17,30.59,30.1,30.58,5700.0,0.4099999999999966
3.0,7.0,29.790001,30.07,29.68,30.049999,24100.0,0.2599979999999995
3.0,6.0,30.07,30.07,29.68,29.76,116200.0,-0.3099999999999987
3.0,5.0,30.370001,30.370001,30.110001,30.280001,74800.0,-0.08999999999999986
3.0,2.0,31.139999,31.139999,30.32,30.43,236200.0,-0.7099989999999998
3.0,1.0,30.969999,31.379999,30.91,31.059999,20100.0,0.08999999999999986
2.0,29.0,31.549999,31.6,30.85,30.85,20100.0,-0.6999989999999983
2.0,28.0,31.57,31.77,31.34,31.43,14800.0,-0.14000000000000057
2.0,27.0,31.35,31.75,31.0,31.59,32300.0,0.23999999999999844
2.0,24.0,31.879999,31.879999,31.57,31.59,33700.0,-0.28999900000000167
2.0,23.0,31.51,31.74,31.059999,31.74,9400.0,0.22999999999999687
2.0,22.0,31.43,31.540001,31.290001,31.360001,41500.0,-0.06999899999999926
2.0,21.0,31.9,31.9,31.370001,31.469999,16900.0,-0.4300009999999972
2.0,17.0,31.969999,31.969999,31.75,31.77,26400.0,-0.19999900000000181
2.0,16.0,31.42,31.83,31.42,31.83,22800.0,0.4099999999999966
2.0,15.0,31.68,31.68,31.15,31.15,12700.0,-0.5300000000000011
2.0,14.0,31.33,31.41,31.309999,31.4,3900.0,0.07000000000000028
2.0,13.0,31.379999,31.58,31.200001,31.549999,14100.0,0.16999999999999815
2.0,10.0,31.360001,31.360001,31.01,31.18,14100.0,-0.18000100000000074
2.0,9.0,31.790001,31.85,31.440001,31.639999,18200.0,-0.15000200000000063
2.0,8.0,31.629999,31.76,31.35,31.57,18100.0,-0.059999000000001246
2.0,7.0,31.77,31.77,31.389999,31.639999,45200.0,-0.13000100000000003
2.0,6.0,31.799999,31.799999,31.59,31.639999,53300.0,-0.16000000000000014
2.0,3.0,31.66,32.139999,31.66,31.99,131700.0,0.3299999999999983
2.0,2.0,31.280001,31.34,31.09,31.219999,7000.0,-0.060001999999997224
2.0,1.0,30.620001,31.08,30.440001,31.040001,13400.0,0.4200000000000017
1.0,31.0,30.75,30.75,30.299999,30.469999,24800.0,-0.2800009999999986
1.0,30.0,30.549999,30.620001,30.379999,30.48,43600.0,-0.06999899999999926
1.0,27.0,30.530001,30.860001,30.469999,30.77,353900.0,0.23999900000000096
1.0,26.0,30.73,30.799999,30.559999,30.610001,26400.0,-0.11999899999999997
1.0,25.0,30.620001,30.74,30.34,30.620001,14300.0,0.0
1.0,24.0,30.139999,30.6,30.139999,30.540001,33600.0,0.40000200000000063
1.0,23.0,30.33,30.52,30.040001,30.299999,21400.0,-0.030000999999998612
1.0,20.0,30.35,30.389999,30.129999,30.389999,37100.0,0.03999899999999812
1.0,19.0,30.15,30.4,30.08,30.18,111700.0,0.030000000000001137
1.0,18.0,29.139999,29.889999,29.139999,29.889999,146700.0,0.75
1.0,17.0,29.219999,29.370001,29.1,29.129999,25400.0,-0.08999999999999986
1.0,13.0,29.049999,29.129999,28.879999,28.969999,23900.0,-0.0799999999999983
1.0,12.0,29.34,29.43,29.059999,29.42,39200.0,0.08000000000000185
1.0,11.0,28.85,29.24,28.85,29.190001,49400.0,0.34000099999999733
1.0,10.0,28.84,28.98,28.799999,28.879999,19600.0,0.03999900000000167
1.0,9.0,28.33,28.52,28.129999,28.459999,20900.0,0.12999900000000153
1.0,6.0,28.379999,28.440001,28.209999,28.280001,49600.0,-0.09999800000000292
1.0,5.0,28.030001,28.4,27.75,28.34,31100.0,0.30999900000000125
1.0,4.0,28.190001,28.190001,27.809999,28.01,79100.0,-0.1800009999999972
1.0,3.0,28.52,28.67,28.26,28.34,422500.0,-0.17999999999999972
12.0,30.0,28.07,28.209999,28.030001,28.030001,29700.0,-0.03999900000000167
12.0,29.0,28.01,28.200001,28.01,28.190001,10800.0,0.1800009999999972
12.0,28.0,28.24,28.26,27.799999,27.799999,7400.0,-0.44000099999999875
12.0,27.0,28.01,28.469999,28.01,28.4,8800.0,0.389999999999997
12.0,23.0,28.07,28.209999,28.07,28.17,4900.0,0.10000000000000142
12.0,22.0,27.73,28.209999,27.73,28.08,16700.0,0.34999999999999787
12.0,21.0,28.040001,28.040001,27.26,27.65,11700.0,-0.3900010000000016
12.0,20.0,27.23,28.16,27.23,28.15,10700.0,0.9199999999999982
12.0,19.0,27.709999,27.77,26.98,26.98,6600.0,-0.7299989999999994
12.0,16.0,27.82,27.83,27.290001,27.42,5500.0,-0.3999999999999986
12.0,15.0,27.24,27.33,27.209999,27.219999,5300.0,-0.02000099999999705
12.0,14.0,27.15,27.24,26.91,27.110001,42700.0,-0.03999899999999812
12.0,13.0,28.440001,28.440001,27.459999,27.48,9100.0,-0.9600009999999983
12.0,12.0,28.110001,28.110001,27.709999,28.02,27800.0,-0.09000100000000089
12.0,9.0,27.879999,28.6,27.879999,28.6,6400.0,0.7200009999999999
12.0,8.0,28.290001,28.290001,27.6,27.6,5500.0,-0.6900009999999988
12.0,7.0,27.879999,28.440001,27.879999,28.42,3000.0,0.5400010000000002
12.0,6.0,28.469999,28.48,28.17,28.48,37500.0,0.010000999999999038
12.0,5.0,28.25,28.610001,28.24,28.27,3900.0,0.019999999999999574
12.0,2.0,27.700001,28.24,27.700001,27.870001,14100.0,0.16999999999999815
12.0,1.0,27.99,27.99,27.67,27.809999,12900.0,-0.1800009999999972
11.0,30.0,27.309999,27.85,27.25,27.85,5300.0,0.5400010000000002
11.0,29.0,26.24,26.469999,26.190001,26.26,10200.0,0.020000000000003126
11.0,28.0,26.01,26.42,25.99,26.200001,10000.0,0.19000099999999875
11.0,25.0,25.290001,25.66,25.18,25.190001,3000.0,-0.10000000000000142
11.0,23.0,25.959999,25.959999,25.5,25.610001,14100.0,-0.34999799999999937
11.0,22.0,26.450001,26.67,26.17,26.27,10200.0,-0.18000100000000074
11.0,21.0,26.75,26.75,26.35,26.610001,13100.0,-0.13999899999999954
11.0,18.0,27.32,27.370001,27.18,27.309999,2600.0,-0.010000999999999038
11.0,17.0,27.84,27.84,27.129999,27.309999,14600.0,-0.5300009999999986
11.0,16.0,28.23,28.5,27.959999,27.959999,6000.0,-0.2700010000000006
11.0,15.0,27.57,28.360001,27.52,28.309999,85700.0,0.739999000000001
11.0,14.0,28.200001,28.200001,27.639999,27.780001,2900.0,-0.4200000000000017
11.0,11.0,27.6,28.26,27.6,28.129999,10700.0,0.5299990000000001
11.0,10.0,27.5,27.5,26.98,27.309999,14100.0,-0.19000099999999875
11.0,9.0,27.82,27.83,27.200001,27.200001,6300.0,-0.619999
11.0,8.0,28.4,28.549999,27.879999,28.52,4900.0,0.120000000000001
11.0,7.0,28.34,28.34,27.639999,28.09,5000.0,-0.25
11.0,4.0,27.99,28.299999,27.790001,28.24,4300.0,0.25
11.0,3.0,27.719999,28.360001,27.200001,28.360001,6600.0,0.6400019999999991
11.0,2.0,27.15,27.360001,26.98,27.34,6100.0,0.19000000000000128
11.0,1.0,26.870001,27.17,26.57,26.799999,31000.0,-0.07000199999999879
10.0,31.0,27.879999,28.26,27.879999,27.91,6400.0,0.030000999999998612
10.0,28.0,28.559999,28.82,28.48,28.690001,8500.0,0.1300019999999975
10.0,27.0,27.82,28.68,27.75,28.440001,13700.0,0.6200009999999985
10.0,26.0,26.950001,27.059999,26.16,27.040001,8500.0,0.08999999999999986
10.0,25.0,27.27,27.27,26.459999,26.459999,7600.0,-0.8100009999999997
10.0,24.0,26.33,27.4,26.33,27.4,9100.0,1.0700000000000003
10.0,21.0,26.110001,26.290001,25.93,26.26,10100.0,0.1499990000000011
10.0,20.0,25.93,25.93,25.139999,25.65,18500.0,-0.28000000000000114
10.0,19.0,26.450001,26.450001,25.92,25.93,19100.0,-0.5200010000000006
10.0,18.0,25.9,26.68,25.42,26.68,11300.0,0.7800000000000011
10.0,17.0,26.43,26.43,25.77,25.780001,5200.0,-0.6499990000000011
10.0,14.0,26.49,26.780001,26.35,26.620001,7300.0,0.13000100000000003
10.0,13.0,25.85,26.32,25.76,26.23,19800.0,0.379999999999999
10.0,12.0,25.75,26.15,25.75,25.98,19100.0,0.23000000000000043
10.0,11.0,25.200001,25.6,25.200001,25.5,16700.0,0.2999989999999997
10.0,10.0,24.969999,25.32,24.82,25.23,9200.0,0.26000099999999904
10.0,7.0,24.969999,25.120001,24.33,24.610001,10700.0,-0.35999800000000093
10.0,6.0,24.42,24.83,24.209999,24.82,15300.0,0.3999999999999986
10.0,5.0,23.48,24.41,23.379999,24.33,62600.0,0.8499999999999979
10.0,4.0,21.790001,23.51,21.790001,23.51,349100.0,1.7199990000000014
10.0,3.0,23.040001,23.440001,22.08,22.08,8700.0,-0.9600010000000019
9.0,30.0,23.799999,24.049999,23.469999,23.469999,10600.0,-0.3299999999999983
9.0,29.0,24.16,24.17,23.42,23.93,13300.0,-0.23000000000000043
9.0,28.0,24.799999,24.799999,23.76,23.790001,12300.0,-1.0099979999999995
9.0,27.0,24.34,25.27,24.34,24.66,11900.0,0.3200000000000003
9.0,26.0,23.879999,23.879999,23.299999,23.66,11400.0,-0.2199990000000014
9.0,23.0,23.24,23.85,23.190001,23.74,12800.0,0.5
9.0,22.0,23.469999,23.790001,22.969999,23.23,32000.0,-0.23999900000000096
9.0,21.0,24.940001,25.040001,24.18,24.18,13100.0,-0.760000999999999
9.0,20.0,25.360001,25.639999,24.870001,24.870001,4700.0,-0.490000000000002
9.0,19.0,25.57,25.629999,25.219999,25.52,17400.0,-0.05000000000000071
9.0,16.0,25.969999,26.08,25.75,25.91,7700.0,-0.059999000000001246
9.0,15.0,25.809999,25.93,25.57,25.92,9800.0,0.11000100000000046
9.0,14.0,25.139999,25.9,24.969999,25.719999,3900.0,0.5800000000000018
9.0,13.0,24.809999,25.02,24.73,24.969999,10200.0,0.16000000000000014
9.0,12.0,23.959999,24.530001,23.959999,24.120001,17100.0,0.16000199999999865
9.0,9.0,24.709999,24.809999,24.1,24.299999,8200.0,-0.41000000000000014
9.0,8.0,25.18,25.549999,24.82,25.02,6100.0,-0.16000000000000014
9.0,7.0,24.700001,25.43,24.700001,25.43,15200.0,0.7299989999999994
9.0,6.0,24.030001,24.379999,23.549999,24.379999,36300.0,0.3499980000000029
9.0,2.0,25.190001,25.190001,24.5,24.549999,14500.0,-0.6400019999999991
9.0,1.0,26.219999,26.43,25.51,25.639999,5400.0,-0.5800000000000018
8.0,31.0,26.4,26.58,25.969999,26.040001,7900.0,-0.3599989999999984
8.0,30.0,26.120001,26.42,26.1,26.42,6100.0,0.29999900000000324
8.0,29.0,25.370001,26.25,25.370001,26.219999,86300.0,0.8499980000000029
8.0,26.0,24.26,25.16,24.15,25.07,20000.0,0.8099999999999987
8.0,25.0,25.34,25.34,24.389999,24.48,104700.0,-0.8599999999999994
8.0,24.0,24.91,25.389999,24.73,25.209999,34100.0,0.2999989999999997
8.0,23.0,23.75,24.959999,23.75,24.940001,13000.0,1.1900009999999988
8.0,22.0,23.959999,24.18,23.51,23.67,18800.0,-0.2899989999999981
8.0,19.0,23.67,24.209999,23.48,23.610001,10000.0,-0.059999000000001246
8.0,18.0,25.059999,25.059999,23.91,24.15,19500.0,-0.9099990000000027
8.0,17.0,25.809999,25.93,25.34,25.52,8700.0,-0.28999900000000167
8.0,16.0,26.049999,26.049999,25.48,25.690001,13800.0,-0.35999800000000093
8.0,15.0,25.790001,26.23,25.790001,26.23,12400.0,0.43999900000000025
8.0,12.0,25.700001,25.76,25.209999,25.66,17400.0,-0.040001000000000175
8.0,11.0,24.41,25.83,24.389999,25.620001,31700.0,1.2100009999999983
8.0,10.0,24.870001,25.18,24.280001,24.34,16000.0,-0.5300009999999986
8.0,9.0,24.469999,25.49,23.469999,25.43,35200.0,0.9600009999999983
8.0,8.0,25.48,25.969999,24.18,24.24,44000.0,-1.240000000000002
8.0,5.0,27.040001,27.040001,25.719999,26.33,75500.0,-0.7100010000000019
8.0,4.0,27.82,27.82,26.790001,26.790001,72800.0,-1.029999
8.0,3.0,27.879999,28.200001,27.290001,28.190001,44000.0,0.3100019999999972
8.0,2.0,28.42,28.809999,27.889999,27.889999,32400.0,-0.5300010000000022
8.0,1.0,28.969999,29.049999,28.200001,28.43,11400.0,-0.5399990000000017
7.0,29.0,28.549999,28.969999,28.219999,28.67,25300.0,0.12000100000000202
7.0,28.0,29.040001,29.290001,28.83,28.83,50500.0,-0.21000100000000188
7.0,27.0,30.030001,30.030001,29.059999,29.1,13800.0,-0.9300009999999972
7.0,26.0,30.280001,30.379999,30.200001,30.200001,9200.0,-0.0799999999999983
7.0,25.0,30.290001,30.59,30.290001,30.34,23600.0,0.04999899999999968
7.0,22.0,30.43,30.77,30.379999,30.67,18500.0,0.240000000000002
7.0,21.0,30.5,30.620001,30.34,30.49,5000.0,-0.010000000000001563
7.0,20.0,30.77,30.77,30.309999,30.450001,9000.0,-0.31999899999999926
7.0,19.0,30.049999,30.719999,30.049999,30.639999,3400.0,0.5899999999999999
7.0,18.0,30.18,30.18,29.68,29.85,12000.0,-0.3299999999999983
7.0,15.0,30.34,30.370001,30.030001,30.290001,11600.0,-0.04999899999999968
7.0,14.0,30.799999,30.950001,30.200001,30.24,9000.0,-0.5599990000000012
7.0,13.0,30.700001,31.01,30.690001,30.700001,7000.0,0.0
7.0,12.0,30.76,30.82,30.49,30.49,8200.0,-0.2700000000000031
7.0,11.0,31.26,31.469999,30.969999,31.0,11600.0,-0.26000000000000156
7.0,8.0,31.559999,31.65,31.42,31.639999,5500.0,0.0799999999999983
7.0,7.0,31.68,32.080002,31.629999,31.93,11200.0,0.25
7.0,6.0,31.559999,31.559999,31.280001,31.43,9600.0,-0.12999900000000153
7.0,5.0,31.4,31.549999,31.360001,31.530001,16600.0,0.13000100000000003
7.0,1.0,31.26,31.49,31.25,31.450001,160500.0,0.19000099999999875
6.0,30.0,30.75,31.15,30.75,31.07,17000.0,0.3200000000000003
6.0,29.0,30.68,30.690001,30.4,30.66,15900.0,-0.019999999999999574
6.0,28.0,30.209999,30.549999,30.110001,30.52,11000.0,0.31000099999999975
6.0,27.0,29.690001,30.16,29.6,30.120001,7600.0,0.4299999999999997
6.0,24.0,30.120001,30.129999,29.74,29.790001,7900.0,-0.3299999999999983
6.0,23.0,29.530001,30.139999,29.24,30.049999,27900.0,0.5199980000000011
6.0,22.0,29.85,30.16,29.809999,29.82,6700.0,-0.030000000000001137
6.0,21.0,29.4,30.0,29.370001,30.0,12800.0,0.6000000000000014
6.0,20.0,28.82,29.24,28.82,29.059999,4900.0,0.23999900000000096
6.0,17.0,29.309999,29.360001,28.809999,28.92,122600.0,-0.38999899999999954
6.0,16.0,29.24,29.459999,28.9,29.15,33400.0,-0.08999999999999986
6.0,15.0,29.459999,29.66,29.23,29.23,31400.0,-0.2299989999999994
6.0,14.0,29.309999,29.860001,29.309999,29.76,9900.0,0.4500010000000003
6.0,13.0,29.4,29.41,29.129999,29.129999,19900.0,-0.27000099999999705
6.0,10.0,29.65,29.65,29.110001,29.23,13100.0,-0.41999999999999815
6.0,9.0,29.700001,29.959999,29.6,29.84,42500.0,0.13999899999999954
6.0,8.0,30.0,30.0,29.51,29.66,20500.0,-0.33999999999999986
6.0,7.0,30.17,30.33,30.01,30.09,27100.0,-0.08000000000000185
6.0,6.0,30.440001,30.48,30.049999,30.110001,11700.0,-0.3299999999999983
6.0,3.0,30.68,30.780001,30.48,30.48,14200.0,-0.1999999999999993
6.0,2.0,31.18,31.23,31.0,31.049999,7500.0,-0.13000100000000003
6.0,1.0,31.809999,31.809999,31.200001,31.209999,15400.0,-0.6000000000000014
5.0,31.0,31.74,31.98,31.51,31.98,14200.0,0.240000000000002
5.0,27.0,31.32,31.530001,31.23,31.379999,10600.0,0.059999000000001246
5.0,26.0,30.73,31.200001,30.709999,31.16,27600.0,0.4299999999999997
5.0,25.0,30.25,30.91,30.25,30.790001,27800.0,0.5400010000000002
5.0,24.0,30.799999,30.84,30.389999,30.57,14000.0,-0.2299989999999994
5.0,23.0,30.92,30.950001,30.709999,30.74,43700.0,-0.18000000000000327
5.0,20.0,31.540001,31.709999,31.309999,31.51,30400.0,-0.030000999999998612
5.0,19.0,31.91,31.91,31.41,31.67,14100.0,-0.23999999999999844
5.0,18.0,31.030001,31.83,31.030001,31.700001,14000.0,0.6700000000000017
5.0,17.0,31.110001,31.200001,30.879999,31.110001,40400.0,0.0
5.0,16.0,31.84,32.02,31.290001,31.290001,25000.0,-0.5499989999999997
5.0,13.0,32.5,32.509998,31.99,31.99,58000.0,-0.5100000000000016
5.0,12.0,31.879999,32.57,31.780001,32.380001,14000.0,0.5000019999999985
5.0,11.0,32.619999,32.619999,31.950001,32.139999,9800.0,-0.4799999999999969
5.0,10.0,32.080002,32.639999,32.080002,32.639999,15100.0,0.5599970000000027
5.0,9.0,31.48,31.959999,31.48,31.940001,23700.0,0.46000099999999833
5.0,6.0,31.700001,31.940001,31.459999,31.66,14000.0,-0.040001000000000175
5.0,5.0,31.360001,31.860001,31.219999,31.43,10600.0,0.06999899999999926
5.0,4.0,31.76,31.85,31.26,31.52,115000.0,-0.240000000000002
5.0,3.0,32.23,32.23,31.440001,31.690001,62200.0,-0.5399989999999981
5.0,2.0,32.84,32.84,32.119999,32.119999,36700.0,-0.7200010000000034
4.0,29.0,32.419998,32.73,32.419998,32.669998,12000.0,0.25
4.0,28.0,32.389999,32.389999,32.200001,32.32,19400.0,-0.06999900000000281
4.0,27.0,32.110001,32.470001,32.09,32.389999,140600.0,0.2799980000000062
4.0,26.0,31.83,32.240002,31.719999,32.150002,13900.0,0.32000200000000234
4.0,25.0,31.76,31.809999,31.549999,31.68,16700.0,-0.08000000000000185
4.0,21.0,31.83,31.83,31.559999,31.82,34700.0,-0.00999999999999801
4.0,20.0,30.75,31.48,30.75,31.469999,49600.0,0.7199990000000014
4.0,19.0,30.709999,30.780001,30.41,30.58,13100.0,-0.12999900000000153
4.0,18.0,30.860001,30.860001,30.370001,30.51,11600.0,-0.3500009999999989
4.0,15.0,31.0,31.24,30.790001,31.219999,20200.0,0.2199990000000014
4.0,14.0,30.5,30.99,30.5,30.969999,37300.0,0.4699990000000014
4.0,13.0,30.889999,31.02,30.57,30.84,37200.0,-0.04999899999999968
4.0,12.0,31.030001,31.190001,30.75,30.75,22100.0,-0.2800009999999986
4.0,11.0,31.74,31.74,31.280001,31.32,42200.0,-0.41999999999999815
4.0,8.0,32.220001,32.220001,31.559999,31.700001,21200.0,-0.5200000000000031
4.0,7.0,32.5,32.529999,32.049999,32.099998,28400.0,-0.40000200000000063
4.0,6.0,32.450001,32.450001,32.119999,32.330002,72200.0,-0.11999899999999997
4.0,5.0,32.110001,32.41,31.969999,32.16,148100.0,0.04999899999999968
4.0,4.0,32.25,32.25,31.99,32.080002,114300.0,-0.16999799999999965
4.0,1.0,32.27,32.32,32.009998,32.049999,15400.0,-0.22000100000000344
3.0,31.0,31.9,32.110001,31.9,32.049999,19400.0,0.1499990000000011
3.0,30.0,31.709999,32.0,31.66,32.0,86600.0,0.2900010000000002
3.0,29.0,31.4,31.629999,31.139999,31.540001,11700.0,0.1400010000000016
3.0,28.0,31.6,31.6,31.26,31.26,20500.0,-0.33999999999999986
3.0,25.0,31.32,31.74,31.219999,31.42,21400.0,0.10000000000000142
3.0,24.0,31.030001,31.32,30.83,31.129999,13000.0,0.09999800000000292
3.0,23.0,30.51,30.84,30.24,30.84,6500.0,0.3299999999999983
3.0,22.0,30.719999,30.719999,30.469999,30.610001,12500.0,-0.10999800000000093
3.0,21.0,30.370001,30.790001,30.370001,30.709999,35900.0,0.33999800000000135
3.0,18.0,29.82,30.030001,29.690001,30.030001,24000.0,0.21000099999999833
3.0,17.0,29.889999,29.889999,29.51,29.540001,161500.0,-0.34999799999999937
3.0,16.0,29.790001,30.129999,29.469999,29.639999,24100.0,-0.15000200000000063
3.0,15.0,29.799999,30.139999,29.09,29.940001,70400.0,0.14000199999999907
3.0,14.0,29.870001,30.450001,29.85,30.23,48500.0,0.35999900000000196
3.0,11.0,30.190001,30.49,30.049999,30.280001,15600.0,0.08999999999999986
3.0,10.0,31.200001,31.200001,30.23,30.370001,27500.0,-0.8300000000000018
3.0,9.0,31.559999,31.559999,31.17,31.209999,94400.0,-0.3500000000000014
3.0,8.0,31.059999,31.799999,30.940001,31.629999,8000.0,0.5700000000000003
3.0,7.0,32.049999,32.049999,30.76,31.139999,31000.0,-0.9100000000000001
3.0,4.0,31.879999,31.879999,31.52,31.82,13400.0,-0.059999000000001246
3.0,3.0,31.450001,31.969999,31.450001,31.879999,15500.0,0.4299980000000012
3.0,2.0,30.809999,31.27,30.809999,31.049999,18900.0,0.23999999999999844
3.0,1.0,31.440001,31.549999,30.790001,30.889999,27800.0,-0.5500019999999992
2.0,28.0,31.790001,31.790001,31.139999,31.43,37300.0,-0.36000100000000046
2.0,25.0,30.99,31.49,30.950001,31.49,34900.0,0.5
2.0,24.0,30.209999,30.83,30.209999,30.709999,35100.0,0.5
2.0,23.0,31.02,31.030001,30.110001,30.27,60600.0,-0.75
2.0,22.0,31.969999,31.969999,30.940001,31.059999,76000.0,-0.9100000000000001
2.0,18.0,32.369999,32.369999,32.02,32.119999,38400.0,-0.25
2.0,17.0,32.23,32.330002,31.9,32.240002,24800.0,0.010002000000000066
2.0,16.0,31.860001,32.02,31.75,32.0,50200.0,0.13999899999999954
2.0,15.0,32.049999,32.099998,31.65,31.690001,30300.0,-0.35999800000000093
2.0,14.0,32.07,32.139999,31.9,32.110001,36700.0,0.04000099999999662
2.0,11.0,31.389999,31.940001,31.34,31.91,38900.0,0.5200010000000006
2.0,10.0,31.27,31.639999,31.129999,31.58,35400.0,0.3099999999999987
2.0,9.0,31.610001,31.610001,31.15,31.280001,52900.0,-0.33000000000000185
2.0,8.0,31.299999,31.51,31.17,31.51,38200.0,0.21000100000000188
2.0,7.0,31.34,31.629999,31.280001,31.43,117500.0,0.08999999999999986
2.0,4.0,31.049999,31.17,30.889999,31.16,66300.0,0.11000100000000046
2.0,3.0,30.719999,30.969999,30.51,30.85,83700.0,0.13000100000000003
2.0,2.0,30.73,30.959999,30.65,30.780001,24300.0,0.050000999999998186
2.0,1.0,30.280001,30.780001,30.280001,30.709999,17300.0,0.4299980000000012
1.0,31.0,29.6,30.139999,29.6,29.99,15600.0,0.389999999999997
1.0,28.0,30.57,30.57,29.57,29.77,23200.0,-0.8000000000000007
1.0,27.0,30.200001,30.51,30.110001,30.5,37900.0,0.2999989999999997
1.0,26.0,29.540001,31.07,29.540001,30.17,16700.0,0.6299990000000015
1.0,25.0,29.690001,29.690001,29.24,29.530001,48400.0,-0.16000000000000014
1.0,24.0,29.27,29.68,29.200001,29.639999,10000.0,0.36999899999999997
1.0,21.0,29.780001,29.780001,29.26,29.280001,26600.0,-0.5
1.0,20.0,29.99,29.99,29.32,29.620001,25500.0,-0.36999899999999997
1.0,19.0,30.9,30.9,30.049999,30.110001,21000.0,-0.7899989999999981
1.0,18.0,30.93,30.969999,30.66,30.860001,25400.0,-0.06999899999999926
1.0,14.0,30.610001,31.02,30.530001,31.0,104700.0,0.38999899999999954
1.0,13.0,30.51,30.67,30.35,30.5,26400.0,-0.010000000000001563
1.0,12.0,30.26,30.440001,30.209999,30.41,20100.0,0.14999999999999858
1.0,11.0,30.0,30.190001,29.959999,30.030001,25700.0,0.030000999999998612
1.0,10.0,29.620001,29.959999,29.370001,29.85,17500.0,0.22999900000000295
1.0,7.0,30.02,30.02,29.23,29.709999,21200.0,-0.31000099999999975
1.0,6.0,29.809999,29.969999,29.65,29.83,22100.0,0.02000099999999705
1.0,5.0,29.4,29.73,29.190001,29.73,120600.0,0.33000000000000185
1.0,4.0,29.75,29.82,29.059999,29.360001,109600.0,-0.38999899999999954
1.0,3.0,29.4,29.940001,29.360001,29.83,41000.0,0.4299999999999997
12.0,31.0,29.35,29.42,29.32,29.4,2300.0,0.04999999999999716
12.0,30.0,29.48,29.559999,29.450001,29.459999,9100.0,-0.0200010000000006
12.0,29.0,29.43,29.51,29.379999,29.5,4400.0,0.07000000000000028
12.0,28.0,29.5,29.5,29.34,29.459999,9400.0,-0.040001000000000175
12.0,27.0,29.51,29.559999,29.219999,29.559999,8200.0,0.04999899999999968
12.0,23.0,29.35,29.48,29.35,29.42,13300.0,0.07000000000000028
12.0,22.0,29.549999,29.549999,29.35,29.389999,19500.0,-0.16000000000000014
12.0,21.0,29.32,29.469999,29.32,29.43,19700.0,0.10999999999999943
12.0,20.0,29.33,29.43,29.139999,29.23,133500.0,-0.09999999999999787
12.0,17.0,29.139999,29.23,28.9,29.200001,15000.0,0.06000200000000078
12.0,16.0,28.82,29.129999,28.77,29.1,20300.0,0.28000000000000114
12.0,15.0,28.860001,29.17,28.809999,28.91,11000.0,0.04999899999999968
12.0,14.0,29.200001,29.200001,28.9,28.950001,34700.0,-0.25
12.0,13.0,29.540001,29.540001,29.190001,29.190001,14300.0,-0.3500000000000014
12.0,10.0,29.08,29.370001,28.92,29.27,11900.0,0.19000000000000128
12.0,9.0,29.02,29.02,28.84,28.99,4200.0,-0.030000000000001137
12.0,8.0,29.0,29.07,28.91,28.91,6000.0,-0.08999999999999986
12.0,7.0,28.92,29.1,28.879999,28.879999,8800.0,-0.040001000000000175
12.0,6.0,28.48,28.74,28.48,28.74,11400.0,0.259999999999998
12.0,3.0,28.23,28.58,28.23,28.58,9100.0,0.34999999999999787
12.0,2.0,27.940001,28.219999,27.870001,28.190001,28200.0,0.25
12.0,1.0,27.530001,28.0,27.530001,27.889999,8100.0,0.35999800000000093
11.0,30.0,27.35,27.35,27.0,27.08,10700.0,-0.2700000000000031
11.0,29.0,27.59,27.59,27.190001,27.5,9400.0,-0.08999999999999986
11.0,26.0,27.49,27.719999,27.49,27.68,4500.0,0.19000000000000128
11.0,24.0,27.43,27.709999,27.43,27.709999,3500.0,0.2799990000000001
11.0,23.0,26.870001,27.059999,26.780001,27.02,100700.0,0.1499990000000011
11.0,22.0,26.969999,27.33,26.93,27.33,8200.0,0.3600009999999969
11.0,19.0,26.91,27.129999,26.91,27.129999,4800.0,0.2199990000000014
11.0,18.0,26.74,27.120001,26.74,27.07,63200.0,0.33000000000000185
11.0,17.0,26.459999,26.559999,26.389999,26.48,19800.0,0.0200010000000006
11.0,16.0,26.780001,26.780001,26.309999,26.34,128900.0,-0.44000099999999875
11.0,15.0,27.1,27.16,26.91,27.0,8600.0,-0.10000000000000142
11.0,12.0,27.27,27.27,26.870001,27.0,4700.0,-0.2699999999999996
11.0,11.0,27.360001,27.370001,26.93,27.25,2700.0,-0.11000100000000046
11.0,10.0,27.4,27.51,27.17,27.51,2100.0,0.11000000000000298
11.0,9.0,27.809999,27.809999,27.280001,27.280001,4400.0,-0.5299980000000026
11.0,8.0,27.559999,27.719999,27.51,27.700001,5600.0,0.14000199999999907
11.0,5.0,27.59,27.65,27.52,27.549999,4000.0,-0.040001000000000175
11.0,4.0,27.24,27.58,27.219999,27.58,9900.0,0.33999999999999986
11.0,3.0,26.639999,26.84,26.57,26.76,2800.0,0.12000100000000202
11.0,2.0,26.35,26.709999,26.35,26.709999,6400.0,0.3599989999999984
11.0,1.0,26.469999,26.59,26.049999,26.049999,5800.0,-0.4200000000000017
10.0,29.0,26.299999,26.43,26.299999,26.389999,5200.0,0.08999999999999986
10.0,28.0,26.4,26.4,26.02,26.209999,4600.0,-0.19000099999999875
10.0,27.0,26.02,26.34,25.950001,26.34,4400.0,0.3200000000000003
10.0,26.0,25.98,26.209999,25.98,26.08,12800.0,0.09999999999999787
10.0,25.0,26.200001,26.23,26.08,26.139999,2900.0,-0.06000200000000078
10.0,22.0,25.6,25.860001,25.6,25.860001,11900.0,0.26000099999999904
10.0,21.0,25.719999,25.780001,25.120001,25.469999,31000.0,-0.25
10.0,20.0,25.52,25.690001,25.41,25.540001,9000.0,0.0200010000000006
10.0,19.0,25.6,25.82,25.200001,25.200001,203500.0,-0.3999990000000011
10.0,18.0,25.85,25.940001,25.85,25.940001,3600.0,0.09000099999999733
10.0,15.0,25.950001,25.950001,25.77,25.84,8200.0,-0.11000100000000046
10.0,14.0,25.700001,25.9,25.700001,25.780001,1200.0,0.0799999999999983
10.0,13.0,25.469999,25.889999,25.469999,25.809999,2300.0,0.33999999999999986
10.0,12.0,24.940001,25.27,24.940001,25.27,1000.0,0.3299990000000008
10.0,11.0,25.26,25.33,25.18,25.18,1400.0,-0.08000000000000185
10.0,8.0,24.83,25.09,24.709999,25.09,6500.0,0.26000000000000156
10.0,7.0,25.059999,25.059999,24.83,24.889999,1000.0,-0.1700000000000017
10.0,6.0,25.27,25.27,24.809999,24.809999,1900.0,-0.46000099999999833
10.0,5.0,24.66,25.18,24.66,25.18,4100.0,0.5199999999999996
10.0,4.0,24.57,24.57,24.360001,24.49,1100.0,-0.08000000000000185
10.0,1.0,24.870001,24.870001,24.700001,24.83,1800.0,-0.040001000000000175
9.0,30.0,25.02,25.1,24.5,24.73,6300.0,-0.28999999999999915
9.0,29.0,24.790001,24.91,24.73,24.860001,4900.0,0.07000000000000028
9.0,28.0,24.440001,24.719999,24.09,24.719999,10200.0,0.27999800000000263
9.0,27.0,24.540001,24.58,24.379999,24.41,1800.0,-0.13000100000000003
9.0,24.0,23.93,24.540001,23.93,24.540001,3500.0,0.6100010000000005
9.0,23.0,23.700001,24.110001,23.67,23.700001,4000.0,0.0
9.0,22.0,23.91,23.98,23.59,23.67,800.0,-0.23999999999999844
9.0,21.0,24.0,24.110001,24.0,24.030001,7400.0,0.030000999999998612
9.0,20.0,23.76,24.1,23.75,24.1,2600.0,0.33999999999999986
9.0,17.0,23.290001,23.459999,23.15,23.459999,900.0,0.16999799999999965
9.0,16.0,23.34,23.34,23.040001,23.309999,800.0,-0.030000999999998612
9.0,15.0,23.030001,23.35,23.030001,23.35,900.0,0.3199990000000028
9.0,14.0,23.030001,23.309999,23.01,23.299999,5100.0,0.26999800000000107
9.0,13.0,22.690001,23.129999,22.690001,23.120001,2600.0,0.4299999999999997
9.0,10.0,22.440001,22.459999,22.33,22.41,2400.0,-0.030000999999998612
9.0,9.0,22.68,22.68,22.33,22.41,6100.0,-0.2699999999999996
9.0,8.0,22.52,22.52,22.4,22.42,2400.0,-0.09999999999999787
9.0,7.0,22.98,22.98,22.450001,22.450001,3400.0,-0.5299990000000001
9.0,3.0,22.76,23.02,22.719999,23.02,13100.0,0.259999999999998
9.0,2.0,22.379999,22.559999,22.34,22.559999,4900.0,0.17999999999999972
9.0,1.0,22.16,22.17,22.120001,22.120001,2000.0,-0.03999900000000167
8.0,31.0,21.59,21.620001,21.309999,21.43,3200.0,-0.16000000000000014
8.0,30.0,22.08,22.17,21.709999,21.709999,2200.0,-0.37000099999999847
8.0,27.0,21.629999,22.16,21.379999,22.129999,5400.0,0.5
8.0,26.0,21.76,21.76,21.469999,21.6,5200.0,-0.16000000000000014
8.0,25.0,21.25,21.709999,21.209999,21.709999,2000.0,0.4599989999999998
8.0,24.0,21.52,21.52,21.42,21.42,800.0,-0.09999999999999787
8.0,23.0,21.91,21.91,21.67,21.68,2200.0,-0.23000000000000043
8.0,20.0,21.809999,21.950001,21.690001,21.940001,2900.0,0.1300019999999975
8.0,19.0,22.290001,22.290001,22.0,22.0,800.0,-0.2900010000000002
8.0,18.0,22.26,22.41,22.26,22.41,1200.0,0.14999999999999858
8.0,17.0,22.370001,22.389999,22.26,22.26,2200.0,-0.1100009999999969
8.0,16.0,21.879999,21.969999,21.76,21.860001,14300.0,-0.01999800000000107
8.0,13.0,21.91,21.91,21.82,21.83,4200.0,-0.08000000000000185
8.0,12.0,22.01,22.1,21.99,22.0,4600.0,-0.010000000000001563
8.0,11.0,22.690001,22.690001,22.360001,22.41,1011900.0,-0.2800009999999986
8.0,10.0,23.67,23.67,23.27,23.42,3000.0,-0.25
8.0,9.0,23.809999,24.02,23.719999,24.02,5800.0,0.21000099999999833
8.0,6.0,23.51,23.51,23.51,23.51,100.0,0.0
8.0,5.0,24.0,24.0,24.0,24.0,0.0,0.0
8.0,4.0,24.0,24.0,24.0,24.0,0.0,0.0
8.0,3.0,24.0,24.0,24.0,24.0,100.0,0.0
8.0,2.0,23.91,24.0,23.85,24.0,1900.0,0.08999999999999986
7.0,30.0,23.780001,23.780001,23.700001,23.77,2000.0,-0.010000999999999038
7.0,29.0,23.93,23.93,23.75,23.75,1000.0,-0.17999999999999972
7.0,28.0,24.219999,24.219999,23.889999,23.889999,900.0,-0.33000000000000185
7.0,27.0,24.809999,24.809999,24.530001,24.530001,2000.0,-0.27999800000000263
7.0,26.0,24.5,24.610001,24.5,24.58,2600.0,0.0799999999999983
7.0,23.0,23.530001,23.530001,23.530001,23.530001,0.0,0.0
7.0,22.0,23.530001,23.530001,23.530001,23.530001,300.0,0.0
7.0,21.0,22.629999,22.629999,22.629999,22.629999,5100.0,0.0
7.0,20.0,22.549999,22.98,22.540001,22.98,7500.0,0.43000100000000074
7.0,19.0,22.700001,22.700001,22.690001,22.690001,200.0,-0.010000000000001563
7.0,16.0,22.99,22.99,22.610001,22.610001,600.0,-0.379998999999998
7.0,15.0,23.49,23.49,23.08,23.219999,6700.0,-0.27000099999999705
7.0,14.0,23.65,23.65,23.52,23.52,5600.0,-0.129999999999999
7.0,13.0,22.950001,23.610001,22.950001,23.610001,13600.0,0.6600000000000001
7.0,12.0,22.85,22.85,22.73,22.73,500.0,-0.120000000000001
7.0,9.0,22.700001,22.91,22.639999,22.91,6400.0,0.20999899999999982
7.0,8.0,22.530001,22.530001,22.530001,22.530001,4100.0,0.0
7.0,7.0,22.030001,22.030001,22.030001,22.030001,1000.0,0.0
7.0,6.0,22.200001,22.26,22.07,22.07,12400.0,-0.13000100000000003
7.0,2.0,21.809999,21.809999,21.809999,21.809999,200.0,0.0
7.0,1.0,22.51,22.51,22.51,22.51,0.0,0.0
6.0,30.0,22.540001,22.540001,22.51,22.51,400.0,-0.030000999999998612
6.0,29.0,22.52,22.59,22.290001,22.290001,5400.0,-0.2299989999999994
6.0,28.0,22.870001,22.870001,22.870001,22.870001,0.0,0.0
6.0,25.0,22.870001,22.870001,22.870001,22.870001,600.0,0.0
6.0,24.0,23.299999,23.299999,23.299999,23.299999,0.0,0.0
6.0,23.0,23.549999,23.549999,23.299999,23.299999,600.0,-0.25
6.0,22.0,24.08,24.08,23.76,23.76,800.0,-0.31999999999999673
6.0,21.0,23.860001,23.860001,23.860001,23.860001,100.0,0.0
6.0,18.0,24.190001,24.190001,24.08,24.08,1000.0,-0.11000100000000046
6.0,17.0,23.940001,23.940001,23.940001,23.940001,0.0,0.0
6.0,16.0,24.0,24.0,23.92,23.940001,600.0,-0.059999000000001246
6.0,15.0,23.98,23.98,23.98,23.98,200.0,0.0
6.0,14.0,23.43,23.52,23.43,23.52,1200.0,0.08999999999999986
6.0,11.0,23.1,23.129999,23.1,23.129999,400.0,0.02999900000000011
6.0,10.0,22.549999,22.709999,22.549999,22.709999,200.0,0.16000000000000014
6.0,9.0,22.389999,22.5,22.219999,22.5,600.0,0.11000100000000046
6.0,8.0,22.790001,22.790001,22.790001,22.790001,0.0,0.0
6.0,7.0,23.200001,23.200001,22.790001,22.790001,2200.0,-0.41000000000000014
6.0,4.0,24.18,24.18,24.18,24.18,0.0,0.0
6.0,3.0,24.18,24.18,24.18,24.18,200.0,0.0
6.0,2.0,23.209999,23.74,23.209999,23.74,1800.0,0.5300009999999986
6.0,1.0,23.719999,23.719999,23.18,23.18,2600.0,-0.5399990000000017
5.0,28.0,24.110001,24.110001,24.110001,24.110001,0.0,0.0
5.0,27.0,23.860001,24.110001,23.85,24.110001,800.0,0.25
5.0,26.0,23.75,23.75,23.190001,23.190001,1400.0,-0.5599990000000012
5.0,25.0,22.58,23.059999,22.440001,23.059999,1100.0,0.47999900000000295
5.0,24.0,23.5,23.530001,23.43,23.530001,700.0,0.030000999999998612
5.0,21.0,23.809999,23.809999,23.690001,23.690001,300.0,-0.11999800000000249
5.0,20.0,23.950001,23.950001,23.5,23.540001,12000.0,-0.41000000000000014
5.0,19.0,24.059999,24.35,24.059999,24.35,1100.0,0.2900010000000002
5.0,18.0,25.34,25.34,24.549999,24.66,1100.0,-0.6799999999999997
5.0,17.0,24.66,25.120001,24.66,25.120001,2200.0,0.46000099999999833
5.0,14.0,24.9,24.959999,24.76,24.959999,1600.0,0.059999000000001246
5.0,13.0,25.91,25.92,25.48,25.48,3700.0,-0.4299999999999997
5.0,12.0,25.33,25.530001,25.33,25.51,4300.0,0.18000000000000327
5.0,11.0,24.16,25.35,23.68,25.02,1600.0,0.8599999999999994
5.0,10.0,24.610001,24.75,24.610001,24.75,2000.0,0.13999899999999954
5.0,7.0,23.84,24.219999,23.790001,23.82,2600.0,-0.019999999999999574
5.0,6.0,24.959999,25.370001,17.52,25.370001,18600.0,0.41000199999999865
5.0,5.0,25.290001,25.5,25.030001,25.32,1600.0,0.02999900000000011
5.0,4.0,26.15,26.15,25.559999,25.559999,4000.0,-0.5900009999999973
5.0,3.0,26.08,26.42,26.02,26.42,15900.0,0.3400000000000034
4.0,30.0,26.98,26.98,25.969999,25.969999,3200.0,-1.010000999999999
4.0,29.0,26.639999,26.93,26.469999,26.93,10200.0,0.2900010000000002
4.0,28.0,26.450001,26.559999,26.450001,26.559999,5800.0,0.10999800000000093
4.0,27.0,27.0,27.15,26.66,26.66,8600.0,-0.33999999999999986
4.0,26.0,26.969999,27.26,26.959999,27.09,2300.0,0.12000099999999847
4.0,23.0,26.9,27.08,26.83,27.08,2500.0,0.17999999999999972
4.0,22.0,26.450001,26.950001,26.4,26.950001,2600.0,0.5
4.0,21.0,26.700001,26.700001,26.549999,26.549999,2500.0,-0.15000200000000063
4.0,20.0,26.35,26.52,26.309999,26.469999,4500.0,0.11999899999999997
4.0,19.0,26.18,26.18,25.75,26.110001,1400.0,-0.06999899999999926
4.0,16.0,26.5,26.5,26.049999,26.18,3600.0,-0.3200000000000003
4.0,15.0,26.59,26.610001,26.5,26.610001,7300.0,0.0200010000000006
4.0,14.0,26.26,26.450001,26.26,26.450001,5300.0,0.19000099999999875
4.0,13.0,25.559999,25.639999,25.51,25.639999,1400.0,0.0799999999999983
4.0,12.0,25.370001,25.59,25.370001,25.59,5000.0,0.2199990000000014
4.0,9.0,25.389999,25.389999,25.33,25.389999,13500.0,0.0
4.0,8.0,25.43,25.43,25.190001,25.370001,2700.0,-0.059999000000001246
4.0,7.0,25.49,25.559999,25.43,25.51,6600.0,0.020000000000003126
