7.0,6.0,19.610001,19.610001,19.610001,19.610001,400.0,0.0
7.0,2.0,22.040001,22.040001,22.040001,22.040001,0.0,0.0
7.0,1.0,22.040001,22.040001,22.040001,22.040001,0.0,0.0
6.0,30.0,22.040001,22.040001,22.040001,22.040001,0.0,0.0
6.0,29.0,22.040001,22.040001,22.040001,22.040001,0.0,0.0
6.0,26.0,22.040001,22.040001,22.040001,22.040001,0.0,0.0
6.0,25.0,22.040001,22.040001,22.040001,22.040001,0.0,0.0
6.0,24.0,22.040001,22.040001,22.040001,22.040001,0.0,0.0
6.0,23.0,22.040001,22.040001,22.040001,22.040001,0.0,0.0
6.0,22.0,22.040001,22.040001,22.040001,22.040001,0.0,0.0
6.0,19.0,22.040001,22.040001,22.040001,22.040001,0.0,0.0
6.0,18.0,22.040001,22.040001,22.040001,22.040001,0.0,0.0
6.0,17.0,22.040001,22.040001,22.040001,22.040001,0.0,0.0
6.0,16.0,22.040001,22.040001,22.040001,22.040001,0.0,0.0
6.0,15.0,22.040001,22.040001,22.040001,22.040001,0.0,0.0
6.0,12.0,22.040001,22.040001,22.040001,22.040001,0.0,0.0
6.0,11.0,22.040001,22.040001,22.040001,22.040001,0.0,0.0
6.0,10.0,22.040001,22.040001,22.040001,22.040001,0.0,0.0
6.0,9.0,22.040001,22.040001,22.040001,22.040001,0.0,0.0
6.0,8.0,22.040001,22.040001,22.040001,22.040001,0.0,0.0
6.0,5.0,22.040001,22.040001,22.040001,22.040001,0.0,0.0
6.0,4.0,22.040001,22.040001,22.040001,22.040001,0.0,0.0
6.0,3.0,22.040001,22.040001,22.040001,22.040001,0.0,0.0
6.0,2.0,22.040001,22.040001,22.040001,22.040001,0.0,0.0
6.0,1.0,22.040001,22.040001,22.040001,22.040001,0.0,0.0
5.0,29.0,22.040001,22.040001,22.040001,22.040001,0.0,0.0
5.0,28.0,22.040001,22.040001,22.040001,22.040001,0.0,0.0
5.0,27.0,22.040001,22.040001,22.040001,22.040001,0.0,0.0
5.0,26.0,22.040001,22.040001,22.040001,22.040001,0.0,0.0
5.0,22.0,22.040001,22.040001,22.040001,22.040001,0.0,0.0
5.0,21.0,22.040001,22.040001,22.040001,22.040001,0.0,0.0
5.0,20.0,22.040001,22.040001,22.040001,22.040001,0.0,0.0
5.0,19.0,22.040001,22.040001,22.040001,22.040001,0.0,0.0
5.0,18.0,22.040001,22.040001,22.040001,22.040001,0.0,0.0
5.0,15.0,22.040001,22.040001,22.040001,22.040001,0.0,0.0
5.0,14.0,22.040001,22.040001,22.040001,22.040001,0.0,0.0
5.0,13.0,22.040001,22.040001,22.040001,22.040001,0.0,0.0
5.0,12.0,22.040001,22.040001,22.040001,22.040001,0.0,0.0
5.0,11.0,22.040001,22.040001,22.040001,22.040001,0.0,0.0
5.0,8.0,22.040001,22.040001,22.040001,22.040001,0.0,0.0
5.0,7.0,22.040001,22.040001,22.040001,22.040001,0.0,0.0
5.0,6.0,20.83,20.83,20.83,20.83,0.0,0.0
5.0,5.0,20.83,20.83,20.83,20.83,0.0,0.0
5.0,4.0,20.83,20.83,20.83,20.83,0.0,0.0
5.0,1.0,20.83,20.83,20.83,20.83,0.0,0.0
4.0,30.0,20.83,20.83,20.83,20.83,0.0,0.0
4.0,29.0,20.83,20.83,20.83,20.83,0.0,0.0
4.0,28.0,20.83,20.83,20.83,20.83,0.0,0.0
4.0,27.0,20.83,20.83,20.83,20.83,0.0,0.0
4.0,24.0,20.83,20.83,20.83,20.83,0.0,0.0
4.0,23.0,20.83,20.83,20.83,20.83,0.0,0.0
4.0,22.0,20.83,20.83,20.83,20.83,0.0,0.0
4.0,21.0,20.780001,20.780001,20.780001,20.780001,0.0,0.0
4.0,20.0,20.780001,20.780001,20.780001,20.780001,0.0,0.0
4.0,17.0,20.780001,20.780001,20.780001,20.780001,0.0,0.0
4.0,16.0,20.780001,20.780001,20.780001,20.780001,0.0,0.0
4.0,15.0,20.66,20.66,20.66,20.66,0.0,0.0
4.0,14.0,20.66,20.66,20.66,20.66,0.0,0.0
4.0,13.0,20.66,20.66,20.66,20.66,0.0,0.0
4.0,10.0,20.66,20.66,20.66,20.66,0.0,0.0
4.0,9.0,20.66,20.66,20.66,20.66,0.0,0.0
4.0,8.0,20.66,20.66,20.66,20.66,0.0,0.0
4.0,7.0,20.66,20.66,20.66,20.66,0.0,0.0
4.0,6.0,20.66,20.66,20.66,20.66,0.0,0.0
4.0,2.0,20.66,20.66,20.66,20.66,0.0,0.0
4.0,1.0,20.66,20.66,20.66,20.66,0.0,0.0
3.0,31.0,20.66,20.66,20.66,20.66,0.0,0.0
3.0,30.0,20.66,20.66,20.66,20.66,0.0,0.0
3.0,27.0,20.66,20.66,20.66,20.66,0.0,0.0
3.0,26.0,20.58,20.58,20.58,20.58,0.0,0.0
3.0,25.0,20.940001,20.940001,20.940001,20.940001,0.0,0.0
3.0,24.0,20.780001,20.940001,20.780001,20.940001,300.0,0.16000000000000014
3.0,23.0,18.32,18.32,18.32,18.32,0.0,0.0
3.0,20.0,20.08,20.08,20.08,20.08,0.0,0.0
3.0,19.0,20.07,20.07,20.07,20.07,0.0,0.0
3.0,18.0,20.1,20.1,20.1,20.1,0.0,0.0
3.0,17.0,20.110001,20.110001,20.110001,20.110001,0.0,0.0
3.0,16.0,20.209999,20.209999,20.209999,20.209999,0.0,0.0
3.0,13.0,20.17,20.17,20.17,20.17,0.0,0.0
3.0,12.0,19.98,19.98,19.98,19.98,0.0,0.0
3.0,11.0,20.15,20.15,20.15,20.15,0.0,0.0
3.0,10.0,20.42,20.42,20.42,20.42,0.0,0.0
3.0,9.0,20.190001,20.190001,20.190001,20.190001,0.0,0.0
3.0,6.0,20.34,20.34,20.34,20.34,0.0,0.0
3.0,5.0,20.309999,20.309999,20.309999,20.309999,0.0,0.0
3.0,4.0,20.24,20.24,20.24,20.24,0.0,0.0
3.0,3.0,20.41,20.41,20.41,20.41,0.0,0.0
3.0,2.0,20.41,20.41,20.41,20.41,0.0,0.0
2.0,27.0,20.51,20.51,20.51,20.51,0.0,0.0
2.0,26.0,20.33,20.33,20.33,20.33,0.0,0.0
2.0,25.0,20.33,20.33,20.33,20.33,10000.0,0.0
2.0,24.0,20.15,20.15,20.15,20.15,0.0,0.0
2.0,23.0,20.18,20.18,20.18,20.18,0.0,0.0
2.0,20.0,20.32,20.32,20.32,20.32,0.0,0.0
2.0,19.0,20.459999,20.459999,20.459999,20.459999,0.0,0.0
2.0,18.0,20.52,20.52,20.52,20.52,0.0,0.0
2.0,17.0,20.51,20.52,20.51,20.52,4300.0,0.00999999999999801
2.0,13.0,20.66,20.66,20.66,20.66,0.0,0.0
2.0,12.0,20.35,20.35,20.35,20.35,0.0,0.0
2.0,11.0,20.52,20.52,20.52,20.52,0.0,0.0
2.0,10.0,20.77,20.77,20.77,20.77,0.0,0.0
2.0,9.0,20.809999,20.809999,20.809999,20.809999,0.0,0.0
2.0,6.0,20.860001,20.860001,20.860001,20.860001,0.0,0.0
2.0,5.0,20.84,20.84,20.84,20.84,0.0,0.0
2.0,4.0,20.809999,20.809999,20.809999,20.809999,0.0,0.0
2.0,3.0,20.639999,20.639999,20.639999,20.639999,0.0,0.0
2.0,2.0,20.629999,20.629999,20.629999,20.629999,0.0,0.0
1.0,30.0,20.27,20.27,20.27,20.27,0.0,0.0
1.0,29.0,20.41,20.41,20.41,20.41,0.0,0.0
1.0,28.0,20.48,20.48,20.48,20.48,0.0,0.0
1.0,27.0,20.77,20.77,20.77,20.77,0.0,0.0
1.0,26.0,20.35,20.35,20.35,20.35,0.0,0.0
1.0,23.0,20.85,20.85,20.85,20.85,0.0,0.0
1.0,22.0,20.959999,20.959999,20.959999,20.959999,0.0,0.0
1.0,21.0,20.74,20.74,20.74,20.74,0.0,0.0
1.0,20.0,20.77,20.77,20.77,20.77,0.0,0.0
1.0,16.0,20.280001,20.280001,20.280001,20.280001,0.0,0.0
1.0,15.0,20.139999,20.139999,20.139999,20.139999,0.0,0.0
1.0,14.0,20.139999,20.139999,20.139999,20.139999,100.0,0.0
1.0,13.0,21.0,21.0,21.0,21.0,0.0,0.0
1.0,12.0,21.120001,21.120001,21.120001,21.120001,0.0,0.0
1.0,9.0,21.309999,21.309999,21.309999,21.309999,0.0,0.0
1.0,8.0,21.110001,21.110001,21.110001,21.110001,0.0,0.0
1.0,7.0,21.1,21.1,21.1,21.1,0.0,0.0
1.0,6.0,21.26,21.26,21.26,21.26,0.0,0.0
1.0,5.0,21.450001,21.450001,21.450001,21.450001,0.0,0.0
1.0,2.0,21.440001,21.440001,21.440001,21.440001,0.0,0.0
12.0,31.0,21.6,21.6,21.6,21.6,0.0,0.0
12.0,30.0,21.6,21.6,21.6,21.6,0.0,0.0
12.0,29.0,21.25,21.25,21.25,21.25,0.0,0.0
12.0,26.0,15.41,15.41,15.41,15.41,0.0,0.0
12.0,24.0,21.549999,21.549999,21.549999,21.549999,0.0,0.0
12.0,23.0,21.549999,21.549999,21.549999,21.549999,0.0,0.0
12.0,22.0,21.879999,21.879999,21.879999,21.879999,0.0,0.0
12.0,19.0,21.67,21.67,21.67,21.67,0.0,0.0
12.0,18.0,21.91,21.91,21.91,21.91,0.0,0.0
12.0,17.0,21.9,21.9,21.9,21.9,0.0,0.0
12.0,16.0,22.15,22.15,22.15,22.15,0.0,0.0
12.0,15.0,22.48,22.48,22.48,22.48,0.0,0.0
12.0,12.0,22.309999,22.309999,22.309999,22.309999,0.0,0.0
12.0,11.0,22.309999,22.309999,22.309999,22.309999,0.0,0.0
12.0,10.0,22.639999,22.639999,22.639999,22.639999,0.0,0.0
12.0,9.0,22.57,22.57,22.57,22.57,0.0,0.0
12.0,8.0,22.530001,22.57,22.530001,22.57,200.0,0.03999900000000167
12.0,5.0,22.66,22.66,22.66,22.66,0.0,0.0
12.0,4.0,22.450001,22.450001,22.450001,22.450001,0.0,0.0
12.0,3.0,22.42,22.42,22.42,22.42,0.0,0.0
12.0,2.0,22.85,22.85,22.85,22.85,0.0,0.0
12.0,1.0,22.85,22.85,22.85,22.85,200.0,0.0
11.0,28.0,23.01,23.01,23.01,23.01,0.0,0.0
11.0,26.0,23.01,23.01,23.01,23.01,0.0,0.0
11.0,25.0,23.01,23.01,23.01,23.01,0.0,0.0
11.0,24.0,23.01,23.01,23.01,23.01,0.0,0.0
11.0,21.0,23.01,23.01,23.01,23.01,0.0,0.0
11.0,20.0,23.01,23.01,23.01,23.01,0.0,0.0
11.0,19.0,23.01,23.01,23.01,23.01,0.0,0.0
11.0,18.0,23.01,23.01,23.01,23.01,0.0,0.0
11.0,17.0,23.01,23.01,23.01,23.01,0.0,0.0
11.0,14.0,23.01,23.01,23.01,23.01,0.0,0.0
11.0,13.0,23.01,23.01,23.01,23.01,0.0,0.0
11.0,12.0,23.01,23.01,23.01,23.01,0.0,0.0
11.0,11.0,23.01,23.01,23.01,23.01,0.0,0.0
11.0,10.0,23.01,23.01,23.01,23.01,0.0,0.0
11.0,7.0,23.01,23.02,23.01,23.01,600.0,0.0
11.0,6.0,22.959999,22.959999,22.959999,22.959999,0.0,0.0
11.0,5.0,22.959999,22.959999,22.959999,22.959999,0.0,0.0
11.0,4.0,22.93,22.959999,22.93,22.959999,6400.0,0.02999900000000011
11.0,3.0,23.059999,23.059999,23.059999,23.059999,0.0,0.0
10.0,31.0,23.07,23.07,23.059999,23.059999,200.0,-0.010000999999999038
10.0,30.0,24.110001,24.110001,24.110001,24.110001,0.0,0.0
10.0,29.0,24.110001,24.110001,24.110001,24.110001,0.0,0.0
10.0,28.0,24.110001,24.110001,24.110001,24.110001,0.0,0.0
10.0,27.0,24.110001,24.110001,24.110001,24.110001,0.0,0.0
10.0,24.0,24.110001,24.110001,24.110001,24.110001,0.0,0.0
10.0,23.0,24.110001,24.110001,24.110001,24.110001,0.0,0.0
10.0,22.0,24.110001,24.110001,24.110001,24.110001,0.0,0.0
10.0,21.0,24.110001,24.110001,24.110001,24.110001,0.0,0.0
10.0,20.0,24.110001,24.110001,24.110001,24.110001,0.0,0.0
10.0,17.0,24.110001,24.110001,24.110001,24.110001,0.0,0.0
10.0,16.0,24.110001,24.110001,24.110001,24.110001,0.0,0.0
10.0,15.0,24.110001,24.110001,24.110001,24.110001,0.0,0.0
10.0,14.0,24.110001,24.110001,24.110001,24.110001,0.0,0.0
10.0,13.0,24.110001,24.110001,24.110001,24.110001,0.0,0.0
10.0,10.0,24.110001,24.110001,24.110001,24.110001,0.0,0.0
10.0,9.0,24.110001,24.110001,24.110001,24.110001,0.0,0.0
10.0,8.0,24.110001,24.110001,24.110001,24.110001,0.0,0.0
10.0,7.0,24.110001,24.110001,24.110001,24.110001,0.0,0.0
10.0,6.0,24.110001,24.110001,24.110001,24.110001,0.0,0.0
10.0,3.0,24.110001,24.110001,24.110001,24.110001,0.0,0.0
10.0,2.0,24.110001,24.110001,24.110001,24.110001,0.0,0.0
10.0,1.0,24.110001,24.110001,24.110001,24.110001,0.0,0.0
9.0,30.0,24.110001,24.110001,24.110001,24.110001,0.0,0.0
9.0,29.0,24.110001,24.110001,24.110001,24.110001,0.0,0.0
9.0,26.0,24.110001,24.110001,24.110001,24.110001,0.0,0.0
9.0,25.0,24.110001,24.110001,24.110001,24.110001,0.0,0.0
9.0,24.0,24.110001,24.110001,24.110001,24.110001,0.0,0.0
9.0,23.0,24.110001,24.110001,24.110001,24.110001,0.0,0.0
9.0,22.0,24.110001,24.110001,24.110001,24.110001,0.0,0.0
9.0,19.0,24.110001,24.110001,24.110001,24.110001,0.0,0.0
9.0,18.0,24.110001,24.110001,24.110001,24.110001,0.0,0.0
9.0,17.0,24.110001,24.110001,24.110001,24.110001,0.0,0.0
9.0,16.0,24.110001,24.110001,24.110001,24.110001,0.0,0.0
9.0,15.0,24.110001,24.110001,24.110001,24.110001,0.0,0.0
9.0,12.0,24.110001,24.110001,24.110001,24.110001,0.0,0.0
9.0,11.0,24.110001,24.110001,24.110001,24.110001,0.0,0.0
9.0,10.0,24.110001,24.110001,24.110001,24.110001,0.0,0.0
9.0,9.0,24.110001,24.110001,24.110001,24.110001,0.0,0.0
9.0,8.0,24.110001,24.110001,24.110001,24.110001,0.0,0.0
9.0,5.0,24.35,24.35,24.35,24.35,0.0,0.0
9.0,4.0,24.35,24.35,24.35,24.35,0.0,0.0
9.0,3.0,24.35,24.35,24.35,24.35,0.0,0.0
9.0,2.0,24.35,24.35,24.35,24.35,0.0,0.0
8.0,29.0,24.35,24.35,24.35,24.35,0.0,0.0
8.0,28.0,24.34,24.360001,24.34,24.35,1200.0,0.010000000000001563
8.0,27.0,24.370001,24.370001,24.370001,24.370001,0.0,0.0
8.0,26.0,24.370001,24.370001,24.370001,24.370001,0.0,0.0
8.0,25.0,24.370001,24.370001,24.370001,24.370001,0.0,0.0
8.0,22.0,24.370001,24.370001,24.370001,24.370001,0.0,0.0
8.0,21.0,24.370001,24.370001,24.370001,24.370001,0.0,0.0
8.0,20.0,24.370001,24.370001,24.370001,24.370001,0.0,0.0
8.0,19.0,24.370001,24.370001,24.370001,24.370001,0.0,0.0
8.0,18.0,24.370001,24.370001,24.370001,24.370001,0.0,0.0
8.0,15.0,24.370001,24.370001,24.370001,24.370001,0.0,0.0
8.0,14.0,24.370001,24.370001,24.370001,24.370001,0.0,0.0
8.0,13.0,24.370001,24.370001,24.370001,24.370001,0.0,0.0
8.0,12.0,24.370001,24.370001,24.370001,24.370001,0.0,0.0
8.0,11.0,24.370001,24.370001,24.370001,24.370001,0.0,0.0
8.0,8.0,24.370001,24.370001,24.370001,24.370001,0.0,0.0
8.0,7.0,24.370001,24.370001,24.370001,24.370001,0.0,0.0
8.0,6.0,24.370001,24.370001,24.370001,24.370001,0.0,0.0
8.0,5.0,24.370001,24.370001,24.370001,24.370001,0.0,0.0
8.0,4.0,24.370001,24.370001,24.370001,24.370001,0.0,0.0
8.0,1.0,24.370001,24.370001,24.370001,24.370001,0.0,0.0
7.0,31.0,24.370001,24.370001,24.370001,24.370001,0.0,0.0
7.0,30.0,24.370001,24.370001,24.370001,24.370001,0.0,0.0
7.0,29.0,24.370001,24.370001,24.370001,24.370001,0.0,0.0
7.0,28.0,24.370001,24.370001,24.370001,24.370001,0.0,0.0
7.0,25.0,24.370001,24.370001,24.370001,24.370001,0.0,0.0
7.0,24.0,24.370001,24.370001,24.370001,24.370001,0.0,0.0
7.0,23.0,24.370001,24.370001,24.370001,24.370001,400.0,0.0
7.0,22.0,24.219999,24.219999,24.219999,24.219999,0.0,0.0
7.0,21.0,24.219999,24.219999,24.219999,24.219999,0.0,0.0
7.0,18.0,24.219999,24.219999,24.219999,24.219999,0.0,0.0
7.0,17.0,24.219999,24.219999,24.219999,24.219999,0.0,0.0
7.0,16.0,24.219999,24.219999,24.219999,24.219999,400.0,0.0
7.0,15.0,24.110001,24.110001,24.110001,24.110001,0.0,0.0
7.0,14.0,24.110001,24.15,24.059999,24.110001,1300.0,0.0
7.0,11.0,24.110001,24.110001,24.110001,24.110001,0.0,0.0
7.0,10.0,24.110001,24.110001,24.110001,24.110001,0.0,0.0
7.0,9.0,24.110001,24.110001,24.110001,24.110001,0.0,0.0
7.0,8.0,24.110001,24.110001,24.110001,24.110001,0.0,0.0
7.0,7.0,24.110001,24.110001,24.110001,24.110001,600.0,0.0
7.0,3.0,23.030001,23.030001,23.030001,23.030001,0.0,0.0
7.0,2.0,23.030001,23.030001,23.030001,23.030001,0.0,0.0
7.0,1.0,23.030001,23.030001,23.030001,23.030001,0.0,0.0
6.0,30.0,23.030001,23.030001,23.030001,23.030001,0.0,0.0
6.0,27.0,23.030001,23.030001,23.030001,23.030001,0.0,0.0
6.0,26.0,23.030001,23.030001,23.030001,23.030001,0.0,0.0
6.0,25.0,23.030001,23.030001,23.030001,23.030001,0.0,0.0
6.0,24.0,23.030001,23.030001,23.030001,23.030001,0.0,0.0
6.0,23.0,23.030001,23.030001,23.030001,23.030001,0.0,0.0
6.0,20.0,23.030001,23.030001,23.030001,23.030001,0.0,0.0
6.0,19.0,23.030001,23.030001,23.030001,23.030001,0.0,0.0
6.0,18.0,23.1,23.110001,23.030001,23.030001,3600.0,-0.06999900000000281
6.0,17.0,23.08,23.1,23.08,23.1,10800.0,0.020000000000003126
6.0,16.0,22.73,22.73,22.73,22.73,0.0,0.0
6.0,13.0,22.82,22.82,22.73,22.73,600.0,-0.08999999999999986
6.0,12.0,23.17,23.17,23.17,23.17,0.0,0.0
6.0,11.0,23.17,23.17,23.17,23.17,0.0,0.0
6.0,10.0,23.129999,23.23,23.120001,23.17,24000.0,0.040001000000000175
6.0,9.0,23.26,23.42,23.24,23.290001,20500.0,0.030000999999998612
6.0,6.0,22.83,23.18,22.83,23.08,149000.0,0.25
6.0,5.0,23.01,23.120001,23.01,23.08,118900.0,0.06999999999999673
6.0,4.0,22.98,23.07,22.969999,22.99,33200.0,0.00999999999999801
6.0,3.0,23.129999,23.23,23.120001,23.17,35000.0,0.040001000000000175
6.0,2.0,23.200001,23.34,23.190001,23.190001,14100.0,-0.010000000000001563
5.0,30.0,23.17,23.23,22.889999,23.049999,106300.0,-0.12000100000000202
5.0,29.0,22.99,23.17,22.950001,23.07,159600.0,0.08000000000000185
5.0,28.0,23.24,23.280001,23.15,23.200001,104500.0,-0.03999899999999812
5.0,27.0,23.27,23.32,23.200001,23.200001,70900.0,-0.06999899999999926
5.0,23.0,23.190001,23.23,23.129999,23.190001,60200.0,0.0
5.0,22.0,22.719999,22.719999,22.719999,22.719999,0.0,0.0
5.0,21.0,22.719999,22.719999,22.719999,22.719999,0.0,0.0
5.0,20.0,22.719999,22.719999,22.719999,22.719999,0.0,0.0
5.0,19.0,22.719999,22.719999,22.719999,22.719999,0.0,0.0
5.0,16.0,22.719999,22.719999,22.719999,22.719999,0.0,0.0
5.0,15.0,22.719999,22.719999,22.719999,22.719999,0.0,0.0
5.0,14.0,22.719999,22.719999,22.719999,22.719999,0.0,0.0
5.0,13.0,22.719999,22.719999,22.719999,22.719999,0.0,0.0
5.0,12.0,22.719999,22.719999,22.719999,22.719999,0.0,0.0
5.0,9.0,22.719999,22.719999,22.719999,22.719999,0.0,0.0
5.0,8.0,22.719999,22.719999,22.719999,22.719999,0.0,0.0
5.0,7.0,22.719999,22.719999,22.719999,22.719999,0.0,0.0
5.0,6.0,22.719999,22.719999,22.66,22.719999,500.0,0.0
5.0,5.0,22.68,22.68,22.6,22.6,300.0,-0.0799999999999983
5.0,2.0,22.370001,22.41,22.370001,22.389999,1000.0,0.01999800000000107
5.0,1.0,22.82,22.82,22.82,22.82,0.0,0.0
4.0,30.0,22.82,22.82,22.82,22.82,0.0,0.0
4.0,29.0,22.950001,22.950001,22.799999,22.82,21400.0,-0.13000100000000003
4.0,28.0,23.18,23.18,22.9,22.950001,68400.0,-0.2299989999999994
4.0,25.0,23.190001,23.190001,23.07,23.07,54400.0,-0.12000099999999847
4.0,24.0,22.92,22.92,22.92,22.92,0.0,0.0
4.0,23.0,22.92,22.92,22.92,22.92,0.0,0.0
4.0,22.0,22.92,22.92,22.92,22.92,0.0,0.0
4.0,21.0,22.92,22.92,22.92,22.92,0.0,0.0
4.0,17.0,22.959999,23.0,22.92,22.92,1700.0,-0.03999899999999812
4.0,16.0,23.040001,23.040001,22.950001,22.959999,900.0,-0.08000200000000035
4.0,15.0,22.73,22.73,22.73,22.73,0.0,0.0
4.0,14.0,22.73,22.73,22.73,22.73,0.0,0.0
4.0,11.0,22.73,22.73,22.73,22.73,0.0,0.0
4.0,10.0,22.73,22.73,22.73,22.73,0.0,0.0
4.0,9.0,22.73,22.73,22.73,22.73,1800.0,0.0
4.0,8.0,22.0,22.0,22.0,22.0,0.0,0.0
4.0,7.0,22.0,22.0,22.0,22.0,0.0,0.0
4.0,4.0,22.0,22.0,22.0,22.0,0.0,0.0
4.0,3.0,22.0,22.0,22.0,22.0,0.0,0.0
4.0,2.0,22.0,22.0,22.0,22.0,0.0,0.0
4.0,1.0,22.0,22.0,22.0,22.0,0.0,0.0
3.0,31.0,22.0,22.0,22.0,22.0,0.0,0.0
3.0,28.0,22.0,22.0,22.0,22.0,0.0,0.0
3.0,27.0,22.0,22.0,22.0,22.0,0.0,0.0
3.0,26.0,22.0,22.0,22.0,22.0,0.0,0.0
3.0,25.0,22.0,22.0,22.0,22.0,0.0,0.0
3.0,24.0,22.07,22.07,21.99,22.0,400.0,-0.07000000000000028
3.0,21.0,22.08,22.08,22.0,22.01,400.0,-0.06999999999999673
3.0,20.0,22.35,22.35,22.35,22.35,0.0,0.0
3.0,19.0,22.35,22.35,22.35,22.35,0.0,0.0
3.0,18.0,22.35,22.35,22.35,22.35,0.0,0.0
3.0,17.0,22.35,22.35,22.35,22.35,0.0,0.0
3.0,14.0,22.35,22.35,22.35,22.35,0.0,0.0
3.0,13.0,22.35,22.35,22.35,22.35,0.0,0.0
3.0,12.0,22.35,22.35,22.35,22.35,0.0,0.0
3.0,11.0,22.35,22.35,22.35,22.35,0.0,0.0
3.0,10.0,22.35,22.35,22.35,22.35,300.0,0.0
3.0,7.0,23.0,23.0,23.0,23.0,0.0,0.0
3.0,6.0,23.0,23.0,23.0,23.0,0.0,0.0
3.0,5.0,23.0,23.0,23.0,23.0,0.0,0.0
3.0,4.0,23.0,23.0,23.0,23.0,0.0,0.0
3.0,3.0,23.0,23.0,23.0,23.0,0.0,0.0
2.0,28.0,23.0,23.0,23.0,23.0,0.0,0.0
2.0,27.0,23.0,23.0,23.0,23.0,0.0,0.0
2.0,26.0,23.0,23.0,23.0,23.0,0.0,0.0
2.0,25.0,23.0,23.0,23.0,23.0,0.0,0.0
2.0,24.0,23.0,23.0,23.0,23.0,0.0,0.0
2.0,21.0,23.0,23.0,23.0,23.0,0.0,0.0
2.0,20.0,23.0,23.0,23.0,23.0,0.0,0.0
2.0,19.0,23.0,23.0,23.0,23.0,500.0,0.0
2.0,18.0,22.9,22.9,22.9,22.9,1200.0,0.0
2.0,14.0,22.27,22.27,22.27,22.27,0.0,0.0
2.0,13.0,22.27,22.27,22.27,22.27,0.0,0.0
2.0,12.0,22.27,22.27,22.27,22.27,0.0,0.0
2.0,11.0,22.27,22.27,22.27,22.27,0.0,0.0
2.0,10.0,22.27,22.27,22.27,22.27,0.0,0.0
2.0,7.0,22.27,22.27,22.27,22.27,0.0,0.0
2.0,6.0,22.27,22.27,22.27,22.27,0.0,0.0
2.0,5.0,22.27,22.27,22.27,22.27,0.0,0.0
2.0,4.0,22.34,22.34,22.27,22.27,400.0,-0.07000000000000028
2.0,3.0,22.93,22.93,22.93,22.93,0.0,0.0
1.0,31.0,22.93,22.93,22.93,22.93,0.0,0.0
1.0,30.0,22.93,22.93,22.93,22.93,0.0,0.0
1.0,29.0,22.93,22.93,22.93,22.93,0.0,0.0
1.0,28.0,22.93,22.93,22.93,22.93,0.0,0.0
1.0,27.0,22.93,22.93,22.93,22.93,0.0,0.0
1.0,24.0,23.0,23.040001,22.92,22.93,2900.0,-0.07000000000000028
1.0,23.0,22.799999,22.799999,22.799999,22.799999,0.0,0.0
1.0,22.0,22.799999,22.799999,22.799999,22.799999,0.0,0.0
1.0,21.0,22.799999,22.799999,22.799999,22.799999,0.0,0.0
1.0,17.0,22.799999,22.799999,22.799999,22.799999,0.0,0.0
1.0,16.0,22.799999,22.799999,22.799999,22.799999,0.0,0.0
1.0,15.0,22.799999,22.799999,22.799999,22.799999,0.0,0.0
1.0,14.0,22.799999,22.799999,22.799999,22.799999,0.0,0.0
1.0,13.0,22.799999,22.799999,22.799999,22.799999,0.0,0.0
1.0,10.0,22.799999,22.799999,22.799999,22.799999,0.0,0.0
1.0,9.0,22.799999,22.799999,22.799999,22.799999,100.0,0.0
1.0,8.0,23.6,23.6,23.6,23.6,0.0,0.0
1.0,7.0,23.6,23.6,23.6,23.6,0.0,0.0
1.0,6.0,23.6,23.6,23.6,23.6,0.0,0.0
1.0,3.0,23.6,23.6,23.6,23.6,0.0,0.0
1.0,2.0,23.6,23.6,23.6,23.6,0.0,0.0
12.0,31.0,23.6,23.6,23.6,23.6,0.0,0.0
12.0,30.0,23.23,23.6,23.23,23.6,1000.0,0.370000000000001
12.0,27.0,23.450001,23.450001,23.450001,23.450001,0.0,0.0
12.0,26.0,23.450001,23.450001,23.450001,23.450001,6000.0,0.0
12.0,24.0,23.360001,23.469999,23.360001,23.469999,2000.0,0.10999800000000093
12.0,23.0,22.68,22.68,22.68,22.68,0.0,0.0
12.0,20.0,22.68,22.68,22.68,22.68,0.0,0.0
12.0,19.0,22.68,22.68,22.68,22.68,0.0,0.0
12.0,18.0,22.68,22.68,22.68,22.68,0.0,0.0
12.0,17.0,22.68,22.68,22.68,22.68,0.0,0.0
12.0,16.0,22.68,22.68,22.68,22.68,0.0,0.0
12.0,13.0,22.68,22.68,22.68,22.68,0.0,0.0
12.0,12.0,22.68,22.68,22.68,22.68,0.0,0.0
12.0,11.0,22.68,22.68,22.68,22.68,0.0,0.0
12.0,10.0,22.68,22.68,22.68,22.68,0.0,0.0
12.0,9.0,22.68,22.68,22.68,22.68,0.0,0.0
12.0,6.0,22.68,22.68,22.68,22.68,0.0,0.0
12.0,5.0,22.68,22.68,22.68,22.68,0.0,0.0
12.0,4.0,22.68,22.68,22.68,22.68,0.0,0.0
12.0,3.0,22.68,22.68,22.68,22.68,0.0,0.0
12.0,2.0,22.68,22.68,22.68,22.68,0.0,0.0
11.0,29.0,22.75,22.75,22.68,22.68,400.0,-0.07000000000000028
11.0,27.0,22.83,22.83,22.83,22.83,0.0,0.0
11.0,26.0,22.83,22.83,22.83,22.83,0.0,0.0
11.0,25.0,22.83,22.83,22.83,22.83,0.0,0.0
11.0,22.0,22.83,22.83,22.83,22.83,0.0,0.0
11.0,21.0,22.92,22.92,22.83,22.83,200.0,-0.09000000000000341
11.0,20.0,22.860001,22.860001,22.66,22.719999,3000.0,-0.14000199999999907
11.0,19.0,22.85,22.85,22.790001,22.790001,12800.0,-0.059999000000001246
11.0,18.0,22.799999,22.799999,22.700001,22.700001,5300.0,-0.09999799999999937
11.0,15.0,22.85,22.85,22.85,22.85,0.0,0.0
11.0,14.0,22.85,22.85,22.85,22.85,0.0,0.0
11.0,13.0,22.84,22.860001,22.84,22.85,1700.0,0.010000000000001563
11.0,12.0,22.969999,23.059999,22.969999,23.059999,12600.0,0.08999999999999986
11.0,11.0,23.17,23.200001,23.09,23.110001,18000.0,-0.059999000000001246
11.0,8.0,23.209999,23.26,23.190001,23.190001,13400.0,-0.01999800000000107
11.0,7.0,23.25,23.25,23.25,23.25,0.0,0.0
11.0,6.0,23.35,23.35,23.25,23.25,19500.0,-0.10000000000000142
11.0,5.0,23.370001,23.370001,23.370001,23.370001,0.0,0.0
11.0,4.0,23.450001,23.450001,23.370001,23.370001,1400.0,-0.08000000000000185
11.0,1.0,23.57,23.57,23.57,23.57,200.0,0.0
10.0,31.0,23.77,23.790001,23.68,23.73,29700.0,-0.03999999999999915
10.0,30.0,24.049999,24.08,23.870001,23.870001,37900.0,-0.1799980000000012
10.0,29.0,23.790001,23.790001,23.75,23.75,200.0,-0.040001000000000175
10.0,28.0,23.629999,23.629999,23.629999,23.629999,0.0,0.0
10.0,25.0,23.629999,23.629999,23.629999,23.629999,0.0,0.0
10.0,24.0,23.6,23.68,23.6,23.629999,2300.0,0.02999900000000011
10.0,23.0,23.51,23.51,23.51,23.51,500.0,0.0
10.0,22.0,24.040001,24.09,23.940001,23.959999,1500.0,-0.08000200000000035
10.0,21.0,23.780001,23.780001,23.690001,23.700001,11400.0,-0.0799999999999983
10.0,18.0,23.700001,23.74,23.58,23.58,24200.0,-0.12000100000000202
10.0,17.0,23.58,23.65,23.5,23.559999,50200.0,-0.02000099999999705
10.0,16.0,23.610001,23.73,23.49,23.67,71000.0,0.059999000000001246
10.0,15.0,23.610001,23.610001,23.610001,23.610001,0.0,0.0
10.0,14.0,23.85,23.85,23.610001,23.610001,200.0,-0.23999900000000096
10.0,11.0,23.440001,23.440001,23.440001,23.440001,0.0,0.0
10.0,10.0,23.42,23.440001,23.42,23.440001,300.0,0.02000099999999705
10.0,9.0,23.52,23.52,23.52,23.52,0.0,0.0
10.0,8.0,23.559999,23.559999,23.52,23.52,1000.0,-0.03999900000000167
10.0,7.0,23.290001,23.290001,23.290001,23.290001,0.0,0.0
10.0,4.0,23.290001,23.290001,23.290001,23.290001,0.0,0.0
10.0,3.0,23.290001,23.290001,23.290001,23.290001,0.0,0.0
10.0,2.0,23.290001,23.290001,23.290001,23.290001,0.0,0.0
10.0,1.0,23.290001,23.290001,23.290001,23.290001,100.0,0.0
9.0,30.0,23.16,23.16,23.16,23.16,0.0,0.0
9.0,27.0,23.16,23.16,23.16,23.16,0.0,0.0
9.0,26.0,23.16,23.16,23.16,23.16,0.0,0.0
9.0,25.0,23.16,23.16,23.16,23.16,0.0,0.0
9.0,24.0,23.16,23.16,23.16,23.16,0.0,0.0
9.0,23.0,23.16,23.16,23.16,23.16,0.0,0.0
9.0,20.0,23.16,23.16,23.16,23.16,0.0,0.0
9.0,19.0,23.16,23.16,23.16,23.16,0.0,0.0
9.0,18.0,23.16,23.16,23.16,23.16,0.0,0.0
9.0,17.0,23.450001,23.450001,23.110001,23.16,6000.0,-0.2900010000000002
9.0,16.0,23.469999,23.469999,23.469999,23.469999,0.0,0.0
9.0,13.0,23.469999,23.469999,23.469999,23.469999,0.0,0.0
9.0,12.0,23.469999,23.469999,23.469999,23.469999,0.0,0.0
9.0,11.0,23.469999,23.469999,23.469999,23.469999,0.0,0.0
9.0,10.0,23.469999,23.469999,23.469999,23.469999,0.0,0.0
9.0,9.0,23.469999,23.469999,23.469999,23.469999,0.0,0.0
9.0,6.0,23.469999,23.469999,23.469999,23.469999,0.0,0.0
9.0,5.0,23.469999,23.469999,23.469999,23.469999,200.0,0.0
9.0,4.0,23.469999,23.469999,23.469999,23.469999,0.0,0.0
9.0,3.0,23.469999,23.469999,23.469999,23.469999,0.0,0.0
8.0,30.0,23.469999,23.48,23.42,23.469999,8300.0,0.0
8.0,29.0,23.719999,23.74,23.719999,23.74,300.0,0.02000099999999705
8.0,28.0,23.99,24.059999,23.93,24.02,9400.0,0.030000000000001137
8.0,27.0,24.24,24.24,24.24,24.24,0.0,0.0
8.0,26.0,24.24,24.24,24.24,24.24,0.0,0.0
8.0,23.0,24.24,24.24,24.24,24.24,0.0,0.0
8.0,22.0,24.24,24.24,24.24,24.24,0.0,0.0
8.0,21.0,24.24,24.24,24.24,24.24,0.0,0.0
8.0,20.0,24.24,24.24,24.24,24.24,0.0,0.0
8.0,19.0,24.24,24.24,24.24,24.24,0.0,0.0
8.0,16.0,24.24,24.24,24.24,24.24,0.0,0.0
8.0,15.0,24.24,24.24,24.24,24.24,300.0,0.0
8.0,14.0,23.67,23.67,23.67,23.67,0.0,0.0
8.0,13.0,23.67,23.67,23.67,23.67,0.0,0.0
8.0,12.0,23.67,23.67,23.67,23.67,0.0,0.0
8.0,9.0,23.67,23.67,23.67,23.67,0.0,0.0
8.0,8.0,23.67,23.67,23.67,23.67,100.0,0.0
8.0,7.0,23.049999,23.049999,23.049999,23.049999,100.0,0.0
8.0,6.0,23.290001,23.290001,23.290001,23.290001,0.0,0.0
8.0,5.0,23.290001,23.290001,23.290001,23.290001,0.0,0.0
8.0,2.0,23.290001,23.290001,23.290001,23.290001,0.0,0.0
8.0,1.0,23.290001,23.290001,23.290001,23.290001,0.0,0.0
7.0,31.0,23.290001,23.290001,23.290001,23.290001,0.0,0.0
7.0,30.0,23.290001,23.290001,23.290001,23.290001,0.0,0.0
7.0,29.0,23.290001,23.290001,23.290001,23.290001,0.0,0.0
7.0,26.0,23.290001,23.290001,23.290001,23.290001,0.0,0.0
7.0,25.0,23.290001,23.290001,23.290001,23.290001,0.0,0.0
7.0,24.0,23.299999,23.299999,23.290001,23.290001,300.0,-0.009997999999999507
7.0,23.0,23.27,23.290001,23.27,23.290001,300.0,0.0200010000000006
7.0,22.0,23.07,23.07,23.07,23.07,0.0,0.0
7.0,19.0,23.07,23.07,23.07,23.07,400.0,0.0
7.0,18.0,23.049999,23.049999,23.049999,23.049999,0.0,0.0
7.0,17.0,23.049999,23.049999,23.049999,23.049999,0.0,0.0
7.0,16.0,23.049999,23.049999,23.049999,23.049999,0.0,0.0
7.0,15.0,23.049999,23.049999,23.049999,23.049999,0.0,0.0
7.0,12.0,23.049999,23.049999,23.049999,23.049999,0.0,0.0
7.0,11.0,23.040001,23.08,23.040001,23.049999,900.0,0.009997999999999507
7.0,10.0,22.620001,22.620001,22.620001,22.620001,0.0,0.0
7.0,9.0,22.620001,22.620001,22.620001,22.620001,200.0,0.0
7.0,8.0,23.0,23.0,23.0,23.0,0.0,0.0
7.0,5.0,23.0,23.0,23.0,23.0,0.0,0.0
7.0,3.0,23.0,23.0,23.0,23.0,0.0,0.0
7.0,2.0,23.0,23.0,23.0,23.0,0.0,0.0
7.0,1.0,23.0,23.0,23.0,23.0,200.0,0.0
6.0,28.0,22.809999,22.82,22.809999,22.82,500.0,0.010000999999999038
6.0,27.0,22.76,22.76,22.76,22.76,100.0,0.0
6.0,26.0,22.940001,22.940001,22.940001,22.940001,0.0,0.0
6.0,25.0,22.940001,22.940001,22.940001,22.940001,63300.0,0.0
6.0,24.0,22.6,22.629999,22.51,22.629999,500.0,0.02999900000000011
6.0,21.0,22.91,22.940001,19.790001,22.870001,110600.0,-0.03999900000000167
6.0,20.0,22.790001,22.790001,22.68,22.709999,156000.0,-0.08000200000000035
6.0,19.0,23.59,23.59,23.59,23.59,0.0,0.0
6.0,18.0,23.59,23.59,23.59,23.59,0.0,0.0
6.0,17.0,23.59,23.59,23.59,23.59,300.0,0.0
6.0,14.0,23.620001,23.620001,23.620001,23.620001,1600.0,0.0
6.0,13.0,24.16,24.16,24.16,24.16,0.0,0.0
6.0,12.0,24.16,24.16,24.16,24.16,0.0,0.0
6.0,11.0,24.16,24.16,24.16,24.16,0.0,0.0
6.0,10.0,24.92,24.92,24.16,24.16,600.0,-0.7600000000000016
6.0,7.0,24.85,24.85,24.85,24.85,1000.0,0.0
6.0,6.0,24.889999,24.889999,24.889999,24.889999,0.0,0.0
6.0,5.0,24.889999,24.889999,24.889999,24.889999,800.0,0.0
6.0,4.0,24.68,24.68,24.68,24.68,300.0,0.0
6.0,3.0,23.98,23.98,23.98,23.98,0.0,0.0
5.0,31.0,23.98,23.98,23.98,23.98,0.0,0.0
5.0,30.0,23.98,23.98,23.98,23.98,0.0,0.0
5.0,29.0,23.98,23.98,23.98,23.98,0.0,0.0
5.0,28.0,23.98,23.98,23.98,23.98,800.0,0.0
5.0,24.0,23.950001,23.950001,23.950001,23.950001,0.0,0.0
5.0,23.0,23.93,23.950001,23.93,23.950001,400.0,0.0200010000000006
5.0,22.0,24.190001,24.190001,24.16,24.16,1400.0,-0.030000999999998612
5.0,21.0,23.9,24.0,23.889999,23.969999,1300.0,0.06999900000000281
5.0,20.0,24.040001,24.040001,24.040001,24.040001,200.0,0.0
5.0,17.0,23.799999,23.809999,23.799999,23.809999,1200.0,0.010000000000001563
5.0,16.0,23.129999,23.52,23.129999,23.52,400.0,0.39000099999999804
5.0,15.0,24.049999,24.049999,24.049999,24.049999,0.0,0.0
5.0,14.0,24.049999,24.049999,24.049999,24.049999,0.0,0.0
5.0,13.0,24.049999,24.049999,24.049999,24.049999,400.0,0.0
5.0,10.0,23.969999,24.139999,23.969999,24.139999,400.0,0.16999999999999815
5.0,9.0,24.33,24.33,24.33,24.33,0.0,0.0
5.0,8.0,24.33,24.33,24.33,24.33,18500.0,0.0
5.0,7.0,24.08,24.08,24.08,24.08,200.0,0.0
5.0,6.0,23.99,23.99,23.959999,23.959999,1200.0,-0.030000999999998612
5.0,3.0,23.23,23.23,23.23,23.23,0.0,0.0
5.0,2.0,23.110001,23.23,23.110001,23.23,600.0,0.11999899999999997
5.0,1.0,23.23,23.379999,23.049999,23.049999,1200.0,-0.18000100000000074
4.0,30.0,24.15,24.15,24.15,24.15,0.0,0.0
4.0,29.0,24.15,24.15,24.15,24.15,0.0,0.0
4.0,26.0,24.15,24.15,24.15,24.15,300.0,0.0
4.0,25.0,23.99,23.99,23.99,23.99,0.0,0.0
4.0,24.0,23.99,23.99,23.99,23.99,300.0,0.0
4.0,23.0,23.620001,23.639999,23.620001,23.639999,800.0,0.01999800000000107
4.0,22.0,23.790001,23.790001,23.790001,23.790001,0.0,0.0
4.0,19.0,23.790001,23.790001,23.790001,23.790001,200.0,0.0
4.0,18.0,23.879999,23.879999,23.879999,23.879999,0.0,0.0
4.0,17.0,23.879999,23.879999,23.879999,23.879999,0.0,0.0
4.0,16.0,23.879999,23.879999,23.879999,23.879999,0.0,0.0
4.0,15.0,23.879999,23.879999,23.879999,23.879999,300.0,0.0
4.0,12.0,24.860001,24.860001,24.860001,24.860001,0.0,0.0
4.0,11.0,24.860001,24.860001,24.860001,24.860001,0.0,0.0
4.0,10.0,24.870001,24.870001,24.860001,24.860001,400.0,-0.00999999999999801
4.0,9.0,25.01,25.01,25.01,25.01,700.0,0.0
4.0,8.0,24.629999,24.629999,24.629999,24.629999,400.0,0.0
4.0,5.0,24.6,24.6,24.6,24.6,0.0,0.0
4.0,4.0,24.629999,24.629999,24.6,24.6,3600.0,-0.02999900000000011
4.0,3.0,24.58,24.58,24.58,24.58,0.0,0.0
4.0,2.0,24.459999,24.58,24.43,24.58,1400.0,0.12000099999999847
4.0,1.0,24.66,24.719999,24.66,24.709999,4000.0,0.04999899999999968
3.0,28.0,24.879999,24.889999,24.879999,24.889999,1100.0,0.00999999999999801
3.0,27.0,25.120001,25.120001,25.120001,25.120001,200.0,0.0
3.0,26.0,25.25,25.25,25.25,25.25,0.0,0.0
3.0,25.0,25.25,25.25,25.25,25.25,100.0,0.0
3.0,22.0,25.34,25.360001,25.34,25.360001,700.0,0.0200010000000006
3.0,21.0,25.290001,25.290001,25.290001,25.290001,0.0,0.0
3.0,20.0,25.139999,25.290001,25.139999,25.290001,500.0,0.15000200000000063
3.0,19.0,25.469999,25.469999,25.469999,25.469999,0.0,0.0
3.0,18.0,25.469999,25.469999,25.469999,25.469999,0.0,0.0
3.0,15.0,25.629999,25.629999,25.469999,25.469999,500.0,-0.16000000000000014
3.0,14.0,25.719999,25.719999,25.719999,25.719999,500.0,0.0
3.0,13.0,25.68,25.68,25.639999,25.639999,800.0,-0.040001000000000175
3.0,12.0,25.719999,25.73,25.719999,25.73,300.0,0.010000999999999038
3.0,11.0,25.469999,25.469999,25.469999,25.469999,1300.0,0.0
3.0,8.0,25.5,25.51,25.5,25.5,1400.0,0.0
3.0,7.0,25.58,25.59,25.58,25.59,400.0,0.010000000000001563
3.0,6.0,25.610001,25.610001,25.610001,25.610001,0.0,0.0
3.0,5.0,25.6,25.610001,25.6,25.610001,400.0,0.010000999999999038
3.0,4.0,25.530001,25.620001,25.530001,25.59,800.0,0.059999000000001246
3.0,1.0,25.469999,25.51,25.469999,25.51,1200.0,0.040001000000000175
2.0,28.0,26.08,26.08,26.08,26.08,0.0,0.0
2.0,27.0,26.059999,26.08,26.02,26.08,500.0,0.02000099999999705
2.0,26.0,26.030001,26.030001,26.030001,26.030001,0.0,0.0
2.0,25.0,26.030001,26.030001,26.030001,26.030001,300.0,0.0
2.0,22.0,26.24,26.24,26.24,26.24,0.0,0.0
2.0,21.0,26.24,26.24,26.24,26.24,300.0,0.0
2.0,20.0,26.809999,26.809999,26.809999,26.809999,200.0,0.0
2.0,19.0,27.620001,27.620001,27.620001,27.620001,0.0,0.0
2.0,15.0,27.65,27.65,27.620001,27.620001,500.0,-0.02999900000000011
2.0,14.0,27.5,27.5,27.360001,27.5,2000.0,0.0
2.0,13.0,27.27,27.27,27.27,27.27,0.0,0.0
2.0,12.0,27.27,27.27,27.27,27.27,0.0,0.0
2.0,11.0,27.27,27.27,27.27,27.27,0.0,0.0
2.0,8.0,27.27,27.27,27.27,27.27,0.0,0.0
2.0,7.0,27.27,27.27,27.27,27.27,100.0,0.0
2.0,6.0,27.440001,27.440001,27.440001,27.440001,900.0,0.0
2.0,5.0,27.58,27.58,27.58,27.58,0.0,0.0
2.0,4.0,27.6,27.6,27.58,27.58,300.0,-0.020000000000003126
2.0,1.0,27.34,27.34,27.34,27.34,0.0,0.0
1.0,31.0,27.91,27.91,27.34,27.34,900.0,-0.5700000000000003
1.0,30.0,27.370001,27.530001,27.370001,27.530001,700.0,0.16000000000000014
1.0,29.0,26.629999,26.629999,26.629999,26.629999,0.0,0.0
1.0,28.0,26.73,26.73,26.629999,26.629999,1300.0,-0.1000009999999989
1.0,25.0,26.639999,26.639999,26.59,26.639999,800.0,0.0
1.0,24.0,26.860001,26.92,26.809999,26.809999,400.0,-0.050001999999999214
1.0,23.0,26.83,26.83,26.82,26.82,500.0,-0.00999999999999801
1.0,22.0,26.77,26.77,26.77,26.77,200.0,0.0
1.0,18.0,26.77,26.77,26.559999,26.59,600.0,-0.17999999999999972
1.0,17.0,26.51,26.51,26.5,26.51,3400.0,0.0
1.0,16.0,26.24,26.26,26.24,26.26,800.0,0.020000000000003126
1.0,15.0,26.74,26.74,26.74,26.74,0.0,0.0
1.0,14.0,26.74,26.74,26.74,26.74,100.0,0.0
1.0,11.0,26.77,26.77,26.77,26.77,100.0,0.0
1.0,10.0,26.99,27.059999,26.959999,27.059999,2200.0,0.06999900000000281
1.0,9.0,26.5,26.5,26.5,26.5,0.0,0.0
1.0,8.0,26.5,26.5,26.5,26.5,0.0,0.0
1.0,7.0,26.5,26.5,26.5,26.5,200.0,0.0
1.0,4.0,27.209999,27.209999,27.209999,27.209999,0.0,0.0
1.0,3.0,27.209999,27.209999,27.209999,27.209999,300.0,0.0
1.0,2.0,27.66,27.66,27.66,27.66,111000.0,0.0
12.0,31.0,26.34,28.049999,25.719999,26.66,1800.0,0.3200000000000003
12.0,28.0,26.709999,26.74,26.629999,26.629999,110100.0,-0.0799999999999983
12.0,27.0,26.709999,26.74,26.290001,26.74,600.0,0.030000999999998612
12.0,26.0,26.84,26.84,26.84,26.84,0.0,0.0
12.0,24.0,26.84,26.84,26.84,26.84,0.0,0.0
12.0,21.0,26.84,26.84,26.84,26.84,0.0,0.0
12.0,20.0,26.84,26.84,26.84,26.84,0.0,0.0
12.0,19.0,26.84,26.84,26.84,26.84,100.0,0.0
12.0,18.0,26.559999,26.559999,26.559999,26.559999,0.0,0.0
12.0,17.0,26.559999,26.559999,26.559999,26.559999,0.0,0.0
12.0,14.0,26.559999,26.559999,26.559999,26.559999,0.0,0.0
12.0,13.0,26.559999,26.559999,26.559999,26.559999,0.0,0.0
12.0,12.0,26.559999,26.559999,26.559999,26.559999,0.0,0.0
12.0,11.0,26.559999,26.559999,26.559999,26.559999,0.0,0.0
12.0,10.0,26.559999,26.559999,26.559999,26.559999,0.0,0.0
12.0,7.0,26.559999,26.559999,26.559999,26.559999,1100.0,0.0
12.0,6.0,26.549999,26.549999,26.549999,26.549999,200.0,0.0
12.0,5.0,25.84,25.84,25.84,25.84,0.0,0.0
12.0,4.0,25.84,25.84,25.84,25.84,0.0,0.0
12.0,3.0,25.84,25.84,25.84,25.84,0.0,0.0
11.0,30.0,25.84,25.84,25.84,25.84,0.0,0.0
11.0,29.0,25.84,25.84,25.84,25.84,0.0,0.0
11.0,28.0,25.84,25.84,25.84,25.84,300.0,0.0
11.0,27.0,25.6,25.6,25.6,25.6,0.0,0.0
11.0,26.0,25.6,25.6,25.6,25.6,0.0,0.0
11.0,23.0,25.6,25.6,25.6,25.6,0.0,0.0
11.0,21.0,25.6,25.6,25.6,25.6,0.0,0.0
11.0,20.0,25.6,25.6,25.6,25.6,300.0,0.0
11.0,19.0,25.35,25.35,25.35,25.35,0.0,0.0
11.0,16.0,25.35,25.35,25.35,25.35,0.0,0.0
11.0,15.0,25.35,25.35,25.35,25.35,100.0,0.0
