3.0,31.0,74.4004,74.4004,74.4004,74.4004,0.0,0.0
3.0,28.0,74.4004,74.4004,74.4004,74.4004,0.0,0.0
3.0,27.0,74.4004,74.4004,74.4004,74.4004,0.0,0.0
3.0,26.0,74.4004,74.4004,74.4004,74.4004,0.0,0.0
3.0,25.0,74.4004,74.4004,74.4004,74.4004,0.0,0.0
3.0,24.0,74.4004,74.4004,74.4004,74.4004,0.0,0.0
3.0,21.0,74.4004,74.4004,74.4004,74.4004,0.0,0.0
3.0,20.0,74.4004,74.4004,74.4004,74.4004,0.0,0.0
3.0,19.0,74.4004,74.4004,74.4004,74.4004,0.0,0.0
3.0,18.0,74.0539,74.4004,74.0539,74.4004,15200.0,0.346500000000006
3.0,17.0,72.8267,73.1844,72.7983,73.1844,33500.0,0.35769999999999413
3.0,14.0,72.2935,72.2939,72.2935,72.2939,24000.0,3.9999999999906777E-4
3.0,13.0,72.2,72.2,72.2,72.2,0.0,0.0
3.0,12.0,72.2,72.2,72.2,72.2,0.0,0.0
3.0,11.0,72.2,72.2,72.2,72.2,0.0,0.0
3.0,10.0,72.2,72.2,72.2,72.2,0.0,0.0
3.0,7.0,72.2,72.2,72.2,72.2,0.0,0.0
3.0,6.0,72.2,72.2,72.2,72.2,0.0,0.0
3.0,5.0,72.2,72.2,72.2,72.2,0.0,0.0
3.0,4.0,72.2,72.2,72.2,72.2,0.0,0.0
3.0,3.0,72.2,72.2,72.2,72.2,0.0,0.0
2.0,28.0,72.2,72.2,72.2,72.2,0.0,0.0
2.0,27.0,72.2,72.2,72.2,72.2,0.0,0.0
2.0,26.0,72.2,72.2,72.2,72.2,0.0,0.0
2.0,25.0,72.2,72.2,72.2,72.2,0.0,0.0
2.0,24.0,72.2,72.2,72.2,72.2,0.0,0.0
2.0,21.0,72.2,72.2,72.2,72.2,0.0,0.0
2.0,20.0,72.2,72.2,72.2,72.2,0.0,0.0
2.0,19.0,72.2,72.2,72.2,72.2,100.0,0.0
2.0,18.0,62.9,62.9,62.9,62.9,0.0,0.0
2.0,17.0,62.9,62.9,62.9,62.9,0.0,0.0
2.0,14.0,62.9,62.9,62.9,62.9,0.0,0.0
2.0,13.0,62.9,62.9,62.9,62.9,0.0,0.0
2.0,12.0,62.9,62.9,62.9,62.9,0.0,0.0
2.0,11.0,62.9,62.9,62.9,62.9,0.0,0.0
2.0,10.0,62.9,62.9,62.9,62.9,0.0,0.0
2.0,7.0,62.9,62.9,62.9,62.9,0.0,0.0
2.0,6.0,62.9,62.9,62.9,62.9,0.0,0.0
2.0,5.0,62.9,62.9,62.9,62.9,0.0,0.0
2.0,4.0,62.9,62.9,62.9,62.9,0.0,0.0
2.0,3.0,62.9,62.9,62.9,62.9,0.0,0.0
1.0,31.0,62.9,62.9,62.9,62.9,0.0,0.0
1.0,30.0,62.9,62.9,62.9,62.9,0.0,0.0
1.0,29.0,62.9,62.9,62.9,62.9,0.0,0.0
1.0,28.0,62.9,62.9,62.9,62.9,0.0,0.0
1.0,27.0,62.9,62.9,62.9,62.9,0.0,0.0
1.0,24.0,62.9,62.9,62.9,62.9,100.0,0.0
1.0,23.0,57.5,57.5,57.5,57.5,0.0,0.0
1.0,22.0,57.5,57.5,57.5,57.5,0.0,0.0
1.0,21.0,57.5,57.5,57.5,57.5,0.0,0.0
1.0,20.0,57.5,57.5,57.5,57.5,0.0,0.0
1.0,17.0,57.5,57.5,57.5,57.5,0.0,0.0
1.0,16.0,57.5,57.5,57.5,57.5,0.0,0.0
1.0,15.0,57.5,57.5,57.5,57.5,0.0,0.0
1.0,14.0,57.5,57.5,57.5,57.5,0.0,0.0
1.0,13.0,57.5,57.5,57.5,57.5,0.0,0.0
1.0,10.0,57.5,57.5,57.5,57.5,0.0,0.0
1.0,9.0,57.5,57.5,57.5,57.5,0.0,0.0
1.0,8.0,57.5,57.5,57.5,57.5,0.0,0.0
1.0,7.0,57.5,57.5,57.5,57.5,0.0,0.0
1.0,6.0,57.5,57.5,57.5,57.5,0.0,0.0
1.0,3.0,57.5,57.5,57.5,57.5,0.0,0.0
1.0,2.0,57.5,57.5,57.5,57.5,0.0,0.0
1.0,1.0,57.5,57.5,57.5,57.5,0.0,0.0
12.0,31.0,57.5,57.5,57.5,57.5,0.0,0.0
12.0,30.0,57.5,57.5,57.5,57.5,0.0,0.0
12.0,27.0,57.5,57.5,57.5,57.5,0.0,0.0
12.0,26.0,57.5,57.5,57.5,57.5,0.0,0.0
12.0,25.0,57.5,57.5,57.5,57.5,0.0,0.0
12.0,24.0,57.5,57.5,57.5,57.5,0.0,0.0
12.0,23.0,57.5,57.5,57.5,57.5,0.0,0.0
12.0,20.0,57.5,57.5,57.5,57.5,0.0,0.0
12.0,19.0,57.5,57.5,57.5,57.5,0.0,0.0
12.0,18.0,57.5,57.5,57.5,57.5,0.0,0.0
12.0,17.0,57.5,57.5,57.5,57.5,0.0,0.0
12.0,16.0,57.5,57.5,57.5,57.5,0.0,0.0
12.0,13.0,57.5,57.5,57.5,57.5,0.0,0.0
12.0,12.0,57.5,57.5,57.5,57.5,0.0,0.0
12.0,11.0,57.5,57.5,57.5,57.5,0.0,0.0
12.0,10.0,57.5,57.5,57.5,57.5,0.0,0.0
12.0,9.0,57.5,57.5,57.5,57.5,0.0,0.0
12.0,6.0,57.5,57.5,57.5,57.5,0.0,0.0
12.0,5.0,57.5,57.5,57.5,57.5,0.0,0.0
12.0,4.0,57.5,57.5,57.5,57.5,0.0,0.0
12.0,3.0,57.5,57.5,57.5,57.5,0.0,0.0
12.0,2.0,57.5,57.5,57.5,57.5,0.0,0.0
11.0,29.0,57.5,57.5,57.5,57.5,0.0,0.0
11.0,28.0,57.5,57.5,57.5,57.5,0.0,0.0
11.0,27.0,57.5,57.5,57.5,57.5,0.0,0.0
11.0,26.0,57.5,57.5,57.5,57.5,0.0,0.0
11.0,25.0,57.5,57.5,57.5,57.5,0.0,0.0
11.0,22.0,57.5,57.5,57.5,57.5,0.0,0.0
11.0,21.0,57.5,57.5,57.5,57.5,0.0,0.0
11.0,20.0,57.5,57.5,57.5,57.5,0.0,0.0
11.0,19.0,57.5,57.5,57.5,57.5,0.0,0.0
11.0,18.0,57.5,57.5,57.5,57.5,0.0,0.0
11.0,15.0,57.5,57.5,57.5,57.5,0.0,0.0
11.0,14.0,57.5,57.5,57.5,57.5,0.0,0.0
11.0,13.0,57.5,57.5,57.5,57.5,0.0,0.0
11.0,12.0,57.5,57.5,57.5,57.5,0.0,0.0
11.0,11.0,57.5,57.5,57.5,57.5,0.0,0.0
11.0,8.0,57.5,57.5,57.5,57.5,100.0,0.0
11.0,7.0,50.9333,50.9333,50.9333,50.9333,0.0,0.0
11.0,6.0,50.9333,50.9333,50.9333,50.9333,0.0,0.0
11.0,5.0,50.9333,50.9333,50.9333,50.9333,0.0,0.0
11.0,4.0,50.9333,50.9333,50.9333,50.9333,0.0,0.0
11.0,1.0,50.9333,50.9333,50.9333,50.9333,0.0,0.0
10.0,31.0,50.9333,50.9333,50.9333,50.9333,0.0,0.0
10.0,30.0,50.9333,50.9333,50.9333,50.9333,0.0,0.0
10.0,29.0,50.9333,50.9333,50.9333,50.9333,0.0,0.0
10.0,28.0,50.9333,50.9333,50.9333,50.9333,0.0,0.0
10.0,25.0,50.9333,50.9333,50.9333,50.9333,0.0,0.0
10.0,24.0,50.9333,50.9333,50.9333,50.9333,0.0,0.0
10.0,23.0,50.9333,50.9333,50.9333,50.9333,0.0,0.0
10.0,22.0,50.9333,50.9333,50.9333,50.9333,0.0,0.0
10.0,21.0,50.9333,50.9333,50.9333,50.9333,0.0,0.0
10.0,18.0,50.9333,50.9333,50.9333,50.9333,0.0,0.0
10.0,17.0,50.9333,50.9333,50.9333,50.9333,0.0,0.0
10.0,16.0,50.9333,50.9333,50.9333,50.9333,0.0,0.0
10.0,15.0,50.9333,50.9333,50.9333,50.9333,0.0,0.0
10.0,14.0,50.9333,50.9333,50.9333,50.9333,0.0,0.0
10.0,11.0,50.9333,50.9333,50.9333,50.9333,0.0,0.0
10.0,10.0,50.9333,50.9333,50.9333,50.9333,0.0,0.0
10.0,9.0,50.9333,50.9333,50.9333,50.9333,0.0,0.0
10.0,8.0,50.9333,50.9333,50.9333,50.9333,0.0,0.0
10.0,7.0,50.9333,50.9333,50.9333,50.9333,0.0,0.0
10.0,4.0,50.9333,50.9333,50.9333,50.9333,0.0,0.0
10.0,3.0,50.9333,50.9333,50.9333,50.9333,0.0,0.0
10.0,2.0,50.9333,50.9333,50.9333,50.9333,0.0,0.0
10.0,1.0,50.9333,50.9333,50.9333,50.9333,0.0,0.0
9.0,30.0,50.9333,50.9333,50.9333,50.9333,0.0,0.0
9.0,27.0,50.9333,50.9333,50.9333,50.9333,0.0,0.0
9.0,26.0,50.9333,50.9333,50.9333,50.9333,0.0,0.0
9.0,25.0,50.9333,50.9333,50.9333,50.9333,0.0,0.0
9.0,24.0,50.9333,50.9333,50.9333,50.9333,0.0,0.0
9.0,23.0,50.9333,50.9333,50.9333,50.9333,0.0,0.0
9.0,20.0,50.9333,50.9333,50.9333,50.9333,0.0,0.0
9.0,19.0,50.9333,50.9333,50.9333,50.9333,0.0,0.0
9.0,18.0,50.9333,50.9333,50.9333,50.9333,0.0,0.0
9.0,17.0,50.9333,50.9333,50.9333,50.9333,0.0,0.0
9.0,16.0,50.9333,50.9333,50.9333,50.9333,0.0,0.0
9.0,13.0,50.9333,50.9333,50.9333,50.9333,0.0,0.0
9.0,12.0,50.9333,50.9333,50.9333,50.9333,0.0,0.0
9.0,11.0,50.9333,50.9333,50.9333,50.9333,0.0,0.0
9.0,10.0,50.9333,50.9333,50.9333,50.9333,0.0,0.0
9.0,9.0,50.9333,50.9333,50.9333,50.9333,0.0,0.0
9.0,6.0,50.9333,50.9333,50.9333,50.9333,400.0,0.0
9.0,5.0,50.85,50.85,50.85,50.85,0.0,0.0
9.0,4.0,50.85,50.85,50.85,50.85,0.0,0.0
9.0,3.0,50.85,50.85,50.85,50.85,0.0,0.0
9.0,2.0,50.85,50.85,50.85,50.85,0.0,0.0
8.0,30.0,50.85,50.85,50.85,50.85,0.0,0.0
8.0,29.0,50.85,50.85,50.85,50.85,0.0,0.0
8.0,28.0,50.85,50.85,50.85,50.85,0.0,0.0
8.0,27.0,50.85,50.85,50.85,50.85,0.0,0.0
8.0,26.0,50.85,50.85,50.85,50.85,0.0,0.0
8.0,23.0,50.85,50.85,50.85,50.85,100.0,0.0
8.0,22.0,49.7,49.7,49.7,49.7,0.0,0.0
8.0,21.0,49.7,49.7,49.7,49.7,0.0,0.0
8.0,20.0,49.7,49.7,49.7,49.7,0.0,0.0
8.0,19.0,49.7,49.7,49.7,49.7,0.0,0.0
8.0,16.0,49.7,49.7,49.7,49.7,0.0,0.0
8.0,15.0,49.7,49.7,49.7,49.7,0.0,0.0
8.0,14.0,49.7,49.7,49.7,49.7,300.0,0.0
8.0,13.0,49.45,49.45,49.45,49.45,0.0,0.0
8.0,12.0,49.45,49.45,49.45,49.45,100.0,0.0
8.0,9.0,48.8,48.8,48.8,48.8,0.0,0.0
8.0,8.0,48.8,48.8,48.8,48.8,0.0,0.0
8.0,7.0,48.8,48.8,48.8,48.8,0.0,0.0
8.0,6.0,48.8,48.8,48.8,48.8,0.0,0.0
8.0,5.0,48.8,48.8,48.8,48.8,0.0,0.0
8.0,2.0,48.8,48.8,48.8,48.8,0.0,0.0
8.0,1.0,48.8,48.8,48.8,48.8,0.0,0.0
7.0,31.0,48.8,48.8,48.8,48.8,0.0,0.0
7.0,30.0,48.8,48.8,48.8,48.8,0.0,0.0
7.0,29.0,48.8,48.8,48.8,48.8,0.0,0.0
7.0,26.0,48.8,48.8,48.8,48.8,0.0,0.0
7.0,25.0,48.8,48.8,48.8,48.8,0.0,0.0
7.0,24.0,48.8,48.8,48.8,48.8,0.0,0.0
7.0,23.0,48.8,48.8,48.8,48.8,0.0,0.0
7.0,22.0,48.8,48.8,48.8,48.8,0.0,0.0
7.0,19.0,48.8,48.8,48.8,48.8,0.0,0.0
7.0,18.0,48.8,48.8,48.8,48.8,0.0,0.0
7.0,17.0,48.8,48.8,48.8,48.8,0.0,0.0
7.0,16.0,48.8,48.8,48.8,48.8,7500.0,0.0
7.0,15.0,47.3275,47.3275,47.3275,47.3275,0.0,0.0
7.0,12.0,47.3275,47.3275,47.3275,47.3275,3000.0,0.0
7.0,11.0,46.7,46.7,46.7,46.7,0.0,0.0
7.0,10.0,46.7,46.7,46.7,46.7,0.0,0.0
7.0,9.0,46.7,46.7,46.7,46.7,0.0,0.0
7.0,8.0,46.7,46.7,46.7,46.7,0.0,0.0
7.0,5.0,46.7,46.7,46.7,46.7,0.0,0.0
7.0,4.0,46.7,46.7,46.7,46.7,0.0,0.0
7.0,3.0,46.7,46.7,46.7,46.7,0.0,0.0
7.0,2.0,46.7,46.7,46.7,46.7,0.0,0.0
7.0,1.0,46.7,46.7,46.7,46.7,0.0,0.0
6.0,28.0,46.7,46.7,46.7,46.7,0.0,0.0
6.0,27.0,46.7,46.7,46.7,46.7,0.0,0.0
6.0,26.0,46.7,46.7,46.7,46.7,0.0,0.0
6.0,25.0,46.7,46.7,46.7,46.7,0.0,0.0
6.0,24.0,46.7,46.7,46.7,46.7,400.0,0.0
6.0,21.0,50.75,50.75,50.75,50.75,0.0,0.0
6.0,20.0,50.75,50.75,50.75,50.75,0.0,0.0
6.0,19.0,50.75,50.75,50.75,50.75,0.0,0.0
6.0,18.0,50.75,50.75,50.75,50.75,0.0,0.0
6.0,17.0,50.75,50.75,50.75,50.75,0.0,0.0
6.0,14.0,50.75,50.75,50.75,50.75,0.0,0.0
6.0,13.0,50.75,50.75,50.75,50.75,0.0,0.0
6.0,12.0,50.75,50.75,50.75,50.75,0.0,0.0
6.0,11.0,50.75,50.75,50.75,50.75,0.0,0.0
6.0,10.0,50.75,50.75,50.75,50.75,0.0,0.0
6.0,7.0,50.75,50.75,50.75,50.75,0.0,0.0
6.0,6.0,50.75,50.75,50.75,50.75,0.0,0.0
6.0,5.0,50.75,50.75,50.75,50.75,0.0,0.0
6.0,4.0,50.75,50.75,50.75,50.75,0.0,0.0
6.0,3.0,50.75,50.75,50.75,50.75,0.0,0.0
5.0,31.0,50.75,50.75,50.75,50.75,0.0,0.0
5.0,30.0,50.75,50.75,50.75,50.75,0.0,0.0
5.0,29.0,50.75,50.75,50.75,50.75,0.0,0.0
5.0,28.0,50.75,50.75,50.75,50.75,6100.0,0.0
5.0,27.0,46.7346,46.7346,46.7346,46.7346,0.0,0.0
5.0,24.0,46.7346,46.7346,46.7346,46.7346,0.0,0.0
5.0,23.0,46.7346,46.7346,46.7346,46.7346,0.0,0.0
5.0,22.0,46.7346,46.7346,46.7346,46.7346,0.0,0.0
5.0,21.0,46.7346,46.7346,46.7346,46.7346,0.0,0.0
5.0,20.0,46.7346,46.7346,46.7346,46.7346,0.0,0.0
5.0,17.0,46.7346,46.7346,46.7346,46.7346,0.0,0.0
5.0,16.0,46.7346,46.7346,46.7346,46.7346,0.0,0.0
5.0,15.0,46.7346,46.7346,46.7346,46.7346,0.0,0.0
5.0,14.0,46.7346,46.7346,46.7346,46.7346,0.0,0.0
5.0,13.0,46.7346,46.7346,46.7346,46.7346,0.0,0.0
5.0,10.0,46.7346,46.7346,46.7346,46.7346,0.0,0.0
5.0,9.0,46.7346,46.7346,46.7346,46.7346,0.0,0.0
5.0,8.0,46.7346,46.7346,46.7346,46.7346,0.0,0.0
5.0,7.0,46.7346,46.7346,46.7346,46.7346,0.0,0.0
5.0,6.0,46.7346,46.7346,46.7346,46.7346,0.0,0.0
5.0,3.0,46.7346,46.7346,46.7346,46.7346,0.0,0.0
5.0,2.0,46.7346,46.7346,46.7346,46.7346,0.0,0.0
5.0,1.0,46.7346,46.7346,46.7346,46.7346,0.0,0.0
4.0,30.0,46.7346,46.7346,46.7346,46.7346,0.0,0.0
4.0,29.0,46.7346,46.7346,46.7346,46.7346,0.0,0.0
4.0,26.0,46.7346,46.7346,46.7346,46.7346,0.0,0.0
4.0,25.0,46.7346,46.7346,46.7346,46.7346,0.0,0.0
4.0,24.0,46.7346,46.7346,46.7346,46.7346,0.0,0.0
4.0,23.0,46.7346,46.7346,46.7346,46.7346,300.0,0.0
4.0,22.0,47.02,47.02,47.02,47.02,200.0,0.0
4.0,19.0,46.25,46.25,46.25,46.25,0.0,0.0
4.0,18.0,46.25,46.25,46.25,46.25,0.0,0.0
4.0,17.0,46.65,46.65,46.25,46.25,300.0,-0.3999999999999986
4.0,16.0,47.3966,47.3966,47.3966,47.3966,0.0,0.0
4.0,15.0,47.3966,47.3966,47.3966,47.3966,400.0,0.0
4.0,12.0,49.2,49.2,49.2,49.2,0.0,0.0
4.0,11.0,49.2,49.2,49.2,49.2,0.0,0.0
4.0,10.0,49.2,49.2,49.2,49.2,0.0,0.0
4.0,9.0,49.2,49.2,49.2,49.2,0.0,0.0
4.0,8.0,49.2,49.2,49.2,49.2,0.0,0.0
4.0,5.0,49.2,49.2,49.2,49.2,0.0,0.0
4.0,4.0,49.2,49.2,49.2,49.2,0.0,0.0
4.0,3.0,49.2,49.2,49.2,49.2,0.0,0.0
4.0,2.0,49.2,49.2,49.2,49.2,0.0,0.0
4.0,1.0,49.2,49.2,49.2,49.2,0.0,0.0
3.0,29.0,49.2,49.2,49.2,49.2,0.0,0.0
3.0,28.0,49.2,49.2,49.2,49.2,0.0,0.0
3.0,27.0,49.2,49.2,49.2,49.2,0.0,0.0
3.0,26.0,49.2,49.2,49.2,49.2,0.0,0.0
3.0,25.0,49.2,49.2,49.2,49.2,0.0,0.0
3.0,22.0,49.2,49.2,49.2,49.2,0.0,0.0
3.0,21.0,49.2,49.2,49.2,49.2,0.0,0.0
3.0,20.0,49.2,49.2,49.2,49.2,100.0,0.0
3.0,19.0,53.7849,53.7849,53.7849,53.7849,0.0,0.0
3.0,18.0,53.7849,53.7849,53.7849,53.7849,0.0,0.0
3.0,15.0,53.7849,53.7849,53.7849,53.7849,0.0,0.0
3.0,14.0,53.7849,53.7849,53.7849,53.7849,0.0,0.0
3.0,13.0,53.7849,53.7849,53.7849,53.7849,0.0,0.0
3.0,12.0,53.7849,53.7849,53.7849,53.7849,0.0,0.0
3.0,11.0,53.7849,53.7849,53.7849,53.7849,0.0,0.0
3.0,8.0,53.7849,53.7849,53.7849,53.7849,0.0,0.0
3.0,7.0,53.7849,53.7849,53.7849,53.7849,0.0,0.0
3.0,6.0,53.7849,53.7849,53.7849,53.7849,0.0,0.0
3.0,5.0,53.7849,53.7849,53.7849,53.7849,0.0,0.0
3.0,4.0,53.7849,53.7849,53.7849,53.7849,0.0,0.0
3.0,1.0,53.7849,53.7849,53.7849,53.7849,0.0,0.0
2.0,28.0,53.7849,53.7849,53.7849,53.7849,0.0,0.0
2.0,27.0,53.7849,53.7849,53.7849,53.7849,0.0,0.0
2.0,26.0,53.7849,53.7849,53.7849,53.7849,0.0,0.0
2.0,25.0,53.7849,53.7849,53.7849,53.7849,0.0,0.0
2.0,22.0,53.7849,53.7849,53.7849,53.7849,0.0,0.0
2.0,21.0,53.7849,53.7849,53.7849,53.7849,0.0,0.0
2.0,20.0,53.7849,53.7849,53.7849,53.7849,0.0,0.0
2.0,19.0,53.7849,53.7849,53.7849,53.7849,0.0,0.0
2.0,18.0,53.7849,53.7849,53.7849,53.7849,0.0,0.0
2.0,15.0,53.7849,53.7849,53.7849,53.7849,0.0,0.0
2.0,14.0,53.7849,53.7849,53.7849,53.7849,0.0,0.0
2.0,13.0,53.7849,53.7849,53.7849,53.7849,0.0,0.0
2.0,12.0,53.7849,53.7849,53.7849,53.7849,0.0,0.0
2.0,11.0,53.7849,53.7849,53.7849,53.7849,0.0,0.0
2.0,8.0,53.7849,53.7849,53.7849,53.7849,0.0,0.0
2.0,7.0,53.7849,53.7849,53.7849,53.7849,0.0,0.0
2.0,6.0,53.7849,53.7849,53.7849,53.7849,0.0,0.0
2.0,5.0,53.7849,53.7849,53.7849,53.7849,0.0,0.0
2.0,4.0,53.7849,53.7849,53.7849,53.7849,9000.0,0.0
2.0,1.0,48.3,48.3,48.3,48.3,0.0,0.0
1.0,31.0,48.3,48.3,48.3,48.3,0.0,0.0
1.0,30.0,48.3,48.3,48.3,48.3,0.0,0.0
1.0,29.0,48.3,48.3,48.3,48.3,0.0,0.0
1.0,28.0,48.3,48.3,48.3,48.3,0.0,0.0
1.0,25.0,48.3,48.3,48.3,48.3,0.0,0.0
1.0,24.0,48.3,48.3,48.3,48.3,0.0,0.0
1.0,23.0,48.3,48.3,48.3,48.3,0.0,0.0
1.0,22.0,48.3,48.3,48.3,48.3,0.0,0.0
1.0,21.0,48.3,48.3,48.3,48.3,0.0,0.0
1.0,18.0,48.3,48.3,48.3,48.3,0.0,0.0
1.0,17.0,48.3,48.3,48.3,48.3,0.0,0.0
1.0,16.0,48.3,48.3,48.3,48.3,0.0,0.0
1.0,15.0,48.3,48.3,48.3,48.3,0.0,0.0
1.0,14.0,48.3,48.3,48.3,48.3,0.0,0.0
1.0,11.0,48.3,48.3,48.3,48.3,0.0,0.0
1.0,10.0,48.3,48.3,48.3,48.3,0.0,0.0
1.0,9.0,48.3,48.3,48.3,48.3,0.0,0.0
1.0,8.0,48.3,48.3,48.3,48.3,0.0,0.0
1.0,7.0,48.3,48.3,48.3,48.3,0.0,0.0
1.0,4.0,48.3,48.3,48.3,48.3,0.0,0.0
1.0,3.0,48.3,48.3,48.3,48.3,0.0,0.0
1.0,2.0,48.3,48.3,48.3,48.3,0.0,0.0
1.0,1.0,48.3,48.3,48.3,48.3,0.0,0.0
12.0,31.0,48.3,48.3,48.3,48.3,0.0,0.0
12.0,28.0,48.3,48.3,48.3,48.3,0.0,0.0
12.0,27.0,48.3,48.3,48.3,48.3,0.0,0.0
12.0,26.0,48.3,48.3,48.3,48.3,0.0,0.0
12.0,25.0,48.3,48.3,48.3,48.3,0.0,0.0
12.0,24.0,48.3,48.3,48.3,48.3,0.0,0.0
12.0,21.0,48.3,48.3,48.3,48.3,0.0,0.0
12.0,20.0,48.3,48.3,48.3,48.3,0.0,0.0
12.0,19.0,48.3,48.3,48.3,48.3,0.0,0.0
12.0,18.0,48.3,48.3,48.3,48.3,0.0,0.0
12.0,17.0,48.3,48.3,48.3,48.3,0.0,0.0
12.0,14.0,48.3,48.3,48.3,48.3,0.0,0.0
12.0,13.0,48.3,48.3,48.3,48.3,0.0,0.0
12.0,12.0,48.3,48.3,48.3,48.3,0.0,0.0
12.0,11.0,48.3,48.3,48.3,48.3,0.0,0.0
12.0,10.0,48.3,48.3,48.3,48.3,0.0,0.0
12.0,7.0,48.3,48.3,48.3,48.3,0.0,0.0
12.0,6.0,48.3,48.3,48.3,48.3,0.0,0.0
12.0,5.0,48.3,48.3,48.3,48.3,0.0,0.0
12.0,4.0,48.3,48.3,48.3,48.3,0.0,0.0
12.0,3.0,48.3,48.3,48.3,48.3,0.0,0.0
11.0,30.0,48.3,48.3,48.3,48.3,0.0,0.0
11.0,29.0,48.3,48.3,48.3,48.3,0.0,0.0
11.0,28.0,48.3,48.3,48.3,48.3,0.0,0.0
11.0,27.0,48.3,48.3,48.3,48.3,0.0,0.0
11.0,26.0,48.3,48.3,48.3,48.3,0.0,0.0
11.0,23.0,48.3,48.3,48.3,48.3,0.0,0.0
11.0,22.0,48.3,48.3,48.3,48.3,0.0,0.0
11.0,21.0,48.3,48.3,48.3,48.3,0.0,0.0
11.0,20.0,48.3,48.3,48.3,48.3,0.0,0.0
11.0,19.0,48.3,48.3,48.3,48.3,0.0,0.0
11.0,16.0,48.3,48.3,48.3,48.3,0.0,0.0
11.0,15.0,48.3,48.3,48.3,48.3,0.0,0.0
11.0,14.0,48.3,48.3,48.3,48.3,0.0,0.0
11.0,13.0,48.3,48.3,48.3,48.3,0.0,0.0
11.0,12.0,48.3,48.3,48.3,48.3,0.0,0.0
11.0,9.0,48.3,48.3,48.3,48.3,0.0,0.0
11.0,8.0,48.3,48.3,48.3,48.3,0.0,0.0
11.0,7.0,48.3,48.3,48.3,48.3,0.0,0.0
11.0,6.0,48.3,48.3,48.3,48.3,0.0,0.0
11.0,5.0,48.3,48.3,48.3,48.3,0.0,0.0
11.0,2.0,48.3,48.3,48.3,48.3,0.0,0.0
11.0,1.0,48.3,48.3,48.3,48.3,0.0,0.0
10.0,31.0,48.3,48.3,48.3,48.3,0.0,0.0
10.0,30.0,48.3,48.3,48.3,48.3,0.0,0.0
10.0,29.0,48.3,48.3,48.3,48.3,0.0,0.0
10.0,26.0,48.3,48.3,48.3,48.3,0.0,0.0
10.0,25.0,48.3,48.3,48.3,48.3,0.0,0.0
10.0,24.0,48.3,48.3,48.3,48.3,0.0,0.0
10.0,23.0,48.3,48.3,48.3,48.3,0.0,0.0
10.0,22.0,48.3,48.3,48.3,48.3,0.0,0.0
10.0,19.0,48.3,48.3,48.3,48.3,0.0,0.0
10.0,18.0,48.3,48.3,48.3,48.3,0.0,0.0
10.0,17.0,48.3,48.3,48.3,48.3,0.0,0.0
10.0,16.0,48.3,48.3,48.3,48.3,0.0,0.0
10.0,15.0,48.3,48.3,48.3,48.3,0.0,0.0
10.0,12.0,48.3,48.3,48.3,48.3,0.0,0.0
10.0,11.0,48.3,48.3,48.3,48.3,0.0,0.0
10.0,10.0,48.3,48.3,48.3,48.3,0.0,0.0
10.0,9.0,48.3,48.3,48.3,48.3,0.0,0.0
10.0,8.0,48.3,48.3,48.3,48.3,0.0,0.0
10.0,5.0,48.3,48.3,48.3,48.3,0.0,0.0
10.0,4.0,48.3,48.3,48.3,48.3,0.0,0.0
10.0,3.0,48.3,48.3,48.3,48.3,0.0,0.0
10.0,2.0,48.3,48.3,48.3,48.3,0.0,0.0
10.0,1.0,48.3,48.3,48.3,48.3,0.0,0.0
9.0,28.0,48.3,48.3,48.3,48.3,0.0,0.0
9.0,27.0,48.3,48.3,48.3,48.3,0.0,0.0
9.0,26.0,48.3,48.3,48.3,48.3,0.0,0.0
9.0,25.0,48.3,48.3,48.3,48.3,0.0,0.0
9.0,24.0,48.3,48.3,48.3,48.3,0.0,0.0
9.0,21.0,48.3,48.3,48.3,48.3,0.0,0.0
9.0,20.0,48.3,48.3,48.3,48.3,0.0,0.0
9.0,19.0,48.3,48.3,48.3,48.3,0.0,0.0
9.0,18.0,48.3,48.3,48.3,48.3,0.0,0.0
9.0,17.0,48.3,48.3,48.3,48.3,0.0,0.0
9.0,14.0,48.3,48.3,48.3,48.3,0.0,0.0
9.0,13.0,48.3,48.3,48.3,48.3,0.0,0.0
9.0,12.0,48.3,48.3,48.3,48.3,0.0,0.0
9.0,11.0,48.3,48.3,48.3,48.3,0.0,0.0
9.0,10.0,48.3,48.3,48.3,48.3,0.0,0.0
9.0,7.0,48.3,48.3,48.3,48.3,0.0,0.0
9.0,6.0,48.3,48.3,48.3,48.3,0.0,0.0
9.0,5.0,48.3,48.3,48.3,48.3,0.0,0.0
9.0,4.0,48.3,48.3,48.3,48.3,300.0,0.0
9.0,3.0,48.5,48.5,48.5,48.5,0.0,0.0
8.0,31.0,48.5,48.5,48.5,48.5,0.0,0.0
8.0,30.0,48.5,48.5,48.5,48.5,0.0,0.0
8.0,29.0,48.5,48.5,48.5,48.5,0.0,0.0
8.0,28.0,48.5,48.5,48.5,48.5,0.0,0.0
8.0,27.0,48.5,48.5,48.5,48.5,0.0,0.0
8.0,24.0,48.5,48.5,48.5,48.5,0.0,0.0
8.0,23.0,48.5,48.5,48.5,48.5,0.0,0.0
8.0,22.0,48.5,48.5,48.5,48.5,100.0,0.0
8.0,21.0,47.95,47.95,47.95,47.95,0.0,0.0
8.0,20.0,47.95,47.95,47.95,47.95,0.0,0.0
8.0,17.0,47.95,47.95,47.95,47.95,0.0,0.0
8.0,16.0,47.95,47.95,47.95,47.95,0.0,0.0
8.0,15.0,47.95,47.95,47.95,47.95,0.0,0.0
8.0,14.0,47.95,47.95,47.95,47.95,0.0,0.0
8.0,13.0,47.95,47.95,47.95,47.95,0.0,0.0
8.0,10.0,47.95,47.95,47.95,47.95,0.0,0.0
8.0,9.0,47.95,47.95,47.95,47.95,0.0,0.0
8.0,8.0,47.95,47.95,47.95,47.95,0.0,0.0
8.0,7.0,47.95,47.95,47.95,47.95,0.0,0.0
8.0,6.0,47.95,47.95,47.95,47.95,0.0,0.0
8.0,3.0,47.95,47.95,47.95,47.95,0.0,0.0
8.0,2.0,47.95,47.95,47.95,47.95,0.0,0.0
8.0,1.0,47.95,47.95,47.95,47.95,0.0,0.0
7.0,31.0,47.95,47.95,47.95,47.95,0.0,0.0
7.0,30.0,47.95,47.95,47.95,47.95,0.0,0.0
7.0,27.0,47.95,47.95,47.95,47.95,0.0,0.0
7.0,26.0,47.95,47.95,47.95,47.95,0.0,0.0
7.0,25.0,47.95,47.95,47.95,47.95,0.0,0.0
7.0,24.0,47.95,47.95,47.95,47.95,0.0,0.0
7.0,23.0,47.95,47.95,47.95,47.95,0.0,0.0
7.0,20.0,47.95,47.95,47.95,47.95,0.0,0.0
7.0,19.0,47.95,47.95,47.95,47.95,0.0,0.0
7.0,18.0,47.95,47.95,47.95,47.95,0.0,0.0
7.0,17.0,47.95,47.95,47.95,47.95,0.0,0.0
7.0,16.0,47.95,47.95,47.95,47.95,0.0,0.0
7.0,13.0,47.95,47.95,47.95,47.95,0.0,0.0
7.0,12.0,47.95,47.95,47.95,47.95,0.0,0.0
7.0,11.0,47.95,47.95,47.95,47.95,0.0,0.0
7.0,10.0,47.95,47.95,47.95,47.95,0.0,0.0
7.0,9.0,47.95,47.95,47.95,47.95,0.0,0.0
7.0,6.0,47.95,47.95,47.95,47.95,0.0,0.0
7.0,5.0,47.95,47.95,47.95,47.95,100.0,0.0
7.0,4.0,61.25,61.25,61.25,61.25,0.0,0.0
7.0,3.0,61.25,61.25,61.25,61.25,0.0,0.0
7.0,2.0,61.25,61.25,61.25,61.25,0.0,0.0
6.0,29.0,61.25,61.25,61.25,61.25,0.0,0.0
6.0,28.0,61.25,61.25,61.25,61.25,0.0,0.0
6.0,27.0,61.25,61.25,61.25,61.25,0.0,0.0
6.0,26.0,61.25,61.25,61.25,61.25,0.0,0.0
6.0,25.0,61.25,61.25,61.25,61.25,0.0,0.0
6.0,22.0,61.25,61.25,61.25,61.25,0.0,0.0
6.0,21.0,61.25,61.25,61.25,61.25,0.0,0.0
6.0,20.0,61.25,61.25,61.25,61.25,0.0,0.0
6.0,19.0,61.25,61.25,61.25,61.25,0.0,0.0
6.0,18.0,61.25,61.25,61.25,61.25,0.0,0.0
6.0,15.0,61.25,61.25,61.25,61.25,0.0,0.0
6.0,14.0,61.25,61.25,61.25,61.25,0.0,0.0
6.0,13.0,61.25,61.25,61.25,61.25,0.0,0.0
6.0,12.0,61.25,61.25,61.25,61.25,0.0,0.0
6.0,11.0,61.25,61.25,61.25,61.25,0.0,0.0
6.0,8.0,61.25,61.25,61.25,61.25,0.0,0.0
6.0,7.0,61.25,61.25,61.25,61.25,0.0,0.0
6.0,6.0,61.25,61.25,61.25,61.25,0.0,0.0
6.0,5.0,61.25,61.25,61.25,61.25,0.0,0.0
6.0,4.0,61.25,61.25,61.25,61.25,0.0,0.0
6.0,1.0,61.25,61.25,61.25,61.25,0.0,0.0
5.0,31.0,61.25,61.25,61.25,61.25,0.0,0.0
5.0,30.0,61.25,61.25,61.25,61.25,0.0,0.0
5.0,29.0,61.25,61.25,61.25,61.25,0.0,0.0
5.0,28.0,61.25,61.25,61.25,61.25,0.0,0.0
5.0,25.0,61.25,61.25,61.25,61.25,0.0,0.0
5.0,24.0,61.25,61.25,61.25,61.25,0.0,0.0
5.0,23.0,61.25,61.25,61.25,61.25,0.0,0.0
5.0,22.0,61.25,61.25,61.25,61.25,0.0,0.0
5.0,21.0,61.25,61.25,61.25,61.25,0.0,0.0
5.0,18.0,61.25,61.25,61.25,61.25,0.0,0.0
5.0,17.0,61.25,61.25,61.25,61.25,0.0,0.0
5.0,16.0,61.25,61.25,61.25,61.25,0.0,0.0
5.0,15.0,61.25,61.25,61.25,61.25,0.0,0.0
5.0,14.0,61.25,61.25,61.25,61.25,0.0,0.0
5.0,11.0,61.25,61.25,61.25,61.25,0.0,0.0
5.0,10.0,61.25,61.25,61.25,61.25,0.0,0.0
5.0,9.0,61.25,61.25,61.25,61.25,0.0,0.0
5.0,8.0,61.25,61.25,61.25,61.25,0.0,0.0
5.0,7.0,61.25,61.25,61.25,61.25,0.0,0.0
5.0,4.0,61.25,61.25,61.25,61.25,0.0,0.0
5.0,3.0,61.25,61.25,61.25,61.25,0.0,0.0
5.0,2.0,61.25,61.25,61.25,61.25,0.0,0.0
5.0,1.0,61.25,61.25,61.25,61.25,0.0,0.0
4.0,30.0,61.25,61.25,61.25,61.25,0.0,0.0
4.0,27.0,61.25,61.25,61.25,61.25,0.0,0.0
4.0,26.0,61.25,61.25,61.25,61.25,0.0,0.0
4.0,25.0,61.25,61.25,61.25,61.25,0.0,0.0
4.0,24.0,61.25,61.25,61.25,61.25,0.0,0.0
4.0,23.0,61.25,61.25,61.25,61.25,0.0,0.0
4.0,20.0,61.25,61.25,61.25,61.25,0.0,0.0
4.0,19.0,61.25,61.25,61.25,61.25,0.0,0.0
4.0,18.0,61.25,61.25,61.25,61.25,0.0,0.0
4.0,17.0,61.25,61.25,61.25,61.25,0.0,0.0
4.0,16.0,61.25,61.25,61.25,61.25,0.0,0.0
4.0,13.0,61.25,61.25,61.25,61.25,0.0,0.0
4.0,12.0,61.25,61.25,61.25,61.25,0.0,0.0
4.0,11.0,61.25,61.25,61.25,61.25,0.0,0.0
4.0,10.0,61.25,61.25,61.25,61.25,0.0,0.0
4.0,9.0,61.25,61.25,61.25,61.25,0.0,0.0
4.0,6.0,61.25,61.25,61.25,61.25,0.0,0.0
4.0,5.0,61.25,61.25,61.25,61.25,0.0,0.0
4.0,4.0,61.25,61.25,61.25,61.25,0.0,0.0
4.0,3.0,61.25,61.25,61.25,61.25,0.0,0.0
4.0,2.0,61.25,61.25,61.25,61.25,0.0,0.0
3.0,30.0,61.25,61.25,61.25,61.25,0.0,0.0
3.0,29.0,61.25,61.25,61.25,61.25,0.0,0.0
3.0,28.0,61.25,61.25,61.25,61.25,0.0,0.0
3.0,27.0,61.25,61.25,61.25,61.25,0.0,0.0
3.0,26.0,61.25,61.25,61.25,61.25,0.0,0.0
3.0,23.0,61.25,61.25,61.25,61.25,0.0,0.0
3.0,22.0,61.25,61.25,61.25,61.25,0.0,0.0
3.0,21.0,61.25,61.25,61.25,61.25,0.0,0.0
3.0,20.0,61.25,61.25,61.25,61.25,0.0,0.0
3.0,19.0,61.25,61.25,61.25,61.25,0.0,0.0
3.0,16.0,61.25,61.25,61.25,61.25,0.0,0.0
3.0,15.0,61.25,61.25,61.25,61.25,0.0,0.0
3.0,14.0,61.25,61.25,61.25,61.25,0.0,0.0
3.0,13.0,61.25,61.25,61.25,61.25,0.0,0.0
3.0,12.0,61.25,61.25,61.25,61.25,0.0,0.0
3.0,9.0,61.25,61.25,61.25,61.25,0.0,0.0
3.0,8.0,61.25,61.25,61.25,61.25,0.0,0.0
3.0,7.0,61.25,61.25,61.25,61.25,0.0,0.0
3.0,6.0,61.25,61.25,61.25,61.25,0.0,0.0
3.0,5.0,61.25,61.25,61.25,61.25,0.0,0.0
3.0,2.0,61.25,61.25,61.25,61.25,0.0,0.0
3.0,1.0,61.25,61.25,61.25,61.25,0.0,0.0
2.0,29.0,61.25,61.25,61.25,61.25,0.0,0.0
2.0,28.0,61.25,61.25,61.25,61.25,400.0,0.0
2.0,27.0,52.28,52.28,52.28,52.28,0.0,0.0
2.0,24.0,52.28,52.28,52.28,52.28,0.0,0.0
2.0,23.0,52.28,52.28,52.28,52.28,0.0,0.0
2.0,22.0,52.28,52.28,52.28,52.28,0.0,0.0
2.0,21.0,52.28,52.28,52.28,52.28,0.0,0.0
2.0,20.0,52.28,52.28,52.28,52.28,0.0,0.0
2.0,17.0,52.28,52.28,52.28,52.28,0.0,0.0
2.0,16.0,52.28,52.28,52.28,52.28,0.0,0.0
2.0,15.0,52.28,52.28,52.28,52.28,0.0,0.0
2.0,14.0,52.28,52.28,52.28,52.28,0.0,0.0
2.0,13.0,52.28,52.28,52.28,52.28,0.0,0.0
2.0,10.0,52.28,52.28,52.28,52.28,0.0,0.0
2.0,9.0,52.28,52.28,52.28,52.28,0.0,0.0
2.0,8.0,52.28,52.28,52.28,52.28,0.0,0.0
2.0,7.0,52.28,52.28,52.28,52.28,0.0,0.0
2.0,6.0,52.28,52.28,52.28,52.28,0.0,0.0
2.0,3.0,52.28,52.28,52.28,52.28,0.0,0.0
2.0,2.0,52.28,52.28,52.28,52.28,0.0,0.0
2.0,1.0,52.28,52.28,52.28,52.28,0.0,0.0
1.0,31.0,52.28,52.28,52.28,52.28,0.0,0.0
1.0,30.0,52.28,52.28,52.28,52.28,100.0,0.0
1.0,27.0,65.6,65.6,65.6,65.6,0.0,0.0
1.0,26.0,65.6,65.6,65.6,65.6,0.0,0.0
1.0,25.0,65.6,65.6,65.6,65.6,0.0,0.0
1.0,24.0,65.6,65.6,65.6,65.6,0.0,0.0
1.0,23.0,65.6,65.6,65.6,65.6,0.0,0.0
1.0,20.0,65.6,65.6,65.6,65.6,0.0,0.0
1.0,19.0,65.6,65.6,65.6,65.6,0.0,0.0
1.0,18.0,65.6,65.6,65.6,65.6,0.0,0.0
1.0,17.0,65.6,65.6,65.6,65.6,0.0,0.0
1.0,16.0,65.6,65.6,65.6,65.6,0.0,0.0
1.0,13.0,65.6,65.6,65.6,65.6,0.0,0.0
1.0,12.0,65.6,65.6,65.6,65.6,0.0,0.0
1.0,11.0,65.6,65.6,65.6,65.6,0.0,0.0
1.0,10.0,65.6,65.6,65.6,65.6,0.0,0.0
1.0,9.0,65.6,65.6,65.6,65.6,0.0,0.0
1.0,6.0,65.6,65.6,65.6,65.6,0.0,0.0
1.0,5.0,65.6,65.6,65.6,65.6,0.0,0.0
1.0,4.0,65.6,65.6,65.6,65.6,0.0,0.0
1.0,3.0,65.6,65.6,65.6,65.6,0.0,0.0
1.0,2.0,65.6,65.6,65.6,65.6,0.0,0.0
12.0,30.0,65.6,65.6,65.6,65.6,0.0,0.0
12.0,29.0,65.6,65.6,65.6,65.6,0.0,0.0
12.0,28.0,65.6,65.6,65.6,65.6,0.0,0.0
12.0,27.0,65.6,65.6,65.6,65.6,0.0,0.0
12.0,26.0,65.6,65.6,65.6,65.6,0.0,0.0
12.0,23.0,65.6,65.6,65.6,65.6,0.0,0.0
12.0,22.0,65.6,65.6,65.6,65.6,0.0,0.0
12.0,21.0,65.6,65.6,65.6,65.6,0.0,0.0
12.0,20.0,65.6,65.6,65.6,65.6,0.0,0.0
12.0,19.0,65.6,65.6,65.6,65.6,0.0,0.0
12.0,16.0,65.6,65.6,65.6,65.6,0.0,0.0
12.0,15.0,65.6,65.6,65.6,65.6,0.0,0.0
12.0,14.0,65.6,65.6,65.6,65.6,0.0,0.0
12.0,13.0,65.6,65.6,65.6,65.6,0.0,0.0
12.0,12.0,65.6,65.6,65.6,65.6,0.0,0.0
12.0,9.0,65.6,65.6,65.6,65.6,0.0,0.0
12.0,8.0,65.6,65.6,65.6,65.6,0.0,0.0
12.0,7.0,65.6,65.6,65.6,65.6,0.0,0.0
12.0,6.0,65.6,65.6,65.6,65.6,0.0,0.0
12.0,5.0,65.6,65.6,65.6,65.6,0.0,0.0
12.0,2.0,65.6,65.6,65.6,65.6,0.0,0.0
12.0,1.0,65.6,65.6,65.6,65.6,0.0,0.0
11.0,30.0,65.6,65.6,65.6,65.6,0.0,0.0
11.0,29.0,65.6,65.6,65.6,65.6,0.0,0.0
11.0,28.0,65.6,65.6,65.6,65.6,0.0,0.0
11.0,25.0,65.6,65.6,65.6,65.6,0.0,0.0
11.0,24.0,65.6,65.6,65.6,65.6,0.0,0.0
11.0,23.0,65.6,65.6,65.6,65.6,0.0,0.0
11.0,22.0,65.6,65.6,65.6,65.6,0.0,0.0
11.0,21.0,65.6,65.6,65.6,65.6,0.0,0.0
11.0,18.0,65.6,65.6,65.6,65.6,0.0,0.0
11.0,17.0,65.6,65.6,65.6,65.6,0.0,0.0
8.0,8.0,65.6,65.6,65.6,65.6,300.0,0.0
5.0,19.0,83.439,83.439,83.439,83.439,3900.0,0.0
12.0,30.0,79.6,79.6,79.6,79.6,100.0,0.0
12.0,28.0,77.95,77.95,77.95,77.95,100.0,0.0
10.0,6.0,64.85,64.85,64.85,64.85,100.0,0.0
9.0,13.0,59.85,59.85,59.85,59.85,1100.0,0.0
6.0,14.0,65.25,65.25,55.776,55.776,100.0,-9.473999999999997
4.0,20.0,65.25,71.289,65.25,71.289,800.0,6.0390000000000015
3.0,18.0,65.25,68.757,65.25,68.757,100.0,3.507000000000005
2.0,8.0,60.5,60.5,60.5,60.5,200.0,0.0
1.0,27.0,65.25,65.25,65.25,65.25,400.0,0.0
12.0,4.0,63.3,63.3,63.3,63.3,200.0,0.0
12.0,3.0,64.6,64.6,64.6,64.6,200.0,0.0
9.0,16.0,57.9,57.9,57.9,57.9,200.0,0.0
