9.0,25.0,71.260002,71.260002,71.260002,71.260002,0.0,0.0
9.0,24.0,71.260002,71.260002,71.260002,71.260002,0.0,0.0
9.0,23.0,72.919998,72.919998,71.260002,71.260002,5500.0,-1.6599960000000067
9.0,22.0,84.980003,84.980003,84.980003,84.980003,0.0,0.0
9.0,21.0,84.980003,84.980003,84.980003,84.980003,0.0,0.0
9.0,18.0,84.146004,84.980003,84.146004,84.980003,3100.0,0.8339989999999915
9.0,17.0,87.120003,87.120003,87.120003,87.120003,200.0,0.0
9.0,16.0,84.75,84.75,84.75,84.75,0.0,0.0
9.0,15.0,84.75,84.75,84.75,84.75,0.0,0.0
9.0,14.0,84.75,84.75,84.75,84.75,0.0,0.0
9.0,11.0,84.75,84.75,84.75,84.75,0.0,0.0
9.0,10.0,84.75,84.75,84.75,84.75,0.0,0.0
9.0,9.0,84.75,84.75,84.75,84.75,100.0,0.0
9.0,8.0,79.300003,79.300003,79.300003,79.300003,0.0,0.0
9.0,4.0,79.300003,79.300003,79.300003,79.300003,900.0,0.0
9.0,3.0,82.5,82.5,82.5,82.5,0.0,0.0
9.0,2.0,82.5,82.5,82.5,82.5,0.0,0.0
9.0,1.0,82.5,82.5,82.5,82.5,0.0,0.0
8.0,31.0,82.5,82.5,82.5,82.5,300.0,0.0
8.0,28.0,82.75,82.75,82.75,82.75,0.0,0.0
8.0,27.0,82.75,82.75,82.75,82.75,0.0,0.0
8.0,26.0,82.75,82.75,82.75,82.75,200.0,0.0
8.0,25.0,84.0,84.0,84.0,84.0,1200.0,0.0
8.0,24.0,83.75,83.75,83.75,83.75,0.0,0.0
8.0,21.0,85.510002,85.510002,83.75,83.75,600.0,-1.760002
8.0,20.0,91.160004,91.160004,91.160004,91.160004,0.0,0.0
8.0,19.0,91.160004,91.160004,91.160004,91.160004,0.0,0.0
8.0,18.0,91.160004,91.160004,91.160004,91.160004,0.0,0.0
8.0,17.0,91.160004,91.160004,91.160004,91.160004,200.0,0.0
8.0,14.0,92.099998,92.099998,92.099998,92.099998,0.0,0.0
8.0,13.0,92.099998,92.099998,92.099998,92.099998,400.0,0.0
8.0,12.0,91.620003,91.75,91.620003,91.75,300.0,0.12999700000000303
8.0,11.0,90.349998,90.349998,90.349998,90.349998,0.0,0.0
8.0,10.0,90.349998,90.349998,90.349998,90.349998,0.0,0.0
8.0,7.0,90.349998,90.349998,90.349998,90.349998,0.0,0.0
8.0,6.0,90.349998,90.349998,90.349998,90.349998,0.0,0.0
8.0,5.0,90.349998,90.349998,90.349998,90.349998,0.0,0.0
8.0,4.0,90.349998,90.349998,90.349998,90.349998,0.0,0.0
8.0,3.0,90.349998,90.349998,90.349998,90.349998,0.0,0.0
7.0,31.0,90.349998,90.349998,90.349998,90.349998,0.0,0.0
7.0,30.0,90.349998,90.349998,90.349998,90.349998,200.0,0.0
7.0,29.0,99.82,99.82,99.82,99.82,0.0,0.0
7.0,28.0,99.82,99.82,99.82,99.82,0.0,0.0
7.0,27.0,99.82,99.82,99.82,99.82,0.0,0.0
7.0,24.0,99.82,99.82,99.82,99.82,0.0,0.0
7.0,23.0,99.82,99.82,99.82,99.82,0.0,0.0
7.0,22.0,99.82,99.82,99.82,99.82,0.0,0.0
7.0,21.0,99.82,99.82,99.82,99.82,0.0,0.0
7.0,20.0,99.82,99.82,99.82,99.82,0.0,0.0
7.0,17.0,99.82,99.82,99.82,99.82,0.0,0.0
7.0,16.0,99.82,99.82,99.82,99.82,0.0,0.0
7.0,15.0,99.82,99.82,99.82,99.82,0.0,0.0
7.0,14.0,99.900002,99.900002,99.82,99.82,500.0,-0.08000200000000746
7.0,13.0,100.050003,100.050003,100.050003,100.050003,0.0,0.0
7.0,10.0,100.050003,100.050003,100.050003,100.050003,0.0,0.0
7.0,9.0,100.050003,100.050003,100.050003,100.050003,0.0,0.0
7.0,8.0,100.050003,100.050003,100.050003,100.050003,0.0,0.0
7.0,7.0,99.699997,100.050003,99.699997,100.050003,300.0,0.3500060000000076
7.0,6.0,107.199997,107.199997,107.199997,107.199997,0.0,0.0
7.0,2.0,107.199997,107.199997,107.199997,107.199997,0.0,0.0
7.0,1.0,107.309998,107.309998,107.199997,107.199997,400.0,-0.1100009999999969
6.0,30.0,104.150002,104.150002,104.150002,104.150002,0.0,0.0
6.0,29.0,104.150002,104.150002,104.150002,104.150002,0.0,0.0
6.0,26.0,104.150002,104.150002,104.150002,104.150002,0.0,0.0
6.0,25.0,104.150002,104.150002,104.150002,104.150002,0.0,0.0
6.0,24.0,104.150002,104.150002,104.150002,104.150002,0.0,0.0
6.0,23.0,104.150002,104.150002,104.150002,104.150002,0.0,0.0
6.0,22.0,104.150002,104.150002,104.150002,104.150002,0.0,0.0
6.0,19.0,105.68,105.720001,104.150002,104.150002,1500.0,-1.5299980000000062
6.0,18.0,105.900002,105.900002,105.900002,105.900002,0.0,0.0
6.0,17.0,105.900002,105.900002,105.900002,105.900002,0.0,0.0
6.0,16.0,105.900002,105.900002,105.900002,105.900002,0.0,0.0
6.0,15.0,105.900002,105.900002,105.900002,105.900002,0.0,0.0
6.0,12.0,105.900002,105.900002,105.900002,105.900002,200.0,0.0
6.0,11.0,106.0,106.0,106.0,106.0,0.0,0.0
6.0,10.0,106.0,106.0,106.0,106.0,300.0,0.0
6.0,9.0,104.75,104.75,104.75,104.75,0.0,0.0
6.0,8.0,104.75,104.75,104.75,104.75,0.0,0.0
6.0,5.0,104.75,104.75,104.75,104.75,0.0,0.0
6.0,4.0,105.0,105.900002,104.75,104.75,10700.0,-0.25
6.0,3.0,102.949997,102.949997,102.949997,102.949997,0.0,0.0
6.0,2.0,102.949997,102.949997,102.949997,102.949997,0.0,0.0
6.0,1.0,102.949997,102.949997,102.949997,102.949997,200.0,0.0
5.0,29.0,109.720001,109.720001,109.720001,109.720001,0.0,0.0
5.0,28.0,109.720001,109.720001,109.720001,109.720001,0.0,0.0
5.0,27.0,109.720001,109.720001,109.720001,109.720001,0.0,0.0
5.0,26.0,109.720001,109.720001,109.720001,109.720001,0.0,0.0
5.0,22.0,109.720001,109.720001,109.720001,109.720001,700.0,0.0
5.0,21.0,104.75,104.75,104.75,104.75,0.0,0.0
5.0,20.0,104.75,104.75,104.75,104.75,0.0,0.0
5.0,19.0,104.75,104.75,104.75,104.75,0.0,0.0
5.0,18.0,104.75,104.75,104.75,104.75,300.0,0.0
5.0,15.0,106.300003,106.300003,106.300003,106.300003,0.0,0.0
5.0,14.0,106.300003,106.300003,106.300003,106.300003,0.0,0.0
5.0,13.0,106.300003,106.300003,106.300003,106.300003,0.0,0.0
5.0,12.0,106.300003,106.300003,106.300003,106.300003,0.0,0.0
5.0,11.0,106.300003,106.300003,106.300003,106.300003,0.0,0.0
5.0,8.0,106.300003,106.300003,106.300003,106.300003,500.0,0.0
5.0,7.0,104.610001,104.610001,103.849998,103.849998,1100.0,-0.7600029999999975
5.0,6.0,103.260002,103.260002,103.260002,103.260002,100.0,0.0
5.0,5.0,106.0,106.0,106.0,106.0,0.0,0.0
5.0,4.0,106.0,106.0,106.0,106.0,0.0,0.0
5.0,1.0,105.400002,106.0,105.400002,106.0,500.0,0.5999979999999994
4.0,30.0,105.269997,105.269997,105.269997,105.269997,0.0,0.0
4.0,29.0,105.269997,105.269997,105.269997,105.269997,0.0,0.0
4.0,28.0,105.269997,105.269997,105.269997,105.269997,0.0,0.0
4.0,27.0,105.269997,105.269997,105.269997,105.269997,0.0,0.0
4.0,24.0,105.220001,105.269997,105.220001,105.269997,900.0,0.04999600000000726
4.0,23.0,102.449997,103.870003,101.830002,103.870003,700.0,1.4200060000000008
4.0,22.0,100.989998,100.989998,100.989998,100.989998,0.0,0.0
4.0,21.0,100.989998,100.989998,100.989998,100.989998,1400.0,0.0
4.0,20.0,97.169998,97.169998,97.169998,97.169998,0.0,0.0
4.0,17.0,97.169998,97.169998,97.169998,97.169998,300.0,0.0
4.0,16.0,98.650002,99.449997,98.650002,99.449997,1000.0,0.7999949999999956
4.0,15.0,94.639999,94.639999,94.639999,94.639999,0.0,0.0
4.0,14.0,94.639999,94.639999,94.639999,94.639999,100.0,0.0
4.0,13.0,94.339996,94.339996,94.339996,94.339996,0.0,0.0
4.0,10.0,94.220001,94.339996,94.220001,94.339996,3600.0,0.11999500000000296
4.0,9.0,91.809998,91.809998,91.809998,91.809998,0.0,0.0
4.0,8.0,91.809998,91.809998,91.809998,91.809998,0.0,0.0
4.0,7.0,91.809998,91.809998,91.809998,91.809998,0.0,0.0
4.0,6.0,91.809998,91.809998,91.809998,91.809998,0.0,0.0
4.0,2.0,91.809998,91.809998,91.809998,91.809998,0.0,0.0
4.0,1.0,91.809998,91.809998,91.809998,91.809998,0.0,0.0
3.0,31.0,91.809998,91.809998,91.809998,91.809998,0.0,0.0
3.0,30.0,91.809998,91.809998,91.809998,91.809998,0.0,0.0
3.0,27.0,91.809998,91.809998,91.809998,91.809998,0.0,0.0
3.0,26.0,91.809998,91.809998,91.809998,91.809998,0.0,0.0
3.0,25.0,91.809998,91.809998,91.809998,91.809998,0.0,0.0
3.0,24.0,91.809998,91.809998,91.809998,91.809998,200.0,0.0
3.0,23.0,91.480003,91.480003,91.480003,91.480003,0.0,0.0
3.0,20.0,91.480003,91.480003,91.480003,91.480003,200.0,0.0
3.0,19.0,88.889999,88.889999,88.889999,88.889999,100.0,0.0
3.0,18.0,89.129997,89.129997,89.129997,89.129997,100.0,0.0
3.0,17.0,95.440002,95.440002,95.440002,95.440002,0.0,0.0
3.0,16.0,95.440002,95.440002,95.440002,95.440002,0.0,0.0
3.0,13.0,95.440002,95.440002,95.440002,95.440002,0.0,0.0
3.0,12.0,94.120003,95.440002,94.120003,95.440002,1300.0,1.31999900000001
3.0,11.0,95.239998,95.239998,95.239998,95.239998,300.0,0.0
3.0,10.0,93.760002,93.760002,93.760002,93.760002,0.0,0.0
3.0,9.0,93.760002,93.760002,93.760002,93.760002,0.0,0.0
3.0,6.0,93.116997,93.760002,93.116997,93.760002,5500.0,0.6430050000000023
3.0,5.0,95.0,95.0,95.0,95.0,0.0,0.0
3.0,4.0,95.0,95.0,95.0,95.0,0.0,0.0
3.0,3.0,95.0,95.0,95.0,95.0,0.0,0.0
3.0,2.0,95.0,95.0,95.0,95.0,0.0,0.0
2.0,27.0,95.0,95.0,95.0,95.0,0.0,0.0
2.0,26.0,95.0,95.0,95.0,95.0,0.0,0.0
2.0,25.0,95.0,95.0,95.0,95.0,0.0,0.0
2.0,24.0,95.0,95.0,95.0,95.0,0.0,0.0
2.0,23.0,95.0,95.0,95.0,95.0,0.0,0.0
2.0,20.0,95.0,95.0,95.0,95.0,1500.0,0.0
2.0,19.0,95.519997,95.519997,95.519997,95.519997,800.0,0.0
2.0,18.0,94.519997,94.519997,94.519997,94.519997,800.0,0.0
2.0,17.0,87.900002,87.900002,87.900002,87.900002,0.0,0.0
2.0,13.0,87.900002,87.900002,87.900002,87.900002,0.0,0.0
2.0,12.0,87.059998,87.900002,87.059998,87.900002,1900.0,0.8400040000000075
2.0,11.0,77.900002,77.900002,77.900002,77.900002,100.0,0.0
2.0,10.0,79.25,79.25,79.25,79.25,1000.0,0.0
2.0,9.0,80.019997,80.019997,80.019997,80.019997,0.0,0.0
2.0,6.0,80.019997,80.019997,80.019997,80.019997,0.0,0.0
2.0,5.0,80.019997,80.019997,80.019997,80.019997,0.0,0.0
2.0,4.0,80.43,80.43,80.019997,80.019997,200.0,-0.4100030000000032
2.0,3.0,80.0,80.0,80.0,80.0,200.0,0.0
2.0,2.0,77.279999,77.849998,77.279999,77.620003,600.0,0.3400039999999933
1.0,30.0,76.760002,76.760002,76.760002,76.760002,100.0,0.0
1.0,29.0,78.449997,78.449997,78.449997,78.449997,0.0,0.0
1.0,28.0,78.449997,78.449997,78.449997,78.449997,300.0,0.0
1.0,27.0,72.050003,72.050003,72.050003,72.050003,0.0,0.0
1.0,26.0,72.050003,72.050003,72.050003,72.050003,0.0,0.0
1.0,23.0,72.050003,72.050003,72.050003,72.050003,0.0,0.0
1.0,22.0,72.050003,72.050003,72.050003,72.050003,0.0,0.0
1.0,21.0,72.050003,72.050003,72.050003,72.050003,0.0,0.0
1.0,20.0,72.050003,72.050003,72.050003,72.050003,0.0,0.0
1.0,16.0,72.050003,72.050003,72.050003,72.050003,0.0,0.0
1.0,15.0,72.050003,72.050003,72.050003,72.050003,0.0,0.0
1.0,14.0,72.050003,72.050003,72.050003,72.050003,0.0,0.0
1.0,13.0,72.269997,72.269997,72.050003,72.050003,500.0,-0.2199939999999998
1.0,12.0,67.489998,67.489998,67.489998,67.489998,0.0,0.0
1.0,9.0,67.489998,67.489998,67.489998,67.489998,0.0,0.0
1.0,8.0,67.489998,67.489998,67.489998,67.489998,0.0,0.0
1.0,7.0,67.489998,67.489998,67.489998,67.489998,200.0,0.0
1.0,6.0,73.029999,73.029999,73.029999,73.029999,0.0,0.0
1.0,5.0,73.029999,73.029999,73.029999,73.029999,0.0,0.0
1.0,2.0,73.029999,73.029999,73.029999,73.029999,0.0,0.0
12.0,31.0,73.029999,73.029999,73.029999,73.029999,0.0,0.0
12.0,30.0,73.029999,73.029999,73.029999,73.029999,200.0,0.0
12.0,29.0,74.199997,74.199997,74.199997,74.199997,0.0,0.0
12.0,26.0,74.199997,74.199997,74.199997,74.199997,0.0,0.0
12.0,24.0,74.199997,74.199997,74.199997,74.199997,0.0,0.0
12.0,23.0,74.199997,74.199997,74.199997,74.199997,500.0,0.0
12.0,22.0,73.459999,73.459999,73.459999,73.459999,0.0,0.0
12.0,19.0,73.459999,73.459999,73.459999,73.459999,0.0,0.0
12.0,18.0,73.459999,73.459999,73.459999,73.459999,400.0,0.0
12.0,17.0,71.760002,71.760002,71.760002,71.760002,0.0,0.0
12.0,16.0,71.760002,71.760002,71.760002,71.760002,400.0,0.0
12.0,15.0,71.660004,72.07,71.660004,72.07,3500.0,0.4099959999999925
12.0,12.0,76.462997,76.462997,76.462997,76.462997,0.0,0.0
12.0,11.0,76.462997,76.462997,76.462997,76.462997,0.0,0.0
12.0,10.0,76.462997,76.462997,76.462997,76.462997,0.0,0.0
12.0,9.0,76.462997,76.462997,76.462997,76.462997,0.0,0.0
12.0,8.0,76.462997,76.462997,76.462997,76.462997,0.0,0.0
12.0,5.0,79.779999,79.779999,79.779999,79.779999,100.0,0.0
12.0,4.0,76.462997,76.462997,76.462997,76.462997,400.0,0.0
12.0,3.0,80.400002,80.400002,80.400002,80.400002,0.0,0.0
12.0,2.0,80.400002,80.400002,80.400002,80.400002,0.0,0.0
12.0,1.0,80.400002,80.400002,80.400002,80.400002,3100.0,0.0
11.0,28.0,80.400002,80.400002,80.400002,80.400002,1300.0,0.0
11.0,26.0,79.599998,79.599998,79.599998,79.599998,200.0,0.0
11.0,25.0,75.400002,75.400002,75.400002,75.400002,0.0,0.0
11.0,24.0,75.400002,75.400002,75.400002,75.400002,0.0,0.0
11.0,21.0,75.400002,75.400002,75.400002,75.400002,0.0,0.0
11.0,20.0,75.400002,75.400002,75.400002,75.400002,0.0,0.0
11.0,19.0,75.400002,75.400002,75.400002,75.400002,0.0,0.0
11.0,18.0,75.889999,75.889999,75.889999,75.889999,100.0,0.0
11.0,17.0,73.5,73.5,73.5,73.5,100.0,0.0
11.0,14.0,74.18,74.18,74.18,74.18,0.0,0.0
11.0,13.0,74.18,74.18,74.18,74.18,0.0,0.0
11.0,12.0,74.18,74.18,74.18,74.18,0.0,0.0
11.0,11.0,74.18,74.18,74.18,74.18,0.0,0.0
11.0,10.0,74.18,74.18,74.18,74.18,200.0,0.0
11.0,7.0,73.629997,73.629997,73.629997,73.629997,0.0,0.0
11.0,6.0,73.629997,73.629997,73.629997,73.629997,0.0,0.0
11.0,5.0,73.629997,73.629997,73.629997,73.629997,0.0,0.0
11.0,4.0,73.629997,73.629997,73.629997,73.629997,0.0,0.0
11.0,3.0,73.629997,73.629997,73.629997,73.629997,100.0,0.0
10.0,31.0,74.699997,74.699997,74.699997,74.699997,8300.0,0.0
10.0,30.0,71.349998,71.349998,71.349998,71.349998,0.0,0.0
10.0,29.0,70.870003,71.349998,70.870003,71.349998,900.0,0.4799950000000024
10.0,28.0,68.489998,68.489998,68.489998,68.489998,0.0,0.0
10.0,27.0,68.629997,68.629997,68.489998,68.489998,900.0,-0.1399990000000031
10.0,24.0,70.519997,70.519997,70.519997,70.519997,0.0,0.0
10.0,23.0,70.519997,70.519997,70.519997,70.519997,2000.0,0.0
10.0,22.0,70.800003,70.839996,70.800003,70.839996,1300.0,0.039992999999995504
10.0,21.0,69.75,69.75,69.75,69.75,0.0,0.0
10.0,20.0,69.75,69.75,69.75,69.75,1200.0,0.0
10.0,17.0,65.440002,65.440002,65.440002,65.440002,0.0,0.0
10.0,16.0,65.440002,65.440002,65.440002,65.440002,0.0,0.0
10.0,15.0,65.900002,65.900002,65.440002,65.440002,800.0,-0.45999999999999375
10.0,14.0,68.239998,68.239998,68.239998,68.239998,300.0,0.0
10.0,13.0,68.5,68.5,68.5,68.5,0.0,0.0
10.0,10.0,68.5,68.5,68.5,68.5,0.0,0.0
10.0,9.0,69.050003,69.050003,68.5,68.5,500.0,-0.5500030000000038
10.0,8.0,69.18,69.18,69.18,69.18,300.0,0.0
10.0,7.0,70.050003,70.050003,70.050003,70.050003,1700.0,0.0
10.0,6.0,74.559998,74.559998,74.559998,74.559998,0.0,0.0
10.0,3.0,74.559998,74.559998,74.559998,74.559998,0.0,0.0
10.0,2.0,74.559998,74.559998,74.559998,74.559998,0.0,0.0
10.0,1.0,74.559998,74.559998,74.559998,74.559998,0.0,0.0
9.0,30.0,74.559998,74.559998,74.559998,74.559998,0.0,0.0
9.0,29.0,74.559998,74.559998,74.559998,74.559998,100.0,0.0
9.0,26.0,74.959999,74.980003,74.959999,74.959999,4400.0,0.0
9.0,25.0,76.449997,76.449997,76.449997,76.449997,0.0,0.0
9.0,24.0,76.449997,76.449997,76.449997,76.449997,0.0,0.0
9.0,23.0,76.449997,76.449997,76.449997,76.449997,0.0,0.0
9.0,22.0,76.449997,76.449997,76.449997,76.449997,700.0,0.0
9.0,19.0,76.690002,76.690002,76.690002,76.690002,0.0,0.0
9.0,18.0,78.099998,78.099998,76.690002,76.690002,1700.0,-1.4099959999999925
9.0,17.0,77.260002,77.260002,75.720001,75.720001,3000.0,-1.5400010000000037
9.0,16.0,77.919998,77.919998,77.919998,77.919998,0.0,0.0
9.0,15.0,77.919998,77.919998,77.919998,77.919998,0.0,0.0
9.0,12.0,77.919998,77.919998,77.919998,77.919998,0.0,0.0
9.0,11.0,77.919998,77.919998,77.919998,77.919998,0.0,0.0
9.0,10.0,77.919998,77.919998,77.919998,77.919998,5700.0,0.0
9.0,9.0,78.800003,78.800003,78.800003,78.800003,0.0,0.0
9.0,8.0,78.800003,78.800003,78.800003,78.800003,0.0,0.0
9.0,5.0,78.800003,78.800003,78.800003,78.800003,0.0,0.0
9.0,4.0,78.800003,78.800003,78.800003,78.800003,0.0,0.0
9.0,3.0,78.800003,78.800003,78.800003,78.800003,0.0,0.0
9.0,2.0,78.800003,78.800003,78.800003,78.800003,0.0,0.0
8.0,29.0,78.800003,78.800003,78.800003,78.800003,300.0,0.0
8.0,28.0,81.120003,81.120003,81.120003,81.120003,0.0,0.0
8.0,27.0,81.120003,81.120003,81.120003,81.120003,0.0,0.0
8.0,26.0,81.120003,81.120003,81.120003,81.120003,0.0,0.0
8.0,25.0,81.120003,81.120003,81.120003,81.120003,200.0,0.0
8.0,22.0,80.830002,80.830002,80.830002,80.830002,0.0,0.0
8.0,21.0,80.830002,80.830002,80.830002,80.830002,0.0,0.0
8.0,20.0,80.830002,80.830002,80.830002,80.830002,0.0,0.0
8.0,19.0,80.830002,80.830002,80.830002,80.830002,0.0,0.0
8.0,18.0,80.830002,80.830002,80.830002,80.830002,0.0,0.0
8.0,15.0,80.830002,80.830002,80.830002,80.830002,0.0,0.0
8.0,14.0,80.830002,80.830002,80.830002,80.830002,0.0,0.0
8.0,13.0,80.830002,80.830002,80.830002,80.830002,0.0,0.0
8.0,12.0,80.830002,80.830002,80.830002,80.830002,0.0,0.0
8.0,11.0,80.830002,80.830002,80.830002,80.830002,0.0,0.0
8.0,8.0,80.830002,80.830002,80.830002,80.830002,0.0,0.0
8.0,7.0,80.830002,80.830002,80.830002,80.830002,0.0,0.0
8.0,6.0,80.830002,80.830002,80.830002,80.830002,0.0,0.0
8.0,5.0,81.5,81.5,80.830002,80.830002,1600.0,-0.6699980000000068
8.0,4.0,89.0,89.0,89.0,89.0,0.0,0.0
8.0,1.0,89.0,89.0,89.0,89.0,0.0,0.0
7.0,31.0,89.0,89.0,89.0,89.0,0.0,0.0
7.0,30.0,89.0,89.0,89.0,89.0,0.0,0.0
7.0,29.0,90.0,90.0,89.0,89.0,400.0,-1.0
7.0,28.0,93.809998,93.809998,93.809998,93.809998,0.0,0.0
7.0,25.0,93.809998,93.809998,93.809998,93.809998,300.0,0.0
7.0,24.0,93.400002,93.400002,93.400002,93.400002,0.0,0.0
7.0,23.0,93.400002,93.400002,93.400002,93.400002,0.0,0.0
7.0,22.0,93.400002,93.400002,93.400002,93.400002,0.0,0.0
7.0,21.0,93.400002,93.400002,93.400002,93.400002,0.0,0.0
7.0,18.0,93.400002,93.400002,93.400002,93.400002,0.0,0.0
7.0,17.0,93.400002,93.400002,93.400002,93.400002,0.0,0.0
7.0,16.0,93.400002,93.400002,93.400002,93.400002,0.0,0.0
7.0,15.0,93.400002,93.400002,93.400002,93.400002,0.0,0.0
7.0,14.0,93.400002,93.400002,93.400002,93.400002,0.0,0.0
7.0,11.0,94.050003,94.050003,93.400002,93.400002,400.0,-0.6500010000000032
7.0,10.0,92.290001,92.290001,92.290001,92.290001,0.0,0.0
7.0,9.0,92.290001,92.290001,92.290001,92.290001,0.0,0.0
7.0,8.0,92.290001,92.290001,92.290001,92.290001,0.0,0.0
7.0,7.0,92.290001,92.290001,92.290001,92.290001,0.0,0.0
7.0,3.0,92.290001,92.290001,92.290001,92.290001,0.0,0.0
7.0,2.0,92.289001,92.289001,92.289001,92.289001,0.0,0.0
7.0,1.0,92.290001,92.290001,92.290001,92.290001,0.0,0.0
6.0,30.0,92.290001,92.290001,92.290001,92.290001,0.0,0.0
6.0,27.0,92.290001,92.290001,92.290001,92.290001,300.0,0.0
6.0,26.0,91.419998,91.419998,91.419998,91.419998,0.0,0.0
6.0,25.0,91.150002,91.419998,91.150002,91.419998,800.0,0.2699960000000061
6.0,24.0,95.599998,95.599998,95.599998,95.599998,0.0,0.0
6.0,23.0,95.599998,95.599998,95.599998,95.599998,0.0,0.0
6.0,20.0,95.599998,95.599998,95.599998,95.599998,0.0,0.0
6.0,19.0,95.599998,95.599998,95.599998,95.599998,0.0,0.0
6.0,18.0,95.599998,95.599998,95.599998,95.599998,0.0,0.0
6.0,17.0,95.599998,95.599998,95.599998,95.599998,0.0,0.0
6.0,16.0,95.599998,95.599998,95.599998,95.599998,0.0,0.0
6.0,13.0,95.599998,95.599998,95.599998,95.599998,0.0,0.0
6.0,12.0,95.599998,95.599998,95.599998,95.599998,0.0,0.0
6.0,11.0,95.599998,95.599998,95.599998,95.599998,0.0,0.0
6.0,10.0,95.599998,95.599998,95.599998,95.599998,100.0,0.0
6.0,9.0,98.529999,98.529999,98.529999,98.529999,0.0,0.0
6.0,6.0,98.529999,98.529999,98.529999,98.529999,300.0,0.0
6.0,5.0,95.919998,95.919998,95.919998,95.919998,300.0,0.0
6.0,4.0,93.839996,93.839996,93.839996,93.839996,0.0,0.0
6.0,3.0,93.839996,93.839996,93.839996,93.839996,200.0,0.0
6.0,2.0,94.5,94.5,94.5,94.5,0.0,0.0
5.0,30.0,94.5,94.5,94.5,94.5,0.0,0.0
5.0,29.0,94.5,94.5,94.5,94.5,0.0,0.0
5.0,28.0,94.5,94.5,94.5,94.5,0.0,0.0
5.0,27.0,94.93,95.849998,94.5,94.5,800.0,-0.4300000000000068
5.0,23.0,94.5,94.5,94.5,94.5,0.0,0.0
5.0,22.0,94.5,94.5,94.5,94.5,0.0,0.0
5.0,21.0,94.5,94.5,94.5,94.5,0.0,0.0
5.0,20.0,94.5,94.5,94.5,94.5,0.0,0.0
5.0,19.0,94.5,94.5,94.5,94.5,0.0,0.0
5.0,16.0,94.5,94.5,94.5,94.5,0.0,0.0
5.0,15.0,94.5,94.5,94.5,94.5,0.0,0.0
5.0,14.0,94.5,94.5,94.5,94.5,0.0,0.0
5.0,13.0,94.5,94.5,94.5,94.5,0.0,0.0
5.0,12.0,94.5,94.5,94.5,94.5,0.0,0.0
5.0,9.0,94.5,94.5,94.5,94.5,100.0,0.0
5.0,8.0,94.93,94.93,94.93,94.93,0.0,0.0
5.0,7.0,94.93,94.93,94.93,94.93,0.0,0.0
5.0,6.0,94.93,94.93,94.93,94.93,0.0,0.0
5.0,5.0,94.93,94.93,94.93,94.93,200.0,0.0
5.0,2.0,97.5,97.5,97.5,97.5,300.0,0.0
5.0,1.0,97.050003,97.339996,97.050003,97.339996,400.0,0.2899929999999955
4.0,30.0,100.699997,100.699997,100.699997,100.699997,0.0,0.0
4.0,29.0,100.699997,100.699997,100.699997,100.699997,0.0,0.0
4.0,28.0,100.699997,100.699997,100.699997,100.699997,0.0,0.0
4.0,25.0,100.699997,100.699997,100.699997,100.699997,0.0,0.0
4.0,24.0,100.699997,100.699997,100.699997,100.699997,0.0,0.0
4.0,23.0,100.699997,100.699997,100.699997,100.699997,0.0,0.0
4.0,22.0,100.699997,100.699997,100.699997,100.699997,0.0,0.0
4.0,21.0,100.699997,100.699997,100.699997,100.699997,0.0,0.0
4.0,17.0,100.699997,100.699997,100.699997,100.699997,0.0,0.0
4.0,16.0,100.699997,100.699997,100.699997,100.699997,0.0,0.0
4.0,15.0,100.699997,100.699997,100.699997,100.699997,0.0,0.0
4.0,14.0,100.699997,100.699997,100.699997,100.699997,0.0,0.0
4.0,11.0,100.610001,100.699997,100.610001,100.699997,1800.0,0.0899959999999993
4.0,10.0,98.379997,98.379997,98.379997,98.379997,0.0,0.0
4.0,9.0,98.379997,98.379997,98.379997,98.379997,0.0,0.0
4.0,8.0,98.379997,98.379997,98.379997,98.379997,100.0,0.0
4.0,7.0,98.400002,98.400002,98.400002,98.400002,0.0,0.0
4.0,4.0,98.400002,98.400002,98.400002,98.400002,0.0,0.0
4.0,3.0,98.400002,98.400002,98.400002,98.400002,0.0,0.0
4.0,2.0,98.400002,98.400002,98.400002,98.400002,100.0,0.0
4.0,1.0,97.629997,97.629997,97.629997,97.629997,0.0,0.0
3.0,31.0,97.629997,97.629997,97.629997,97.629997,500.0,0.0
3.0,28.0,94.599998,94.599998,94.599998,94.599998,0.0,0.0
3.0,27.0,94.599998,94.599998,94.599998,94.599998,0.0,0.0
3.0,26.0,94.599998,94.599998,94.599998,94.599998,200.0,0.0
3.0,25.0,95.0,95.0,95.0,95.0,0.0,0.0
3.0,24.0,95.0,95.0,95.0,95.0,0.0,0.0
3.0,21.0,95.0,95.0,95.0,95.0,0.0,0.0
3.0,20.0,95.0,95.0,95.0,95.0,0.0,0.0
3.0,19.0,95.0,95.0,95.0,95.0,0.0,0.0
3.0,18.0,95.0,95.0,95.0,95.0,0.0,0.0
3.0,17.0,95.0,95.0,95.0,95.0,0.0,0.0
3.0,14.0,95.0,95.0,95.0,95.0,0.0,0.0
3.0,13.0,95.0,95.0,95.0,95.0,0.0,0.0
3.0,12.0,95.0,95.0,95.0,95.0,0.0,0.0
3.0,11.0,95.0,95.0,95.0,95.0,0.0,0.0
3.0,10.0,95.0,95.0,95.0,95.0,0.0,0.0
3.0,7.0,95.0,95.0,95.0,95.0,0.0,0.0
3.0,6.0,95.0,95.0,95.0,95.0,0.0,0.0
3.0,5.0,95.0,95.0,95.0,95.0,0.0,0.0
3.0,4.0,95.0,95.0,95.0,95.0,0.0,0.0
3.0,3.0,95.0,95.0,95.0,95.0,100.0,0.0
2.0,28.0,101.25,101.25,101.25,101.25,0.0,0.0
2.0,27.0,101.25,101.25,101.25,101.25,0.0,0.0
2.0,26.0,101.25,101.25,101.25,101.25,0.0,0.0
2.0,25.0,101.25,101.25,101.25,101.25,0.0,0.0
2.0,24.0,101.25,101.25,101.25,101.25,0.0,0.0
2.0,21.0,101.25,101.25,101.25,101.25,0.0,0.0
2.0,20.0,102.0,102.0,101.25,101.25,300.0,-0.75
2.0,19.0,100.25,100.25,100.25,100.25,0.0,0.0
2.0,18.0,100.25,100.25,100.25,100.25,100.0,0.0
2.0,14.0,86.75,86.75,86.75,86.75,0.0,0.0
2.0,13.0,86.75,86.75,86.75,86.75,0.0,0.0
2.0,12.0,86.75,86.75,86.75,86.75,0.0,0.0
2.0,11.0,86.75,86.75,86.75,86.75,0.0,0.0
2.0,10.0,86.75,86.75,86.75,86.75,2900.0,0.0
2.0,7.0,87.330002,87.330002,87.150002,87.150002,400.0,-0.1799999999999926
2.0,6.0,85.779999,85.779999,85.779999,85.779999,700.0,0.0
2.0,5.0,83.599998,83.599998,83.599998,83.599998,100.0,0.0
2.0,4.0,83.580002,83.580002,83.580002,83.580002,600.0,0.0
2.0,3.0,86.629997,86.629997,86.629997,86.629997,0.0,0.0
1.0,31.0,86.629997,86.629997,86.629997,86.629997,100.0,0.0
1.0,30.0,86.800003,86.800003,86.800003,86.800003,0.0,0.0
1.0,29.0,86.800003,86.800003,86.800003,86.800003,0.0,0.0
1.0,28.0,86.800003,86.800003,86.800003,86.800003,0.0,0.0
1.0,27.0,86.800003,86.800003,86.800003,86.800003,300.0,0.0
1.0,24.0,92.699997,92.699997,92.699997,92.699997,0.0,0.0
1.0,23.0,92.699997,92.699997,92.699997,92.699997,0.0,0.0
1.0,22.0,92.699997,92.699997,92.699997,92.699997,100.0,0.0
1.0,21.0,89.5,89.5,89.5,89.5,0.0,0.0
1.0,17.0,89.5,89.5,89.5,89.5,0.0,0.0
1.0,16.0,89.5,89.5,89.5,89.5,0.0,0.0
1.0,15.0,89.5,89.5,89.5,89.5,200.0,0.0
1.0,14.0,85.889999,85.889999,85.889999,85.889999,0.0,0.0
1.0,13.0,85.889999,85.889999,85.889999,85.889999,0.0,0.0
1.0,10.0,85.889999,85.889999,85.889999,85.889999,2500.0,0.0
1.0,9.0,80.25,80.25,80.25,80.25,0.0,0.0
1.0,8.0,80.25,80.25,80.25,80.25,0.0,0.0
1.0,7.0,80.25,80.25,80.25,80.25,0.0,0.0
1.0,6.0,80.25,80.25,80.25,80.25,0.0,0.0
1.0,3.0,80.25,80.25,80.25,80.25,0.0,0.0
1.0,2.0,80.25,80.25,80.25,80.25,0.0,0.0
12.0,31.0,80.25,80.25,80.25,80.25,0.0,0.0
12.0,30.0,80.25,80.25,80.25,80.25,100.0,0.0
12.0,27.0,80.449997,80.449997,80.449997,80.449997,1000.0,0.0
12.0,26.0,79.5,79.5,79.5,79.5,0.0,0.0
12.0,24.0,79.5,79.5,79.5,79.5,0.0,0.0
12.0,23.0,79.5,79.5,79.5,79.5,200.0,0.0
12.0,20.0,78.779999,78.779999,78.779999,78.779999,300.0,0.0
12.0,19.0,79.0,79.0,79.0,79.0,300.0,0.0
12.0,18.0,80.599998,80.599998,80.599998,80.599998,100.0,0.0
12.0,17.0,78.849998,78.849998,78.849998,78.849998,0.0,0.0
12.0,16.0,78.849998,78.849998,78.849998,78.849998,100.0,0.0
12.0,13.0,78.900002,78.900002,78.900002,78.900002,0.0,0.0
12.0,12.0,79.0,79.0,78.900002,78.900002,300.0,-0.09999799999999937
12.0,11.0,81.150002,81.230003,80.599998,80.599998,4000.0,-0.5500040000000013
12.0,10.0,81.5,81.5,81.5,81.5,100.0,0.0
12.0,9.0,84.5,84.5,84.5,84.5,0.0,0.0
12.0,6.0,84.5,84.5,84.5,84.5,0.0,0.0
12.0,5.0,84.5,84.5,84.5,84.5,0.0,0.0
12.0,4.0,84.5,84.5,84.5,84.5,0.0,0.0
12.0,3.0,84.5,84.5,84.5,84.5,200.0,0.0
12.0,2.0,88.150002,88.150002,88.150002,88.150002,0.0,0.0
11.0,29.0,88.150002,88.150002,88.150002,88.150002,0.0,0.0
11.0,27.0,88.150002,88.150002,88.150002,88.150002,500.0,0.0
11.0,26.0,87.0,87.0,87.0,87.0,0.0,0.0
11.0,25.0,87.0,87.0,87.0,87.0,0.0,0.0
11.0,22.0,87.400002,87.400002,87.0,87.0,900.0,-0.40000200000000063
11.0,21.0,84.349998,84.349998,84.349998,84.349998,700.0,0.0
11.0,20.0,84.809998,84.809998,84.809998,84.809998,0.0,0.0
11.0,19.0,84.809998,84.809998,84.809998,84.809998,0.0,0.0
11.0,18.0,84.809998,84.809998,84.809998,84.809998,100.0,0.0
11.0,15.0,83.25,83.25,83.25,83.25,7100.0,0.0
11.0,14.0,83.0,83.0,83.0,83.0,0.0,0.0
11.0,13.0,83.0,83.0,83.0,83.0,0.0,0.0
11.0,12.0,83.0,83.0,83.0,83.0,0.0,0.0
11.0,11.0,82.150002,83.0,82.150002,83.0,900.0,0.8499979999999994
11.0,8.0,81.449997,82.489998,81.449997,82.489998,300.0,1.0400010000000037
11.0,7.0,81.900002,81.900002,81.900002,81.900002,0.0,0.0
11.0,6.0,81.949997,82.050003,81.900002,81.900002,5900.0,-0.04999499999999557
11.0,5.0,80.25,80.25,80.25,80.25,100.0,0.0
11.0,4.0,89.25,89.25,89.25,89.25,0.0,0.0
11.0,1.0,89.25,89.25,89.25,89.25,0.0,0.0
10.0,31.0,89.25,89.25,89.25,89.25,0.0,0.0
10.0,30.0,89.25,89.25,89.25,89.25,0.0,0.0
10.0,29.0,89.25,89.25,89.25,89.25,800.0,0.0
10.0,28.0,90.349998,90.349998,90.349998,90.349998,0.0,0.0
10.0,25.0,90.349998,90.349998,90.349998,90.349998,0.0,0.0
10.0,24.0,90.349998,90.349998,90.349998,90.349998,0.0,0.0
10.0,23.0,90.349998,90.349998,90.349998,90.349998,0.0,0.0
10.0,22.0,90.349998,90.349998,90.349998,90.349998,0.0,0.0
10.0,21.0,90.349998,90.349998,90.349998,90.349998,0.0,0.0
10.0,18.0,90.349998,90.349998,90.349998,90.349998,0.0,0.0
10.0,17.0,90.349998,90.349998,90.349998,90.349998,0.0,0.0
10.0,16.0,90.349998,90.349998,90.349998,90.349998,100.0,0.0
10.0,15.0,88.800003,88.800003,88.800003,88.800003,0.0,0.0
10.0,14.0,88.800003,88.800003,88.800003,88.800003,700.0,0.0
10.0,11.0,88.099998,88.099998,88.099998,88.099998,1000.0,0.0
10.0,10.0,87.919998,88.0,85.0,88.0,4300.0,0.08000199999999325
10.0,9.0,83.849998,83.849998,83.849998,83.849998,0.0,0.0
10.0,8.0,83.849998,83.849998,83.849998,83.849998,0.0,0.0
10.0,7.0,83.199997,83.849998,83.199997,83.849998,600.0,0.6500010000000032
10.0,4.0,80.400002,80.400002,80.400002,80.400002,0.0,0.0
10.0,3.0,80.400002,80.400002,80.400002,80.400002,0.0,0.0
10.0,2.0,80.400002,80.400002,80.400002,80.400002,500.0,0.0
10.0,1.0,81.620003,81.620003,81.620003,81.620003,0.0,0.0
9.0,30.0,81.620003,81.620003,81.620003,81.620003,0.0,0.0
9.0,27.0,81.620003,81.620003,81.620003,81.620003,200.0,0.0
9.0,26.0,81.32,81.32,81.32,81.32,0.0,0.0
9.0,25.0,81.32,81.32,81.32,81.32,100.0,0.0
9.0,24.0,82.830002,82.830002,82.830002,82.830002,0.0,0.0
9.0,23.0,82.830002,82.830002,82.830002,82.830002,0.0,0.0
9.0,20.0,82.830002,82.830002,82.830002,82.830002,0.0,0.0
9.0,19.0,82.830002,82.830002,82.830002,82.830002,100.0,0.0
9.0,18.0,79.400002,79.400002,79.400002,79.400002,0.0,0.0
9.0,17.0,79.400002,79.400002,79.400002,79.400002,0.0,0.0
9.0,16.0,79.400002,79.400002,79.400002,79.400002,0.0,0.0
9.0,13.0,79.400002,79.400002,79.400002,79.400002,0.0,0.0
9.0,12.0,79.400002,79.400002,79.400002,79.400002,0.0,0.0
9.0,11.0,79.400002,79.400002,79.400002,79.400002,300.0,0.0
9.0,10.0,71.650002,71.650002,71.650002,71.650002,0.0,0.0
9.0,9.0,71.650002,71.650002,71.650002,71.650002,0.0,0.0
9.0,6.0,71.650002,71.650002,71.650002,71.650002,0.0,0.0
9.0,5.0,75.199997,75.199997,75.199997,75.199997,0.0,0.0
9.0,4.0,75.199997,75.199997,75.199997,75.199997,0.0,0.0
9.0,3.0,71.650002,71.650002,71.650002,71.650002,0.0,0.0
8.0,30.0,71.650002,71.650002,71.650002,71.650002,200.0,0.0
8.0,29.0,75.199997,75.199997,75.199997,75.199997,0.0,0.0
8.0,28.0,75.199997,75.199997,75.199997,75.199997,0.0,0.0
8.0,27.0,75.199997,75.199997,75.199997,75.199997,400.0,0.0
8.0,26.0,75.400002,75.400002,75.400002,75.400002,0.0,0.0
8.0,23.0,75.400002,75.400002,75.400002,75.400002,0.0,0.0
8.0,22.0,75.400002,75.400002,75.400002,75.400002,0.0,0.0
8.0,21.0,75.400002,75.400002,75.400002,75.400002,0.0,0.0
8.0,20.0,75.400002,75.400002,75.400002,75.400002,0.0,0.0
8.0,19.0,75.400002,75.400002,75.400002,75.400002,0.0,0.0
8.0,16.0,75.400002,75.400002,75.400002,75.400002,0.0,0.0
8.0,15.0,75.400002,75.400002,75.400002,75.400002,0.0,0.0
8.0,14.0,75.400002,75.400002,75.400002,75.400002,0.0,0.0
8.0,13.0,75.400002,75.400002,75.400002,75.400002,0.0,0.0
8.0,12.0,75.400002,75.400002,75.400002,75.400002,0.0,0.0
8.0,9.0,75.400002,75.400002,75.400002,75.400002,0.0,0.0
8.0,8.0,75.400002,75.400002,75.400002,75.400002,0.0,0.0
8.0,7.0,75.400002,75.400002,75.400002,75.400002,0.0,0.0
8.0,6.0,75.400002,75.400002,75.400002,75.400002,0.0,0.0
8.0,5.0,75.400002,75.400002,75.400002,75.400002,0.0,0.0
8.0,2.0,75.400002,75.400002,75.400002,75.400002,0.0,0.0
8.0,1.0,75.400002,75.400002,75.400002,75.400002,0.0,0.0
7.0,31.0,75.400002,75.400002,75.400002,75.400002,0.0,0.0
7.0,30.0,75.400002,75.400002,75.400002,75.400002,0.0,0.0
7.0,29.0,75.400002,75.400002,75.400002,75.400002,0.0,0.0
7.0,26.0,75.400002,75.400002,75.400002,75.400002,0.0,0.0
7.0,25.0,75.400002,75.400002,75.400002,75.400002,0.0,0.0
7.0,24.0,75.400002,75.400002,75.400002,75.400002,0.0,0.0
7.0,23.0,75.400002,75.400002,75.400002,75.400002,0.0,0.0
7.0,22.0,75.400002,75.400002,75.400002,75.400002,0.0,0.0
7.0,19.0,75.400002,75.400002,75.400002,75.400002,0.0,0.0
7.0,18.0,75.400002,75.400002,75.400002,75.400002,100.0,0.0
7.0,17.0,66.900002,66.900002,66.900002,66.900002,0.0,0.0
7.0,16.0,66.900002,66.900002,66.900002,66.900002,0.0,0.0
7.0,15.0,66.900002,66.900002,66.900002,66.900002,0.0,0.0
7.0,12.0,66.900002,66.900002,66.900002,66.900002,0.0,0.0
7.0,11.0,66.900002,66.900002,66.900002,66.900002,0.0,0.0
7.0,10.0,66.900002,66.900002,66.900002,66.900002,0.0,0.0
7.0,9.0,66.900002,66.900002,66.900002,66.900002,0.0,0.0
7.0,8.0,66.900002,66.900002,66.900002,66.900002,0.0,0.0
7.0,5.0,66.900002,66.900002,66.900002,66.900002,0.0,0.0
7.0,3.0,66.900002,66.900002,66.900002,66.900002,0.0,0.0
7.0,2.0,66.900002,66.900002,66.900002,66.900002,0.0,0.0
7.0,1.0,66.900002,66.900002,66.900002,66.900002,0.0,0.0
6.0,28.0,66.900002,66.900002,66.900002,66.900002,300.0,0.0
6.0,27.0,76.25,76.25,76.25,76.25,0.0,0.0
6.0,26.0,76.25,76.25,76.25,76.25,0.0,0.0
6.0,25.0,76.25,76.25,76.25,76.25,0.0,0.0
6.0,24.0,76.25,76.25,76.25,76.25,0.0,0.0
6.0,21.0,76.25,76.25,76.25,76.25,0.0,0.0
6.0,20.0,76.25,76.25,76.25,76.25,0.0,0.0
6.0,19.0,76.25,76.25,76.25,76.25,0.0,0.0
6.0,18.0,76.25,76.25,76.25,76.25,0.0,0.0
6.0,17.0,76.25,76.25,76.25,76.25,200.0,0.0
6.0,14.0,78.599998,78.599998,78.599998,78.599998,0.0,0.0
6.0,13.0,78.599998,78.599998,78.599998,78.599998,0.0,0.0
6.0,12.0,78.599998,78.599998,78.599998,78.599998,0.0,0.0
6.0,11.0,78.599998,78.599998,78.599998,78.599998,0.0,0.0
6.0,10.0,78.599998,78.599998,78.599998,78.599998,0.0,0.0
6.0,7.0,78.599998,78.599998,78.599998,78.599998,0.0,0.0
6.0,6.0,78.599998,78.599998,78.599998,78.599998,0.0,0.0
6.0,5.0,78.599998,78.599998,78.599998,78.599998,0.0,0.0
6.0,4.0,78.599998,78.599998,78.599998,78.599998,0.0,0.0
6.0,3.0,78.599998,78.599998,78.599998,78.599998,0.0,0.0
5.0,31.0,78.599998,78.599998,78.599998,78.599998,0.0,0.0
5.0,30.0,78.599998,78.599998,78.599998,78.599998,0.0,0.0
5.0,29.0,78.599998,78.599998,78.599998,78.599998,0.0,0.0
5.0,28.0,78.599998,78.599998,78.599998,78.599998,100.0,0.0
5.0,24.0,76.900002,76.900002,76.900002,76.900002,0.0,0.0
5.0,23.0,76.900002,76.900002,76.900002,76.900002,200.0,0.0
5.0,22.0,75.992996,75.992996,75.992996,75.992996,0.0,0.0
5.0,21.0,75.992996,75.992996,75.992996,75.992996,0.0,0.0
5.0,20.0,75.992996,75.992996,75.992996,75.992996,0.0,0.0
5.0,17.0,75.992996,75.992996,75.992996,75.992996,0.0,0.0
5.0,16.0,75.992996,75.992996,75.992996,75.992996,7000.0,0.0
5.0,15.0,67.0,67.0,67.0,67.0,0.0,0.0
5.0,14.0,67.0,67.0,67.0,67.0,0.0,0.0
5.0,13.0,67.0,67.0,67.0,67.0,0.0,0.0
5.0,10.0,67.0,67.0,67.0,67.0,2000.0,0.0
5.0,9.0,70.5,70.5,70.5,70.5,0.0,0.0
5.0,8.0,70.5,70.5,70.5,70.5,0.0,0.0
5.0,7.0,70.5,70.5,70.5,70.5,200.0,0.0
5.0,6.0,70.699997,70.699997,70.699997,70.699997,0.0,0.0
5.0,3.0,70.699997,70.699997,70.699997,70.699997,0.0,0.0
5.0,2.0,70.699997,70.699997,70.699997,70.699997,0.0,0.0
5.0,1.0,70.699997,70.699997,70.699997,70.699997,0.0,0.0
4.0,30.0,70.699997,70.699997,70.699997,70.699997,0.0,0.0
4.0,29.0,70.699997,70.699997,70.699997,70.699997,100.0,0.0
4.0,26.0,68.0,68.0,68.0,68.0,600.0,0.0
4.0,25.0,62.5,62.5,62.5,62.5,0.0,0.0
4.0,24.0,62.5,62.5,62.5,62.5,0.0,0.0
4.0,23.0,62.5,62.5,62.5,62.5,0.0,0.0
4.0,22.0,62.5,62.5,62.5,62.5,0.0,0.0
4.0,19.0,62.5,62.5,62.5,62.5,0.0,0.0
4.0,18.0,62.5,62.5,62.5,62.5,0.0,0.0
4.0,17.0,62.5,62.5,62.5,62.5,0.0,0.0
4.0,16.0,62.5,62.5,62.5,62.5,0.0,0.0
4.0,15.0,62.5,62.5,62.5,62.5,100.0,0.0
4.0,12.0,66.102997,66.102997,66.102997,66.102997,0.0,0.0
4.0,11.0,66.102997,66.102997,66.102997,66.102997,200.0,0.0
4.0,10.0,64.589996,64.589996,64.589996,64.589996,0.0,0.0
4.0,9.0,64.589996,64.589996,64.589996,64.589996,0.0,0.0
4.0,8.0,64.589996,64.589996,64.589996,64.589996,0.0,0.0
4.0,5.0,64.589996,64.589996,64.589996,64.589996,600.0,0.0
4.0,4.0,62.700001,62.700001,62.700001,62.700001,0.0,0.0
4.0,3.0,62.700001,62.700001,62.700001,62.700001,0.0,0.0
4.0,2.0,62.700001,62.700001,62.700001,62.700001,100.0,0.0
4.0,1.0,64.0,64.0,64.0,64.0,0.0,0.0
3.0,28.0,64.0,64.0,64.0,64.0,0.0,0.0
3.0,27.0,64.0,64.0,64.0,64.0,0.0,0.0
3.0,26.0,64.0,64.0,64.0,64.0,0.0,0.0
3.0,25.0,64.0,64.0,64.0,64.0,100.0,0.0
3.0,22.0,70.25,70.25,70.25,70.25,0.0,0.0
3.0,21.0,70.25,70.25,70.25,70.25,0.0,0.0
3.0,20.0,70.25,70.25,70.25,70.25,0.0,0.0
3.0,19.0,70.25,70.25,70.25,70.25,0.0,0.0
3.0,18.0,70.25,70.25,70.25,70.25,0.0,0.0
3.0,15.0,70.25,70.25,70.25,70.25,0.0,0.0
3.0,14.0,70.25,70.25,70.25,70.25,0.0,0.0
3.0,13.0,70.25,70.25,70.25,70.25,0.0,0.0
3.0,12.0,70.203003,70.25,70.203003,70.25,200.0,0.04699700000000462
3.0,11.0,69.082001,69.082001,69.082001,69.082001,0.0,0.0
3.0,8.0,69.082001,69.082001,69.082001,69.082001,100.0,0.0
3.0,7.0,67.5,67.5,67.5,67.5,100.0,0.0
3.0,6.0,65.18,65.18,65.18,65.18,0.0,0.0
3.0,5.0,65.18,65.18,65.18,65.18,300.0,0.0
3.0,4.0,62.75,62.75,62.75,62.75,0.0,0.0
3.0,1.0,62.75,62.75,62.75,62.75,100.0,0.0
2.0,28.0,63.577999,63.577999,63.577999,63.577999,200.0,0.0
2.0,27.0,60.950001,60.950001,60.950001,60.950001,500.0,0.0
2.0,26.0,65.0,65.0,65.0,65.0,0.0,0.0
2.0,25.0,65.0,65.0,65.0,65.0,0.0,0.0
2.0,22.0,65.0,65.0,65.0,65.0,0.0,0.0
2.0,21.0,65.0,65.0,65.0,65.0,0.0,0.0
2.0,20.0,65.682999,65.75,65.0,65.0,2700.0,-0.6829989999999952
2.0,19.0,62.0,62.0,62.0,62.0,0.0,0.0
2.0,15.0,62.0,62.0,62.0,62.0,0.0,0.0
2.0,14.0,62.0,62.0,62.0,62.0,400.0,0.0
2.0,13.0,57.849998,57.849998,57.849998,57.849998,500.0,0.0
2.0,12.0,60.599998,60.599998,60.599998,60.599998,0.0,0.0
2.0,11.0,60.599998,60.599998,60.599998,60.599998,0.0,0.0
2.0,8.0,60.599998,60.599998,60.599998,60.599998,0.0,0.0
2.0,7.0,60.599998,60.599998,60.599998,60.599998,0.0,0.0
2.0,6.0,60.599998,60.599998,60.599998,60.599998,0.0,0.0
2.0,5.0,60.599998,60.599998,60.599998,60.599998,0.0,0.0
2.0,4.0,60.599998,60.599998,60.599998,60.599998,0.0,0.0
2.0,1.0,60.599998,60.599998,60.599998,60.599998,0.0,0.0
1.0,31.0,60.599998,60.599998,60.599998,60.599998,400.0,0.0
1.0,30.0,60.831001,60.831001,60.831001,60.831001,1000.0,0.0
1.0,29.0,58.601002,58.601002,58.601002,58.601002,0.0,0.0
1.0,28.0,58.601002,58.601002,58.601002,58.601002,0.0,0.0
1.0,25.0,58.601002,58.601002,58.601002,58.601002,1400.0,0.0
1.0,24.0,57.0,57.0,57.0,57.0,200.0,0.0
1.0,23.0,57.68,57.68,57.68,57.68,0.0,0.0
1.0,22.0,57.68,57.68,57.68,57.68,0.0,0.0
1.0,18.0,57.438,57.68,57.400002,57.68,700.0,0.24199999999999733
1.0,17.0,54.75,54.75,54.75,54.75,0.0,0.0
1.0,16.0,54.650002,54.75,54.650002,54.75,700.0,0.09999799999999937
1.0,15.0,55.450001,55.450001,55.450001,55.450001,0.0,0.0
1.0,14.0,55.450001,55.450001,55.450001,55.450001,0.0,0.0
1.0,11.0,55.450001,55.450001,55.450001,55.450001,0.0,0.0
1.0,10.0,55.450001,55.450001,55.450001,55.450001,0.0,0.0
1.0,9.0,55.450001,55.450001,55.450001,55.450001,0.0,0.0
1.0,8.0,55.450001,55.450001,55.450001,55.450001,0.0,0.0
1.0,7.0,55.450001,55.450001,55.450001,55.450001,0.0,0.0
1.0,4.0,55.450001,55.450001,55.450001,55.450001,0.0,0.0
1.0,3.0,55.450001,55.450001,55.450001,55.450001,0.0,0.0
1.0,2.0,55.450001,55.450001,55.450001,55.450001,0.0,0.0
12.0,31.0,55.450001,55.450001,55.450001,55.450001,0.0,0.0
12.0,28.0,55.450001,55.450001,55.450001,55.450001,0.0,0.0
12.0,27.0,55.450001,55.450001,55.450001,55.450001,0.0,0.0
12.0,26.0,55.450001,55.450001,55.450001,55.450001,0.0,0.0
12.0,24.0,55.450001,55.450001,55.450001,55.450001,0.0,0.0
12.0,21.0,55.450001,55.450001,55.450001,55.450001,0.0,0.0
12.0,20.0,55.450001,55.450001,55.450001,55.450001,0.0,0.0
12.0,19.0,55.541,55.541,55.450001,55.450001,300.0,-0.0909989999999965
12.0,18.0,54.0,54.0,54.0,54.0,300.0,0.0
12.0,17.0,55.0,55.0,55.0,55.0,100.0,0.0
12.0,14.0,50.122002,50.122002,50.122002,50.122002,0.0,0.0
12.0,13.0,50.122002,50.122002,50.122002,50.122002,0.0,0.0
12.0,12.0,50.122002,50.122002,50.122002,50.122002,0.0,0.0
12.0,11.0,50.122002,50.122002,50.122002,50.122002,0.0,0.0
12.0,10.0,50.122002,50.122002,50.122002,50.122002,29300.0,0.0
12.0,7.0,48.950001,48.950001,48.950001,48.950001,0.0,0.0
12.0,6.0,48.950001,48.950001,48.950001,48.950001,0.0,0.0
12.0,5.0,48.950001,48.950001,48.950001,48.950001,0.0,0.0
12.0,4.0,48.950001,48.950001,48.950001,48.950001,100.0,0.0
12.0,3.0,49.273998,49.273998,49.273998,49.273998,134600.0,0.0
11.0,30.0,50.556999,50.556999,50.556999,50.556999,1000.0,0.0
11.0,29.0,49.0,49.0,49.0,49.0,0.0,0.0
11.0,28.0,49.0,49.0,49.0,49.0,0.0,0.0
11.0,27.0,49.0,49.0,49.0,49.0,100.0,0.0
11.0,26.0,47.882999,47.882999,47.882999,47.882999,0.0,0.0
11.0,23.0,47.882999,47.882999,47.882999,47.882999,0.0,0.0
11.0,21.0,47.882999,47.882999,47.882999,47.882999,100.0,0.0
11.0,20.0,45.349998,45.349998,45.349998,45.349998,200.0,0.0
11.0,19.0,46.299999,46.299999,46.299999,46.299999,500.0,0.0
11.0,16.0,43.400002,43.400002,43.400002,43.400002,100.0,0.0
11.0,15.0,42.950001,42.950001,42.950001,42.950001,0.0,0.0
11.0,14.0,42.950001,42.950001,42.950001,42.950001,0.0,0.0
11.0,13.0,42.950001,42.950001,42.950001,42.950001,200.0,0.0
11.0,12.0,45.0,45.0,45.0,45.0,0.0,0.0
11.0,9.0,45.0,45.0,45.0,45.0,0.0,0.0
11.0,8.0,45.0,45.0,45.0,45.0,0.0,0.0
11.0,7.0,45.0,45.0,45.0,45.0,0.0,0.0
11.0,6.0,45.0,45.0,45.0,45.0,0.0,0.0
11.0,5.0,45.0,45.0,45.0,45.0,0.0,0.0
11.0,2.0,45.0,45.0,45.0,45.0,0.0,0.0
11.0,1.0,45.0,45.0,45.0,45.0,0.0,0.0
10.0,31.0,45.0,45.0,45.0,45.0,1400.0,0.0
10.0,26.0,48.049999,48.049999,48.049999,48.049999,0.0,0.0
10.0,25.0,48.049999,48.049999,48.049999,48.049999,0.0,0.0
10.0,24.0,48.049999,48.049999,48.049999,48.049999,0.0,0.0
10.0,23.0,48.049999,48.049999,48.049999,48.049999,0.0,0.0
10.0,22.0,48.049999,48.049999,48.049999,48.049999,0.0,0.0
10.0,19.0,48.049999,48.049999,48.049999,48.049999,0.0,0.0
10.0,18.0,48.049999,48.049999,48.049999,48.049999,0.0,0.0
10.0,17.0,48.049999,48.049999,48.049999,48.049999,100.0,0.0
10.0,16.0,44.75,44.75,44.75,44.75,0.0,0.0
10.0,15.0,44.75,44.75,44.75,44.75,0.0,0.0
10.0,12.0,44.75,44.75,44.75,44.75,100.0,0.0
10.0,11.0,45.849998,45.849998,45.849998,45.849998,0.0,0.0
10.0,10.0,45.849998,45.849998,45.849998,45.849998,0.0,0.0
10.0,9.0,45.849998,45.849998,45.849998,45.849998,0.0,0.0
10.0,8.0,46.48,46.48,45.849998,45.849998,300.0,-0.6300019999999975
10.0,5.0,47.5,47.5,47.5,47.5,200.0,0.0
10.0,4.0,46.849998,46.849998,46.849998,46.849998,0.0,0.0
10.0,3.0,46.849998,46.849998,46.849998,46.849998,0.0,0.0
10.0,2.0,46.849998,46.849998,46.849998,46.849998,0.0,0.0
10.0,1.0,47.355999,47.355999,46.849998,46.849998,600.0,-0.5060009999999977
9.0,28.0,51.150002,51.150002,51.150002,51.150002,0.0,0.0
9.0,27.0,51.150002,51.150002,51.150002,51.150002,0.0,0.0
9.0,26.0,51.150002,51.150002,51.150002,51.150002,0.0,0.0
9.0,25.0,51.150002,51.150002,51.150002,51.150002,0.0,0.0
9.0,24.0,51.150002,51.150002,51.150002,51.150002,0.0,0.0
9.0,21.0,51.150002,51.150002,51.150002,51.150002,500.0,0.0
9.0,20.0,51.351002,51.351002,51.351002,51.351002,0.0,0.0
9.0,19.0,51.351002,51.351002,51.351002,51.351002,200.0,0.0
9.0,18.0,53.348999,53.348999,53.348999,53.348999,0.0,0.0
9.0,17.0,53.423,53.423,53.348999,53.348999,2700.0,-0.07400100000000265
9.0,14.0,45.312,45.312,45.312,45.312,0.0,0.0
9.0,13.0,45.312,45.312,45.312,45.312,0.0,0.0
9.0,12.0,45.312,45.312,45.312,45.312,0.0,0.0
9.0,11.0,45.312,45.312,45.312,45.312,0.0,0.0
9.0,10.0,45.312,45.312,45.312,45.312,0.0,0.0
9.0,7.0,45.312,45.312,45.312,45.312,0.0,0.0
9.0,6.0,45.312,45.312,45.312,45.312,100.0,0.0
9.0,5.0,46.25,46.25,46.25,46.25,0.0,0.0
9.0,4.0,46.25,46.25,46.25,46.25,0.0,0.0
8.0,31.0,46.25,46.25,46.25,46.25,0.0,0.0
8.0,30.0,46.25,46.25,46.25,46.25,0.0,0.0
8.0,29.0,46.25,46.25,46.25,46.25,0.0,0.0
8.0,28.0,46.25,46.25,46.25,46.25,0.0,0.0
8.0,27.0,46.25,46.25,46.25,46.25,0.0,0.0
8.0,24.0,46.25,46.25,46.25,46.25,0.0,0.0
8.0,23.0,46.25,46.25,46.25,46.25,0.0,0.0
8.0,22.0,46.25,46.25,46.25,46.25,0.0,0.0
8.0,21.0,46.25,46.25,46.25,46.25,0.0,0.0
8.0,20.0,46.25,46.25,46.25,46.25,0.0,0.0
8.0,17.0,46.25,46.25,46.25,46.25,0.0,0.0
8.0,16.0,46.25,46.25,46.25,46.25,0.0,0.0
8.0,15.0,46.25,46.25,46.25,46.25,0.0,0.0
8.0,14.0,46.25,46.25,46.25,46.25,0.0,0.0
8.0,13.0,46.25,46.25,46.25,46.25,0.0,0.0
8.0,10.0,46.25,46.25,46.25,46.25,0.0,0.0
8.0,9.0,46.25,46.25,46.25,46.25,0.0,0.0
8.0,8.0,46.25,46.25,46.25,46.25,0.0,0.0
8.0,7.0,46.25,46.25,46.25,46.25,100.0,0.0
8.0,6.0,44.799999,44.799999,44.799999,44.799999,500.0,0.0
8.0,3.0,44.150002,44.150002,44.150002,44.150002,0.0,0.0
