6.0,19.0,1.0E-4,1.0E-4,1.0E-4,1.0E-4,0.0,0.0
6.0,18.0,1.0E-4,1.0E-4,1.0E-4,1.0E-4,0.0,0.0
6.0,17.0,1.0E-4,1.0E-4,1.0E-4,1.0E-4,0.0,0.0
6.0,16.0,1.0E-4,1.0E-4,1.0E-4,1.0E-4,0.0,0.0
6.0,15.0,1.0E-4,1.0E-4,1.0E-4,1.0E-4,0.0,0.0
6.0,12.0,1.0E-4,1.0E-4,1.0E-4,1.0E-4,0.0,0.0
6.0,11.0,1.0E-4,1.0E-4,1.0E-4,1.0E-4,0.0,0.0
6.0,10.0,1.0E-4,1.0E-4,1.0E-4,1.0E-4,0.0,0.0
6.0,9.0,1.0E-4,1.0E-4,1.0E-4,1.0E-4,0.0,0.0
6.0,8.0,1.0E-4,1.0E-4,1.0E-4,1.0E-4,0.0,0.0
6.0,5.0,1.0E-4,1.0E-4,1.0E-4,1.0E-4,0.0,0.0
6.0,4.0,1.0E-4,1.0E-4,1.0E-4,1.0E-4,0.0,0.0
6.0,3.0,1.0E-4,1.0E-4,1.0E-4,1.0E-4,0.0,0.0
6.0,2.0,1.0E-4,1.0E-4,1.0E-4,1.0E-4,0.0,0.0
6.0,1.0,1.0E-4,1.0E-4,1.0E-4,1.0E-4,0.0,0.0
5.0,29.0,1.0E-4,1.0E-4,1.0E-4,1.0E-4,0.0,0.0
5.0,28.0,1.0E-4,1.0E-4,1.0E-4,1.0E-4,0.0,0.0
5.0,27.0,1.0E-4,1.0E-4,1.0E-4,1.0E-4,300000.0,0.0
5.0,26.0,1.0E-4,1.0E-4,1.0E-4,1.0E-4,0.0,0.0
5.0,25.0,1.0E-4,1.0E-4,1.0E-4,1.0E-4,0.0,0.0
5.0,22.0,1.0E-4,1.0E-4,1.0E-4,1.0E-4,0.0,0.0
5.0,21.0,1.0E-4,1.0E-4,1.0E-4,1.0E-4,0.0,0.0
5.0,20.0,1.0E-4,1.0E-4,1.0E-4,1.0E-4,0.0,0.0
5.0,19.0,1.0E-4,1.0E-4,1.0E-4,1.0E-4,0.0,0.0
5.0,18.0,1.0E-4,1.0E-4,1.0E-4,1.0E-4,0.0,0.0
5.0,15.0,1.0E-4,1.0E-4,1.0E-4,1.0E-4,0.0,0.0
5.0,14.0,1.0E-4,1.0E-4,1.0E-4,1.0E-4,0.0,0.0
5.0,13.0,1.0E-4,1.0E-4,1.0E-4,1.0E-4,0.0,0.0
5.0,12.0,1.0E-4,1.0E-4,1.0E-4,1.0E-4,0.0,0.0
5.0,11.0,1.0E-4,1.0E-4,1.0E-4,1.0E-4,0.0,0.0
5.0,8.0,1.0E-4,1.0E-4,1.0E-4,1.0E-4,0.0,0.0
5.0,7.0,1.0E-4,1.0E-4,1.0E-4,1.0E-4,0.0,0.0
5.0,6.0,1.0E-4,1.0E-4,1.0E-4,1.0E-4,0.0,0.0
5.0,5.0,0.0054,0.0054,0.0054,0.0054,0.0,0.0
5.0,4.0,0.0054,0.0054,0.0054,0.0054,0.0,0.0
5.0,1.0,0.0054,0.0054,0.0054,0.0054,0.0,0.0
4.0,30.0,0.0054,0.0054,0.0054,0.0054,0.0,0.0
4.0,29.0,0.0054,0.0054,0.0054,0.0054,0.0,0.0
4.0,28.0,0.0054,0.0054,0.0054,0.0054,0.0,0.0
4.0,27.0,0.0054,0.0054,0.0054,0.0054,0.0,0.0
4.0,24.0,0.0054,0.0054,0.0054,0.0054,0.0,0.0
4.0,23.0,0.0054,0.0054,0.0054,0.0054,0.0,0.0
4.0,22.0,0.0054,0.0054,0.0054,0.0054,0.0,0.0
4.0,21.0,0.0054,0.0054,0.0054,0.0054,0.0,0.0
4.0,20.0,0.0054,0.0054,0.0054,0.0054,0.0,0.0
4.0,17.0,0.0054,0.0054,0.0054,0.0054,0.0,0.0
4.0,16.0,0.0054,0.0054,0.0054,0.0054,0.0,0.0
4.0,15.0,0.0054,0.0054,0.0054,0.0054,0.0,0.0
4.0,14.0,0.0054,0.0054,0.0054,0.0054,0.0,0.0
4.0,13.0,0.0054,0.0054,0.0054,0.0054,0.0,0.0
4.0,10.0,0.0054,0.0054,0.0054,0.0054,0.0,0.0
4.0,9.0,0.0054,0.0054,0.0054,0.0054,0.0,0.0
4.0,8.0,0.0054,0.0054,0.0054,0.0054,0.0,0.0
4.0,7.0,0.0054,0.0054,0.0054,0.0054,0.0,0.0
4.0,6.0,0.0054,0.0054,0.0054,0.0054,0.0,0.0
4.0,3.0,0.0054,0.0054,0.0054,0.0054,0.0,0.0
4.0,2.0,0.0054,0.0054,0.0054,0.0054,0.0,0.0
4.0,1.0,0.0054,0.0054,0.0054,0.0054,0.0,0.0
3.0,31.0,0.0054,0.0054,0.0054,0.0054,0.0,0.0
3.0,30.0,0.0054,0.0054,0.0054,0.0054,0.0,0.0
3.0,27.0,0.0054,0.0054,0.0054,0.0054,0.0,0.0
3.0,26.0,0.0054,0.0054,0.0054,0.0054,0.0,0.0
3.0,25.0,0.0054,0.0054,0.0054,0.0054,75000.0,0.0
3.0,24.0,0.0055,0.0055,0.0055,0.0055,0.0,0.0
3.0,23.0,0.0055,0.0055,0.0055,0.0055,0.0,0.0
3.0,20.0,0.0055,0.0055,0.0055,0.0055,0.0,0.0
3.0,19.0,0.0055,0.0055,0.0055,0.0055,0.0,0.0
3.0,18.0,0.0055,0.0055,0.0055,0.0055,0.0,0.0
3.0,17.0,0.0055,0.0055,0.0055,0.0055,0.0,0.0
3.0,16.0,0.0055,0.0055,0.0055,0.0055,0.0,0.0
3.0,13.0,0.0055,0.0055,0.0055,0.0055,0.0,0.0
3.0,12.0,0.0055,0.0055,0.0055,0.0055,0.0,0.0
3.0,11.0,0.0055,0.0055,0.0055,0.0055,0.0,0.0
3.0,10.0,0.0055,0.0055,0.0055,0.0055,0.0,0.0
3.0,9.0,0.0055,0.0055,0.0055,0.0055,0.0,0.0
3.0,6.0,0.0055,0.0055,0.0055,0.0055,0.0,0.0
3.0,5.0,0.0055,0.0055,0.0055,0.0055,0.0,0.0
3.0,4.0,0.0055,0.0055,0.0055,0.0055,0.0,0.0
3.0,3.0,0.0055,0.0055,0.0055,0.0055,0.0,0.0
3.0,2.0,0.0055,0.0055,0.0055,0.0055,0.0,0.0
2.0,27.0,0.0055,0.0055,0.0055,0.0055,0.0,0.0
2.0,26.0,0.0055,0.0055,0.0055,0.0055,0.0,0.0
2.0,25.0,0.0055,0.0055,0.0055,0.0055,0.0,0.0
2.0,24.0,0.004,0.0055,0.004,0.0055,35000.0,0.0014999999999999996
2.0,23.0,0.0035,0.005,0.0035,0.005,229800.0,0.0015
2.0,20.0,0.006,0.006,0.006,0.006,0.0,0.0
2.0,19.0,0.006,0.006,0.006,0.006,0.0,0.0
2.0,18.0,0.006,0.006,0.006,0.006,0.0,0.0
2.0,17.0,0.006,0.006,0.006,0.006,0.0,0.0
2.0,16.0,0.006,0.006,0.006,0.006,0.0,0.0
2.0,13.0,0.006,0.006,0.006,0.006,0.0,0.0
2.0,12.0,0.006,0.006,0.006,0.006,0.0,0.0
2.0,11.0,0.006,0.006,0.006,0.006,0.0,0.0
2.0,10.0,0.004,0.006,0.004,0.006,29000.0,0.002
2.0,9.0,0.006,0.006,0.006,0.006,5000.0,0.0
2.0,6.0,0.003,0.0075,0.003,0.0075,10100.0,0.0045
2.0,5.0,0.0075,0.0075,0.0075,0.0075,0.0,0.0
2.0,4.0,0.0075,0.0075,0.0075,0.0075,0.0,0.0
2.0,3.0,0.0075,0.0075,0.0075,0.0075,0.0,0.0
2.0,2.0,0.0035,0.0075,0.0035,0.0075,15000.0,0.004
1.0,30.0,0.0083,0.0083,0.0083,0.0083,0.0,0.0
1.0,29.0,0.0083,0.0083,0.0083,0.0083,0.0,0.0
1.0,28.0,0.0083,0.0083,0.0083,0.0083,0.0,0.0
1.0,27.0,0.0083,0.0083,0.0083,0.0083,0.0,0.0
1.0,26.0,0.0083,0.0083,0.0083,0.0083,0.0,0.0
1.0,23.0,0.0028,0.0083,0.0028,0.0083,20000.0,0.0055
1.0,22.0,0.00495,0.0085,0.004,0.0041,855000.0,-8.500000000000001E-4
1.0,21.0,0.009,0.009,0.005,0.005,190000.0,-0.003999999999999999
1.0,20.0,0.0084,0.0117,0.006,0.01103,510500.0,0.0026300000000000004
1.0,19.0,0.0119,0.0119,0.0119,0.0119,0.0,0.0
1.0,16.0,0.0119,0.0119,0.0119,0.0119,0.0,0.0
1.0,15.0,0.0119,0.0119,0.0119,0.0119,0.0,0.0
1.0,14.0,0.0119,0.0119,0.0119,0.0119,0.0,0.0
1.0,13.0,0.0119,0.0119,0.0119,0.0119,0.0,0.0
1.0,12.0,0.0119,0.0119,0.0119,0.0119,0.0,0.0
1.0,9.0,0.0082,0.0119,0.0082,0.0119,14000.0,0.0037
1.0,8.0,0.0124,0.0124,0.0124,0.0124,0.0,0.0
1.0,7.0,0.0124,0.0124,0.0124,0.0124,0.0,0.0
1.0,6.0,0.0124,0.0124,0.0124,0.0124,0.0,0.0
1.0,5.0,0.009,0.0124,0.009,0.0124,308000.0,0.0034000000000000002
1.0,2.0,0.0119,0.0119,0.0119,0.0119,4000.0,0.0
1.0,1.0,0.0119,0.0119,0.0119,0.0119,0.0,0.0
12.0,31.0,0.0119,0.0119,0.0119,0.0119,10000.0,0.0
12.0,30.0,0.0105,0.0105,0.01,0.01,180000.0,-5.000000000000004E-4
12.0,29.0,0.0125,0.0125,0.01,0.01,413500.0,-0.0025000000000000005
12.0,26.0,0.0114,0.0125,0.011,0.0124,139900.0,9.999999999999992E-4
12.0,25.0,0.011,0.011,0.011,0.011,0.0,0.0
12.0,24.0,0.0113,0.0128,0.011,0.011,445000.0,-2.999999999999999E-4
12.0,23.0,0.0112,0.0129,0.0112,0.0129,60000.0,0.0017000000000000001
12.0,22.0,0.0126,0.0126,0.0126,0.0126,20000.0,0.0
12.0,19.0,0.0128,0.0141,0.0089,0.0125,1079100.0,-2.999999999999999E-4
12.0,18.0,0.0125,0.013,0.01235,0.013,39500.0,4.999999999999987E-4
12.0,17.0,0.012,0.01345,0.01,0.011,126500.0,-0.0010000000000000009
12.0,16.0,0.0102,0.014,0.0102,0.0139,720000.0,0.0036999999999999984
12.0,15.0,0.008,0.011,0.008,0.011,184900.0,0.002999999999999999
12.0,12.0,0.008,0.01,0.008,0.00935,160000.0,0.0013500000000000005
12.0,11.0,0.01,0.01,0.0075,0.01,335000.0,0.0
12.0,10.0,0.0055,0.0105,0.0055,0.0105,2133000.0,0.005000000000000001
12.0,9.0,0.0063,0.0086,0.0041,0.0061,1799500.0,-1.9999999999999966E-4
12.0,8.0,0.004,0.00645,0.00305,0.006,3459600.0,0.002
12.0,5.0,8.0E-4,0.0065,8.0E-4,0.0043,1.35383E7,0.0035
12.0,4.0,7.0E-4,8.0E-4,7.0E-4,8.0E-4,1000000.0,1.0000000000000005E-4
12.0,3.0,7.0E-4,7.0E-4,7.0E-4,7.0E-4,0.0,0.0
12.0,2.0,7.0E-4,7.0E-4,7.0E-4,7.0E-4,0.0,0.0
12.0,1.0,7.0E-4,7.0E-4,7.0E-4,7.0E-4,180000.0,0.0
11.0,28.0,4.0E-4,4.0E-4,4.0E-4,4.0E-4,0.0,0.0
11.0,27.0,4.0E-4,4.0E-4,4.0E-4,4.0E-4,0.0,0.0
11.0,26.0,4.0E-4,4.0E-4,4.0E-4,4.0E-4,0.0,0.0
11.0,25.0,4.0E-4,4.0E-4,4.0E-4,4.0E-4,0.0,0.0
11.0,24.0,4.0E-4,4.0E-4,4.0E-4,4.0E-4,0.0,0.0
11.0,21.0,4.0E-4,4.0E-4,4.0E-4,4.0E-4,0.0,0.0
11.0,20.0,4.0E-4,4.0E-4,4.0E-4,4.0E-4,0.0,0.0
11.0,19.0,4.0E-4,4.0E-4,4.0E-4,4.0E-4,10000.0,0.0
11.0,18.0,7.0E-4,7.0E-4,7.0E-4,7.0E-4,0.0,0.0
11.0,17.0,7.0E-4,7.0E-4,7.0E-4,7.0E-4,0.0,0.0
11.0,14.0,7.0E-4,7.0E-4,7.0E-4,7.0E-4,0.0,0.0
11.0,13.0,7.0E-4,7.0E-4,7.0E-4,7.0E-4,0.0,0.0
11.0,12.0,7.0E-4,7.0E-4,7.0E-4,7.0E-4,0.0,0.0
11.0,11.0,7.0E-4,7.0E-4,7.0E-4,7.0E-4,0.0,0.0
11.0,10.0,7.0E-4,7.0E-4,7.0E-4,7.0E-4,0.0,0.0
11.0,7.0,7.0E-4,7.0E-4,7.0E-4,7.0E-4,0.0,0.0
11.0,6.0,8.0E-4,8.0E-4,7.0E-4,7.0E-4,110000.0,-1.0000000000000005E-4
11.0,5.0,5.0E-4,5.0E-4,5.0E-4,5.0E-4,0.0,0.0
11.0,4.0,5.0E-4,5.0E-4,5.0E-4,5.0E-4,0.0,0.0
11.0,3.0,5.0E-4,5.0E-4,5.0E-4,5.0E-4,0.0,0.0
10.0,31.0,5.0E-4,5.0E-4,5.0E-4,5.0E-4,0.0,0.0
10.0,30.0,5.0E-4,5.0E-4,5.0E-4,5.0E-4,0.0,0.0
10.0,29.0,5.0E-4,5.0E-4,5.0E-4,5.0E-4,0.0,0.0
10.0,28.0,5.0E-4,5.0E-4,5.0E-4,5.0E-4,0.0,0.0
10.0,27.0,5.0E-4,5.0E-4,5.0E-4,5.0E-4,0.0,0.0
10.0,24.0,5.0E-4,5.0E-4,5.0E-4,5.0E-4,0.0,0.0
10.0,23.0,6.0E-4,6.0E-4,5.0E-4,5.0E-4,1610000.0,-9.999999999999994E-5
10.0,22.0,8.0E-4,8.0E-4,8.0E-4,8.0E-4,0.0,0.0
10.0,21.0,8.0E-4,8.0E-4,8.0E-4,8.0E-4,0.0,0.0
10.0,20.0,0.001,0.001,5.0E-4,8.0E-4,2341000.0,-1.9999999999999998E-4
10.0,17.0,0.0022,0.0022,0.0022,0.0022,0.0,0.0
10.0,16.0,0.0022,0.0022,0.0022,0.0022,0.0,0.0
10.0,15.0,0.0022,0.0022,0.0022,0.0022,0.0,0.0
10.0,14.0,0.0022,0.0022,0.0022,0.0022,0.0,0.0
10.0,13.0,0.0024,0.0024,0.0022,0.0022,22000.0,-1.9999999999999966E-4
10.0,10.0,7.0E-4,8.0E-4,7.0E-4,8.0E-4,295700.0,1.0000000000000005E-4
10.0,9.0,7.0E-4,7.0E-4,7.0E-4,7.0E-4,0.0,0.0
10.0,8.0,7.0E-4,7.0E-4,7.0E-4,7.0E-4,6700.0,0.0
10.0,7.0,0.0025,0.0025,0.0025,0.0025,20000.0,0.0
10.0,6.0,9.0E-4,9.0E-4,9.0E-4,9.0E-4,10000.0,0.0
10.0,3.0,0.0025,0.0025,9.0E-4,9.0E-4,2305000.0,-0.0016
10.0,2.0,0.0028,0.003,0.0019,0.0019,630000.0,-9.0E-4
10.0,1.0,0.0028,0.0028,0.0028,0.0028,0.0,0.0
9.0,30.0,0.0028,0.0028,0.0022,0.0028,91700.0,0.0
9.0,29.0,0.0028,0.0028,0.0028,0.0028,50000.0,0.0
9.0,26.0,0.0028,0.0028,0.0028,0.0028,70000.0,0.0
9.0,25.0,0.0022,0.0026,0.0022,0.0026,765700.0,3.9999999999999975E-4
9.0,24.0,0.0022,0.0022,0.0021,0.0022,105000.0,0.0
9.0,23.0,0.002,0.0022,0.0019,0.0022,205000.0,2.000000000000001E-4
9.0,22.0,0.0019,0.002,0.0019,0.002,550000.0,1.0000000000000005E-4
9.0,19.0,0.0019,0.0036,0.0014,0.0014,1160000.0,-5.0E-4
9.0,18.0,0.0018,0.0019,0.0018,0.0019,247000.0,1.0000000000000005E-4
9.0,17.0,0.0017,0.0018,0.0011,0.0018,874000.0,1.0000000000000005E-4
9.0,16.0,0.0017,0.0017,0.0017,0.0017,500000.0,0.0
9.0,15.0,0.0015,0.0019,0.001,0.001,424500.0,-5.0E-4
9.0,12.0,0.0015,0.0015,0.0015,0.0015,0.0,0.0
9.0,11.0,0.0015,0.0015,0.0015,0.0015,0.0,0.0
9.0,10.0,0.0015,0.0015,0.0015,0.0015,0.0,0.0
9.0,9.0,0.0015,0.0015,0.0015,0.0015,0.0,0.0
9.0,8.0,0.0015,0.0015,0.0015,0.0015,0.0,0.0
9.0,5.0,0.0015,0.0015,0.0015,0.0015,0.0,0.0
9.0,4.0,0.0015,0.0015,0.0015,0.0015,0.0,0.0
9.0,3.0,0.0015,0.0015,0.0015,0.0015,0.0,0.0
9.0,2.0,0.0015,0.0015,0.0015,0.0015,0.0,0.0
9.0,1.0,0.0015,0.0015,0.0015,0.0015,0.0,0.0
8.0,29.0,0.0015,0.0015,0.0015,0.0015,0.0,0.0
8.0,28.0,0.0015,0.0015,0.0015,0.0015,0.0,0.0
8.0,27.0,0.0015,0.0015,0.0015,0.0015,0.0,0.0
8.0,26.0,0.0015,0.0015,0.0015,0.0015,0.0,0.0
8.0,25.0,0.0015,0.0015,0.0015,0.0015,0.0,0.0
8.0,22.0,0.0015,0.0015,0.0015,0.0015,0.0,0.0
8.0,21.0,0.001,0.0016,8.0E-4,0.0015,440000.0,5.0E-4
8.0,20.0,0.0016,0.0016,0.0016,0.0016,0.0,0.0
8.0,19.0,0.0016,0.0016,0.0016,0.0016,0.0,0.0
8.0,18.0,0.0014,0.002,0.0014,0.0016,885000.0,2.000000000000001E-4
8.0,15.0,0.0015,0.0015,0.0015,0.0015,0.0,0.0
8.0,14.0,0.0015,0.0015,0.0015,0.0015,0.0,0.0
8.0,13.0,0.0015,0.0015,0.0015,0.0015,0.0,0.0
8.0,12.0,0.0015,0.0015,0.0015,0.0015,0.0,0.0
8.0,11.0,0.0015,0.0015,0.0015,0.0015,0.0,0.0
8.0,8.0,0.0015,0.0015,0.0015,0.0015,0.0,0.0
8.0,7.0,0.0015,0.0015,0.0015,0.0015,0.0,0.0
8.0,6.0,0.0015,0.0015,0.0015,0.0015,0.0,0.0
8.0,5.0,0.0015,0.0015,0.0015,0.0015,0.0,0.0
8.0,4.0,0.0015,0.0015,0.0015,0.0015,0.0,0.0
8.0,1.0,0.0015,0.0015,0.0015,0.0015,0.0,0.0
7.0,31.0,0.0015,0.0015,0.0015,0.0015,0.0,0.0
7.0,30.0,0.0015,0.0015,0.0015,0.0015,0.0,0.0
7.0,29.0,0.0015,0.0015,0.0015,0.0015,0.0,0.0
7.0,28.0,0.0015,0.0015,0.0015,0.0015,0.0,0.0
7.0,25.0,0.001,0.0015,0.001,0.0015,30000.0,5.0E-4
7.0,24.0,0.001,0.001,0.001,0.001,830000.0,0.0
7.0,23.0,0.0015,0.0015,0.0015,0.0015,0.0,0.0
7.0,22.0,0.0015,0.0015,0.0015,0.0015,0.0,0.0
7.0,21.0,0.0015,0.0015,0.0015,0.0015,0.0,0.0
7.0,18.0,0.0015,0.0015,0.0015,0.0015,0.0,0.0
7.0,17.0,0.0015,0.0015,0.0015,0.0015,0.0,0.0
7.0,16.0,0.0015,0.0015,0.0015,0.0015,0.0,0.0
7.0,15.0,0.0015,0.0015,0.0015,0.0015,0.0,0.0
7.0,14.0,0.0015,0.0015,0.0015,0.0015,0.0,0.0
7.0,11.0,0.0016,0.0016,0.0015,0.0015,35000.0,-1.0000000000000005E-4
7.0,10.0,0.001,0.001,0.001,0.001,0.0,0.0
7.0,9.0,0.001,0.001,0.001,0.001,0.0,0.0
7.0,8.0,0.001,0.001,0.001,0.001,260000.0,0.0
7.0,7.0,0.0019,0.0019,0.0019,0.0019,0.0,0.0
7.0,4.0,0.0019,0.0019,0.0019,0.0019,0.0,0.0
7.0,3.0,0.0019,0.0019,0.0019,0.0019,0.0,0.0
7.0,2.0,0.002,0.002,0.0019,0.0019,260000.0,-1.0000000000000005E-4
7.0,1.0,0.0022,0.0022,0.0022,0.0022,0.0,0.0
6.0,30.0,0.0022,0.0022,0.0022,0.0022,0.0,0.0
6.0,27.0,8.0E-4,0.0022,8.0E-4,0.0022,791600.0,0.0014000000000000002
6.0,26.0,6.0E-4,6.0E-4,6.0E-4,6.0E-4,0.0,0.0
6.0,25.0,6.0E-4,6.0E-4,6.0E-4,6.0E-4,0.0,0.0
6.0,24.0,6.0E-4,6.0E-4,6.0E-4,6.0E-4,0.0,0.0
6.0,23.0,6.0E-4,6.0E-4,6.0E-4,6.0E-4,0.0,0.0
6.0,20.0,6.0E-4,6.0E-4,6.0E-4,6.0E-4,0.0,0.0
6.0,19.0,6.0E-4,6.0E-4,6.0E-4,6.0E-4,0.0,0.0
6.0,18.0,6.0E-4,6.0E-4,6.0E-4,6.0E-4,0.0,0.0
6.0,17.0,7.0E-4,7.0E-4,6.0E-4,6.0E-4,254200.0,-1.0000000000000005E-4
6.0,16.0,0.0011,0.0011,0.0011,0.0011,0.0,0.0
6.0,13.0,0.0011,0.0011,0.0011,0.0011,0.0,0.0
6.0,12.0,0.0011,0.0011,0.0011,0.0011,0.0,0.0
6.0,11.0,0.0011,0.0011,0.0011,0.0011,0.0,0.0
6.0,10.0,0.0011,0.0011,0.0011,0.0011,0.0,0.0
6.0,9.0,0.0011,0.0011,0.0011,0.0011,0.0,0.0
6.0,6.0,0.0011,0.0012,0.0011,0.0011,248900.0,0.0
6.0,5.0,0.0012,0.0012,0.0012,0.0012,0.0,0.0
6.0,4.0,0.0012,0.0012,0.0012,0.0012,0.0,0.0
6.0,3.0,0.0012,0.0012,0.0012,0.0012,0.0,0.0
6.0,2.0,0.0012,0.0012,0.0012,0.0012,0.0,0.0
5.0,30.0,0.0012,0.0012,0.0012,0.0012,0.0,0.0
5.0,29.0,0.0012,0.0012,0.0012,0.0012,0.0,0.0
5.0,28.0,0.0012,0.0012,0.0012,0.0012,0.0,0.0
5.0,27.0,0.0012,0.0012,0.0012,0.0012,0.0,0.0
5.0,26.0,0.0012,0.0012,0.0012,0.0012,0.0,0.0
5.0,23.0,0.0012,0.0012,0.0012,0.0012,0.0,0.0
5.0,22.0,0.0012,0.0012,0.0012,0.0012,0.0,0.0
5.0,21.0,0.0012,0.0012,0.0012,0.0012,68300.0,0.0
5.0,20.0,0.0012,0.0012,0.0012,0.0012,0.0,0.0
5.0,19.0,0.0012,0.0012,0.0012,0.0012,0.0,0.0
5.0,16.0,0.0012,0.0012,0.0012,0.0012,0.0,0.0
5.0,15.0,0.0012,0.0012,0.0012,0.0012,0.0,0.0
5.0,14.0,0.0012,0.0012,0.0012,0.0012,14900.0,0.0
5.0,13.0,9.0E-4,9.0E-4,9.0E-4,9.0E-4,0.0,0.0
5.0,12.0,9.0E-4,9.0E-4,9.0E-4,9.0E-4,0.0,0.0
5.0,9.0,9.0E-4,9.0E-4,9.0E-4,9.0E-4,0.0,0.0
5.0,8.0,9.0E-4,9.0E-4,9.0E-4,9.0E-4,0.0,0.0
5.0,7.0,9.0E-4,9.0E-4,9.0E-4,9.0E-4,0.0,0.0
5.0,6.0,9.0E-4,9.0E-4,9.0E-4,9.0E-4,0.0,0.0
5.0,5.0,9.0E-4,9.0E-4,9.0E-4,9.0E-4,0.0,0.0
5.0,2.0,9.0E-4,9.0E-4,9.0E-4,9.0E-4,0.0,0.0
5.0,1.0,9.0E-4,9.0E-4,9.0E-4,9.0E-4,0.0,0.0
4.0,30.0,9.0E-4,9.0E-4,9.0E-4,9.0E-4,0.0,0.0
4.0,29.0,9.0E-4,9.0E-4,9.0E-4,9.0E-4,0.0,0.0
4.0,28.0,8.0E-4,9.0E-4,8.0E-4,9.0E-4,690200.0,9.999999999999994E-5
4.0,25.0,7.0E-4,7.0E-4,7.0E-4,7.0E-4,0.0,0.0
4.0,24.0,7.0E-4,7.0E-4,7.0E-4,7.0E-4,0.0,0.0
4.0,23.0,7.0E-4,7.0E-4,7.0E-4,7.0E-4,0.0,0.0
4.0,22.0,7.0E-4,7.0E-4,7.0E-4,7.0E-4,0.0,0.0
4.0,21.0,7.0E-4,7.0E-4,7.0E-4,7.0E-4,0.0,0.0
4.0,18.0,7.0E-4,7.0E-4,7.0E-4,7.0E-4,0.0,0.0
4.0,17.0,7.0E-4,7.0E-4,7.0E-4,7.0E-4,0.0,0.0
4.0,16.0,7.0E-4,7.0E-4,7.0E-4,7.0E-4,0.0,0.0
4.0,15.0,7.0E-4,7.0E-4,7.0E-4,7.0E-4,0.0,0.0
4.0,14.0,7.0E-4,7.0E-4,7.0E-4,7.0E-4,0.0,0.0
4.0,11.0,7.0E-4,7.0E-4,7.0E-4,7.0E-4,0.0,0.0
4.0,10.0,7.0E-4,7.0E-4,7.0E-4,7.0E-4,0.0,0.0
4.0,9.0,7.0E-4,7.0E-4,7.0E-4,7.0E-4,0.0,0.0
4.0,8.0,7.0E-4,7.0E-4,7.0E-4,7.0E-4,0.0,0.0
4.0,7.0,7.0E-4,7.0E-4,7.0E-4,7.0E-4,0.0,0.0
4.0,4.0,7.0E-4,7.0E-4,7.0E-4,7.0E-4,0.0,0.0
4.0,3.0,7.0E-4,7.0E-4,7.0E-4,7.0E-4,0.0,0.0
4.0,2.0,7.0E-4,7.0E-4,7.0E-4,7.0E-4,0.0,0.0
4.0,1.0,7.0E-4,7.0E-4,7.0E-4,7.0E-4,0.0,0.0
3.0,31.0,7.0E-4,7.0E-4,7.0E-4,7.0E-4,0.0,0.0
3.0,28.0,7.0E-4,7.0E-4,7.0E-4,7.0E-4,0.0,0.0
3.0,27.0,7.0E-4,7.0E-4,7.0E-4,7.0E-4,0.0,0.0
3.0,26.0,7.0E-4,7.0E-4,7.0E-4,7.0E-4,0.0,0.0
3.0,25.0,7.0E-4,7.0E-4,7.0E-4,7.0E-4,0.0,0.0
3.0,24.0,7.0E-4,7.0E-4,7.0E-4,7.0E-4,0.0,0.0
3.0,21.0,7.0E-4,7.0E-4,7.0E-4,7.0E-4,0.0,0.0
3.0,20.0,7.0E-4,7.0E-4,7.0E-4,7.0E-4,0.0,0.0
3.0,19.0,7.0E-4,7.0E-4,7.0E-4,7.0E-4,0.0,0.0
3.0,18.0,7.0E-4,7.0E-4,7.0E-4,7.0E-4,0.0,0.0
3.0,17.0,7.0E-4,7.0E-4,7.0E-4,7.0E-4,0.0,0.0
3.0,14.0,7.0E-4,7.0E-4,7.0E-4,7.0E-4,50000.0,0.0
3.0,13.0,9.0E-4,9.0E-4,9.0E-4,9.0E-4,50000.0,0.0
3.0,12.0,7.0E-4,7.0E-4,7.0E-4,7.0E-4,0.0,0.0
3.0,11.0,7.0E-4,7.0E-4,7.0E-4,7.0E-4,337000.0,0.0
3.0,10.0,7.0E-4,7.0E-4,7.0E-4,7.0E-4,0.0,0.0
3.0,7.0,7.0E-4,7.0E-4,7.0E-4,7.0E-4,0.0,0.0
3.0,6.0,7.0E-4,7.0E-4,7.0E-4,7.0E-4,0.0,0.0
3.0,5.0,7.0E-4,7.0E-4,7.0E-4,7.0E-4,0.0,0.0
3.0,4.0,7.0E-4,7.0E-4,7.0E-4,7.0E-4,0.0,0.0
3.0,3.0,7.0E-4,7.0E-4,7.0E-4,7.0E-4,0.0,0.0
2.0,28.0,0.0015,0.002,7.0E-4,7.0E-4,1075000.0,-8.0E-4
2.0,27.0,6.0E-4,6.0E-4,6.0E-4,6.0E-4,0.0,0.0
2.0,26.0,6.0E-4,6.0E-4,6.0E-4,6.0E-4,1000000.0,0.0
2.0,25.0,0.002,0.002,0.002,0.002,0.0,0.0
2.0,24.0,0.002,0.002,0.002,0.002,0.0,0.0
2.0,21.0,6.0E-4,0.002,6.0E-4,0.002,275000.0,0.0014000000000000002
2.0,20.0,0.006,0.006,0.006,0.006,0.0,0.0
2.0,19.0,0.006,0.006,0.006,0.006,0.0,0.0
2.0,18.0,0.006,0.006,0.006,0.006,0.0,0.0
2.0,17.0,0.006,0.006,0.006,0.006,0.0,0.0
2.0,14.0,0.006,0.006,0.006,0.006,0.0,0.0
2.0,13.0,0.007,0.007,0.006,0.006,19800.0,-0.001
2.0,12.0,0.01,0.01,0.01,0.01,0.0,0.0
2.0,11.0,0.0015,0.01,0.0015,0.01,189800.0,0.0085
2.0,10.0,0.001,0.001,0.001,0.001,0.0,0.0
2.0,7.0,0.001,0.001,0.001,0.001,0.0,0.0
2.0,6.0,0.001,0.001,0.001,0.001,0.0,0.0
2.0,5.0,0.001,0.001,0.001,0.001,0.0,0.0
2.0,4.0,0.001,0.001,0.001,0.001,0.0,0.0
2.0,3.0,0.001,0.001,0.001,0.001,0.0,0.0
1.0,31.0,0.001,0.001,0.001,0.001,0.0,0.0
1.0,30.0,6.0E-4,0.001,6.0E-4,0.001,140000.0,4.000000000000001E-4
1.0,29.0,0.0019,0.0019,0.0019,0.0019,0.0,0.0
1.0,28.0,0.0019,0.0019,0.0019,0.0019,0.0,0.0
1.0,27.0,0.0019,0.0019,0.0019,0.0019,0.0,0.0
1.0,24.0,0.0019,0.0019,0.0019,0.0019,0.0,0.0
1.0,23.0,0.0019,0.0019,0.0019,0.0019,40000.0,0.0
1.0,22.0,6.0E-4,6.0E-4,6.0E-4,6.0E-4,35000.0,0.0
1.0,21.0,0.002,0.002,0.002,0.002,0.0,0.0
1.0,20.0,0.002,0.002,0.002,0.002,0.0,0.0
1.0,17.0,0.002,0.002,0.002,0.002,0.0,0.0
1.0,16.0,0.002,0.002,0.002,0.002,0.0,0.0
1.0,15.0,0.002,0.002,0.002,0.002,0.0,0.0
1.0,14.0,0.002,0.002,0.002,0.002,0.0,0.0
1.0,13.0,0.002,0.002,0.002,0.002,0.0,0.0
1.0,10.0,0.002,0.002,0.002,0.002,0.0,0.0
1.0,9.0,0.002,0.002,0.002,0.002,0.0,0.0
1.0,8.0,0.002,0.002,0.002,0.002,0.0,0.0
1.0,7.0,0.002,0.002,0.002,0.002,0.0,0.0
1.0,6.0,0.002,0.002,0.002,0.002,0.0,0.0
1.0,3.0,0.002,0.002,0.002,0.002,0.0,0.0
1.0,2.0,0.002,0.002,0.002,0.002,0.0,0.0
1.0,1.0,0.002,0.002,0.002,0.002,0.0,0.0
12.0,31.0,0.002,0.002,0.002,0.002,0.0,0.0
12.0,30.0,0.002,0.002,0.002,0.002,0.0,0.0
12.0,27.0,0.002,0.002,0.002,0.002,0.0,0.0
12.0,26.0,0.002,0.002,0.002,0.002,0.0,0.0
12.0,25.0,0.002,0.002,0.002,0.002,0.0,0.0
12.0,24.0,0.002,0.002,0.002,0.002,0.0,0.0
12.0,23.0,5.0E-4,0.002,5.0E-4,0.002,65000.0,0.0015
12.0,20.0,0.002,0.002,0.002,0.002,0.0,0.0
12.0,19.0,0.002,0.002,0.002,0.002,0.0,0.0
12.0,18.0,0.002,0.002,0.002,0.002,0.0,0.0
12.0,17.0,0.002,0.002,0.002,0.002,0.0,0.0
12.0,16.0,0.002,0.002,0.002,0.002,0.0,0.0
12.0,13.0,0.002,0.002,0.002,0.002,0.0,0.0
12.0,12.0,0.001,0.002,0.001,0.002,125000.0,0.001
12.0,11.0,9.0E-4,0.002,9.0E-4,0.002,15100.0,0.0011
12.0,10.0,8.0E-4,0.0024,8.0E-4,0.0024,35100.0,0.0015999999999999999
12.0,9.0,0.0024,0.0024,0.0024,0.0024,0.0,0.0
12.0,6.0,5.0E-4,0.0024,5.0E-4,0.0024,40000.0,0.0018999999999999998
12.0,5.0,0.0029,0.0029,0.0029,0.0029,0.0,0.0
12.0,4.0,0.0029,0.0029,0.0029,0.0029,0.0,0.0
12.0,3.0,0.0029,0.0029,0.0029,0.0029,0.0,0.0
12.0,2.0,0.0029,0.0029,0.0029,0.0029,0.0,0.0
11.0,29.0,0.0029,0.0029,0.0029,0.0029,0.0,0.0
11.0,28.0,0.0029,0.0029,0.0029,0.0029,0.0,0.0
11.0,27.0,0.0029,0.0029,0.0029,0.0029,0.0,0.0
11.0,26.0,0.0029,0.0029,0.0029,0.0029,0.0,0.0
11.0,25.0,0.0029,0.0029,0.0029,0.0029,0.0,0.0
11.0,22.0,0.0029,0.0029,0.0029,0.0029,0.0,0.0
11.0,21.0,0.0029,0.0029,0.0029,0.0029,0.0,0.0
11.0,20.0,0.0029,0.0029,0.0029,0.0029,0.0,0.0
11.0,19.0,0.0029,0.0029,0.0029,0.0029,0.0,0.0
11.0,18.0,0.0029,0.0029,0.0029,0.0029,0.0,0.0
11.0,15.0,0.0029,0.0029,0.0029,0.0029,0.0,0.0
11.0,14.0,0.0029,0.0029,0.0029,0.0029,0.0,0.0
11.0,13.0,0.0029,0.0029,0.0029,0.0029,0.0,0.0
11.0,12.0,0.0029,0.0029,0.0029,0.0029,5000.0,0.0
11.0,11.0,0.0025,0.0025,4.0E-4,4.0E-4,107400.0,-0.0021
11.0,8.0,0.001,0.001,0.001,0.001,0.0,0.0
11.0,7.0,0.001,0.001,0.001,0.001,0.0,0.0
11.0,6.0,0.001,0.001,0.001,0.001,0.0,0.0
11.0,5.0,0.001,0.001,0.001,0.001,0.0,0.0
11.0,4.0,0.001,0.001,0.001,0.001,0.0,0.0
11.0,1.0,0.001,0.001,0.001,0.001,0.0,0.0
10.0,31.0,0.001,0.001,0.001,0.001,0.0,0.0
10.0,30.0,0.001,0.001,0.001,0.001,0.0,0.0
10.0,29.0,0.001,0.001,0.001,0.001,0.0,0.0
10.0,28.0,0.001,0.001,0.001,0.001,0.0,0.0
10.0,25.0,0.001,0.001,0.001,0.001,0.0,0.0
10.0,24.0,0.001,0.001,0.001,0.001,0.0,0.0
10.0,23.0,0.001,0.001,0.001,0.001,4700.0,0.0
10.0,22.0,0.0025,0.0025,0.0025,0.0025,0.0,0.0
10.0,21.0,0.0025,0.0025,0.0025,0.0025,0.0,0.0
10.0,18.0,0.0025,0.0025,0.0025,0.0025,0.0,0.0
10.0,17.0,0.0025,0.0025,0.0025,0.0025,0.0,0.0
10.0,16.0,0.0025,0.0025,0.0025,0.0025,0.0,0.0
10.0,15.0,0.0025,0.0025,0.0025,0.0025,0.0,0.0
10.0,14.0,0.0025,0.0025,0.0025,0.0025,0.0,0.0
10.0,11.0,0.0025,0.0025,0.0025,0.0025,0.0,0.0
10.0,10.0,0.0025,0.0025,0.0025,0.0025,0.0,0.0
10.0,9.0,0.0025,0.0025,0.0025,0.0025,0.0,0.0
10.0,8.0,0.0025,0.0025,0.0025,0.0025,0.0,0.0
10.0,7.0,0.0025,0.0025,0.0025,0.0025,0.0,0.0
10.0,4.0,0.0025,0.0025,0.0025,0.0025,0.0,0.0
10.0,3.0,0.0025,0.0025,0.0025,0.0025,0.0,0.0
10.0,2.0,0.0025,0.0025,0.0025,0.0025,0.0,0.0
10.0,1.0,0.0025,0.0025,0.0025,0.0025,0.0,0.0
9.0,30.0,0.0025,0.0025,0.0025,0.0025,0.0,0.0
9.0,27.0,0.0025,0.0025,0.0025,0.0025,0.0,0.0
9.0,26.0,0.0025,0.0025,0.0025,0.0025,0.0,0.0
9.0,25.0,0.0012,0.0025,0.001,0.0025,150000.0,0.0013000000000000002
9.0,24.0,0.0025,0.0025,0.0025,0.0025,0.0,0.0
9.0,23.0,0.0025,0.0025,0.0025,0.0025,0.0,0.0
9.0,20.0,0.0025,0.0025,0.0025,0.0025,0.0,0.0
9.0,19.0,0.0025,0.0025,0.0025,0.0025,0.0,0.0
9.0,18.0,0.0025,0.0025,0.0025,0.0025,0.0,0.0
9.0,17.0,0.0025,0.0025,0.0025,0.0025,0.0,0.0
9.0,16.0,0.0025,0.0025,0.0025,0.0025,0.0,0.0
9.0,13.0,0.0025,0.0025,0.0025,0.0025,0.0,0.0
9.0,12.0,0.0025,0.0025,0.0025,0.0025,0.0,0.0
9.0,11.0,0.0025,0.0025,0.0025,0.0025,0.0,0.0
9.0,10.0,0.0025,0.0025,0.0025,0.0025,0.0,0.0
9.0,9.0,0.0025,0.0025,0.0025,0.0025,0.0,0.0
9.0,6.0,0.0025,0.0025,0.0025,0.0025,0.0,0.0
9.0,5.0,0.0025,0.0025,0.0025,0.0025,0.0,0.0
9.0,4.0,0.0025,0.0025,0.0025,0.0025,0.0,0.0
9.0,3.0,0.0025,0.0025,0.0025,0.0025,0.0,0.0
9.0,2.0,0.0025,0.0025,0.0025,0.0025,0.0,0.0
8.0,30.0,0.0025,0.0025,0.0025,0.0025,0.0,0.0
8.0,29.0,0.0025,0.0025,0.0025,0.0025,0.0,0.0
8.0,28.0,0.0025,0.0025,0.0025,0.0025,0.0,0.0
8.0,27.0,0.0025,0.0025,0.0025,0.0025,0.0,0.0
8.0,26.0,0.0025,0.0025,0.0025,0.0025,0.0,0.0
8.0,23.0,0.0025,0.0025,0.0025,0.0025,0.0,0.0
8.0,22.0,0.0025,0.0025,0.0025,0.0025,0.0,0.0
8.0,21.0,0.0025,0.0025,0.0025,0.0025,0.0,0.0
8.0,20.0,0.0025,0.0025,0.0025,0.0025,0.0,0.0
8.0,19.0,0.0025,0.0025,0.0025,0.0025,0.0,0.0
8.0,16.0,0.0025,0.0025,0.0025,0.0025,0.0,0.0
8.0,15.0,0.0025,0.0025,0.0025,0.0025,0.0,0.0
8.0,14.0,0.0025,0.0025,0.0025,0.0025,0.0,0.0
8.0,13.0,0.0025,0.0025,0.0025,0.0025,0.0,0.0
8.0,12.0,0.0025,0.0025,0.0025,0.0025,0.0,0.0
8.0,9.0,0.0025,0.0025,0.0025,0.0025,0.0,0.0
8.0,8.0,0.0025,0.0025,0.0025,0.0025,0.0,0.0
8.0,7.0,0.0025,0.0025,0.0025,0.0025,0.0,0.0
8.0,6.0,0.0025,0.0025,0.0025,0.0025,0.0,0.0
8.0,5.0,0.0025,0.0025,0.0025,0.0025,0.0,0.0
8.0,2.0,0.0025,0.0025,0.0025,0.0025,0.0,0.0
8.0,1.0,0.0025,0.0025,0.0025,0.0025,0.0,0.0
7.0,31.0,0.0025,0.0025,0.0025,0.0025,0.0,0.0
7.0,30.0,0.0025,0.0025,0.0025,0.0025,0.0,0.0
7.0,29.0,0.0025,0.0025,0.0025,0.0025,0.0,0.0
7.0,26.0,0.0025,0.0025,0.0025,0.0025,0.0,0.0
7.0,25.0,0.0025,0.0025,0.0025,0.0025,0.0,0.0
7.0,24.0,0.0025,0.0025,0.0025,0.0025,0.0,0.0
7.0,23.0,0.0025,0.0025,0.0025,0.0025,0.0,0.0
7.0,22.0,0.0025,0.0025,0.0025,0.0025,0.0,0.0
7.0,19.0,0.0025,0.0025,0.0025,0.0025,0.0,0.0
7.0,18.0,0.0025,0.0025,0.0025,0.0025,0.0,0.0
7.0,17.0,0.0025,0.0025,0.0025,0.0025,0.0,0.0
7.0,16.0,0.0025,0.0025,0.0025,0.0025,0.0,0.0
7.0,15.0,0.0025,0.0025,0.0025,0.0025,0.0,0.0
7.0,12.0,0.0025,0.0025,0.0025,0.0025,0.0,0.0
7.0,11.0,0.0025,0.0025,0.0025,0.0025,0.0,0.0
7.0,10.0,0.0025,0.0025,0.0025,0.0025,0.0,0.0
7.0,9.0,0.0025,0.0025,0.0025,0.0025,0.0,0.0
7.0,8.0,0.0025,0.0025,0.0025,0.0025,0.0,0.0
7.0,5.0,0.0025,0.0025,0.0025,0.0025,0.0,0.0
7.0,4.0,0.0025,0.0025,0.0025,0.0025,0.0,0.0
7.0,3.0,0.0025,0.0025,0.0025,0.0025,0.0,0.0
7.0,2.0,0.0025,0.0025,0.0025,0.0025,0.0,0.0
7.0,1.0,0.0025,0.0025,0.0025,0.0025,0.0,0.0
6.0,28.0,0.0025,0.0025,0.0025,0.0025,0.0,0.0
6.0,27.0,0.0025,0.0025,0.0025,0.0025,0.0,0.0
6.0,26.0,0.0025,0.0025,0.0025,0.0025,0.0,0.0
6.0,25.0,0.0025,0.0025,0.0025,0.0025,0.0,0.0
6.0,24.0,0.0025,0.0025,0.0025,0.0025,0.0,0.0
6.0,21.0,0.0025,0.0025,0.0025,0.0025,0.0,0.0
6.0,20.0,0.0025,0.0025,0.0025,0.0025,0.0,0.0
6.0,19.0,0.0025,0.0025,0.0025,0.0025,0.0,0.0
6.0,18.0,0.0025,0.0025,0.0025,0.0025,0.0,0.0
6.0,17.0,0.0025,0.0025,0.0025,0.0025,0.0,0.0
6.0,14.0,0.0025,0.0025,0.0025,0.0025,0.0,0.0
6.0,13.0,0.0025,0.0025,0.0025,0.0025,0.0,0.0
6.0,12.0,0.0024,0.0025,0.0024,0.0025,25000.0,1.0000000000000026E-4
6.0,11.0,0.0011,0.0011,0.0011,0.0011,0.0,0.0
6.0,10.0,0.0011,0.0011,0.0011,0.0011,0.0,0.0
6.0,7.0,0.0011,0.0011,0.0011,0.0011,0.0,0.0
6.0,6.0,0.0011,0.0011,0.0011,0.0011,0.0,0.0
6.0,5.0,0.0011,0.0011,0.0011,0.0011,0.0,0.0
6.0,4.0,0.0011,0.0011,0.0011,0.0011,0.0,0.0
6.0,3.0,0.0011,0.0011,0.0011,0.0011,0.0,0.0
5.0,31.0,0.0011,0.0011,0.0011,0.0011,0.0,0.0
5.0,30.0,0.0011,0.0011,0.0011,0.0011,0.0,0.0
5.0,29.0,0.0011,0.0011,0.0011,0.0011,0.0,0.0
5.0,28.0,0.0011,0.0011,0.0011,0.0011,0.0,0.0
5.0,27.0,0.0011,0.0011,0.0011,0.0011,0.0,0.0
5.0,24.0,0.0011,0.0011,0.0011,0.0011,0.0,0.0
5.0,23.0,0.0011,0.0011,0.0011,0.0011,0.0,0.0
5.0,22.0,0.0011,0.0011,0.0011,0.0011,0.0,0.0
5.0,21.0,0.0011,0.0011,0.0011,0.0011,0.0,0.0
5.0,20.0,0.0011,0.0011,0.0011,0.0011,0.0,0.0
5.0,17.0,0.0011,0.0011,0.0011,0.0011,60000.0,0.0
5.0,16.0,0.0025,0.0025,0.0025,0.0025,20000.0,0.0
5.0,15.0,6.0E-4,6.0E-4,6.0E-4,6.0E-4,0.0,0.0
5.0,14.0,6.0E-4,6.0E-4,6.0E-4,6.0E-4,0.0,0.0
5.0,13.0,6.0E-4,6.0E-4,6.0E-4,6.0E-4,0.0,0.0
5.0,10.0,6.0E-4,6.0E-4,6.0E-4,6.0E-4,0.0,0.0
5.0,9.0,6.0E-4,6.0E-4,6.0E-4,6.0E-4,0.0,0.0
5.0,8.0,6.0E-4,6.0E-4,6.0E-4,6.0E-4,0.0,0.0
5.0,7.0,6.0E-4,6.0E-4,6.0E-4,6.0E-4,0.0,0.0
5.0,6.0,6.0E-4,6.0E-4,6.0E-4,6.0E-4,0.0,0.0
5.0,3.0,6.0E-4,6.0E-4,6.0E-4,6.0E-4,0.0,0.0
5.0,2.0,6.0E-4,6.0E-4,6.0E-4,6.0E-4,0.0,0.0
5.0,1.0,6.0E-4,6.0E-4,6.0E-4,6.0E-4,0.0,0.0
4.0,30.0,6.0E-4,6.0E-4,6.0E-4,6.0E-4,435300.0,0.0
4.0,29.0,6.0E-4,6.0E-4,6.0E-4,6.0E-4,0.0,0.0
4.0,26.0,6.0E-4,6.0E-4,6.0E-4,6.0E-4,0.0,0.0
4.0,25.0,6.0E-4,6.0E-4,6.0E-4,6.0E-4,0.0,0.0
4.0,24.0,6.0E-4,6.0E-4,6.0E-4,6.0E-4,0.0,0.0
4.0,23.0,6.0E-4,6.0E-4,6.0E-4,6.0E-4,0.0,0.0
4.0,22.0,6.0E-4,6.0E-4,6.0E-4,6.0E-4,0.0,0.0
4.0,19.0,6.0E-4,6.0E-4,6.0E-4,6.0E-4,0.0,0.0
4.0,18.0,6.0E-4,6.0E-4,6.0E-4,6.0E-4,0.0,0.0
4.0,17.0,6.0E-4,6.0E-4,6.0E-4,6.0E-4,0.0,0.0
4.0,16.0,6.0E-4,6.0E-4,6.0E-4,6.0E-4,0.0,0.0
4.0,15.0,6.0E-4,6.0E-4,6.0E-4,6.0E-4,1000.0,0.0
4.0,12.0,6.0E-4,6.0E-4,6.0E-4,6.0E-4,0.0,0.0
4.0,11.0,6.0E-4,6.0E-4,6.0E-4,6.0E-4,0.0,0.0
4.0,10.0,6.0E-4,6.0E-4,6.0E-4,6.0E-4,0.0,0.0
4.0,9.0,6.0E-4,6.0E-4,6.0E-4,6.0E-4,0.0,0.0
4.0,8.0,6.0E-4,6.0E-4,6.0E-4,6.0E-4,0.0,0.0
4.0,5.0,6.0E-4,6.0E-4,6.0E-4,6.0E-4,0.0,0.0
4.0,4.0,6.0E-4,6.0E-4,6.0E-4,6.0E-4,0.0,0.0
4.0,3.0,6.0E-4,6.0E-4,6.0E-4,6.0E-4,0.0,0.0
4.0,2.0,6.0E-4,6.0E-4,6.0E-4,6.0E-4,0.0,0.0
4.0,1.0,6.0E-4,6.0E-4,6.0E-4,6.0E-4,0.0,0.0
3.0,29.0,6.0E-4,6.0E-4,6.0E-4,6.0E-4,0.0,0.0
3.0,28.0,6.0E-4,6.0E-4,6.0E-4,6.0E-4,0.0,0.0
3.0,27.0,6.0E-4,6.0E-4,6.0E-4,6.0E-4,0.0,0.0
3.0,26.0,6.0E-4,6.0E-4,6.0E-4,6.0E-4,0.0,0.0
3.0,25.0,6.0E-4,6.0E-4,6.0E-4,6.0E-4,20000.0,0.0
3.0,22.0,6.0E-4,6.0E-4,6.0E-4,6.0E-4,0.0,0.0
3.0,21.0,6.0E-4,6.0E-4,6.0E-4,6.0E-4,0.0,0.0
3.0,20.0,6.0E-4,6.0E-4,6.0E-4,6.0E-4,0.0,0.0
3.0,19.0,6.0E-4,6.0E-4,6.0E-4,6.0E-4,0.0,0.0
3.0,18.0,6.0E-4,6.0E-4,6.0E-4,6.0E-4,0.0,0.0
3.0,15.0,6.0E-4,6.0E-4,6.0E-4,6.0E-4,0.0,0.0
3.0,14.0,6.0E-4,6.0E-4,6.0E-4,6.0E-4,0.0,0.0
3.0,13.0,6.0E-4,6.0E-4,6.0E-4,6.0E-4,0.0,0.0
3.0,12.0,6.0E-4,6.0E-4,6.0E-4,6.0E-4,0.0,0.0
3.0,11.0,6.0E-4,6.0E-4,6.0E-4,6.0E-4,0.0,0.0
3.0,8.0,6.0E-4,6.0E-4,6.0E-4,6.0E-4,0.0,0.0
3.0,7.0,6.0E-4,6.0E-4,6.0E-4,6.0E-4,0.0,0.0
3.0,6.0,6.0E-4,6.0E-4,6.0E-4,6.0E-4,0.0,0.0
3.0,5.0,6.0E-4,6.0E-4,6.0E-4,6.0E-4,0.0,0.0
3.0,4.0,6.0E-4,6.0E-4,6.0E-4,6.0E-4,0.0,0.0
3.0,1.0,6.0E-4,6.0E-4,6.0E-4,6.0E-4,0.0,0.0
2.0,28.0,6.0E-4,6.0E-4,6.0E-4,6.0E-4,0.0,0.0
2.0,27.0,6.0E-4,6.0E-4,6.0E-4,6.0E-4,0.0,0.0
2.0,26.0,6.0E-4,6.0E-4,6.0E-4,6.0E-4,0.0,0.0
2.0,25.0,6.0E-4,6.0E-4,6.0E-4,6.0E-4,0.0,0.0
2.0,22.0,0.0029,0.0029,6.0E-4,6.0E-4,15000.0,-0.0023
2.0,21.0,6.0E-4,6.0E-4,6.0E-4,6.0E-4,0.0,0.0
2.0,20.0,6.0E-4,6.0E-4,6.0E-4,6.0E-4,0.0,0.0
2.0,19.0,6.0E-4,6.0E-4,6.0E-4,6.0E-4,0.0,0.0
2.0,18.0,6.0E-4,6.0E-4,6.0E-4,6.0E-4,0.0,0.0
2.0,15.0,6.0E-4,6.0E-4,6.0E-4,6.0E-4,0.0,0.0
2.0,14.0,6.0E-4,6.0E-4,6.0E-4,6.0E-4,0.0,0.0
2.0,13.0,6.0E-4,6.0E-4,6.0E-4,6.0E-4,5000.0,0.0
2.0,12.0,5.0E-4,5.0E-4,5.0E-4,5.0E-4,0.0,0.0
2.0,11.0,5.0E-4,5.0E-4,5.0E-4,5.0E-4,0.0,0.0
2.0,8.0,5.0E-4,5.0E-4,5.0E-4,5.0E-4,0.0,0.0
2.0,7.0,5.0E-4,5.0E-4,5.0E-4,5.0E-4,0.0,0.0
2.0,6.0,5.0E-4,5.0E-4,5.0E-4,5.0E-4,0.0,0.0
2.0,5.0,5.0E-4,5.0E-4,5.0E-4,5.0E-4,0.0,0.0
2.0,4.0,5.0E-4,5.0E-4,5.0E-4,5.0E-4,0.0,0.0
2.0,1.0,5.0E-4,5.0E-4,5.0E-4,5.0E-4,0.0,0.0
1.0,31.0,5.0E-4,5.0E-4,5.0E-4,5.0E-4,0.0,0.0
1.0,30.0,5.0E-4,5.0E-4,5.0E-4,5.0E-4,0.0,0.0
1.0,29.0,5.0E-4,5.0E-4,5.0E-4,5.0E-4,0.0,0.0
1.0,28.0,5.0E-4,5.0E-4,5.0E-4,5.0E-4,0.0,0.0
1.0,25.0,5.0E-4,5.0E-4,5.0E-4,5.0E-4,0.0,0.0
1.0,24.0,5.0E-4,5.0E-4,5.0E-4,5.0E-4,0.0,0.0
1.0,23.0,5.0E-4,5.0E-4,5.0E-4,5.0E-4,0.0,0.0
1.0,22.0,5.0E-4,5.0E-4,5.0E-4,5.0E-4,0.0,0.0
1.0,21.0,5.0E-4,5.0E-4,5.0E-4,5.0E-4,0.0,0.0
1.0,18.0,5.0E-4,5.0E-4,5.0E-4,5.0E-4,0.0,0.0
1.0,17.0,5.0E-4,5.0E-4,5.0E-4,5.0E-4,0.0,0.0
1.0,16.0,5.0E-4,5.0E-4,5.0E-4,5.0E-4,0.0,0.0
1.0,15.0,5.0E-4,5.0E-4,5.0E-4,5.0E-4,0.0,0.0
1.0,14.0,0.0012,0.0012,5.0E-4,5.0E-4,946500.0,-6.999999999999999E-4
