9.0,25.0,5.83,5.83,5.83,5.83,0.0,0.0
9.0,24.0,5.83,5.83,5.83,5.83,0.0,0.0
9.0,23.0,6.247,6.247,6.247,6.247,0.0,0.0
9.0,22.0,6.247,6.247,6.247,6.247,0.0,0.0
9.0,21.0,6.247,6.247,6.247,6.247,0.0,0.0
9.0,18.0,6.247,6.247,6.247,6.247,0.0,0.0
9.0,17.0,6.247,6.247,6.247,6.247,300.0,0.0
9.0,16.0,6.07,6.078,6.063,6.063,8000.0,-0.007000000000000561
9.0,15.0,6.249,6.249,6.249,6.249,0.0,0.0
9.0,14.0,6.249,6.249,6.249,6.249,0.0,0.0
9.0,11.0,6.249,6.249,6.249,6.249,0.0,0.0
9.0,10.0,6.249,6.249,6.249,6.249,0.0,0.0
9.0,9.0,6.249,6.249,6.249,6.249,0.0,0.0
9.0,8.0,6.159,6.249,6.159,6.249,1300.0,0.08999999999999986
9.0,4.0,6.03,6.03,6.03,6.03,0.0,0.0
9.0,3.0,6.03,6.03,6.03,6.03,0.0,0.0
9.0,2.0,6.014,6.03,6.014,6.03,4000.0,0.016000000000000014
9.0,1.0,6.079,6.117,6.079,6.088,9500.0,0.009000000000000341
8.0,31.0,6.263,6.337,6.253,6.337,31100.0,0.07399999999999984
8.0,28.0,6.086,6.086,6.086,6.086,2500.0,0.0
8.0,27.0,5.778,5.778,5.778,5.778,15500.0,0.0
8.0,26.0,5.335,5.335,5.327,5.327,1800.0,-0.008000000000000007
8.0,25.0,5.304,5.304,5.296,5.296,2100.0,-0.008000000000000007
8.0,24.0,5.145,5.145,5.145,5.145,2500.0,0.0
8.0,21.0,5.546,5.546,5.546,5.546,0.0,0.0
8.0,20.0,5.546,5.546,5.546,5.546,0.0,0.0
8.0,19.0,5.546,5.546,5.546,5.546,100.0,0.0
8.0,18.0,5.881,5.881,5.881,5.881,600.0,0.0
8.0,17.0,5.909,5.909,5.909,5.909,0.0,0.0
8.0,14.0,5.909,5.909,5.909,5.909,0.0,0.0
8.0,13.0,5.909,5.909,5.909,5.909,0.0,0.0
8.0,12.0,5.909,5.909,5.909,5.909,0.0,0.0
8.0,11.0,5.909,5.909,5.909,5.909,0.0,0.0
8.0,10.0,5.909,5.909,5.909,5.909,0.0,0.0
8.0,7.0,5.909,5.909,5.909,5.909,0.0,0.0
8.0,6.0,5.909,5.909,5.909,5.909,1000.0,0.0
8.0,5.0,6.022,6.022,6.022,6.022,1000.0,0.0
8.0,4.0,6.118,6.118,6.118,6.118,0.0,0.0
8.0,3.0,6.118,6.118,6.118,6.118,0.0,0.0
7.0,31.0,6.118,6.118,6.118,6.118,0.0,0.0
7.0,30.0,6.118,6.118,6.118,6.118,1000.0,0.0
7.0,29.0,5.559,5.559,5.559,5.559,0.0,0.0
7.0,28.0,5.563,5.563,5.559,5.559,500.0,-0.0039999999999995595
7.0,27.0,5.948,5.948,5.948,5.948,0.0,0.0
7.0,24.0,5.948,5.948,5.948,5.948,0.0,0.0
7.0,23.0,5.948,5.948,5.948,5.948,0.0,0.0
7.0,22.0,5.948,5.948,5.948,5.948,0.0,0.0
7.0,21.0,5.948,5.948,5.948,5.948,1000.0,0.0
7.0,20.0,5.858,5.858,5.858,5.858,800.0,0.0
7.0,17.0,6.287,6.313,6.032,6.036,9200.0,-0.25100000000000033
7.0,16.0,6.24,6.24,6.24,6.24,0.0,0.0
7.0,15.0,6.441,6.441,6.222,6.24,1400.0,-0.20099999999999962
7.0,14.0,6.51,6.51,6.505,6.505,700.0,-0.004999999999999893
7.0,13.0,6.39,6.4,6.383,6.4,1700.0,0.010000000000000675
7.0,10.0,6.57,6.57,6.57,6.57,0.0,0.0
7.0,9.0,6.57,6.57,6.57,6.57,0.0,0.0
7.0,8.0,6.57,6.57,6.57,6.57,200.0,0.0
7.0,7.0,6.45,6.678,6.45,6.678,5200.0,0.22799999999999976
7.0,6.0,6.49,6.633,6.49,6.633,5800.0,0.1429999999999998
7.0,2.0,6.744,6.84,6.744,6.84,300.0,0.09600000000000009
7.0,1.0,7.006,7.006,7.006,7.006,0.0,0.0
6.0,30.0,7.006,7.006,7.006,7.006,0.0,0.0
6.0,29.0,7.006,7.006,7.006,7.006,0.0,0.0
6.0,26.0,7.006,7.006,7.006,7.006,0.0,0.0
6.0,25.0,7.006,7.006,7.006,7.006,100.0,0.0
6.0,24.0,6.949,6.949,6.949,6.949,300.0,0.0
6.0,23.0,7.029,7.029,7.029,7.029,0.0,0.0
6.0,22.0,7.029,7.029,7.029,7.029,0.0,0.0
6.0,19.0,7.029,7.029,7.029,7.029,300.0,0.0
6.0,18.0,7.111,7.111,7.111,7.111,500.0,0.0
6.0,17.0,7.12,7.12,7.12,7.12,0.0,0.0
6.0,16.0,7.12,7.12,7.12,7.12,100.0,0.0
6.0,15.0,7.13,7.13,7.13,7.13,0.0,0.0
6.0,12.0,7.13,7.13,7.13,7.13,0.0,0.0
6.0,11.0,7.137,7.137,7.13,7.13,1700.0,-0.006999999999999673
6.0,10.0,7.192,7.192,7.192,7.192,0.0,0.0
6.0,9.0,7.192,7.192,7.192,7.192,200.0,0.0
6.0,8.0,7.132,7.132,7.061,7.061,1100.0,-0.07099999999999973
6.0,5.0,6.976,7.088,6.976,7.088,600.0,0.1120000000000001
6.0,4.0,7.345,7.345,7.345,7.345,0.0,0.0
6.0,3.0,7.345,7.345,7.345,7.345,0.0,0.0
6.0,2.0,7.345,7.345,7.345,7.345,200.0,0.0
6.0,1.0,7.008,7.011,7.008,7.011,500.0,0.0030000000000001137
5.0,29.0,7.06,7.06,7.06,7.06,0.0,0.0
5.0,28.0,7.06,7.06,7.06,7.06,0.0,0.0
5.0,27.0,7.06,7.06,7.06,7.06,0.0,0.0
5.0,26.0,7.066,7.066,7.06,7.06,2600.0,-0.006000000000000227
5.0,22.0,7.3,7.3,7.3,7.3,800.0,0.0
5.0,21.0,7.478,7.478,7.478,7.478,300.0,0.0
5.0,20.0,7.439,7.452,7.375,7.375,800.0,-0.06400000000000006
5.0,19.0,7.281,7.281,7.146,7.146,1100.0,-0.1349999999999998
5.0,18.0,7.36,7.36,7.36,7.36,500.0,0.0
5.0,15.0,7.502,7.502,7.502,7.502,1000.0,0.0
5.0,14.0,7.676,7.676,7.676,7.676,0.0,0.0
5.0,13.0,7.676,7.676,7.676,7.676,0.0,0.0
5.0,12.0,7.68,7.68,7.676,7.676,900.0,-0.0039999999999995595
5.0,11.0,7.603,7.603,7.603,7.603,100.0,0.0
5.0,8.0,7.698,7.698,7.604,7.604,1900.0,-0.0940000000000003
5.0,7.0,7.909,7.909,7.909,7.909,0.0,0.0
5.0,6.0,7.922,7.922,7.909,7.909,1000.0,-0.0129999999999999
5.0,5.0,8.004,8.004,8.002,8.002,1200.0,-0.0019999999999988916
5.0,4.0,7.79,7.79,7.79,7.79,0.0,0.0
5.0,1.0,7.79,7.79,7.79,7.79,900.0,0.0
4.0,30.0,7.725,7.725,7.725,7.725,0.0,0.0
4.0,29.0,7.723,7.725,7.723,7.725,900.0,0.0019999999999997797
4.0,28.0,7.584,7.584,7.584,7.584,0.0,0.0
4.0,27.0,7.576,7.584,7.576,7.584,1500.0,0.008000000000000007
4.0,24.0,7.52,7.52,7.52,7.52,0.0,0.0
4.0,23.0,7.52,7.52,7.52,7.52,0.0,0.0
4.0,22.0,7.52,7.52,7.52,7.52,0.0,0.0
4.0,21.0,7.518,7.523,7.513,7.52,4600.0,0.0019999999999997797
4.0,20.0,7.477,7.477,7.477,7.477,0.0,0.0
4.0,17.0,7.477,7.477,7.477,7.477,500.0,0.0
4.0,16.0,7.71,7.71,7.488,7.488,1100.0,-0.22199999999999953
4.0,15.0,8.0,8.008,7.746,7.747,900.0,-0.2530000000000001
4.0,14.0,7.458,7.458,7.458,7.458,0.0,0.0
4.0,13.0,7.458,7.458,7.458,7.458,0.0,0.0
4.0,10.0,7.454,7.458,7.454,7.458,1900.0,0.004000000000000448
4.0,9.0,7.55,7.55,7.55,7.55,0.0,0.0
4.0,8.0,7.55,7.55,7.55,7.55,0.0,0.0
4.0,7.0,7.55,7.55,7.55,7.55,400.0,0.0
4.0,6.0,6.877,6.877,6.877,6.877,0.0,0.0
4.0,2.0,6.877,6.877,6.877,6.877,0.0,0.0
4.0,1.0,6.877,6.877,6.877,6.877,0.0,0.0
3.0,31.0,6.877,6.877,6.877,6.877,0.0,0.0
3.0,30.0,6.91,6.91,6.84,6.877,800.0,-0.03300000000000036
3.0,27.0,6.676,6.676,6.676,6.676,0.0,0.0
3.0,26.0,6.676,6.676,6.676,6.676,0.0,0.0
3.0,25.0,6.676,6.676,6.676,6.676,0.0,0.0
3.0,24.0,6.676,6.676,6.676,6.676,0.0,0.0
3.0,23.0,6.67,6.676,6.67,6.676,700.0,0.006000000000000227
3.0,20.0,6.68,6.68,6.68,6.68,0.0,0.0
3.0,19.0,6.68,6.68,6.68,6.68,0.0,0.0
3.0,18.0,6.339,6.68,6.316,6.68,10700.0,0.3409999999999993
3.0,17.0,6.44,6.44,6.44,6.44,1300.0,0.0
3.0,16.0,6.329,6.333,6.329,6.333,6100.0,0.004000000000000448
3.0,13.0,6.393,6.393,6.393,6.393,1000.0,0.0
3.0,12.0,6.95,6.968,6.668,6.668,4200.0,-0.28200000000000003
3.0,11.0,6.755,6.755,6.755,6.755,2000.0,0.0
3.0,10.0,6.436,6.436,6.436,6.436,0.0,0.0
3.0,9.0,6.436,6.436,6.436,6.436,0.0,0.0
3.0,6.0,6.436,6.436,6.436,6.436,500.0,0.0
3.0,5.0,6.79,6.79,6.606,6.606,21500.0,-0.18400000000000016
3.0,4.0,6.559,6.559,6.559,6.559,1000.0,0.0
3.0,3.0,6.258,6.258,6.258,6.258,0.0,0.0
3.0,2.0,6.258,6.258,6.258,6.258,13700.0,0.0
2.0,27.0,6.259,6.259,6.259,6.259,0.0,0.0
2.0,26.0,6.259,6.259,6.259,6.259,1000.0,0.0
2.0,25.0,6.421,6.438,6.421,6.438,1200.0,0.01699999999999946
2.0,24.0,6.295,6.295,6.295,6.295,0.0,0.0
2.0,23.0,6.064,6.295,6.064,6.295,1600.0,0.23099999999999987
2.0,20.0,6.315,6.315,6.307,6.307,1100.0,-0.008000000000000007
2.0,19.0,6.067,6.296,6.067,6.296,2800.0,0.2290000000000001
2.0,18.0,6.62,6.62,6.62,6.62,7400.0,0.0
2.0,17.0,6.655,6.774,6.655,6.774,1500.0,0.11899999999999977
2.0,13.0,6.75,6.823,6.726,6.726,14500.0,-0.02400000000000002
2.0,12.0,6.823,6.823,6.742,6.754,2100.0,-0.06900000000000084
2.0,11.0,6.353,6.353,6.322,6.326,4000.0,-0.027000000000000135
2.0,10.0,6.335,6.612,6.335,6.608,23300.0,0.2729999999999997
2.0,9.0,6.85,6.96,6.85,6.9,10800.0,0.05000000000000071
2.0,6.0,6.627,6.627,6.598,6.598,1100.0,-0.028999999999999915
2.0,5.0,6.575,6.591,6.484,6.484,3600.0,-0.09100000000000019
2.0,4.0,6.209,6.209,6.209,6.209,1500.0,0.0
2.0,3.0,6.671,6.671,6.598,6.65,10700.0,-0.020999999999999908
2.0,2.0,5.577,5.577,5.577,5.577,0.0,0.0
1.0,30.0,5.577,5.577,5.577,5.577,0.0,0.0
1.0,29.0,5.45,5.58,5.38,5.58,9000.0,0.1299999999999999
