9.0,25.0,0.0154,0.0154,0.0154,0.0154,10000.0,0.0
9.0,24.0,0.0154,0.0154,0.0154,0.0154,20000.0,0.0
9.0,23.0,0.0154,0.0154,0.0154,0.0154,0.0,0.0
9.0,22.0,0.015,0.0154,0.015,0.0154,60000.0,4.0000000000000105E-4
9.0,21.0,0.019,0.019,0.019,0.019,0.0,0.0
9.0,18.0,0.019,0.019,0.019,0.019,10000.0,0.0
9.0,17.0,0.017,0.017,0.017,0.017,0.0,0.0
9.0,16.0,0.017,0.017,0.017,0.017,0.0,0.0
9.0,15.0,0.017,0.017,0.017,0.017,0.0,0.0
9.0,14.0,0.017,0.017,0.017,0.017,10000.0,0.0
9.0,11.0,0.0165,0.0165,0.0165,0.0165,0.0,0.0
9.0,10.0,0.0165,0.0165,0.0165,0.0165,0.0,0.0
9.0,9.0,0.0165,0.0165,0.0165,0.0165,0.0,0.0
9.0,8.0,0.0165,0.0165,0.0165,0.0165,0.0,0.0
9.0,7.0,0.0165,0.0165,0.0165,0.0165,0.0,0.0
9.0,4.0,0.0165,0.0165,0.0165,0.0165,0.0,0.0
9.0,3.0,0.0165,0.0165,0.0165,0.0165,0.0,0.0
9.0,2.0,0.0165,0.0165,0.0165,0.0165,0.0,0.0
9.0,1.0,0.0165,0.0165,0.0165,0.0165,0.0,0.0
8.0,31.0,0.0165,0.0165,0.0165,0.0165,0.0,0.0
8.0,28.0,0.0165,0.0165,0.0165,0.0165,0.0,0.0
8.0,27.0,0.01615,0.0165,0.013,0.0165,225800.0,3.499999999999996E-4
8.0,26.0,0.016,0.016,0.016,0.016,0.0,0.0
8.0,25.0,0.016,0.016,0.016,0.016,0.0,0.0
8.0,24.0,0.016,0.016,0.016,0.016,0.0,0.0
8.0,21.0,0.016,0.016,0.016,0.016,0.0,0.0
8.0,20.0,0.016,0.016,0.016,0.016,0.0,0.0
8.0,19.0,0.016,0.016,0.016,0.016,0.0,0.0
8.0,18.0,0.016,0.016,0.016,0.016,0.0,0.0
8.0,17.0,0.016,0.016,0.016,0.016,5900.0,0.0
8.0,14.0,0.0167,0.0167,0.0167,0.0167,0.0,0.0
8.0,13.0,0.0167,0.0167,0.0167,0.0167,0.0,0.0
8.0,12.0,0.0167,0.0167,0.0167,0.0167,0.0,0.0
8.0,11.0,0.0167,0.0167,0.0167,0.0167,0.0,0.0
8.0,10.0,0.0167,0.0167,0.0167,0.0167,0.0,0.0
8.0,7.0,0.0167,0.0167,0.0167,0.0167,0.0,0.0
8.0,6.0,0.0167,0.0167,0.0167,0.0167,0.0,0.0
8.0,5.0,0.0167,0.0167,0.0167,0.0167,0.0,0.0
8.0,4.0,0.0167,0.0167,0.0167,0.0167,0.0,0.0
8.0,3.0,0.0167,0.0167,0.0167,0.0167,0.0,0.0
7.0,31.0,0.0167,0.0167,0.0167,0.0167,55400.0,0.0
7.0,30.0,0.0161,0.0161,0.0161,0.0161,0.0,0.0
7.0,29.0,0.0161,0.0161,0.0161,0.0161,0.0,0.0
7.0,28.0,0.0161,0.0161,0.0161,0.0161,0.0,0.0
7.0,27.0,0.0161,0.0161,0.0161,0.0161,0.0,0.0
7.0,24.0,0.0161,0.0161,0.0161,0.0161,0.0,0.0
7.0,23.0,0.016,0.0161,0.016,0.0161,60000.0,9.99999999999994E-5
7.0,22.0,0.0165,0.0165,0.0165,0.0165,0.0,0.0
7.0,21.0,0.0165,0.0165,0.0165,0.0165,0.0,0.0
7.0,20.0,0.0166,0.0166,0.0165,0.0165,20000.0,-9.99999999999994E-5
7.0,17.0,0.0166,0.0166,0.0166,0.0166,0.0,0.0
7.0,16.0,0.0166,0.0166,0.0166,0.0166,0.0,0.0
7.0,15.0,0.0166,0.0166,0.0166,0.0166,400.0,0.0
7.0,14.0,0.0166,0.0166,0.0166,0.0166,0.0,0.0
7.0,13.0,0.0166,0.0166,0.0166,0.0166,10000.0,0.0
7.0,10.0,0.0166,0.0166,0.0154,0.0154,59200.0,-0.0011999999999999997
7.0,9.0,0.018,0.018,0.018,0.018,40000.0,0.0
7.0,8.0,0.0169,0.0169,0.0169,0.0169,0.0,0.0
7.0,7.0,0.0169,0.0169,0.0169,0.0169,0.0,0.0
7.0,6.0,0.0169,0.0169,0.0169,0.0169,0.0,0.0
7.0,3.0,0.0169,0.0169,0.0169,0.0169,0.0,0.0
7.0,2.0,0.0169,0.0169,0.0169,0.0169,0.0,0.0
7.0,1.0,0.0169,0.0169,0.0169,0.0169,0.0,0.0
6.0,30.0,0.0169,0.0169,0.0169,0.0169,0.0,0.0
6.0,29.0,0.0199,0.0199,0.0165,0.0169,147500.0,-0.0030000000000000027
6.0,26.0,0.01991,0.01991,0.01991,0.01991,0.0,0.0
6.0,25.0,0.01991,0.01991,0.01991,0.01991,0.0,0.0
6.0,24.0,0.01991,0.01991,0.01991,0.01991,0.0,0.0
6.0,23.0,0.01991,0.01991,0.01991,0.01991,0.0,0.0
6.0,22.0,0.01991,0.01991,0.01991,0.01991,5300.0,0.0
6.0,19.0,0.02,0.02,0.02,0.02,0.0,0.0
6.0,18.0,0.02,0.02,0.02,0.02,0.0,0.0
6.0,17.0,0.01997,0.02,0.01997,0.02,20000.0,2.9999999999998778E-5
6.0,16.0,0.0197,0.0197,0.0197,0.0197,0.0,0.0
6.0,15.0,0.0197,0.0197,0.0197,0.0197,0.0,0.0
6.0,12.0,0.0197,0.0197,0.0197,0.0197,0.0,0.0
6.0,11.0,0.0197,0.0197,0.0197,0.0197,0.0,0.0
6.0,10.0,0.0197,0.0197,0.0197,0.0197,5000.0,0.0
6.0,9.0,0.0199,0.0199,0.0194,0.0194,25000.0,-5.000000000000004E-4
6.0,8.0,0.021,0.021,0.0197,0.0197,60000.0,-0.0013000000000000025
6.0,5.0,0.021,0.021,0.021,0.021,0.0,0.0
6.0,4.0,0.021,0.021,0.021,0.021,3000.0,0.0
6.0,3.0,0.022,0.022,0.022,0.022,0.0,0.0
6.0,2.0,0.022,0.022,0.022,0.022,0.0,0.0
6.0,1.0,0.022,0.022,0.022,0.022,0.0,0.0
5.0,29.0,0.0219,0.022,0.0219,0.022,20000.0,9.99999999999994E-5
5.0,28.0,0.021,0.021,0.021,0.021,1500.0,0.0
5.0,27.0,0.022,0.022,0.022,0.022,0.0,0.0
5.0,26.0,0.022,0.022,0.022,0.022,0.0,0.0
5.0,25.0,0.022,0.022,0.022,0.022,0.0,0.0
5.0,22.0,0.022,0.022,0.022,0.022,1000.0,0.0
5.0,21.0,0.0219,0.022,0.0219,0.022,20000.0,9.99999999999994E-5
5.0,20.0,0.0195,0.0195,0.0195,0.0195,0.0,0.0
5.0,19.0,0.0193,0.0195,0.0193,0.0195,60000.0,1.999999999999988E-4
5.0,18.0,0.0187,0.0187,0.0187,0.0187,0.0,0.0
5.0,15.0,0.0187,0.0187,0.0187,0.0187,0.0,0.0
5.0,14.0,0.0187,0.0187,0.0187,0.0187,3000.0,0.0
5.0,13.0,0.0187,0.0187,0.0187,0.0187,3200.0,0.0
5.0,12.0,0.0181,0.0186,0.0181,0.0186,13100.0,4.99999999999997E-4
5.0,11.0,0.018,0.018,0.018,0.018,0.0,0.0
5.0,8.0,0.0189,0.0189,0.018,0.018,30000.0,-9.000000000000015E-4
5.0,7.0,0.0189,0.0189,0.0189,0.0189,10000.0,0.0
5.0,6.0,0.0189,0.0189,0.0189,0.0189,0.0,0.0
5.0,5.0,0.0189,0.0189,0.0189,0.0189,10000.0,0.0
5.0,4.0,0.015,0.015,0.015,0.015,0.0,0.0
5.0,1.0,0.015,0.015,0.015,0.015,0.0,0.0
4.0,30.0,0.015,0.015,0.015,0.015,0.0,0.0
4.0,29.0,0.0149,0.015,0.0149,0.015,25100.0,9.99999999999994E-5
4.0,28.0,0.015,0.015,0.015,0.015,0.0,0.0
4.0,27.0,0.015,0.015,0.015,0.015,0.0,0.0
4.0,24.0,0.015,0.015,0.015,0.015,1000.0,0.0
4.0,23.0,0.0149,0.0149,0.0149,0.0149,0.0,0.0
4.0,22.0,0.0149,0.0149,0.0149,0.0149,0.0,0.0
4.0,21.0,0.0149,0.0149,0.0149,0.0149,0.0,0.0
4.0,20.0,0.0149,0.0149,0.0149,0.0149,0.0,0.0
4.0,17.0,0.0149,0.0149,0.0149,0.0149,5000.0,0.0
4.0,16.0,0.015,0.015,0.015,0.015,0.0,0.0
4.0,15.0,0.015,0.015,0.015,0.015,0.0,0.0
4.0,14.0,0.015,0.015,0.015,0.015,0.0,0.0
4.0,13.0,0.015,0.015,0.015,0.015,0.0,0.0
4.0,10.0,0.015,0.015,0.015,0.015,0.0,0.0
4.0,9.0,0.015,0.015,0.015,0.015,0.0,0.0
4.0,8.0,0.015,0.015,0.015,0.015,0.0,0.0
4.0,7.0,0.015,0.015,0.015,0.015,0.0,0.0
4.0,6.0,0.015,0.015,0.015,0.015,0.0,0.0
4.0,3.0,0.015,0.015,0.015,0.015,0.0,0.0
4.0,2.0,0.015,0.015,0.015,0.015,10000.0,0.0
4.0,1.0,0.014,0.014,0.014,0.014,0.0,0.0
3.0,31.0,0.014,0.014,0.014,0.014,0.0,0.0
3.0,30.0,0.014,0.014,0.014,0.014,0.0,0.0
3.0,27.0,0.014,0.014,0.014,0.014,0.0,0.0
3.0,26.0,0.014,0.014,0.014,0.014,0.0,0.0
3.0,25.0,0.014,0.014,0.014,0.014,0.0,0.0
3.0,24.0,0.0201,0.0201,0.0125,0.014,670000.0,-0.0060999999999999995
3.0,23.0,0.018,0.018,0.018,0.018,0.0,0.0
3.0,20.0,0.018,0.018,0.018,0.018,0.0,0.0
3.0,19.0,0.018,0.018,0.018,0.018,0.0,0.0
3.0,18.0,0.018,0.018,0.018,0.018,0.0,0.0
3.0,17.0,0.018,0.018,0.018,0.018,0.0,0.0
3.0,16.0,0.018,0.018,0.018,0.018,0.0,0.0
3.0,13.0,0.018,0.018,0.018,0.018,0.0,0.0
3.0,12.0,0.018,0.018,0.018,0.018,8500.0,0.0
3.0,11.0,0.013,0.013,0.013,0.013,0.0,0.0
3.0,10.0,0.017,0.017,0.013,0.013,45000.0,-0.004000000000000002
3.0,9.0,0.016,0.016,0.016,0.016,1500.0,0.0
3.0,6.0,0.015,0.015,0.015,0.015,0.0,0.0
3.0,5.0,0.015,0.015,0.015,0.015,0.0,0.0
3.0,4.0,0.015,0.015,0.015,0.015,0.0,0.0
3.0,3.0,0.015,0.015,0.015,0.015,7500.0,0.0
3.0,2.0,0.0125,0.0125,0.0125,0.0125,0.0,0.0
2.0,27.0,0.0125,0.0125,0.0125,0.0125,0.0,0.0
2.0,26.0,0.0125,0.0125,0.0125,0.0125,0.0,0.0
2.0,25.0,0.0125,0.0125,0.0125,0.0125,0.0,0.0
2.0,24.0,0.0125,0.0125,0.0125,0.0125,0.0,0.0
2.0,23.0,0.0125,0.0125,0.0125,0.0125,0.0,0.0
2.0,20.0,0.0125,0.0125,0.0125,0.0125,0.0,0.0
2.0,19.0,0.0125,0.0125,0.0125,0.0125,0.0,0.0
2.0,18.0,0.0125,0.0125,0.0125,0.0125,0.0,0.0
2.0,17.0,0.0125,0.0125,0.0125,0.0125,0.0,0.0
2.0,16.0,0.0125,0.0125,0.0125,0.0125,0.0,0.0
2.0,13.0,0.0125,0.0125,0.0125,0.0125,0.0,0.0
2.0,12.0,0.0125,0.0125,0.0125,0.0125,0.0,0.0
2.0,11.0,0.016,0.01605,0.0125,0.0125,95000.0,-0.0034999999999999996
2.0,10.0,0.013,0.013,0.013,0.013,0.0,0.0
2.0,9.0,0.013,0.013,0.013,0.013,0.0,0.0
2.0,6.0,0.0245,0.0245,0.013,0.013,315000.0,-0.011500000000000002
2.0,5.0,0.0275,0.0275,0.025,0.025,45000.0,-0.0024999999999999988
2.0,4.0,0.025,0.025,0.025,0.025,0.0,0.0
2.0,3.0,0.03019,0.03019,0.025,0.025,80000.0,-0.00519
2.0,2.0,0.03109,0.03109,0.031,0.031,20000.0,-8.99999999999998E-5
1.0,30.0,0.031,0.031,0.031,0.031,0.0,0.0
1.0,29.0,0.031,0.031,0.031,0.031,0.0,0.0
1.0,28.0,0.031,0.031,0.031,0.031,0.0,0.0
1.0,27.0,0.031,0.031,0.031,0.031,0.0,0.0
1.0,26.0,0.031,0.031,0.031,0.031,0.0,0.0
1.0,23.0,0.031,0.031,0.031,0.031,0.0,0.0
1.0,22.0,0.047,0.047,0.031,0.031,11000.0,-0.016
1.0,21.0,0.035,0.035,0.035,0.035,5000.0,0.0
1.0,20.0,0.0385,0.0385,0.03,0.03,429800.0,-0.0085
1.0,19.0,0.0355,0.0355,0.0355,0.0355,0.0,0.0
1.0,16.0,0.032,0.04,0.032,0.0355,247500.0,0.003499999999999996
1.0,15.0,0.0305,0.0305,0.0305,0.0305,0.0,0.0
1.0,14.0,0.0305,0.0305,0.0305,0.0305,0.0,0.0
1.0,13.0,0.0305,0.0305,0.0305,0.0305,10000.0,0.0
1.0,12.0,0.032,0.032,0.032,0.032,0.0,0.0
1.0,9.0,0.032,0.032,0.032,0.032,0.0,0.0
1.0,8.0,0.032,0.032,0.032,0.032,0.0,0.0
1.0,7.0,0.032,0.032,0.032,0.032,0.0,0.0
1.0,6.0,0.032,0.032,0.032,0.032,10000.0,0.0
1.0,5.0,0.032,0.032,0.032,0.032,29600.0,0.0
1.0,2.0,0.032,0.032,0.032,0.032,1000.0,0.0
1.0,1.0,0.032,0.032,0.032,0.032,0.0,0.0
12.0,31.0,0.032,0.032,0.032,0.032,0.0,0.0
12.0,30.0,0.032,0.032,0.032,0.032,0.0,0.0
12.0,29.0,0.032,0.032,0.032,0.032,0.0,0.0
12.0,26.0,0.032,0.032,0.032,0.032,0.0,0.0
12.0,25.0,0.032,0.032,0.032,0.032,0.0,0.0
12.0,24.0,0.032,0.032,0.032,0.032,10000.0,0.0
12.0,23.0,0.031,0.031,0.031,0.031,0.0,0.0
12.0,22.0,0.031,0.031,0.031,0.031,0.0,0.0
12.0,19.0,0.031,0.031,0.031,0.031,0.0,0.0
12.0,18.0,0.031,0.031,0.031,0.031,0.0,0.0
12.0,17.0,0.031,0.031,0.031,0.031,0.0,0.0
12.0,16.0,0.031,0.031,0.031,0.031,0.0,0.0
12.0,15.0,0.031,0.031,0.031,0.031,0.0,0.0
12.0,12.0,0.031,0.031,0.031,0.031,0.0,0.0
12.0,11.0,0.03109,0.03109,0.031,0.031,20000.0,-8.99999999999998E-5
12.0,10.0,0.03,0.03,0.03,0.03,0.0,0.0
12.0,9.0,0.03,0.03,0.03,0.03,3000.0,0.0
12.0,8.0,0.03,0.03,0.03,0.03,0.0,0.0
12.0,5.0,0.03,0.03,0.03,0.03,66500.0,0.0
12.0,4.0,0.03117,0.03117,0.028,0.028,25000.0,-0.003169999999999999
12.0,3.0,0.0328,0.0328,0.0328,0.0328,0.0,0.0
12.0,2.0,0.0328,0.0328,0.0328,0.0328,7500.0,0.0
12.0,1.0,0.03,0.03,0.03,0.03,0.0,0.0
11.0,28.0,0.03,0.03,0.03,0.03,0.0,0.0
11.0,27.0,0.03,0.03,0.03,0.03,0.0,0.0
11.0,26.0,0.03,0.03,0.03,0.03,0.0,0.0
11.0,25.0,0.03,0.03,0.03,0.03,0.0,0.0
11.0,24.0,0.03,0.03,0.03,0.03,0.0,0.0
11.0,21.0,0.03,0.03,0.03,0.03,0.0,0.0
11.0,20.0,0.03,0.03,0.03,0.03,0.0,0.0
11.0,19.0,0.0325,0.034,0.03,0.03,230000.0,-0.0025000000000000022
11.0,18.0,0.032,0.036,0.032,0.032,12000.0,0.0
11.0,17.0,0.034,0.034,0.034,0.034,10000.0,0.0
11.0,14.0,0.035,0.035,0.035,0.035,0.0,0.0
11.0,13.0,0.035,0.035,0.035,0.035,0.0,0.0
11.0,12.0,0.035,0.035,0.035,0.035,0.0,0.0
11.0,11.0,0.035,0.035,0.035,0.035,0.0,0.0
11.0,10.0,0.035,0.035,0.035,0.035,10000.0,0.0
11.0,7.0,0.032,0.032,0.032,0.032,0.0,0.0
11.0,6.0,0.034,0.034,0.03,0.032,310000.0,-0.0020000000000000018
11.0,5.0,0.027,0.03,0.023,0.03,228900.0,0.002999999999999999
11.0,4.0,0.016,0.0227,0.01,0.022,112600.0,0.005999999999999998
11.0,3.0,0.017,0.052,0.01,0.012,1155100.0,-0.005000000000000001
10.0,31.0,0.017,0.017,0.017,0.017,100.0,0.0
10.0,30.0,0.03,0.03,0.03,0.03,0.0,0.0
10.0,29.0,0.03,0.03,0.02,0.03,121300.0,0.0
10.0,28.0,0.03,0.055,0.016,0.016,468000.0,-0.013999999999999999
10.0,27.0,0.009,0.009,0.009,0.009,0.0,0.0
10.0,24.0,0.009,0.009,0.009,0.009,0.0,0.0
10.0,23.0,0.009,0.009,0.009,0.009,0.0,0.0
10.0,22.0,0.009,0.009,0.009,0.009,0.0,0.0
10.0,21.0,0.009,0.009,0.009,0.009,0.0,0.0
10.0,20.0,0.009,0.009,0.009,0.009,0.0,0.0
10.0,17.0,0.009,0.009,0.009,0.009,0.0,0.0
10.0,16.0,0.009,0.009,0.009,0.009,0.0,0.0
10.0,15.0,0.009,0.009,0.009,0.009,0.0,0.0
10.0,14.0,0.009,0.009,0.009,0.009,0.0,0.0
10.0,13.0,0.012,0.012,0.009,0.009,30000.0,-0.003000000000000001
10.0,10.0,0.015,0.015,0.015,0.015,0.0,0.0
10.0,9.0,0.015,0.015,0.015,0.015,0.0,0.0
10.0,8.0,0.015,0.015,0.015,0.015,0.0,0.0
10.0,7.0,0.015,0.015,0.015,0.015,0.0,0.0
10.0,6.0,0.015,0.015,0.015,0.015,0.0,0.0
10.0,3.0,0.015,0.015,0.015,0.015,0.0,0.0
10.0,2.0,0.015,0.015,0.015,0.015,3000.0,0.0
10.0,1.0,0.012,0.012,0.012,0.012,1600.0,0.0
9.0,30.0,0.015,0.015,0.015,0.015,0.0,0.0
9.0,29.0,0.015,0.015,0.015,0.015,0.0,0.0
9.0,26.0,0.015,0.015,0.015,0.015,0.0,0.0
9.0,25.0,0.0165,0.0165,0.015,0.015,30000.0,-0.0015000000000000013
9.0,24.0,0.015,0.015,0.015,0.015,0.0,0.0
9.0,23.0,0.015,0.015,0.015,0.015,1000.0,0.0
9.0,22.0,0.014,0.014,0.014,0.014,0.0,0.0
9.0,19.0,0.014,0.014,0.014,0.014,0.0,0.0
9.0,18.0,0.014,0.014,0.014,0.014,0.0,0.0
9.0,17.0,0.014,0.014,0.014,0.014,20000.0,0.0
9.0,16.0,0.014,0.014,0.014,0.014,0.0,0.0
9.0,15.0,0.016,0.016,0.013,0.014,85000.0,-0.002
9.0,12.0,0.015,0.015,0.015,0.015,0.0,0.0
9.0,11.0,0.015,0.015,0.015,0.015,0.0,0.0
9.0,10.0,0.015,0.015,0.015,0.015,34600.0,0.0
9.0,9.0,0.035,0.035,0.035,0.035,0.0,0.0
9.0,8.0,0.035,0.035,0.035,0.035,0.0,0.0
9.0,5.0,0.035,0.035,0.035,0.035,10000.0,0.0
9.0,4.0,0.032,0.032,0.032,0.032,20000.0,0.0
9.0,3.0,0.022,0.022,0.022,0.022,47600.0,0.0
9.0,2.0,0.022,0.022,0.022,0.022,25000.0,0.0
9.0,1.0,0.022,0.022,0.022,0.022,0.0,0.0
8.0,29.0,0.022,0.022,0.022,0.022,0.0,0.0
8.0,28.0,0.022,0.022,0.022,0.022,0.0,0.0
8.0,27.0,0.022,0.022,0.022,0.022,26000.0,0.0
8.0,26.0,0.022,0.022,0.022,0.022,0.0,0.0
8.0,25.0,0.021,0.022,0.021,0.022,21100.0,9.999999999999974E-4
8.0,22.0,0.022,0.022,0.022,0.022,10000.0,0.0
8.0,21.0,0.021,0.021,0.021,0.021,25000.0,0.0
8.0,20.0,0.022,0.022,0.022,0.022,0.0,0.0
8.0,19.0,0.022,0.022,0.022,0.022,0.0,0.0
8.0,18.0,0.022,0.022,0.022,0.022,24000.0,0.0
8.0,15.0,0.022,0.022,0.022,0.022,0.0,0.0
8.0,14.0,0.022,0.022,0.022,0.022,49700.0,0.0
8.0,13.0,0.02,0.022,0.02,0.022,62700.0,0.0019999999999999983
8.0,12.0,0.019,0.019,0.019,0.019,0.0,0.0
8.0,11.0,0.019,0.019,0.019,0.019,143500.0,0.0
8.0,8.0,0.019,0.019,0.019,0.019,0.0,0.0
8.0,7.0,0.019,0.019,0.019,0.019,0.0,0.0
8.0,6.0,0.019,0.019,0.019,0.019,17000.0,0.0
8.0,5.0,0.019,0.019,0.019,0.019,0.0,0.0
8.0,4.0,0.019,0.019,0.019,0.019,10000.0,0.0
8.0,1.0,0.019,0.019,0.019,0.019,45000.0,0.0
7.0,31.0,0.0188,0.0188,0.0188,0.0188,10000.0,0.0
7.0,30.0,0.0188,0.0188,0.0188,0.0188,25000.0,0.0
7.0,29.0,0.019,0.019,0.019,0.019,0.0,0.0
7.0,28.0,0.019,0.019,0.019,0.019,0.0,0.0
7.0,25.0,0.019,0.019,0.019,0.019,0.0,0.0
7.0,24.0,0.019,0.019,0.019,0.019,0.0,0.0
7.0,23.0,0.019,0.019,0.019,0.019,0.0,0.0
7.0,22.0,0.019,0.019,0.019,0.019,10000.0,0.0
7.0,21.0,0.019,0.019,0.019,0.019,13000.0,0.0
7.0,18.0,0.018,0.018,0.018,0.018,25000.0,0.0
7.0,17.0,0.0195,0.0195,0.018,0.018,34500.0,-0.0015000000000000013
7.0,16.0,0.0145,0.019,0.0145,0.019,70000.0,0.004499999999999999
7.0,15.0,0.012,0.012,0.012,0.012,48000.0,0.0
7.0,14.0,0.015,0.015,0.015,0.015,0.0,0.0
7.0,11.0,0.015,0.015,0.015,0.015,0.0,0.0
7.0,10.0,0.015,0.015,0.015,0.015,44000.0,0.0
7.0,9.0,0.0165,0.0165,0.0165,0.0165,0.0,0.0
7.0,8.0,0.0165,0.0165,0.0165,0.0165,0.0,0.0
7.0,7.0,0.0165,0.0165,0.0165,0.0165,0.0,0.0
7.0,4.0,0.0165,0.0165,0.0165,0.0165,0.0,0.0
7.0,3.0,0.0165,0.0165,0.0165,0.0165,0.0,0.0
7.0,2.0,0.0165,0.0165,0.0165,0.0165,0.0,0.0
7.0,1.0,0.0165,0.0165,0.0165,0.0165,0.0,0.0
6.0,30.0,0.0165,0.0165,0.0165,0.0165,0.0,0.0
6.0,27.0,0.0165,0.0165,0.0165,0.0165,0.0,0.0
6.0,26.0,0.0165,0.0165,0.0165,0.0165,0.0,0.0
6.0,25.0,0.018,0.018,0.0165,0.0165,9000.0,-0.0014999999999999979
6.0,24.0,0.0166,0.018,0.015,0.018,33000.0,0.0013999999999999985
6.0,23.0,0.0185,0.0185,0.0185,0.0185,10000.0,0.0
6.0,20.0,0.019,0.019,0.019,0.019,2000.0,0.0
6.0,19.0,0.019,0.019,0.019,0.019,24000.0,0.0
6.0,18.0,0.019,0.019,0.019,0.019,0.0,0.0
6.0,17.0,0.019,0.019,0.019,0.019,25000.0,0.0
6.0,16.0,0.019,0.019,0.019,0.019,0.0,0.0
6.0,13.0,0.019,0.019,0.019,0.019,20000.0,0.0
6.0,12.0,0.019,0.019,0.019,0.019,0.0,0.0
6.0,11.0,0.019,0.019,0.019,0.019,15000.0,0.0
6.0,10.0,0.019,0.019,0.019,0.019,0.0,0.0
6.0,9.0,0.019,0.019,0.019,0.019,0.0,0.0
6.0,6.0,0.019,0.019,0.019,0.019,21500.0,0.0
6.0,5.0,0.019,0.019,0.019,0.019,25000.0,0.0
6.0,4.0,0.0175,0.0175,0.0175,0.0175,15000.0,0.0
6.0,3.0,0.0175,0.0175,0.0174,0.0175,50700.0,0.0
6.0,2.0,0.019,0.019,0.019,0.019,0.0,0.0
5.0,30.0,0.019,0.019,0.019,0.019,10000.0,0.0
5.0,29.0,0.019,0.019,0.019,0.019,10000.0,0.0
5.0,28.0,0.0185,0.0185,0.0185,0.0185,10000.0,0.0
5.0,27.0,0.019,0.019,0.019,0.019,10000.0,0.0
5.0,26.0,0.014,0.014,0.014,0.014,0.0,0.0
5.0,23.0,0.014,0.014,0.014,0.014,2000.0,0.0
5.0,22.0,0.019,0.019,0.019,0.019,5000.0,0.0
5.0,21.0,0.019,0.019,0.018,0.018,20000.0,-0.0010000000000000009
5.0,20.0,0.019,0.019,0.019,0.019,10000.0,0.0
5.0,19.0,0.019,0.019,0.019,0.019,62200.0,0.0
5.0,16.0,0.015,0.015,0.015,0.015,0.0,0.0
5.0,15.0,0.019,0.019,0.015,0.015,26000.0,-0.004
5.0,14.0,0.011,0.011,0.011,0.011,0.0,0.0
5.0,13.0,0.01,0.019,0.01,0.011,94600.0,9.999999999999992E-4
5.0,12.0,0.018,0.018,0.018,0.018,20000.0,0.0
5.0,9.0,0.019,0.019,0.019,0.019,140000.0,0.0
5.0,8.0,0.019,0.019,0.019,0.019,0.0,0.0
5.0,7.0,0.019,0.019,0.019,0.019,0.0,0.0
5.0,6.0,0.019,0.019,0.019,0.019,0.0,0.0
5.0,5.0,0.019,0.019,0.018,0.019,51000.0,0.0
5.0,2.0,0.019,0.019,0.019,0.019,17500.0,0.0
5.0,1.0,0.019,0.019,0.019,0.019,26000.0,0.0
4.0,30.0,0.019,0.019,0.019,0.019,31500.0,0.0
4.0,29.0,0.02,0.02,0.02,0.02,0.0,0.0
4.0,28.0,0.02,0.02,0.02,0.02,3000.0,0.0
4.0,25.0,0.02,0.02,0.02,0.02,0.0,0.0
4.0,24.0,0.02,0.02,0.02,0.02,0.0,0.0
4.0,23.0,0.02,0.02,0.02,0.02,0.0,0.0
4.0,22.0,0.02,0.02,0.02,0.02,4200.0,0.0
4.0,21.0,0.02,0.02,0.02,0.02,35000.0,0.0
4.0,18.0,0.018,0.018,0.018,0.018,0.0,0.0
4.0,17.0,0.018,0.018,0.018,0.018,0.0,0.0
4.0,16.0,0.018,0.018,0.018,0.018,0.0,0.0
4.0,15.0,0.018,0.018,0.018,0.018,700.0,0.0
4.0,14.0,0.026,0.026,0.026,0.026,0.0,0.0
4.0,11.0,0.026,0.026,0.026,0.026,0.0,0.0
4.0,10.0,0.025,0.026,0.025,0.026,117000.0,9.999999999999974E-4
4.0,9.0,0.026,0.026,0.026,0.026,0.0,0.0
4.0,8.0,0.026,0.026,0.026,0.026,0.0,0.0
4.0,7.0,0.026,0.026,0.026,0.026,0.0,0.0
4.0,4.0,0.026,0.026,0.026,0.026,0.0,0.0
4.0,3.0,0.025,0.026,0.025,0.026,35000.0,9.999999999999974E-4
4.0,2.0,0.02,0.02,0.02,0.02,0.0,0.0
4.0,1.0,0.02,0.02,0.02,0.02,0.0,0.0
3.0,31.0,0.012,0.02,0.012,0.02,130000.0,0.008
3.0,28.0,0.02,0.02,0.02,0.02,80000.0,0.0
3.0,27.0,0.02,0.02,0.02,0.02,4700.0,0.0
3.0,26.0,0.0253,0.0253,0.0253,0.0253,0.0,0.0
3.0,25.0,0.0253,0.0253,0.0253,0.0253,0.0,0.0
3.0,24.0,0.03,0.03,0.02,0.0253,160000.0,-0.004699999999999999
3.0,21.0,0.035,0.035,0.035,0.035,0.0,0.0
3.0,20.0,0.035,0.035,0.035,0.035,0.0,0.0
3.0,19.0,0.035,0.035,0.035,0.035,60000.0,0.0
3.0,18.0,0.035,0.035,0.035,0.035,0.0,0.0
3.0,17.0,0.035,0.035,0.035,0.035,0.0,0.0
3.0,14.0,0.035,0.035,0.035,0.035,0.0,0.0
3.0,13.0,0.035,0.035,0.035,0.035,0.0,0.0
3.0,12.0,0.035,0.035,0.035,0.035,40000.0,0.0
3.0,11.0,0.04,0.04,0.04,0.04,0.0,0.0
3.0,10.0,0.04,0.04,0.04,0.04,0.0,0.0
3.0,7.0,0.04,0.04,0.04,0.04,0.0,0.0
3.0,6.0,0.04,0.04,0.04,0.04,0.0,0.0
3.0,5.0,0.04,0.04,0.04,0.04,0.0,0.0
3.0,4.0,0.04,0.04,0.04,0.04,0.0,0.0
3.0,3.0,0.04,0.04,0.04,0.04,500.0,0.0
2.0,28.0,0.0375,0.0375,0.0375,0.0375,20000.0,0.0
2.0,27.0,0.04,0.04,0.04,0.04,2500.0,0.0
2.0,26.0,0.036,0.04,0.035,0.035,80200.0,-9.99999999999994E-4
2.0,25.0,0.036,0.036,0.036,0.036,15000.0,0.0
2.0,24.0,0.036,0.036,0.036,0.036,0.0,0.0
2.0,21.0,0.036,0.036,0.036,0.036,10000.0,0.0
2.0,20.0,0.04,0.04,0.04,0.04,20000.0,0.0
2.0,19.0,0.04,0.04,0.035,0.035,11500.0,-0.0049999999999999975
2.0,18.0,0.045,0.045,0.045,0.045,0.0,0.0
2.0,17.0,0.045,0.045,0.045,0.045,0.0,0.0
2.0,14.0,0.045,0.045,0.045,0.045,0.0,0.0
2.0,13.0,0.045,0.045,0.045,0.045,0.0,0.0
2.0,12.0,0.045,0.045,0.045,0.045,0.0,0.0
2.0,11.0,0.045,0.045,0.045,0.045,0.0,0.0
2.0,10.0,0.045,0.045,0.045,0.045,104500.0,0.0
2.0,7.0,0.045,0.045,0.045,0.045,0.0,0.0
2.0,6.0,0.045,0.045,0.045,0.045,25500.0,0.0
2.0,5.0,0.05,0.05,0.05,0.05,0.0,0.0
2.0,4.0,0.05,0.05,0.05,0.05,500.0,0.0
2.0,3.0,0.05,0.05,0.05,0.05,5000.0,0.0
1.0,31.0,0.039,0.045,0.039,0.045,163600.0,0.005999999999999998
1.0,30.0,0.0354,0.0354,0.0354,0.0354,0.0,0.0
1.0,29.0,0.0354,0.0354,0.0354,0.0354,0.0,0.0
1.0,28.0,0.0354,0.0354,0.0354,0.0354,0.0,0.0
1.0,27.0,0.0354,0.0354,0.0354,0.0354,500.0,0.0
1.0,24.0,0.04,0.04,0.04,0.04,0.0,0.0
1.0,23.0,0.04,0.04,0.04,0.04,0.0,0.0
1.0,22.0,0.04,0.04,0.04,0.04,0.0,0.0
1.0,21.0,0.04,0.04,0.04,0.04,27400.0,0.0
1.0,20.0,0.045,0.045,0.045,0.045,0.0,0.0
1.0,17.0,0.045,0.045,0.045,0.045,32000.0,0.0
1.0,16.0,0.04,0.04,0.04,0.04,0.0,0.0
1.0,15.0,0.04,0.04,0.04,0.04,10000.0,0.0
1.0,14.0,0.04,0.04,0.04,0.04,0.0,0.0
1.0,13.0,0.04,0.04,0.04,0.04,0.0,0.0
1.0,10.0,0.04,0.04,0.04,0.04,25900.0,0.0
1.0,9.0,0.05,0.05,0.035,0.035,50200.0,-0.015
1.0,8.0,0.045,0.05,0.045,0.05,11500.0,0.0050000000000000044
1.0,7.0,0.045,0.05,0.045,0.048,46000.0,0.0030000000000000027
1.0,6.0,0.035,0.035,0.03,0.03,40000.0,-0.0050000000000000044
1.0,3.0,0.045,0.045,0.045,0.045,45000.0,0.0
1.0,2.0,0.045,0.045,0.045,0.045,0.0,0.0
1.0,1.0,0.045,0.045,0.045,0.045,0.0,0.0
12.0,31.0,0.04,0.045,0.04,0.045,112200.0,0.0049999999999999975
12.0,30.0,0.035,0.04,0.035,0.04,103000.0,0.0049999999999999975
12.0,27.0,0.045,0.045,0.045,0.045,0.0,0.0
12.0,26.0,0.045,0.045,0.045,0.045,0.0,0.0
12.0,25.0,0.045,0.045,0.045,0.045,0.0,0.0
12.0,24.0,0.045,0.045,0.045,0.045,0.0,0.0
12.0,23.0,0.036,0.045,0.0345,0.045,100800.0,0.009000000000000001
12.0,20.0,0.043,0.043,0.043,0.043,0.0,0.0
12.0,19.0,0.043,0.043,0.0428,0.043,149500.0,0.0
12.0,18.0,0.043,0.043,0.043,0.043,0.0,0.0
12.0,17.0,0.044,0.044,0.043,0.043,32500.0,-0.0010000000000000009
12.0,16.0,0.0424,0.045,0.041,0.043,99000.0,5.999999999999964E-4
12.0,13.0,0.045,0.045,0.045,0.045,11000.0,0.0
12.0,12.0,0.04,0.04,0.04,0.04,25000.0,0.0
12.0,11.0,0.045,0.045,0.045,0.045,0.0,0.0
12.0,10.0,0.045,0.045,0.045,0.045,1500.0,0.0
12.0,9.0,0.042,0.042,0.042,0.042,10000.0,0.0
12.0,6.0,0.032,0.032,0.032,0.032,40000.0,0.0
12.0,5.0,0.032,0.032,0.032,0.032,3500.0,0.0
12.0,4.0,0.042,0.042,0.042,0.042,0.0,0.0
12.0,3.0,0.032,0.042,0.032,0.042,2500.0,0.010000000000000002
12.0,2.0,0.0425,0.0425,0.0425,0.0425,0.0,0.0
11.0,29.0,0.04,0.0425,0.04,0.0425,35000.0,0.0025000000000000022
11.0,28.0,0.032,0.032,0.032,0.032,0.0,0.0
11.0,27.0,0.032,0.032,0.032,0.032,5000.0,0.0
11.0,26.0,0.0386,0.0386,0.0386,0.0386,0.0,0.0
11.0,25.0,0.0386,0.0386,0.0386,0.0386,10000.0,0.0
11.0,22.0,0.03,0.03,0.03,0.03,0.0,0.0
11.0,21.0,0.03,0.03,0.03,0.03,0.0,0.0
11.0,20.0,0.03,0.03,0.03,0.03,10000.0,0.0
11.0,19.0,0.03,0.03,0.03,0.03,900.0,0.0
11.0,18.0,0.03,0.03,0.03,0.03,10000.0,0.0
11.0,15.0,0.031,0.031,0.031,0.031,0.0,0.0
11.0,14.0,0.0323,0.0323,0.031,0.031,20000.0,-0.0013000000000000025
11.0,13.0,0.031,0.031,0.031,0.031,0.0,0.0
11.0,12.0,0.031,0.031,0.031,0.031,1000.0,0.0
11.0,11.0,0.031,0.031,0.031,0.031,0.0,0.0
11.0,8.0,0.031,0.031,0.031,0.031,0.0,0.0
11.0,7.0,0.031,0.031,0.031,0.031,0.0,0.0
11.0,6.0,0.031,0.031,0.031,0.031,0.0,0.0
11.0,5.0,0.031,0.031,0.031,0.031,0.0,0.0
11.0,4.0,0.031,0.031,0.031,0.031,0.0,0.0
11.0,1.0,0.031,0.031,0.031,0.031,0.0,0.0
10.0,31.0,0.031,0.031,0.031,0.031,0.0,0.0
10.0,30.0,0.031,0.031,0.031,0.031,10800.0,0.0
10.0,29.0,0.0321,0.0321,0.0315,0.0315,70000.0,-5.999999999999964E-4
10.0,28.0,0.0315,0.0315,0.0315,0.0315,0.0,0.0
10.0,25.0,0.0331,0.0331,0.0265,0.0315,107400.0,-0.0015999999999999973
10.0,24.0,0.0485,0.0485,0.0485,0.0485,0.0,0.0
10.0,23.0,0.0485,0.0485,0.0485,0.0485,0.0,0.0
10.0,22.0,0.0485,0.0485,0.0485,0.0485,0.0,0.0
10.0,21.0,0.0485,0.0485,0.0485,0.0485,80000.0,0.0
10.0,18.0,0.049,0.049,0.049,0.049,0.0,0.0
10.0,17.0,0.0375,0.049,0.0375,0.049,41000.0,0.011500000000000003
10.0,16.0,0.03,0.044,0.03,0.044,100000.0,0.013999999999999999
10.0,15.0,0.0264,0.0264,0.026,0.026,10000.0,-4.0000000000000105E-4
10.0,14.0,0.03,0.03,0.03,0.03,0.0,0.0
10.0,11.0,0.03,0.03,0.03,0.03,0.0,0.0
10.0,10.0,0.03,0.03,0.03,0.03,0.0,0.0
10.0,9.0,0.03,0.03,0.03,0.03,3000.0,0.0
10.0,8.0,0.0452,0.0452,0.01,0.01,249900.0,-0.035199999999999995
10.0,7.0,0.045,0.045,0.045,0.045,0.0,0.0
10.0,4.0,0.045,0.045,0.045,0.045,132600.0,0.0
10.0,3.0,0.035,0.05,0.0342,0.04,216500.0,0.0049999999999999975
10.0,2.0,0.035,0.035,0.035,0.035,3300.0,0.0
10.0,1.0,0.0328,0.0332,0.0328,0.0331,22800.0,2.999999999999947E-4
9.0,30.0,0.032,0.032,0.0317,0.032,115700.0,0.0
9.0,27.0,0.03,0.03,0.03,0.03,0.0,0.0
9.0,26.0,0.03,0.034,0.03,0.03,30500.0,0.0
9.0,25.0,0.034,0.034,0.034,0.034,3400.0,0.0
9.0,24.0,0.0308,0.0308,0.0308,0.0308,20000.0,0.0
9.0,23.0,0.0304,0.0308,0.0304,0.0308,10000.0,4.0000000000000105E-4
9.0,20.0,0.0304,0.0304,0.0304,0.0304,10000.0,0.0
9.0,19.0,0.03,0.03,0.03,0.03,0.0,0.0
9.0,18.0,0.034,0.034,0.027,0.03,59200.0,-0.0040000000000000036
9.0,17.0,0.025,0.0277,0.025,0.0277,124800.0,0.0026999999999999975
9.0,16.0,0.021,0.026,0.02,0.02,44700.0,-0.0010000000000000009
9.0,13.0,0.021,0.021,0.021,0.021,25000.0,0.0
9.0,12.0,0.034,0.0349,0.02,0.02,71300.0,-0.014000000000000002
9.0,11.0,0.0243,0.03,0.0243,0.028,459800.0,0.003700000000000002
9.0,10.0,0.029,0.029,0.02,0.02,30000.0,-0.009000000000000001
9.0,9.0,0.016,0.029,0.016,0.029,21700.0,0.013000000000000001
9.0,6.0,0.016,0.016,0.016,0.016,32000.0,0.0
9.0,5.0,0.0136,0.0137,0.0136,0.0137,54400.0,1.0000000000000113E-4
9.0,4.0,0.0135,0.0135,0.0135,0.0135,20000.0,0.0
9.0,3.0,0.013,0.013,0.013,0.013,100000.0,0.0
9.0,2.0,0.01,0.01,0.01,0.01,0.0,0.0
8.0,30.0,0.0103,0.0103,0.01,0.01,75000.0,-2.999999999999999E-4
8.0,29.0,0.01,0.01,0.01,0.01,0.0,0.0
8.0,28.0,0.01,0.01,0.01,0.01,0.0,0.0
8.0,27.0,0.01,0.01,0.01,0.01,0.0,0.0
8.0,26.0,0.01,0.01,0.01,0.01,900.0,0.0
8.0,23.0,0.012,0.012,0.012,0.012,0.0,0.0
8.0,22.0,0.012,0.012,0.012,0.012,0.0,0.0
8.0,21.0,0.012,0.012,0.012,0.012,10000.0,0.0
8.0,20.0,0.012,0.012,0.012,0.012,0.0,0.0
8.0,19.0,0.012,0.012,0.012,0.012,20000.0,0.0
8.0,16.0,0.0136,0.0136,0.0136,0.0136,0.0,0.0
8.0,15.0,0.0136,0.0136,0.0136,0.0136,0.0,0.0
8.0,14.0,0.0136,0.0136,0.0136,0.0136,0.0,0.0
8.0,13.0,0.0136,0.0136,0.0136,0.0136,0.0,0.0
8.0,12.0,0.0136,0.0136,0.0136,0.0136,0.0,0.0
8.0,9.0,0.0136,0.0136,0.0136,0.0136,0.0,0.0
8.0,8.0,0.0136,0.0136,0.0136,0.0136,0.0,0.0
8.0,7.0,0.0136,0.0136,0.0136,0.0136,0.0,0.0
8.0,6.0,0.0137,0.0137,0.0136,0.0136,160000.0,-1.0000000000000113E-4
8.0,5.0,0.0148,0.0148,0.0148,0.0148,0.0,0.0
8.0,2.0,0.0148,0.0148,0.0148,0.0148,10000.0,0.0
8.0,1.0,0.0139,0.0139,0.0137,0.0137,112500.0,-1.999999999999988E-4
7.0,31.0,0.015,0.015,0.015,0.015,0.0,0.0
7.0,30.0,0.015,0.015,0.015,0.015,0.0,0.0
7.0,29.0,0.015,0.0155,0.015,0.015,29800.0,0.0
7.0,26.0,0.024,0.024,0.024,0.024,2100.0,0.0
7.0,25.0,0.024,0.024,0.024,0.024,30000.0,0.0
7.0,24.0,0.02,0.03,0.02,0.03,110000.0,0.009999999999999998
7.0,23.0,0.0136,0.0136,0.0136,0.0136,0.0,0.0
7.0,22.0,0.0136,0.0136,0.0136,0.0136,0.0,0.0
7.0,19.0,0.0136,0.0136,0.0136,0.0136,0.0,0.0
7.0,18.0,0.0136,0.0136,0.0136,0.0136,0.0,0.0
7.0,17.0,0.0136,0.0136,0.0136,0.0136,0.0,0.0
7.0,16.0,0.0136,0.0136,0.0136,0.0136,0.0,0.0
7.0,15.0,0.0136,0.0136,0.0136,0.0136,0.0,0.0
7.0,12.0,0.0136,0.0136,0.0136,0.0136,0.0,0.0
7.0,11.0,0.0136,0.0136,0.0136,0.0136,0.0,0.0
7.0,10.0,0.0136,0.0136,0.0136,0.0136,0.0,0.0
7.0,9.0,0.0136,0.0136,0.0136,0.0136,2000.0,0.0
7.0,8.0,0.0163,0.0163,0.0163,0.0163,56000.0,0.0
7.0,5.0,0.01,0.01,0.01,0.01,10000.0,0.0
7.0,4.0,0.014,0.014,0.014,0.014,0.0,0.0
7.0,3.0,0.014,0.014,0.014,0.014,0.0,0.0
7.0,2.0,0.014,0.014,0.014,0.014,0.0,0.0
7.0,1.0,0.014,0.014,0.014,0.014,0.0,0.0
6.0,28.0,0.015,0.015,0.014,0.014,60000.0,-9.999999999999992E-4
6.0,27.0,0.015,0.015,0.015,0.015,100000.0,0.0
6.0,26.0,0.016,0.0164,0.016,0.0164,230000.0,4.0000000000000105E-4
6.0,25.0,0.02,0.02,0.02,0.02,0.0,0.0
6.0,24.0,0.02,0.02,0.02,0.02,10000.0,0.0
6.0,21.0,0.024,0.024,0.016,0.016,31000.0,-0.008
6.0,20.0,0.016,0.016,0.016,0.016,10000.0,0.0
6.0,19.0,0.0277,0.0277,0.0276,0.0276,43500.0,-9.99999999999994E-5
6.0,18.0,0.0349,0.0349,0.016,0.03,40000.0,-0.004900000000000002
6.0,17.0,0.015,0.0349,0.015,0.0349,140000.0,0.0199
6.0,14.0,0.014,0.014,0.014,0.014,0.0,0.0
6.0,13.0,0.014,0.014,0.014,0.014,50000.0,0.0
6.0,12.0,0.0136,0.0136,0.0136,0.0136,20000.0,0.0
6.0,11.0,0.009,0.009,0.009,0.009,0.0,0.0
6.0,10.0,0.009,0.009,0.009,0.009,0.0,0.0
6.0,7.0,0.009,0.009,0.009,0.009,0.0,0.0
6.0,6.0,0.009,0.009,0.009,0.009,0.0,0.0
6.0,5.0,0.009,0.009,0.009,0.009,0.0,0.0
6.0,4.0,0.009,0.0135,0.009,0.009,2500.0,0.0
6.0,3.0,0.01,0.01,0.01,0.01,0.0,0.0
5.0,31.0,0.0099,0.01,0.0099,0.01,300900.0,9.99999999999994E-5
5.0,30.0,0.01,0.01,0.01,0.01,0.0,0.0
5.0,29.0,0.01,0.01,0.01,0.01,65800.0,0.0
5.0,28.0,0.01,0.01,0.01,0.01,0.0,0.0
5.0,27.0,0.01,0.01,0.01,0.01,0.0,0.0
5.0,24.0,0.01,0.01,0.01,0.01,100000.0,0.0
5.0,23.0,0.0099,0.0099,0.009,0.009,32700.0,-9.000000000000015E-4
5.0,22.0,0.0099,0.01,0.0099,0.01,267300.0,9.99999999999994E-5
5.0,21.0,0.01,0.01,0.01,0.01,32000.0,0.0
5.0,20.0,0.007,0.007,0.007,0.007,0.0,0.0
5.0,17.0,0.007,0.007,0.007,0.007,0.0,0.0
5.0,16.0,0.007,0.007,0.007,0.007,0.0,0.0
5.0,15.0,0.007,0.007,0.007,0.007,32200.0,0.0
5.0,14.0,0.01,0.01,0.01,0.01,0.0,0.0
5.0,13.0,0.01,0.01,0.01,0.01,0.0,0.0
5.0,10.0,0.01,0.01,0.01,0.01,0.0,0.0
5.0,9.0,0.01,0.01,0.01,0.01,10000.0,0.0
5.0,8.0,0.01,0.01,0.01,0.01,0.0,0.0
5.0,7.0,0.01,0.01,0.01,0.01,0.0,0.0
5.0,6.0,0.01,0.01,0.01,0.01,50000.0,0.0
5.0,3.0,0.01,0.01,0.01,0.01,0.0,0.0
5.0,2.0,0.01,0.01,0.01,0.01,0.0,0.0
5.0,1.0,0.009,0.01,0.009,0.01,44800.0,0.0010000000000000009
4.0,30.0,0.009,0.009,0.009,0.009,44800.0,0.0
4.0,29.0,0.01,0.01,0.01,0.01,0.0,0.0
4.0,26.0,0.01,0.01,0.01,0.01,0.0,0.0
4.0,25.0,0.01,0.01,0.01,0.01,0.0,0.0
4.0,24.0,0.01,0.01,0.01,0.01,0.0,0.0
4.0,23.0,0.01,0.01,0.01,0.01,0.0,0.0
4.0,22.0,0.01,0.01,0.01,0.01,0.0,0.0
4.0,19.0,0.01,0.01,0.01,0.01,0.0,0.0
4.0,18.0,0.01,0.01,0.01,0.01,0.0,0.0
4.0,17.0,0.01,0.01,0.007,0.01,115100.0,0.0
4.0,16.0,0.007,0.007,0.007,0.007,0.0,0.0
4.0,15.0,0.007,0.007,0.007,0.007,0.0,0.0
4.0,12.0,0.007,0.007,0.007,0.007,1000.0,0.0
4.0,11.0,0.007,0.007,0.007,0.007,0.0,0.0
4.0,10.0,0.007,0.007,0.007,0.007,0.0,0.0
4.0,9.0,0.007,0.007,0.007,0.007,0.0,0.0
4.0,8.0,0.007,0.007,0.007,0.007,0.0,0.0
4.0,5.0,0.007,0.007,0.007,0.007,20000.0,0.0
4.0,4.0,0.01,0.01,0.01,0.01,1000.0,0.0
4.0,3.0,0.007,0.007,0.007,0.007,0.0,0.0
4.0,2.0,0.007,0.007,0.007,0.007,0.0,0.0
4.0,1.0,0.007,0.007,0.007,0.007,0.0,0.0
3.0,29.0,0.007,0.007,0.007,0.007,0.0,0.0
3.0,28.0,0.007,0.007,0.007,0.007,0.0,0.0
3.0,27.0,0.007,0.007,0.007,0.007,0.0,0.0
3.0,26.0,0.007,0.007,0.007,0.007,0.0,0.0
3.0,25.0,0.007,0.007,0.007,0.007,10000.0,0.0
3.0,22.0,0.01,0.01,0.01,0.01,25000.0,0.0
3.0,21.0,0.01,0.01,0.01,0.01,18500.0,0.0
3.0,20.0,0.0141,0.0141,0.0141,0.0141,0.0,0.0
3.0,19.0,0.0141,0.0141,0.0141,0.0141,0.0,0.0
3.0,18.0,0.0141,0.0141,0.0141,0.0141,2500.0,0.0
3.0,15.0,0.006,0.0141,0.006,0.0141,60300.0,0.0081
3.0,14.0,0.0051,0.0051,0.0051,0.0051,0.0,0.0
3.0,13.0,0.0051,0.0051,0.0051,0.0051,0.0,0.0
3.0,12.0,0.0051,0.0051,0.0051,0.0051,30000.0,0.0
3.0,11.0,0.0051,0.0051,0.0051,0.0051,0.0,0.0
3.0,8.0,0.007,0.007,0.0051,0.0051,271000.0,-0.0018999999999999998
3.0,7.0,0.008,0.008,0.008,0.008,0.0,0.0
3.0,6.0,0.008,0.008,0.008,0.008,0.0,0.0
3.0,5.0,0.008,0.008,0.008,0.008,0.0,0.0
3.0,4.0,0.008,0.008,0.008,0.008,0.0,0.0
3.0,1.0,0.005,0.008,0.005,0.008,30200.0,0.003
2.0,28.0,0.005,0.005,0.005,0.005,111000.0,0.0
2.0,27.0,0.008,0.008,0.008,0.008,0.0,0.0
2.0,26.0,0.008,0.008,0.008,0.008,0.0,0.0
2.0,25.0,0.008,0.008,0.008,0.008,10000.0,0.0
2.0,22.0,0.008,0.008,0.008,0.008,0.0,0.0
2.0,21.0,0.008,0.008,0.008,0.008,0.0,0.0
2.0,20.0,0.007,0.008,0.007,0.008,25500.0,0.001
2.0,19.0,0.007,0.007,0.007,0.007,20000.0,0.0
2.0,18.0,0.005,0.005,0.005,0.005,0.0,0.0
2.0,15.0,0.005,0.005,0.005,0.005,5000.0,0.0
2.0,14.0,0.005,0.005,0.005,0.005,0.0,0.0
2.0,13.0,0.005,0.005,0.005,0.005,100000.0,0.0
2.0,12.0,0.005,0.005,0.005,0.005,0.0,0.0
2.0,11.0,0.005,0.005,0.005,0.005,158700.0,0.0
2.0,8.0,0.005,0.005,0.005,0.005,0.0,0.0
2.0,7.0,0.005,0.005,0.005,0.005,0.0,0.0
2.0,6.0,0.005,0.005,0.005,0.005,0.0,0.0
2.0,5.0,0.005,0.005,0.005,0.005,0.0,0.0
2.0,4.0,0.005,0.005,0.005,0.005,30000.0,0.0
2.0,1.0,0.007,0.007,0.007,0.007,17500.0,0.0
1.0,31.0,0.0079,0.0079,0.0079,0.0079,0.0,0.0
1.0,30.0,0.0079,0.0079,0.0079,0.0079,0.0,0.0
1.0,29.0,0.0079,0.0079,0.0079,0.0079,0.0,0.0
1.0,28.0,0.0079,0.0079,0.0079,0.0079,19500.0,0.0
1.0,25.0,0.005,0.005,0.005,0.005,0.0,0.0
1.0,24.0,0.005,0.005,0.005,0.005,40000.0,0.0
1.0,23.0,0.009,0.009,0.009,0.009,0.0,0.0
1.0,22.0,0.009,0.009,0.009,0.009,100000.0,0.0
1.0,21.0,0.008,0.008,0.008,0.008,0.0,0.0
1.0,18.0,0.008,0.008,0.008,0.008,0.0,0.0
1.0,17.0,0.008,0.008,0.008,0.008,0.0,0.0
1.0,16.0,0.008,0.008,0.008,0.008,0.0,0.0
1.0,15.0,0.008,0.008,0.008,0.008,0.0,0.0
1.0,14.0,0.008,0.008,0.008,0.008,0.0,0.0
1.0,11.0,0.006,0.015,0.006,0.008,592100.0,0.002
1.0,10.0,0.0042,0.0042,0.0042,0.0042,10000.0,0.0
1.0,9.0,0.006,0.006,0.006,0.006,10000.0,0.0
1.0,8.0,0.0041,0.0041,0.0041,0.0041,0.0,0.0
1.0,7.0,0.0041,0.0041,0.0041,0.0041,0.0,0.0
1.0,4.0,0.0041,0.0041,0.0041,0.0041,0.0,0.0
1.0,3.0,0.004,0.0041,0.004,0.0041,32500.0,1.0000000000000026E-4
1.0,2.0,0.007,0.007,0.007,0.007,20000.0,0.0
1.0,1.0,0.007,0.007,0.007,0.007,0.0,0.0
12.0,31.0,0.007,0.007,0.007,0.007,300000.0,0.0
12.0,28.0,0.006,0.006,0.006,0.006,330000.0,0.0
12.0,27.0,0.006,0.006,0.006,0.006,11000.0,0.0
12.0,26.0,0.006,0.006,0.006,0.006,0.0,0.0
12.0,25.0,0.006,0.006,0.006,0.006,0.0,0.0
12.0,24.0,0.006,0.006,0.006,0.006,0.0,0.0
12.0,21.0,0.01,0.01,0.0035,0.006,1122100.0,-0.004
12.0,20.0,0.01,0.01,0.01,0.01,0.0,0.0
12.0,19.0,0.01,0.01,0.01,0.01,0.0,0.0
12.0,18.0,0.01,0.01,0.01,0.01,0.0,0.0
12.0,17.0,0.01,0.01,0.01,0.01,0.0,0.0
12.0,14.0,0.01,0.01,0.01,0.01,0.0,0.0
12.0,13.0,0.01,0.01,0.01,0.01,20000.0,0.0
12.0,12.0,0.008,0.01,0.008,0.01,60000.0,0.002
12.0,11.0,0.008,0.008,0.008,0.008,0.0,0.0
12.0,10.0,0.0051,0.008,0.005,0.008,77500.0,0.0029
12.0,7.0,0.01,0.01,0.01,0.01,57600.0,0.0
12.0,6.0,0.008,0.008,0.005,0.005,23000.0,-0.003
12.0,5.0,0.008,0.008,0.008,0.008,10000.0,0.0
12.0,4.0,0.015,0.015,0.01,0.01,380000.0,-0.004999999999999999
12.0,3.0,0.01,0.01,0.01,0.01,10000.0,0.0
11.0,30.0,0.01,0.01,0.01,0.01,15000.0,0.0
11.0,29.0,0.01,0.01,0.008,0.008,95000.0,-0.002
11.0,28.0,0.003,0.01,0.002,0.01,100000.0,0.007
11.0,27.0,0.02,0.02,0.02,0.02,0.0,0.0
11.0,26.0,0.02,0.02,0.02,0.02,0.0,0.0
11.0,23.0,0.02,0.02,0.02,0.02,0.0,0.0
11.0,22.0,0.02,0.02,0.02,0.02,0.0,0.0
11.0,21.0,0.02,0.02,0.02,0.02,0.0,0.0
11.0,20.0,0.02,0.02,0.02,0.02,10000.0,0.0
11.0,19.0,0.0249,0.0249,0.0249,0.0249,0.0,0.0
11.0,16.0,0.0249,0.0249,0.0249,0.0249,500.0,0.0
11.0,15.0,0.0035,0.0035,0.0025,0.0025,42500.0,-0.001
11.0,14.0,0.0035,0.0035,0.0035,0.0035,10000.0,0.0
11.0,13.0,0.004,0.004,0.004,0.004,0.0,0.0
11.0,12.0,0.004,0.004,0.004,0.004,0.0,0.0
11.0,9.0,0.004,0.004,0.004,0.004,0.0,0.0
11.0,8.0,0.004,0.004,0.004,0.004,11000.0,0.0
11.0,7.0,0.004,0.004,0.004,0.004,0.0,0.0
11.0,6.0,0.004,0.004,0.004,0.004,0.0,0.0
11.0,5.0,0.005,0.005,0.0019,0.004,605000.0,-0.001
11.0,2.0,0.008,0.008,0.0046,0.0046,35000.0,-0.0034000000000000002
11.0,1.0,0.01,0.01,0.01,0.01,5000.0,0.0
10.0,31.0,0.008,0.008,0.008,0.008,3200.0,0.0
10.0,30.0,0.008,0.008,0.008,0.008,0.0,0.0
10.0,29.0,0.008,0.008,0.008,0.008,0.0,0.0
10.0,26.0,0.008,0.008,0.008,0.008,0.0,0.0
10.0,25.0,0.008,0.008,0.008,0.008,3000.0,0.0
10.0,24.0,0.01,0.01,0.01,0.01,0.0,0.0
10.0,23.0,0.01,0.01,0.01,0.01,24500.0,0.0
10.0,22.0,0.008,0.01,0.008,0.01,18200.0,0.002
10.0,19.0,0.008,0.008,0.008,0.008,12500.0,0.0
10.0,18.0,0.01,0.01,0.01,0.01,0.0,0.0
10.0,17.0,0.01,0.01,0.01,0.01,10000.0,0.0
10.0,16.0,0.01,0.01,0.01,0.01,5000.0,0.0
10.0,15.0,0.005,0.005,0.005,0.005,6500.0,0.0
10.0,12.0,0.004,0.004,0.004,0.004,10000.0,0.0
10.0,11.0,0.004,0.01,0.004,0.01,103700.0,0.006
10.0,10.0,0.01,0.01,0.01,0.01,0.0,0.0
10.0,9.0,0.01,0.01,0.01,0.01,50000.0,0.0
10.0,8.0,0.004,0.004,0.003,0.004,653400.0,0.0
10.0,5.0,0.0115,0.0122,2.0E-4,0.0071,1192600.0,-0.004399999999999999
10.0,4.0,0.011,0.011,0.011,0.011,0.0,0.0
10.0,3.0,0.011,0.011,0.011,0.011,0.0,0.0
10.0,2.0,0.011,0.011,0.011,0.011,0.0,0.0
10.0,1.0,0.011,0.015,0.011,0.011,222500.0,0.0
9.0,28.0,0.02,0.02,0.02,0.02,0.0,0.0
9.0,27.0,0.02,0.02,0.02,0.02,10000.0,0.0
9.0,26.0,0.02,0.02,0.02,0.02,0.0,0.0
9.0,25.0,0.02,0.02,0.02,0.02,15000.0,0.0
9.0,24.0,0.02,0.02,0.02,0.02,0.0,0.0
9.0,21.0,0.02,0.02,0.02,0.02,0.0,0.0
9.0,20.0,0.022,0.022,0.02,0.02,623700.0,-0.0019999999999999983
9.0,19.0,0.022,0.022,0.022,0.022,0.0,0.0
9.0,18.0,0.022,0.022,0.022,0.022,4000.0,0.0
9.0,17.0,0.022,0.022,0.022,0.022,0.0,0.0
9.0,14.0,0.022,0.022,0.022,0.022,0.0,0.0
9.0,13.0,0.022,0.022,0.022,0.022,50000.0,0.0
9.0,12.0,0.03,0.03,0.03,0.03,0.0,0.0
9.0,11.0,0.03,0.03,0.03,0.03,0.0,0.0
9.0,10.0,0.03,0.03,0.03,0.03,0.0,0.0
9.0,7.0,0.03,0.03,0.03,0.03,0.0,0.0
9.0,6.0,0.03,0.03,0.03,0.03,0.0,0.0
9.0,5.0,0.03,0.03,0.03,0.03,0.0,0.0
9.0,4.0,0.03,0.03,0.03,0.03,0.0,0.0
9.0,3.0,0.03,0.03,0.03,0.03,0.0,0.0
8.0,31.0,0.03,0.03,0.03,0.03,0.0,0.0
8.0,30.0,0.03,0.03,0.03,0.03,0.0,0.0
8.0,29.0,0.03,0.03,0.03,0.03,0.0,0.0
8.0,28.0,0.03,0.03,0.03,0.03,0.0,0.0
8.0,27.0,0.03,0.03,0.03,0.03,0.0,0.0
8.0,24.0,0.025,0.03,0.025,0.03,10400.0,0.0049999999999999975
8.0,23.0,0.022,0.022,0.022,0.022,0.0,0.0
8.0,22.0,0.022,0.022,0.022,0.022,0.0,0.0
8.0,21.0,0.022,0.022,0.022,0.022,0.0,0.0
8.0,20.0,0.022,0.022,0.022,0.022,0.0,0.0
8.0,17.0,0.022,0.022,0.022,0.022,80500.0,0.0
8.0,16.0,0.022,0.022,0.022,0.022,2500.0,0.0
8.0,15.0,0.025,0.025,0.025,0.025,0.0,0.0
8.0,14.0,0.025,0.025,0.025,0.025,0.0,0.0
8.0,13.0,0.025,0.025,0.025,0.025,0.0,0.0
8.0,10.0,0.025,0.025,0.025,0.025,0.0,0.0
8.0,9.0,0.025,0.025,0.025,0.025,10000.0,0.0
8.0,8.0,0.025,0.025,0.025,0.025,0.0,0.0
8.0,7.0,0.025,0.025,0.022,0.025,52300.0,0.0
8.0,6.0,0.025,0.04,0.025,0.04,134000.0,0.015
8.0,3.0,0.025,0.025,0.025,0.025,3700.0,0.0
8.0,2.0,0.022,0.022,0.022,0.022,0.0,0.0
8.0,1.0,0.022,0.022,0.022,0.022,5000.0,0.0
7.0,31.0,0.025,0.025,0.025,0.025,0.0,0.0
7.0,30.0,0.025,0.025,0.025,0.025,5000.0,0.0
7.0,27.0,0.025,0.025,0.025,0.025,0.0,0.0
7.0,26.0,0.025,0.025,0.025,0.025,0.0,0.0
7.0,25.0,0.025,0.025,0.025,0.025,0.0,0.0
7.0,24.0,0.025,0.025,0.025,0.025,0.0,0.0
7.0,23.0,0.025,0.025,0.025,0.025,0.0,0.0
7.0,20.0,0.025,0.025,0.025,0.025,0.0,0.0
7.0,19.0,0.025,0.025,0.025,0.025,0.0,0.0
7.0,18.0,0.025,0.025,0.025,0.025,20000.0,0.0
7.0,17.0,0.025,0.025,0.025,0.025,0.0,0.0
7.0,16.0,0.025,0.025,0.025,0.025,0.0,0.0
7.0,13.0,0.025,0.025,0.025,0.025,0.0,0.0
7.0,12.0,0.025,0.025,0.025,0.025,0.0,0.0
7.0,11.0,0.025,0.025,0.025,0.025,4900.0,0.0
7.0,10.0,0.0245,0.0245,0.021,0.021,20000.0,-0.0034999999999999996
7.0,9.0,0.027,0.027,0.027,0.027,0.0,0.0
7.0,6.0,0.027,0.027,0.027,0.027,0.0,0.0
7.0,5.0,0.027,0.027,0.027,0.027,0.0,0.0
7.0,4.0,0.027,0.027,0.027,0.027,0.0,0.0
7.0,3.0,0.027,0.027,0.027,0.027,11000.0,0.0
7.0,2.0,0.035,0.035,0.035,0.035,1000.0,0.0
6.0,29.0,0.035,0.035,0.035,0.035,0.0,0.0
6.0,28.0,0.035,0.035,0.035,0.035,0.0,0.0
6.0,27.0,0.035,0.035,0.035,0.035,10000.0,0.0
6.0,26.0,0.0351,0.0351,0.0351,0.0351,0.0,0.0
6.0,25.0,0.036,0.036,0.0351,0.0351,6800.0,-8.99999999999998E-4
6.0,22.0,0.034,0.038,0.034,0.038,137700.0,0.003999999999999997
6.0,21.0,0.034,0.034,0.034,0.034,300.0,0.0
6.0,20.0,0.034,0.034,0.034,0.034,500.0,0.0
6.0,19.0,0.03,0.03,0.03,0.03,4000.0,0.0
6.0,18.0,0.028,0.028,0.028,0.028,0.0,0.0
6.0,15.0,0.028,0.028,0.028,0.028,0.0,0.0
6.0,14.0,0.028,0.028,0.028,0.028,0.0,0.0
6.0,13.0,0.028,0.028,0.028,0.028,0.0,0.0
6.0,12.0,0.028,0.028,0.028,0.028,0.0,0.0
6.0,11.0,0.028,0.028,0.028,0.028,0.0,0.0
6.0,8.0,0.028,0.028,0.028,0.028,10000.0,0.0
6.0,7.0,0.028,0.028,0.028,0.028,0.0,0.0
6.0,6.0,0.028,0.028,0.028,0.028,3700.0,0.0
6.0,5.0,0.0245,0.0245,0.0245,0.0245,0.0,0.0
6.0,4.0,0.028,0.028,0.0245,0.0245,8500.0,-0.0034999999999999996
6.0,1.0,0.021,0.021,0.021,0.021,0.0,0.0
5.0,31.0,0.03,0.03,0.02,0.021,217800.0,-0.008999999999999998
5.0,30.0,0.035,0.035,0.035,0.035,4900.0,0.0
5.0,29.0,0.031,0.031,0.03,0.03,31600.0,-0.0010000000000000009
5.0,28.0,0.035,0.035,0.035,0.035,0.0,0.0
5.0,25.0,0.035,0.035,0.035,0.035,8600.0,0.0
5.0,24.0,0.03,0.03,0.03,0.03,0.0,0.0
5.0,23.0,0.03,0.03,0.03,0.03,0.0,0.0
5.0,22.0,0.03,0.03,0.03,0.03,14000.0,0.0
5.0,21.0,0.031,0.031,0.031,0.031,0.0,0.0
5.0,18.0,0.031,0.031,0.031,0.031,0.0,0.0
5.0,17.0,0.031,0.031,0.031,0.031,0.0,0.0
5.0,16.0,0.031,0.031,0.031,0.031,0.0,0.0
5.0,15.0,0.035,0.035,0.031,0.031,15000.0,-0.0040000000000000036
5.0,14.0,0.035,0.035,0.035,0.035,0.0,0.0
5.0,11.0,0.035,0.035,0.035,0.035,4200.0,0.0
5.0,10.0,0.035,0.035,0.035,0.035,9900.0,0.0
5.0,9.0,0.0378,0.0378,0.0378,0.0378,15000.0,0.0
5.0,8.0,0.03,0.03,0.03,0.03,0.0,0.0
5.0,7.0,0.03,0.03,0.03,0.03,0.0,0.0
5.0,4.0,0.03,0.03,0.03,0.03,0.0,0.0
5.0,3.0,0.03,0.03,0.03,0.03,0.0,0.0
5.0,2.0,0.03,0.03,0.03,0.03,0.0,0.0
5.0,1.0,0.03,0.03,0.03,0.03,0.0,0.0
4.0,30.0,0.0375,0.0375,0.03,0.03,202000.0,-0.0075
4.0,27.0,0.0385,0.0385,0.0385,0.0385,0.0,0.0
4.0,26.0,0.0385,0.0385,0.0385,0.0385,0.0,0.0
4.0,25.0,0.0385,0.0385,0.0385,0.0385,2000.0,0.0
4.0,24.0,0.04,0.04,0.04,0.04,7600.0,0.0
4.0,23.0,0.04,0.04,0.04,0.04,400.0,0.0
4.0,20.0,0.04,0.04,0.035,0.037,428100.0,-0.0030000000000000027
4.0,19.0,0.045,0.045,0.045,0.045,0.0,0.0
4.0,18.0,0.045,0.045,0.045,0.045,0.0,0.0
4.0,17.0,0.045,0.045,0.045,0.045,0.0,0.0
4.0,16.0,0.03,0.045,0.03,0.045,40000.0,0.015
4.0,13.0,0.03,0.045,0.03,0.045,7000.0,0.015
4.0,12.0,0.044,0.044,0.044,0.044,6000.0,0.0
4.0,11.0,0.035,0.045,0.035,0.045,19600.0,0.009999999999999995
4.0,10.0,0.03,0.03,0.03,0.03,5000.0,0.0
4.0,9.0,0.035,0.035,0.035,0.035,0.0,0.0
4.0,6.0,0.035,0.035,0.035,0.035,0.0,0.0
4.0,5.0,0.035,0.035,0.035,0.035,0.0,0.0
4.0,4.0,0.035,0.035,0.035,0.035,1700.0,0.0
4.0,3.0,0.035,0.035,0.035,0.035,3000.0,0.0
4.0,2.0,0.04,0.04,0.04,0.04,0.0,0.0
3.0,30.0,0.04,0.04,0.04,0.04,0.0,0.0
3.0,29.0,0.044,0.044,0.04,0.04,22000.0,-0.003999999999999997
3.0,28.0,0.044,0.044,0.044,0.044,38000.0,0.0
3.0,27.0,0.042,0.042,0.042,0.042,100000.0,0.0
3.0,26.0,0.034,0.034,0.034,0.034,0.0,0.0
3.0,23.0,0.034,0.034,0.034,0.034,0.0,0.0
3.0,22.0,0.034,0.034,0.034,0.034,31000.0,0.0
3.0,21.0,0.034,0.034,0.034,0.034,10000.0,0.0
3.0,20.0,0.034,0.034,0.034,0.034,0.0,0.0
3.0,19.0,0.034,0.034,0.034,0.034,17500.0,0.0
3.0,16.0,0.0375,0.0375,0.034,0.034,71100.0,-0.003499999999999996
3.0,15.0,0.042,0.042,0.042,0.042,0.0,0.0
3.0,14.0,0.042,0.042,0.042,0.042,3200.0,0.0
3.0,13.0,0.04,0.04,0.0385,0.0385,11000.0,-0.0015000000000000013
3.0,12.0,0.042,0.042,0.042,0.042,0.0,0.0
3.0,9.0,0.042,0.042,0.042,0.042,0.0,0.0
3.0,8.0,0.042,0.042,0.042,0.042,0.0,0.0
3.0,7.0,0.042,0.042,0.042,0.042,25000.0,0.0
3.0,6.0,0.037,0.037,0.037,0.037,0.0,0.0
3.0,5.0,0.037,0.037,0.037,0.037,0.0,0.0
3.0,2.0,0.037,0.037,0.037,0.037,11300.0,0.0
3.0,1.0,0.037,0.037,0.037,0.037,0.0,0.0
2.0,29.0,0.0365,0.037,0.0365,0.037,8800.0,5.000000000000004E-4
2.0,28.0,0.037,0.037,0.037,0.037,19900.0,0.0
2.0,27.0,0.036,0.036,0.036,0.036,4500.0,0.0
2.0,24.0,0.036,0.036,0.036,0.036,0.0,0.0
2.0,23.0,0.036,0.036,0.036,0.036,0.0,0.0
2.0,22.0,0.036,0.036,0.036,0.036,0.0,0.0
2.0,21.0,0.036,0.036,0.036,0.036,0.0,0.0
2.0,20.0,0.036,0.036,0.036,0.036,0.0,0.0
2.0,17.0,0.036,0.036,0.036,0.036,0.0,0.0
2.0,16.0,0.036,0.036,0.036,0.036,0.0,0.0
2.0,15.0,0.036,0.036,0.036,0.036,0.0,0.0
2.0,14.0,0.04,0.04,0.036,0.036,16500.0,-0.0040000000000000036
2.0,13.0,0.035,0.035,0.035,0.035,3800.0,0.0
2.0,10.0,0.04,0.04,0.04,0.04,5000.0,0.0
2.0,9.0,0.044,0.044,0.035,0.035,135000.0,-0.008999999999999994
2.0,8.0,0.039,0.044,0.036,0.044,153900.0,0.0049999999999999975
2.0,7.0,0.038,0.038,0.038,0.038,0.0,0.0
2.0,6.0,0.038,0.038,0.038,0.038,50000.0,0.0
2.0,3.0,0.044,0.044,0.044,0.044,6000.0,0.0
2.0,2.0,0.035,0.035,0.035,0.035,15500.0,0.0
2.0,1.0,0.035,0.035,0.035,0.035,0.0,0.0
1.0,31.0,0.035,0.035,0.035,0.035,1500.0,0.0
1.0,30.0,0.035,0.035,0.035,0.035,90000.0,0.0
1.0,27.0,0.033,0.033,0.033,0.033,1500.0,0.0
1.0,26.0,0.042,0.042,0.042,0.042,0.0,0.0
1.0,25.0,0.042,0.042,0.042,0.042,0.0,0.0
1.0,24.0,0.042,0.042,0.042,0.042,0.0,0.0
1.0,23.0,0.037,0.042,0.037,0.042,222100.0,0.0050000000000000044
1.0,20.0,0.037,0.037,0.037,0.037,5000.0,0.0
1.0,19.0,0.035,0.035,0.035,0.035,50000.0,0.0
1.0,18.0,0.029,0.031,0.029,0.031,36000.0,0.0019999999999999983
1.0,17.0,0.02,0.02,0.02,0.02,13400.0,0.0
1.0,16.0,0.035,0.035,0.035,0.035,0.0,0.0
1.0,13.0,0.035,0.035,0.035,0.035,0.0,0.0
1.0,12.0,0.035,0.035,0.035,0.035,10000.0,0.0
1.0,11.0,0.029,0.029,0.029,0.029,0.0,0.0
1.0,10.0,0.029,0.029,0.029,0.029,0.0,0.0
1.0,9.0,0.029,0.04,0.029,0.029,22400.0,0.0
1.0,6.0,0.04,0.04,0.04,0.04,1600.0,0.0
1.0,5.0,0.04,0.04,0.04,0.04,0.0,0.0
1.0,4.0,0.04,0.04,0.04,0.04,0.0,0.0
1.0,3.0,0.04,0.04,0.04,0.04,0.0,0.0
1.0,2.0,0.04,0.04,0.04,0.04,0.0,0.0
12.0,30.0,0.04,0.04,0.04,0.04,0.0,0.0
12.0,29.0,0.04,0.04,0.04,0.04,1600.0,0.0
12.0,28.0,0.042,0.0425,0.029,0.042,97000.0,0.0
12.0,27.0,0.04,0.042,0.0365,0.042,20100.0,0.0020000000000000018
12.0,26.0,0.03,0.03,0.03,0.03,0.0,0.0
12.0,23.0,0.03,0.03,0.03,0.03,5000.0,0.0
12.0,22.0,0.028,0.028,0.028,0.028,0.0,0.0
12.0,21.0,0.028,0.028,0.028,0.028,0.0,0.0
12.0,20.0,0.028,0.028,0.028,0.028,35000.0,0.0
12.0,19.0,0.042,0.042,0.042,0.042,4100.0,0.0
12.0,16.0,0.03,0.03,0.03,0.03,0.0,0.0
12.0,15.0,0.03,0.03,0.03,0.03,0.0,0.0
12.0,14.0,0.03,0.03,0.03,0.03,0.0,0.0
12.0,13.0,0.03,0.03,0.03,0.03,500.0,0.0
12.0,12.0,0.03,0.03,0.03,0.03,1500.0,0.0
12.0,9.0,0.042,0.042,0.042,0.042,700.0,0.0
12.0,8.0,0.055,0.055,0.055,0.055,0.0,0.0
12.0,7.0,0.055,0.055,0.055,0.055,0.0,0.0
12.0,6.0,0.041,0.055,0.041,0.055,10000.0,0.013999999999999999
12.0,5.0,0.028,0.028,0.028,0.028,0.0,0.0
12.0,2.0,0.028,0.028,0.028,0.028,2000.0,0.0
12.0,1.0,0.041,0.041,0.041,0.041,0.0,0.0
11.0,30.0,0.03,0.041,0.03,0.041,11600.0,0.011000000000000003
11.0,29.0,0.042,0.042,0.042,0.042,0.0,0.0
11.0,28.0,0.042,0.042,0.042,0.042,26200.0,0.0
11.0,25.0,0.048,0.048,0.048,0.048,5000.0,0.0
11.0,24.0,0.045,0.045,0.045,0.045,0.0,0.0
11.0,23.0,0.045,0.045,0.035,0.045,193400.0,0.0
11.0,22.0,0.035,0.035,0.035,0.035,0.0,0.0
11.0,21.0,0.035,0.035,0.035,0.035,5000.0,0.0
11.0,18.0,0.035,0.035,0.035,0.035,25000.0,0.0
11.0,17.0,0.035,0.035,0.03,0.032,190000.0,-0.0030000000000000027
11.0,14.0,0.032,0.032,0.032,0.032,25000.0,0.0
11.0,11.0,0.045,0.045,0.045,0.045,5500.0,0.0
11.0,9.0,0.035,0.035,0.035,0.035,34000.0,0.0
11.0,8.0,0.035,0.035,0.035,0.035,1400.0,0.0
11.0,7.0,0.032,0.032,0.032,0.032,1000.0,0.0
11.0,3.0,0.048,0.049,0.048,0.049,23000.0,0.0010000000000000009
11.0,2.0,0.038,0.038,0.038,0.038,2500.0,0.0
10.0,31.0,0.038,0.048,0.038,0.048,8100.0,0.010000000000000002
10.0,27.0,0.038,0.048,0.038,0.038,36500.0,0.0
10.0,26.0,0.04,0.04,0.038,0.038,15000.0,-0.0020000000000000018
10.0,25.0,0.065,0.065,0.065,0.065,5000.0,0.0
10.0,24.0,0.058,0.06,0.058,0.06,59000.0,0.001999999999999995
10.0,21.0,0.06,0.06,0.06,0.06,700.0,0.0
10.0,20.0,0.05,0.063,0.05,0.06,298100.0,0.009999999999999995
10.0,19.0,0.05,0.05,0.05,0.05,18800.0,0.0
10.0,18.0,0.05,0.053,0.05,0.052,110800.0,0.001999999999999995
10.0,17.0,0.037,0.05,0.037,0.05,67200.0,0.013000000000000005
10.0,13.0,0.03,0.04,0.03,0.04,29200.0,0.010000000000000002
10.0,12.0,0.03,0.03,0.022,0.022,21000.0,-0.008
10.0,11.0,0.032,0.032,0.02,0.03,403000.0,-0.0020000000000000018
10.0,10.0,0.032,0.05,0.032,0.05,2000.0,0.018000000000000002
10.0,6.0,0.022,0.03,0.022,0.03,13900.0,0.008
10.0,5.0,0.03,0.03,0.022,0.022,14500.0,-0.008
10.0,4.0,0.03,0.03,0.03,0.03,34800.0,0.0
10.0,3.0,0.035,0.035,0.035,0.035,45900.0,0.0
9.0,30.0,0.03,0.0302,0.03,0.0302,112300.0,2.0000000000000226E-4
9.0,29.0,0.032,0.034,0.025,0.0299,274800.0,-0.002100000000000001
9.0,28.0,0.06,0.0667,0.03,0.0375,1121300.0,-0.0225
9.0,23.0,0.045,0.059,0.045,0.059,10100.0,0.013999999999999999
9.0,15.0,0.055,0.055,0.055,0.055,5100.0,0.0
9.0,12.0,0.05,0.06,0.048,0.0598,45000.0,0.009799999999999996
9.0,9.0,0.048,0.048,0.048,0.048,900.0,0.0
9.0,8.0,0.048,0.065,0.048,0.05,14900.0,0.0020000000000000018
9.0,7.0,0.0599,0.0599,0.05,0.05,45900.0,-0.009899999999999999
9.0,6.0,0.055,0.06,0.055,0.0599,49000.0,0.004900000000000002
9.0,1.0,0.055,0.055,0.055,0.055,4700.0,0.0
8.0,31.0,0.055,0.055,0.055,0.055,86800.0,0.0
8.0,30.0,0.055,0.055,0.055,0.055,3000.0,0.0
8.0,26.0,0.05,0.06,0.05,0.06,65900.0,0.009999999999999995
8.0,25.0,0.052,0.052,0.05,0.05,192400.0,-0.001999999999999995
8.0,24.0,0.055,0.055,0.055,0.055,2300.0,0.0
8.0,23.0,0.053,0.057,0.0501,0.057,114200.0,0.0040000000000000036
8.0,22.0,0.056,0.056,0.052,0.052,81400.0,-0.0040000000000000036
8.0,19.0,0.059,0.059,0.059,0.059,200.0,0.0
8.0,18.0,0.06,0.0697,0.059,0.059,53600.0,-0.0010000000000000009
8.0,17.0,0.06,0.06,0.06,0.06,50000.0,0.0
8.0,16.0,0.06,0.06,0.06,0.06,140000.0,0.0
8.0,15.0,0.06,0.0698,0.06,0.06,91600.0,0.0
8.0,12.0,0.07,0.07,0.06,0.06,50100.0,-0.010000000000000009
8.0,11.0,0.05,0.07,0.05,0.056,81500.0,0.005999999999999998
8.0,9.0,0.0501,0.07,0.0501,0.07,150300.0,0.019900000000000008
8.0,8.0,0.0575,0.065,0.05,0.05,453200.0,-0.0075
8.0,5.0,0.06,0.07,0.06,0.07,7100.0,0.010000000000000009
8.0,4.0,0.065,0.07,0.059,0.07,59100.0,0.0050000000000000044
8.0,3.0,0.07,0.07,0.065,0.07,31700.0,0.0
8.0,2.0,0.062,0.075,0.062,0.075,5100.0,0.012999999999999998
8.0,1.0,0.07,0.07,0.048,0.07,106700.0,0.0
7.0,29.0,0.0698,0.07,0.0698,0.07,30000.0,2.0000000000000573E-4
7.0,28.0,0.0603,0.073,0.058,0.073,98200.0,0.012699999999999996
7.0,27.0,0.07,0.0749,0.07,0.0749,60800.0,0.004899999999999988
7.0,26.0,0.079,0.079,0.0602,0.075,318600.0,-0.0040000000000000036
7.0,25.0,0.0597,0.08,0.0597,0.079,445500.0,0.019299999999999998
7.0,22.0,0.055,0.063,0.0511,0.0599,533300.0,0.004900000000000002
7.0,21.0,0.08,0.08,0.055,0.055,736300.0,-0.025
7.0,20.0,0.075,0.08,0.075,0.08,140000.0,0.0050000000000000044
7.0,19.0,0.0739,0.0739,0.0739,0.0739,33000.0,0.0
7.0,18.0,0.074,0.079,0.071,0.075,71600.0,0.0010000000000000009
7.0,15.0,0.08,0.08,0.0624,0.07,193800.0,-0.009999999999999995
7.0,14.0,0.085,0.085,0.079,0.08,112300.0,-0.0050000000000000044
7.0,13.0,0.07,0.079,0.061,0.075,429100.0,0.0049999999999999906
7.0,12.0,0.08,0.08,0.07,0.07,193800.0,-0.009999999999999995
7.0,11.0,0.085,0.085,0.07,0.07,385800.0,-0.015
7.0,8.0,0.06,0.082,0.06,0.08,905300.0,0.020000000000000004
7.0,7.0,0.07,0.078,0.07,0.07,195100.0,0.0
7.0,6.0,0.068,0.068,0.065,0.065,28200.0,-0.0030000000000000027
7.0,5.0,0.07,0.07,0.068,0.068,5000.0,-0.0020000000000000018
7.0,1.0,0.07,0.07,0.065,0.07,105000.0,0.0
6.0,30.0,0.0688,0.0688,0.06,0.06,28100.0,-0.008800000000000002
6.0,29.0,0.07,0.07,0.06,0.0689,164000.0,-0.0011000000000000038
6.0,28.0,0.065,0.065,0.0601,0.0605,55100.0,-0.004500000000000004
6.0,27.0,0.065,0.065,0.06,0.06,71000.0,-0.0050000000000000044
6.0,24.0,0.07,0.07,0.07,0.07,53000.0,0.0
6.0,23.0,0.07,0.07,0.07,0.07,11600.0,0.0
6.0,22.0,0.0552,0.07,0.0552,0.07,36800.0,0.014800000000000008
6.0,21.0,0.066,0.066,0.0553,0.0553,9800.0,-0.010700000000000001
6.0,17.0,0.0554,0.0554,0.0554,0.0554,6200.0,0.0
6.0,16.0,0.0556,0.065,0.055,0.065,58500.0,0.009400000000000006
6.0,15.0,0.06,0.06,0.06,0.06,10000.0,0.0
6.0,14.0,0.07,0.07,0.061,0.065,22500.0,-0.0050000000000000044
6.0,13.0,0.07,0.07,0.07,0.07,2400.0,0.0
6.0,10.0,0.06,0.065,0.06,0.06,226100.0,0.0
6.0,9.0,0.07,0.07,0.06,0.06,803100.0,-0.010000000000000009
6.0,8.0,0.0649,0.0661,0.06,0.061,796000.0,-0.0039000000000000007
6.0,7.0,0.06,0.065,0.06,0.06,1043200.0,0.0
6.0,6.0,0.065,0.065,0.06,0.06,205200.0,-0.0050000000000000044
6.0,3.0,0.061,0.061,0.06,0.06,32500.0,-0.0010000000000000009
6.0,2.0,0.0649,0.0649,0.061,0.061,60000.0,-0.0039000000000000007
5.0,31.0,0.063,0.065,0.06,0.065,16700.0,0.0020000000000000018
5.0,27.0,0.061,0.061,0.061,0.061,14000.0,0.0
5.0,26.0,0.06,0.06,0.06,0.06,67000.0,0.0
5.0,25.0,0.06,0.06,0.06,0.06,17500.0,0.0
5.0,24.0,0.065,0.065,0.06,0.06,962700.0,-0.0050000000000000044
5.0,20.0,0.065,0.065,0.065,0.065,1400.0,0.0
5.0,19.0,0.048,0.06,0.048,0.06,333400.0,0.011999999999999997
5.0,18.0,0.06,0.07,0.06,0.07,34100.0,0.010000000000000009
5.0,17.0,0.06,0.06,0.06,0.06,26700.0,0.0
5.0,16.0,0.07,0.07,0.06,0.06,13000.0,-0.010000000000000009
5.0,13.0,0.06,0.06,0.06,0.06,705700.0,0.0
5.0,12.0,0.048,0.065,0.048,0.06,137500.0,0.011999999999999997
5.0,11.0,0.066,0.07,0.066,0.07,31300.0,0.0040000000000000036
5.0,10.0,0.06,0.065,0.06,0.065,13000.0,0.0050000000000000044
5.0,9.0,0.07,0.07,0.06,0.06,36400.0,-0.010000000000000009
5.0,6.0,0.07,0.07,0.065,0.065,41000.0,-0.0050000000000000044
5.0,5.0,0.07,0.07,0.07,0.07,3000.0,0.0
5.0,4.0,0.06,0.07,0.06,0.07,65000.0,0.010000000000000009
5.0,3.0,0.06,0.066,0.06,0.066,14500.0,0.006000000000000005
5.0,2.0,0.066,0.066,0.066,0.066,5000.0,0.0
4.0,29.0,0.06,0.06,0.06,0.06,77800.0,0.0
4.0,28.0,0.061,0.061,0.06,0.06,33000.0,-0.0010000000000000009
4.0,27.0,0.061,0.061,0.061,0.061,18400.0,0.0
4.0,26.0,0.06,0.061,0.06,0.061,20000.0,0.0010000000000000009
4.0,25.0,0.066,0.066,0.066,0.066,1000.0,0.0
4.0,21.0,0.06,0.067,0.06,0.067,101400.0,0.007000000000000006
4.0,20.0,0.063,0.063,0.063,0.063,200.0,0.0
4.0,19.0,0.063,0.067,0.06,0.06,232600.0,-0.0030000000000000027
4.0,18.0,0.06,0.06,0.06,0.06,154000.0,0.0
4.0,15.0,0.06,0.063,0.06,0.06,49000.0,0.0
4.0,13.0,0.06,0.063,0.06,0.063,140000.0,0.0030000000000000027
4.0,12.0,0.063,0.063,0.063,0.063,300.0,0.0
4.0,11.0,0.063,0.063,0.063,0.063,500.0,0.0
4.0,8.0,0.048,0.063,0.048,0.063,12300.0,0.015
4.0,6.0,0.06,0.063,0.06,0.063,66000.0,0.0030000000000000027
4.0,5.0,0.063,0.063,0.06,0.06,79000.0,-0.0030000000000000027
4.0,4.0,0.068,0.068,0.063,0.063,3600.0,-0.0050000000000000044
4.0,1.0,0.068,0.068,0.068,0.068,2500.0,0.0
3.0,31.0,0.07,0.07,0.07,0.07,15000.0,0.0
3.0,30.0,0.06,0.07,0.06,0.06,15700.0,0.0
3.0,29.0,0.05,0.05,0.05,0.05,34400.0,0.0
3.0,28.0,0.07,0.07,0.07,0.07,45200.0,0.0
3.0,25.0,0.07,0.07,0.07,0.07,6400.0,0.0
3.0,22.0,0.07,0.07,0.07,0.07,68000.0,0.0
3.0,21.0,0.065,0.07,0.065,0.069,156200.0,0.0040000000000000036
3.0,18.0,0.06,0.065,0.06,0.064,98000.0,0.0040000000000000036
3.0,17.0,0.06,0.06,0.06,0.06,23700.0,0.0
3.0,16.0,0.06,0.06,0.06,0.06,8500.0,0.0
3.0,15.0,0.06,0.06,0.048,0.048,6000.0,-0.011999999999999997
3.0,14.0,0.06,0.06,0.06,0.06,5000.0,0.0
3.0,11.0,0.06,0.06,0.048,0.06,158000.0,0.0
3.0,10.0,0.065,0.065,0.06,0.06,57000.0,-0.0050000000000000044
3.0,9.0,0.07,0.07,0.07,0.07,218000.0,0.0
3.0,8.0,0.05,0.07,0.05,0.07,210100.0,0.020000000000000004
3.0,7.0,0.045,0.0545,0.045,0.05,26000.0,0.0050000000000000044
3.0,4.0,0.048,0.06,0.045,0.05,35000.0,0.0020000000000000018
3.0,3.0,0.049,0.065,0.049,0.065,104400.0,0.016
3.0,2.0,0.05,0.05,0.05,0.05,35000.0,0.0
3.0,1.0,0.05,0.05,0.05,0.05,20000.0,0.0
2.0,28.0,0.05,0.05,0.05,0.05,35300.0,0.0
2.0,25.0,0.05,0.05,0.05,0.05,35300.0,0.0
2.0,23.0,0.05,0.05,0.05,0.05,35300.0,0.0
2.0,18.0,0.05,0.05,0.05,0.05,35300.0,0.0
2.0,17.0,0.055,0.055,0.05,0.05,406500.0,-0.0049999999999999975
2.0,16.0,0.055,0.055,0.055,0.055,500.0,0.0
2.0,15.0,0.055,0.055,0.05,0.055,10400.0,0.0
2.0,14.0,0.055,0.055,0.055,0.055,2200.0,0.0
2.0,9.0,0.0453,0.0453,0.04,0.04,50000.0,-0.005299999999999999
2.0,8.0,0.05,0.055,0.045,0.045,52800.0,-0.0050000000000000044
2.0,7.0,0.053,0.053,0.05,0.05,420000.0,-0.0029999999999999957
2.0,4.0,0.05,0.053,0.048,0.053,151400.0,0.0029999999999999957
2.0,3.0,0.05,0.06,0.05,0.05,625000.0,0.0
2.0,2.0,0.071,0.071,0.07,0.07,5800.0,-9.99999999999987E-4
2.0,1.0,0.06,0.071,0.06,0.07,16300.0,0.010000000000000009
1.0,31.0,0.055,0.06,0.055,0.06,15000.0,0.0049999999999999975
1.0,28.0,0.05,0.05,0.047,0.05,75000.0,0.0
1.0,27.0,0.06,0.06,0.047,0.047,189200.0,-0.012999999999999998
1.0,26.0,0.047,0.047,0.044,0.046,694500.0,-0.0010000000000000009
1.0,25.0,0.06,0.06,0.049,0.049,76700.0,-0.010999999999999996
1.0,24.0,0.06,0.067,0.06,0.06,78100.0,0.0
1.0,21.0,0.06,0.08,0.0501,0.055,308600.0,-0.0049999999999999975
1.0,20.0,0.046,0.054,0.044,0.044,155500.0,-0.0020000000000000018
1.0,19.0,0.0595,0.06,0.0565,0.06,40000.0,5.000000000000004E-4
1.0,18.0,0.07,0.07,0.0455,0.0455,223700.0,-0.024500000000000008
1.0,14.0,0.06,0.06,0.06,0.06,6000.0,0.0
1.0,13.0,0.055,0.06,0.055,0.06,12500.0,0.0049999999999999975
1.0,12.0,0.06,0.06,0.06,0.06,101000.0,0.0
1.0,11.0,0.075,0.075,0.06,0.06,287100.0,-0.015
1.0,10.0,0.075,0.075,0.075,0.075,10000.0,0.0
1.0,7.0,0.07,0.07,0.07,0.07,5000.0,0.0
1.0,6.0,0.065,0.085,0.065,0.07,316300.0,0.0050000000000000044
1.0,5.0,0.07,0.075,0.065,0.065,201200.0,-0.0050000000000000044
1.0,4.0,0.085,0.085,0.085,0.085,13500.0,0.0
1.0,3.0,0.085,0.09,0.066,0.09,129800.0,0.0049999999999999906
12.0,31.0,0.065,0.065,0.065,0.065,35100.0,0.0
12.0,30.0,0.065,0.065,0.065,0.065,10300.0,0.0
12.0,28.0,0.085,0.085,0.065,0.065,2000.0,-0.020000000000000004
12.0,21.0,0.065,0.065,0.065,0.065,1000.0,0.0
12.0,20.0,0.061,0.087,0.06,0.08,169500.0,0.019000000000000003
12.0,17.0,0.062,0.062,0.061,0.061,32000.0,-0.0010000000000000009
12.0,16.0,0.075,0.075,0.065,0.066,285300.0,-0.008999999999999994
12.0,14.0,0.07,0.07,0.07,0.07,163500.0,0.0
12.0,13.0,0.08,0.096,0.0665,0.0665,125700.0,-0.013499999999999998
12.0,10.0,0.07,0.07,0.066,0.07,78000.0,0.0
12.0,6.0,0.07,0.07,0.067,0.067,4700.0,-0.0030000000000000027
12.0,3.0,0.07,0.09,0.07,0.07,651600.0,0.0
12.0,2.0,0.07,0.07,0.07,0.07,11900.0,0.0
12.0,1.0,0.07,0.07,0.066,0.066,47700.0,-0.0040000000000000036
11.0,30.0,0.073,0.073,0.07,0.07,57600.0,-0.002999999999999989
11.0,29.0,0.08,0.08,0.073,0.075,15900.0,-0.0050000000000000044
11.0,23.0,0.075,0.075,0.075,0.075,1000.0,0.0
11.0,22.0,0.08,0.08,0.075,0.075,4800.0,-0.0050000000000000044
11.0,19.0,0.073,0.075,0.073,0.075,54000.0,0.0020000000000000018
11.0,18.0,0.08,0.08,0.075,0.075,411100.0,-0.0050000000000000044
11.0,17.0,0.075,0.075,0.075,0.075,26500.0,0.0
11.0,16.0,0.08,0.08,0.075,0.075,95000.0,-0.0050000000000000044
11.0,15.0,0.075,0.08,0.075,0.08,140300.0,0.0050000000000000044
11.0,12.0,0.085,0.085,0.075,0.075,213600.0,-0.010000000000000009
11.0,11.0,0.1,0.1,0.0801,0.092,149100.0,-0.008000000000000007
11.0,10.0,0.06,0.1,0.06,0.1,113000.0,0.04000000000000001
11.0,9.0,0.09,0.11,0.082,0.1,95900.0,0.010000000000000009
11.0,8.0,0.08,0.096,0.08,0.09,329000.0,0.009999999999999995
11.0,5.0,0.067,0.08,0.065,0.08,365200.0,0.012999999999999998
11.0,4.0,0.069,0.069,0.069,0.069,21100.0,0.0
11.0,3.0,0.069,0.069,0.069,0.069,500.0,0.0
11.0,2.0,0.06,0.069,0.05,0.069,29800.0,0.009000000000000008
10.0,28.0,0.06,0.065,0.06,0.065,158100.0,0.0050000000000000044
10.0,27.0,0.07,0.07,0.051,0.07,224300.0,0.0
10.0,22.0,0.068,0.07,0.068,0.07,60900.0,0.0020000000000000018
10.0,21.0,0.065,0.071,0.065,0.07,461000.0,0.0050000000000000044
10.0,20.0,0.052,0.07,0.052,0.07,305300.0,0.01800000000000001
10.0,19.0,0.05,0.06,0.05,0.06,44700.0,0.009999999999999995
10.0,18.0,0.049,0.05,0.04,0.04,748800.0,-0.009000000000000001
10.0,15.0,0.07,0.07,0.06,0.06,55700.0,-0.010000000000000009
10.0,14.0,0.07,0.07,0.056,0.06,154500.0,-0.010000000000000009
10.0,13.0,0.06,0.074,0.06,0.07,593100.0,0.010000000000000009
10.0,12.0,0.065,0.069,0.049,0.049,104300.0,-0.016
10.0,11.0,0.049,0.0675,0.049,0.065,199300.0,0.016
10.0,8.0,0.049,0.049,0.0375,0.045,241600.0,-0.0040000000000000036
10.0,7.0,0.05,0.05,0.04,0.04,14300.0,-0.010000000000000002
10.0,6.0,0.04,0.045,0.04,0.04,17000.0,0.0
10.0,5.0,0.035,0.04,0.035,0.04,57000.0,0.0049999999999999975
10.0,4.0,0.035,0.04,0.03,0.04,233800.0,0.0049999999999999975
10.0,1.0,0.05,0.05,0.035,0.04,67200.0,-0.010000000000000002
9.0,30.0,0.03,0.069,0.03,0.04,1446700.0,0.010000000000000002
9.0,29.0,0.03,0.03,0.03,0.03,529900.0,0.0
9.0,28.0,0.03,0.03,0.028,0.03,193000.0,0.0
9.0,27.0,0.0275,0.033,0.0275,0.03,113100.0,0.0024999999999999988
9.0,24.0,0.032,0.035,0.032,0.035,66100.0,0.0030000000000000027
9.0,23.0,0.03,0.035,0.03,0.034,25200.0,0.0040000000000000036
9.0,22.0,0.03,0.034,0.03,0.03,70300.0,0.0
9.0,21.0,0.034,0.034,0.034,0.034,9000.0,0.0
9.0,20.0,0.025,0.031,0.025,0.025,70000.0,0.0
9.0,17.0,0.025,0.025,0.025,0.025,200000.0,0.0
9.0,16.0,0.024,0.027,0.024,0.025,373000.0,0.0010000000000000009
9.0,15.0,0.02,0.022,0.02,0.022,8300.0,0.0019999999999999983
9.0,13.0,0.02,0.02,0.02,0.02,27500.0,0.0
9.0,10.0,0.034,0.0351,0.0275,0.0275,367600.0,-0.006500000000000002
9.0,9.0,0.03,0.035,0.03,0.03,75700.0,0.0
9.0,8.0,0.025,0.025,0.025,0.025,304800.0,0.0
9.0,7.0,0.025,0.025,0.025,0.025,205200.0,0.0
8.0,27.0,0.02,0.02,0.0162,0.0162,11600.0,-0.0038000000000000013
8.0,18.0,0.027,0.028,0.027,0.028,72000.0,0.0010000000000000009
8.0,17.0,0.02,0.027,0.02,0.027,33500.0,0.006999999999999999
8.0,16.0,0.0203,0.0203,0.02,0.02,78000.0,-2.999999999999982E-4
8.0,13.0,0.03,0.03,0.0162,0.02,63400.0,-0.009999999999999998
8.0,11.0,0.025,0.03,0.025,0.03,169300.0,0.0049999999999999975
8.0,10.0,0.022,0.022,0.02,0.02,35000.0,-0.0019999999999999983
8.0,9.0,0.0162,0.025,0.0162,0.02,40000.0,0.0038000000000000013
8.0,6.0,0.03,0.03,0.03,0.03,6000.0,0.0
8.0,5.0,0.025,0.025,0.025,0.025,2200.0,0.0
7.0,29.0,0.025,0.03,0.02,0.03,22000.0,0.0049999999999999975
7.0,27.0,0.0389,0.039,0.0389,0.039,5000.0,1.0000000000000286E-4
7.0,23.0,0.03,0.03,0.03,0.03,10000.0,0.0
7.0,20.0,0.04,0.04,0.04,0.04,1500.0,0.0
7.0,16.0,0.0409,0.041,0.0409,0.0409,5200.0,0.0
7.0,14.0,0.0388,0.0389,0.0388,0.0389,2000.0,9.999999999999593E-5
7.0,13.0,0.0389,0.0389,0.038,0.0389,6800.0,0.0
7.0,12.0,0.0348,0.0348,0.015,0.0348,175200.0,0.0
7.0,9.0,0.03,0.03,0.03,0.03,5000.0,0.0
7.0,8.0,0.03,0.03,0.03,0.03,7500.0,0.0
7.0,7.0,0.022,0.022,0.022,0.022,50000.0,0.0
7.0,6.0,0.022,0.022,0.022,0.022,2000.0,0.0
7.0,1.0,0.022,0.022,0.022,0.022,5000.0,0.0
6.0,29.0,0.022,0.022,0.021,0.022,26500.0,0.0
6.0,28.0,0.07,0.07,0.025,0.025,9000.0,-0.045000000000000005
6.0,25.0,0.07,0.07,0.025,0.025,5000.0,-0.045000000000000005
6.0,23.0,0.07,0.07,0.022,0.022,35000.0,-0.04800000000000001
6.0,22.0,0.07,0.07,0.02,0.02,5000.0,-0.05
6.0,21.0,0.07,0.07,0.02,0.02,25000.0,-0.05
6.0,18.0,0.07,0.07,0.02,0.02,114200.0,-0.05
6.0,17.0,0.07,0.07,0.029,0.03,30500.0,-0.04000000000000001
6.0,16.0,0.07,0.07,0.029,0.029,20000.0,-0.04100000000000001
6.0,15.0,0.07,0.07,0.025,0.025,25000.0,-0.045000000000000005
6.0,14.0,0.07,0.07,0.027,0.027,64000.0,-0.04300000000000001
6.0,11.0,0.07,0.07,0.024,0.029,22500.0,-0.04100000000000001
6.0,10.0,0.07,0.07,0.0231,0.0231,50000.0,-0.04690000000000001
6.0,7.0,0.07,0.07,0.025,0.03,39400.0,-0.04000000000000001
6.0,3.0,0.07,0.07,0.025,0.038,24500.0,-0.03200000000000001
6.0,2.0,0.07,0.07,0.038,0.038,200.0,-0.03200000000000001
6.0,1.0,0.07,0.07,0.03,0.03,18000.0,-0.04000000000000001
5.0,27.0,0.07,0.07,0.03,0.035,51700.0,-0.035
5.0,26.0,0.07,0.07,0.027,0.027,100000.0,-0.04300000000000001
5.0,25.0,0.07,0.07,0.025,0.025,5900.0,-0.045000000000000005
5.0,21.0,0.07,0.07,0.03,0.03,1000.0,-0.04000000000000001
5.0,20.0,0.07,0.07,0.03,0.03,3500.0,-0.04000000000000001
5.0,18.0,0.07,0.07,0.03,0.03,84300.0,-0.04000000000000001
5.0,17.0,0.07,0.07,0.03,0.03,55800.0,-0.04000000000000001
5.0,14.0,0.07,0.07,0.03,0.03,1000.0,-0.04000000000000001
5.0,13.0,0.07,0.07,0.03,0.03,19800.0,-0.04000000000000001
5.0,12.0,0.07,0.07,0.0252,0.03,145700.0,-0.04000000000000001
5.0,11.0,0.07,0.07,0.03,0.03,272900.0,-0.04000000000000001
5.0,10.0,0.07,0.07,0.035,0.035,125500.0,-0.035
5.0,7.0,0.07,0.07,0.03,0.035,107900.0,-0.035
5.0,6.0,0.07,0.07,0.03,0.03,55500.0,-0.04000000000000001
5.0,5.0,0.07,0.07,0.03,0.035,6000.0,-0.035
5.0,4.0,0.07,0.07,0.03,0.035,86900.0,-0.035
5.0,3.0,0.07,0.07,0.033,0.035,66300.0,-0.035
4.0,30.0,0.07,0.07,0.0289,0.03,60600.0,-0.04000000000000001
4.0,29.0,0.07,0.07,0.03,0.03,128900.0,-0.04000000000000001
4.0,28.0,0.07,0.07,0.032,0.0395,7800.0,-0.030500000000000006
4.0,27.0,0.07,0.07,0.0302,0.0302,2500.0,-0.0398
4.0,26.0,0.07,0.07,0.0301,0.0302,193700.0,-0.0398
4.0,23.0,0.07,0.07,0.038,0.0395,92100.0,-0.030500000000000006
4.0,22.0,0.07,0.07,0.033,0.033,31000.0,-0.037000000000000005
4.0,21.0,0.07,0.07,0.0315,0.0315,15000.0,-0.038500000000000006
4.0,20.0,0.07,0.07,0.03,0.03,5200.0,-0.04000000000000001
4.0,19.0,0.07,0.07,0.029,0.03,56500.0,-0.04000000000000001
4.0,16.0,0.031,0.031,0.027,0.03,207000.0,-0.0010000000000000009
4.0,15.0,0.07,0.07,0.03,0.03,25900.0,-0.04000000000000001
4.0,14.0,0.07,0.07,0.03,0.03,185900.0,-0.04000000000000001
4.0,13.0,0.0399,0.0399,0.0399,0.0399,5000.0,0.0
4.0,12.0,0.04,0.04,0.04,0.04,40700.0,0.0
4.0,9.0,0.07,0.07,0.0391,0.04,92500.0,-0.030000000000000006
4.0,8.0,0.07,0.07,0.045,0.045,21200.0,-0.02500000000000001
4.0,7.0,0.07,0.07,0.04,0.04,32200.0,-0.030000000000000006
4.0,6.0,0.07,0.07,0.045,0.045,47000.0,-0.02500000000000001
4.0,5.0,0.07,0.07,0.035,0.045,58600.0,-0.02500000000000001
4.0,1.0,0.07,0.07,0.033,0.035,279200.0,-0.035
3.0,31.0,0.07,0.07,0.031,0.031,48400.0,-0.03900000000000001
3.0,30.0,0.07,0.07,0.0335,0.0335,136500.0,-0.036500000000000005
3.0,29.0,0.07,0.07,0.04,0.04,88600.0,-0.030000000000000006
3.0,26.0,0.07,0.07,0.04,0.04,59300.0,-0.030000000000000006
3.0,25.0,0.07,0.07,0.045,0.045,65000.0,-0.02500000000000001
3.0,24.0,0.07,0.07,0.0421,0.045,67400.0,-0.02500000000000001
3.0,23.0,0.07,0.07,0.045,0.045,112700.0,-0.02500000000000001
3.0,22.0,0.07,0.07,0.042,0.045,71800.0,-0.02500000000000001
3.0,19.0,0.0435,0.05,0.0435,0.05,15100.0,0.006500000000000006
3.0,18.0,0.07,0.07,0.045,0.059,36000.0,-0.01100000000000001
3.0,17.0,0.07,0.07,0.0415,0.05,152500.0,-0.020000000000000004
3.0,16.0,0.07,0.07,0.046,0.046,30000.0,-0.024000000000000007
3.0,15.0,0.07,0.07,0.05,0.05,125100.0,-0.020000000000000004
3.0,12.0,0.07,0.07,0.05,0.054,7700.0,-0.016000000000000007
3.0,11.0,0.07,0.07,0.05,0.05,164100.0,-0.020000000000000004
3.0,10.0,0.07,0.07,0.05,0.051,336500.0,-0.01900000000000001
3.0,9.0,0.07,0.07,0.0515,0.0515,93100.0,-0.01850000000000001
3.0,8.0,0.07,0.075,0.06,0.06,263300.0,-0.010000000000000009
3.0,5.0,0.07,0.08,0.06,0.079,63200.0,0.008999999999999994
3.0,4.0,0.07,0.09,0.07,0.08,44800.0,0.009999999999999995
3.0,3.0,0.07,0.095,0.07,0.08,19200.0,0.009999999999999995
3.0,1.0,0.07,0.1,0.07,0.095,143600.0,0.024999999999999994
2.0,26.0,0.07,0.1,0.07,0.1,207100.0,0.03
2.0,25.0,0.07,0.099,0.07,0.095,37000.0,0.024999999999999994
2.0,24.0,0.07,0.09,0.07,0.09,282000.0,0.01999999999999999
2.0,23.0,0.07,0.09,0.07,0.09,92500.0,0.01999999999999999
2.0,22.0,0.07,0.09,0.07,0.09,47100.0,0.01999999999999999
2.0,19.0,0.07,0.1,0.07,0.09,105100.0,0.01999999999999999
2.0,18.0,0.07,0.095,0.07,0.095,59700.0,0.024999999999999994
2.0,17.0,0.07,0.105,0.07,0.09,182600.0,0.01999999999999999
2.0,16.0,0.07,0.095,0.07,0.09,170400.0,0.01999999999999999
2.0,12.0,0.07,0.075,0.066,0.075,130100.0,0.0049999999999999906
2.0,11.0,0.066,0.075,0.066,0.075,41500.0,0.008999999999999994
2.0,10.0,0.066,0.066,0.06,0.06,17500.0,-0.006000000000000005
2.0,9.0,0.06,0.066,0.05,0.066,363200.0,0.006000000000000005
2.0,8.0,0.051,0.07,0.051,0.06,117800.0,0.009000000000000001
2.0,5.0,0.06,0.061,0.045,0.045,20900.0,-0.015
2.0,3.0,0.06,0.06,0.045,0.045,29700.0,-0.015
2.0,2.0,0.045,0.045,0.045,0.045,5600.0,0.0
2.0,1.0,0.06,0.06,0.055,0.055,16500.0,-0.0049999999999999975
1.0,29.0,0.05,0.05,0.05,0.05,40000.0,0.0
1.0,28.0,0.04,0.044,0.036,0.044,13000.0,0.003999999999999997
1.0,27.0,0.044,0.044,0.044,0.044,400000.0,0.0
1.0,25.0,0.044,0.045,0.044,0.045,18000.0,0.0010000000000000009
1.0,22.0,0.045,0.045,0.04,0.044,52800.0,-0.0010000000000000009
1.0,21.0,0.05,0.06,0.045,0.045,48000.0,-0.0050000000000000044
1.0,19.0,0.05,0.05,0.045,0.05,119200.0,0.0
1.0,14.0,0.045,0.049,0.045,0.049,44400.0,0.0040000000000000036
1.0,13.0,0.045,0.045,0.045,0.045,22300.0,0.0
1.0,12.0,0.049,0.049,0.046,0.046,34200.0,-0.0030000000000000027
1.0,11.0,0.049,0.049,0.049,0.049,33800.0,0.0
1.0,8.0,0.05,0.05,0.05,0.05,19800.0,0.0
1.0,7.0,0.06,0.06,0.05,0.05,194800.0,-0.009999999999999995
1.0,6.0,0.06,0.06,0.053,0.06,96000.0,0.0
1.0,5.0,0.055,0.06,0.05,0.053,141500.0,-0.0020000000000000018
1.0,4.0,0.059,0.059,0.05,0.05,1038200.0,-0.008999999999999994
12.0,31.0,0.06,0.06,0.059,0.059,10600.0,-0.0010000000000000009
12.0,30.0,0.05,0.05,0.05,0.05,60000.0,0.0
12.0,29.0,0.06,0.06,0.05,0.05,102000.0,-0.009999999999999995
12.0,28.0,0.06,0.06,0.06,0.06,2000.0,0.0
12.0,24.0,0.05,0.05,0.05,0.05,1000.0,0.0
12.0,23.0,0.06,0.06,0.06,0.06,21000.0,0.0
12.0,22.0,0.06,0.06,0.06,0.06,49500.0,0.0
12.0,21.0,0.06,0.06,0.05,0.05,11900.0,-0.009999999999999995
12.0,18.0,0.052,0.06,0.045,0.06,84000.0,0.008
12.0,17.0,0.052,0.06,0.052,0.06,24700.0,0.008
12.0,16.0,0.07,0.07,0.065,0.065,20000.0,-0.0050000000000000044
12.0,14.0,0.07,0.07,0.06,0.06,71000.0,-0.010000000000000009
12.0,11.0,0.05,0.07,0.05,0.07,25000.0,0.020000000000000004
12.0,10.0,0.05,0.0501,0.05,0.05,55200.0,0.0
12.0,9.0,0.055,0.0575,0.05,0.05,85800.0,-0.0049999999999999975
12.0,8.0,0.055,0.055,0.055,0.055,3000.0,0.0
12.0,7.0,0.07,0.07,0.042,0.07,226800.0,0.0
12.0,3.0,0.064,0.07,0.064,0.07,25000.0,0.006000000000000005
12.0,2.0,0.064,0.064,0.064,0.064,800.0,0.0
12.0,1.0,0.05,0.05,0.05,0.05,32200.0,0.0
11.0,30.0,0.06,0.07,0.049,0.055,832500.0,-0.0049999999999999975
11.0,27.0,0.07,0.07,0.07,0.07,300.0,0.0
11.0,25.0,0.057,0.07,0.057,0.07,165000.0,0.013000000000000005
11.0,24.0,0.065,0.065,0.0625,0.0625,54600.0,-0.0025000000000000022
11.0,23.0,0.0645,0.0645,0.0625,0.0625,2500.0,-0.0020000000000000018
11.0,20.0,0.0645,0.0645,0.0645,0.0645,2000.0,0.0
11.0,19.0,0.07,0.07,0.065,0.065,5500.0,-0.0050000000000000044
11.0,18.0,0.07,0.08,0.06,0.074,261400.0,0.00399999999999999
11.0,16.0,0.075,0.075,0.0625,0.0625,122500.0,-0.012499999999999997
11.0,12.0,0.08,0.08,0.075,0.075,80500.0,-0.0050000000000000044
11.0,11.0,0.062,0.062,0.06,0.06,6000.0,-0.0020000000000000018
11.0,10.0,0.056,0.056,0.056,0.056,800.0,0.0
11.0,9.0,0.08,0.08,0.07,0.07,59100.0,-0.009999999999999995
11.0,6.0,0.06,0.08,0.06,0.08,32900.0,0.020000000000000004
11.0,5.0,0.072,0.072,0.072,0.072,500.0,0.0
11.0,4.0,0.07,0.072,0.06,0.072,28200.0,0.001999999999999988
11.0,3.0,0.07,0.07,0.07,0.07,9000.0,0.0
11.0,2.0,0.09,0.09,0.056,0.07,454100.0,-0.01999999999999999
10.0,30.0,0.085,0.085,0.08,0.08,13000.0,-0.0050000000000000044
10.0,29.0,0.08,0.08,0.08,0.08,15000.0,0.0
10.0,28.0,0.081,0.081,0.081,0.081,20500.0,0.0
10.0,22.0,0.085,0.09,0.085,0.09,80000.0,0.0049999999999999906
10.0,21.0,0.085,0.085,0.085,0.085,700.0,0.0
10.0,19.0,0.085,0.085,0.085,0.085,2000.0,0.0
10.0,16.0,0.08,0.08,0.073,0.073,17000.0,-0.007000000000000006
10.0,15.0,0.08,0.08,0.08,0.08,23300.0,0.0
10.0,14.0,0.08,0.08,0.08,0.08,38500.0,0.0
10.0,13.0,0.073,0.073,0.073,0.073,4400.0,0.0
10.0,12.0,0.08,0.08,0.076,0.076,37400.0,-0.0040000000000000036
10.0,9.0,0.085,0.085,0.073,0.073,48700.0,-0.01200000000000001
10.0,8.0,0.08,0.085,0.076,0.085,1055000.0,0.0050000000000000044
10.0,7.0,0.09,0.09,0.09,0.09,56000.0,0.0
10.0,6.0,0.088,0.088,0.08,0.08,102000.0,-0.007999999999999993
10.0,5.0,0.076,0.09,0.076,0.08,347400.0,0.0040000000000000036
10.0,2.0,0.072,0.08,0.072,0.08,17800.0,0.008000000000000007
10.0,1.0,0.082,0.082,0.082,0.082,17300.0,0.0
9.0,30.0,0.08,0.0801,0.08,0.08,68000.0,0.0
9.0,29.0,0.08,0.0849,0.079,0.08,117300.0,0.0
9.0,28.0,0.083,0.083,0.08,0.08,42800.0,-0.0030000000000000027
9.0,25.0,0.08,0.089,0.08,0.082,306100.0,0.0020000000000000018
9.0,24.0,0.08,0.09,0.076,0.08,156000.0,0.0
9.0,23.0,0.09,0.09,0.09,0.09,10000.0,0.0
9.0,22.0,0.095,0.095,0.08,0.09,63500.0,-0.0050000000000000044
9.0,21.0,0.095,0.095,0.095,0.095,30500.0,0.0
9.0,18.0,0.1,0.1,0.09,0.1,92400.0,0.0
9.0,17.0,0.1,0.1,0.075,0.09,142100.0,-0.010000000000000009
9.0,16.0,0.1,0.1,0.099,0.1,28500.0,0.0
9.0,15.0,0.095,0.095,0.095,0.095,2000.0,0.0
9.0,14.0,0.115,0.115,0.1,0.1,94000.0,-0.015
9.0,11.0,0.1,0.11,0.095,0.11,109300.0,0.009999999999999995
9.0,10.0,0.1,0.1,0.0897,0.1,2025600.0,0.0
9.0,9.0,0.09,0.1,0.09,0.1,64000.0,0.010000000000000009
9.0,8.0,0.1,0.109,0.0975,0.0975,100000.0,-0.0025000000000000022
9.0,4.0,0.1,0.1,0.095,0.1,26900.0,0.0
9.0,3.0,0.12,0.12,0.095,0.099,78300.0,-0.02099999999999999
9.0,2.0,0.15,0.15,0.096,0.129,556400.0,-0.02099999999999999
9.0,1.0,0.12,0.123,0.1,0.12,54000.0,0.0
8.0,31.0,0.115,0.12,0.105,0.105,54700.0,-0.010000000000000009
8.0,28.0,0.118,0.12,0.081,0.11,213700.0,-0.007999999999999993
8.0,27.0,0.115,0.14,0.11,0.135,29700.0,0.020000000000000004
8.0,26.0,0.145,0.145,0.114,0.14,46900.0,-0.004999999999999977
8.0,25.0,0.15,0.15,0.145,0.145,75400.0,-0.0050000000000000044
8.0,24.0,0.15,0.15,0.13,0.13,44200.0,-0.01999999999999999
8.0,21.0,0.135,0.14,0.135,0.14,64300.0,0.0050000000000000044
8.0,20.0,0.145,0.145,0.1,0.14,196900.0,-0.004999999999999977
8.0,19.0,0.13,0.15,0.12,0.135,229200.0,0.0050000000000000044
8.0,18.0,0.15,0.18,0.12,0.14,102100.0,-0.009999999999999981
8.0,17.0,0.17,0.17,0.15,0.15,30300.0,-0.020000000000000018
8.0,14.0,0.1,0.17,0.1,0.17,106300.0,0.07
8.0,13.0,0.14,0.14,0.104,0.104,39800.0,-0.03600000000000002
8.0,12.0,0.14,0.14,0.14,0.14,10000.0,0.0
8.0,11.0,0.165,0.18,0.16,0.16,438000.0,-0.0050000000000000044
8.0,10.0,0.165,0.185,0.165,0.165,56700.0,0.0
8.0,7.0,0.15,0.18,0.15,0.16,272600.0,0.010000000000000009
8.0,6.0,0.2,0.21,0.18,0.18,100000.0,-0.020000000000000018
8.0,5.0,0.12,0.2,0.11,0.18,145300.0,0.06
8.0,4.0,0.114,0.12,0.1,0.12,109600.0,0.0059999999999999915
8.0,3.0,0.085,0.114,0.085,0.105,110500.0,0.01999999999999999
7.0,31.0,0.085,0.085,0.07,0.07,141000.0,-0.015
7.0,30.0,0.075,0.075,0.075,0.075,9700.0,0.0
7.0,29.0,0.09,0.09,0.0651,0.085,233200.0,-0.0049999999999999906
7.0,28.0,0.065,0.065,0.065,0.065,3500.0,0.0
7.0,27.0,0.095,0.095,0.06,0.06,67400.0,-0.035
7.0,24.0,0.08,0.095,0.08,0.095,86000.0,0.015
7.0,23.0,0.094,0.094,0.088,0.088,12000.0,-0.006000000000000005
7.0,22.0,0.065,0.099,0.065,0.099,30600.0,0.034
7.0,21.0,0.082,0.082,0.057,0.0585,58900.0,-0.0235
7.0,20.0,0.1,0.1,0.095,0.095,5300.0,-0.0050000000000000044
7.0,17.0,0.075,0.1,0.075,0.1,18500.0,0.02500000000000001
7.0,16.0,0.075,0.075,0.075,0.075,9100.0,0.0
7.0,15.0,0.06,0.06,0.06,0.06,10000.0,0.0
7.0,14.0,0.065,0.065,0.057,0.057,273400.0,-0.008
7.0,13.0,0.09,0.096,0.07,0.07,45300.0,-0.01999999999999999
7.0,10.0,0.08,0.08,0.08,0.08,50000.0,0.0
7.0,9.0,0.09,0.09,0.085,0.085,34500.0,-0.0049999999999999906
7.0,8.0,0.065,0.095,0.065,0.08,850600.0,0.015
7.0,7.0,0.068,0.068,0.06,0.06,326800.0,-0.008000000000000007
7.0,6.0,0.07,0.07,0.065,0.065,40500.0,-0.0050000000000000044
7.0,2.0,0.08,0.08,0.075,0.08,157600.0,0.0
7.0,1.0,0.09,0.09,0.08,0.08,10400.0,-0.009999999999999995
6.0,30.0,0.075,0.075,0.075,0.075,1500.0,0.0
6.0,29.0,0.075,0.079,0.075,0.079,13100.0,0.0040000000000000036
6.0,25.0,0.075,0.075,0.075,0.075,4600.0,0.0
6.0,24.0,0.07,0.075,0.07,0.075,37500.0,0.0049999999999999906
6.0,23.0,0.065,0.07,0.065,0.07,117000.0,0.0050000000000000044
6.0,22.0,0.07,0.07,0.06,0.06,61200.0,-0.010000000000000009
6.0,19.0,0.07,0.07,0.07,0.07,1200.0,0.0
6.0,18.0,0.07,0.07,0.07,0.07,8400.0,0.0
6.0,17.0,0.07,0.07,0.06,0.06,35000.0,-0.010000000000000009
6.0,16.0,0.07,0.07,0.065,0.07,34000.0,0.0
6.0,15.0,0.07,0.07,0.06,0.06,37200.0,-0.010000000000000009
6.0,12.0,0.075,0.075,0.075,0.075,5600.0,0.0
6.0,10.0,0.075,0.075,0.062,0.07,57300.0,-0.0049999999999999906
6.0,9.0,0.064,0.064,0.064,0.064,1000.0,0.0
6.0,8.0,0.064,0.064,0.064,0.064,1300.0,0.0
6.0,5.0,0.075,0.075,0.075,0.075,1600.0,0.0
6.0,4.0,0.074,0.08,0.074,0.075,18600.0,0.0010000000000000009
6.0,3.0,0.075,0.075,0.075,0.075,5100.0,0.0
6.0,2.0,0.079,0.079,0.079,0.079,5000.0,0.0
6.0,1.0,0.07,0.079,0.07,0.079,17100.0,0.008999999999999994
5.0,29.0,0.08,0.08,0.06,0.07,74700.0,-0.009999999999999995
5.0,28.0,0.07,0.08,0.07,0.08,112000.0,0.009999999999999995
5.0,27.0,0.08,0.08,0.07,0.07,30000.0,-0.009999999999999995
5.0,26.0,0.08,0.08,0.08,0.08,5800.0,0.0
5.0,22.0,0.06,0.06,0.057,0.057,100000.0,-0.0029999999999999957
5.0,21.0,0.07,0.07,0.061,0.061,10000.0,-0.009000000000000008
5.0,20.0,0.089,0.09,0.07,0.07,35700.0,-0.01899999999999999
5.0,19.0,0.09,0.09,0.09,0.09,20000.0,0.0
5.0,18.0,0.08,0.089,0.08,0.08,700.0,0.0
5.0,14.0,0.09,0.09,0.07,0.07,16300.0,-0.01999999999999999
5.0,13.0,0.09,0.09,0.09,0.09,5000.0,0.0
5.0,12.0,0.099,0.099,0.099,0.099,3000.0,0.0
5.0,11.0,0.09,0.09,0.09,0.09,7900.0,0.0
5.0,7.0,0.09,0.09,0.09,0.09,16500.0,0.0
5.0,6.0,0.07,0.07,0.07,0.07,7000.0,0.0
5.0,5.0,0.1,0.1,0.07,0.099,15400.0,-0.0010000000000000009
5.0,1.0,0.109,0.109,0.109,0.109,32000.0,0.0
4.0,30.0,0.109,0.109,0.109,0.109,2000.0,0.0
4.0,29.0,0.095,0.095,0.09,0.09,12600.0,-0.0050000000000000044
4.0,28.0,0.1,0.1,0.1,0.1,13400.0,0.0
4.0,27.0,0.11,0.11,0.11,0.11,1400.0,0.0
4.0,24.0,0.11,0.11,0.11,0.11,800.0,0.0
4.0,21.0,0.13,0.13,0.12,0.12,3600.0,-0.010000000000000009
4.0,20.0,0.129,0.129,0.129,0.129,57800.0,0.0
4.0,17.0,0.13,0.13,0.13,0.13,1000.0,0.0
4.0,15.0,0.12,0.129,0.12,0.129,33300.0,0.009000000000000008
4.0,14.0,0.12,0.15,0.12,0.13,90700.0,0.010000000000000009
4.0,13.0,0.12,0.13,0.12,0.13,102300.0,0.010000000000000009
4.0,9.0,0.11,0.13,0.11,0.115,25200.0,0.0050000000000000044
4.0,8.0,0.12,0.12,0.12,0.12,20000.0,0.0
4.0,6.0,0.13,0.13,0.12,0.12,36000.0,-0.010000000000000009
4.0,3.0,0.13,0.13,0.13,0.13,10800.0,0.0
4.0,2.0,0.125,0.13,0.11,0.125,60100.0,0.0
4.0,1.0,0.13,0.13,0.12,0.12,10500.0,-0.010000000000000009
3.0,31.0,0.13,0.13,0.13,0.13,193900.0,0.0
3.0,30.0,0.13,0.13,0.13,0.13,11500.0,0.0
3.0,27.0,0.135,0.135,0.13,0.13,68100.0,-0.0050000000000000044
3.0,26.0,0.135,0.155,0.135,0.135,99000.0,0.0
3.0,25.0,0.125,0.135,0.125,0.13,25900.0,0.0050000000000000044
3.0,24.0,0.09,0.14,0.09,0.125,320700.0,0.035
3.0,23.0,0.085,0.085,0.085,0.085,100.0,0.0
3.0,20.0,0.09,0.09,0.09,0.09,55800.0,0.0
3.0,19.0,0.09,0.09,0.09,0.09,21000.0,0.0
3.0,18.0,0.09,0.09,0.09,0.09,20000.0,0.0
3.0,17.0,0.095,0.1,0.06,0.06,50500.0,-0.035
3.0,16.0,0.099,0.099,0.09,0.095,77600.0,-0.0040000000000000036
3.0,13.0,0.085,0.1,0.085,0.1,325000.0,0.015
3.0,12.0,0.085,0.085,0.085,0.085,6000.0,0.0
3.0,10.0,0.08,0.08,0.08,0.08,11600.0,0.0
3.0,4.0,0.08,0.08,0.08,0.08,15900.0,0.0
3.0,3.0,0.06,0.06,0.06,0.06,100.0,0.0
3.0,2.0,0.09,0.09,0.09,0.09,108000.0,0.0
2.0,26.0,0.08,0.08,0.05,0.08,104600.0,0.0
2.0,25.0,0.08,0.08,0.08,0.08,47000.0,0.0
2.0,20.0,0.07,0.07,0.07,0.07,5000.0,0.0
2.0,19.0,0.08,0.08,0.07,0.07,50000.0,-0.009999999999999995
2.0,18.0,0.09,0.09,0.09,0.09,8500.0,0.0
2.0,17.0,0.09,0.1,0.05,0.1,1428400.0,0.010000000000000009
2.0,12.0,0.08,0.08,0.08,0.08,15000.0,0.0
2.0,11.0,0.08,0.08,0.08,0.08,3500.0,0.0
2.0,10.0,0.06,0.06,0.05,0.05,1085700.0,-0.009999999999999995
2.0,9.0,0.061,0.061,0.061,0.061,10000.0,0.0
2.0,6.0,0.07,0.07,0.07,0.07,52800.0,0.0
2.0,5.0,0.07,0.07,0.07,0.07,600.0,0.0
2.0,4.0,0.07,0.07,0.07,0.07,3500.0,0.0
2.0,3.0,0.065,0.07,0.06,0.06,176000.0,-0.0050000000000000044
1.0,30.0,0.07,0.07,0.065,0.065,146900.0,-0.0050000000000000044
1.0,29.0,0.08,0.08,0.07,0.07,65000.0,-0.009999999999999995
1.0,27.0,0.09,0.09,0.09,0.09,110000.0,0.0
1.0,26.0,0.09,0.09,0.08,0.08,45000.0,-0.009999999999999995
1.0,23.0,0.09,0.09,0.08,0.08,129900.0,-0.009999999999999995
1.0,22.0,0.09,0.09,0.09,0.09,12100.0,0.0
1.0,21.0,0.09,0.09,0.08,0.09,267900.0,0.0
1.0,20.0,0.07,0.09,0.07,0.09,69000.0,0.01999999999999999
1.0,15.0,0.07,0.07,0.065,0.065,52000.0,-0.0050000000000000044
1.0,13.0,0.05,0.08,0.05,0.08,1252500.0,0.03
1.0,12.0,0.08,0.08,0.05,0.05,1042000.0,-0.03
1.0,9.0,0.07,0.07,0.065,0.065,12000.0,-0.0050000000000000044
1.0,8.0,0.08,0.08,0.08,0.08,27900.0,0.0
1.0,6.0,0.0785,0.08,0.06,0.06,12100.0,-0.018500000000000003
1.0,5.0,0.07,0.15,0.06,0.06,67000.0,-0.010000000000000009
12.0,30.0,0.045,0.07,0.045,0.07,69000.0,0.02500000000000001
12.0,29.0,0.05,0.05,0.045,0.045,23700.0,-0.0050000000000000044
12.0,23.0,0.0501,0.0501,0.05,0.05,52000.0,-9.999999999999593E-5
12.0,22.0,0.05,0.05,0.045,0.05,161500.0,0.0
12.0,19.0,0.05,0.05,0.05,0.05,2210000.0,0.0
12.0,18.0,0.075,0.075,0.05,0.05,510000.0,-0.024999999999999994
12.0,12.0,0.08,0.08,0.071,0.08,20000.0,0.0
12.0,11.0,0.071,0.071,0.071,0.071,20000.0,0.0
12.0,10.0,0.08,0.09,0.08,0.08,70000.0,0.0
12.0,8.0,0.08,0.08,0.08,0.08,20000.0,0.0
12.0,4.0,0.09,0.09,0.08,0.08,70000.0,-0.009999999999999995
12.0,2.0,0.12,0.12,0.08,0.08,20000.0,-0.039999999999999994
12.0,1.0,0.2,0.2,0.085,0.085,32000.0,-0.115
11.0,24.0,0.15,0.15,0.15,0.15,500.0,0.0
11.0,21.0,0.19,0.19,0.19,0.19,500.0,0.0
11.0,19.0,0.155,0.2,0.1,0.1,58400.0,-0.05499999999999999
11.0,18.0,0.16,0.16,0.16,0.16,10000.0,0.0
11.0,17.0,0.18,0.18,0.18,0.18,10000.0,0.0
11.0,10.0,0.17,0.17,0.17,0.17,1500.0,0.0
11.0,7.0,0.26,0.26,0.26,0.26,0.0,0.0
11.0,6.0,0.26,0.26,0.26,0.26,0.0,0.0
11.0,5.0,0.26,0.26,0.26,0.26,0.0,0.0
11.0,4.0,0.26,0.26,0.26,0.26,0.0,0.0
11.0,3.0,0.26,0.26,0.26,0.26,0.0,0.0
10.0,31.0,0.26,0.26,0.26,0.26,0.0,0.0
10.0,30.0,0.26,0.26,0.26,0.26,0.0,0.0
10.0,29.0,0.26,0.26,0.26,0.26,0.0,0.0
10.0,28.0,0.26,0.26,0.26,0.26,0.0,0.0
10.0,27.0,0.3,0.3,0.26,0.26,66000.0,-0.03999999999999998
10.0,24.0,0.25,0.25,0.25,0.25,0.0,0.0
10.0,23.0,0.25,0.25,0.25,0.25,5000.0,0.0
10.0,22.0,0.3,0.3,0.3,0.3,0.0,0.0
10.0,21.0,0.3,0.3,0.3,0.3,0.0,0.0
10.0,20.0,0.3,0.3,0.3,0.3,0.0,0.0
10.0,17.0,0.3,0.3,0.3,0.3,0.0,0.0
10.0,16.0,0.3,0.3,0.3,0.3,0.0,0.0
10.0,15.0,0.3,0.3,0.3,0.3,0.0,0.0
10.0,14.0,0.3,0.3,0.3,0.3,17100.0,0.0
10.0,13.0,0.3,0.3,0.3,0.3,0.0,0.0
10.0,10.0,0.3,0.3,0.3,0.3,0.0,0.0
10.0,9.0,0.3,0.3,0.3,0.3,0.0,0.0
10.0,8.0,0.75,0.75,0.3,0.3,22500.0,-0.45
10.0,7.0,0.75,0.75,0.75,0.75,1400.0,0.0
10.0,6.0,0.16,0.16,0.16,0.16,0.0,0.0
10.0,3.0,0.16,0.16,0.16,0.16,0.0,0.0
10.0,2.0,0.16,0.16,0.16,0.16,500.0,0.0
10.0,1.0,0.4,0.4,0.4,0.4,900.0,0.0
9.0,30.0,0.4,0.4,0.4,0.4,500.0,0.0
9.0,29.0,0.4,0.4,0.4,0.4,0.0,0.0
9.0,26.0,0.4,0.4,0.4,0.4,1000.0,0.0
9.0,25.0,0.4,0.45,0.4,0.45,17000.0,0.04999999999999999
9.0,24.0,0.4,0.75,0.4,0.75,7000.0,0.35
9.0,23.0,1.05,1.05,1.05,1.05,0.0,0.0
9.0,22.0,1.05,1.05,0.75,1.05,5000.0,0.0
9.0,19.0,0.51,0.51,0.51,0.51,0.0,0.0
9.0,18.0,0.51,0.51,0.51,0.51,0.0,0.0
9.0,17.0,0.51,0.51,0.51,0.51,0.0,0.0
9.0,16.0,0.51,0.51,0.51,0.51,0.0,0.0
9.0,15.0,0.51,0.51,0.51,0.51,0.0,0.0
9.0,12.0,0.51,0.51,0.51,0.51,0.0,0.0
9.0,11.0,0.51,0.51,0.51,0.51,0.0,0.0
9.0,10.0,0.51,0.51,0.51,0.51,0.0,0.0
9.0,9.0,0.51,0.51,0.51,0.51,0.0,0.0
9.0,8.0,0.51,0.51,0.51,0.51,0.0,0.0
9.0,5.0,0.5,0.51,0.5,0.51,2800.0,0.010000000000000009
9.0,4.0,0.52,0.52,0.52,0.52,0.0,0.0
9.0,3.0,0.52,0.52,0.52,0.52,9600.0,0.0
9.0,2.0,0.6,0.6,0.6,0.6,0.0,0.0
8.0,29.0,0.6,0.6,0.6,0.6,0.0,0.0
8.0,28.0,0.6,0.6,0.6,0.6,0.0,0.0
8.0,27.0,0.6,0.6,0.6,0.6,0.0,0.0
8.0,26.0,0.6,0.6,0.6,0.6,0.0,0.0
8.0,25.0,0.6,0.6,0.6,0.6,500.0,0.0
8.0,22.0,0.5,0.5,0.5,0.5,10000.0,0.0
8.0,21.0,0.5,0.5,0.5,0.5,5000.0,0.0
8.0,20.0,0.5,0.5,0.5,0.5,2000.0,0.0
8.0,19.0,0.5,0.5,0.5,0.5,10500.0,0.0
8.0,18.0,0.57,0.6,0.57,0.6,9700.0,0.030000000000000027
8.0,15.0,0.57,0.6,0.57,0.6,9700.0,0.030000000000000027
8.0,14.0,0.6,0.6,0.6,0.6,10300.0,0.0
8.0,13.0,0.6,0.6,0.6,0.6,5500.0,0.0
8.0,12.0,0.84,0.84,0.84,0.84,500.0,0.0
8.0,11.0,0.6,0.6,0.6,0.6,3600.0,0.0
8.0,8.0,0.7,0.7,0.7,0.7,0.0,0.0
8.0,7.0,0.7,0.7,0.7,0.7,2500.0,0.0
8.0,6.0,0.6,0.6,0.6,0.6,0.0,0.0
8.0,5.0,0.6,0.6,0.6,0.6,1000.0,0.0
8.0,4.0,0.6,0.6,0.6,0.6,2200.0,0.0
8.0,1.0,0.58,0.58,0.58,0.58,500.0,0.0
7.0,31.0,0.56,0.56,0.56,0.56,0.0,0.0
7.0,30.0,0.56,0.56,0.56,0.56,5100.0,0.0
7.0,29.0,0.57,0.57,0.56,0.56,2100.0,-0.009999999999999898
7.0,28.0,0.56,0.56,0.56,0.56,0.0,0.0
7.0,25.0,0.56,0.56,0.56,0.56,16900.0,0.0
7.0,24.0,0.6,0.6,0.6,0.6,0.0,0.0
7.0,23.0,0.6,0.6,0.6,0.6,0.0,0.0
7.0,22.0,0.6,0.6,0.6,0.6,0.0,0.0
7.0,21.0,0.6,0.6,0.6,0.6,0.0,0.0
7.0,18.0,0.6,0.6,0.6,0.6,0.0,0.0
7.0,17.0,0.6,0.6,0.6,0.6,0.0,0.0
7.0,16.0,0.6,0.6,0.6,0.6,0.0,0.0
7.0,15.0,0.6,0.6,0.6,0.6,0.0,0.0
7.0,14.0,0.6,0.6,0.6,0.6,4400.0,0.0
7.0,11.0,0.56,0.56,0.56,0.56,3000.0,0.0
7.0,10.0,0.6,0.6,0.6,0.6,0.0,0.0
7.0,9.0,0.6,0.6,0.6,0.6,0.0,0.0
7.0,8.0,0.6,0.6,0.6,0.6,0.0,0.0
7.0,7.0,0.6,0.6,0.6,0.6,2000.0,0.0
7.0,3.0,0.65,0.65,0.65,0.65,0.0,0.0
7.0,2.0,0.65,0.65,0.65,0.65,2000.0,0.0
7.0,1.0,0.64,0.64,0.64,0.64,0.0,0.0
6.0,30.0,0.64,0.64,0.64,0.64,0.0,0.0
6.0,27.0,0.64,0.64,0.64,0.64,0.0,0.0
6.0,26.0,0.64,0.64,0.64,0.64,0.0,0.0
6.0,25.0,0.64,0.64,0.64,0.64,0.0,0.0
6.0,24.0,0.64,0.64,0.64,0.64,0.0,0.0
6.0,23.0,0.64,0.64,0.64,0.64,0.0,0.0
6.0,20.0,0.64,0.64,0.64,0.64,0.0,0.0
6.0,19.0,0.64,0.64,0.64,0.64,1300.0,0.0
6.0,18.0,0.9,0.9,0.9,0.9,0.0,0.0
6.0,17.0,0.9,0.9,0.9,0.9,0.0,0.0
6.0,16.0,0.9,0.9,0.9,0.9,0.0,0.0
6.0,13.0,0.9,0.9,0.9,0.9,1000.0,0.0
6.0,12.0,0.64,0.75,0.64,0.75,7900.0,0.10999999999999999
6.0,11.0,0.75,0.94,0.73,0.94,24500.0,0.18999999999999995
6.0,10.0,0.72,0.72,0.72,0.72,0.0,0.0
6.0,9.0,0.72,0.72,0.72,0.72,5000.0,0.0
6.0,6.0,0.7,0.7,0.7,0.7,0.0,0.0
6.0,5.0,0.7,0.7,0.7,0.7,0.0,0.0
6.0,4.0,0.7,0.7,0.7,0.7,19000.0,0.0
6.0,3.0,0.75,0.75,0.75,0.75,0.0,0.0
6.0,2.0,0.75,0.75,0.71,0.75,52700.0,0.0
5.0,30.0,0.93,0.93,0.85,0.85,21500.0,-0.08000000000000007
5.0,29.0,0.75,0.93,0.75,0.93,29000.0,0.18000000000000005
5.0,28.0,0.76,0.76,0.76,0.76,0.0,0.0
5.0,27.0,0.76,0.76,0.76,0.76,0.0,0.0
5.0,23.0,0.75,0.76,0.75,0.76,11700.0,0.010000000000000009
5.0,22.0,0.75,0.75,0.75,0.75,900.0,0.0
5.0,21.0,0.8,0.8,0.75,0.75,38000.0,-0.050000000000000044
5.0,20.0,0.95,0.95,0.95,0.95,0.0,0.0
5.0,19.0,0.95,0.95,0.95,0.95,0.0,0.0
5.0,16.0,0.97,0.97,0.95,0.95,3200.0,-0.020000000000000018
5.0,15.0,0.97,0.97,0.97,0.97,0.0,0.0
5.0,14.0,0.97,0.97,0.97,0.97,0.0,0.0
5.0,13.0,0.97,0.97,0.97,0.97,2000.0,0.0
5.0,12.0,1.05,1.05,0.99,0.99,11500.0,-0.06000000000000005
5.0,9.0,1.12,1.13,1.05,1.05,14000.0,-0.07000000000000006
5.0,8.0,1.12,1.12,1.07,1.12,8800.0,0.0
5.0,7.0,1.01,1.12,1.01,1.07,5000.0,0.06000000000000005
5.0,6.0,1.08,1.08,1.01,1.01,3500.0,-0.07000000000000006
5.0,5.0,1.01,1.08,1.01,1.08,13500.0,0.07000000000000006
5.0,2.0,0.85,1.0,0.85,0.99,17300.0,0.14
5.0,1.0,0.81,0.81,0.81,0.81,0.0,0.0
4.0,30.0,0.81,0.81,0.81,0.81,200.0,0.0
4.0,29.0,0.9,0.9,0.9,0.9,0.0,0.0
4.0,28.0,0.85,0.9,0.85,0.9,18200.0,0.050000000000000044
4.0,25.0,0.85,0.85,0.85,0.85,600.0,0.0
4.0,24.0,0.75,0.89,0.66,0.89,90500.0,0.14
4.0,23.0,0.75,0.75,0.75,0.75,1500.0,0.0
4.0,22.0,1.05,1.05,1.05,1.05,0.0,0.0
4.0,21.0,1.05,1.05,1.05,1.05,1000.0,0.0
4.0,18.0,1.05,1.1,1.05,1.05,3000.0,0.0
4.0,17.0,1.14,1.14,1.1,1.1,23000.0,-0.039999999999999813
4.0,16.0,1.11,1.15,1.11,1.14,18600.0,0.029999999999999805
4.0,15.0,1.09,1.35,1.09,1.1,19900.0,0.010000000000000009
4.0,14.0,0.9,1.08,0.9,1.05,51400.0,0.15000000000000002
4.0,11.0,0.75,0.75,0.75,0.75,2500.0,0.0
4.0,10.0,0.85,0.85,0.65,0.65,5300.0,-0.19999999999999996
4.0,9.0,0.72,0.72,0.72,0.72,22500.0,0.0
4.0,8.0,0.75,0.75,0.75,0.75,3900.0,0.0
4.0,7.0,0.85,0.94,0.75,0.94,27500.0,0.08999999999999997
4.0,4.0,0.85,0.85,0.85,0.85,0.0,0.0
4.0,3.0,0.85,0.85,0.85,0.85,2000.0,0.0
4.0,2.0,0.85,0.85,0.85,0.85,300.0,0.0
4.0,1.0,0.81,0.81,0.71,0.71,12800.0,-0.10000000000000009
3.0,31.0,0.81,0.81,0.81,0.81,1000.0,0.0
3.0,28.0,0.85,0.85,0.81,0.81,3600.0,-0.039999999999999925
3.0,27.0,0.82,0.82,0.82,0.82,5000.0,0.0
3.0,26.0,0.83,0.85,0.83,0.85,20000.0,0.020000000000000018
3.0,25.0,0.825,0.85,0.825,0.83,166000.0,0.0050000000000000044
3.0,24.0,1.0,1.0,0.93,0.93,17500.0,-0.06999999999999995
3.0,20.0,1.07,1.07,1.0,1.0,36500.0,-0.07000000000000006
3.0,19.0,1.0,1.0,1.0,1.0,0.0,0.0
3.0,18.0,1.0,1.0,1.0,1.0,0.0,0.0
3.0,17.0,1.0,1.0,0.94,1.0,12900.0,0.0
3.0,14.0,1.0,1.0,1.0,1.0,800.0,0.0
3.0,13.0,1.0,1.0,0.95,0.95,9900.0,-0.050000000000000044
3.0,12.0,1.05,1.05,1.01,1.01,3500.0,-0.040000000000000036
3.0,11.0,0.95,0.95,0.95,0.95,500.0,0.0
3.0,10.0,1.0,1.0,1.0,1.0,0.0,0.0
3.0,7.0,1.0,1.0,1.0,1.0,0.0,0.0
3.0,6.0,1.09,1.09,0.99,1.0,44500.0,-0.09000000000000008
3.0,5.0,1.1,1.1,1.1,1.1,0.0,0.0
3.0,4.0,1.1,1.1,1.1,1.1,6000.0,0.0
3.0,3.0,1.1,1.1,1.1,1.1,1600.0,0.0
2.0,29.0,1.05,1.2,1.05,1.07,8000.0,0.020000000000000018
2.0,28.0,1.2,1.2,0.9,1.1,13000.0,-0.09999999999999987
2.0,27.0,0.75,1.3,0.75,1.3,24100.0,0.55
2.0,26.0,1.05,1.05,0.6,0.75,90400.0,-0.30000000000000004
2.0,25.0,1.09,1.09,1.09,1.09,0.0,0.0
2.0,22.0,1.09,1.09,1.09,1.09,500.0,0.0
2.0,21.0,1.15,1.16,1.15,1.16,20700.0,0.010000000000000009
2.0,20.0,1.15,1.15,1.15,1.15,0.0,0.0
2.0,19.0,1.15,1.15,1.15,1.15,2100.0,0.0
2.0,15.0,1.16,1.16,1.15,1.16,8500.0,0.0
2.0,14.0,1.1,1.1,1.1,1.1,0.0,0.0
2.0,13.0,1.1,1.1,1.1,1.1,0.0,0.0
2.0,12.0,1.1,1.1,1.1,1.1,0.0,0.0
2.0,11.0,1.1,1.1,1.1,1.1,0.0,0.0
2.0,8.0,1.1,1.1,1.1,1.1,1000.0,0.0
2.0,7.0,1.3,1.35,1.1,1.15,15900.0,-0.15000000000000013
2.0,6.0,1.35,1.39,1.11,1.2,6700.0,-0.15000000000000013
2.0,5.0,1.3,1.3,1.3,1.3,10000.0,0.0
2.0,4.0,1.22,1.4,1.2,1.4,16300.0,0.17999999999999994
2.0,1.0,1.22,1.22,1.22,1.22,0.0,0.0
1.0,31.0,1.06,1.22,1.06,1.22,2200.0,0.15999999999999992
1.0,30.0,1.3,1.3,1.3,1.3,0.0,0.0
1.0,29.0,1.38,1.45,1.3,1.3,17900.0,-0.07999999999999985
1.0,28.0,0.9,1.45,0.9,1.35,10500.0,0.45000000000000007
1.0,25.0,0.9,0.9,0.9,0.9,0.0,0.0
1.0,24.0,0.9,0.9,0.9,0.9,0.0,0.0
1.0,23.0,0.6,0.9,0.55,0.9,75500.0,0.30000000000000004
1.0,22.0,0.8,0.83,0.65,0.66,39000.0,-0.14
1.0,18.0,1.0,1.0,1.0,1.0,4100.0,0.0
1.0,17.0,1.15,1.15,1.0,1.05,23100.0,-0.09999999999999987
1.0,16.0,1.26,1.26,1.1,1.24,9900.0,-0.020000000000000018
1.0,15.0,1.35,1.35,1.35,1.35,2400.0,0.0
1.0,14.0,1.31,1.31,1.31,1.31,0.0,0.0
1.0,11.0,1.35,1.35,1.31,1.31,5000.0,-0.040000000000000036
1.0,10.0,1.35,1.35,1.35,1.35,2000.0,0.0
1.0,9.0,1.35,1.35,1.35,1.35,3400.0,0.0
1.0,8.0,1.5,1.5,1.35,1.35,5500.0,-0.1499999999999999
1.0,7.0,1.65,1.65,1.5,1.65,1400.0,0.0
1.0,4.0,1.4,1.65,1.4,1.65,32900.0,0.25
1.0,3.0,1.31,1.35,1.31,1.35,1400.0,0.040000000000000036
1.0,2.0,1.8,1.82,1.65,1.65,5900.0,-0.15000000000000013
12.0,31.0,1.75,1.75,1.75,1.75,3000.0,0.0
12.0,28.0,1.75,1.95,1.7,1.75,29300.0,0.0
12.0,27.0,1.75,1.95,1.75,1.75,13700.0,0.0
12.0,26.0,1.6,2.25,1.6,1.85,22400.0,0.25
12.0,24.0,1.6,1.6,1.49,1.6,48400.0,0.0
12.0,21.0,1.5,1.8,1.5,1.75,75000.0,0.25
12.0,20.0,1.15,1.2,1.06,1.2,13500.0,0.050000000000000044
12.0,19.0,1.2,1.2,1.06,1.12,36500.0,-0.07999999999999985
12.0,18.0,1.2,1.2,1.2,1.2,1600.0,0.0
12.0,17.0,1.2,1.2,1.2,1.2,0.0,0.0
12.0,14.0,1.2,1.2,1.2,1.2,3600.0,0.0
12.0,13.0,1.25,1.25,1.25,1.25,9200.0,0.0
12.0,12.0,1.25,1.25,1.25,1.25,0.0,0.0
12.0,11.0,1.25,1.25,1.25,1.25,300.0,0.0
12.0,10.0,1.06,1.06,1.06,1.06,0.0,0.0
12.0,7.0,1.02,1.06,1.02,1.06,7700.0,0.040000000000000036
12.0,6.0,1.06,1.06,1.06,1.06,500.0,0.0
12.0,5.0,1.06,1.06,1.05,1.06,14000.0,0.0
12.0,4.0,1.2,1.2,1.2,1.2,0.0,0.0
12.0,3.0,1.2,1.2,1.2,1.2,0.0,0.0
11.0,30.0,1.2,1.2,1.2,1.2,300.0,0.0
11.0,29.0,1.2,1.25,1.2,1.25,42300.0,0.050000000000000044
11.0,28.0,1.2,1.2,1.2,1.2,1200.0,0.0
11.0,27.0,1.25,1.25,1.06,1.06,12400.0,-0.18999999999999995
11.0,26.0,1.25,1.25,1.25,1.25,400.0,0.0
11.0,23.0,1.39,1.39,1.39,1.39,0.0,0.0
11.0,21.0,1.39,1.39,1.39,1.39,4000.0,0.0
11.0,20.0,1.1,1.11,1.1,1.11,900.0,0.010000000000000009
11.0,19.0,1.1,1.1,1.1,1.1,1400.0,0.0
11.0,16.0,1.4,1.4,1.4,1.4,0.0,0.0
11.0,15.0,1.18,1.5,1.18,1.4,70800.0,0.21999999999999997
11.0,14.0,1.18,1.18,1.18,1.18,0.0,0.0
11.0,13.0,1.18,1.18,1.18,1.18,0.0,0.0
11.0,12.0,1.2,1.2,1.18,1.18,1400.0,-0.020000000000000018
11.0,9.0,1.18,1.18,1.18,1.18,3300.0,0.0
11.0,8.0,1.17,1.17,1.17,1.17,0.0,0.0
11.0,7.0,1.02,1.17,1.02,1.17,4900.0,0.1499999999999999
11.0,6.0,1.17,1.17,1.02,1.05,1900.0,-0.11999999999999988
11.0,5.0,1.17,1.17,1.17,1.17,0.0,0.0
11.0,2.0,1.17,1.17,1.17,1.17,0.0,0.0
11.0,1.0,1.17,1.17,1.17,1.17,0.0,0.0
10.0,31.0,1.02,1.17,1.02,1.17,1000.0,0.1499999999999999
10.0,30.0,1.2,1.2,1.2,1.2,4600.0,0.0
10.0,29.0,1.16,1.17,1.16,1.17,10000.0,0.010000000000000009
10.0,26.0,1.19,1.19,1.19,1.19,0.0,0.0
10.0,25.0,1.19,1.19,1.19,1.19,0.0,0.0
10.0,24.0,1.19,1.19,1.19,1.19,0.0,0.0
10.0,23.0,1.05,1.19,1.02,1.19,81300.0,0.1399999999999999
10.0,22.0,0.99,0.99,0.99,0.99,0.0,0.0
10.0,19.0,1.05,1.05,0.99,0.99,8000.0,-0.06000000000000005
10.0,18.0,1.0,1.0,1.0,1.0,3000.0,0.0
10.0,17.0,1.05,1.05,1.05,1.05,10000.0,0.0
10.0,16.0,1.17,1.17,0.9,1.0,12800.0,-0.16999999999999993
10.0,15.0,1.17,1.17,1.17,1.17,0.0,0.0
10.0,12.0,1.17,1.17,1.17,1.17,3000.0,0.0
10.0,11.0,1.17,1.17,1.17,1.17,900.0,0.0
10.0,10.0,1.25,1.25,1.25,1.25,0.0,0.0
10.0,9.0,1.25,1.25,1.25,1.25,0.0,0.0
10.0,8.0,1.25,1.25,1.25,1.25,0.0,0.0
10.0,5.0,1.3,1.3,1.25,1.25,1900.0,-0.050000000000000044
10.0,4.0,1.22,1.39,1.22,1.39,8900.0,0.16999999999999993
10.0,3.0,1.25,1.39,1.22,1.22,3900.0,-0.030000000000000027
10.0,2.0,1.15,1.15,1.15,1.15,0.0,0.0
10.0,1.0,1.15,1.15,1.15,1.15,0.0,0.0
9.0,28.0,1.15,1.2,1.15,1.15,8800.0,0.0
9.0,27.0,1.17,1.17,1.17,1.17,2000.0,0.0
9.0,26.0,1.15,1.17,1.1,1.17,19000.0,0.020000000000000018
9.0,25.0,1.16,1.17,1.16,1.17,32500.0,0.010000000000000009
9.0,24.0,1.25,1.25,1.25,1.25,0.0,0.0
9.0,21.0,1.25,1.25,1.25,1.25,1000.0,0.0
9.0,20.0,1.3,1.3,1.3,1.3,0.0,0.0
9.0,19.0,1.3,1.3,1.3,1.3,2000.0,0.0
9.0,18.0,1.3,1.31,1.3,1.31,2000.0,0.010000000000000009
9.0,17.0,1.38,1.38,1.38,1.38,0.0,0.0
9.0,14.0,1.39,1.39,1.38,1.38,16500.0,-0.010000000000000009
9.0,13.0,1.4,1.4,1.4,1.4,0.0,0.0
9.0,12.0,1.4,1.4,1.4,1.4,0.0,0.0
9.0,11.0,1.4,1.4,1.4,1.4,6500.0,0.0
9.0,10.0,1.35,1.35,1.35,1.35,0.0,0.0
9.0,7.0,1.35,1.35,1.35,1.35,0.0,0.0
9.0,6.0,1.35,1.35,1.35,1.35,0.0,0.0
9.0,5.0,1.35,1.35,1.35,1.35,0.0,0.0
9.0,4.0,1.35,1.35,1.35,1.35,500.0,0.0
8.0,31.0,1.4,1.4,1.4,1.4,0.0,0.0
8.0,30.0,1.4,1.4,1.4,1.4,0.0,0.0
8.0,29.0,1.35,1.4,1.35,1.4,2500.0,0.04999999999999982
8.0,28.0,1.2,1.5,1.195,1.35,148100.0,0.15000000000000013
8.0,27.0,1.22,1.22,1.2,1.2,21000.0,-0.020000000000000018
8.0,24.0,1.22,1.22,1.21,1.21,10000.0,-0.010000000000000009
8.0,23.0,1.3,1.3,1.2,1.205,64000.0,-0.09499999999999997
8.0,22.0,1.3,1.3,1.3,1.3,0.0,0.0
8.0,21.0,1.3,1.3,1.3,1.3,0.0,0.0
8.0,20.0,1.3,1.3,1.3,1.3,0.0,0.0
8.0,17.0,1.3,1.3,1.3,1.3,2500.0,0.0
8.0,16.0,1.4,1.4,1.4,1.4,0.0,0.0
8.0,15.0,1.3,1.4,1.3,1.4,3000.0,0.09999999999999987
8.0,14.0,1.35,1.35,1.3,1.3,3100.0,-0.050000000000000044
8.0,13.0,1.42,1.42,1.42,1.42,0.0,0.0
8.0,10.0,1.45,1.45,1.42,1.42,10500.0,-0.030000000000000027
8.0,9.0,1.5,1.5,1.46,1.5,13800.0,0.0
8.0,8.0,1.45,1.45,1.45,1.45,0.0,0.0
8.0,7.0,1.45,1.45,1.45,1.45,0.0,0.0
8.0,6.0,1.45,1.45,1.45,1.45,0.0,0.0
8.0,3.0,1.5,1.5,1.45,1.45,14500.0,-0.050000000000000044
8.0,2.0,1.3,1.3,1.25,1.254,117000.0,-0.04600000000000004
8.0,1.0,1.37,1.37,1.25,1.3,110500.0,-0.07000000000000006
7.0,31.0,1.4,1.4,1.4,1.4,4000.0,0.0
7.0,30.0,1.37,1.4,1.37,1.4,12500.0,0.029999999999999805
7.0,27.0,1.37,1.37,1.37,1.37,1500.0,0.0
7.0,26.0,1.37,1.38,1.37,1.37,3500.0,0.0
7.0,25.0,1.4,1.4,1.4,1.4,19000.0,0.0
7.0,24.0,1.35,1.35,1.35,1.35,0.0,0.0
7.0,23.0,1.35,1.35,1.35,1.35,1000.0,0.0
7.0,20.0,1.3,1.3,1.3,1.3,0.0,0.0
7.0,19.0,1.3,1.3,1.3,1.3,0.0,0.0
7.0,18.0,1.3,1.3,1.3,1.3,0.0,0.0
7.0,17.0,1.3,1.3,1.3,1.3,0.0,0.0
7.0,16.0,1.3,1.3,1.3,1.3,3800.0,0.0
7.0,13.0,1.4,1.4,1.4,1.4,0.0,0.0
7.0,12.0,1.5,1.5,1.4,1.4,3400.0,-0.10000000000000009
7.0,11.0,1.7,1.7,1.3,1.3,9600.0,-0.3999999999999999
7.0,10.0,1.4,1.4,1.4,1.4,500.0,0.0
7.0,9.0,1.25,1.5,1.25,1.5,67000.0,0.25
7.0,6.0,1.1,1.25,1.1,1.25,7000.0,0.1499999999999999
7.0,5.0,1.3,1.3,1.25,1.3,13100.0,0.0
7.0,3.0,1.46,1.46,1.3,1.3,600.0,-0.15999999999999992
7.0,2.0,1.5,1.5,1.5,1.5,0.0,0.0
6.0,29.0,1.5,1.5,1.5,1.5,0.0,0.0
6.0,28.0,1.5,1.5,1.5,1.5,0.0,0.0
6.0,27.0,1.5,1.5,1.5,1.5,11900.0,0.0
6.0,26.0,1.5,1.5,1.5,1.5,0.0,0.0
6.0,25.0,1.5,1.5,1.5,1.5,0.0,0.0
6.0,22.0,1.5,1.5,1.5,1.5,0.0,0.0
6.0,21.0,1.5,1.5,1.5,1.5,100.0,0.0
6.0,20.0,1.5,1.5,1.5,1.5,0.0,0.0
6.0,19.0,1.5,1.5,1.5,1.5,29300.0,0.0
6.0,18.0,1.5,1.5,1.49,1.5,41500.0,0.0
6.0,15.0,2.2,2.2,1.5,1.5,11900.0,-0.7000000000000002
6.0,14.0,1.7,1.7,1.7,1.7,500.0,0.0
6.0,13.0,1.5,1.5,1.5,1.5,0.0,0.0
6.0,12.0,1.25,1.5,1.25,1.5,8000.0,0.25
6.0,11.0,0.7992,0.7992,0.7992,0.7992,0.0,0.0
6.0,8.0,0.7992,0.7992,0.7992,0.7992,0.0,0.0
6.0,7.0,2.15019,2.75019,2.15019,2.4,39600.0,0.2498100000000001
6.0,6.0,2.25021,2.25021,2.15019,2.15019,28500.0,-0.10002000000000022
6.0,5.0,1.5,2.15019,1.4799,2.15019,63000.0,0.6501899999999998
6.0,4.0,0.2535,0.2535,0.2535,0.2535,0.0,0.0
6.0,1.0,0.2535,0.2535,0.2535,0.2535,0.0,0.0
5.0,31.0,0.2535,0.2535,0.2535,0.2535,0.0,0.0
5.0,30.0,0.2535,0.2535,0.2535,0.2535,0.0,0.0
5.0,29.0,0.2535,0.2535,0.2535,0.2535,0.0,0.0
5.0,25.0,0.2535,0.2601,0.2535,0.2535,1800000.0,0.0
