9.0,25.0,25.610001,25.639999,25.610001,25.639999,700.0,0.02999799999999908
9.0,24.0,25.719999,25.719999,25.559999,25.6,2400.0,-0.11999899999999997
9.0,23.0,25.559999,25.73,25.559999,25.59,7500.0,0.030000999999998612
9.0,22.0,25.549999,25.6,25.549999,25.6,900.0,0.05000100000000174
9.0,21.0,25.540001,25.610001,25.51,25.610001,1200.0,0.07000000000000028
9.0,18.0,25.75,25.75,25.58,25.610001,6000.0,-0.13999899999999954
9.0,17.0,25.75,25.780001,25.74,25.75,1900.0,0.0
9.0,16.0,25.639999,25.77,25.6,25.73,6300.0,0.09000100000000089
9.0,15.0,25.77,25.77,25.6,25.629999,1900.0,-0.14000099999999804
9.0,14.0,25.67,25.709999,25.67,25.709999,1000.0,0.03999899999999812
9.0,11.0,25.77,25.77,25.77,25.77,0.0,0.0
9.0,10.0,25.65,25.780001,25.65,25.77,5100.0,0.120000000000001
9.0,9.0,25.82,25.82,25.639999,25.66,800.0,-0.16000000000000014
9.0,8.0,25.790001,25.84,25.75,25.84,3200.0,0.04999899999999968
9.0,4.0,25.700001,25.700001,25.629999,25.68,1300.0,-0.0200010000000006
9.0,3.0,25.780001,25.780001,25.549999,25.610001,6600.0,-0.16999999999999815
9.0,2.0,25.65,25.73,25.5,25.6,4400.0,-0.04999999999999716
9.0,1.0,25.41,25.49,25.33,25.49,4800.0,0.0799999999999983
8.0,31.0,25.34,25.559999,25.280001,25.450001,10900.0,0.11000100000000046
8.0,28.0,25.4,25.4,25.33,25.33,1200.0,-0.07000000000000028
8.0,27.0,25.469999,25.5,25.370001,25.370001,5700.0,-0.09999800000000292
8.0,26.0,25.6,25.6,25.35,25.459999,4100.0,-0.1400010000000016
8.0,25.0,25.75,25.75,25.35,25.49,6600.0,-0.26000000000000156
8.0,24.0,25.6,25.950001,25.6,25.940001,7900.0,0.34000099999999733
8.0,21.0,25.6,25.68,25.6,25.68,1400.0,0.0799999999999983
8.0,20.0,25.6,25.639999,25.549999,25.59,3600.0,-0.010000000000001563
8.0,19.0,25.629999,25.66,25.620001,25.639999,3200.0,0.00999999999999801
8.0,18.0,25.74,25.85,25.58,25.709999,7900.0,-0.030000999999998612
8.0,17.0,25.709999,25.709999,25.709999,25.709999,0.0,0.0
8.0,14.0,25.67,25.73,25.6,25.709999,3500.0,0.03999899999999812
8.0,13.0,25.67,25.67,25.57,25.620001,1900.0,-0.049999000000003235
8.0,12.0,25.59,25.719999,25.59,25.6,2000.0,0.010000000000001563
8.0,11.0,25.68,25.68,25.68,25.68,1200.0,0.0
8.0,10.0,25.6,25.709999,25.6,25.6,1900.0,0.0
8.0,7.0,25.58,25.6,25.51,25.51,1500.0,-0.06999999999999673
8.0,6.0,25.52,25.6,25.450001,25.51,6400.0,-0.00999999999999801
8.0,5.0,25.540001,25.610001,25.52,25.52,2600.0,-0.0200010000000006
8.0,4.0,25.620001,25.620001,25.59,25.59,400.0,-0.030000999999998612
8.0,3.0,25.469999,25.59,25.469999,25.59,6400.0,0.12000099999999847
7.0,31.0,25.48,25.530001,25.48,25.530001,4800.0,0.050000999999998186
7.0,30.0,25.469999,25.530001,25.469999,25.530001,500.0,0.060001999999997224
7.0,29.0,25.629999,25.629999,25.450001,25.5,2200.0,-0.12999900000000153
7.0,28.0,25.51,25.540001,25.459999,25.459999,3500.0,-0.05000100000000174
7.0,27.0,25.5,25.51,25.4,25.49,3700.0,-0.010000000000001563
7.0,24.0,25.5,25.57,25.5,25.530001,4100.0,0.030000999999998612
7.0,23.0,25.549999,25.549999,25.389999,25.49,5800.0,-0.059999000000001246
7.0,22.0,25.43,25.559999,25.43,25.43,3100.0,0.0
7.0,21.0,25.59,25.610001,25.5,25.5,8500.0,-0.08999999999999986
7.0,20.0,25.58,25.58,25.52,25.559999,8300.0,-0.02000099999999705
7.0,17.0,25.66,25.66,25.52,25.530001,4000.0,-0.12999900000000153
7.0,16.0,25.52,25.700001,25.52,25.700001,2300.0,0.18000100000000074
7.0,15.0,25.99,25.99,25.48,25.48,16500.0,-0.509999999999998
7.0,14.0,25.709999,25.83,25.629999,25.83,4200.0,0.12000099999999847
7.0,13.0,25.68,25.709999,25.540001,25.68,2500.0,0.0
7.0,10.0,25.66,25.66,25.440001,25.610001,7100.0,-0.04999899999999968
7.0,9.0,25.51,25.66,25.469999,25.58,8100.0,0.06999999999999673
7.0,8.0,25.43,25.5,25.43,25.5,1900.0,0.07000000000000028
7.0,7.0,25.5,25.5,25.42,25.42,2400.0,-0.0799999999999983
7.0,6.0,25.5,25.5,25.41,25.49,11200.0,-0.010000000000001563
7.0,2.0,25.549999,25.639999,25.5,25.5,3800.0,-0.04999899999999968
7.0,1.0,25.469999,25.709999,25.459999,25.5,3300.0,0.030000999999998612
6.0,30.0,25.67,25.67,25.450001,25.450001,7800.0,-0.2199990000000014
6.0,29.0,25.75,25.75,25.35,25.450001,12900.0,-0.2999989999999997
6.0,26.0,25.950001,25.950001,25.75,25.75,10300.0,-0.20000100000000032
6.0,25.0,25.99,25.99,25.709999,25.709999,3400.0,-0.2800009999999986
6.0,24.0,25.799999,25.84,25.700001,25.700001,3200.0,-0.09999799999999937
6.0,23.0,26.02,26.02,25.66,25.719999,8800.0,-0.3000009999999982
6.0,22.0,25.65,25.65,25.65,25.65,400.0,0.0
6.0,19.0,25.700001,25.780001,25.559999,25.559999,4700.0,-0.14000199999999907
6.0,18.0,25.620001,25.950001,25.559999,25.719999,5300.0,0.09999800000000292
6.0,17.0,25.49,25.58,25.49,25.5,9600.0,0.010000000000001563
6.0,16.0,25.58,25.639999,25.5,25.540001,44900.0,-0.03999899999999812
6.0,15.0,25.610001,25.65,25.549999,25.57,6100.0,-0.040001000000000175
6.0,12.0,25.690001,25.75,25.620001,25.620001,8100.0,-0.07000000000000028
6.0,11.0,25.559999,25.73,25.5,25.639999,8700.0,0.0799999999999983
6.0,10.0,25.620001,25.700001,25.549999,25.549999,22900.0,-0.07000199999999879
6.0,9.0,25.709999,25.76,25.620001,25.700001,15000.0,-0.009997999999999507
6.0,8.0,25.67,25.889999,25.67,25.780001,8000.0,0.1100009999999969
6.0,5.0,25.6,25.690001,25.6,25.690001,11100.0,0.09000099999999733
6.0,4.0,25.790001,25.84,25.629999,25.639999,5300.0,-0.15000200000000063
6.0,3.0,25.83,25.83,25.629999,25.629999,6100.0,-0.20000099999999676
6.0,2.0,25.85,26.02,25.700001,25.709999,8300.0,-0.1400010000000016
6.0,1.0,26.02,26.18,25.719999,25.780001,11100.0,-0.23999900000000096
5.0,29.0,25.99,26.02,25.76,26.02,18200.0,0.030000000000001137
5.0,28.0,26.01,26.02,25.9,26.0,5300.0,-0.010000000000001563
5.0,27.0,26.0,26.290001,25.959999,26.01,8100.0,0.010000000000001563
5.0,26.0,25.879999,26.209999,25.85,26.07,18900.0,0.19000099999999875
5.0,22.0,25.83,25.889999,25.83,25.889999,3900.0,0.059999000000001246
5.0,21.0,25.870001,25.870001,25.870001,25.870001,500.0,0.0
5.0,20.0,25.860001,25.870001,25.809999,25.870001,4900.0,0.00999999999999801
5.0,19.0,25.84,25.860001,25.84,25.860001,3000.0,0.0200010000000006
5.0,18.0,25.860001,25.870001,25.799999,25.85,18000.0,-0.010000999999999038
5.0,15.0,25.860001,25.879999,25.799999,25.85,4200.0,-0.010000999999999038
5.0,14.0,25.84,25.870001,25.700001,25.799999,3200.0,-0.040001000000000175
5.0,13.0,25.59,25.73,25.59,25.73,7200.0,0.14000000000000057
5.0,12.0,25.799999,25.799999,25.57,25.57,8700.0,-0.2299989999999994
5.0,11.0,25.809999,25.809999,25.74,25.77,4000.0,-0.03999900000000167
5.0,8.0,25.860001,25.870001,25.85,25.85,1900.0,-0.010000999999999038
5.0,7.0,25.57,25.860001,25.57,25.85,8400.0,0.28000000000000114
5.0,6.0,25.690001,25.75,25.66,25.74,3500.0,0.04999899999999968
5.0,5.0,25.75,25.76,25.690001,25.74,8100.0,-0.010000000000001563
5.0,4.0,25.780001,25.799999,25.530001,25.77,14400.0,-0.010000999999999038
5.0,1.0,25.719999,25.76,25.719999,25.76,700.0,0.040001000000000175
4.0,30.0,25.780001,25.790001,25.74,25.75,3700.0,-0.030000999999998612
4.0,29.0,25.620001,25.799999,25.620001,25.74,5200.0,0.11999899999999997
4.0,28.0,25.85,25.860001,25.709999,25.75,3300.0,-0.10000000000000142
4.0,27.0,25.65,25.83,25.65,25.83,2700.0,0.17999999999999972
4.0,24.0,25.799999,25.889999,25.65,25.809999,4500.0,0.010000000000001563
4.0,23.0,25.799999,25.93,25.690001,25.700001,18000.0,-0.09999799999999937
4.0,22.0,25.879999,25.879999,25.799999,25.799999,25300.0,-0.08000000000000185
4.0,21.0,25.950001,25.950001,25.799999,25.91,8100.0,-0.040001000000000175
4.0,20.0,25.84,25.879999,25.799999,25.799999,4400.0,-0.040001000000000175
4.0,17.0,25.879999,25.879999,25.549999,25.799999,96800.0,-0.08000000000000185
4.0,16.0,25.870001,25.940001,25.68,25.870001,17800.0,0.0
4.0,15.0,26.059999,26.059999,25.83,25.9,6500.0,-0.15999900000000267
4.0,14.0,25.91,25.91,25.799999,25.799999,600.0,-0.11000100000000046
4.0,13.0,26.299999,26.299999,25.75,25.809999,15100.0,-0.48999999999999844
4.0,10.0,25.85,25.959999,25.85,25.959999,2900.0,0.1099989999999984
4.0,9.0,25.950001,25.950001,25.85,25.85,4900.0,-0.1000009999999989
4.0,8.0,25.950001,25.950001,25.950001,25.950001,300.0,0.0
4.0,7.0,25.889999,26.01,25.870001,25.93,1300.0,0.040001000000000175
4.0,6.0,25.940001,25.950001,25.77,25.870001,10200.0,-0.07000000000000028
4.0,2.0,25.92,25.950001,25.690001,25.870001,11600.0,-0.049999000000003235
4.0,1.0,25.700001,25.719999,25.6,25.68,2900.0,-0.0200010000000006
3.0,31.0,25.77,25.809999,25.610001,25.610001,10500.0,-0.15999899999999911
3.0,30.0,25.4,25.75,25.4,25.610001,27500.0,0.21000100000000188
3.0,27.0,25.889999,25.98,25.879999,25.879999,3500.0,-0.00999999999999801
3.0,26.0,25.93,25.93,25.93,25.93,1000.0,0.0
3.0,25.0,26.0,26.02,25.870001,25.9,1600.0,-0.10000000000000142
3.0,24.0,25.93,25.99,25.91,25.91,2000.0,-0.019999999999999574
3.0,23.0,25.860001,25.969999,25.860001,25.959999,3200.0,0.09999799999999937
3.0,20.0,25.92,25.959999,25.860001,25.860001,9100.0,-0.059999000000001246
3.0,19.0,25.860001,25.91,25.780001,25.780001,5200.0,-0.08000000000000185
3.0,18.0,25.82,25.959999,25.82,25.940001,3200.0,0.12000099999999847
3.0,17.0,25.83,25.98,25.799999,25.879999,5800.0,0.049999000000003235
3.0,16.0,25.950001,26.01,25.92,25.92,23500.0,-0.030000999999998612
3.0,13.0,25.950001,26.059999,25.950001,26.059999,3200.0,0.10999800000000093
3.0,12.0,25.870001,26.08,25.870001,25.99,5700.0,0.11999899999999997
3.0,11.0,25.99,25.99,25.889999,25.950001,9400.0,-0.03999899999999812
3.0,10.0,25.889999,26.09,25.889999,25.950001,6100.0,0.06000200000000078
3.0,9.0,26.09,26.09,25.950001,26.02,2200.0,-0.07000000000000028
3.0,6.0,26.18,26.18,26.18,26.18,300.0,0.0
3.0,5.0,25.93,26.18,25.93,25.950001,48900.0,0.0200010000000006
3.0,4.0,25.879999,25.969999,25.870001,25.950001,3600.0,0.07000199999999879
3.0,3.0,26.01,26.01,26.0,26.0,600.0,-0.010000000000001563
3.0,2.0,26.09,26.09,25.809999,25.969999,1000.0,-0.12000099999999847
2.0,27.0,26.08,26.08,25.82,25.879999,4200.0,-0.20000099999999676
2.0,26.0,26.17,26.17,25.950001,25.950001,3500.0,-0.2199990000000014
2.0,25.0,25.959999,26.110001,25.950001,26.09,3300.0,0.13000100000000003
2.0,24.0,26.040001,26.34,25.790001,25.91,3500.0,-0.13000100000000003
2.0,23.0,25.959999,25.959999,25.9,25.959999,5500.0,0.0
2.0,20.0,25.83,25.92,25.780001,25.790001,7000.0,-0.03999899999999812
2.0,19.0,25.969999,25.969999,25.780001,25.780001,1000.0,-0.18999800000000278
2.0,18.0,25.75,25.950001,25.700001,25.709999,2700.0,-0.040001000000000175
2.0,17.0,25.860001,25.889999,25.620001,25.77,6300.0,-0.09000100000000089
2.0,13.0,25.85,26.23,25.85,25.99,7100.0,0.13999999999999702
2.0,12.0,26.23,26.23,25.879999,25.879999,3600.0,-0.3500009999999989
2.0,11.0,25.98,26.02,25.91,25.959999,11300.0,-0.0200010000000006
2.0,10.0,25.93,25.93,25.809999,25.809999,2100.0,-0.12000099999999847
2.0,9.0,25.77,25.889999,25.75,25.85,12200.0,0.08000000000000185
2.0,6.0,25.790001,25.92,25.790001,25.82,1900.0,0.02999900000000011
2.0,5.0,25.85,25.879999,25.799999,25.879999,4100.0,0.02999900000000011
2.0,4.0,25.780001,25.9,25.76,25.77,4600.0,-0.010000999999999038
2.0,3.0,25.85,25.9,25.85,25.870001,4900.0,0.02000099999999705
2.0,2.0,26.030001,26.030001,25.77,25.780001,11300.0,-0.25
1.0,30.0,25.75,25.889999,25.75,25.82,10700.0,0.07000000000000028
1.0,29.0,25.709999,25.879999,25.709999,25.799999,16400.0,0.08999999999999986
1.0,28.0,25.82,25.99,25.799999,25.809999,6000.0,-0.010000999999999038
1.0,27.0,25.709999,26.190001,25.709999,25.889999,12200.0,0.17999999999999972
1.0,26.0,25.77,26.030001,25.77,25.879999,9700.0,0.10999900000000196
1.0,23.0,26.15,26.15,25.780001,25.9,9400.0,-0.25
1.0,22.0,26.0,26.190001,25.76,25.940001,16400.0,-0.059999000000001246
1.0,21.0,26.549999,26.549999,25.940001,25.950001,9000.0,-0.5999979999999994
1.0,20.0,26.25,26.459999,26.15,26.15,6400.0,-0.10000000000000142
1.0,16.0,25.959999,26.02,25.790001,25.99,10600.0,0.030000999999998612
1.0,15.0,26.33,26.33,25.950001,26.0,6500.0,-0.3299999999999983
1.0,14.0,25.77,26.08,25.77,26.08,4300.0,0.3099999999999987
1.0,13.0,26.049999,26.049999,25.84,25.860001,9700.0,-0.18999799999999922
1.0,12.0,25.6,25.75,25.549999,25.75,11000.0,0.14999999999999858
1.0,9.0,25.639999,25.639999,25.6,25.6,700.0,-0.03999899999999812
1.0,8.0,25.639999,25.690001,25.639999,25.67,1600.0,0.030001000000002165
1.0,7.0,25.530001,25.700001,25.530001,25.700001,4000.0,0.1700000000000017
1.0,6.0,25.65,25.66,25.58,25.65,5400.0,0.0
1.0,5.0,25.540001,25.610001,25.540001,25.610001,1200.0,0.07000000000000028
1.0,2.0,25.610001,25.700001,25.610001,25.629999,2100.0,0.01999800000000107
12.0,31.0,25.719999,25.719999,25.700001,25.700001,400.0,-0.01999800000000107
12.0,30.0,25.52,25.74,25.52,25.700001,2800.0,0.18000100000000074
12.0,29.0,25.74,25.74,25.549999,25.610001,5400.0,-0.12999899999999798
12.0,26.0,25.65,25.809999,25.65,25.809999,1400.0,0.15999900000000267
12.0,24.0,25.68,25.9,25.68,25.68,9400.0,0.0
12.0,23.0,26.08,26.08,25.700001,25.700001,11600.0,-0.379998999999998
12.0,22.0,25.700001,25.73,25.68,25.73,7300.0,0.02999900000000011
12.0,19.0,25.65,25.700001,25.65,25.68,400.0,0.030000000000001137
12.0,18.0,25.76,25.76,25.559999,25.719999,4300.0,-0.040001000000000175
12.0,17.0,25.76,25.780001,25.4,25.549999,6000.0,-0.21000100000000188
12.0,16.0,25.76,25.780001,25.65,25.65,5100.0,-0.11000000000000298
12.0,15.0,25.93,25.969999,25.73,25.76,10700.0,-0.16999999999999815
12.0,12.0,25.73,25.92,25.73,25.92,1400.0,0.19000000000000128
12.0,11.0,25.809999,25.84,25.809999,25.84,3300.0,0.030000999999998612
12.0,10.0,25.76,25.83,25.76,25.82,5200.0,0.05999999999999872
12.0,9.0,25.74,25.870001,25.73,25.870001,6600.0,0.13000100000000003
12.0,8.0,25.969999,25.969999,25.799999,25.809999,4900.0,-0.16000000000000014
12.0,5.0,25.700001,25.860001,25.700001,25.860001,1600.0,0.16000000000000014
12.0,4.0,25.75,25.75,25.75,25.75,800.0,0.0
12.0,3.0,25.780001,25.82,25.75,25.82,8000.0,0.03999900000000167
12.0,2.0,25.76,25.790001,25.75,25.780001,3300.0,0.02000099999999705
12.0,1.0,25.709999,25.76,25.700001,25.76,5300.0,0.05000100000000174
11.0,28.0,25.690001,25.690001,25.690001,25.690001,500.0,0.0
11.0,26.0,25.700001,25.700001,25.700001,25.700001,300.0,0.0
11.0,25.0,25.68,25.709999,25.65,25.68,3600.0,0.0
11.0,24.0,25.780001,25.780001,25.67,25.67,1100.0,-0.1100009999999969
11.0,21.0,25.700001,25.709999,25.690001,25.709999,3600.0,0.009997999999999507
11.0,20.0,25.799999,25.799999,25.67,25.73,5300.0,-0.06999899999999926
11.0,19.0,25.68,25.799999,25.68,25.77,1700.0,0.08999999999999986
11.0,18.0,25.67,25.83,25.67,25.799999,1800.0,0.12999899999999798
11.0,17.0,25.68,25.719999,25.68,25.719999,5100.0,0.03999900000000167
11.0,14.0,25.66,25.74,25.66,25.690001,3600.0,0.030000999999998612
11.0,13.0,25.639999,25.73,25.639999,25.719999,9400.0,0.08000000000000185
11.0,12.0,25.68,25.74,25.629999,25.68,9400.0,0.0
11.0,11.0,25.65,25.68,25.6,25.67,8500.0,0.020000000000003126
11.0,10.0,25.690001,25.690001,25.4,25.67,26700.0,-0.02000099999999705
11.0,7.0,25.809999,25.860001,25.719999,25.719999,4700.0,-0.08999999999999986
11.0,6.0,25.870001,25.99,25.77,25.950001,8900.0,0.08000000000000185
11.0,5.0,25.9,26.02,25.9,25.91,4500.0,0.010000000000001563
11.0,4.0,25.870001,26.110001,25.870001,25.91,2000.0,0.03999900000000167
11.0,3.0,25.879999,26.0,25.879999,26.0,2100.0,0.12000099999999847
10.0,31.0,26.23,26.23,25.92,26.02,2500.0,-0.21000000000000085
10.0,30.0,25.76,25.860001,25.76,25.860001,700.0,0.1000009999999989
10.0,29.0,25.690001,25.969999,25.690001,25.879999,8800.0,0.18999800000000278
10.0,28.0,25.870001,25.870001,25.790001,25.790001,3300.0,-0.0799999999999983
10.0,27.0,25.530001,25.93,25.530001,25.610001,1200.0,0.08000000000000185
10.0,24.0,25.57,25.76,25.57,25.66,4300.0,0.08999999999999986
10.0,23.0,25.83,25.860001,25.799999,25.799999,3100.0,-0.030000999999998612
10.0,22.0,25.809999,25.93,25.73,25.73,259200.0,-0.07999900000000082
10.0,21.0,25.629999,26.0,25.52,25.959999,2700.0,0.3299999999999983
10.0,20.0,25.74,25.74,25.42,25.540001,13500.0,-0.19999899999999826
10.0,17.0,25.799999,25.82,25.540001,25.74,7800.0,-0.059999000000001246
10.0,16.0,25.75,26.309999,25.75,25.93,7500.0,0.17999999999999972
10.0,15.0,26.129999,26.780001,25.870001,26.01,2600.0,-0.11999899999999997
10.0,14.0,26.17,26.290001,25.780001,26.129999,5800.0,-0.040001000000000175
10.0,13.0,25.83,26.190001,25.77,25.969999,4000.0,0.1399990000000031
10.0,10.0,26.219999,26.219999,25.76,26.01,1700.0,-0.20999899999999982
10.0,9.0,25.950001,26.129999,25.780001,26.07,4400.0,0.11999899999999997
10.0,8.0,25.75,26.18,25.700001,26.18,5100.0,0.4299999999999997
10.0,7.0,25.700001,25.83,25.700001,25.83,3300.0,0.12999899999999798
10.0,6.0,25.84,25.879999,25.690001,25.719999,1400.0,-0.12000099999999847
10.0,3.0,25.959999,25.959999,25.959999,25.959999,600.0,0.0
10.0,2.0,25.870001,26.09,25.780001,25.790001,2800.0,-0.0799999999999983
10.0,1.0,26.41,26.41,25.889999,25.9,15500.0,-0.5100000000000016
9.0,30.0,26.049999,26.049999,25.799999,26.0,8100.0,-0.04999899999999968
9.0,29.0,25.6,25.84,25.6,25.84,6800.0,0.23999999999999844
9.0,26.0,26.16,26.16,25.93,25.93,1800.0,-0.23000000000000043
9.0,25.0,26.16,26.25,25.92,25.92,6600.0,-0.23999999999999844
9.0,24.0,25.959999,26.049999,25.940001,26.040001,5700.0,0.08000200000000035
9.0,23.0,26.15,26.15,26.01,26.01,3400.0,-0.13999999999999702
9.0,22.0,26.27,26.27,25.959999,25.959999,2500.0,-0.31000099999999975
9.0,19.0,26.24,26.24,25.99,26.040001,6900.0,-0.19999899999999826
9.0,18.0,25.99,26.0,25.9,25.9,4300.0,-0.08999999999999986
9.0,17.0,25.799999,26.049999,25.799999,25.9,13400.0,0.1000009999999989
9.0,16.0,25.879999,26.0,25.860001,25.889999,12600.0,0.00999999999999801
9.0,15.0,25.950001,25.950001,25.75,25.84,13200.0,-0.11000100000000046
9.0,12.0,25.969999,25.969999,25.76,25.85,4700.0,-0.11999899999999997
9.0,11.0,25.76,25.879999,25.67,25.85,17200.0,0.08999999999999986
9.0,10.0,25.73,25.889999,25.73,25.889999,3700.0,0.15999899999999911
9.0,9.0,25.73,25.83,25.719999,25.780001,5000.0,0.050000999999998186
9.0,8.0,25.799999,25.799999,25.719999,25.73,1700.0,-0.06999899999999926
9.0,5.0,25.74,25.75,25.74,25.75,4000.0,0.010000000000001563
9.0,4.0,25.799999,25.91,25.77,25.77,4700.0,-0.02999900000000011
9.0,3.0,25.83,25.91,25.75,25.75,9600.0,-0.0799999999999983
9.0,2.0,25.75,25.780001,25.700001,25.73,8800.0,-0.019999999999999574
8.0,29.0,25.790001,25.879999,25.700001,25.75,15500.0,-0.040001000000000175
8.0,28.0,25.700001,25.77,25.700001,25.76,15700.0,0.059999000000001246
8.0,27.0,25.75,25.75,25.709999,25.74,14800.0,-0.010000000000001563
8.0,26.0,25.76,25.780001,25.76,25.780001,1300.0,0.02000099999999705
8.0,25.0,25.74,25.790001,25.719999,25.77,1200.0,0.030000000000001137
8.0,22.0,25.75,25.76,25.73,25.76,2200.0,0.010000000000001563
8.0,21.0,25.92,25.92,25.719999,25.75,8700.0,-0.1700000000000017
8.0,20.0,25.73,25.76,25.68,25.76,6500.0,0.030000000000001137
8.0,19.0,25.780001,25.85,25.74,25.75,10000.0,-0.030000999999998612
8.0,18.0,25.860001,25.860001,25.719999,25.780001,6600.0,-0.08000000000000185
8.0,15.0,25.73,25.790001,25.719999,25.76,2800.0,0.030000000000001137
8.0,14.0,25.77,25.879999,25.74,25.76,1700.0,-0.00999999999999801
8.0,13.0,25.73,25.84,25.73,25.790001,9300.0,0.06000099999999975
8.0,12.0,25.68,25.790001,25.68,25.75,7300.0,0.07000000000000028
8.0,11.0,25.82,25.83,25.690001,25.690001,12100.0,-0.12999900000000153
8.0,8.0,25.940001,25.98,25.85,25.85,4600.0,-0.09000099999999733
8.0,7.0,25.73,25.9,25.73,25.84,2100.0,0.10999999999999943
8.0,6.0,25.860001,25.860001,25.74,25.799999,400.0,-0.06000200000000078
8.0,5.0,25.860001,25.860001,25.68,25.860001,3900.0,0.0
8.0,4.0,25.76,25.76,25.620001,25.719999,10100.0,-0.040001000000000175
8.0,1.0,25.75,25.809999,25.690001,25.75,3700.0,0.0
7.0,31.0,25.809999,25.860001,25.6,25.799999,3700.0,-0.010000000000001563
7.0,30.0,25.860001,25.860001,25.799999,25.799999,4100.0,-0.06000200000000078
7.0,29.0,25.83,25.860001,25.83,25.83,3100.0,0.0
7.0,28.0,25.75,25.860001,25.75,25.860001,11900.0,0.11000100000000046
7.0,25.0,25.860001,25.860001,25.82,25.82,27500.0,-0.040001000000000175
7.0,24.0,25.709999,25.860001,25.709999,25.809999,22900.0,0.10000000000000142
7.0,23.0,25.799999,25.799999,25.74,25.75,2900.0,-0.04999899999999968
7.0,22.0,25.790001,25.790001,25.68,25.709999,4900.0,-0.08000200000000035
7.0,21.0,25.780001,25.809999,25.67,25.76,16700.0,-0.02000099999999705
7.0,18.0,25.65,25.780001,25.65,25.780001,21600.0,0.13000100000000003
7.0,17.0,25.75,25.799999,25.65,25.75,4700.0,0.0
7.0,16.0,25.76,25.9,25.66,25.77,8800.0,0.00999999999999801
7.0,15.0,26.0,26.0,25.76,25.85,35900.0,-0.14999999999999858
7.0,14.0,25.799999,25.860001,25.799999,25.82,9200.0,0.0200010000000006
7.0,11.0,25.610001,25.790001,25.610001,25.790001,1000.0,0.17999999999999972
7.0,10.0,25.75,25.870001,25.65,25.65,4800.0,-0.10000000000000142
7.0,9.0,25.75,25.790001,25.610001,25.719999,1800.0,-0.030000999999998612
7.0,8.0,25.700001,25.799999,25.66,25.719999,8600.0,0.01999800000000107
7.0,7.0,25.57,25.809999,25.57,25.809999,9800.0,0.23999900000000096
7.0,3.0,25.82,25.82,25.629999,25.68,1700.0,-0.14000000000000057
7.0,2.0,25.85,25.860001,25.77,25.77,5900.0,-0.08000000000000185
7.0,1.0,25.92,25.92,25.77,25.790001,8200.0,-0.12999900000000153
6.0,30.0,25.780001,26.0,25.780001,25.790001,11000.0,0.010000000000001563
6.0,27.0,25.700001,25.860001,25.65,25.75,7300.0,0.04999899999999968
6.0,26.0,25.959999,26.200001,25.950001,25.959999,3300.0,0.0
6.0,25.0,26.0,26.16,25.98,26.16,1800.0,0.16000000000000014
6.0,24.0,26.42,26.42,26.059999,26.059999,2800.0,-0.36000100000000046
6.0,23.0,25.950001,25.98,25.950001,25.98,200.0,0.02999900000000011
6.0,20.0,25.969999,26.07,25.860001,26.0,12900.0,0.030000999999998612
6.0,19.0,25.709999,26.07,25.709999,26.01,55300.0,0.30000100000000174
6.0,18.0,25.860001,25.889999,25.719999,25.82,9300.0,-0.040001000000000175
6.0,17.0,25.82,25.889999,25.82,25.84,3800.0,0.019999999999999574
6.0,16.0,25.9,26.0,25.83,25.83,4100.0,-0.07000000000000028
6.0,13.0,25.99,25.99,25.9,25.9,1700.0,-0.08999999999999986
6.0,12.0,26.0,26.0,25.91,25.91,1000.0,-0.08999999999999986
6.0,11.0,25.950001,25.950001,25.809999,25.85,5300.0,-0.1000009999999989
6.0,10.0,25.870001,26.09,25.799999,25.959999,4500.0,0.08999800000000135
6.0,9.0,25.93,25.969999,25.860001,25.950001,5300.0,0.0200010000000006
6.0,6.0,26.129999,26.129999,25.9,26.02,4600.0,-0.10999900000000196
6.0,5.0,25.860001,26.040001,25.809999,26.030001,3900.0,0.16999999999999815
6.0,4.0,25.719999,26.0,25.719999,25.940001,2600.0,0.22000199999999737
6.0,3.0,25.77,25.860001,25.77,25.809999,3900.0,0.03999900000000167
6.0,2.0,25.809999,25.950001,25.809999,25.84,5400.0,0.030000999999998612
5.0,30.0,26.0,26.030001,25.870001,25.889999,3400.0,-0.11000100000000046
5.0,29.0,25.940001,26.309999,25.83,25.959999,18900.0,0.01999800000000107
5.0,28.0,25.84,25.940001,25.809999,25.940001,12800.0,0.1000009999999989
5.0,27.0,25.889999,25.889999,25.77,25.77,2700.0,-0.11999899999999997
5.0,23.0,25.77,25.870001,25.77,25.870001,6600.0,0.1000009999999989
5.0,22.0,25.780001,25.83,25.68,25.809999,8200.0,0.029998000000002634
5.0,21.0,25.74,25.799999,25.68,25.75,6400.0,0.010000000000001563
5.0,20.0,25.66,25.809999,25.66,25.799999,8200.0,0.13999899999999954
5.0,19.0,25.700001,25.75,25.67,25.719999,5000.0,0.01999800000000107
5.0,16.0,25.74,25.75,25.629999,25.700001,18900.0,-0.03999899999999812
5.0,15.0,25.73,25.870001,25.639999,25.700001,20800.0,-0.02999900000000011
5.0,14.0,25.809999,25.860001,25.73,25.73,26300.0,-0.07999900000000082
5.0,13.0,25.77,25.91,25.75,25.75,8300.0,-0.019999999999999574
5.0,12.0,25.780001,25.92,25.719999,25.9,12400.0,0.11999899999999997
5.0,9.0,25.74,25.82,25.700001,25.75,24400.0,0.010000000000001563
5.0,8.0,25.629999,25.780001,25.629999,25.68,9600.0,0.050000999999998186
5.0,7.0,25.809999,25.809999,25.629999,25.65,33400.0,-0.15999900000000267
5.0,6.0,25.83,25.91,25.709999,25.709999,49300.0,-0.12000099999999847
5.0,5.0,25.66,25.790001,25.639999,25.790001,11700.0,0.13000100000000003
5.0,2.0,25.84,25.84,25.620001,25.66,8200.0,-0.17999999999999972
5.0,1.0,25.76,25.84,25.700001,25.780001,6800.0,0.02000099999999705
4.0,30.0,25.719999,25.889999,25.719999,25.84,22800.0,0.12000099999999847
4.0,29.0,25.75,25.809999,25.690001,25.719999,13100.0,-0.030000999999998612
4.0,28.0,25.74,25.82,25.700001,25.719999,25300.0,-0.02000099999999705
4.0,25.0,25.6,25.799999,25.6,25.690001,23000.0,0.09000099999999733
4.0,24.0,25.799999,25.799999,25.709999,25.719999,7800.0,-0.0799999999999983
4.0,23.0,25.879999,25.879999,25.700001,25.700001,34500.0,-0.1799980000000012
4.0,22.0,25.9,25.9,25.690001,25.75,181100.0,-0.14999999999999858
4.0,21.0,25.73,25.870001,25.52,25.75,99700.0,0.019999999999999574
4.0,17.0,25.75,25.959999,25.530001,25.530001,403100.0,-0.2199990000000014
4.0,16.0,25.780001,26.299999,25.690001,25.74,21700.0,-0.040001000000000175
4.0,15.0,26.24,26.42,25.940001,25.959999,10600.0,-0.2800009999999986
4.0,14.0,25.940001,26.24,25.799999,26.24,6000.0,0.2999989999999997
4.0,11.0,25.889999,26.1,25.57,25.83,6400.0,-0.059999000000001246
4.0,10.0,26.9,26.9,26.0,26.040001,10100.0,-0.8599989999999984
4.0,9.0,26.99,26.99,26.1,26.139999,16200.0,-0.8500009999999989
4.0,8.0,25.74,26.620001,25.68,26.01,25900.0,0.2700000000000031
4.0,7.0,25.67,25.84,25.6,25.709999,32900.0,0.03999899999999812
4.0,4.0,25.77,25.77,25.450001,25.68,63700.0,-0.08999999999999986
4.0,3.0,25.51,25.93,25.459999,25.620001,89300.0,0.1100009999999969
4.0,2.0,25.83,25.83,25.48,25.57,23100.0,-0.259999999999998
4.0,1.0,25.74,25.83,25.65,25.67,7400.0,-0.06999999999999673
3.0,31.0,25.459999,25.610001,25.34,25.610001,5500.0,0.15000200000000063
3.0,28.0,25.799999,25.91,25.43,25.639999,7800.0,-0.16000000000000014
3.0,27.0,26.57,26.57,25.870001,25.969999,4800.0,-0.6000009999999989
3.0,26.0,26.0,26.25,26.0,26.209999,5100.0,0.20999899999999982
3.0,25.0,26.379999,26.379999,25.74,25.74,6300.0,-0.6399990000000031
3.0,24.0,26.17,26.17,25.98,26.02,6400.0,-0.15000000000000213
3.0,21.0,26.389999,26.389999,26.01,26.030001,2500.0,-0.35999800000000093
3.0,20.0,26.389999,26.389999,25.98,26.07,4700.0,-0.31999899999999926
3.0,19.0,26.969999,26.969999,26.200001,26.309999,5400.0,-0.6600000000000001
3.0,18.0,26.950001,26.99,26.129999,26.379999,12100.0,-0.5700019999999988
3.0,17.0,26.58,26.690001,26.33,26.5,9900.0,-0.0799999999999983
3.0,14.0,26.1,26.6,26.1,26.24,11300.0,0.13999999999999702
3.0,13.0,26.23,26.639999,25.98,26.1,9000.0,-0.129999999999999
3.0,12.0,25.870001,26.07,25.860001,26.059999,4800.0,0.18999800000000278
3.0,11.0,25.709999,25.790001,25.65,25.77,5500.0,0.06000099999999975
3.0,10.0,25.77,25.809999,25.719999,25.719999,4900.0,-0.050000999999998186
3.0,7.0,25.879999,25.879999,25.75,25.82,3400.0,-0.059999000000001246
3.0,6.0,25.85,26.0,25.709999,25.719999,4600.0,-0.13000100000000003
3.0,5.0,25.65,25.84,25.65,25.84,1700.0,0.19000000000000128
3.0,4.0,25.84,25.84,25.68,25.700001,2500.0,-0.13999899999999954
3.0,3.0,25.52,25.59,25.52,25.59,1900.0,0.07000000000000028
2.0,28.0,25.85,25.85,25.67,25.67,9200.0,-0.17999999999999972
2.0,27.0,25.66,25.799999,25.59,25.799999,7900.0,0.13999899999999954
2.0,26.0,25.9,25.9,25.68,25.690001,5100.0,-0.20999899999999982
2.0,25.0,25.66,25.870001,25.66,25.870001,5100.0,0.21000099999999833
2.0,24.0,25.65,26.299999,25.610001,25.66,6900.0,0.010000000000001563
2.0,21.0,25.65,25.65,25.530001,25.530001,3800.0,-0.11999899999999997
2.0,20.0,25.51,25.65,25.49,25.639999,4000.0,0.12999899999999798
2.0,19.0,25.639999,25.639999,25.469999,25.6,14400.0,-0.03999899999999812
2.0,18.0,25.5,25.75,25.469999,25.52,23800.0,0.019999999999999574
2.0,14.0,25.66,25.99,25.379999,25.6,6400.0,-0.05999999999999872
2.0,13.0,25.690001,25.690001,25.23,25.469999,6400.0,-0.22000199999999737
2.0,12.0,25.700001,25.700001,25.32,25.4,5100.0,-0.30000100000000174
2.0,11.0,25.67,25.67,25.469999,25.469999,3600.0,-0.20000100000000032
2.0,10.0,25.360001,25.58,25.360001,25.549999,3200.0,0.18999799999999922
2.0,7.0,25.23,26.450001,25.23,25.299999,18300.0,0.06999899999999926
2.0,6.0,25.25,25.32,25.200001,25.299999,10900.0,0.04999899999999968
2.0,5.0,25.290001,25.34,25.15,25.219999,16400.0,-0.07000199999999879
2.0,4.0,25.07,25.34,25.07,25.219999,3400.0,0.1499990000000011
2.0,3.0,25.299999,25.299999,25.15,25.15,6500.0,-0.1499990000000011
1.0,31.0,25.27,25.290001,25.110001,25.25,8400.0,-0.019999999999999574
1.0,30.0,25.110001,25.5,25.110001,25.389999,12400.0,0.2799979999999991
1.0,29.0,25.120001,25.299999,25.120001,25.209999,3600.0,0.08999800000000135
1.0,28.0,25.35,25.4,25.209999,25.219999,10100.0,-0.13000100000000003
1.0,27.0,25.459999,25.5,25.200001,25.5,2000.0,0.040001000000000175
1.0,24.0,25.049999,25.25,24.969999,25.120001,15000.0,0.07000199999999879
1.0,23.0,25.4,25.4,25.1,25.110001,8900.0,-0.2899989999999981
1.0,22.0,25.49,25.549999,25.23,25.280001,10100.0,-0.20999899999999982
1.0,21.0,25.379999,25.51,25.33,25.34,5700.0,-0.03999900000000167
1.0,17.0,25.58,25.58,25.209999,25.209999,18200.0,-0.37000099999999847
1.0,16.0,25.41,25.58,25.389999,25.42,3500.0,0.010000000000001563
1.0,15.0,25.43,25.51,25.219999,25.5,10000.0,0.07000000000000028
1.0,14.0,25.290001,25.4,25.290001,25.33,3300.0,0.03999899999999812
1.0,13.0,25.33,25.49,25.26,25.370001,12300.0,0.040001000000000175
1.0,10.0,25.34,25.450001,25.34,25.450001,1000.0,0.11000100000000046
1.0,9.0,25.290001,25.559999,25.290001,25.389999,2800.0,0.09999799999999937
1.0,8.0,25.469999,25.860001,25.25,25.32,11300.0,-0.1499990000000011
1.0,7.0,25.17,25.709999,25.17,25.48,21200.0,0.3099999999999987
1.0,6.0,25.290001,25.309999,25.280001,25.299999,1900.0,0.009997999999999507
1.0,3.0,25.27,25.51,25.25,25.299999,2900.0,0.02999900000000011
1.0,2.0,25.08,25.450001,25.08,25.42,6700.0,0.3400000000000034
12.0,31.0,24.9,25.09,24.66,24.99,14300.0,0.08999999999999986
12.0,30.0,24.889999,25.059999,24.860001,24.91,35600.0,0.0200010000000006
12.0,27.0,25.110001,25.85,25.110001,25.25,7800.0,0.13999899999999954
12.0,26.0,25.9,25.940001,25.5,25.52,19900.0,-0.379999999999999
12.0,24.0,26.440001,26.440001,25.92,25.92,3100.0,-0.520000999999997
12.0,23.0,27.02,27.02,26.040001,26.040001,7800.0,-0.9799989999999994
12.0,20.0,27.299999,27.49,26.5,26.65,13600.0,-0.6499990000000011
12.0,19.0,26.540001,27.27,26.1,26.790001,21800.0,0.25
12.0,18.0,26.35,26.48,26.35,26.48,5800.0,0.129999999999999
12.0,17.0,26.690001,26.690001,26.049999,26.35,17300.0,-0.34000099999999733
12.0,16.0,25.98,26.559999,25.98,26.48,11800.0,0.5
12.0,13.0,25.389999,26.26,25.389999,26.26,20000.0,0.870001000000002
12.0,12.0,25.4,25.65,25.370001,25.440001,6300.0,0.040001000000000175
12.0,11.0,25.5,25.5,25.32,25.4,3300.0,-0.10000000000000142
12.0,10.0,25.33,25.469999,25.26,25.440001,7600.0,0.11000100000000046
12.0,9.0,25.290001,25.530001,25.290001,25.370001,5400.0,0.0799999999999983
12.0,6.0,25.32,25.48,25.26,25.280001,4400.0,-0.03999900000000167
12.0,5.0,25.459999,25.549999,25.25,25.309999,15600.0,-0.14999999999999858
12.0,4.0,25.299999,25.59,25.27,25.59,10000.0,0.2900010000000002
12.0,3.0,25.379999,25.48,25.290001,25.32,8800.0,-0.059999000000001246
12.0,2.0,25.219999,25.52,25.200001,25.280001,10000.0,0.060001999999997224
11.0,29.0,25.219999,25.219999,25.219999,25.219999,700.0,0.0
11.0,27.0,25.469999,25.469999,25.25,25.26,11700.0,-0.20999899999999982
11.0,26.0,25.32,25.42,25.26,25.26,7500.0,-0.05999999999999872
11.0,25.0,25.440001,25.440001,25.25,25.309999,5300.0,-0.1300019999999975
11.0,22.0,25.33,25.440001,25.15,25.219999,11200.0,-0.1100009999999969
11.0,21.0,25.67,25.67,25.1,25.25,15600.0,-0.4200000000000017
11.0,20.0,25.450001,25.66,25.450001,25.549999,5700.0,0.09999799999999937
11.0,19.0,25.459999,25.59,25.42,25.549999,5700.0,0.08999999999999986
11.0,18.0,25.4,25.459999,25.360001,25.4,3000.0,0.0
11.0,15.0,25.17,25.459999,25.17,25.459999,1700.0,0.2899989999999981
11.0,14.0,25.32,25.370001,25.18,25.25,7800.0,-0.07000000000000028
11.0,13.0,25.549999,25.6,25.32,25.32,3400.0,-0.2299989999999994
11.0,12.0,25.559999,25.66,25.549999,25.57,1900.0,0.010000999999999038
11.0,11.0,25.719999,25.77,25.6,25.6,5700.0,-0.11999899999999997
11.0,8.0,25.83,25.969999,25.74,25.75,1300.0,-0.0799999999999983
11.0,7.0,25.639999,25.99,25.639999,25.99,3400.0,0.3500009999999989
11.0,6.0,25.83,25.83,25.629999,25.700001,3700.0,-0.12999899999999798
11.0,5.0,25.790001,25.790001,25.610001,25.66,3500.0,-0.13000100000000003
11.0,4.0,25.67,25.969999,25.629999,25.629999,2600.0,-0.040001000000000175
11.0,1.0,25.870001,25.870001,25.75,25.75,500.0,-0.12000099999999847
10.0,31.0,25.48,25.889999,25.48,25.889999,4600.0,0.4099989999999991
10.0,30.0,25.5,25.620001,25.4,25.610001,4800.0,0.11000100000000046
10.0,29.0,25.5,25.75,25.389999,25.52,10700.0,0.019999999999999574
10.0,28.0,25.65,25.790001,25.440001,25.459999,12400.0,-0.19000099999999875
10.0,25.0,25.52,25.629999,25.42,25.629999,7300.0,0.10999900000000196
10.0,24.0,25.360001,25.530001,25.35,25.469999,8100.0,0.10999800000000093
10.0,23.0,25.370001,25.549999,25.360001,25.370001,9000.0,0.0
10.0,22.0,25.67,25.67,25.4,25.5,6200.0,-0.1700000000000017
10.0,21.0,25.620001,25.620001,25.4,25.540001,6700.0,-0.0799999999999983
10.0,18.0,26.25,26.43,25.469999,25.469999,31100.0,-0.7800009999999986
10.0,17.0,25.620001,25.940001,25.379999,25.940001,2700.0,0.3200000000000003
10.0,16.0,25.25,25.57,25.25,25.540001,4100.0,0.2900010000000002
10.0,15.0,25.719999,25.719999,25.1,25.219999,14000.0,-0.5
10.0,14.0,25.49,25.49,25.389999,25.469999,3000.0,-0.02000099999999705
10.0,11.0,25.4,25.48,25.4,25.48,1400.0,0.08000000000000185
10.0,10.0,25.299999,25.48,25.25,25.459999,4300.0,0.16000000000000014
10.0,9.0,25.459999,25.459999,25.190001,25.35,3400.0,-0.1099989999999984
10.0,8.0,25.389999,25.549999,25.389999,25.4,4700.0,0.010000999999999038
10.0,7.0,25.41,25.540001,25.35,25.379999,4000.0,-0.030000999999998612
10.0,4.0,25.42,25.42,25.4,25.4,600.0,-0.020000000000003126
10.0,3.0,25.35,25.67,25.35,25.42,3400.0,0.07000000000000028
10.0,2.0,25.5,25.5,25.35,25.469999,4500.0,-0.030000999999998612
10.0,1.0,25.290001,25.799999,25.129999,25.549999,13100.0,0.2599979999999995
9.0,30.0,25.139999,25.5,25.139999,25.5,2300.0,0.36000100000000046
9.0,27.0,25.639999,25.860001,25.139999,25.190001,10600.0,-0.4499980000000008
9.0,26.0,25.58,25.889999,25.5,25.549999,22900.0,-0.030000999999998612
9.0,25.0,25.879999,25.879999,25.559999,25.6,8900.0,-0.2799990000000001
9.0,24.0,25.75,25.75,25.6,25.6,5000.0,-0.14999999999999858
9.0,23.0,25.52,25.700001,25.35,25.700001,5900.0,0.18000100000000074
9.0,20.0,25.48,25.48,25.35,25.35,6100.0,-0.129999999999999
9.0,19.0,25.540001,25.690001,25.4,25.59,12000.0,0.04999899999999968
9.0,18.0,25.27,25.700001,25.27,25.700001,1400.0,0.43000100000000074
9.0,17.0,25.5,25.5,25.299999,25.299999,3300.0,-0.20000100000000032
9.0,16.0,25.25,25.620001,25.200001,25.48,15200.0,0.23000000000000043
9.0,13.0,25.32,25.33,25.25,25.299999,6400.0,-0.0200010000000006
9.0,12.0,25.459999,25.68,25.200001,25.200001,7600.0,-0.2599979999999995
9.0,11.0,25.41,25.59,25.27,25.370001,9900.0,-0.03999900000000167
9.0,10.0,25.459999,25.57,25.290001,25.309999,2700.0,-0.14999999999999858
9.0,9.0,25.57,25.57,25.16,25.48,3400.0,-0.08999999999999986
9.0,6.0,25.530001,26.0,25.469999,25.559999,2500.0,0.029998000000002634
9.0,5.0,25.59,25.700001,25.450001,25.629999,4300.0,0.03999900000000167
9.0,4.0,25.4,25.67,25.26,25.67,6300.0,0.2700000000000031
9.0,3.0,25.6,25.6,25.120001,25.379999,14100.0,-0.2200009999999999
8.0,30.0,25.27,25.809999,25.27,25.719999,2800.0,0.4499990000000018
8.0,29.0,25.41,25.870001,25.1,25.5,12300.0,0.08999999999999986
8.0,28.0,25.32,25.32,24.860001,25.15,11900.0,-0.1700000000000017
8.0,27.0,25.059999,25.450001,24.950001,25.200001,42000.0,0.14000199999999907
8.0,26.0,25.540001,25.889999,25.059999,25.07,15700.0,-0.4700009999999999
8.0,23.0,25.24,25.48,25.24,25.440001,9400.0,0.20000100000000032
8.0,22.0,25.459999,25.709999,25.07,25.34,15300.0,-0.11999899999999997
8.0,21.0,25.25,25.76,25.1,25.48,10300.0,0.23000000000000043
8.0,20.0,25.059999,25.4,25.02,25.27,9000.0,0.21000099999999833
8.0,19.0,25.17,25.25,24.950001,25.059999,12300.0,-0.11000100000000046
8.0,16.0,25.35,25.57,24.809999,25.049999,17300.0,-0.30000100000000174
8.0,15.0,25.5,25.5,24.98,25.23,20700.0,-0.2699999999999996
8.0,14.0,25.9,26.0,25.549999,25.629999,6600.0,-0.27000099999999705
8.0,13.0,26.0,26.1,25.700001,25.860001,4400.0,-0.13999899999999954
8.0,12.0,25.719999,25.82,25.549999,25.799999,6500.0,0.0799999999999983
8.0,9.0,25.870001,25.870001,25.549999,25.549999,5900.0,-0.3200019999999988
8.0,8.0,25.75,25.98,25.75,25.76,2700.0,0.010000000000001563
8.0,7.0,25.809999,25.879999,25.75,25.75,2200.0,-0.059999000000001246
8.0,6.0,25.709999,26.129999,25.43,25.76,7300.0,0.05000100000000174
8.0,5.0,25.48,25.51,25.27,25.49,2800.0,0.00999999999999801
8.0,2.0,25.43,25.74,25.43,25.549999,4900.0,0.11999899999999997
8.0,1.0,25.91,25.91,25.33,25.33,2900.0,-0.5800000000000018
7.0,31.0,25.59,25.93,25.35,25.709999,7400.0,0.11999899999999997
7.0,30.0,25.4,25.43,25.4,25.43,400.0,0.030000000000001137
7.0,29.0,25.360001,25.83,25.360001,25.5,5900.0,0.13999899999999954
7.0,26.0,25.26,25.5,25.24,25.450001,6900.0,0.19000099999999875
7.0,25.0,25.549999,25.549999,25.209999,25.5,7400.0,-0.04999899999999968
7.0,24.0,25.969999,25.969999,25.51,25.559999,6200.0,-0.41000000000000014
7.0,23.0,25.67,25.85,25.540001,25.85,6100.0,0.17999999999999972
7.0,22.0,26.110001,26.129999,26.0,26.0,2900.0,-0.11000100000000046
7.0,19.0,25.77,26.129999,25.77,26.030001,11400.0,0.26000099999999904
7.0,18.0,25.85,25.85,25.610001,25.66,3800.0,-0.19000000000000128
7.0,17.0,25.93,26.07,25.68,25.68,1600.0,-0.25
7.0,16.0,25.52,25.84,25.51,25.73,6400.0,0.21000000000000085
7.0,15.0,25.92,25.92,25.440001,25.5,11200.0,-0.4200000000000017
7.0,12.0,25.93,26.09,25.67,25.76,9000.0,-0.16999999999999815
7.0,11.0,26.129999,26.129999,25.549999,25.91,15800.0,-0.2199990000000014
7.0,10.0,25.299999,25.49,25.299999,25.41,2000.0,0.11000100000000046
7.0,9.0,25.52,25.74,25.42,25.440001,4300.0,-0.07999900000000082
7.0,8.0,25.889999,25.889999,25.440001,25.51,7500.0,-0.379998999999998
7.0,5.0,25.77,25.99,25.58,25.65,10700.0,-0.120000000000001
7.0,3.0,26.0,26.01,25.99,26.0,3100.0,0.0
7.0,2.0,25.76,26.040001,25.610001,26.0,12500.0,0.23999999999999844
7.0,1.0,26.120001,26.120001,25.75,25.75,8500.0,-0.37000099999999847
6.0,28.0,25.92,25.92,25.6,25.629999,4000.0,-0.2900010000000002
6.0,27.0,25.549999,25.6,25.190001,25.51,14100.0,-0.03999899999999812
6.0,26.0,25.459999,25.690001,25.459999,25.549999,4200.0,0.08999999999999986
6.0,25.0,25.200001,25.59,25.110001,25.299999,9100.0,0.09999799999999937
6.0,24.0,25.49,25.49,25.02,25.299999,20900.0,-0.19000099999999875
6.0,21.0,25.92,25.92,25.549999,25.57,6400.0,-0.3500000000000014
6.0,20.0,25.639999,25.75,25.549999,25.74,13900.0,0.1000009999999989
6.0,19.0,25.790001,26.110001,25.75,25.75,6000.0,-0.040001000000000175
6.0,18.0,26.0,26.0,25.809999,25.809999,3500.0,-0.19000099999999875
6.0,17.0,25.67,25.940001,25.67,25.870001,5000.0,0.20000099999999676
6.0,14.0,26.139999,26.139999,25.67,25.67,13300.0,-0.46999899999999784
6.0,13.0,25.6,26.200001,25.290001,26.200001,8100.0,0.6000009999999989
6.0,12.0,26.25,26.25,25.450001,25.68,8900.0,-0.5700000000000003
6.0,11.0,26.07,26.290001,25.99,26.219999,23300.0,0.1499990000000011
6.0,10.0,26.23,26.25,26.07,26.1,6800.0,-0.129999999999999
6.0,7.0,25.969999,26.27,25.74,26.26,11100.0,0.2900010000000002
6.0,6.0,25.700001,25.950001,25.65,25.77,19700.0,0.06999899999999926
6.0,5.0,25.76,25.77,25.610001,25.65,4700.0,-0.11000000000000298
6.0,4.0,25.58,26.09,25.58,25.76,6200.0,0.18000000000000327
6.0,3.0,25.719999,25.879999,25.4,25.83,22600.0,0.1100009999999969
5.0,31.0,26.200001,26.35,25.66,25.66,7900.0,-0.5400010000000002
5.0,30.0,25.91,26.299999,25.91,26.190001,5400.0,0.2800009999999986
5.0,29.0,26.25,26.5,25.799999,26.35,9200.0,0.10000000000000142
5.0,28.0,26.59,26.74,26.48,26.559999,6400.0,-0.030000999999998612
5.0,24.0,26.540001,26.66,26.52,26.57,5700.0,0.02999900000000011
5.0,23.0,26.42,26.67,26.4,26.540001,13000.0,0.12000099999999847
5.0,22.0,26.549999,26.67,26.41,26.67,13800.0,0.12000100000000202
5.0,21.0,26.549999,26.549999,26.360001,26.450001,4200.0,-0.09999799999999937
5.0,20.0,26.68,26.719999,26.450001,26.450001,41400.0,-0.2299989999999994
5.0,17.0,26.530001,26.629999,26.530001,26.629999,4200.0,0.09999800000000292
5.0,16.0,26.51,26.549999,26.49,26.530001,14000.0,0.02000099999999705
5.0,15.0,26.639999,26.639999,26.450001,26.450001,5400.0,-0.18999799999999922
5.0,14.0,26.889999,26.889999,26.43,26.76,14300.0,-0.12999899999999798
5.0,13.0,26.83,26.93,26.77,26.93,3800.0,0.10000000000000142
5.0,10.0,26.85,27.059999,26.77,26.85,28200.0,0.0
5.0,9.0,26.879999,26.889999,26.719999,26.889999,17200.0,0.00999999999999801
5.0,8.0,26.959999,26.969999,26.799999,26.969999,12800.0,0.010000000000001563
5.0,7.0,26.82,27.0,26.75,26.969999,12700.0,0.1499990000000011
5.0,6.0,26.84,26.879999,26.75,26.76,4800.0,-0.0799999999999983
5.0,3.0,26.83,27.16,26.75,26.809999,16400.0,-0.02000099999999705
5.0,2.0,26.73,26.9,26.700001,26.82,41300.0,0.08999999999999986
5.0,1.0,26.65,27.5,26.639999,26.83,46000.0,0.17999999999999972
4.0,30.0,26.700001,26.82,26.110001,26.799999,26300.0,0.09999799999999937
4.0,29.0,26.75,26.85,26.65,26.690001,15900.0,-0.059999000000001246
4.0,26.0,26.75,26.98,26.530001,26.700001,10200.0,-0.04999899999999968
4.0,25.0,26.950001,27.049999,26.629999,26.74,25800.0,-0.21000100000000188
4.0,24.0,27.139999,27.27,26.9,26.92,53000.0,-0.21999899999999784
4.0,23.0,27.34,27.34,26.870001,27.120001,28700.0,-0.2199990000000014
4.0,22.0,26.98,27.450001,26.780001,27.299999,323400.0,0.31999899999999926
4.0,19.0,26.85,27.57,26.77,27.280001,154800.0,0.4300009999999972
4.0,18.0,26.940001,26.940001,26.65,26.799999,29600.0,-0.14000199999999907
4.0,17.0,26.629999,26.889999,26.459999,26.889999,54800.0,0.259999999999998
4.0,16.0,26.91,26.91,26.52,26.65,24700.0,-0.26000000000000156
4.0,15.0,26.379999,26.860001,26.26,26.860001,63300.0,0.48000199999999893
4.0,12.0,26.43,26.43,26.27,26.379999,5800.0,-0.050000999999998186
4.0,11.0,26.57,26.57,26.309999,26.42,16400.0,-0.14999999999999858
4.0,10.0,26.68,26.709999,26.42,26.540001,45600.0,-0.13999899999999954
4.0,9.0,26.469999,26.700001,26.4,26.58,112800.0,0.1100009999999969
4.0,8.0,26.42,26.42,26.209999,26.360001,31500.0,-0.059999000000001246
4.0,5.0,26.25,26.25,26.129999,26.15,28200.0,-0.10000000000000142
4.0,4.0,26.280001,26.35,26.17,26.200001,39300.0,-0.0799999999999983
4.0,3.0,26.26,26.309999,26.219999,26.219999,12000.0,-0.040001000000000175
4.0,2.0,26.219999,26.33,26.190001,26.33,24500.0,0.1100009999999969
4.0,1.0,26.25,26.379999,26.15,26.27,10900.0,0.019999999999999574
3.0,28.0,26.110001,26.42,26.09,26.26,18100.0,0.1499990000000011
3.0,27.0,26.1,26.18,25.98,26.18,13200.0,0.0799999999999983
3.0,26.0,26.190001,26.549999,26.16,26.549999,21900.0,0.35999800000000093
3.0,25.0,26.0,26.23,25.959999,26.190001,41900.0,0.19000099999999875
3.0,22.0,26.110001,26.15,25.9,26.07,22500.0,-0.040001000000000175
3.0,21.0,26.07,26.15,25.959999,26.15,21400.0,0.0799999999999983
3.0,20.0,26.049999,26.049999,26.0,26.049999,14300.0,0.0
3.0,19.0,26.209999,26.209999,26.01,26.110001,21600.0,-0.09999799999999937
3.0,18.0,26.35,26.35,26.049999,26.09,21800.0,-0.26000000000000156
3.0,15.0,26.26,26.440001,26.120001,26.15,25400.0,-0.11000000000000298
3.0,14.0,26.299999,26.389999,26.15,26.15,25000.0,-0.1499990000000011
3.0,13.0,26.139999,26.24,26.07,26.15,19000.0,0.010000999999999038
3.0,12.0,26.23,26.23,25.959999,26.09,23900.0,-0.14000000000000057
3.0,11.0,26.09,26.25,25.860001,26.129999,13200.0,0.03999900000000167
3.0,8.0,26.17,26.49,25.99,26.049999,28800.0,-0.12000100000000202
3.0,7.0,26.719999,26.719999,25.969999,25.99,74400.0,-0.729999000000003
3.0,6.0,26.07,26.07,25.92,26.07,26400.0,0.0
3.0,5.0,26.059999,26.07,25.93,26.0,33100.0,-0.059999000000001246
3.0,4.0,25.9,26.030001,25.799999,26.030001,28600.0,0.13000100000000003
3.0,1.0,25.75,25.889999,25.75,25.879999,22900.0,0.12999900000000153
2.0,28.0,26.059999,26.059999,25.780001,25.84,38000.0,-0.2199990000000014
2.0,27.0,25.84,26.01,25.77,25.959999,22600.0,0.11999899999999997
2.0,26.0,25.969999,26.0,25.719999,25.77,48000.0,-0.19999900000000181
2.0,25.0,25.940001,26.09,25.82,25.879999,36500.0,-0.060001999999997224
2.0,22.0,25.92,26.049999,25.83,25.84,29700.0,-0.08000000000000185
2.0,21.0,25.84,25.959999,25.68,25.959999,39000.0,0.11999899999999997
2.0,20.0,25.85,25.85,25.73,25.85,25800.0,0.0
2.0,19.0,25.629999,25.85,25.549999,25.83,76000.0,0.20000099999999676
2.0,15.0,25.690001,25.77,25.58,25.700001,43100.0,0.010000000000001563
2.0,14.0,25.68,25.709999,25.58,25.639999,30100.0,-0.040001000000000175
2.0,13.0,25.74,25.74,25.57,25.68,40100.0,-0.05999999999999872
2.0,12.0,25.75,25.82,25.65,25.700001,48600.0,-0.04999899999999968
2.0,11.0,25.85,25.85,25.67,25.75,60400.0,-0.10000000000000142
2.0,8.0,25.83,25.85,25.68,25.84,21600.0,0.010000000000001563
2.0,7.0,25.700001,25.73,25.65,25.700001,34600.0,0.0
2.0,6.0,25.75,25.75,25.629999,25.65,92100.0,-0.10000000000000142
2.0,5.0,25.92,25.92,25.549999,25.690001,73400.0,-0.22999900000000295
2.0,4.0,25.75,25.969999,25.639999,25.75,67900.0,0.0
2.0,1.0,25.67,25.799999,25.620001,25.66,67000.0,-0.010000000000001563
1.0,31.0,25.780001,25.780001,25.6,25.66,149400.0,-0.12000099999999847
1.0,30.0,25.6,25.809999,25.469999,25.639999,216300.0,0.03999899999999812
1.0,29.0,25.58,25.75,25.459999,25.610001,273300.0,0.030001000000002165
1.0,28.0,25.6,25.65,25.32,25.58,152900.0,-0.020000000000003126
1.0,25.0,25.370001,25.85,25.32,25.6,345400.0,0.22999900000000295
1.0,24.0,25.25,25.4,25.219999,25.4,186300.0,0.14999999999999858
1.0,23.0,25.290001,25.379999,25.17,25.290001,248200.0,0.0
1.0,22.0,25.299999,25.34,25.139999,25.25,120200.0,-0.04999899999999968
1.0,18.0,25.25,25.5,25.25,25.360001,287200.0,0.11000100000000046
