9.0,25.0,1794.02002,1794.02002,1794.02002,1794.02002,0.0,0.0
9.0,24.0,1794.02002,1794.02002,1794.02002,1794.02002,0.0,0.0
9.0,23.0,1794.02002,1794.02002,1794.02002,1794.02002,0.0,0.0
9.0,22.0,1794.02002,1794.02002,1794.02002,1794.02002,0.0,0.0
9.0,21.0,1794.02002,1794.02002,1794.02002,1794.02002,0.0,0.0
9.0,18.0,1794.02002,1794.02002,1794.02002,1794.02002,0.0,0.0
9.0,17.0,1794.02002,1794.02002,1794.02002,1794.02002,0.0,0.0
9.0,16.0,1794.02002,1794.02002,1794.02002,1794.02002,100.0,0.0
9.0,15.0,1767.5,1767.5,1767.5,1767.5,0.0,0.0
9.0,14.0,1767.5,1767.5,1767.5,1767.5,0.0,0.0
9.0,11.0,1767.5,1767.5,1767.5,1767.5,0.0,0.0
9.0,10.0,1767.5,1767.5,1767.5,1767.5,0.0,0.0
9.0,9.0,1767.5,1767.5,1767.5,1767.5,0.0,0.0
9.0,8.0,1750.0,1767.5,1750.0,1767.5,300.0,17.5
9.0,4.0,1776.150024,1776.150024,1776.150024,1776.150024,0.0,0.0
9.0,3.0,1776.150024,1776.150024,1776.150024,1776.150024,0.0,0.0
9.0,2.0,1776.150024,1776.150024,1776.150024,1776.150024,0.0,0.0
9.0,1.0,1776.150024,1776.150024,1776.150024,1776.150024,0.0,0.0
8.0,31.0,1776.150024,1776.150024,1776.150024,1776.150024,0.0,0.0
8.0,28.0,1776.150024,1776.150024,1776.150024,1776.150024,100.0,0.0
8.0,27.0,1870.0,1870.0,1870.0,1870.0,0.0,0.0
8.0,26.0,1870.0,1870.0,1870.0,1870.0,0.0,0.0
8.0,25.0,1870.0,1870.0,1870.0,1870.0,0.0,0.0
8.0,24.0,1870.0,1870.0,1870.0,1870.0,0.0,0.0
8.0,21.0,1870.0,1870.0,1870.0,1870.0,0.0,0.0
8.0,20.0,1870.0,1870.0,1870.0,1870.0,0.0,0.0
8.0,19.0,1870.0,1870.0,1870.0,1870.0,0.0,0.0
8.0,18.0,1870.0,1870.0,1870.0,1870.0,0.0,0.0
8.0,17.0,1870.0,1870.0,1870.0,1870.0,0.0,0.0
8.0,14.0,1870.0,1870.0,1870.0,1870.0,0.0,0.0
8.0,13.0,1870.0,1870.0,1870.0,1870.0,0.0,0.0
8.0,12.0,1870.0,1870.0,1870.0,1870.0,0.0,0.0
8.0,11.0,1870.0,1870.0,1870.0,1870.0,0.0,0.0
8.0,10.0,1870.0,1870.0,1870.0,1870.0,0.0,0.0
8.0,7.0,1870.0,1870.0,1870.0,1870.0,100.0,0.0
8.0,6.0,1890.0,1890.0,1890.0,1890.0,0.0,0.0
8.0,5.0,1890.0,1890.0,1890.0,1890.0,0.0,0.0
8.0,4.0,1890.0,1890.0,1890.0,1890.0,0.0,0.0
8.0,3.0,1890.0,1890.0,1890.0,1890.0,0.0,0.0
7.0,31.0,1890.0,1890.0,1890.0,1890.0,0.0,0.0
7.0,30.0,1890.0,1890.0,1890.0,1890.0,0.0,0.0
7.0,29.0,1890.0,1890.0,1890.0,1890.0,100.0,0.0
7.0,28.0,1858.300049,1858.300049,1858.300049,1858.300049,100.0,0.0
7.0,27.0,1875.550049,1875.550049,1875.550049,1875.550049,0.0,0.0
7.0,24.0,1875.550049,1875.550049,1875.550049,1875.550049,0.0,0.0
7.0,23.0,1875.550049,1875.550049,1875.550049,1875.550049,0.0,0.0
7.0,22.0,1875.550049,1875.550049,1875.550049,1875.550049,0.0,0.0
7.0,21.0,1875.550049,1875.550049,1875.550049,1875.550049,100.0,0.0
7.0,20.0,1840.430054,1840.430054,1840.430054,1840.430054,0.0,0.0
7.0,17.0,1840.430054,1840.430054,1840.430054,1840.430054,0.0,0.0
7.0,16.0,1840.430054,1840.430054,1840.430054,1840.430054,0.0,0.0
7.0,15.0,1840.430054,1840.430054,1840.430054,1840.430054,0.0,0.0
7.0,14.0,1840.430054,1840.430054,1840.430054,1840.430054,100.0,0.0
7.0,13.0,1732.040039,1732.040039,1732.040039,1732.040039,0.0,0.0
7.0,10.0,1732.040039,1732.040039,1732.040039,1732.040039,0.0,0.0
7.0,9.0,1732.040039,1732.040039,1732.040039,1732.040039,0.0,0.0
7.0,8.0,1732.040039,1732.040039,1732.040039,1732.040039,0.0,0.0
7.0,7.0,1732.040039,1732.040039,1732.040039,1732.040039,100.0,0.0
7.0,6.0,1893.0,1893.0,1893.0,1893.0,0.0,0.0
7.0,2.0,1893.0,1893.0,1893.0,1893.0,0.0,0.0
7.0,1.0,1893.0,1893.0,1893.0,1893.0,0.0,0.0
6.0,30.0,1893.0,1893.0,1893.0,1893.0,0.0,0.0
6.0,29.0,1893.0,1893.0,1893.0,1893.0,0.0,0.0
6.0,26.0,1893.0,1893.0,1893.0,1893.0,0.0,0.0
6.0,25.0,1893.0,1893.0,1893.0,1893.0,0.0,0.0
6.0,24.0,1893.0,1893.0,1893.0,1893.0,0.0,0.0
6.0,23.0,1893.0,1893.0,1893.0,1893.0,0.0,0.0
6.0,22.0,1893.0,1893.0,1893.0,1893.0,0.0,0.0
6.0,19.0,1893.0,1893.0,1893.0,1893.0,0.0,0.0
6.0,18.0,1893.0,1893.0,1893.0,1893.0,0.0,0.0
6.0,17.0,1893.0,1893.0,1893.0,1893.0,500.0,0.0
6.0,16.0,1925.0,1925.0,1925.0,1925.0,0.0,0.0
6.0,15.0,1925.0,1925.0,1925.0,1925.0,0.0,0.0
6.0,12.0,1925.0,1925.0,1925.0,1925.0,0.0,0.0
6.0,11.0,1925.0,1925.0,1925.0,1925.0,0.0,0.0
6.0,10.0,1925.0,1925.0,1925.0,1925.0,0.0,0.0
6.0,9.0,1925.0,1925.0,1925.0,1925.0,0.0,0.0
6.0,8.0,1925.0,1925.0,1925.0,1925.0,0.0,0.0
6.0,5.0,1925.0,1925.0,1925.0,1925.0,0.0,0.0
6.0,4.0,1925.0,1925.0,1925.0,1925.0,100.0,0.0
6.0,3.0,1974.0,1974.0,1974.0,1974.0,0.0,0.0
6.0,2.0,1974.0,1974.0,1974.0,1974.0,0.0,0.0
6.0,1.0,1974.0,1974.0,1974.0,1974.0,0.0,0.0
5.0,29.0,1974.0,1974.0,1974.0,1974.0,0.0,0.0
5.0,28.0,1974.0,1974.0,1974.0,1974.0,0.0,0.0
5.0,27.0,1974.0,1974.0,1974.0,1974.0,0.0,0.0
5.0,26.0,1974.0,1974.0,1974.0,1974.0,0.0,0.0
5.0,22.0,1974.0,1974.0,1974.0,1974.0,100.0,0.0
5.0,21.0,1960.0,1960.0,1960.0,1960.0,0.0,0.0
5.0,20.0,1960.0,1960.0,1960.0,1960.0,100.0,0.0
5.0,19.0,1964.0,1964.0,1964.0,1964.0,0.0,0.0
5.0,18.0,1964.0,1964.0,1964.0,1964.0,0.0,0.0
5.0,15.0,1964.0,1964.0,1964.0,1964.0,0.0,0.0
5.0,14.0,1964.0,1964.0,1964.0,1964.0,0.0,0.0
5.0,13.0,1964.0,1964.0,1964.0,1964.0,0.0,0.0
5.0,12.0,1964.0,1964.0,1964.0,1964.0,100.0,0.0
5.0,11.0,1955.0,1955.0,1955.0,1955.0,0.0,0.0
5.0,8.0,1955.0,1955.0,1955.0,1955.0,0.0,0.0
5.0,7.0,1955.0,1955.0,1955.0,1955.0,0.0,0.0
5.0,6.0,1955.0,1955.0,1955.0,1955.0,0.0,0.0
5.0,5.0,1955.0,1955.0,1955.0,1955.0,0.0,0.0
5.0,4.0,1955.0,1955.0,1955.0,1955.0,0.0,0.0
5.0,1.0,1955.0,1955.0,1955.0,1955.0,0.0,0.0
4.0,30.0,1955.0,1955.0,1955.0,1955.0,0.0,0.0
4.0,29.0,1955.0,1955.0,1955.0,1955.0,0.0,0.0
4.0,28.0,1955.0,1955.0,1955.0,1955.0,0.0,0.0
4.0,27.0,1955.0,1955.0,1955.0,1955.0,0.0,0.0
4.0,24.0,1955.0,1955.0,1955.0,1955.0,0.0,0.0
4.0,23.0,1955.0,1955.0,1955.0,1955.0,0.0,0.0
4.0,22.0,1945.0,1955.0,1945.0,1955.0,100.0,10.0
4.0,21.0,1965.0,1965.0,1965.0,1965.0,0.0,0.0
4.0,20.0,1965.0,1965.0,1965.0,1965.0,0.0,0.0
4.0,17.0,1965.0,1965.0,1965.0,1965.0,0.0,0.0
4.0,16.0,1965.0,1965.0,1965.0,1965.0,100.0,0.0
4.0,15.0,1980.0,1980.0,1980.0,1980.0,0.0,0.0
4.0,14.0,1980.0,1980.0,1980.0,1980.0,0.0,0.0
4.0,13.0,1980.0,1980.0,1980.0,1980.0,0.0,0.0
4.0,10.0,1980.0,1980.0,1980.0,1980.0,0.0,0.0
4.0,9.0,1980.0,1980.0,1980.0,1980.0,0.0,0.0
4.0,8.0,1980.0,1980.0,1980.0,1980.0,0.0,0.0
4.0,7.0,1980.0,1980.0,1980.0,1980.0,100.0,0.0
4.0,6.0,1992.0,1992.0,1992.0,1992.0,0.0,0.0
4.0,2.0,1992.0,1992.0,1992.0,1992.0,0.0,0.0
4.0,1.0,1992.0,1992.0,1992.0,1992.0,0.0,0.0
3.0,31.0,1992.0,1992.0,1992.0,1992.0,0.0,0.0
3.0,30.0,1992.0,1992.0,1992.0,1992.0,0.0,0.0
3.0,27.0,1992.0,1992.0,1992.0,1992.0,0.0,0.0
3.0,26.0,1992.0,1992.0,1992.0,1992.0,0.0,0.0
3.0,25.0,1992.0,1992.0,1992.0,1992.0,100.0,0.0
3.0,24.0,2051.0,2051.0,2051.0,2051.0,0.0,0.0
3.0,23.0,2051.0,2051.0,2051.0,2051.0,100.0,0.0
3.0,20.0,1885.0,1885.0,1885.0,1885.0,0.0,0.0
3.0,19.0,1885.0,1885.0,1885.0,1885.0,0.0,0.0
3.0,18.0,1885.0,1885.0,1885.0,1885.0,100.0,0.0
3.0,17.0,1900.0,1900.0,1900.0,1900.0,0.0,0.0
3.0,16.0,1900.0,1900.0,1900.0,1900.0,0.0,0.0
3.0,13.0,1900.0,1900.0,1900.0,1900.0,0.0,0.0
3.0,12.0,1900.0,1900.0,1900.0,1900.0,0.0,0.0
3.0,11.0,1900.0,1900.0,1900.0,1900.0,0.0,0.0
3.0,10.0,1900.0,1900.0,1900.0,1900.0,100.0,0.0
3.0,9.0,1925.0,1925.0,1925.0,1925.0,0.0,0.0
3.0,6.0,1925.0,1925.0,1925.0,1925.0,0.0,0.0
3.0,5.0,1925.0,1925.0,1925.0,1925.0,0.0,0.0
3.0,4.0,1925.0,1925.0,1925.0,1925.0,0.0,0.0
3.0,3.0,1925.0,1925.0,1925.0,1925.0,0.0,0.0
3.0,2.0,1925.0,1925.0,1925.0,1925.0,0.0,0.0
2.0,27.0,1925.0,1925.0,1925.0,1925.0,0.0,0.0
2.0,26.0,1925.0,1925.0,1925.0,1925.0,0.0,0.0
2.0,25.0,1925.0,1925.0,1925.0,1925.0,0.0,0.0
2.0,24.0,1925.0,1925.0,1925.0,1925.0,0.0,0.0
2.0,23.0,1925.0,1925.0,1925.0,1925.0,0.0,0.0
2.0,20.0,1925.0,1925.0,1925.0,1925.0,0.0,0.0
2.0,19.0,1925.0,1925.0,1925.0,1925.0,100.0,0.0
2.0,18.0,1990.0,1990.0,1990.0,1990.0,100.0,0.0
2.0,17.0,1974.780029,1974.780029,1974.780029,1974.780029,0.0,0.0
2.0,13.0,1974.780029,1974.780029,1974.780029,1974.780029,0.0,0.0
2.0,12.0,1974.780029,1974.780029,1974.780029,1974.780029,400.0,0.0
2.0,11.0,1985.0,1985.0,1985.0,1985.0,100.0,0.0
2.0,10.0,2000.0,2000.0,2000.0,2000.0,0.0,0.0
2.0,9.0,2000.0,2000.0,2000.0,2000.0,100.0,0.0
2.0,6.0,1800.0,1800.0,1800.0,1800.0,0.0,0.0
2.0,5.0,1800.0,1800.0,1800.0,1800.0,0.0,0.0
2.0,4.0,1800.0,1800.0,1800.0,1800.0,0.0,0.0
2.0,3.0,1800.0,1800.0,1800.0,1800.0,0.0,0.0
2.0,2.0,1800.0,1800.0,1800.0,1800.0,0.0,0.0
1.0,30.0,1800.0,1800.0,1800.0,1800.0,0.0,0.0
1.0,29.0,1800.0,1800.0,1800.0,1800.0,0.0,0.0
1.0,28.0,1895.0,1895.0,1800.0,1800.0,100.0,-95.0
1.0,27.0,1900.0,1900.0,1890.0,1890.0,700.0,-10.0
1.0,26.0,1930.0,1930.0,1930.0,1930.0,0.0,0.0
1.0,23.0,1930.0,1930.0,1930.0,1930.0,0.0,0.0
1.0,22.0,1930.0,1930.0,1930.0,1930.0,0.0,0.0
1.0,21.0,1930.0,1930.0,1930.0,1930.0,100.0,0.0
1.0,20.0,1920.0,1920.0,1920.0,1920.0,0.0,0.0
1.0,16.0,1920.0,1920.0,1920.0,1920.0,0.0,0.0
1.0,15.0,1920.0,1920.0,1920.0,1920.0,0.0,0.0
1.0,14.0,1920.0,1920.0,1920.0,1920.0,100.0,0.0
1.0,13.0,2025.0,2025.0,2025.0,2025.0,0.0,0.0
1.0,12.0,2025.0,2025.0,2025.0,2025.0,0.0,0.0
1.0,9.0,2025.0,2025.0,2025.0,2025.0,100.0,0.0
1.0,8.0,2005.0,2005.0,2005.0,2005.0,0.0,0.0
1.0,7.0,2005.0,2005.0,2005.0,2005.0,0.0,0.0
1.0,6.0,2005.0,2005.0,2005.0,2005.0,100.0,0.0
1.0,5.0,2050.0,2050.0,2050.0,2050.0,0.0,0.0
1.0,2.0,2050.0,2050.0,2050.0,2050.0,0.0,0.0
12.0,31.0,2050.0,2050.0,2050.0,2050.0,0.0,0.0
12.0,30.0,2050.0,2050.0,2050.0,2050.0,0.0,0.0
12.0,29.0,2050.0,2050.0,2050.0,2050.0,0.0,0.0
12.0,26.0,2050.0,2050.0,2050.0,2050.0,0.0,0.0
12.0,24.0,2050.0,2050.0,2050.0,2050.0,0.0,0.0
12.0,23.0,2050.0,2050.0,2050.0,2050.0,0.0,0.0
12.0,22.0,2050.0,2050.0,2050.0,2050.0,100.0,0.0
12.0,19.0,2065.0,2115.0,2065.0,2115.0,100.0,50.0
12.0,18.0,2100.0,2100.0,2100.0,2100.0,0.0,0.0
12.0,17.0,2100.0,2100.0,2100.0,2100.0,0.0,0.0
12.0,16.0,2100.0,2100.0,2100.0,2100.0,100.0,0.0
12.0,15.0,1976.0,1976.0,1976.0,1976.0,0.0,0.0
12.0,12.0,1976.0,1976.0,1976.0,1976.0,100.0,0.0
12.0,11.0,2035.0,2035.0,2035.0,2035.0,100.0,0.0
12.0,10.0,2100.0,2100.0,2100.0,2100.0,0.0,0.0
12.0,9.0,2100.0,2100.0,2100.0,2100.0,0.0,0.0
12.0,8.0,2100.0,2100.0,2100.0,2100.0,0.0,0.0
12.0,5.0,2100.0,2100.0,2100.0,2100.0,0.0,0.0
12.0,4.0,2200.0,2200.0,2100.0,2100.0,100.0,-100.0
12.0,3.0,2195.0,2195.0,2195.0,2195.0,0.0,0.0
12.0,2.0,2195.0,2195.0,2195.0,2195.0,0.0,0.0
12.0,1.0,2195.0,2195.0,2195.0,2195.0,0.0,0.0
11.0,28.0,2195.0,2195.0,2195.0,2195.0,0.0,0.0
11.0,26.0,2195.0,2195.0,2195.0,2195.0,100.0,0.0
11.0,25.0,2100.0,2100.0,2100.0,2100.0,0.0,0.0
11.0,24.0,2100.0,2100.0,2100.0,2100.0,0.0,0.0
11.0,21.0,2100.0,2100.0,2100.0,2100.0,0.0,0.0
11.0,20.0,2200.0,2200.0,2200.0,2200.0,0.0,0.0
11.0,19.0,2200.0,2200.0,2200.0,2200.0,0.0,0.0
11.0,18.0,2200.0,2200.0,2200.0,2200.0,0.0,0.0
11.0,17.0,2200.0,2200.0,2200.0,2200.0,0.0,0.0
11.0,14.0,2200.0,2200.0,2200.0,2200.0,0.0,0.0
11.0,13.0,2200.0,2200.0,2200.0,2200.0,0.0,0.0
11.0,12.0,2200.0,2200.0,2200.0,2200.0,0.0,0.0
11.0,11.0,2200.0,2200.0,2200.0,2200.0,0.0,0.0
11.0,10.0,2168.0,2168.0,2168.0,2168.0,0.0,0.0
11.0,7.0,2168.0,2168.0,2168.0,2168.0,0.0,0.0
11.0,6.0,2168.0,2168.0,2168.0,2168.0,0.0,0.0
11.0,5.0,2168.0,2168.0,2168.0,2168.0,0.0,0.0
11.0,4.0,2168.0,2168.0,2168.0,2168.0,0.0,0.0
11.0,3.0,2168.0,2168.0,2168.0,2168.0,0.0,0.0
10.0,31.0,2168.0,2168.0,2168.0,2168.0,0.0,0.0
10.0,30.0,2168.0,2168.0,2168.0,2168.0,0.0,0.0
10.0,29.0,2117.0,2117.0,2117.0,2117.0,0.0,0.0
10.0,28.0,2117.0,2117.0,2117.0,2117.0,0.0,0.0
10.0,27.0,2117.0,2117.0,2117.0,2117.0,100.0,0.0
10.0,24.0,1988.949951,1988.949951,1988.949951,1988.949951,0.0,0.0
10.0,23.0,1988.949951,1988.949951,1988.949951,1988.949951,0.0,0.0
10.0,22.0,1988.949951,1988.949951,1988.949951,1988.949951,0.0,0.0
10.0,21.0,1988.949951,1988.949951,1988.949951,1988.949951,0.0,0.0
10.0,20.0,1988.949951,1988.949951,1988.949951,1988.949951,200.0,0.0
10.0,17.0,2124.97998,2124.97998,2124.97998,2124.97998,0.0,0.0
10.0,16.0,2124.97998,2124.97998,2124.97998,2124.97998,0.0,0.0
10.0,15.0,2124.97998,2124.97998,2124.97998,2124.97998,0.0,0.0
10.0,14.0,2124.97998,2124.97998,2124.97998,2124.97998,0.0,0.0
10.0,13.0,2124.97998,2124.97998,2124.97998,2124.97998,0.0,0.0
10.0,10.0,2124.97998,2124.97998,2124.97998,2124.97998,0.0,0.0
10.0,9.0,2124.97998,2124.97998,2124.97998,2124.97998,0.0,0.0
10.0,8.0,2124.97998,2124.97998,2124.97998,2124.97998,0.0,0.0
10.0,7.0,2124.97998,2124.97998,2124.97998,2124.97998,0.0,0.0
10.0,6.0,2124.97998,2124.97998,2124.97998,2124.97998,0.0,0.0
10.0,3.0,2124.97998,2124.97998,2124.97998,2124.97998,0.0,0.0
10.0,2.0,2124.97998,2124.97998,2124.97998,2124.97998,0.0,0.0
10.0,1.0,2124.97998,2124.97998,2124.97998,2124.97998,0.0,0.0
9.0,30.0,2124.97998,2124.97998,2124.97998,2124.97998,0.0,0.0
9.0,29.0,2124.97998,2124.97998,2124.97998,2124.97998,0.0,0.0
9.0,26.0,2124.97998,2124.97998,2124.97998,2124.97998,0.0,0.0
9.0,25.0,2124.97998,2124.97998,2124.97998,2124.97998,0.0,0.0
9.0,24.0,2124.97998,2124.97998,2124.97998,2124.97998,0.0,0.0
9.0,23.0,2124.97998,2124.97998,2124.97998,2124.97998,0.0,0.0
9.0,22.0,2124.97998,2124.97998,2124.97998,2124.97998,0.0,0.0
9.0,19.0,2150.0,2150.0,2150.0,2150.0,0.0,0.0
9.0,18.0,2150.0,2150.0,2150.0,2150.0,0.0,0.0
9.0,17.0,2150.0,2150.0,2150.0,2150.0,0.0,0.0
9.0,16.0,2150.0,2150.0,2150.0,2150.0,0.0,0.0
9.0,15.0,2150.0,2150.0,2150.0,2150.0,0.0,0.0
9.0,12.0,2150.0,2150.0,2150.0,2150.0,0.0,0.0
9.0,11.0,2150.0,2150.0,2150.0,2150.0,0.0,0.0
9.0,10.0,2220.0,2220.0,2220.0,2220.0,0.0,0.0
9.0,9.0,2220.0,2220.0,2220.0,2220.0,0.0,0.0
9.0,8.0,2220.0,2220.0,2220.0,2220.0,0.0,0.0
9.0,5.0,2220.0,2220.0,2220.0,2220.0,0.0,0.0
9.0,4.0,2220.0,2220.0,2220.0,2220.0,0.0,0.0
9.0,3.0,2220.0,2220.0,2220.0,2220.0,0.0,0.0
9.0,2.0,2236.0,2236.0,2236.0,2236.0,0.0,0.0
8.0,29.0,2236.0,2236.0,2236.0,2236.0,0.0,0.0
8.0,28.0,2236.0,2236.0,2236.0,2236.0,0.0,0.0
8.0,27.0,2236.0,2236.0,2236.0,2236.0,0.0,0.0
8.0,26.0,2236.0,2236.0,2236.0,2236.0,0.0,0.0
8.0,25.0,2231.0,2231.0,2231.0,2231.0,0.0,0.0
8.0,22.0,2231.0,2231.0,2231.0,2231.0,0.0,0.0
8.0,21.0,2231.0,2231.0,2231.0,2231.0,0.0,0.0
8.0,20.0,2231.0,2231.0,2231.0,2231.0,0.0,0.0
8.0,19.0,2231.0,2231.0,2231.0,2231.0,0.0,0.0
8.0,18.0,2231.0,2231.0,2231.0,2231.0,0.0,0.0
8.0,15.0,2231.0,2231.0,2231.0,2231.0,0.0,0.0
8.0,14.0,2231.0,2231.0,2231.0,2231.0,0.0,0.0
8.0,13.0,2231.0,2231.0,2231.0,2231.0,0.0,0.0
8.0,12.0,2231.0,2231.0,2231.0,2231.0,0.0,0.0
8.0,11.0,2104.0,2104.0,2104.0,2104.0,0.0,0.0
8.0,8.0,2104.0,2104.0,2104.0,2104.0,0.0,0.0
8.0,7.0,2350.0,2350.0,2350.0,2350.0,0.0,0.0
8.0,6.0,2350.0,2350.0,2350.0,2350.0,0.0,0.0
8.0,5.0,2350.0,2350.0,2350.0,2350.0,0.0,0.0
8.0,4.0,2350.0,2350.0,2350.0,2350.0,0.0,0.0
8.0,1.0,2350.0,2350.0,2350.0,2350.0,0.0,0.0
7.0,31.0,2350.0,2350.0,2350.0,2350.0,0.0,0.0
7.0,30.0,2350.0,2350.0,2350.0,2350.0,0.0,0.0
7.0,29.0,2350.0,2350.0,2350.0,2350.0,0.0,0.0
7.0,28.0,2350.0,2350.0,2350.0,2350.0,0.0,0.0
7.0,25.0,2350.0,2350.0,2350.0,2350.0,0.0,0.0
7.0,24.0,2350.0,2350.0,2350.0,2350.0,0.0,0.0
7.0,23.0,2350.0,2350.0,2350.0,2350.0,0.0,0.0
7.0,22.0,2350.0,2350.0,2350.0,2350.0,0.0,0.0
7.0,21.0,2350.0,2350.0,2350.0,2350.0,0.0,0.0
7.0,18.0,2350.0,2350.0,2350.0,2350.0,0.0,0.0
7.0,17.0,2350.0,2350.0,2350.0,2350.0,0.0,0.0
7.0,16.0,2350.0,2350.0,2350.0,2350.0,0.0,0.0
7.0,15.0,2395.129883,2395.129883,2275.0,2275.0,0.0,-120.12988300000006
7.0,14.0,2350.0,2350.0,2350.0,2350.0,0.0,0.0
7.0,11.0,2350.0,2350.0,2350.0,2350.0,0.0,0.0
7.0,10.0,2350.0,2350.0,2350.0,2350.0,0.0,0.0
7.0,9.0,2350.0,2350.0,2350.0,2350.0,0.0,0.0
7.0,8.0,2350.0,2350.0,2350.0,2350.0,0.0,0.0
7.0,7.0,2389.0,2389.0,2389.0,2389.0,0.0,0.0
7.0,3.0,2389.0,2389.0,2389.0,2389.0,0.0,0.0
7.0,2.0,2389.0,2389.0,2389.0,2389.0,0.0,0.0
7.0,1.0,2460.0,2460.0,2460.0,2460.0,0.0,0.0
6.0,30.0,2460.0,2460.0,2460.0,2460.0,0.0,0.0
6.0,27.0,2460.0,2460.0,2460.0,2460.0,0.0,0.0
6.0,26.0,2460.0,2460.0,2460.0,2460.0,0.0,0.0
6.0,25.0,2460.0,2460.0,2460.0,2460.0,0.0,0.0
6.0,24.0,2460.0,2460.0,2460.0,2460.0,0.0,0.0
6.0,23.0,2460.0,2460.0,2460.0,2460.0,0.0,0.0
6.0,20.0,2460.0,2460.0,2460.0,2460.0,0.0,0.0
6.0,19.0,2460.0,2460.0,2460.0,2460.0,0.0,0.0
6.0,18.0,2460.0,2460.0,2460.0,2460.0,0.0,0.0
6.0,17.0,2550.0,2550.0,2550.0,2550.0,0.0,0.0
6.0,16.0,2550.0,2550.0,2550.0,2550.0,0.0,0.0
6.0,13.0,2550.0,2550.0,2550.0,2550.0,0.0,0.0
6.0,12.0,2550.0,2550.0,2550.0,2550.0,0.0,0.0
6.0,11.0,2550.0,2550.0,2550.0,2550.0,0.0,0.0
6.0,10.0,2550.0,2550.0,2550.0,2550.0,0.0,0.0
6.0,9.0,2550.0,2550.0,2550.0,2550.0,0.0,0.0
6.0,6.0,2550.0,2550.0,2550.0,2550.0,0.0,0.0
6.0,5.0,2550.0,2550.0,2550.0,2550.0,0.0,0.0
6.0,4.0,2550.0,2550.0,2550.0,2550.0,0.0,0.0
6.0,3.0,2550.0,2550.0,2550.0,2550.0,0.0,0.0
6.0,2.0,2550.0,2550.0,2550.0,2550.0,0.0,0.0
5.0,30.0,2455.0,2455.0,2455.0,2455.0,0.0,0.0
5.0,29.0,2455.0,2455.0,2455.0,2455.0,0.0,0.0
5.0,28.0,2455.0,2455.0,2455.0,2455.0,0.0,0.0
5.0,27.0,2540.0,2540.0,2540.0,2540.0,100.0,0.0
5.0,23.0,2483.070068,2483.070068,2483.070068,2483.070068,100.0,0.0
5.0,22.0,2489.52002,2489.52002,2489.52002,2489.52002,0.0,0.0
5.0,21.0,2489.52002,2489.52002,2489.52002,2489.52002,0.0,0.0
5.0,20.0,2489.52002,2489.52002,2489.52002,2489.52002,0.0,0.0
5.0,19.0,2480.0,2489.52002,2480.0,2489.52002,200.0,9.520019999999931
5.0,16.0,2550.0,2550.0,2550.0,2550.0,0.0,0.0
5.0,15.0,2650.0,2650.0,2650.0,2650.0,0.0,0.0
5.0,14.0,2525.0,2650.0,2525.0,2650.0,0.0,125.0
5.0,13.0,2489.0,2489.0,2489.0,2489.0,0.0,0.0
5.0,12.0,2489.0,2489.0,2489.0,2489.0,0.0,0.0
5.0,9.0,2489.0,2489.0,2489.0,2489.0,0.0,0.0
5.0,8.0,2489.0,2489.0,2489.0,2489.0,0.0,0.0
5.0,7.0,2489.0,2489.0,2489.0,2489.0,0.0,0.0
5.0,6.0,2489.0,2489.0,2489.0,2489.0,0.0,0.0
5.0,5.0,2489.0,2489.0,2489.0,2489.0,0.0,0.0
5.0,2.0,2455.0,2455.0,2455.0,2455.0,0.0,0.0
5.0,1.0,2455.0,2455.0,2455.0,2455.0,0.0,0.0
4.0,30.0,2455.0,2455.0,2455.0,2455.0,0.0,0.0
4.0,29.0,2455.0,2455.0,2455.0,2455.0,0.0,0.0
4.0,28.0,2455.0,2455.0,2455.0,2455.0,0.0,0.0
4.0,25.0,2455.0,2455.0,2455.0,2455.0,0.0,0.0
4.0,24.0,2455.0,2455.0,2455.0,2455.0,0.0,0.0
4.0,23.0,2455.0,2455.0,2455.0,2455.0,0.0,0.0
4.0,22.0,2436.98999,2455.0,2436.98999,2455.0,0.0,18.010009999999966
4.0,21.0,2472.51001,2472.51001,2472.51001,2472.51001,0.0,0.0
4.0,17.0,2472.51001,2472.51001,2472.51001,2472.51001,0.0,0.0
4.0,16.0,2472.51001,2472.51001,2472.51001,2472.51001,0.0,0.0
4.0,15.0,2472.51001,2472.51001,2472.51001,2472.51001,0.0,0.0
4.0,14.0,2472.51001,2472.51001,2472.51001,2472.51001,0.0,0.0
4.0,11.0,2472.51001,2472.51001,2472.51001,2472.51001,0.0,0.0
4.0,10.0,2472.51001,2472.51001,2472.51001,2472.51001,0.0,0.0
4.0,9.0,2450.0,2450.0,2450.0,2450.0,100.0,0.0
4.0,8.0,2350.0,2350.0,2350.0,2350.0,0.0,0.0
4.0,7.0,2350.0,2350.0,2350.0,2350.0,0.0,0.0
4.0,4.0,2400.0,2400.0,2400.0,2400.0,0.0,0.0
4.0,3.0,2400.0,2400.0,2400.0,2400.0,0.0,0.0
4.0,2.0,2400.0,2400.0,2400.0,2400.0,0.0,0.0
4.0,1.0,2400.0,2400.0,2400.0,2400.0,0.0,0.0
3.0,31.0,2400.0,2400.0,2400.0,2400.0,0.0,0.0
3.0,28.0,2475.0,2475.0,2475.0,2475.0,0.0,0.0
3.0,27.0,2500.0,2500.0,2500.0,2500.0,0.0,0.0
3.0,26.0,2500.0,2500.0,2500.0,2500.0,0.0,0.0
3.0,25.0,2500.0,2500.0,2500.0,2500.0,0.0,0.0
3.0,24.0,2500.0,2500.0,2500.0,2500.0,0.0,0.0
3.0,21.0,2500.0,2500.0,2500.0,2500.0,0.0,0.0
3.0,20.0,2500.0,2500.0,2500.0,2500.0,0.0,0.0
3.0,19.0,2500.0,2500.0,2500.0,2500.0,0.0,0.0
3.0,18.0,2500.0,2500.0,2500.0,2500.0,0.0,0.0
3.0,17.0,2500.0,2500.0,2500.0,2500.0,0.0,0.0
3.0,14.0,2500.0,2500.0,2500.0,2500.0,0.0,0.0
3.0,13.0,2500.0,2500.0,2500.0,2500.0,0.0,0.0
3.0,12.0,2500.0,2500.0,2500.0,2500.0,0.0,0.0
3.0,11.0,2500.0,2500.0,2500.0,2500.0,0.0,0.0
3.0,10.0,2500.0,2500.0,2500.0,2500.0,0.0,0.0
3.0,7.0,2545.0,2545.0,2500.0,2500.0,0.0,-45.0
3.0,6.0,2600.0,2600.0,2600.0,2600.0,0.0,0.0
3.0,5.0,2485.0,2485.0,2485.0,2485.0,0.0,0.0
3.0,4.0,2485.0,2485.0,2485.0,2485.0,0.0,0.0
3.0,3.0,2485.0,2485.0,2485.0,2485.0,0.0,0.0
2.0,28.0,2485.0,2485.0,2485.0,2485.0,0.0,0.0
2.0,27.0,2485.0,2485.0,2485.0,2485.0,0.0,0.0
2.0,26.0,2485.0,2485.0,2485.0,2485.0,0.0,0.0
2.0,25.0,2485.0,2485.0,2485.0,2485.0,0.0,0.0
2.0,24.0,2485.0,2485.0,2485.0,2485.0,0.0,0.0
2.0,21.0,2485.0,2485.0,2485.0,2485.0,0.0,0.0
2.0,20.0,2485.0,2485.0,2485.0,2485.0,0.0,0.0
2.0,19.0,2485.0,2485.0,2485.0,2485.0,0.0,0.0
2.0,18.0,2485.0,2485.0,2485.0,2485.0,0.0,0.0
2.0,14.0,2385.110107,2385.110107,2385.110107,2385.110107,0.0,0.0
2.0,13.0,2385.110107,2385.110107,2385.110107,2385.110107,0.0,0.0
2.0,12.0,2385.110107,2385.110107,2385.110107,2385.110107,0.0,0.0
2.0,11.0,2385.110107,2385.110107,2385.110107,2385.110107,0.0,0.0
2.0,10.0,2385.110107,2385.110107,2385.110107,2385.110107,0.0,0.0
2.0,7.0,2344.159912,2385.110107,2344.159912,2385.110107,400.0,40.950194999999894
2.0,6.0,2284.790039,2284.790039,2284.790039,2284.790039,0.0,0.0
2.0,5.0,2284.790039,2284.790039,2284.790039,2284.790039,0.0,0.0
2.0,4.0,2284.790039,2284.790039,2284.790039,2284.790039,0.0,0.0
2.0,3.0,2284.790039,2284.790039,2284.790039,2284.790039,0.0,0.0
1.0,31.0,2240.0,2240.0,2240.0,2240.0,0.0,0.0
1.0,30.0,2240.0,2240.0,2240.0,2240.0,0.0,0.0
1.0,29.0,2240.0,2240.0,2240.0,2240.0,0.0,0.0
1.0,28.0,2240.0,2240.0,2240.0,2240.0,0.0,0.0
1.0,27.0,2240.0,2240.0,2240.0,2240.0,0.0,0.0
1.0,24.0,2240.0,2240.0,2240.0,2240.0,0.0,0.0
1.0,23.0,2240.0,2240.0,2240.0,2240.0,0.0,0.0
1.0,22.0,2240.0,2240.0,2240.0,2240.0,0.0,0.0
1.0,21.0,2240.0,2240.0,2240.0,2240.0,0.0,0.0
1.0,17.0,2240.0,2240.0,2240.0,2240.0,0.0,0.0
1.0,16.0,2240.0,2240.0,2240.0,2240.0,0.0,0.0
1.0,15.0,2240.0,2240.0,2240.0,2240.0,0.0,0.0
1.0,14.0,2240.0,2240.0,2240.0,2240.0,0.0,0.0
1.0,13.0,2240.0,2240.0,2240.0,2240.0,0.0,0.0
1.0,10.0,2240.0,2240.0,2240.0,2240.0,0.0,0.0
1.0,9.0,2240.0,2240.0,2240.0,2240.0,0.0,0.0
1.0,8.0,2240.0,2240.0,2240.0,2240.0,0.0,0.0
1.0,7.0,2240.0,2240.0,2240.0,2240.0,0.0,0.0
1.0,6.0,2231.840088,2231.840088,2231.840088,2231.840088,0.0,0.0
1.0,3.0,2231.840088,2231.840088,2231.840088,2231.840088,0.0,0.0
1.0,2.0,2231.840088,2231.840088,2231.840088,2231.840088,0.0,0.0
12.0,31.0,2231.840088,2231.840088,2231.840088,2231.840088,0.0,0.0
12.0,30.0,2231.840088,2231.840088,2231.840088,2231.840088,0.0,0.0
12.0,27.0,2231.840088,2231.840088,2231.840088,2231.840088,0.0,0.0
12.0,26.0,2231.840088,2231.840088,2231.840088,2231.840088,0.0,0.0
12.0,24.0,2231.840088,2231.840088,2231.840088,2231.840088,0.0,0.0
12.0,23.0,2231.840088,2231.840088,2231.840088,2231.840088,0.0,0.0
12.0,20.0,2231.840088,2231.840088,2231.840088,2231.840088,0.0,0.0
12.0,19.0,2231.840088,2231.840088,2231.840088,2231.840088,400.0,0.0
12.0,18.0,2232.01001,2232.01001,2232.01001,2232.01001,0.0,0.0
12.0,17.0,2229.0,2229.0,2229.0,2229.0,0.0,0.0
12.0,16.0,2229.0,2229.0,2229.0,2229.0,0.0,0.0
12.0,13.0,2245.0,2245.0,2245.0,2245.0,0.0,0.0
12.0,12.0,2245.0,2245.0,2245.0,2245.0,0.0,0.0
12.0,11.0,2245.0,2245.0,2245.0,2245.0,0.0,0.0
12.0,10.0,2245.0,2245.0,2245.0,2245.0,0.0,0.0
12.0,9.0,2245.0,2245.0,2245.0,2245.0,0.0,0.0
12.0,6.0,2245.0,2245.0,2245.0,2245.0,0.0,0.0
12.0,5.0,2075.0,2075.0,2075.0,2075.0,0.0,0.0
12.0,4.0,2075.0,2075.0,2075.0,2075.0,0.0,0.0
12.0,3.0,2075.0,2075.0,2075.0,2075.0,0.0,0.0
12.0,2.0,2075.0,2075.0,2075.0,2075.0,0.0,0.0
11.0,29.0,2075.0,2075.0,2075.0,2075.0,0.0,0.0
11.0,27.0,2075.0,2075.0,2075.0,2075.0,0.0,0.0
11.0,26.0,2075.0,2075.0,2075.0,2075.0,0.0,0.0
11.0,25.0,2075.0,2075.0,2075.0,2075.0,0.0,0.0
11.0,22.0,2075.0,2075.0,2075.0,2075.0,0.0,0.0
11.0,21.0,2160.0,2160.0,2160.0,2160.0,0.0,0.0
11.0,20.0,2200.0,2200.0,2200.0,2200.0,0.0,0.0
11.0,19.0,2200.0,2200.0,2200.0,2200.0,0.0,0.0
11.0,18.0,2200.0,2200.0,2200.0,2200.0,0.0,0.0
11.0,15.0,2200.0,2200.0,2200.0,2200.0,0.0,0.0
11.0,14.0,2385.0,2385.0,2385.0,2385.0,0.0,0.0
11.0,13.0,2385.0,2385.0,2385.0,2385.0,0.0,0.0
11.0,12.0,2385.0,2385.0,2385.0,2385.0,0.0,0.0
11.0,11.0,2385.0,2385.0,2385.0,2385.0,0.0,0.0
11.0,8.0,2385.0,2385.0,2385.0,2385.0,0.0,0.0
11.0,7.0,2385.0,2385.0,2385.0,2385.0,0.0,0.0
11.0,6.0,2385.0,2385.0,2385.0,2385.0,0.0,0.0
11.0,5.0,2385.0,2385.0,2385.0,2385.0,0.0,0.0
11.0,4.0,2385.0,2385.0,2385.0,2385.0,0.0,0.0
11.0,1.0,2385.0,2385.0,2385.0,2385.0,0.0,0.0
10.0,31.0,2385.0,2385.0,2385.0,2385.0,0.0,0.0
10.0,30.0,2385.0,2385.0,2385.0,2385.0,0.0,0.0
10.0,29.0,2385.0,2385.0,2385.0,2385.0,0.0,0.0
10.0,28.0,2385.0,2385.0,2385.0,2385.0,0.0,0.0
10.0,25.0,2385.0,2385.0,2385.0,2385.0,0.0,0.0
10.0,24.0,2385.0,2385.0,2385.0,2385.0,0.0,0.0
10.0,23.0,2385.0,2385.0,2385.0,2385.0,0.0,0.0
10.0,22.0,2328.0,2328.0,2328.0,2328.0,0.0,0.0
10.0,21.0,2328.0,2328.0,2328.0,2328.0,0.0,0.0
10.0,18.0,2328.0,2328.0,2328.0,2328.0,0.0,0.0
10.0,17.0,2328.0,2328.0,2328.0,2328.0,0.0,0.0
10.0,16.0,2328.0,2328.0,2328.0,2328.0,0.0,0.0
10.0,15.0,2328.0,2328.0,2328.0,2328.0,0.0,0.0
10.0,14.0,2328.0,2328.0,2328.0,2328.0,0.0,0.0
10.0,11.0,2328.0,2328.0,2328.0,2328.0,0.0,0.0
10.0,10.0,2328.0,2328.0,2328.0,2328.0,0.0,0.0
10.0,9.0,2328.0,2328.0,2328.0,2328.0,0.0,0.0
10.0,8.0,2328.0,2328.0,2328.0,2328.0,0.0,0.0
10.0,7.0,2328.0,2328.0,2328.0,2328.0,0.0,0.0
10.0,4.0,2328.0,2328.0,2328.0,2328.0,0.0,0.0
10.0,3.0,2328.0,2328.0,2328.0,2328.0,0.0,0.0
10.0,2.0,2328.0,2328.0,2328.0,2328.0,0.0,0.0
10.0,1.0,2328.0,2328.0,2328.0,2328.0,0.0,0.0
9.0,30.0,2328.0,2328.0,2328.0,2328.0,0.0,0.0
9.0,27.0,2328.0,2328.0,2328.0,2328.0,0.0,0.0
9.0,26.0,2328.0,2328.0,2328.0,2328.0,0.0,0.0
9.0,25.0,2328.0,2328.0,2328.0,2328.0,0.0,0.0
9.0,24.0,2328.0,2328.0,2328.0,2328.0,0.0,0.0
9.0,23.0,2328.0,2328.0,2328.0,2328.0,0.0,0.0
9.0,20.0,2328.0,2328.0,2328.0,2328.0,0.0,0.0
9.0,19.0,2328.0,2328.0,2328.0,2328.0,0.0,0.0
9.0,18.0,2328.0,2328.0,2328.0,2328.0,0.0,0.0
9.0,17.0,2328.0,2328.0,2328.0,2328.0,100.0,0.0
9.0,16.0,2275.0,2275.0,2275.0,2275.0,0.0,0.0
9.0,13.0,2275.0,2275.0,2275.0,2275.0,0.0,0.0
9.0,12.0,2275.0,2275.0,2275.0,2275.0,100.0,0.0
9.0,11.0,2371.52002,2371.52002,2371.52002,2371.52002,0.0,0.0
9.0,10.0,2355.0,2355.0,2355.0,2355.0,0.0,0.0
9.0,9.0,2355.0,2355.0,2355.0,2355.0,0.0,0.0
9.0,6.0,2355.0,2355.0,2355.0,2355.0,0.0,0.0
9.0,5.0,2355.0,2355.0,2355.0,2355.0,0.0,0.0
9.0,4.0,2355.0,2355.0,2355.0,2355.0,0.0,0.0
9.0,3.0,2355.0,2355.0,2355.0,2355.0,0.0,0.0
8.0,30.0,2355.0,2355.0,2355.0,2355.0,0.0,0.0
8.0,29.0,2355.0,2355.0,2355.0,2355.0,0.0,0.0
8.0,28.0,2355.0,2355.0,2355.0,2355.0,0.0,0.0
8.0,27.0,2355.0,2355.0,2355.0,2355.0,0.0,0.0
8.0,26.0,2355.0,2355.0,2355.0,2355.0,100.0,0.0
8.0,23.0,2360.0,2360.0,2360.0,2360.0,0.0,0.0
8.0,22.0,2360.0,2360.0,2360.0,2360.0,0.0,0.0
8.0,21.0,2360.0,2360.0,2360.0,2360.0,0.0,0.0
8.0,20.0,2360.0,2360.0,2360.0,2360.0,0.0,0.0
8.0,19.0,2360.0,2360.0,2360.0,2360.0,0.0,0.0
8.0,16.0,2360.0,2360.0,2360.0,2360.0,0.0,0.0
8.0,15.0,2360.0,2360.0,2360.0,2360.0,0.0,0.0
8.0,14.0,2360.0,2360.0,2360.0,2360.0,0.0,0.0
8.0,13.0,2251.0,2251.0,2251.0,2251.0,0.0,0.0
8.0,12.0,2251.0,2251.0,2251.0,2251.0,0.0,0.0
8.0,9.0,2251.0,2251.0,2251.0,2251.0,0.0,0.0
8.0,8.0,2251.0,2251.0,2251.0,2251.0,0.0,0.0
8.0,7.0,2251.0,2251.0,2251.0,2251.0,0.0,0.0
8.0,6.0,2251.0,2251.0,2251.0,2251.0,0.0,0.0
8.0,5.0,2251.0,2251.0,2251.0,2251.0,0.0,0.0
8.0,2.0,2100.0,2100.0,2100.0,2100.0,0.0,0.0
8.0,1.0,2100.0,2100.0,2100.0,2100.0,0.0,0.0
7.0,31.0,2100.0,2100.0,2100.0,2100.0,0.0,0.0
7.0,30.0,2100.0,2100.0,2100.0,2100.0,0.0,0.0
7.0,29.0,2100.0,2100.0,2100.0,2100.0,100.0,0.0
7.0,26.0,2270.0,2270.0,2270.0,2270.0,0.0,0.0
7.0,25.0,2270.0,2270.0,2270.0,2270.0,0.0,0.0
7.0,24.0,2270.0,2270.0,2270.0,2270.0,0.0,0.0
7.0,23.0,2270.0,2270.0,2270.0,2270.0,0.0,0.0
7.0,22.0,2270.0,2270.0,2270.0,2270.0,0.0,0.0
7.0,19.0,2270.0,2270.0,2270.0,2270.0,0.0,0.0
7.0,18.0,2270.0,2270.0,2270.0,2270.0,0.0,0.0
7.0,17.0,2270.0,2270.0,2270.0,2270.0,0.0,0.0
7.0,16.0,2270.0,2270.0,2270.0,2270.0,0.0,0.0
7.0,15.0,2270.0,2270.0,2270.0,2270.0,0.0,0.0
7.0,12.0,2270.0,2270.0,2270.0,2270.0,0.0,0.0
7.0,11.0,2270.0,2270.0,2270.0,2270.0,0.0,0.0
7.0,10.0,2270.0,2270.0,2270.0,2270.0,0.0,0.0
7.0,9.0,2270.0,2270.0,2270.0,2270.0,0.0,0.0
7.0,8.0,2270.0,2270.0,2270.0,2270.0,0.0,0.0
7.0,5.0,2270.0,2270.0,2270.0,2270.0,0.0,0.0
7.0,3.0,2270.0,2270.0,2270.0,2270.0,0.0,0.0
7.0,2.0,2270.0,2270.0,2270.0,2270.0,0.0,0.0
7.0,1.0,2270.0,2270.0,2270.0,2270.0,0.0,0.0
6.0,28.0,2270.0,2270.0,2270.0,2270.0,0.0,0.0
6.0,27.0,2270.0,2270.0,2270.0,2270.0,0.0,0.0
6.0,26.0,2270.0,2270.0,2270.0,2270.0,0.0,0.0
6.0,25.0,2270.0,2270.0,2270.0,2270.0,0.0,0.0
6.0,24.0,2270.0,2270.0,2270.0,2270.0,0.0,0.0
6.0,21.0,2270.0,2270.0,2270.0,2270.0,0.0,0.0
6.0,20.0,2270.0,2270.0,2270.0,2270.0,0.0,0.0
6.0,19.0,2270.0,2270.0,2270.0,2270.0,0.0,0.0
6.0,18.0,2270.0,2270.0,2270.0,2270.0,0.0,0.0
6.0,17.0,2270.0,2270.0,2270.0,2270.0,0.0,0.0
6.0,14.0,2270.0,2270.0,2270.0,2270.0,0.0,0.0
6.0,13.0,2270.0,2270.0,2270.0,2270.0,100.0,0.0
6.0,12.0,2279.340088,2279.340088,2279.340088,2279.340088,0.0,0.0
6.0,11.0,2279.340088,2279.340088,2279.340088,2279.340088,0.0,0.0
6.0,10.0,2279.340088,2279.340088,2279.340088,2279.340088,0.0,0.0
6.0,7.0,2279.340088,2279.340088,2279.340088,2279.340088,0.0,0.0
6.0,6.0,2279.340088,2279.340088,2279.340088,2279.340088,0.0,0.0
6.0,5.0,2279.340088,2279.340088,2279.340088,2279.340088,0.0,0.0
6.0,4.0,2279.340088,2279.340088,2279.340088,2279.340088,0.0,0.0
6.0,3.0,2279.340088,2279.340088,2279.340088,2279.340088,0.0,0.0
5.0,31.0,2279.340088,2279.340088,2279.340088,2279.340088,0.0,0.0
5.0,30.0,2279.340088,2279.340088,2279.340088,2279.340088,0.0,0.0
5.0,29.0,2279.340088,2279.340088,2279.340088,2279.340088,0.0,0.0
5.0,28.0,2279.340088,2279.340088,2279.340088,2279.340088,0.0,0.0
5.0,24.0,2279.340088,2279.340088,2279.340088,2279.340088,0.0,0.0
5.0,23.0,2279.340088,2279.340088,2279.340088,2279.340088,200.0,0.0
5.0,22.0,2483.199951,2483.199951,2483.199951,2483.199951,0.0,0.0
5.0,21.0,2483.199951,2483.199951,2483.199951,2483.199951,0.0,0.0
5.0,20.0,2483.199951,2483.199951,2483.199951,2483.199951,0.0,0.0
5.0,17.0,2483.199951,2483.199951,2483.199951,2483.199951,0.0,0.0
5.0,16.0,2483.199951,2483.199951,2483.199951,2483.199951,0.0,0.0
5.0,15.0,2483.199951,2483.199951,2483.199951,2483.199951,0.0,0.0
5.0,14.0,2483.199951,2483.199951,2483.199951,2483.199951,0.0,0.0
5.0,13.0,2483.199951,2483.199951,2483.199951,2483.199951,0.0,0.0
5.0,10.0,2483.199951,2483.199951,2483.199951,2483.199951,0.0,0.0
5.0,9.0,2483.199951,2483.199951,2483.199951,2483.199951,0.0,0.0
5.0,8.0,2483.199951,2483.199951,2483.199951,2483.199951,0.0,0.0
5.0,7.0,2483.199951,2483.199951,2483.199951,2483.199951,0.0,0.0
5.0,6.0,2483.199951,2483.199951,2483.199951,2483.199951,0.0,0.0
5.0,3.0,2483.199951,2483.199951,2483.199951,2483.199951,0.0,0.0
5.0,2.0,2483.199951,2483.199951,2483.199951,2483.199951,0.0,0.0
5.0,1.0,2483.199951,2483.199951,2483.199951,2483.199951,0.0,0.0
4.0,30.0,2483.199951,2483.199951,2483.199951,2483.199951,0.0,0.0
4.0,29.0,2483.199951,2483.199951,2483.199951,2483.199951,0.0,0.0
4.0,26.0,2483.199951,2483.199951,2483.199951,2483.199951,0.0,0.0
4.0,25.0,2483.199951,2483.199951,2483.199951,2483.199951,0.0,0.0
4.0,24.0,2483.199951,2483.199951,2483.199951,2483.199951,0.0,0.0
4.0,23.0,2483.199951,2483.199951,2483.199951,2483.199951,0.0,0.0
4.0,22.0,2483.199951,2483.199951,2483.199951,2483.199951,0.0,0.0
4.0,19.0,2483.199951,2483.199951,2483.199951,2483.199951,0.0,0.0
4.0,18.0,2483.199951,2483.199951,2483.199951,2483.199951,0.0,0.0
4.0,17.0,2483.199951,2483.199951,2483.199951,2483.199951,0.0,0.0
4.0,16.0,2483.199951,2483.199951,2483.199951,2483.199951,0.0,0.0
4.0,15.0,2483.199951,2483.199951,2483.199951,2483.199951,0.0,0.0
4.0,12.0,2483.199951,2483.199951,2483.199951,2483.199951,0.0,0.0
4.0,11.0,2483.199951,2483.199951,2483.199951,2483.199951,0.0,0.0
4.0,10.0,2483.199951,2483.199951,2483.199951,2483.199951,500.0,0.0
4.0,9.0,2435.0,2435.0,2435.0,2435.0,0.0,0.0
4.0,8.0,2435.0,2435.0,2435.0,2435.0,100.0,0.0
4.0,5.0,2452.699951,2452.699951,2452.699951,2452.699951,0.0,0.0
4.0,4.0,2452.699951,2452.699951,2452.699951,2452.699951,0.0,0.0
4.0,3.0,2452.699951,2452.699951,2452.699951,2452.699951,0.0,0.0
4.0,2.0,2452.699951,2452.699951,2452.699951,2452.699951,0.0,0.0
4.0,1.0,2452.699951,2452.699951,2452.699951,2452.699951,0.0,0.0
3.0,28.0,2452.699951,2452.699951,2452.699951,2452.699951,0.0,0.0
3.0,27.0,2452.699951,2452.699951,2452.699951,2452.699951,0.0,0.0
3.0,26.0,2452.699951,2452.699951,2452.699951,2452.699951,0.0,0.0
3.0,25.0,2452.699951,2452.699951,2452.699951,2452.699951,0.0,0.0
3.0,22.0,2452.699951,2452.699951,2452.699951,2452.699951,0.0,0.0
3.0,21.0,2525.0,2525.0,2525.0,2525.0,0.0,0.0
3.0,20.0,2525.0,2525.0,2525.0,2525.0,0.0,0.0
3.0,19.0,2525.0,2525.0,2525.0,2525.0,0.0,0.0
3.0,18.0,2525.0,2525.0,2525.0,2525.0,0.0,0.0
3.0,15.0,2525.0,2525.0,2525.0,2525.0,0.0,0.0
3.0,14.0,2525.0,2525.0,2525.0,2525.0,0.0,0.0
3.0,13.0,2525.0,2525.0,2525.0,2525.0,0.0,0.0
3.0,12.0,2544.0,2544.0,2544.0,2544.0,0.0,0.0
3.0,11.0,2544.0,2544.0,2544.0,2544.0,0.0,0.0
3.0,8.0,2544.0,2544.0,2544.0,2544.0,0.0,0.0
3.0,7.0,2544.0,2544.0,2544.0,2544.0,100.0,0.0
3.0,6.0,2544.120117,2544.120117,2544.120117,2544.120117,100.0,0.0
3.0,5.0,2522.0,2522.0,2522.0,2522.0,0.0,0.0
3.0,4.0,2522.0,2522.0,2522.0,2522.0,0.0,0.0
3.0,1.0,2522.0,2522.0,2522.0,2522.0,0.0,0.0
2.0,28.0,2522.0,2522.0,2522.0,2522.0,0.0,0.0
2.0,27.0,2522.0,2522.0,2522.0,2522.0,0.0,0.0
2.0,26.0,2522.0,2522.0,2522.0,2522.0,0.0,0.0
2.0,25.0,2522.0,2522.0,2522.0,2522.0,0.0,0.0
2.0,22.0,2522.0,2522.0,2522.0,2522.0,0.0,0.0
2.0,21.0,2522.0,2522.0,2522.0,2522.0,100.0,0.0
2.0,20.0,2515.0,2515.0,2515.0,2515.0,0.0,0.0
2.0,19.0,2515.0,2515.0,2515.0,2515.0,100.0,0.0
2.0,15.0,2460.0,2460.0,2460.0,2460.0,0.0,0.0
2.0,14.0,2460.0,2460.0,2460.0,2460.0,100.0,0.0
2.0,13.0,2420.0,2420.0,2420.0,2420.0,0.0,0.0
2.0,12.0,2420.0,2420.0,2420.0,2420.0,0.0,0.0
2.0,11.0,2420.0,2420.0,2420.0,2420.0,0.0,0.0
2.0,8.0,2420.0,2420.0,2420.0,2420.0,0.0,0.0
2.0,7.0,2420.0,2420.0,2420.0,2420.0,0.0,0.0
2.0,6.0,2420.0,2420.0,2420.0,2420.0,0.0,0.0
2.0,5.0,2420.0,2420.0,2420.0,2420.0,0.0,0.0
2.0,4.0,2420.0,2420.0,2420.0,2420.0,0.0,0.0
2.0,1.0,2420.0,2420.0,2420.0,2420.0,100.0,0.0
1.0,31.0,2367.120117,2367.120117,2367.120117,2367.120117,0.0,0.0
1.0,30.0,2231.5,2231.5,2231.5,2231.5,0.0,0.0
1.0,29.0,2231.5,2231.5,2231.5,2231.5,0.0,0.0
1.0,28.0,2231.5,2231.5,2231.5,2231.5,0.0,0.0
1.0,25.0,2231.5,2231.5,2231.5,2231.5,0.0,0.0
1.0,24.0,2231.5,2231.5,2231.5,2231.5,0.0,0.0
1.0,23.0,2231.5,2231.5,2231.5,2231.5,0.0,0.0
1.0,22.0,2231.5,2231.5,2231.5,2231.5,0.0,0.0
1.0,18.0,2231.5,2231.5,2231.5,2231.5,0.0,0.0
1.0,17.0,2231.5,2231.5,2231.5,2231.5,0.0,0.0
1.0,16.0,2231.5,2231.5,2231.5,2231.5,0.0,0.0
1.0,15.0,2231.5,2231.5,2231.5,2231.5,0.0,0.0
1.0,14.0,2231.5,2231.5,2231.5,2231.5,0.0,0.0
1.0,11.0,2231.5,2231.5,2231.5,2231.5,0.0,0.0
1.0,10.0,2231.5,2231.5,2231.5,2231.5,0.0,0.0
1.0,9.0,2231.5,2231.5,2231.5,2231.5,100.0,0.0
1.0,8.0,2160.0,2160.0,2160.0,2160.0,0.0,0.0
1.0,7.0,2160.0,2160.0,2160.0,2160.0,0.0,0.0
1.0,4.0,2160.0,2160.0,2160.0,2160.0,0.0,0.0
1.0,3.0,2160.0,2160.0,2160.0,2160.0,0.0,0.0
1.0,2.0,2160.0,2160.0,2160.0,2160.0,100.0,0.0
12.0,31.0,2175.0,2175.0,2175.0,2175.0,0.0,0.0
12.0,28.0,2175.0,2175.0,2175.0,2175.0,0.0,0.0
12.0,27.0,2175.0,2175.0,2175.0,2175.0,0.0,0.0
12.0,26.0,2175.0,2175.0,2175.0,2175.0,0.0,0.0
12.0,24.0,2262.0,2262.0,2262.0,2262.0,0.0,0.0
12.0,21.0,2262.0,2262.0,2262.0,2262.0,0.0,0.0
12.0,20.0,2262.0,2262.0,2262.0,2262.0,0.0,0.0
12.0,19.0,2262.0,2262.0,2262.0,2262.0,0.0,0.0
12.0,18.0,2262.0,2262.0,2262.0,2262.0,0.0,0.0
12.0,17.0,2262.0,2262.0,2262.0,2262.0,0.0,0.0
12.0,14.0,2262.0,2262.0,2262.0,2262.0,0.0,0.0
12.0,13.0,2262.0,2262.0,2262.0,2262.0,0.0,0.0
12.0,12.0,2262.0,2262.0,2262.0,2262.0,0.0,0.0
12.0,11.0,2262.0,2262.0,2262.0,2262.0,0.0,0.0
12.0,10.0,2262.0,2262.0,2262.0,2262.0,0.0,0.0
12.0,7.0,2262.0,2262.0,2262.0,2262.0,0.0,0.0
12.0,6.0,2262.0,2262.0,2262.0,2262.0,0.0,0.0
12.0,5.0,2262.0,2262.0,2262.0,2262.0,0.0,0.0
12.0,4.0,2262.0,2262.0,2262.0,2262.0,0.0,0.0
12.0,3.0,2262.0,2262.0,2262.0,2262.0,100.0,0.0
11.0,30.0,2117.370117,2117.370117,2117.370117,2117.370117,0.0,0.0
11.0,29.0,2117.370117,2117.370117,2117.370117,2117.370117,0.0,0.0
11.0,28.0,2117.370117,2117.370117,2117.370117,2117.370117,0.0,0.0
11.0,27.0,2117.370117,2117.370117,2117.370117,2117.370117,0.0,0.0
11.0,26.0,2117.370117,2117.370117,2117.370117,2117.370117,0.0,0.0
11.0,23.0,2117.370117,2117.370117,2117.370117,2117.370117,0.0,0.0
11.0,21.0,2117.370117,2117.370117,2117.370117,2117.370117,0.0,0.0
11.0,20.0,2117.370117,2117.370117,2117.370117,2117.370117,0.0,0.0
11.0,19.0,2117.370117,2117.370117,2117.370117,2117.370117,0.0,0.0
11.0,16.0,2117.370117,2117.370117,2117.370117,2117.370117,0.0,0.0
11.0,15.0,2117.370117,2117.370117,2117.370117,2117.370117,0.0,0.0
11.0,14.0,2117.370117,2117.370117,2117.370117,2117.370117,100.0,0.0
11.0,13.0,2130.0,2130.0,2130.0,2130.0,0.0,0.0
11.0,12.0,2130.0,2130.0,2130.0,2130.0,0.0,0.0
11.0,9.0,2130.0,2130.0,2130.0,2130.0,0.0,0.0
11.0,8.0,2130.0,2130.0,2130.0,2130.0,0.0,0.0
11.0,7.0,2130.0,2130.0,2130.0,2130.0,100.0,0.0
11.0,6.0,2070.0,2070.0,2070.0,2070.0,0.0,0.0
11.0,5.0,2070.0,2070.0,2070.0,2070.0,0.0,0.0
11.0,2.0,2070.0,2070.0,2070.0,2070.0,0.0,0.0
11.0,1.0,2070.0,2070.0,2070.0,2070.0,0.0,0.0
10.0,31.0,2070.0,2070.0,2070.0,2070.0,0.0,0.0
10.0,26.0,2070.0,2070.0,2070.0,2070.0,0.0,0.0
10.0,25.0,2070.0,2070.0,2070.0,2070.0,0.0,0.0
10.0,24.0,2070.0,2070.0,2070.0,2070.0,0.0,0.0
10.0,23.0,2070.0,2070.0,2070.0,2070.0,0.0,0.0
10.0,22.0,2070.0,2070.0,2070.0,2070.0,0.0,0.0
10.0,19.0,2070.0,2070.0,2070.0,2070.0,0.0,0.0
10.0,18.0,2070.0,2070.0,2070.0,2070.0,0.0,0.0
10.0,17.0,2070.0,2070.0,2070.0,2070.0,0.0,0.0
10.0,16.0,2070.0,2070.0,2070.0,2070.0,0.0,0.0
10.0,15.0,2070.0,2070.0,2070.0,2070.0,0.0,0.0
10.0,12.0,2070.0,2070.0,2070.0,2070.0,0.0,0.0
10.0,11.0,2070.0,2070.0,2070.0,2070.0,0.0,0.0
10.0,10.0,2070.0,2070.0,2070.0,2070.0,0.0,0.0
10.0,9.0,2070.0,2070.0,2070.0,2070.0,0.0,0.0
10.0,8.0,2070.0,2070.0,2070.0,2070.0,0.0,0.0
10.0,5.0,2070.0,2070.0,2070.0,2070.0,0.0,0.0
10.0,4.0,2070.0,2070.0,2070.0,2070.0,0.0,0.0
10.0,3.0,2070.0,2070.0,2070.0,2070.0,0.0,0.0
10.0,2.0,2070.0,2070.0,2070.0,2070.0,0.0,0.0
10.0,1.0,2070.0,2070.0,2070.0,2070.0,0.0,0.0
9.0,28.0,2070.0,2070.0,2070.0,2070.0,0.0,0.0
9.0,27.0,2070.0,2070.0,2070.0,2070.0,0.0,0.0
9.0,26.0,2070.0,2070.0,2070.0,2070.0,0.0,0.0
9.0,25.0,2070.0,2070.0,2070.0,2070.0,0.0,0.0
9.0,24.0,2070.0,2070.0,2070.0,2070.0,0.0,0.0
9.0,21.0,2070.0,2070.0,2070.0,2070.0,0.0,0.0
9.0,20.0,2070.0,2070.0,2070.0,2070.0,100.0,0.0
9.0,19.0,1988.0,1988.0,1988.0,1988.0,0.0,0.0
9.0,18.0,1988.0,1988.0,1988.0,1988.0,0.0,0.0
9.0,17.0,1988.0,1988.0,1988.0,1988.0,0.0,0.0
9.0,14.0,1988.0,1988.0,1988.0,1988.0,0.0,0.0
9.0,13.0,1988.0,1988.0,1988.0,1988.0,0.0,0.0
9.0,12.0,1988.0,1988.0,1988.0,1988.0,0.0,0.0
9.0,11.0,1988.0,1988.0,1988.0,1988.0,0.0,0.0
9.0,10.0,1988.0,1988.0,1988.0,1988.0,0.0,0.0
9.0,7.0,1988.0,1988.0,1988.0,1988.0,0.0,0.0
9.0,6.0,1988.0,1988.0,1988.0,1988.0,0.0,0.0
9.0,5.0,1988.0,1988.0,1988.0,1988.0,0.0,0.0
9.0,4.0,1988.0,1988.0,1988.0,1988.0,0.0,0.0
8.0,31.0,1988.0,1988.0,1988.0,1988.0,0.0,0.0
8.0,30.0,1988.0,1988.0,1988.0,1988.0,0.0,0.0
8.0,29.0,1988.0,1988.0,1988.0,1988.0,0.0,0.0
8.0,28.0,1960.0,1960.0,1960.0,1960.0,0.0,0.0
8.0,27.0,1960.0,1960.0,1960.0,1960.0,0.0,0.0
8.0,24.0,1960.0,1960.0,1960.0,1960.0,0.0,0.0
8.0,23.0,1960.0,1960.0,1960.0,1960.0,0.0,0.0
8.0,22.0,1960.0,1960.0,1960.0,1960.0,0.0,0.0
8.0,21.0,1960.0,1960.0,1960.0,1960.0,0.0,0.0
8.0,20.0,1960.0,1960.0,1960.0,1960.0,0.0,0.0
8.0,17.0,1960.0,1960.0,1960.0,1960.0,0.0,0.0
8.0,16.0,1960.0,1960.0,1960.0,1960.0,0.0,0.0
8.0,15.0,1960.0,1960.0,1960.0,1960.0,100.0,0.0
8.0,14.0,1900.0,1900.0,1900.0,1900.0,0.0,0.0
8.0,13.0,1900.0,1900.0,1900.0,1900.0,0.0,0.0
8.0,10.0,1900.0,1900.0,1900.0,1900.0,0.0,0.0
8.0,9.0,1900.0,1900.0,1900.0,1900.0,0.0,0.0
8.0,8.0,1900.0,1900.0,1900.0,1900.0,0.0,0.0
8.0,7.0,1900.0,1900.0,1900.0,1900.0,0.0,0.0
8.0,6.0,1900.0,1900.0,1900.0,1900.0,0.0,0.0
8.0,3.0,1900.0,1900.0,1900.0,1900.0,0.0,0.0
8.0,2.0,1900.0,1900.0,1900.0,1900.0,0.0,0.0
8.0,1.0,1900.0,1900.0,1900.0,1900.0,0.0,0.0
7.0,31.0,1900.0,1900.0,1900.0,1900.0,0.0,0.0
7.0,30.0,1900.0,1900.0,1900.0,1900.0,0.0,0.0
7.0,27.0,1900.0,1900.0,1900.0,1900.0,0.0,0.0
7.0,26.0,1900.0,1900.0,1900.0,1900.0,0.0,0.0
7.0,25.0,1900.0,1900.0,1900.0,1900.0,0.0,0.0
7.0,24.0,1900.0,1900.0,1900.0,1900.0,0.0,0.0
7.0,23.0,1904.0,1904.0,1904.0,1904.0,100.0,0.0
7.0,20.0,1955.0,1955.0,1955.0,1955.0,100.0,0.0
7.0,19.0,1930.0,1930.0,1930.0,1930.0,0.0,0.0
7.0,18.0,1930.0,1930.0,1930.0,1930.0,100.0,0.0
7.0,17.0,1850.0,1850.0,1850.0,1850.0,0.0,0.0
7.0,16.0,1850.0,1850.0,1850.0,1850.0,0.0,0.0
7.0,13.0,1850.0,1850.0,1850.0,1850.0,0.0,0.0
7.0,12.0,1850.0,1850.0,1850.0,1850.0,0.0,0.0
7.0,11.0,1850.0,1850.0,1850.0,1850.0,0.0,0.0
7.0,10.0,1850.0,1850.0,1850.0,1850.0,0.0,0.0
7.0,9.0,1850.0,1850.0,1850.0,1850.0,0.0,0.0
7.0,6.0,1850.0,1850.0,1850.0,1850.0,0.0,0.0
7.0,5.0,1850.0,1850.0,1850.0,1850.0,0.0,0.0
7.0,3.0,1901.0,1901.0,1901.0,1901.0,0.0,0.0
7.0,2.0,1806.0,1806.0,1806.0,1806.0,0.0,0.0
6.0,29.0,1806.0,1806.0,1806.0,1806.0,0.0,0.0
6.0,28.0,1806.0,1806.0,1806.0,1806.0,0.0,0.0
6.0,27.0,1806.0,1806.0,1806.0,1806.0,100.0,0.0
6.0,26.0,1838.0,1838.0,1838.0,1838.0,0.0,0.0
6.0,25.0,1838.0,1838.0,1838.0,1838.0,0.0,0.0
6.0,22.0,1838.0,1838.0,1838.0,1838.0,100.0,0.0
6.0,21.0,1860.0,1860.0,1860.0,1860.0,0.0,0.0
6.0,20.0,1860.0,1860.0,1860.0,1860.0,0.0,0.0
6.0,19.0,1860.0,1860.0,1860.0,1860.0,0.0,0.0
6.0,18.0,1860.0,1860.0,1860.0,1860.0,0.0,0.0
6.0,15.0,1860.0,1860.0,1860.0,1860.0,0.0,0.0
6.0,14.0,1860.0,1860.0,1860.0,1860.0,100.0,0.0
6.0,13.0,1781.579956,1781.579956,1781.579956,1781.579956,0.0,0.0
6.0,12.0,1781.579956,1781.579956,1781.579956,1781.579956,0.0,0.0
6.0,11.0,1781.579956,1781.579956,1781.579956,1781.579956,0.0,0.0
6.0,8.0,1781.579956,1781.579956,1781.579956,1781.579956,0.0,0.0
6.0,7.0,1781.579956,1781.579956,1781.579956,1781.579956,0.0,0.0
6.0,6.0,1781.579956,1781.579956,1781.579956,1781.579956,100.0,0.0
6.0,5.0,1828.959961,1828.959961,1828.959961,1828.959961,0.0,0.0
6.0,4.0,1828.959961,1828.959961,1828.959961,1828.959961,0.0,0.0
6.0,1.0,1828.959961,1828.959961,1828.959961,1828.959961,0.0,0.0
5.0,31.0,1828.959961,1828.959961,1828.959961,1828.959961,0.0,0.0
5.0,30.0,1828.959961,1828.959961,1828.959961,1828.959961,0.0,0.0
5.0,29.0,1828.959961,1828.959961,1828.959961,1828.959961,0.0,0.0
5.0,25.0,1828.959961,1828.959961,1828.959961,1828.959961,0.0,0.0
5.0,24.0,1828.959961,1828.959961,1828.959961,1828.959961,0.0,0.0
5.0,23.0,1828.959961,1828.959961,1828.959961,1828.959961,0.0,0.0
5.0,22.0,1828.959961,1828.959961,1828.959961,1828.959961,0.0,0.0
5.0,21.0,1828.959961,1828.959961,1828.959961,1828.959961,0.0,0.0
5.0,18.0,1828.959961,1828.959961,1828.959961,1828.959961,0.0,0.0
5.0,17.0,1828.959961,1828.959961,1828.959961,1828.959961,0.0,0.0
5.0,16.0,1828.959961,1828.959961,1828.959961,1828.959961,0.0,0.0
5.0,15.0,1828.959961,1828.959961,1828.959961,1828.959961,0.0,0.0
5.0,14.0,1828.959961,1828.959961,1828.959961,1828.959961,100.0,0.0
5.0,11.0,1746.0,1746.0,1746.0,1746.0,0.0,0.0
5.0,10.0,1746.0,1746.0,1746.0,1746.0,0.0,0.0
5.0,9.0,1746.0,1746.0,1746.0,1746.0,0.0,0.0
5.0,8.0,1889.199951,1889.199951,1889.199951,1889.199951,0.0,0.0
5.0,7.0,1889.199951,1889.199951,1889.199951,1889.199951,100.0,0.0
5.0,4.0,1893.890015,1893.890015,1893.890015,1893.890015,0.0,0.0
5.0,3.0,1893.890015,1893.890015,1893.890015,1893.890015,0.0,0.0
5.0,2.0,1893.890015,1893.890015,1893.890015,1893.890015,0.0,0.0
5.0,1.0,1893.890015,1893.890015,1893.890015,1893.890015,0.0,0.0
4.0,30.0,1893.890015,1893.890015,1893.890015,1893.890015,0.0,0.0
4.0,27.0,1893.890015,1893.890015,1893.890015,1893.890015,0.0,0.0
4.0,26.0,1893.890015,1893.890015,1893.890015,1893.890015,0.0,0.0
4.0,25.0,1893.890015,1893.890015,1893.890015,1893.890015,0.0,0.0
4.0,24.0,1893.890015,1893.890015,1893.890015,1893.890015,0.0,0.0
4.0,23.0,1893.890015,1893.890015,1893.890015,1893.890015,0.0,0.0
4.0,20.0,1893.890015,1893.890015,1893.890015,1893.890015,0.0,0.0
4.0,19.0,1893.890015,1893.890015,1893.890015,1893.890015,0.0,0.0
4.0,18.0,1893.890015,1893.890015,1893.890015,1893.890015,0.0,0.0
