9.0,25.0,0.0013,0.0013,0.0013,0.0013,0.0,0.0
9.0,24.0,0.0013,0.0013,0.0013,0.0013,0.0,0.0
9.0,23.0,0.0013,0.0013,0.0013,0.0013,199900.0,0.0
9.0,22.0,0.0011,0.0011,0.0011,0.0011,0.0,0.0
9.0,21.0,0.0011,0.0011,0.0011,0.0011,0.0,0.0
9.0,18.0,0.0011,0.0011,0.0011,0.0011,0.0,0.0
9.0,17.0,0.0011,0.0011,0.0011,0.0011,0.0,0.0
9.0,16.0,0.0011,0.0011,0.001,0.0011,1377000.0,0.0
9.0,15.0,0.0013,0.0013,0.0013,0.0013,32300.0,0.0
9.0,14.0,0.00121,0.00121,0.0011,0.0011,670000.0,-1.0999999999999985E-4
9.0,11.0,0.0012,0.0012,0.0012,0.0012,0.0,0.0
9.0,10.0,0.0012,0.0012,0.0012,0.0012,0.0,0.0
9.0,9.0,0.0012,0.0012,0.0012,0.0012,310000.0,0.0
9.0,8.0,0.0018,0.0019,0.0015,0.0015,690000.0,-2.999999999999999E-4
9.0,7.0,0.0023,0.0023,0.0023,0.0023,0.0,0.0
9.0,4.0,0.0016,0.0023,0.0016,0.0023,3344800.0,6.999999999999999E-4
9.0,3.0,0.0011,0.0011,0.0011,0.0011,0.0,0.0
9.0,2.0,0.0011,0.0011,0.0011,0.0011,0.0,0.0
9.0,1.0,0.0011,0.0011,0.0011,0.0011,0.0,0.0
8.0,31.0,0.0011,0.0011,0.0011,0.0011,0.0,0.0
8.0,28.0,0.0011,0.0011,0.0011,0.0011,0.0,0.0
8.0,27.0,0.0011,0.0011,0.0011,0.0011,10000.0,0.0
8.0,26.0,0.0012,0.0012,0.0012,0.0012,150000.0,0.0
8.0,25.0,0.0011,0.0011,0.0011,0.0011,0.0,0.0
8.0,24.0,0.0011,0.0011,0.0011,0.0011,0.0,0.0
8.0,21.0,0.0011,0.0011,0.0011,0.0011,0.0,0.0
8.0,20.0,0.0011,0.0011,0.0011,0.0011,0.0,0.0
8.0,19.0,0.0011,0.0011,0.0011,0.0011,0.0,0.0
8.0,18.0,0.0011,0.0011,0.0011,0.0011,0.0,0.0
8.0,17.0,0.0011,0.0011,0.0011,0.0011,0.0,0.0
8.0,14.0,0.0011,0.0011,0.0011,0.0011,100.0,0.0
8.0,13.0,0.0011,0.0011,0.0011,0.0011,0.0,0.0
8.0,12.0,0.0011,0.0011,0.0011,0.0011,0.0,0.0
8.0,11.0,0.0011,0.0011,0.0011,0.0011,0.0,0.0
8.0,10.0,0.0011,0.0011,0.0011,0.0011,0.0,0.0
8.0,7.0,0.0011,0.0011,0.0011,0.0011,0.0,0.0
8.0,6.0,0.0011,0.0011,0.0011,0.0011,0.0,0.0
8.0,5.0,0.0011,0.0011,0.0011,0.0011,0.0,0.0
8.0,4.0,0.0011,0.0011,0.0011,0.0011,0.0,0.0
8.0,3.0,0.0011,0.0011,0.0011,0.0011,10000.0,0.0
7.0,31.0,0.001,0.001,0.001,0.001,0.0,0.0
7.0,30.0,0.001,0.001,0.001,0.001,32200.0,0.0
7.0,29.0,0.0015,0.0015,0.0015,0.0015,0.0,0.0
7.0,28.0,0.0015,0.0015,0.0015,0.0015,0.0,0.0
7.0,27.0,0.0015,0.0015,0.0015,0.0015,0.0,0.0
7.0,24.0,0.0015,0.0015,0.0015,0.0015,0.0,0.0
7.0,23.0,0.0015,0.0015,0.0015,0.0015,0.0,0.0
7.0,22.0,0.0015,0.0015,0.0015,0.0015,0.0,0.0
7.0,21.0,0.0013,0.0015,0.0012,0.0015,960000.0,2.000000000000001E-4
7.0,20.0,0.00137,0.00137,0.0013,0.0013,17000.0,-6.999999999999997E-5
7.0,17.0,0.001,0.001,0.001,0.001,0.0,0.0
7.0,16.0,0.001,0.001,0.001,0.001,0.0,0.0
7.0,15.0,0.001,0.001,0.001,0.001,0.0,0.0
7.0,14.0,0.001,0.001,0.001,0.001,0.0,0.0
7.0,13.0,0.001,0.001,0.001,0.001,0.0,0.0
7.0,10.0,0.001,0.001,0.001,0.001,0.0,0.0
7.0,9.0,0.001,0.001,0.001,0.001,10000.0,0.0
7.0,8.0,0.001,0.001,0.001,0.001,0.0,0.0
7.0,7.0,0.001,0.001,0.001,0.001,600.0,0.0
7.0,6.0,0.0021,0.0021,0.0021,0.0021,0.0,0.0
7.0,3.0,0.0021,0.0021,0.0021,0.0021,0.0,0.0
7.0,2.0,0.0021,0.0021,0.0021,0.0021,89400.0,0.0
7.0,1.0,0.0011,0.0011,0.0011,0.0011,0.0,0.0
6.0,30.0,0.0011,0.0011,0.0011,0.0011,1000.0,0.0
6.0,29.0,0.0011,0.0011,0.001,0.001,75000.0,-1.0000000000000005E-4
6.0,26.0,0.0021,0.0021,0.0021,0.0021,20000.0,0.0
6.0,25.0,0.0011,0.0011,0.0011,0.0011,1500.0,0.0
6.0,24.0,0.001,0.001,0.001,0.001,0.0,0.0
6.0,23.0,0.0015,0.00155,0.001,0.001,694000.0,-5.0E-4
6.0,22.0,0.0022,0.0022,0.0022,0.0022,30000.0,0.0
6.0,19.0,0.0015,0.0015,0.0015,0.0015,0.0,0.0
6.0,18.0,0.0016,0.0016,0.0015,0.0015,1688000.0,-1.0000000000000005E-4
6.0,17.0,0.0018,0.0018,0.0015,0.0015,5999600.0,-2.999999999999999E-4
6.0,16.0,0.0017,0.0017,0.0017,0.0017,0.0,0.0
6.0,15.0,0.0018,0.00192,0.0017,0.0017,566000.0,-1.0000000000000005E-4
6.0,12.0,0.0018,0.0018,0.0018,0.0018,10000.0,0.0
6.0,11.0,0.0018,0.0018,0.0018,0.0018,0.0,0.0
6.0,10.0,0.0018,0.0018,0.0018,0.0018,1000.0,0.0
6.0,9.0,0.0017,0.0017,0.0017,0.0017,0.0,0.0
6.0,8.0,0.0017,0.0017,0.0017,0.0017,0.0,0.0
6.0,5.0,0.0017,0.0017,0.0017,0.0017,0.0,0.0
6.0,4.0,0.0017,0.0017,0.0017,0.0017,0.0,0.0
6.0,3.0,0.0017,0.0017,0.0017,0.0017,500.0,0.0
6.0,2.0,0.002,0.002,0.002,0.002,0.0,0.0
6.0,1.0,0.002,0.002,0.002,0.002,100000.0,0.0
5.0,29.0,0.0017,0.0017,0.001,0.00105,2327700.0,-6.5E-4
5.0,28.0,0.0018,0.0018,0.0018,0.0018,670000.0,0.0
5.0,27.0,0.0028,0.003,0.0019,0.0019,1755500.0,-9.0E-4
5.0,26.0,0.00275,0.00275,0.00275,0.00275,1700.0,0.0
5.0,25.0,0.0023,0.0023,0.0023,0.0023,0.0,0.0
5.0,22.0,0.00215,0.0035,0.00215,0.0023,354400.0,1.4999999999999996E-4
5.0,21.0,0.002,0.002,0.002,0.002,0.0,0.0
5.0,20.0,0.002,0.002,0.002,0.002,0.0,0.0
5.0,19.0,0.003,0.003,0.002,0.002,2010400.0,-0.001
5.0,18.0,0.004,0.004,0.003,0.003,26500.0,-0.001
5.0,15.0,0.0035,0.004,0.0031,0.004,985400.0,5.0E-4
5.0,14.0,0.0035,0.0039,0.0031,0.0039,359100.0,3.9999999999999975E-4
5.0,13.0,0.0049,0.0049,0.0031,0.0039,1009700.0,-0.001
5.0,12.0,0.003,0.003,0.003,0.003,12000.0,0.0
5.0,11.0,0.003,0.003,0.003,0.003,0.0,0.0
5.0,8.0,0.0035,0.0035,0.003,0.003,578400.0,-5.0E-4
5.0,7.0,0.0036,0.0036,0.0034,0.0034,19800.0,-2.000000000000001E-4
5.0,6.0,0.0036,0.0036,0.0036,0.0036,10000.0,0.0
5.0,5.0,0.0038,0.0038,0.0036,0.0038,115000.0,0.0
5.0,4.0,0.0038,0.0038,0.0038,0.0038,120000.0,0.0
5.0,1.0,0.0035,0.0038,0.0035,0.0038,95000.0,2.999999999999999E-4
4.0,30.0,0.0055,0.0055,0.004,0.004,105000.0,-0.0014999999999999996
4.0,29.0,0.0055,0.0055,0.0045,0.0045,1506000.0,-0.001
4.0,28.0,0.0061,0.0061,0.006,0.006,136500.0,-1.0000000000000026E-4
4.0,27.0,0.006,0.006,0.006,0.006,2000.0,0.0
4.0,24.0,0.0061,0.0061,0.0061,0.0061,0.0,0.0
4.0,23.0,0.0061,0.0061,0.0061,0.0061,8500.0,0.0
4.0,22.0,0.0061,0.0061,0.0061,0.0061,14500.0,0.0
4.0,21.0,0.0089,0.0089,0.0061,0.0061,437200.0,-0.0027999999999999995
4.0,20.0,0.0085,0.0129,0.008,0.0088,2682200.0,2.999999999999999E-4
4.0,17.0,0.01,0.01,0.0085,0.0085,715900.0,-0.0014999999999999996
4.0,16.0,0.01,0.01,0.01,0.01,17000.0,0.0
4.0,15.0,0.0102,0.0102,0.01,0.0102,98800.0,0.0
4.0,14.0,0.0102,0.0102,0.0102,0.0102,2000.0,0.0
4.0,13.0,0.01005,0.0101,0.01005,0.0101,8500.0,4.99999999999997E-5
4.0,10.0,0.0131,0.0149,0.01,0.01,196800.0,-0.0031000000000000003
4.0,9.0,0.0126,0.0126,0.0126,0.0126,10000.0,0.0
4.0,8.0,0.01545,0.01545,0.0126,0.013,59400.0,-0.002450000000000001
4.0,7.0,0.0159,0.0159,0.0159,0.0159,2500.0,0.0
4.0,6.0,0.012,0.0199,0.012,0.0132,288900.0,0.0011999999999999997
4.0,3.0,0.012,0.012,0.012,0.012,0.0,0.0
4.0,2.0,0.015,0.01549,0.012,0.012,72900.0,-0.002999999999999999
4.0,1.0,0.015,0.0179,0.01,0.016,37200.0,0.0010000000000000009
3.0,31.0,0.017,0.0184,0.015,0.016,264900.0,-0.0010000000000000009
3.0,30.0,0.02195,0.0223,0.017,0.0184,1854600.0,-0.003550000000000001
3.0,27.0,0.02195,0.0224,0.0178,0.0224,1577500.0,4.49999999999999E-4
3.0,26.0,0.021,0.0224,0.02,0.0201,143200.0,-9.000000000000015E-4
3.0,25.0,0.021,0.0249,0.0201,0.0222,351200.0,0.0011999999999999997
3.0,24.0,0.02855,0.03,0.0183,0.0246,3443000.0,-0.003949999999999999
3.0,23.0,0.033,0.037,0.0215,0.0264,5583300.0,-0.006600000000000002
3.0,20.0,0.0252,0.0255,0.0252,0.0255,76000.0,2.999999999999982E-4
3.0,19.0,0.0251,0.0251,0.0251,0.0251,10400.0,0.0
3.0,18.0,0.02559,0.02559,0.0251,0.0251,15000.0,-4.900000000000009E-4
3.0,17.0,0.0251,0.0251,0.0251,0.0251,18500.0,0.0
3.0,16.0,0.03,0.03,0.0251,0.0251,12600.0,-0.004899999999999998
3.0,13.0,0.0298,0.03,0.025,0.03,108500.0,1.999999999999988E-4
3.0,12.0,0.02,0.02097,0.02,0.02097,6500.0,9.699999999999986E-4
3.0,11.0,0.02,0.02,0.02,0.02,1900.0,0.0
3.0,10.0,0.02,0.02,0.02,0.02,0.0,0.0
3.0,9.0,0.02,0.02097,0.02,0.02,31600.0,0.0
3.0,6.0,0.0151,0.02,0.0151,0.02,30000.0,0.0049
3.0,5.0,0.0199,0.0199,0.01745,0.0199,59700.0,0.0
3.0,4.0,0.015,0.01549,0.015,0.015,61000.0,0.0
3.0,3.0,0.0255,0.03,0.015,0.015,138200.0,-0.010499999999999999
3.0,2.0,0.042,0.042,0.03,0.03,164800.0,-0.012000000000000004
2.0,27.0,0.043,0.043,0.0351,0.0351,80000.0,-0.007899999999999997
2.0,26.0,0.044,0.044,0.0395,0.043,213000.0,-0.0010000000000000009
2.0,25.0,0.03875,0.0445,0.038,0.0445,1174000.0,0.005749999999999998
2.0,24.0,0.0361,0.038,0.036,0.038,184900.0,0.001899999999999999
2.0,23.0,0.0395,0.0395,0.0355,0.03608,246700.0,-0.0034199999999999994
2.0,20.0,0.0299,0.0458,0.0275,0.0351,3441400.0,0.0052
2.0,19.0,0.0265,0.028,0.0265,0.0275,64400.0,0.0010000000000000009
2.0,18.0,0.027,0.028,0.027,0.0275,125200.0,5.000000000000004E-4
2.0,17.0,0.02,0.0271,0.02,0.027,551100.0,0.006999999999999999
2.0,16.0,0.0272,0.0272,0.0272,0.0272,0.0,0.0
2.0,13.0,0.0165,0.0272,0.0165,0.0272,180700.0,0.010699999999999998
2.0,12.0,0.019,0.02,0.0175,0.0175,208000.0,-0.0014999999999999979
2.0,11.0,0.018,0.025,0.018,0.019,1754000.0,0.0010000000000000009
2.0,10.0,0.0135,0.02,0.0135,0.018,230000.0,0.004499999999999999
2.0,9.0,0.012,0.0134,0.012,0.0134,56000.0,0.0014000000000000002
2.0,6.0,0.0122,0.0122,0.0122,0.0122,30000.0,0.0
2.0,5.0,0.0122,0.0122,0.0122,0.0122,39000.0,0.0
2.0,4.0,0.012,0.012,0.012,0.012,10000.0,0.0
2.0,3.0,0.011,0.011,0.011,0.011,0.0,0.0
2.0,2.0,0.011,0.011,0.011,0.011,10000.0,0.0
1.0,30.0,0.012,0.012,0.012,0.012,0.0,0.0
1.0,29.0,0.012,0.012,0.012,0.012,75000.0,0.0
1.0,28.0,0.011,0.011,0.011,0.011,8900.0,0.0
1.0,27.0,0.01,0.01,0.01,0.01,0.0,0.0
1.0,26.0,0.0115,0.0115,0.0014,0.01,35500.0,-0.0014999999999999996
1.0,23.0,0.012,0.012,0.012,0.012,0.0,0.0
1.0,22.0,0.012,0.012,0.012,0.012,14000.0,0.0
1.0,21.0,0.0125,0.0125,0.0125,0.0125,5000.0,0.0
1.0,20.0,0.015,0.017,0.012,0.017,145700.0,0.0020000000000000018
1.0,19.0,0.012,0.012,0.012,0.012,0.0,0.0
1.0,16.0,0.012,0.012,0.012,0.012,0.0,0.0
1.0,15.0,0.0141,0.0141,0.012,0.012,100500.0,-0.0020999999999999994
1.0,14.0,0.01,0.01,0.01,0.01,0.0,0.0
1.0,13.0,0.01,0.01,0.01,0.01,0.0,0.0
1.0,12.0,0.01,0.01,0.01,0.01,0.0,0.0
1.0,9.0,0.01,0.01,0.01,0.01,10000.0,0.0
1.0,8.0,0.01,0.01,0.01,0.01,0.0,0.0
1.0,7.0,0.01,0.01,0.01,0.01,0.0,0.0
1.0,6.0,0.015,0.015,0.01,0.01,19700.0,-0.004999999999999999
1.0,5.0,0.011,0.015,0.011,0.015,82000.0,0.004
1.0,2.0,0.0065,0.015,0.0065,0.011,385000.0,0.0045
1.0,1.0,0.00653,0.00653,0.00653,0.00653,0.0,0.0
12.0,31.0,0.0069,0.0069,0.00653,0.00653,20000.0,-3.6999999999999967E-4
12.0,30.0,0.003,0.003,0.003,0.003,0.0,0.0
12.0,29.0,0.003,0.003,0.003,0.003,0.0,0.0
12.0,26.0,0.0045,0.0045,0.003,0.003,123000.0,-0.0014999999999999996
12.0,25.0,0.005,0.005,0.005,0.005,0.0,0.0
12.0,24.0,0.005,0.005,0.005,0.005,0.0,0.0
12.0,23.0,0.005,0.005,0.005,0.005,0.0,0.0
12.0,22.0,0.005,0.005,0.005,0.005,0.0,0.0
12.0,19.0,0.007,0.007,0.005,0.005,34000.0,-0.002
12.0,18.0,0.007,0.007,0.007,0.007,2300.0,0.0
12.0,17.0,0.008,0.008,0.008,0.008,0.0,0.0
12.0,16.0,0.008,0.008,0.008,0.008,55000.0,0.0
12.0,15.0,0.007,0.007,0.007,0.007,0.0,0.0
12.0,12.0,0.007,0.007,0.007,0.007,0.0,0.0
12.0,11.0,0.007,0.007,0.007,0.007,45000.0,0.0
12.0,10.0,0.007,0.007,0.007,0.007,15000.0,0.0
12.0,9.0,0.009,0.009,0.007,0.007,51000.0,-0.001999999999999999
12.0,8.0,0.009,0.009,0.009,0.009,0.0,0.0
12.0,5.0,0.009,0.009,0.009,0.009,0.0,0.0
12.0,4.0,0.0085,0.009,0.0085,0.009,15200.0,4.999999999999987E-4
12.0,3.0,0.009,0.009,0.009,0.009,10000.0,0.0
12.0,2.0,0.0098,0.0098,0.0098,0.0098,0.0,0.0
12.0,1.0,0.0098,0.0098,0.0098,0.0098,10000.0,0.0
11.0,28.0,0.0085,0.0085,0.0085,0.0085,20000.0,0.0
11.0,27.0,0.0098,0.0098,0.0098,0.0098,0.0,0.0
11.0,26.0,0.0098,0.0098,0.0098,0.0098,10000.0,0.0
11.0,25.0,0.0098,0.0098,0.0098,0.0098,4700.0,0.0
11.0,24.0,0.0098,0.0098,0.0098,0.0098,57900.0,0.0
11.0,21.0,0.0103,0.0103,0.0098,0.01,178500.0,-2.999999999999999E-4
11.0,20.0,0.012,0.015,0.012,0.013,290500.0,9.999999999999992E-4
11.0,19.0,0.01,0.012,0.01,0.011,108100.0,9.999999999999992E-4
11.0,18.0,0.011,0.011,0.01,0.01,259900.0,-9.999999999999992E-4
11.0,17.0,0.011,0.011,0.011,0.011,0.0,0.0
11.0,14.0,0.011,0.011,0.011,0.011,0.0,0.0
11.0,13.0,0.011,0.011,0.011,0.011,13700.0,0.0
11.0,12.0,0.012,0.012,0.012,0.012,0.0,0.0
11.0,11.0,0.012,0.012,0.012,0.012,10000.0,0.0
11.0,10.0,0.014,0.014,0.014,0.014,0.0,0.0
11.0,7.0,0.012,0.014,0.012,0.014,158500.0,0.002
11.0,6.0,0.0112,0.0112,0.0112,0.0112,5000.0,0.0
11.0,5.0,0.0064,0.0064,0.0064,0.0064,0.0,0.0
11.0,4.0,0.0064,0.0064,0.0064,0.0064,0.0,0.0
11.0,3.0,0.0064,0.0064,0.0064,0.0064,0.0,0.0
10.0,31.0,0.0064,0.0064,0.0064,0.0064,0.0,0.0
10.0,30.0,0.0064,0.0064,0.0064,0.0064,0.0,0.0
10.0,29.0,0.0064,0.0064,0.0064,0.0064,0.0,0.0
10.0,28.0,0.0064,0.0064,0.0064,0.0064,15000.0,0.0
10.0,27.0,0.0102,0.0102,0.0102,0.0102,0.0,0.0
10.0,24.0,0.0102,0.0102,0.0102,0.0102,0.0,0.0
10.0,23.0,0.0105,0.0105,0.0102,0.0102,36700.0,-2.999999999999999E-4
10.0,22.0,0.0145,0.0145,0.007,0.007,172200.0,-0.007500000000000001
10.0,21.0,0.0147,0.0147,0.0144,0.0146,18000.0,-9.99999999999994E-5
10.0,20.0,0.0148,0.0148,0.0148,0.0148,66400.0,0.0
10.0,17.0,0.015,0.015,0.0149,0.0149,158500.0,-9.99999999999994E-5
10.0,16.0,0.017,0.017,0.015,0.015,100000.0,-0.0020000000000000018
10.0,15.0,0.0209,0.0209,0.017,0.018,282900.0,-0.0029
10.0,14.0,0.0185,0.021,0.0175,0.018,382200.0,-5.000000000000004E-4
10.0,13.0,0.0179,0.0185,0.0175,0.0175,249100.0,-3.999999999999976E-4
10.0,10.0,0.016,0.016,0.016,0.016,0.0,0.0
10.0,9.0,0.016,0.018,0.016,0.016,38100.0,0.0
10.0,8.0,0.016,0.016,0.015,0.015,250000.0,-0.0010000000000000009
10.0,7.0,0.0128,0.014,0.0125,0.014,284000.0,0.0011999999999999997
10.0,6.0,0.011,0.011,0.011,0.011,0.0,0.0
10.0,3.0,0.011,0.011,0.011,0.011,0.0,0.0
10.0,2.0,0.012,0.012,0.011,0.011,20000.0,-0.0010000000000000009
10.0,1.0,0.011,0.011,0.011,0.011,0.0,0.0
9.0,30.0,0.0136,0.0136,0.011,0.011,25000.0,-0.0026
9.0,29.0,0.0139,0.0139,0.0139,0.0139,0.0,0.0
9.0,26.0,0.0139,0.0139,0.0139,0.0139,0.0,0.0
9.0,25.0,0.0139,0.0139,0.0138,0.0139,30000.0,0.0
9.0,24.0,0.011,0.011,0.011,0.011,39000.0,0.0
9.0,23.0,0.0108,0.0109,0.01,0.0109,100000.0,9.99999999999994E-5
9.0,22.0,0.012,0.012,0.01,0.01,58000.0,-0.002
9.0,19.0,0.0175,0.0175,0.0175,0.0175,0.0,0.0
9.0,18.0,0.0179,0.0179,0.0175,0.0175,11000.0,-3.999999999999976E-4
9.0,17.0,0.0119,0.0119,0.0119,0.0119,0.0,0.0
9.0,16.0,0.0151,0.0151,0.0111,0.0119,386000.0,-0.0031999999999999997
9.0,15.0,0.02,0.02,0.02,0.02,7000.0,0.0
9.0,12.0,0.021,0.021,0.021,0.021,0.0,0.0
9.0,11.0,0.0206,0.021,0.0195,0.021,303300.0,4.0000000000000105E-4
9.0,10.0,0.0215,0.0215,0.0205,0.0205,18300.0,-9.999999999999974E-4
9.0,9.0,0.0201,0.025,0.0201,0.025,9500.0,0.004900000000000002
9.0,8.0,0.0225,0.0275,0.022,0.025,255700.0,0.0025000000000000022
9.0,5.0,0.022,0.022,0.02,0.02,410300.0,-0.0019999999999999983
9.0,4.0,0.022,0.025,0.022,0.025,22700.0,0.0030000000000000027
9.0,3.0,0.022,0.022,0.022,0.022,30000.0,0.0
9.0,2.0,0.0299,0.0299,0.0299,0.0299,0.0,0.0
9.0,1.0,0.0299,0.0299,0.0299,0.0299,0.0,0.0
8.0,29.0,0.0299,0.0299,0.0299,0.0299,0.0,0.0
8.0,28.0,0.022,0.0299,0.022,0.0299,78300.0,0.0079
8.0,27.0,0.02,0.02,0.02,0.02,170500.0,0.0
8.0,26.0,0.0143,0.0143,0.0143,0.0143,0.0,0.0
8.0,25.0,0.0191,0.0191,0.0111,0.0143,312000.0,-0.004799999999999999
8.0,22.0,0.0205,0.0233,0.0167,0.0191,80600.0,-0.001400000000000002
8.0,21.0,0.0244,0.0325,0.021,0.0239,493900.0,-5.000000000000004E-4
8.0,20.0,0.0245,0.0245,0.0201,0.0203,153000.0,-0.004200000000000002
8.0,19.0,0.03,0.0325,0.0211,0.0239,268200.0,-0.006099999999999998
8.0,18.0,0.0284,0.03,0.025,0.029,194200.0,5.999999999999998E-4
8.0,15.0,0.0201,0.0201,0.0181,0.0181,209000.0,-0.0019999999999999983
8.0,14.0,0.0233,0.0235,0.0229,0.0235,75000.0,1.999999999999988E-4
8.0,13.0,0.0205,0.0241,0.0205,0.022,69900.0,0.0014999999999999979
8.0,12.0,0.0205,0.032,0.0205,0.0205,72800.0,0.0
8.0,11.0,0.022,0.022,0.022,0.022,0.0,0.0
8.0,8.0,0.022,0.022,0.022,0.022,0.0,0.0
8.0,7.0,0.029,0.04,0.02,0.022,192300.0,-0.007000000000000003
8.0,6.0,0.0287,0.0287,0.02,0.02,13600.0,-0.0087
8.0,5.0,0.0252,0.034,0.017,0.023,57000.0,-0.0022000000000000006
8.0,4.0,0.046,0.051,0.017,0.0399,1001900.0,-0.006100000000000001
8.0,1.0,0.0125,0.046,0.0125,0.0459,3118500.0,0.0334
7.0,31.0,0.01,0.01,0.01,0.01,0.0,0.0
7.0,30.0,0.01,0.01,0.01,0.01,0.0,0.0
7.0,29.0,0.01,0.01,0.01,0.01,0.0,0.0
7.0,28.0,0.01,0.01,0.01,0.01,0.0,0.0
7.0,25.0,0.01,0.01,0.01,0.01,0.0,0.0
7.0,24.0,0.01,0.01,0.01,0.01,0.0,0.0
7.0,23.0,0.01,0.01,0.01,0.01,0.0,0.0
7.0,22.0,0.01,0.01,0.01,0.01,0.0,0.0
7.0,21.0,0.01,0.01,0.01,0.01,0.0,0.0
7.0,18.0,0.01,0.01,0.01,0.01,0.0,0.0
7.0,17.0,0.01,0.01,0.01,0.01,0.0,0.0
7.0,16.0,0.01,0.01,0.01,0.01,0.0,0.0
7.0,15.0,0.01,0.01,0.01,0.01,0.0,0.0
7.0,14.0,0.01,0.01,0.01,0.01,0.0,0.0
7.0,11.0,0.01,0.01,0.01,0.01,0.0,0.0
7.0,10.0,0.01,0.01,0.01,0.01,0.0,0.0
7.0,9.0,0.01,0.01,0.01,0.01,0.0,0.0
7.0,8.0,0.01,0.01,0.01,0.01,0.0,0.0
7.0,7.0,0.01,0.01,0.01,0.01,0.0,0.0
7.0,4.0,0.01,0.01,0.01,0.01,0.0,0.0
7.0,3.0,0.01,0.01,0.01,0.01,0.0,0.0
7.0,2.0,0.01,0.01,0.01,0.01,0.0,0.0
7.0,1.0,0.01,0.01,0.01,0.01,0.0,0.0
6.0,30.0,0.01,0.01,0.01,0.01,0.0,0.0
6.0,27.0,0.01,0.01,0.01,0.01,0.0,0.0
6.0,26.0,0.01,0.01,0.01,0.01,0.0,0.0
6.0,25.0,0.01,0.01,0.01,0.01,0.0,0.0
6.0,24.0,0.01,0.01,0.01,0.01,0.0,0.0
6.0,23.0,0.01,0.01,0.01,0.01,0.0,0.0
6.0,20.0,0.01,0.01,0.01,0.01,0.0,0.0
6.0,19.0,0.01,0.01,0.01,0.01,0.0,0.0
6.0,18.0,0.01,0.01,0.01,0.01,0.0,0.0
6.0,17.0,0.01,0.01,0.01,0.01,0.0,0.0
6.0,16.0,0.01,0.01,0.01,0.01,0.0,0.0
6.0,13.0,0.01,0.01,0.01,0.01,0.0,0.0
6.0,12.0,0.01,0.01,0.01,0.01,0.0,0.0
6.0,11.0,0.01,0.01,0.01,0.01,0.0,0.0
6.0,10.0,0.01,0.01,0.01,0.01,0.0,0.0
6.0,9.0,0.01,0.01,0.01,0.01,0.0,0.0
6.0,6.0,0.01,0.01,0.01,0.01,0.0,0.0
6.0,5.0,0.01,0.01,0.01,0.01,0.0,0.0
6.0,4.0,0.01,0.01,0.01,0.01,0.0,0.0
6.0,3.0,0.01,0.01,0.01,0.01,0.0,0.0
6.0,2.0,0.01,0.01,0.01,0.01,0.0,0.0
5.0,30.0,0.01,0.01,0.01,0.01,0.0,0.0
5.0,29.0,0.01,0.01,0.01,0.01,0.0,0.0
5.0,28.0,0.01,0.01,0.01,0.01,0.0,0.0
5.0,27.0,0.01,0.01,0.01,0.01,0.0,0.0
5.0,26.0,0.01,0.01,0.01,0.01,0.0,0.0
5.0,23.0,0.01,0.01,0.01,0.01,0.0,0.0
5.0,22.0,0.01,0.01,0.01,0.01,0.0,0.0
5.0,21.0,0.01,0.01,0.01,0.01,0.0,0.0
5.0,20.0,0.01,0.01,0.01,0.01,0.0,0.0
5.0,19.0,0.01,0.01,0.01,0.01,0.0,0.0
5.0,16.0,0.01,0.01,0.01,0.01,0.0,0.0
5.0,15.0,0.01,0.01,0.01,0.01,0.0,0.0
5.0,14.0,0.01,0.01,0.01,0.01,0.0,0.0
5.0,13.0,0.01,0.01,0.01,0.01,0.0,0.0
5.0,12.0,0.01,0.01,0.01,0.01,0.0,0.0
5.0,9.0,0.01,0.01,0.01,0.01,0.0,0.0
5.0,8.0,0.01,0.01,0.01,0.01,0.0,0.0
5.0,7.0,0.01,0.01,0.01,0.01,0.0,0.0
5.0,6.0,0.01,0.01,0.01,0.01,0.0,0.0
5.0,5.0,0.01,0.01,0.01,0.01,0.0,0.0
5.0,2.0,0.01,0.01,0.01,0.01,0.0,0.0
5.0,1.0,0.01,0.01,0.01,0.01,0.0,0.0
4.0,30.0,0.01,0.01,0.01,0.01,0.0,0.0
4.0,29.0,0.01,0.01,0.01,0.01,0.0,0.0
4.0,28.0,0.01,0.01,0.01,0.01,0.0,0.0
4.0,25.0,0.01,0.01,0.01,0.01,0.0,0.0
4.0,24.0,0.01,0.01,0.01,0.01,0.0,0.0
4.0,23.0,0.01,0.01,0.01,0.01,0.0,0.0
4.0,22.0,0.01,0.01,0.01,0.01,0.0,0.0
4.0,21.0,0.01,0.01,0.01,0.01,0.0,0.0
4.0,18.0,0.01,0.01,0.01,0.01,0.0,0.0
4.0,17.0,0.01,0.01,0.01,0.01,0.0,0.0
4.0,16.0,0.01,0.01,0.01,0.01,0.0,0.0
4.0,15.0,0.01,0.01,0.01,0.01,0.0,0.0
4.0,14.0,0.01,0.01,0.01,0.01,0.0,0.0
4.0,11.0,0.01,0.01,0.01,0.01,0.0,0.0
4.0,10.0,0.01,0.01,0.01,0.01,0.0,0.0
4.0,9.0,0.01,0.01,0.01,0.01,0.0,0.0
4.0,8.0,0.01,0.01,0.01,0.01,0.0,0.0
4.0,7.0,0.01,0.01,0.01,0.01,0.0,0.0
4.0,4.0,0.01,0.01,0.01,0.01,0.0,0.0
4.0,3.0,0.01,0.01,0.01,0.01,0.0,0.0
4.0,2.0,0.01,0.01,0.01,0.01,0.0,0.0
4.0,1.0,0.01,0.01,0.01,0.01,0.0,0.0
3.0,31.0,0.01,0.01,0.01,0.01,0.0,0.0
3.0,28.0,0.01,0.01,0.01,0.01,0.0,0.0
3.0,27.0,0.01,0.01,0.01,0.01,0.0,0.0
3.0,26.0,0.01,0.01,0.01,0.01,0.0,0.0
3.0,25.0,0.01,0.01,0.01,0.01,0.0,0.0
3.0,24.0,0.01,0.01,0.01,0.01,0.0,0.0
3.0,21.0,0.01,0.01,0.01,0.01,0.0,0.0
3.0,20.0,0.01,0.01,0.01,0.01,0.0,0.0
3.0,19.0,0.01,0.01,0.01,0.01,0.0,0.0
3.0,18.0,0.01,0.01,0.01,0.01,0.0,0.0
3.0,17.0,0.01,0.01,0.01,0.01,0.0,0.0
3.0,14.0,0.01,0.01,0.01,0.01,0.0,0.0
3.0,13.0,0.01,0.01,0.01,0.01,0.0,0.0
3.0,12.0,0.01,0.01,0.01,0.01,0.0,0.0
3.0,11.0,0.01,0.01,0.01,0.01,0.0,0.0
3.0,10.0,0.01,0.01,0.01,0.01,0.0,0.0
3.0,7.0,0.01,0.01,0.01,0.01,0.0,0.0
3.0,6.0,0.01,0.01,0.01,0.01,0.0,0.0
3.0,5.0,0.01,0.01,0.01,0.01,0.0,0.0
3.0,4.0,0.01,0.01,0.01,0.01,0.0,0.0
3.0,3.0,0.01,0.01,0.01,0.01,0.0,0.0
2.0,28.0,0.01,0.01,0.01,0.01,0.0,0.0
2.0,27.0,0.01,0.01,0.01,0.01,0.0,0.0
2.0,26.0,0.01,0.01,0.01,0.01,0.0,0.0
2.0,25.0,0.01,0.01,0.01,0.01,0.0,0.0
2.0,24.0,0.01,0.01,0.01,0.01,0.0,0.0
2.0,21.0,0.01,0.01,0.01,0.01,0.0,0.0
2.0,20.0,0.01,0.01,0.01,0.01,0.0,0.0
2.0,19.0,0.01,0.01,0.01,0.01,0.0,0.0
2.0,18.0,0.01,0.01,0.01,0.01,0.0,0.0
2.0,17.0,0.01,0.01,0.01,0.01,0.0,0.0
2.0,14.0,0.01,0.01,0.01,0.01,0.0,0.0
2.0,13.0,0.01,0.01,0.01,0.01,0.0,0.0
2.0,12.0,0.01,0.01,0.01,0.01,0.0,0.0
2.0,11.0,0.01,0.01,0.01,0.01,0.0,0.0
2.0,10.0,0.01,0.01,0.01,0.01,0.0,0.0
2.0,7.0,0.01,0.01,0.01,0.01,0.0,0.0
2.0,6.0,0.01,0.01,0.01,0.01,0.0,0.0
2.0,5.0,0.01,0.01,0.01,0.01,0.0,0.0
2.0,4.0,0.01,0.01,0.01,0.01,0.0,0.0
2.0,3.0,0.01,0.01,0.01,0.01,0.0,0.0
1.0,31.0,0.01,0.01,0.01,0.01,0.0,0.0
1.0,30.0,0.01,0.01,0.01,0.01,0.0,0.0
1.0,29.0,0.01,0.01,0.01,0.01,0.0,0.0
1.0,28.0,0.01,0.01,0.01,0.01,0.0,0.0
1.0,27.0,0.01,0.01,0.01,0.01,0.0,0.0
1.0,24.0,0.01,0.01,0.01,0.01,0.0,0.0
1.0,23.0,0.01,0.01,0.01,0.01,100.0,0.0
1.0,22.0,0.05,0.05,0.05,0.05,0.0,0.0
1.0,21.0,0.05,0.05,0.05,0.05,0.0,0.0
1.0,20.0,0.05,0.05,0.05,0.05,0.0,0.0
1.0,17.0,0.05,0.05,0.05,0.05,0.0,0.0
1.0,16.0,0.05,0.05,0.05,0.05,0.0,0.0
1.0,15.0,0.05,0.05,0.05,0.05,0.0,0.0
1.0,14.0,0.05,0.05,0.05,0.05,0.0,0.0
1.0,13.0,0.05,0.05,0.05,0.05,0.0,0.0
1.0,10.0,0.05,0.05,0.05,0.05,0.0,0.0
1.0,9.0,0.05,0.05,0.05,0.05,0.0,0.0
1.0,8.0,0.05,0.05,0.05,0.05,0.0,0.0
1.0,7.0,0.05,0.05,0.05,0.05,0.0,0.0
1.0,6.0,0.05,0.05,0.05,0.05,0.0,0.0
1.0,3.0,0.05,0.05,0.05,0.05,0.0,0.0
1.0,2.0,0.05,0.05,0.05,0.05,0.0,0.0
1.0,1.0,0.05,0.05,0.05,0.05,0.0,0.0
12.0,31.0,0.05,0.05,0.05,0.05,0.0,0.0
12.0,30.0,0.05,0.05,0.05,0.05,0.0,0.0
12.0,27.0,0.05,0.05,0.05,0.05,0.0,0.0
12.0,26.0,0.05,0.05,0.05,0.05,0.0,0.0
12.0,25.0,0.05,0.05,0.05,0.05,0.0,0.0
12.0,24.0,0.05,0.05,0.05,0.05,0.0,0.0
12.0,23.0,0.05,0.05,0.05,0.05,0.0,0.0
12.0,20.0,0.05,0.05,0.05,0.05,0.0,0.0
12.0,19.0,0.05,0.05,0.05,0.05,0.0,0.0
12.0,18.0,0.05,0.05,0.05,0.05,0.0,0.0
12.0,17.0,0.05,0.05,0.05,0.05,0.0,0.0
12.0,16.0,0.05,0.05,0.05,0.05,0.0,0.0
12.0,13.0,0.05,0.05,0.05,0.05,0.0,0.0
12.0,12.0,0.05,0.05,0.05,0.05,0.0,0.0
12.0,11.0,0.05,0.05,0.05,0.05,0.0,0.0
12.0,10.0,0.05,0.05,0.05,0.05,0.0,0.0
12.0,9.0,0.05,0.05,0.05,0.05,0.0,0.0
12.0,6.0,0.05,0.05,0.05,0.05,0.0,0.0
12.0,5.0,0.05,0.05,0.05,0.05,0.0,0.0
12.0,4.0,0.05,0.05,0.05,0.05,0.0,0.0
12.0,3.0,0.05,0.05,0.05,0.05,0.0,0.0
12.0,2.0,0.05,0.05,0.05,0.05,0.0,0.0
11.0,29.0,0.05,0.05,0.05,0.05,0.0,0.0
11.0,28.0,0.05,0.05,0.05,0.05,0.0,0.0
11.0,27.0,0.05,0.05,0.05,0.05,0.0,0.0
11.0,26.0,0.05,0.05,0.05,0.05,0.0,0.0
11.0,25.0,0.05,0.05,0.05,0.05,0.0,0.0
11.0,22.0,0.05,0.05,0.05,0.05,0.0,0.0
11.0,21.0,0.05,0.05,0.05,0.05,0.0,0.0
11.0,20.0,0.05,0.05,0.05,0.05,0.0,0.0
11.0,19.0,0.05,0.05,0.05,0.05,0.0,0.0
11.0,18.0,0.05,0.05,0.05,0.05,0.0,0.0
11.0,15.0,0.05,0.05,0.05,0.05,0.0,0.0
11.0,14.0,0.05,0.05,0.05,0.05,0.0,0.0
11.0,13.0,0.05,0.05,0.05,0.05,0.0,0.0
11.0,12.0,0.05,0.05,0.05,0.05,0.0,0.0
11.0,11.0,0.05,0.05,0.05,0.05,0.0,0.0
11.0,8.0,0.05,0.05,0.05,0.05,0.0,0.0
11.0,7.0,0.05,0.05,0.05,0.05,0.0,0.0
11.0,6.0,0.05,0.05,0.05,0.05,0.0,0.0
11.0,5.0,0.05,0.05,0.05,0.05,0.0,0.0
11.0,4.0,0.05,0.05,0.05,0.05,0.0,0.0
11.0,1.0,0.05,0.05,0.05,0.05,0.0,0.0
10.0,31.0,0.05,0.05,0.05,0.05,0.0,0.0
10.0,30.0,0.05,0.05,0.05,0.05,0.0,0.0
10.0,29.0,0.05,0.05,0.05,0.05,0.0,0.0
10.0,28.0,0.05,0.05,0.05,0.05,0.0,0.0
10.0,25.0,0.05,0.05,0.05,0.05,0.0,0.0
10.0,24.0,0.05,0.05,0.05,0.05,0.0,0.0
10.0,23.0,0.05,0.05,0.05,0.05,0.0,0.0
10.0,22.0,0.05,0.05,0.05,0.05,0.0,0.0
10.0,21.0,0.05,0.05,0.05,0.05,0.0,0.0
10.0,18.0,0.05,0.05,0.05,0.05,0.0,0.0
10.0,17.0,0.05,0.05,0.05,0.05,0.0,0.0
10.0,16.0,0.05,0.05,0.05,0.05,0.0,0.0
10.0,15.0,0.05,0.05,0.05,0.05,0.0,0.0
10.0,14.0,0.05,0.05,0.05,0.05,0.0,0.0
10.0,11.0,0.05,0.05,0.05,0.05,0.0,0.0
10.0,10.0,0.05,0.05,0.05,0.05,0.0,0.0
10.0,9.0,0.05,0.05,0.05,0.05,0.0,0.0
10.0,8.0,0.05,0.05,0.05,0.05,0.0,0.0
10.0,7.0,0.05,0.05,0.05,0.05,0.0,0.0
10.0,4.0,0.05,0.05,0.05,0.05,0.0,0.0
10.0,3.0,0.05,0.05,0.05,0.05,0.0,0.0
10.0,2.0,0.05,0.05,0.05,0.05,0.0,0.0
10.0,1.0,0.05,0.05,0.05,0.05,0.0,0.0
9.0,30.0,0.05,0.05,0.05,0.05,0.0,0.0
9.0,27.0,0.05,0.05,0.05,0.05,0.0,0.0
9.0,26.0,0.05,0.05,0.05,0.05,0.0,0.0
9.0,25.0,0.05,0.05,0.05,0.05,0.0,0.0
9.0,24.0,0.05,0.05,0.05,0.05,0.0,0.0
9.0,23.0,0.05,0.05,0.05,0.05,0.0,0.0
9.0,20.0,0.05,0.05,0.05,0.05,0.0,0.0
9.0,19.0,0.05,0.05,0.05,0.05,0.0,0.0
9.0,18.0,0.05,0.05,0.05,0.05,0.0,0.0
9.0,17.0,0.05,0.05,0.05,0.05,0.0,0.0
9.0,16.0,0.05,0.05,0.05,0.05,0.0,0.0
9.0,13.0,0.05,0.05,0.05,0.05,0.0,0.0
9.0,12.0,0.05,0.05,0.05,0.05,0.0,0.0
9.0,11.0,0.05,0.05,0.05,0.05,0.0,0.0
9.0,10.0,0.05,0.05,0.05,0.05,0.0,0.0
9.0,9.0,0.05,0.05,0.05,0.05,0.0,0.0
9.0,6.0,0.05,0.05,0.05,0.05,0.0,0.0
9.0,5.0,0.05,0.05,0.05,0.05,0.0,0.0
9.0,4.0,0.05,0.05,0.05,0.05,0.0,0.0
9.0,3.0,0.05,0.05,0.05,0.05,0.0,0.0
9.0,2.0,0.05,0.05,0.05,0.05,0.0,0.0
8.0,30.0,0.05,0.05,0.05,0.05,0.0,0.0
8.0,29.0,0.05,0.05,0.05,0.05,0.0,0.0
8.0,28.0,0.05,0.05,0.05,0.05,0.0,0.0
8.0,27.0,0.05,0.05,0.05,0.05,0.0,0.0
8.0,26.0,0.05,0.05,0.05,0.05,0.0,0.0
8.0,23.0,0.05,0.05,0.05,0.05,0.0,0.0
8.0,22.0,0.05,0.05,0.05,0.05,0.0,0.0
8.0,21.0,0.05,0.05,0.05,0.05,0.0,0.0
8.0,20.0,0.05,0.05,0.05,0.05,0.0,0.0
8.0,19.0,0.05,0.05,0.05,0.05,0.0,0.0
8.0,16.0,0.05,0.05,0.05,0.05,0.0,0.0
8.0,15.0,0.05,0.05,0.05,0.05,0.0,0.0
8.0,14.0,0.05,0.05,0.05,0.05,0.0,0.0
8.0,13.0,0.05,0.05,0.05,0.05,0.0,0.0
8.0,12.0,0.05,0.05,0.05,0.05,0.0,0.0
8.0,9.0,0.05,0.05,0.05,0.05,0.0,0.0
8.0,8.0,0.05,0.05,0.05,0.05,0.0,0.0
8.0,7.0,0.05,0.05,0.05,0.05,0.0,0.0
8.0,6.0,0.05,0.05,0.05,0.05,0.0,0.0
8.0,5.0,0.05,0.05,0.05,0.05,0.0,0.0
8.0,2.0,0.05,0.05,0.05,0.05,0.0,0.0
8.0,1.0,0.05,0.05,0.05,0.05,0.0,0.0
7.0,31.0,0.05,0.05,0.05,0.05,0.0,0.0
7.0,30.0,0.05,0.05,0.05,0.05,0.0,0.0
7.0,29.0,0.05,0.05,0.05,0.05,0.0,0.0
7.0,26.0,0.05,0.05,0.05,0.05,0.0,0.0
7.0,25.0,0.05,0.05,0.05,0.05,0.0,0.0
7.0,24.0,0.05,0.05,0.05,0.05,0.0,0.0
7.0,23.0,0.05,0.05,0.05,0.05,0.0,0.0
7.0,22.0,0.05,0.05,0.05,0.05,0.0,0.0
7.0,19.0,0.05,0.05,0.05,0.05,0.0,0.0
7.0,18.0,0.05,0.05,0.05,0.05,0.0,0.0
7.0,17.0,0.05,0.05,0.05,0.05,0.0,0.0
7.0,16.0,0.05,0.05,0.05,0.05,0.0,0.0
7.0,15.0,0.05,0.05,0.05,0.05,0.0,0.0
7.0,12.0,0.05,0.05,0.05,0.05,0.0,0.0
7.0,11.0,0.05,0.05,0.05,0.05,0.0,0.0
7.0,10.0,0.05,0.05,0.05,0.05,0.0,0.0
7.0,9.0,0.05,0.05,0.05,0.05,0.0,0.0
7.0,8.0,0.05,0.05,0.05,0.05,0.0,0.0
7.0,5.0,0.05,0.05,0.05,0.05,0.0,0.0
7.0,4.0,0.05,0.05,0.05,0.05,0.0,0.0
7.0,3.0,0.05,0.05,0.05,0.05,0.0,0.0
7.0,2.0,0.05,0.05,0.05,0.05,0.0,0.0
7.0,1.0,0.05,0.05,0.05,0.05,0.0,0.0
6.0,28.0,0.05,0.05,0.05,0.05,0.0,0.0
6.0,27.0,0.05,0.05,0.05,0.05,0.0,0.0
6.0,26.0,0.05,0.05,0.05,0.05,0.0,0.0
6.0,25.0,0.05,0.05,0.05,0.05,0.0,0.0
6.0,24.0,0.05,0.05,0.05,0.05,0.0,0.0
6.0,21.0,0.05,0.05,0.05,0.05,0.0,0.0
6.0,20.0,0.05,0.05,0.05,0.05,0.0,0.0
6.0,19.0,0.05,0.05,0.05,0.05,0.0,0.0
6.0,18.0,0.05,0.05,0.05,0.05,0.0,0.0
6.0,17.0,0.05,0.05,0.05,0.05,0.0,0.0
6.0,14.0,0.05,0.05,0.05,0.05,0.0,0.0
6.0,13.0,0.05,0.05,0.05,0.05,0.0,0.0
6.0,12.0,0.05,0.05,0.05,0.05,0.0,0.0
6.0,11.0,0.05,0.05,0.05,0.05,0.0,0.0
6.0,10.0,0.05,0.05,0.05,0.05,0.0,0.0
6.0,7.0,0.05,0.05,0.05,0.05,0.0,0.0
6.0,6.0,0.05,0.05,0.05,0.05,0.0,0.0
6.0,5.0,0.05,0.05,0.05,0.05,0.0,0.0
6.0,4.0,0.05,0.05,0.05,0.05,0.0,0.0
6.0,3.0,0.05,0.05,0.05,0.05,0.0,0.0
5.0,31.0,0.05,0.05,0.05,0.05,0.0,0.0
5.0,30.0,0.05,0.05,0.05,0.05,0.0,0.0
5.0,29.0,0.05,0.05,0.05,0.05,0.0,0.0
5.0,28.0,0.05,0.05,0.05,0.05,0.0,0.0
5.0,27.0,0.05,0.05,0.05,0.05,0.0,0.0
5.0,24.0,0.05,0.05,0.05,0.05,0.0,0.0
5.0,23.0,0.05,0.05,0.05,0.05,0.0,0.0
5.0,22.0,0.05,0.05,0.05,0.05,0.0,0.0
5.0,21.0,0.05,0.05,0.05,0.05,0.0,0.0
5.0,20.0,0.05,0.05,0.05,0.05,0.0,0.0
5.0,17.0,0.05,0.05,0.05,0.05,0.0,0.0
5.0,16.0,0.05,0.05,0.05,0.05,0.0,0.0
5.0,15.0,0.05,0.05,0.05,0.05,0.0,0.0
5.0,14.0,0.05,0.05,0.05,0.05,0.0,0.0
5.0,13.0,0.05,0.05,0.05,0.05,0.0,0.0
5.0,10.0,0.05,0.05,0.05,0.05,0.0,0.0
5.0,9.0,0.05,0.05,0.05,0.05,0.0,0.0
5.0,8.0,0.05,0.05,0.05,0.05,0.0,0.0
5.0,7.0,0.05,0.05,0.05,0.05,0.0,0.0
5.0,6.0,0.05,0.05,0.05,0.05,0.0,0.0
5.0,3.0,0.05,0.05,0.05,0.05,0.0,0.0
5.0,2.0,0.05,0.05,0.05,0.05,0.0,0.0
5.0,1.0,0.05,0.05,0.05,0.05,0.0,0.0
4.0,30.0,0.05,0.05,0.05,0.05,0.0,0.0
4.0,29.0,0.05,0.05,0.05,0.05,0.0,0.0
4.0,26.0,0.05,0.05,0.05,0.05,0.0,0.0
4.0,25.0,0.05,0.05,0.05,0.05,0.0,0.0
4.0,24.0,0.05,0.05,0.05,0.05,0.0,0.0
4.0,23.0,0.05,0.05,0.05,0.05,0.0,0.0
4.0,22.0,0.05,0.05,0.05,0.05,0.0,0.0
4.0,19.0,0.05,0.05,0.05,0.05,0.0,0.0
4.0,18.0,0.05,0.05,0.05,0.05,0.0,0.0
4.0,17.0,0.05,0.05,0.05,0.05,0.0,0.0
4.0,16.0,0.05,0.05,0.05,0.05,0.0,0.0
4.0,15.0,0.05,0.05,0.05,0.05,0.0,0.0
4.0,12.0,0.05,0.05,0.05,0.05,0.0,0.0
4.0,11.0,0.05,0.05,0.05,0.05,0.0,0.0
4.0,10.0,0.05,0.05,0.05,0.05,0.0,0.0
4.0,9.0,0.05,0.05,0.05,0.05,0.0,0.0
4.0,8.0,0.05,0.05,0.05,0.05,0.0,0.0
4.0,5.0,0.05,0.05,0.05,0.05,0.0,0.0
4.0,4.0,0.05,0.05,0.05,0.05,0.0,0.0
4.0,3.0,0.05,0.05,0.05,0.05,0.0,0.0
4.0,2.0,0.05,0.05,0.05,0.05,0.0,0.0
4.0,1.0,0.05,0.05,0.05,0.05,0.0,0.0
3.0,29.0,0.05,0.05,0.05,0.05,0.0,0.0
3.0,28.0,0.05,0.05,0.05,0.05,0.0,0.0
3.0,27.0,0.05,0.05,0.05,0.05,0.0,0.0
3.0,26.0,0.05,0.05,0.05,0.05,0.0,0.0
3.0,25.0,0.05,0.05,0.05,0.05,0.0,0.0
3.0,22.0,0.05,0.05,0.05,0.05,0.0,0.0
3.0,21.0,0.05,0.05,0.05,0.05,0.0,0.0
3.0,20.0,0.05,0.05,0.05,0.05,0.0,0.0
3.0,19.0,0.05,0.05,0.05,0.05,0.0,0.0
3.0,18.0,0.05,0.05,0.05,0.05,0.0,0.0
3.0,15.0,0.05,0.05,0.05,0.05,0.0,0.0
3.0,14.0,0.05,0.05,0.05,0.05,0.0,0.0
3.0,13.0,0.05,0.05,0.05,0.05,0.0,0.0
3.0,12.0,0.05,0.05,0.05,0.05,0.0,0.0
3.0,11.0,0.05,0.05,0.05,0.05,0.0,0.0
3.0,8.0,0.05,0.05,0.05,0.05,0.0,0.0
3.0,7.0,0.05,0.05,0.05,0.05,0.0,0.0
3.0,6.0,0.05,0.05,0.05,0.05,0.0,0.0
3.0,5.0,0.05,0.05,0.05,0.05,0.0,0.0
3.0,4.0,0.05,0.05,0.05,0.05,0.0,0.0
3.0,1.0,0.05,0.05,0.05,0.05,0.0,0.0
2.0,28.0,0.05,0.05,0.05,0.05,0.0,0.0
2.0,27.0,0.05,0.05,0.05,0.05,0.0,0.0
2.0,26.0,0.05,0.05,0.05,0.05,0.0,0.0
2.0,25.0,0.05,0.05,0.05,0.05,0.0,0.0
2.0,22.0,0.05,0.05,0.05,0.05,0.0,0.0
2.0,21.0,0.05,0.05,0.05,0.05,0.0,0.0
2.0,20.0,0.05,0.05,0.05,0.05,0.0,0.0
2.0,19.0,0.05,0.05,0.05,0.05,0.0,0.0
2.0,18.0,0.05,0.05,0.05,0.05,0.0,0.0
2.0,15.0,0.05,0.05,0.05,0.05,0.0,0.0
2.0,14.0,0.05,0.05,0.05,0.05,0.0,0.0
2.0,13.0,0.05,0.05,0.05,0.05,0.0,0.0
2.0,12.0,0.05,0.05,0.05,0.05,0.0,0.0
2.0,11.0,0.05,0.05,0.05,0.05,0.0,0.0
2.0,8.0,0.05,0.05,0.05,0.05,0.0,0.0
2.0,7.0,0.05,0.05,0.05,0.05,0.0,0.0
2.0,6.0,0.05,0.05,0.05,0.05,0.0,0.0
2.0,5.0,0.05,0.05,0.05,0.05,0.0,0.0
2.0,4.0,0.05,0.05,0.05,0.05,0.0,0.0
2.0,1.0,0.05,0.05,0.05,0.05,0.0,0.0
1.0,31.0,0.05,0.05,0.05,0.05,0.0,0.0
1.0,30.0,0.05,0.05,0.05,0.05,0.0,0.0
1.0,29.0,0.05,0.05,0.05,0.05,0.0,0.0
1.0,28.0,0.05,0.05,0.05,0.05,0.0,0.0
1.0,25.0,0.05,0.05,0.05,0.05,0.0,0.0
1.0,24.0,0.05,0.05,0.05,0.05,0.0,0.0
1.0,23.0,0.05,0.05,0.05,0.05,0.0,0.0
1.0,22.0,0.05,0.05,0.05,0.05,0.0,0.0
1.0,21.0,0.05,0.05,0.05,0.05,0.0,0.0
1.0,18.0,0.05,0.05,0.05,0.05,0.0,0.0
1.0,17.0,0.05,0.05,0.05,0.05,0.0,0.0
1.0,16.0,0.05,0.05,0.05,0.05,0.0,0.0
1.0,15.0,0.05,0.05,0.05,0.05,0.0,0.0
1.0,14.0,0.05,0.05,0.05,0.05,0.0,0.0
1.0,11.0,0.05,0.05,0.05,0.05,0.0,0.0
1.0,10.0,0.05,0.05,0.05,0.05,0.0,0.0
1.0,9.0,0.05,0.05,0.05,0.05,0.0,0.0
1.0,8.0,0.05,0.05,0.05,0.05,0.0,0.0
1.0,7.0,0.05,0.05,0.05,0.05,0.0,0.0
1.0,4.0,0.05,0.05,0.05,0.05,0.0,0.0
1.0,3.0,0.05,0.05,0.05,0.05,0.0,0.0
1.0,2.0,0.05,0.05,0.05,0.05,0.0,0.0
1.0,1.0,0.05,0.05,0.05,0.05,0.0,0.0
12.0,31.0,0.05,0.05,0.05,0.05,0.0,0.0
12.0,28.0,0.05,0.05,0.05,0.05,0.0,0.0
12.0,27.0,0.05,0.05,0.05,0.05,0.0,0.0
12.0,26.0,0.05,0.05,0.05,0.05,0.0,0.0
12.0,25.0,0.05,0.05,0.05,0.05,0.0,0.0
12.0,24.0,0.05,0.05,0.05,0.05,0.0,0.0
12.0,21.0,0.05,0.05,0.05,0.05,0.0,0.0
12.0,20.0,0.05,0.05,0.05,0.05,0.0,0.0
12.0,19.0,0.05,0.05,0.05,0.05,0.0,0.0
12.0,18.0,0.05,0.05,0.05,0.05,0.0,0.0
12.0,17.0,0.05,0.05,0.05,0.05,0.0,0.0
12.0,14.0,0.05,0.05,0.05,0.05,0.0,0.0
12.0,13.0,0.05,0.05,0.05,0.05,0.0,0.0
12.0,12.0,0.05,0.05,0.05,0.05,0.0,0.0
12.0,11.0,0.05,0.05,0.05,0.05,0.0,0.0
12.0,10.0,0.05,0.05,0.05,0.05,0.0,0.0
12.0,7.0,0.05,0.05,0.05,0.05,0.0,0.0
12.0,6.0,0.05,0.05,0.05,0.05,0.0,0.0
12.0,5.0,0.05,0.05,0.05,0.05,0.0,0.0
12.0,4.0,0.05,0.05,0.05,0.05,0.0,0.0
12.0,3.0,0.05,0.05,0.05,0.05,0.0,0.0
11.0,30.0,0.05,0.05,0.05,0.05,0.0,0.0
11.0,29.0,0.05,0.05,0.05,0.05,0.0,0.0
11.0,28.0,0.05,0.05,0.05,0.05,0.0,0.0
11.0,27.0,0.05,0.05,0.05,0.05,0.0,0.0
11.0,26.0,0.05,0.05,0.05,0.05,0.0,0.0
11.0,23.0,0.05,0.05,0.05,0.05,0.0,0.0
11.0,22.0,0.05,0.05,0.05,0.05,0.0,0.0
11.0,21.0,0.05,0.05,0.05,0.05,0.0,0.0
11.0,20.0,0.05,0.05,0.05,0.05,0.0,0.0
11.0,19.0,0.05,0.05,0.05,0.05,0.0,0.0
11.0,16.0,0.05,0.05,0.05,0.05,0.0,0.0
11.0,15.0,0.05,0.05,0.05,0.05,0.0,0.0
11.0,14.0,0.05,0.05,0.05,0.05,0.0,0.0
11.0,13.0,0.05,0.05,0.05,0.05,0.0,0.0
11.0,12.0,0.05,0.05,0.05,0.05,0.0,0.0
11.0,9.0,0.05,0.05,0.05,0.05,0.0,0.0
11.0,8.0,0.05,0.05,0.05,0.05,0.0,0.0
11.0,7.0,0.05,0.05,0.05,0.05,0.0,0.0
11.0,6.0,0.05,0.05,0.05,0.05,0.0,0.0
11.0,5.0,0.05,0.05,0.05,0.05,0.0,0.0
11.0,2.0,0.05,0.05,0.05,0.05,0.0,0.0
11.0,1.0,0.05,0.05,0.05,0.05,0.0,0.0
10.0,31.0,0.05,0.05,0.05,0.05,0.0,0.0
10.0,30.0,0.05,0.05,0.05,0.05,0.0,0.0
10.0,29.0,0.05,0.05,0.05,0.05,0.0,0.0
10.0,26.0,0.05,0.05,0.05,0.05,0.0,0.0
10.0,25.0,0.05,0.05,0.05,0.05,0.0,0.0
10.0,24.0,0.05,0.05,0.05,0.05,0.0,0.0
10.0,23.0,0.05,0.05,0.05,0.05,0.0,0.0
10.0,22.0,0.05,0.05,0.05,0.05,0.0,0.0
10.0,19.0,0.05,0.05,0.05,0.05,0.0,0.0
10.0,18.0,0.05,0.05,0.05,0.05,0.0,0.0
10.0,17.0,0.05,0.05,0.05,0.05,0.0,0.0
10.0,16.0,0.05,0.05,0.05,0.05,0.0,0.0
10.0,15.0,0.05,0.05,0.05,0.05,0.0,0.0
10.0,12.0,0.05,0.05,0.05,0.05,0.0,0.0
10.0,11.0,0.05,0.05,0.05,0.05,0.0,0.0
10.0,10.0,0.05,0.05,0.05,0.05,0.0,0.0
10.0,9.0,0.05,0.05,0.05,0.05,0.0,0.0
10.0,8.0,0.05,0.05,0.05,0.05,0.0,0.0
10.0,5.0,0.05,0.05,0.05,0.05,0.0,0.0
10.0,4.0,0.05,0.05,0.05,0.05,0.0,0.0
10.0,3.0,0.05,0.05,0.05,0.05,0.0,0.0
10.0,2.0,0.05,0.05,0.05,0.05,0.0,0.0
10.0,1.0,0.05,0.05,0.05,0.05,0.0,0.0
9.0,28.0,0.05,0.05,0.05,0.05,0.0,0.0
9.0,27.0,0.05,0.05,0.05,0.05,0.0,0.0
9.0,26.0,0.05,0.05,0.05,0.05,0.0,0.0
9.0,25.0,0.05,0.05,0.05,0.05,0.0,0.0
9.0,24.0,0.05,0.05,0.05,0.05,0.0,0.0
9.0,21.0,0.05,0.05,0.05,0.05,0.0,0.0
9.0,20.0,0.05,0.05,0.05,0.05,0.0,0.0
9.0,19.0,0.05,0.05,0.05,0.05,0.0,0.0
9.0,18.0,0.05,0.05,0.05,0.05,0.0,0.0
9.0,17.0,0.05,0.05,0.05,0.05,0.0,0.0
9.0,14.0,0.05,0.05,0.05,0.05,0.0,0.0
9.0,13.0,0.05,0.05,0.05,0.05,0.0,0.0
9.0,12.0,0.05,0.05,0.05,0.05,0.0,0.0
9.0,11.0,0.05,0.05,0.05,0.05,0.0,0.0
9.0,10.0,0.05,0.05,0.05,0.05,0.0,0.0
9.0,7.0,0.05,0.05,0.05,0.05,0.0,0.0
9.0,6.0,0.05,0.05,0.05,0.05,0.0,0.0
9.0,5.0,0.05,0.05,0.05,0.05,0.0,0.0
9.0,4.0,0.05,0.05,0.05,0.05,0.0,0.0
9.0,3.0,0.05,0.05,0.05,0.05,0.0,0.0
8.0,31.0,0.05,0.05,0.05,0.05,0.0,0.0
8.0,30.0,0.05,0.05,0.05,0.05,0.0,0.0
8.0,29.0,0.05,0.05,0.05,0.05,0.0,0.0
8.0,28.0,0.05,0.05,0.05,0.05,0.0,0.0
8.0,27.0,0.05,0.05,0.05,0.05,0.0,0.0
8.0,24.0,0.05,0.05,0.05,0.05,0.0,0.0
8.0,23.0,0.05,0.05,0.05,0.05,0.0,0.0
8.0,22.0,0.05,0.05,0.05,0.05,0.0,0.0
8.0,21.0,0.05,0.05,0.05,0.05,0.0,0.0
8.0,20.0,0.05,0.05,0.05,0.05,0.0,0.0
8.0,17.0,0.05,0.05,0.05,0.05,0.0,0.0
8.0,16.0,0.05,0.05,0.05,0.05,0.0,0.0
8.0,15.0,0.05,0.05,0.05,0.05,0.0,0.0
8.0,14.0,0.05,0.05,0.05,0.05,0.0,0.0
8.0,13.0,0.05,0.05,0.05,0.05,0.0,0.0
8.0,10.0,0.05,0.05,0.05,0.05,0.0,0.0
8.0,9.0,0.05,0.05,0.05,0.05,0.0,0.0
8.0,8.0,0.05,0.05,0.05,0.05,0.0,0.0
8.0,7.0,0.05,0.05,0.05,0.05,0.0,0.0
8.0,6.0,0.05,0.05,0.05,0.05,0.0,0.0
8.0,3.0,0.05,0.05,0.05,0.05,0.0,0.0
8.0,2.0,0.05,0.05,0.05,0.05,0.0,0.0
8.0,1.0,0.05,0.05,0.05,0.05,0.0,0.0
7.0,31.0,0.05,0.05,0.05,0.05,0.0,0.0
7.0,30.0,0.05,0.05,0.05,0.05,0.0,0.0
7.0,27.0,0.05,0.05,0.05,0.05,0.0,0.0
7.0,26.0,0.05,0.05,0.05,0.05,0.0,0.0
7.0,25.0,0.05,0.05,0.05,0.05,0.0,0.0
7.0,24.0,0.05,0.05,0.05,0.05,0.0,0.0
7.0,23.0,0.05,0.05,0.05,0.05,0.0,0.0
7.0,20.0,0.05,0.05,0.05,0.05,0.0,0.0
7.0,19.0,0.05,0.05,0.05,0.05,0.0,0.0
7.0,18.0,0.05,0.05,0.05,0.05,0.0,0.0
7.0,17.0,0.05,0.05,0.05,0.05,0.0,0.0
7.0,16.0,0.05,0.05,0.05,0.05,0.0,0.0
7.0,13.0,0.05,0.05,0.05,0.05,0.0,0.0
7.0,12.0,0.05,0.05,0.05,0.05,0.0,0.0
7.0,11.0,0.05,0.05,0.05,0.05,0.0,0.0
7.0,10.0,0.05,0.05,0.05,0.05,0.0,0.0
7.0,9.0,0.05,0.05,0.05,0.05,0.0,0.0
7.0,6.0,0.05,0.05,0.05,0.05,0.0,0.0
7.0,5.0,0.05,0.05,0.05,0.05,0.0,0.0
7.0,4.0,0.05,0.05,0.05,0.05,0.0,0.0
7.0,3.0,0.05,0.05,0.05,0.05,0.0,0.0
7.0,2.0,0.05,0.05,0.05,0.05,0.0,0.0
6.0,29.0,0.05,0.05,0.05,0.05,0.0,0.0
6.0,28.0,0.05,0.05,0.05,0.05,0.0,0.0
6.0,27.0,0.05,0.05,0.05,0.05,0.0,0.0
6.0,26.0,0.05,0.05,0.05,0.05,0.0,0.0
6.0,25.0,0.05,0.05,0.05,0.05,0.0,0.0
6.0,22.0,0.05,0.05,0.05,0.05,0.0,0.0
6.0,21.0,0.05,0.05,0.05,0.05,0.0,0.0
6.0,20.0,0.05,0.05,0.05,0.05,0.0,0.0
6.0,19.0,0.05,0.05,0.05,0.05,0.0,0.0
6.0,18.0,0.05,0.05,0.05,0.05,0.0,0.0
6.0,15.0,0.05,0.05,0.05,0.05,0.0,0.0
6.0,14.0,0.05,0.05,0.05,0.05,0.0,0.0
6.0,13.0,0.05,0.05,0.05,0.05,0.0,0.0
6.0,12.0,0.05,0.05,0.05,0.05,0.0,0.0
6.0,11.0,0.05,0.05,0.05,0.05,0.0,0.0
6.0,8.0,0.05,0.05,0.05,0.05,0.0,0.0
6.0,7.0,0.05,0.05,0.05,0.05,0.0,0.0
6.0,6.0,0.05,0.05,0.05,0.05,0.0,0.0
6.0,5.0,0.05,0.05,0.05,0.05,0.0,0.0
6.0,4.0,0.05,0.05,0.05,0.05,0.0,0.0
6.0,1.0,0.05,0.05,0.05,0.05,0.0,0.0
5.0,31.0,0.05,0.05,0.05,0.05,0.0,0.0
5.0,30.0,0.05,0.05,0.05,0.05,0.0,0.0
5.0,29.0,0.05,0.05,0.05,0.05,1400.0,0.0
5.0,28.0,0.05,0.05,0.05,0.05,0.0,0.0
5.0,25.0,0.05,0.05,0.05,0.05,0.0,0.0
5.0,24.0,0.05,0.05,0.05,0.05,0.0,0.0
5.0,23.0,0.05,0.05,0.05,0.05,0.0,0.0
5.0,22.0,0.05,0.05,0.05,0.05,0.0,0.0
5.0,21.0,0.05,0.05,0.05,0.05,0.0,0.0
5.0,18.0,0.05,0.05,0.05,0.05,0.0,0.0
5.0,17.0,0.05,0.05,0.05,0.05,0.0,0.0
5.0,16.0,0.05,0.05,0.05,0.05,0.0,0.0
5.0,15.0,0.05,0.05,0.05,0.05,0.0,0.0
5.0,14.0,0.05,0.05,0.05,0.05,0.0,0.0
5.0,11.0,0.05,0.05,0.05,0.05,0.0,0.0
5.0,10.0,0.05,0.05,0.05,0.05,0.0,0.0
5.0,9.0,0.05,0.05,0.05,0.05,0.0,0.0
5.0,8.0,0.05,0.05,0.05,0.05,0.0,0.0
5.0,7.0,0.05,0.05,0.05,0.05,0.0,0.0
5.0,4.0,0.05,0.05,0.05,0.05,0.0,0.0
5.0,3.0,0.05,0.05,0.05,0.05,2000.0,0.0
5.0,2.0,0.0111,0.0111,0.0111,0.0111,0.0,0.0
5.0,1.0,0.0111,0.0111,0.0111,0.0111,0.0,0.0
4.0,30.0,0.0111,0.0111,0.0111,0.0111,0.0,0.0
4.0,27.0,0.0111,0.0111,0.0111,0.0111,0.0,0.0
4.0,26.0,0.0111,0.0111,0.0111,0.0111,0.0,0.0
4.0,25.0,0.0111,0.0111,0.0111,0.0111,0.0,0.0
4.0,24.0,0.0111,0.0111,0.0111,0.0111,0.0,0.0
4.0,23.0,0.0111,0.0111,0.0111,0.0111,0.0,0.0
4.0,20.0,0.0111,0.0111,0.0111,0.0111,0.0,0.0
4.0,19.0,0.0111,0.0111,0.0111,0.0111,0.0,0.0
4.0,18.0,0.0111,0.0111,0.0111,0.0111,0.0,0.0
4.0,17.0,0.0111,0.0111,0.0111,0.0111,0.0,0.0
4.0,16.0,0.0111,0.0111,0.0111,0.0111,0.0,0.0
4.0,13.0,0.0111,0.0111,0.0111,0.0111,0.0,0.0
4.0,12.0,0.0111,0.0111,0.0111,0.0111,0.0,0.0
4.0,11.0,0.0111,0.0111,0.0111,0.0111,0.0,0.0
4.0,10.0,0.0111,0.0111,0.0111,0.0111,0.0,0.0
4.0,9.0,0.0111,0.0111,0.0111,0.0111,0.0,0.0
4.0,6.0,0.0111,0.0111,0.0111,0.0111,0.0,0.0
4.0,5.0,0.0111,0.0111,0.0111,0.0111,0.0,0.0
4.0,4.0,0.0111,0.0111,0.0111,0.0111,0.0,0.0
4.0,3.0,0.0111,0.0111,0.0111,0.0111,0.0,0.0
4.0,2.0,0.0111,0.0111,0.0111,0.0111,0.0,0.0
3.0,30.0,0.0111,0.0111,0.0111,0.0111,0.0,0.0
3.0,29.0,0.0111,0.0111,0.0111,0.0111,0.0,0.0
3.0,28.0,0.0111,0.0111,0.0111,0.0111,0.0,0.0
3.0,27.0,0.0111,0.0111,0.0111,0.0111,0.0,0.0
3.0,26.0,0.0111,0.0111,0.0111,0.0111,0.0,0.0
3.0,23.0,0.0111,0.0111,0.0111,0.0111,0.0,0.0
3.0,22.0,0.0111,0.0111,0.0111,0.0111,0.0,0.0
3.0,21.0,0.0111,0.0111,0.0111,0.0111,0.0,0.0
3.0,20.0,0.0111,0.0111,0.0111,0.0111,0.0,0.0
3.0,19.0,0.0111,0.0111,0.0111,0.0111,100.0,0.0
3.0,16.0,0.0111,0.0111,0.0111,0.0111,0.0,0.0
3.0,15.0,0.0111,0.0111,0.0111,0.0111,0.0,0.0
3.0,14.0,0.0111,0.0111,0.0111,0.0111,0.0,0.0
3.0,13.0,0.0111,0.0111,0.0111,0.0111,0.0,0.0
3.0,12.0,0.0111,0.0111,0.0111,0.0111,0.0,0.0
3.0,9.0,0.0111,0.0111,0.0111,0.0111,0.0,0.0
3.0,8.0,0.0111,0.0111,0.0111,0.0111,0.0,0.0
3.0,7.0,0.0111,0.0111,0.0111,0.0111,0.0,0.0
3.0,6.0,0.0111,0.0111,0.0111,0.0111,0.0,0.0
3.0,5.0,0.0111,0.0111,0.0111,0.0111,0.0,0.0
3.0,2.0,0.0111,0.0111,0.0111,0.0111,0.0,0.0
3.0,1.0,0.0111,0.0111,0.0111,0.0111,0.0,0.0
2.0,29.0,0.0111,0.0111,0.0111,0.0111,0.0,0.0
2.0,28.0,0.0111,0.0111,0.0111,0.0111,0.0,0.0
2.0,27.0,0.0111,0.0111,0.0111,0.0111,0.0,0.0
2.0,24.0,0.0111,0.0111,0.0111,0.0111,0.0,0.0
2.0,23.0,0.0111,0.0111,0.0111,0.0111,0.0,0.0
2.0,22.0,0.0111,0.0111,0.0111,0.0111,0.0,0.0
2.0,21.0,0.0111,0.0111,0.0111,0.0111,0.0,0.0
2.0,20.0,0.0111,0.0111,0.0111,0.0111,0.0,0.0
2.0,17.0,0.0111,0.0111,0.0111,0.0111,0.0,0.0
2.0,16.0,0.0111,0.0111,0.0111,0.0111,0.0,0.0
2.0,15.0,0.0111,0.0111,0.0111,0.0111,0.0,0.0
2.0,14.0,0.0111,0.0111,0.0111,0.0111,0.0,0.0
2.0,13.0,0.0111,0.0111,0.0111,0.0111,0.0,0.0
2.0,10.0,0.0111,0.0111,0.0111,0.0111,0.0,0.0
2.0,9.0,0.0111,0.0111,0.0111,0.0111,0.0,0.0
2.0,8.0,0.0111,0.0111,0.0111,0.0111,0.0,0.0
2.0,7.0,0.0111,0.0111,0.0111,0.0111,0.0,0.0
2.0,6.0,0.0111,0.0111,0.0111,0.0111,0.0,0.0
2.0,3.0,0.0111,0.0111,0.0111,0.0111,0.0,0.0
2.0,2.0,0.0111,0.0111,0.0111,0.0111,0.0,0.0
2.0,1.0,0.0111,0.0111,0.0111,0.0111,0.0,0.0
1.0,31.0,0.0111,0.0111,0.0111,0.0111,0.0,0.0
1.0,30.0,0.0111,0.0111,0.0111,0.0111,0.0,0.0
1.0,27.0,0.0111,0.0111,0.0111,0.0111,0.0,0.0
1.0,26.0,0.0111,0.0111,0.0111,0.0111,0.0,0.0
1.0,25.0,0.0111,0.0111,0.0111,0.0111,0.0,0.0
1.0,24.0,0.0111,0.0111,0.0111,0.0111,0.0,0.0
1.0,23.0,0.0111,0.0111,0.0111,0.0111,0.0,0.0
1.0,20.0,0.0111,0.0111,0.0111,0.0111,0.0,0.0
1.0,19.0,0.0111,0.0111,0.0111,0.0111,0.0,0.0
1.0,18.0,0.0111,0.0111,0.0111,0.0111,0.0,0.0
1.0,17.0,0.0111,0.0111,0.0111,0.0111,4100.0,0.0
1.0,16.0,0.14,0.14,0.14,0.14,0.0,0.0
1.0,13.0,0.14,0.14,0.14,0.14,0.0,0.0
1.0,12.0,0.14,0.14,0.14,0.14,0.0,0.0
1.0,11.0,0.14,0.14,0.14,0.14,0.0,0.0
1.0,10.0,0.14,0.14,0.14,0.14,2000.0,0.0
1.0,9.0,0.009,0.009,0.009,0.009,0.0,0.0
1.0,6.0,0.009,0.009,0.009,0.009,0.0,0.0
1.0,5.0,0.009,0.009,0.009,0.009,0.0,0.0
1.0,4.0,0.009,0.009,0.009,0.009,0.0,0.0
1.0,3.0,0.009,0.009,0.009,0.009,0.0,0.0
1.0,2.0,0.009,0.009,0.009,0.009,0.0,0.0
12.0,30.0,0.009,0.009,0.009,0.009,0.0,0.0
12.0,29.0,0.009,0.009,0.009,0.009,0.0,0.0
12.0,28.0,0.009,0.009,0.009,0.009,0.0,0.0
12.0,27.0,0.009,0.009,0.009,0.009,0.0,0.0
12.0,26.0,0.009,0.009,0.009,0.009,0.0,0.0
12.0,23.0,0.009,0.009,0.009,0.009,0.0,0.0
12.0,22.0,0.009,0.009,0.009,0.009,0.0,0.0
12.0,21.0,0.009,0.009,0.009,0.009,0.0,0.0
12.0,20.0,0.009,0.009,0.009,0.009,0.0,0.0
12.0,19.0,0.009,0.009,0.009,0.009,0.0,0.0
12.0,16.0,0.009,0.009,0.009,0.009,0.0,0.0
12.0,15.0,0.009,0.009,0.009,0.009,0.0,0.0
12.0,14.0,0.009,0.009,0.009,0.009,0.0,0.0
12.0,13.0,0.009,0.009,0.009,0.009,0.0,0.0
12.0,12.0,0.009,0.009,0.009,0.009,0.0,0.0
12.0,9.0,0.009,0.009,0.009,0.009,0.0,0.0
12.0,8.0,0.009,0.009,0.009,0.009,0.0,0.0
12.0,7.0,0.009,0.009,0.009,0.009,0.0,0.0
12.0,6.0,0.009,0.009,0.009,0.009,0.0,0.0
12.0,5.0,0.009,0.009,0.009,0.009,0.0,0.0
12.0,2.0,0.009,0.009,0.009,0.009,0.0,0.0
12.0,1.0,0.009,0.009,0.009,0.009,0.0,0.0
11.0,30.0,0.009,0.009,0.009,0.009,0.0,0.0
11.0,29.0,0.009,0.009,0.009,0.009,0.0,0.0
11.0,28.0,0.009,0.009,0.009,0.009,0.0,0.0
11.0,25.0,0.009,0.009,0.009,0.009,0.0,0.0
11.0,24.0,0.009,0.009,0.009,0.009,0.0,0.0
11.0,23.0,0.009,0.009,0.009,0.009,0.0,0.0
11.0,22.0,0.009,0.009,0.009,0.009,0.0,0.0
11.0,21.0,0.009,0.009,0.009,0.009,0.0,0.0
11.0,18.0,0.009,0.009,0.009,0.009,0.0,0.0
11.0,17.0,0.009,0.009,0.009,0.009,0.0,0.0
6.0,24.0,0.009,0.009,0.009,0.009,200.0,0.0
6.0,20.0,0.0081,0.0081,0.0081,0.0081,6000.0,0.0
6.0,9.0,0.3,0.3,0.3,0.3,300.0,0.0
6.0,8.0,0.0071,0.0071,0.0071,0.0071,600.0,0.0
5.0,13.0,0.0071,0.0071,0.0071,0.0071,100.0,0.0
2.0,4.0,0.007,0.007,0.007,0.007,200.0,0.0
12.0,27.0,0.007,0.007,0.007,0.007,400.0,0.0
12.0,3.0,0.007,0.007,0.007,0.007,100.0,0.0
8.0,25.0,0.007,0.007,0.007,0.007,100.0,0.0
5.0,6.0,0.01,0.01,0.008,0.008,400.0,-0.002
2.0,1.0,0.008,0.008,0.008,0.008,100.0,0.0
1.0,14.0,0.007,0.007,0.007,0.007,100.0,0.0
12.0,29.0,0.01,0.01,0.01,0.01,200.0,0.0
11.0,11.0,0.01,0.01,0.01,0.01,1200.0,0.0
9.0,4.0,0.009,0.009,0.009,0.009,0.0,0.0
9.0,3.0,0.009,0.009,0.009,0.009,0.0,0.0
9.0,2.0,0.009,0.009,0.009,0.009,0.0,0.0
9.0,1.0,0.009,0.009,0.009,0.009,0.0,0.0
8.0,31.0,0.009,0.009,0.009,0.009,200.0,0.0
8.0,28.0,0.01,0.01,0.01,0.01,0.0,0.0
8.0,27.0,0.01,0.01,0.01,0.01,0.0,0.0
8.0,26.0,0.01,0.01,0.01,0.01,400.0,0.0
8.0,25.0,0.007,0.007,0.007,0.007,0.0,0.0
8.0,24.0,0.007,0.007,0.007,0.007,0.0,0.0
8.0,21.0,0.007,0.007,0.007,0.007,0.0,0.0
8.0,20.0,0.007,0.007,0.007,0.007,0.0,0.0
8.0,19.0,0.007,0.007,0.007,0.007,0.0,0.0
8.0,18.0,0.007,0.007,0.007,0.007,0.0,0.0
8.0,17.0,0.007,0.007,0.007,0.007,0.0,0.0
8.0,14.0,0.007,0.007,0.007,0.007,0.0,0.0
8.0,13.0,0.007,0.007,0.007,0.007,0.0,0.0
8.0,12.0,0.007,0.007,0.007,0.007,0.0,0.0
8.0,11.0,0.007,0.007,0.007,0.007,0.0,0.0
8.0,10.0,0.007,0.007,0.007,0.007,0.0,0.0
8.0,7.0,0.007,0.007,0.007,0.007,0.0,0.0
8.0,6.0,0.007,0.007,0.007,0.007,0.0,0.0
8.0,5.0,0.007,0.007,0.007,0.007,0.0,0.0
8.0,4.0,0.007,0.007,0.007,0.007,0.0,0.0
8.0,3.0,0.007,0.007,0.007,0.007,0.0,0.0
7.0,31.0,0.007,0.007,0.007,0.007,0.0,0.0
7.0,30.0,0.007,0.007,0.007,0.007,0.0,0.0
7.0,29.0,0.007,0.007,0.007,0.007,0.0,0.0
7.0,28.0,0.007,0.007,0.007,0.007,0.0,0.0
7.0,27.0,0.007,0.007,0.007,0.007,0.0,0.0
7.0,24.0,0.007,0.007,0.007,0.007,0.0,0.0
7.0,23.0,0.007,0.007,0.007,0.007,0.0,0.0
7.0,22.0,0.007,0.007,0.007,0.007,0.0,0.0
7.0,21.0,0.007,0.007,0.007,0.007,0.0,0.0
7.0,20.0,0.007,0.007,0.007,0.007,0.0,0.0
7.0,17.0,0.007,0.007,0.007,0.007,0.0,0.0
7.0,16.0,0.007,0.007,0.007,0.007,0.0,0.0
7.0,15.0,0.007,0.007,0.007,0.007,0.0,0.0
7.0,14.0,0.007,0.007,0.007,0.007,0.0,0.0
7.0,13.0,0.007,0.007,0.007,0.007,0.0,0.0
7.0,2.0,0.007,0.007,0.007,0.007,100.0,0.0
6.0,26.0,0.007,0.007,0.007,0.007,100.0,0.0
6.0,17.0,0.007,0.007,0.007,0.007,800.0,0.0
6.0,2.0,0.03,0.03,0.03,0.03,100.0,0.0
5.0,21.0,0.02,0.02,0.02,0.02,200.0,0.0
5.0,18.0,0.007,0.007,0.007,0.007,200.0,0.0
4.0,14.0,0.13,0.13,0.13,0.13,5200.0,0.0
4.0,13.0,0.14,0.14,0.13,0.14,52000.0,0.0
4.0,7.0,0.16,0.16,0.16,0.16,100.0,0.0
3.0,26.0,0.16,0.16,0.16,0.16,100.0,0.0
3.0,19.0,0.15,0.15,0.15,0.15,100.0,0.0
2.0,27.0,0.15,0.15,0.15,0.15,100.0,0.0
2.0,19.0,0.35,0.35,0.35,0.35,300.0,0.0
2.0,18.0,0.41,0.41,0.41,0.41,600.0,0.0
2.0,17.0,0.35,0.35,0.35,0.35,100.0,0.0
2.0,13.0,0.99,0.99,0.4,0.4,1800.0,-0.59
2.0,12.0,0.4,0.4,0.25,0.25,1000.0,-0.15000000000000002
2.0,6.0,0.45,0.51,0.3,0.3,9600.0,-0.15000000000000002
2.0,5.0,0.2,0.45,0.2,0.45,300.0,0.25
2.0,4.0,0.2,0.2,0.2,0.2,200.0,0.0
2.0,2.0,0.13,0.2,0.13,0.2,200.0,0.07
1.0,30.0,0.13,0.13,0.13,0.13,600.0,0.0
1.0,29.0,0.6,0.6,0.13,0.21,2400.0,-0.39
1.0,28.0,0.55,0.55,0.55,0.55,2500.0,0.0
1.0,21.0,1.0E-4,1.0E-4,1.0E-4,1.0E-4,0.0,0.0
1.0,15.0,1.0E-4,1.0E-4,1.0E-4,1.0E-4,200.0,0.0
1.0,12.0,1.0E-4,1.0E-4,1.0E-4,1.0E-4,200.0,0.0
1.0,9.0,1.0E-4,1.0E-4,1.0E-4,1.0E-4,0.0,0.0
1.0,8.0,1.0E-4,1.0E-4,1.0E-4,1.0E-4,100.0,0.0
1.0,7.0,1.0E-4,1.0E-4,1.0E-4,1.0E-4,100.0,0.0
1.0,6.0,1.0E-4,1.0E-4,1.0E-4,1.0E-4,1000.0,0.0
1.0,5.0,1.0E-4,1.0E-4,1.0E-4,1.0E-4,100.0,0.0
1.0,2.0,1.0E-4,1.0E-4,1.0E-4,1.0E-4,0.0,0.0
12.0,31.0,1.0E-4,1.0E-4,1.0E-4,1.0E-4,100.0,0.0
12.0,30.0,1.0E-4,1.0E-4,1.0E-4,1.0E-4,0.0,0.0
12.0,23.0,1.0E-4,1.0E-4,1.0E-4,1.0E-4,100.0,0.0
12.0,22.0,1.0E-4,1.0E-4,1.0E-4,1.0E-4,0.0,0.0
12.0,18.0,1.0E-4,1.0E-4,1.0E-4,1.0E-4,0.0,0.0
12.0,15.0,1.0E-4,1.0E-4,1.0E-4,1.0E-4,0.0,0.0
12.0,12.0,1.0E-4,1.0E-4,1.0E-4,1.0E-4,100.0,0.0
12.0,10.0,1.0E-4,1.0E-4,1.0E-4,1.0E-4,100.0,0.0
12.0,9.0,1.0E-4,1.0E-4,1.0E-4,1.0E-4,0.0,0.0
12.0,8.0,1.0E-4,1.0E-4,1.0E-4,1.0E-4,0.0,0.0
12.0,4.0,1.0E-4,1.0E-4,1.0E-4,1.0E-4,200.0,0.0
12.0,3.0,1.0E-4,1.0E-4,1.0E-4,1.0E-4,900.0,0.0
12.0,2.0,1.0E-4,1.0E-4,1.0E-4,1.0E-4,100.0,0.0
12.0,1.0,1.0E-4,2.0E-4,1.0E-4,1.0E-4,600.0,0.0
11.0,25.0,2.0E-4,2.0E-4,1.0E-4,1.0E-4,100.0,-1.0E-4
11.0,21.0,1.0E-4,1.0E-4,1.0E-4,1.0E-4,0.0,0.0
11.0,20.0,1.0E-4,2.0E-4,1.0E-4,2.0E-4,800.0,1.0E-4
11.0,19.0,2.0E-4,2.0E-4,1.0E-4,1.0E-4,100.0,-1.0E-4
11.0,18.0,2.0E-4,2.0E-4,1.0E-4,1.0E-4,1100.0,-1.0E-4
11.0,17.0,1.0E-4,2.0E-4,1.0E-4,1.0E-4,600.0,0.0
11.0,14.0,1.0E-4,2.0E-4,1.0E-4,2.0E-4,500.0,1.0E-4
11.0,13.0,2.0E-4,2.0E-4,1.0E-4,2.0E-4,2900.0,0.0
11.0,12.0,2.0E-4,2.0E-4,2.0E-4,2.0E-4,1400.0,0.0
11.0,11.0,2.0E-4,2.0E-4,1.0E-4,1.0E-4,1100.0,-1.0E-4
11.0,10.0,2.0E-4,2.0E-4,1.0E-4,1.0E-4,100.0,-1.0E-4
11.0,7.0,2.0E-4,2.0E-4,2.0E-4,2.0E-4,100.0,0.0
11.0,6.0,1.0E-4,1.0E-4,1.0E-4,1.0E-4,0.0,0.0
11.0,5.0,2.0E-4,2.0E-4,1.0E-4,1.0E-4,200.0,-1.0E-4
11.0,4.0,1.0E-4,2.0E-4,1.0E-4,2.0E-4,400.0,1.0E-4
11.0,3.0,2.0E-4,2.0E-4,1.0E-4,2.0E-4,300.0,0.0
10.0,31.0,2.0E-4,2.0E-4,1.0E-4,1.0E-4,0.0,-1.0E-4
10.0,30.0,1.0E-4,2.0E-4,1.0E-4,2.0E-4,200.0,1.0E-4
10.0,29.0,1.0E-4,2.0E-4,1.0E-4,1.0E-4,300.0,0.0
10.0,28.0,1.0E-4,1.0E-4,1.0E-4,1.0E-4,0.0,0.0
10.0,24.0,2.0E-4,2.0E-4,2.0E-4,2.0E-4,200.0,0.0
10.0,23.0,2.0E-4,2.0E-4,1.0E-4,1.0E-4,600.0,-1.0E-4
10.0,22.0,2.0E-4,3.0E-4,1.0E-4,2.0E-4,600.0,0.0
10.0,21.0,3.0E-4,3.0E-4,2.0E-4,2.0E-4,2000.0,-9.999999999999996E-5
10.0,20.0,1.0E-4,4.0E-4,1.0E-4,3.0E-4,10200.0,1.9999999999999998E-4
10.0,16.0,2.0E-4,2.0E-4,1.0E-4,2.0E-4,2200.0,0.0
10.0,15.0,2.0E-4,2.0E-4,2.0E-4,2.0E-4,0.0,0.0
10.0,14.0,1.0E-4,1.0E-4,1.0E-4,1.0E-4,600.0,0.0
10.0,10.0,2.0E-4,2.0E-4,1.0E-4,2.0E-4,200.0,0.0
10.0,9.0,2.0E-4,2.0E-4,1.0E-4,1.0E-4,5000.0,-1.0E-4
10.0,8.0,1.0E-4,2.0E-4,1.0E-4,2.0E-4,300.0,1.0E-4
10.0,7.0,2.0E-4,2.0E-4,1.0E-4,2.0E-4,4300.0,0.0
10.0,6.0,1.0E-4,2.0E-4,1.0E-4,2.0E-4,100.0,1.0E-4
10.0,3.0,1.0E-4,2.0E-4,1.0E-4,2.0E-4,0.0,1.0E-4
10.0,2.0,1.0E-4,2.0E-4,1.0E-4,2.0E-4,100.0,1.0E-4
10.0,1.0,2.0E-4,2.0E-4,1.0E-4,2.0E-4,200.0,0.0
9.0,30.0,2.0E-4,2.0E-4,1.0E-4,2.0E-4,100.0,0.0
9.0,29.0,2.0E-4,3.0E-4,1.0E-4,2.0E-4,900.0,0.0
9.0,26.0,2.0E-4,2.0E-4,2.0E-4,2.0E-4,100.0,0.0
9.0,25.0,1.0E-4,2.0E-4,1.0E-4,2.0E-4,500.0,1.0E-4
9.0,24.0,1.0E-4,3.0E-4,1.0E-4,3.0E-4,600.0,1.9999999999999998E-4
9.0,23.0,2.0E-4,2.0E-4,1.0E-4,2.0E-4,100.0,0.0
9.0,22.0,2.0E-4,3.0E-4,2.0E-4,2.0E-4,200.0,0.0
9.0,19.0,2.0E-4,2.0E-4,1.0E-4,1.0E-4,400.0,-1.0E-4
9.0,18.0,2.0E-4,3.0E-4,2.0E-4,2.0E-4,800.0,0.0
9.0,17.0,2.0E-4,2.0E-4,1.0E-4,2.0E-4,700.0,0.0
9.0,16.0,1.0E-4,3.0E-4,1.0E-4,2.0E-4,400.0,1.0E-4
9.0,15.0,2.0E-4,2.0E-4,2.0E-4,2.0E-4,1000.0,0.0
9.0,12.0,2.0E-4,2.0E-4,2.0E-4,2.0E-4,1600.0,0.0
9.0,11.0,3.0E-4,3.0E-4,2.0E-4,2.0E-4,400.0,-9.999999999999996E-5
9.0,10.0,3.0E-4,3.0E-4,2.0E-4,3.0E-4,300.0,0.0
9.0,9.0,3.0E-4,3.0E-4,2.0E-4,3.0E-4,600.0,0.0
9.0,8.0,3.0E-4,4.0E-4,2.0E-4,3.0E-4,1100.0,0.0
9.0,5.0,3.0E-4,3.0E-4,2.0E-4,3.0E-4,600.0,0.0
9.0,4.0,4.0E-4,4.0E-4,2.0E-4,3.0E-4,1500.0,-1.0000000000000005E-4
9.0,3.0,4.0E-4,4.0E-4,3.0E-4,4.0E-4,900.0,0.0
9.0,2.0,4.0E-4,4.0E-4,4.0E-4,4.0E-4,200.0,0.0
8.0,29.0,5.0E-4,5.0E-4,3.0E-4,3.0E-4,1000.0,-2.0000000000000004E-4
8.0,28.0,5.0E-4,5.0E-4,3.0E-4,4.0E-4,500.0,-9.999999999999999E-5
8.0,27.0,5.0E-4,5.0E-4,3.0E-4,5.0E-4,600.0,0.0
8.0,26.0,4.0E-4,5.0E-4,4.0E-4,4.0E-4,1800.0,0.0
8.0,25.0,5.0E-4,6.0E-4,3.0E-4,4.0E-4,2200.0,-9.999999999999999E-5
8.0,22.0,7.0E-4,7.0E-4,4.0E-4,5.0E-4,3500.0,-1.9999999999999998E-4
8.0,21.0,7.0E-4,9.0E-4,4.0E-4,6.0E-4,13500.0,-1.0000000000000005E-4
8.0,20.0,7.0E-4,7.0E-4,4.0E-4,5.0E-4,500.0,-1.9999999999999998E-4
8.0,19.0,5.0E-4,7.0E-4,5.0E-4,5.0E-4,0.0,0.0
8.0,18.0,6.0E-4,7.0E-4,5.0E-4,7.0E-4,900.0,1.0000000000000005E-4
8.0,15.0,6.0E-4,6.0E-4,5.0E-4,6.0E-4,800.0,0.0
8.0,14.0,7.0E-4,7.0E-4,5.0E-4,6.0E-4,1600.0,-1.0000000000000005E-4
8.0,13.0,7.0E-4,8.0E-4,5.0E-4,6.0E-4,2200.0,-1.0000000000000005E-4
8.0,12.0,8.0E-4,9.0E-4,6.0E-4,8.0E-4,1900.0,0.0
8.0,11.0,0.0012,0.0012,8.0E-4,8.0E-4,1700.0,-3.9999999999999986E-4
8.0,8.0,0.001,0.0012,8.0E-4,0.0012,1500.0,1.9999999999999987E-4
8.0,7.0,0.0011,0.0013,8.0E-4,0.0012,7600.0,9.999999999999983E-5
8.0,6.0,7.0E-4,0.001,6.0E-4,9.0E-4,9100.0,1.9999999999999998E-4
8.0,5.0,8.0E-4,0.001,5.0E-4,7.0E-4,4600.0,-1.0000000000000005E-4
8.0,4.0,7.0E-4,0.0011,5.0E-4,8.0E-4,3800.0,1.0000000000000005E-4
8.0,1.0,0.001,0.001,5.0E-4,6.0E-4,2500.0,-4.000000000000001E-4
7.0,31.0,0.0012,0.0012,8.0E-4,9.0E-4,900.0,-2.999999999999999E-4
7.0,30.0,0.0011,0.0018,9.0E-4,0.0012,7300.0,9.999999999999983E-5
7.0,29.0,0.0016,0.002,0.001,0.0012,1000.0,-4.000000000000002E-4
7.0,28.0,0.0021,0.0022,0.0011,0.0014,2400.0,-6.999999999999999E-4
7.0,25.0,0.0032,0.0032,0.002,0.0024,4100.0,-8.000000000000004E-4
7.0,24.0,0.0029,0.004,0.002,0.0026,7600.0,-2.999999999999999E-4
7.0,23.0,9.0E-4,0.004,9.0E-4,0.0015,3800.0,6.000000000000001E-4
7.0,22.0,3.0E-4,3.0E-4,3.0E-4,3.0E-4,0.0,0.0
7.0,17.0,0.001,0.001,0.001,0.001,0.0,0.0
7.0,15.0,3.0E-4,3.0E-4,3.0E-4,3.0E-4,0.0,0.0
7.0,7.0,0.001,0.001,0.001,0.001,0.0,0.0
6.0,30.0,3.0E-4,0.001,3.0E-4,0.001,0.0,7.000000000000001E-4
6.0,26.0,0.001,0.001,3.0E-4,0.001,0.0,0.0
6.0,25.0,5.0E-4,0.001,3.0E-4,0.001,0.0,5.0E-4
6.0,20.0,0.001,0.001,9.0E-4,9.0E-4,0.0,-1.0000000000000005E-4
6.0,19.0,8.0E-4,0.001,8.0E-4,8.0E-4,0.0,0.0
6.0,18.0,8.0E-4,8.0E-4,8.0E-4,8.0E-4,0.0,0.0
6.0,16.0,4.0E-4,8.0E-4,4.0E-4,8.0E-4,0.0,4.0E-4
6.0,11.0,8.0E-4,8.0E-4,3.0E-4,8.0E-4,0.0,0.0
6.0,9.0,9.0E-4,0.001,9.0E-4,9.0E-4,0.0,0.0
6.0,6.0,9.0E-4,9.0E-4,5.0E-4,9.0E-4,0.0,0.0
6.0,4.0,9.0E-4,9.0E-4,9.0E-4,9.0E-4,0.0,0.0
6.0,2.0,0.001,0.001,9.0E-4,9.0E-4,0.0,-1.0000000000000005E-4
5.0,30.0,6.0E-4,0.001,5.0E-4,7.0E-4,600.0,1.0000000000000005E-4
5.0,29.0,5.0E-4,6.0E-4,5.0E-4,6.0E-4,0.0,9.999999999999994E-5
5.0,28.0,7.0E-4,7.0E-4,6.0E-4,6.0E-4,0.0,-1.0000000000000005E-4
5.0,27.0,6.0E-4,6.0E-4,6.0E-4,6.0E-4,0.0,0.0
5.0,23.0,6.0E-4,6.0E-4,5.0E-4,6.0E-4,100.0,0.0
5.0,22.0,5.0E-4,5.0E-4,5.0E-4,5.0E-4,0.0,0.0
5.0,21.0,7.0E-4,7.0E-4,5.0E-4,5.0E-4,900.0,-1.9999999999999998E-4
5.0,20.0,7.0E-4,0.0012,6.0E-4,9.0E-4,1500.0,1.9999999999999998E-4
5.0,19.0,8.0E-4,9.0E-4,6.0E-4,8.0E-4,0.0,0.0
5.0,16.0,0.001,0.001,6.0E-4,8.0E-4,100.0,-1.9999999999999998E-4
5.0,15.0,0.0014,0.0014,0.0012,0.0012,0.0,-2.000000000000001E-4
5.0,14.0,0.0018,0.0018,0.001,0.0012,0.0,-6.000000000000001E-4
5.0,13.0,0.0013,0.0014,6.0E-4,0.0014,200.0,1.0000000000000005E-4
5.0,9.0,0.0014,0.0014,7.0E-4,0.0013,100.0,-1.0000000000000005E-4
5.0,8.0,0.0017,0.0017,9.0E-4,0.0014,0.0,-2.999999999999999E-4
5.0,7.0,0.001,0.0017,9.0E-4,9.0E-4,0.0,-1.0000000000000005E-4
5.0,6.0,0.0015,0.0017,0.001,0.0017,0.0,1.9999999999999987E-4
5.0,5.0,0.0015,0.0017,0.0015,0.0017,200.0,1.9999999999999987E-4
5.0,2.0,0.0012,0.0017,0.001,0.0015,100.0,3.0000000000000014E-4
5.0,1.0,0.0015,0.0017,0.0015,0.0015,0.0,0.0
4.0,30.0,0.0015,0.0017,0.0012,0.0017,0.0,1.9999999999999987E-4
4.0,29.0,0.0017,0.0017,0.0015,0.0017,0.0,0.0
4.0,28.0,0.0015,0.0017,0.0012,0.0017,0.0,1.9999999999999987E-4
4.0,25.0,0.002,0.002,0.0019,0.0019,0.0,-1.0000000000000005E-4
4.0,24.0,0.0019,0.0023,0.0015,0.002,3000.0,1.0000000000000005E-4
4.0,22.0,0.0011,0.002,0.001,0.0019,0.0,7.999999999999999E-4
4.0,21.0,0.0011,0.0011,0.0011,0.0011,0.0,0.0
4.0,18.0,0.0021,0.0021,0.0011,0.0014,200.0,-6.999999999999999E-4
4.0,17.0,0.002,0.0026,0.002,0.0021,3000.0,9.999999999999983E-5
4.0,16.0,0.003,0.003,0.002,0.002,0.0,-0.001
4.0,15.0,0.002,0.0025,0.002,0.0025,0.0,5.0E-4
4.0,14.0,0.003,0.003,0.002,0.002,0.0,-0.001
4.0,11.0,0.004,0.004,0.002,0.003,0.0,-0.001
4.0,10.0,0.003,0.004,0.002,0.003,0.0,0.0
4.0,9.0,0.003,0.003,0.002,0.0025,0.0,-5.0E-4
4.0,8.0,0.004,0.004,0.003,0.004,0.0,0.0
4.0,7.0,0.0016,0.004,0.0015,0.004,100.0,0.0024000000000000002
4.0,4.0,0.0015,0.0016,7.0E-4,0.0016,0.0,1.0000000000000005E-4
4.0,3.0,0.0012,0.0015,0.0012,0.0015,0.0,3.0000000000000014E-4
4.0,2.0,0.0012,0.0012,0.0012,0.0012,0.0,0.0
3.0,28.0,0.001,0.001,0.001,0.001,100.0,0.0
3.0,27.0,0.001,0.001,5.0E-4,0.001,100.0,0.0
3.0,26.0,0.001,0.001,0.001,0.001,0.0,0.0
3.0,25.0,0.001,0.001,0.001,0.001,0.0,0.0
3.0,20.0,0.001,0.001,0.001,0.001,0.0,0.0
3.0,19.0,6.0E-4,0.001,6.0E-4,9.0E-4,0.0,3.0000000000000003E-4
3.0,18.0,6.0E-4,6.0E-4,5.0E-4,6.0E-4,0.0,0.0
3.0,17.0,0.001,0.001,0.001,0.001,0.0,0.0
3.0,14.0,0.0012,0.0012,0.0011,0.0011,0.0,-9.999999999999983E-5
3.0,13.0,0.0012,0.0012,0.001,0.001,0.0,-1.9999999999999987E-4
3.0,12.0,0.0016,0.0016,0.0013,0.0013,0.0,-3.0000000000000014E-4
3.0,6.0,0.0016,0.0016,0.0016,0.0016,0.0,0.0
2.0,27.0,0.002,0.002,0.002,0.002,0.0,0.0
2.0,26.0,0.0021,0.0021,0.002,0.002,0.0,-9.999999999999983E-5
2.0,25.0,0.002,0.002,0.002,0.002,0.0,0.0
2.0,22.0,0.0021,0.0021,0.0021,0.0021,0.0,0.0
2.0,21.0,0.0029,0.003,0.0021,0.0021,0.0,-7.999999999999999E-4
2.0,20.0,0.002,0.003,0.0018,0.003,0.0,0.001
2.0,19.0,0.002,0.003,0.0018,0.003,0.0,0.001
2.0,15.0,0.0027,0.003,0.0025,0.0029,0.0,1.9999999999999966E-4
2.0,14.0,0.003,0.003,0.003,0.003,0.0,0.0
2.0,13.0,0.003,0.003,0.003,0.003,0.0,0.0
2.0,12.0,0.004,0.004,0.004,0.004,0.0,0.0
2.0,11.0,0.003,0.003,0.0025,0.0025,0.0,-5.0E-4
2.0,8.0,0.003,0.003,0.003,0.003,0.0,0.0
2.0,6.0,0.005,0.005,0.004,0.004,0.0,-0.001
2.0,5.0,0.006,0.006,0.005,0.006,0.0,0.0
2.0,4.0,0.006,0.006,0.005,0.006,0.0,0.0
1.0,31.0,0.003,0.003,0.003,0.003,0.0,0.0
1.0,30.0,0.006,0.006,0.005,0.005,0.0,-0.001
1.0,28.0,0.007,0.007,0.006,0.006,0.0,-0.001
1.0,25.0,0.009,0.009,0.007,0.007,0.0,-0.001999999999999999
1.0,24.0,0.009,0.009,0.008,0.008,0.0,-9.999999999999992E-4
1.0,23.0,0.008,0.008,0.006,0.006,0.0,-0.002
1.0,22.0,0.008,0.008,0.008,0.008,0.0,0.0
1.0,18.0,0.008,0.009,0.006,0.006,0.0,-0.002
1.0,17.0,0.008,0.008,0.006,0.008,0.0,0.0
1.0,16.0,0.005,0.005,0.005,0.005,0.0,0.0
1.0,15.0,0.008,0.008,0.005,0.005,0.0,-0.003
1.0,14.0,0.009,0.009,0.009,0.009,0.0,0.0
1.0,11.0,0.005,0.01,0.005,0.01,0.0,0.005
1.0,10.0,0.01,0.01,0.005,0.01,0.0,0.0
1.0,9.0,0.01,0.01,0.01,0.01,0.0,0.0
1.0,8.0,0.012,0.012,0.01,0.01,0.0,-0.002
1.0,7.0,0.015,0.015,0.01,0.011,0.0,-0.004
12.0,28.0,1.0E-4,1.0E-4,1.0E-4,1.0E-4,0.0,0.0
12.0,27.0,1.0E-4,1.0E-4,1.0E-4,1.0E-4,0.0,0.0
12.0,26.0,1.0E-4,1.0E-4,1.0E-4,1.0E-4,0.0,0.0
12.0,21.0,1.0E-4,1.0E-4,1.0E-4,1.0E-4,0.0,0.0
12.0,20.0,1.0E-4,1.0E-4,1.0E-4,1.0E-4,0.0,0.0
12.0,19.0,1.0E-4,1.0E-4,1.0E-4,1.0E-4,0.0,0.0
12.0,18.0,1.0E-4,1.0E-4,1.0E-4,1.0E-4,0.0,0.0
12.0,17.0,1.0E-4,1.0E-4,1.0E-4,1.0E-4,0.0,0.0
12.0,14.0,1.0E-4,1.0E-4,1.0E-4,1.0E-4,0.0,0.0
12.0,13.0,1.0E-4,1.0E-4,1.0E-4,1.0E-4,0.0,0.0
12.0,12.0,1.0E-4,1.0E-4,1.0E-4,1.0E-4,0.0,0.0
12.0,10.0,1.0E-4,1.0E-4,1.0E-4,1.0E-4,0.0,0.0
12.0,7.0,1.0E-4,1.0E-4,1.0E-4,1.0E-4,0.0,0.0
12.0,6.0,1.0E-4,1.0E-4,1.0E-4,1.0E-4,0.0,0.0
12.0,5.0,1.0E-4,1.0E-4,1.0E-4,1.0E-4,0.0,0.0
12.0,4.0,1.0E-4,1.0E-4,1.0E-4,1.0E-4,0.0,0.0
12.0,3.0,1.0E-4,1.0E-4,1.0E-4,1.0E-4,0.0,0.0
11.0,30.0,1.0E-4,1.0E-4,1.0E-4,1.0E-4,0.0,0.0
11.0,29.0,1.0E-4,1.0E-4,1.0E-4,1.0E-4,0.0,0.0
11.0,28.0,1.0E-4,1.0E-4,1.0E-4,1.0E-4,0.0,0.0
11.0,27.0,1.0E-4,1.0E-4,1.0E-4,1.0E-4,0.0,0.0
11.0,26.0,1.0E-4,1.0E-4,1.0E-4,1.0E-4,0.0,0.0
11.0,23.0,1.0E-4,1.0E-4,1.0E-4,1.0E-4,0.0,0.0
11.0,21.0,1.0E-4,1.0E-4,1.0E-4,1.0E-4,0.0,0.0
11.0,20.0,1.0E-4,1.0E-4,1.0E-4,1.0E-4,0.0,0.0
11.0,19.0,1.0E-4,1.0E-4,1.0E-4,1.0E-4,0.0,0.0
11.0,16.0,1.0E-4,1.0E-4,1.0E-4,1.0E-4,0.0,0.0
11.0,15.0,1.0E-4,1.0E-4,1.0E-4,1.0E-4,0.0,0.0
11.0,14.0,1.0E-4,1.0E-4,1.0E-4,1.0E-4,0.0,0.0
11.0,13.0,1.0E-4,1.0E-4,1.0E-4,1.0E-4,0.0,0.0
11.0,12.0,1.0E-4,2.0E-4,1.0E-4,1.0E-4,0.0,0.0
11.0,9.0,1.0E-4,2.0E-4,1.0E-4,1.0E-4,0.0,0.0
11.0,8.0,1.0E-4,1.0E-4,1.0E-4,1.0E-4,0.0,0.0
11.0,7.0,2.0E-4,2.0E-4,1.0E-4,1.0E-4,0.0,-1.0E-4
11.0,6.0,1.0E-4,2.0E-4,1.0E-4,2.0E-4,0.0,1.0E-4
11.0,5.0,2.0E-4,2.0E-4,1.0E-4,2.0E-4,0.0,0.0
11.0,2.0,1.0E-4,2.0E-4,1.0E-4,2.0E-4,0.0,1.0E-4
11.0,1.0,1.0E-4,2.0E-4,1.0E-4,1.0E-4,0.0,0.0
10.0,31.0,1.0E-4,1.0E-4,1.0E-4,1.0E-4,0.0,0.0
10.0,30.0,1.0E-4,2.0E-4,1.0E-4,1.0E-4,0.0,0.0
10.0,29.0,2.0E-4,2.0E-4,1.0E-4,2.0E-4,0.0,0.0
10.0,26.0,2.0E-4,2.0E-4,1.0E-4,2.0E-4,0.0,0.0
10.0,25.0,2.0E-4,2.0E-4,1.0E-4,2.0E-4,100.0,0.0
10.0,24.0,2.0E-4,2.0E-4,2.0E-4,2.0E-4,0.0,0.0
10.0,23.0,2.0E-4,3.0E-4,2.0E-4,2.0E-4,0.0,0.0
10.0,22.0,3.0E-4,3.0E-4,1.0E-4,2.0E-4,0.0,-9.999999999999996E-5
10.0,19.0,3.0E-4,3.0E-4,2.0E-4,2.0E-4,0.0,-9.999999999999996E-5
10.0,18.0,3.0E-4,3.0E-4,2.0E-4,3.0E-4,0.0,0.0
10.0,17.0,2.0E-4,3.0E-4,2.0E-4,3.0E-4,0.0,9.999999999999996E-5
10.0,16.0,3.0E-4,3.0E-4,2.0E-4,2.0E-4,0.0,-9.999999999999996E-5
10.0,15.0,2.0E-4,3.0E-4,2.0E-4,3.0E-4,0.0,9.999999999999996E-5
10.0,12.0,3.0E-4,3.0E-4,2.0E-4,3.0E-4,0.0,0.0
10.0,11.0,2.0E-4,3.0E-4,2.0E-4,3.0E-4,0.0,9.999999999999996E-5
10.0,10.0,2.0E-4,3.0E-4,2.0E-4,2.0E-4,0.0,0.0
10.0,9.0,4.0E-4,4.0E-4,2.0E-4,3.0E-4,0.0,-1.0000000000000005E-4
10.0,8.0,4.0E-4,5.0E-4,3.0E-4,4.0E-4,0.0,0.0
10.0,5.0,3.0E-4,4.0E-4,3.0E-4,4.0E-4,0.0,1.0000000000000005E-4
10.0,4.0,3.0E-4,3.0E-4,2.0E-4,3.0E-4,0.0,0.0
10.0,3.0,2.0E-4,3.0E-4,2.0E-4,3.0E-4,0.0,9.999999999999996E-5
10.0,2.0,4.0E-4,4.0E-4,2.0E-4,3.0E-4,0.0,-1.0000000000000005E-4
10.0,1.0,3.0E-4,3.0E-4,3.0E-4,3.0E-4,0.0,0.0
9.0,28.0,4.0E-4,4.0E-4,3.0E-4,3.0E-4,0.0,-1.0000000000000005E-4
9.0,27.0,4.0E-4,5.0E-4,3.0E-4,4.0E-4,0.0,0.0
9.0,26.0,5.0E-4,5.0E-4,3.0E-4,3.0E-4,0.0,-2.0000000000000004E-4
9.0,25.0,3.0E-4,5.0E-4,2.0E-4,5.0E-4,0.0,2.0000000000000004E-4
9.0,24.0,3.0E-4,3.0E-4,2.0E-4,3.0E-4,0.0,0.0
9.0,21.0,3.0E-4,4.0E-4,2.0E-4,3.0E-4,0.0,0.0
9.0,20.0,5.0E-4,6.0E-4,4.0E-4,4.0E-4,0.0,-9.999999999999999E-5
9.0,19.0,6.0E-4,7.0E-4,4.0E-4,5.0E-4,0.0,-9.999999999999994E-5
9.0,18.0,7.0E-4,7.0E-4,5.0E-4,6.0E-4,0.0,-1.0000000000000005E-4
9.0,17.0,7.0E-4,8.0E-4,6.0E-4,7.0E-4,0.0,0.0
9.0,14.0,6.0E-4,6.0E-4,5.0E-4,6.0E-4,0.0,0.0
9.0,13.0,5.0E-4,6.0E-4,4.0E-4,6.0E-4,0.0,9.999999999999994E-5
9.0,12.0,4.0E-4,5.0E-4,3.0E-4,5.0E-4,0.0,9.999999999999999E-5
9.0,11.0,5.0E-4,6.0E-4,3.0E-4,3.0E-4,0.0,-2.0000000000000004E-4
9.0,10.0,4.0E-4,6.0E-4,4.0E-4,5.0E-4,0.0,9.999999999999999E-5
9.0,7.0,3.0E-4,5.0E-4,3.0E-4,4.0E-4,0.0,1.0000000000000005E-4
9.0,6.0,3.0E-4,4.0E-4,3.0E-4,3.0E-4,0.0,0.0
9.0,5.0,2.0E-4,4.0E-4,2.0E-4,3.0E-4,0.0,9.999999999999996E-5
9.0,4.0,2.0E-4,2.0E-4,2.0E-4,2.0E-4,0.0,0.0
8.0,31.0,2.0E-4,2.0E-4,2.0E-4,2.0E-4,0.0,0.0
8.0,30.0,2.0E-4,2.0E-4,2.0E-4,2.0E-4,0.0,0.0
8.0,29.0,1.0E-4,2.0E-4,1.0E-4,2.0E-4,0.0,1.0E-4
8.0,28.0,2.0E-4,2.0E-4,2.0E-4,2.0E-4,0.0,0.0
8.0,27.0,2.0E-4,2.0E-4,2.0E-4,2.0E-4,0.0,0.0
8.0,24.0,1.0E-4,1.0E-4,1.0E-4,1.0E-4,0.0,0.0
8.0,23.0,1.0E-4,1.0E-4,1.0E-4,1.0E-4,0.0,0.0
8.0,22.0,1.0E-4,1.0E-4,1.0E-4,1.0E-4,0.0,0.0
8.0,20.0,2.0E-4,2.0E-4,2.0E-4,2.0E-4,0.0,0.0
8.0,16.0,2.0E-4,2.0E-4,2.0E-4,2.0E-4,0.0,0.0
8.0,15.0,2.0E-4,2.0E-4,2.0E-4,2.0E-4,0.0,0.0
8.0,14.0,2.0E-4,2.0E-4,2.0E-4,2.0E-4,0.0,0.0
8.0,13.0,2.0E-4,2.0E-4,2.0E-4,2.0E-4,0.0,0.0
8.0,9.0,2.0E-4,3.0E-4,2.0E-4,3.0E-4,0.0,9.999999999999996E-5
8.0,8.0,2.0E-4,4.0E-4,2.0E-4,4.0E-4,0.0,2.0E-4
8.0,7.0,2.0E-4,2.0E-4,2.0E-4,2.0E-4,0.0,0.0
8.0,6.0,3.0E-4,3.0E-4,2.0E-4,2.0E-4,0.0,-9.999999999999996E-5
8.0,3.0,2.0E-4,3.0E-4,2.0E-4,2.0E-4,0.0,0.0
8.0,2.0,3.0E-4,3.0E-4,2.0E-4,2.0E-4,0.0,-9.999999999999996E-5
8.0,1.0,3.0E-4,3.0E-4,2.0E-4,3.0E-4,0.0,0.0
7.0,31.0,3.0E-4,4.0E-4,3.0E-4,3.0E-4,0.0,0.0
7.0,30.0,6.0E-4,6.0E-4,2.0E-4,3.0E-4,0.0,-3.0E-4
7.0,27.0,8.0E-4,8.0E-4,6.0E-4,7.0E-4,0.0,-1.0000000000000005E-4
7.0,26.0,6.0E-4,9.0E-4,6.0E-4,7.0E-4,0.0,1.0000000000000005E-4
7.0,25.0,5.0E-4,6.0E-4,5.0E-4,5.0E-4,0.0,0.0
7.0,24.0,7.0E-4,7.0E-4,5.0E-4,5.0E-4,0.0,-1.9999999999999998E-4
7.0,23.0,0.001,0.001,6.0E-4,6.0E-4,0.0,-4.000000000000001E-4
7.0,20.0,7.0E-4,0.001,6.0E-4,9.0E-4,0.0,1.9999999999999998E-4
7.0,19.0,8.0E-4,8.0E-4,6.0E-4,6.0E-4,0.0,-2.000000000000001E-4
7.0,18.0,9.0E-4,0.001,8.0E-4,8.0E-4,0.0,-9.999999999999994E-5
7.0,17.0,0.0012,0.0013,8.0E-4,9.0E-4,0.0,-2.999999999999999E-4
7.0,16.0,0.0014,0.0016,0.0012,0.0012,0.0,-2.000000000000001E-4
7.0,13.0,0.0013,0.0015,0.0013,0.0014,0.0,1.0000000000000005E-4
7.0,12.0,0.0012,0.0015,0.0012,0.0014,0.0,2.000000000000001E-4
7.0,11.0,0.0015,0.0015,0.0012,0.0014,0.0,-1.0000000000000005E-4
7.0,10.0,0.0016,0.0016,0.0011,0.0015,0.0,-1.0000000000000005E-4
7.0,9.0,0.0016,0.0017,0.0015,0.0016,0.0,0.0
7.0,6.0,0.0015,0.0016,0.0013,0.0015,0.0,0.0
7.0,5.0,0.0013,0.0017,0.0011,0.0015,0.0,2.000000000000001E-4
7.0,3.0,9.0E-4,0.0014,9.0E-4,0.0012,0.0,2.999999999999999E-4
7.0,2.0,0.001,0.0013,9.0E-4,0.001,0.0,0.0
6.0,29.0,9.0E-4,0.001,9.0E-4,0.001,0.0,1.0000000000000005E-4
6.0,28.0,8.0E-4,9.0E-4,8.0E-4,9.0E-4,0.0,9.999999999999994E-5
6.0,27.0,9.0E-4,9.0E-4,7.0E-4,7.0E-4,0.0,-1.9999999999999998E-4
6.0,26.0,8.0E-4,9.0E-4,7.0E-4,8.0E-4,0.0,0.0
6.0,25.0,6.0E-4,8.0E-4,6.0E-4,8.0E-4,0.0,2.000000000000001E-4
6.0,22.0,9.0E-4,9.0E-4,7.0E-4,7.0E-4,0.0,-1.9999999999999998E-4
6.0,21.0,0.0011,0.0011,8.0E-4,8.0E-4,0.0,-3.0000000000000003E-4
6.0,20.0,0.001,0.0012,9.0E-4,0.0011,0.0,1.0000000000000005E-4
6.0,19.0,9.0E-4,0.001,8.0E-4,0.001,0.0,1.0000000000000005E-4
6.0,18.0,9.0E-4,9.0E-4,6.0E-4,8.0E-4,0.0,-9.999999999999994E-5
6.0,15.0,6.0E-4,7.0E-4,6.0E-4,7.0E-4,0.0,1.0000000000000005E-4
6.0,14.0,6.0E-4,7.0E-4,5.0E-4,6.0E-4,0.0,0.0
6.0,13.0,6.0E-4,7.0E-4,5.0E-4,6.0E-4,0.0,0.0
6.0,12.0,7.0E-4,8.0E-4,6.0E-4,6.0E-4,0.0,-1.0000000000000005E-4
6.0,11.0,9.0E-4,9.0E-4,6.0E-4,7.0E-4,0.0,-1.9999999999999998E-4
6.0,8.0,9.0E-4,9.0E-4,7.0E-4,8.0E-4,0.0,-9.999999999999994E-5
6.0,7.0,8.0E-4,0.0012,7.0E-4,9.0E-4,0.0,9.999999999999994E-5
6.0,6.0,0.0011,0.0014,7.0E-4,7.0E-4,0.0,-4.000000000000001E-4
6.0,5.0,0.0015,0.0015,0.0012,0.0012,0.0,-3.0000000000000014E-4
6.0,4.0,0.0015,0.0015,0.0012,0.0014,0.0,-1.0000000000000005E-4
6.0,1.0,0.0015,0.0015,0.0015,0.0015,0.0,0.0
5.0,31.0,0.0013,0.0015,0.0012,0.0013,0.0,0.0
5.0,30.0,0.0014,0.0017,0.0013,0.0015,0.0,1.0000000000000005E-4
5.0,29.0,0.0017,0.0017,0.0013,0.0017,0.0,0.0
5.0,25.0,0.0015,0.0018,0.0014,0.0014,0.0,-1.0000000000000005E-4
5.0,24.0,0.002,0.002,0.0014,0.0014,0.0,-6.000000000000001E-4
5.0,23.0,0.002,0.002,0.002,0.002,0.0,0.0
5.0,22.0,0.002,0.002,0.0015,0.0015,0.0,-5.0E-4
5.0,21.0,0.0025,0.0025,0.002,0.002,0.0,-5.0E-4
5.0,18.0,0.0025,0.0025,0.0025,0.0025,0.0,0.0
5.0,16.0,0.0025,0.0025,0.0023,0.0023,0.0,-2.000000000000001E-4
5.0,15.0,0.0025,0.0025,0.0025,0.0025,0.0,0.0
5.0,14.0,0.003,0.003,0.0021,0.0024,0.0,-6.000000000000003E-4
5.0,11.0,0.0025,0.0025,0.002,0.0021,0.0,-4.000000000000002E-4
5.0,10.0,0.003,0.003,0.0027,0.003,0.0,0.0
5.0,9.0,0.003,0.003,0.003,0.003,0.0,0.0
5.0,8.0,0.0031,0.0037,0.003,0.003,0.0,-9.999999999999983E-5
5.0,7.0,0.003,0.0035,0.003,0.003,0.0,0.0
5.0,4.0,0.0035,0.0035,0.003,0.003,0.0,-5.0E-4
5.0,3.0,0.0029,0.0037,0.0028,0.0034,0.0,5.0E-4
5.0,2.0,0.0027,0.0029,0.0025,0.0025,0.0,-2.000000000000001E-4
5.0,1.0,0.0029,0.0029,0.002,0.0029,0.0,0.0
4.0,30.0,0.0025,0.0027,0.002,0.0023,0.0,-2.000000000000001E-4
4.0,27.0,0.0027,0.003,0.0025,0.0029,0.0,1.9999999999999966E-4
4.0,26.0,0.0025,0.0029,0.002,0.0027,0.0,2.000000000000001E-4
4.0,25.0,0.0026,0.0029,0.0019,0.0019,0.0,-6.999999999999999E-4
4.0,24.0,0.0022,0.0029,0.0016,0.002,0.0,-2.000000000000001E-4
4.0,23.0,0.002,0.0025,0.0018,0.002,0.0,0.0
4.0,20.0,0.0015,0.0017,0.0015,0.0017,0.0,1.9999999999999987E-4
4.0,19.0,0.0016,0.0016,0.0016,0.0016,0.0,0.0
4.0,18.0,0.0014,0.0014,0.0012,0.0013,0.0,-1.0000000000000005E-4
4.0,17.0,0.002,0.002,0.002,0.002,0.0,0.0
4.0,16.0,0.0023,0.0023,0.0016,0.0016,0.0,-6.999999999999999E-4
4.0,13.0,0.0019,0.0026,0.0015,0.002,0.0,1.0000000000000005E-4
4.0,12.0,0.0017,0.0019,0.0015,0.0019,0.0,2.000000000000001E-4
4.0,11.0,0.0021,0.0021,0.0014,0.0016,0.0,-4.999999999999998E-4
4.0,10.0,0.0019,0.0023,0.0017,0.0017,0.0,-2.000000000000001E-4
4.0,9.0,0.0028,0.0028,0.0018,0.0019,0.0,-9.0E-4
4.0,5.0,0.002,0.003,0.0019,0.0019,0.0,-1.0000000000000005E-4
4.0,4.0,0.0024,0.0024,0.0015,0.0016,0.0,-7.999999999999997E-4
4.0,3.0,0.0013,0.0025,0.0013,0.0025,0.0,0.0012000000000000001
4.0,2.0,0.0016,0.0016,0.0012,0.0015,0.0,-1.0000000000000005E-4
3.0,30.0,0.0015,0.0016,0.0015,0.0016,0.0,1.0000000000000005E-4
3.0,29.0,0.0015,0.002,0.0015,0.0015,0.0,0.0
3.0,28.0,0.002,0.002,0.0014,0.0016,0.0,-3.9999999999999996E-4
3.0,27.0,0.0025,0.0025,0.0015,0.0015,0.0,-0.001
3.0,26.0,0.002,0.0025,0.0018,0.0018,0.0,-2.000000000000001E-4
3.0,23.0,0.0025,0.0025,0.0025,0.0025,0.0,0.0
3.0,21.0,0.002,0.002,0.002,0.002,0.0,0.0
3.0,20.0,0.002,0.0024,0.002,0.0024,0.0,3.9999999999999975E-4
3.0,19.0,0.003,0.003,0.0028,0.0028,0.0,-2.000000000000001E-4
3.0,16.0,0.0022,0.0032,0.0022,0.0032,0.0,0.001
3.0,14.0,0.0024,0.003,0.0018,0.0025,0.0,1.0000000000000026E-4
3.0,13.0,0.003,0.003,0.0025,0.0025,0.0,-5.0E-4
3.0,12.0,0.003,0.003,0.0025,0.003,0.0,0.0
3.0,9.0,0.0024,0.003,0.0024,0.003,0.0,6.000000000000003E-4
3.0,8.0,0.002,0.0027,0.002,0.0022,0.0,2.000000000000001E-4
3.0,7.0,0.0015,0.002,0.0015,0.002,0.0,5.0E-4
3.0,6.0,0.0015,0.0017,0.0015,0.0015,0.0,0.0
3.0,5.0,0.0018,0.0018,0.0018,0.0018,0.0,0.0
3.0,2.0,0.0018,0.0018,0.0018,0.0018,0.0,0.0
3.0,1.0,0.0022,0.0022,0.0017,0.0022,0.0,0.0
2.0,28.0,0.002,0.0022,0.0019,0.0019,0.0,-1.0000000000000005E-4
2.0,27.0,0.0022,0.0025,0.002,0.0024,0.0,1.9999999999999966E-4
2.0,26.0,0.0019,0.0022,0.0019,0.002,0.0,1.0000000000000005E-4
2.0,23.0,0.002,0.0025,0.0018,0.0025,0.0,5.0E-4
2.0,22.0,0.003,0.0031,0.002,0.002,0.0,-0.001
2.0,21.0,0.0029,0.0039,0.0025,0.003,0.0,1.0000000000000026E-4
2.0,20.0,0.0018,0.004,0.0018,0.0028,0.0,0.001
2.0,16.0,0.0017,0.0022,0.0017,0.0019,0.0,2.000000000000001E-4
2.0,15.0,0.0016,0.0025,0.0014,0.002,0.0,3.9999999999999996E-4
2.0,14.0,0.0016,0.0018,0.0014,0.0015,0.0,-1.0000000000000005E-4
2.0,13.0,0.0013,0.0015,0.0012,0.0012,0.0,-1.0000000000000005E-4
2.0,12.0,0.0015,0.0015,0.0015,0.0015,0.0,0.0
2.0,9.0,0.0016,0.0016,0.0015,0.0015,0.0,-1.0000000000000005E-4
2.0,8.0,0.0018,0.0018,0.0018,0.0018,0.0,0.0
2.0,7.0,0.002,0.002,0.0017,0.0019,0.0,-1.0000000000000005E-4
2.0,6.0,0.0015,0.002,0.001,0.0017,0.0,1.9999999999999987E-4
2.0,5.0,0.002,0.003,0.001,0.0015,0.0,-5.0E-4
2.0,2.0,0.002,0.0028,0.0018,0.0018,0.0,-2.000000000000001E-4
2.0,1.0,0.0025,0.0025,0.0024,0.0024,0.0,-1.0000000000000026E-4
1.0,31.0,0.0028,0.0028,0.0025,0.0025,0.0,-2.999999999999999E-4
1.0,30.0,0.0026,0.003,0.0026,0.003,0.0,4.000000000000002E-4
1.0,29.0,0.0027,0.0027,0.0026,0.0026,0.0,-1.0000000000000026E-4
1.0,26.0,0.0032,0.0032,0.0028,0.0029,0.0,-3.0000000000000035E-4
1.0,25.0,0.0035,0.004,0.0027,0.003,0.0,-5.0E-4
1.0,24.0,0.005,0.005,0.002,0.0035,0.0,-0.0015
1.0,23.0,0.0045,0.005,0.004,0.005,0.0,5.000000000000004E-4
1.0,22.0,0.004,0.0045,0.004,0.0045,0.0,4.999999999999996E-4
1.0,19.0,0.0044,0.0044,0.003,0.003,0.0,-0.0014000000000000002
1.0,18.0,0.006,0.007,0.004,0.004,0.0,-0.002
1.0,17.0,0.008,0.008,0.006,0.006,0.0,-0.002
1.0,16.0,0.011,0.011,0.005,0.007,0.0,-0.003999999999999999
1.0,12.0,0.0115,0.0115,0.008,0.008,0.0,-0.0034999999999999996
1.0,11.0,0.01,0.014,0.009,0.01,0.0,0.0
1.0,10.0,0.009,0.011,0.0085,0.01,0.0,0.0010000000000000009
1.0,9.0,0.01,0.01,0.0083,0.0085,0.0,-0.0014999999999999996
1.0,8.0,0.009,0.0095,0.007,0.0095,0.0,5.000000000000004E-4
1.0,5.0,0.01,0.01,0.0085,0.009,0.0,-0.0010000000000000009
1.0,4.0,0.012,0.012,0.008,0.009,0.0,-0.003000000000000001
1.0,3.0,0.017,0.017,0.01,0.01,0.0,-0.007000000000000001
12.0,29.0,0.014,0.016,0.014,0.016,0.0,0.002
12.0,28.0,0.014,0.016,0.0125,0.014,0.0,0.0
12.0,27.0,0.016,0.017,0.012,0.014,0.0,-0.002
12.0,26.0,0.018,0.019,0.014,0.017,0.0,-9.999999999999974E-4
12.0,22.0,0.016,0.023,0.015,0.017,0.0,0.0010000000000000009
12.0,21.0,0.021,0.024,0.014,0.016,0.0,-0.005000000000000001
12.0,20.0,0.021,0.022,0.018,0.019,0.0,-0.0020000000000000018
12.0,19.0,0.02,0.021,0.018,0.02,0.0,0.0
12.0,18.0,0.022,0.024,0.019,0.02,0.0,-0.0019999999999999983
12.0,15.0,0.0235,0.0271,0.021,0.021,0.0,-0.0024999999999999988
12.0,14.0,0.023,0.024,0.014,0.021,0.0,-0.0019999999999999983
12.0,13.0,0.04,0.04,0.02,0.023,0.0,-0.017
12.0,12.0,0.05,0.06,0.03,0.035,0.0,-0.015
12.0,11.0,0.05,0.1,0.04,0.06,0.0,0.009999999999999995
12.0,8.0,0.04,0.05,0.04,0.05,0.0,0.010000000000000002
12.0,7.0,0.07,0.07,0.045,0.07,0.0,0.0
12.0,6.0,0.05,0.1,0.045,0.07,0.0,0.020000000000000004
12.0,5.0,0.05,0.05,0.03,0.05,0.0,0.0
12.0,4.0,0.06,0.06,0.05,0.05,0.0,-0.009999999999999995
12.0,1.0,0.09,0.1,0.06,0.1,0.0,0.010000000000000009
11.0,30.0,0.2,0.2,0.08,0.09,0.0,-0.11000000000000001
11.0,22.0,0.23,0.23,0.21,0.21,0.0,-0.020000000000000018
11.0,21.0,0.2,0.2,0.2,0.2,0.0,0.0
11.0,14.0,0.3,0.3,0.25,0.25,0.0,-0.04999999999999999
11.0,9.0,0.5,0.5,0.33,0.34,0.0,-0.15999999999999998
11.0,8.0,0.8,0.8,0.51,0.51,0.0,-0.29000000000000004
11.0,6.0,1.3,1.3,0.65,0.65,0.0,-0.65
11.0,3.0,1.0,1.0,0.98,1.0,0.0,0.0
11.0,2.0,1.34,1.34,1.05,1.05,0.0,-0.29000000000000004
11.0,1.0,1.5,1.5,1.4,1.4,0.0,-0.10000000000000009
10.0,30.0,2.35,2.35,1.69,1.75,0.0,-0.6000000000000001
10.0,26.0,2.4,2.4,2.4,2.4,0.0,0.0
10.0,25.0,2.25,2.4,2.25,2.4,0.0,0.1499999999999999
10.0,24.0,2.3,2.5,2.25,2.25,0.0,-0.04999999999999982
8.0,15.0,2.25,2.25,2.25,2.25,0.0,0.0
7.0,27.0,1.0,1.0,1.0,1.0,0.0,0.0
7.0,13.0,0.001,0.001,0.001,0.001,0.0,0.0
6.0,26.0,5.0E-4,5.0E-4,5.0E-4,5.0E-4,0.0,0.0
6.0,19.0,0.009,0.009,5.0E-4,5.0E-4,0.0,-0.008499999999999999
6.0,9.0,0.009,0.009,0.009,0.009,0.0,0.0
6.0,8.0,0.009,0.009,0.009,0.009,0.0,0.0
5.0,3.0,2.0E-4,2.0E-4,2.0E-4,2.0E-4,0.0,0.0
4.0,20.0,2.0E-4,2.0E-4,2.0E-4,2.0E-4,0.0,0.0
4.0,4.0,0.01,0.01,0.01,0.01,0.0,0.0
4.0,3.0,0.01,0.01,0.01,0.01,0.0,0.0
3.0,30.0,2.0E-4,3.0E-4,2.0E-4,3.0E-4,0.0,9.999999999999996E-5
3.0,23.0,0.01,0.01,2.0E-4,2.0E-4,0.0,-0.0098
3.0,2.0,0.005,0.005,0.005,0.005,0.0,0.0
2.0,27.0,0.005,0.005,0.005,0.005,0.0,0.0
2.0,22.0,0.005,0.005,0.005,0.005,0.0,0.0
2.0,20.0,0.005,0.005,0.005,0.005,0.0,0.0
2.0,17.0,0.005,0.005,0.005,0.005,0.0,0.0
2.0,16.0,0.003,0.003,0.003,0.003,0.0,0.0
2.0,15.0,0.003,0.1,0.003,0.003,0.0,0.0
1.0,20.0,0.003,0.003,0.003,0.003,0.0,0.0
7.0,18.0,0.003,0.003,0.003,0.003,0.0,0.0
1.0,20.0,0.004,0.004,0.004,0.004,0.0,0.0
4.0,9.0,0.009,0.009,0.009,0.009,0.0,0.0
3.0,29.0,0.009,0.009,0.009,0.009,0.0,0.0
12.0,10.0,0.001,0.001,0.001,0.001,0.0,0.0
1.0,24.0,0.001,0.001,0.001,0.001,0.0,0.0
1.0,23.0,0.01,0.01,0.01,0.01,0.0,0.0
11.0,19.0,0.001,0.001,0.001,0.001,0.0,0.0
11.0,18.0,0.001,0.001,0.001,0.001,0.0,0.0
11.0,15.0,0.001,0.001,0.001,0.001,0.0,0.0
11.0,14.0,0.001,0.001,0.001,0.001,0.0,0.0
11.0,13.0,0.001,0.001,0.001,0.001,0.0,0.0
11.0,6.0,0.001,0.001,0.001,0.001,0.0,0.0
10.0,30.0,0.001,0.001,0.001,0.001,0.0,0.0
10.0,29.0,0.001,0.001,0.001,0.001,0.0,0.0
10.0,18.0,0.001,0.001,0.001,0.001,0.0,0.0
9.0,26.0,0.001,0.001,0.001,0.001,0.0,0.0
9.0,24.0,0.001,0.001,0.001,0.001,0.0,0.0
9.0,19.0,0.001,0.001,0.001,0.001,0.0,0.0
9.0,13.0,0.001,0.001,0.001,0.001,0.0,0.0
9.0,4.0,0.001,0.001,0.001,0.001,0.0,0.0
9.0,2.0,0.001,0.001,0.001,0.001,0.0,0.0
8.0,29.0,0.001,0.001,0.001,0.001,0.0,0.0
8.0,28.0,0.001,0.001,0.001,0.001,0.0,0.0
8.0,23.0,0.001,0.001,0.001,0.001,0.0,0.0
8.0,19.0,0.001,0.001,0.001,0.001,0.0,0.0
8.0,2.0,0.001,0.001,0.001,0.001,0.0,0.0
7.0,16.0,0.001,0.001,0.001,0.001,0.0,0.0
7.0,12.0,0.001,0.001,0.001,0.001,0.0,0.0
7.0,9.0,0.001,0.001,0.001,0.001,0.0,0.0
7.0,4.0,0.001,0.001,0.001,0.001,0.0,0.0
6.0,17.0,0.001,0.001,0.001,0.001,0.0,0.0
5.0,30.0,0.001,0.001,0.001,0.001,0.0,0.0
5.0,27.0,0.001,0.001,0.001,0.001,0.0,0.0
5.0,23.0,0.001,0.001,0.001,0.001,0.0,0.0
5.0,22.0,0.001,0.001,0.001,0.001,0.0,0.0
4.0,25.0,0.001,0.001,0.001,0.001,0.0,0.0
4.0,15.0,0.001,0.001,0.001,0.001,0.0,0.0
4.0,12.0,0.001,0.001,0.001,0.001,0.0,0.0
4.0,8.0,0.001,0.001,0.001,0.001,0.0,0.0
3.0,29.0,0.001,0.001,0.001,0.001,0.0,0.0
3.0,25.0,0.001,0.001,0.001,0.001,0.0,0.0
3.0,12.0,0.001,0.001,0.001,0.001,0.0,0.0
3.0,7.0,0.001,0.001,0.001,0.001,0.0,0.0
3.0,5.0,0.001,0.001,0.001,0.001,0.0,0.0
2.0,28.0,0.001,0.001,0.001,0.001,0.0,0.0
2.0,27.0,0.001,0.001,0.001,0.001,0.0,0.0
2.0,26.0,0.001,0.001,0.001,0.001,0.0,0.0
2.0,22.0,0.001,0.001,0.001,0.001,0.0,0.0
2.0,20.0,0.001,0.001,0.001,0.001,0.0,0.0
2.0,19.0,0.002,0.002,0.002,0.002,0.0,0.0
2.0,18.0,0.002,0.002,0.002,0.002,0.0,0.0
2.0,5.0,0.002,0.002,0.002,0.002,0.0,0.0
1.0,25.0,0.002,0.002,0.002,0.002,0.0,0.0
1.0,22.0,0.002,0.002,0.002,0.002,0.0,0.0
1.0,21.0,0.002,0.002,0.002,0.002,0.0,0.0
1.0,1.0,0.002,0.002,0.002,0.002,0.0,0.0
12.0,31.0,0.002,0.002,0.002,0.002,0.0,0.0
12.0,28.0,0.002,0.002,0.002,0.002,0.0,0.0
12.0,27.0,0.002,0.002,0.002,0.002,0.0,0.0
12.0,25.0,0.002,0.002,0.002,0.002,0.0,0.0
12.0,24.0,0.002,0.002,0.002,0.002,0.0,0.0
12.0,21.0,0.002,0.002,0.002,0.002,0.0,0.0
12.0,20.0,0.002,0.002,0.002,0.002,0.0,0.0
12.0,18.0,0.002,0.002,0.002,0.002,0.0,0.0
12.0,13.0,0.002,0.002,0.002,0.002,0.0,0.0
12.0,10.0,0.002,0.002,0.002,0.002,0.0,0.0
12.0,6.0,0.002,0.002,0.002,0.002,0.0,0.0
12.0,4.0,0.002,0.002,0.002,0.002,0.0,0.0
12.0,3.0,0.002,0.002,0.002,0.002,0.0,0.0
11.0,29.0,0.002,0.008,0.002,0.002,0.0,0.0
11.0,28.0,0.002,0.002,0.002,0.002,0.0,0.0
11.0,22.0,0.002,0.002,0.002,0.002,0.0,0.0
10.0,31.0,0.002,0.002,0.002,0.002,0.0,0.0
10.0,23.0,0.002,0.002,0.002,0.002,0.0,0.0
10.0,16.0,0.002,0.002,0.002,0.002,0.0,0.0
10.0,2.0,0.002,0.002,0.002,0.002,0.0,0.0
9.0,25.0,0.002,0.002,0.002,0.002,0.0,0.0
9.0,24.0,0.001,0.001,0.001,0.001,0.0,0.0
9.0,17.0,0.002,0.002,0.002,0.002,0.0,0.0
9.0,14.0,0.002,0.002,0.002,0.002,0.0,0.0
9.0,13.0,0.002,0.002,0.002,0.002,0.0,0.0
9.0,12.0,0.002,0.002,0.002,0.002,0.0,0.0
9.0,11.0,0.002,0.002,0.002,0.002,0.0,0.0
9.0,3.0,0.002,0.002,0.002,0.002,0.0,0.0
8.0,24.0,0.002,0.002,0.002,0.002,0.0,0.0
8.0,23.0,0.002,0.002,0.002,0.002,0.0,0.0
8.0,17.0,0.002,0.002,0.002,0.002,0.0,0.0
8.0,15.0,0.003,0.003,0.003,0.003,0.0,0.0
8.0,7.0,0.003,0.003,0.003,0.003,0.0,0.0
7.0,6.0,0.003,0.003,0.003,0.003,0.0,0.0
7.0,4.0,0.003,0.003,0.003,0.003,0.0,0.0
6.0,25.0,0.003,0.003,0.001,0.003,0.0,0.0
6.0,21.0,0.003,0.003,0.003,0.003,0.0,0.0
6.0,19.0,0.003,0.003,0.003,0.003,0.0,0.0
10.0,13.0,0.01,0.01,0.01,0.01,0.0,0.0
10.0,12.0,0.01,0.01,0.01,0.01,0.0,0.0
10.0,11.0,0.01,0.01,0.01,0.01,0.0,0.0
10.0,9.0,0.01,0.01,0.01,0.01,0.0,0.0
10.0,6.0,0.01,0.01,0.01,0.01,0.0,0.0
10.0,5.0,0.01,0.01,0.01,0.01,0.0,0.0
10.0,3.0,0.01,0.01,0.01,0.01,0.0,0.0
10.0,2.0,0.01,0.01,0.01,0.01,0.0,0.0
9.0,29.0,0.01,0.01,0.01,0.01,0.0,0.0
9.0,28.0,0.01,0.01,0.01,0.01,0.0,0.0
9.0,25.0,0.01,0.01,0.01,0.01,0.0,0.0
9.0,22.0,0.01,0.01,0.01,0.01,0.0,0.0
9.0,21.0,0.01,0.01,0.01,0.01,0.0,0.0
9.0,20.0,0.01,0.01,0.01,0.01,0.0,0.0
9.0,19.0,0.01,0.01,0.01,0.01,0.0,0.0
9.0,18.0,0.01,0.01,0.01,0.01,0.0,0.0
9.0,15.0,0.03,0.03,0.01,0.03,0.0,0.0
9.0,7.0,0.01,0.01,0.01,0.01,0.0,0.0
9.0,6.0,0.011,0.011,0.01,0.011,0.0,0.0
9.0,4.0,0.015,0.015,0.015,0.015,0.0,0.0
8.0,31.0,0.015,0.015,0.015,0.015,0.0,0.0
8.0,29.0,0.015,0.015,0.015,0.015,0.0,0.0
8.0,24.0,0.02,0.02,0.02,0.02,0.0,0.0
8.0,21.0,0.02,0.02,0.02,0.02,0.0,0.0
8.0,17.0,0.02,0.02,0.02,0.02,0.0,0.0
8.0,15.0,0.02,0.02,0.02,0.02,0.0,0.0
8.0,14.0,0.02,0.02,0.02,0.02,0.0,0.0
8.0,11.0,0.02,0.02,0.02,0.02,0.0,0.0
8.0,8.0,0.02,0.02,0.02,0.02,0.0,0.0
8.0,7.0,0.02,0.02,0.02,0.02,0.0,0.0
8.0,4.0,0.02,0.02,0.02,0.02,0.0,0.0
8.0,2.0,0.02,0.02,0.02,0.02,0.0,0.0
8.0,1.0,0.02,0.02,0.02,0.02,0.0,0.0
7.0,31.0,0.035,0.035,0.035,0.035,0.0,0.0
7.0,28.0,0.035,0.035,0.035,0.035,0.0,0.0
7.0,26.0,0.02,0.02,0.02,0.02,0.0,0.0
7.0,25.0,0.035,0.035,0.035,0.035,0.0,0.0
7.0,21.0,0.025,0.025,0.025,0.025,0.0,0.0
7.0,20.0,0.02,0.02,0.02,0.02,0.0,0.0
7.0,19.0,0.035,0.035,0.02,0.035,0.0,0.0
7.0,18.0,0.035,0.035,0.02,0.035,0.0,0.0
7.0,17.0,0.035,0.035,0.035,0.035,0.0,0.0
7.0,13.0,0.02,0.02,0.02,0.02,0.0,0.0
7.0,10.0,0.035,0.035,0.035,0.035,0.0,0.0
7.0,7.0,0.02,0.03,0.02,0.02,0.0,0.0
7.0,6.0,0.02,0.02,0.02,0.02,0.0,0.0
7.0,4.0,0.02,0.02,0.02,0.02,0.0,0.0
6.0,29.0,0.02,0.03,0.02,0.02,0.0,0.0
6.0,28.0,0.025,0.03,0.02,0.025,0.0,0.0
6.0,26.0,0.03,0.03,0.03,0.03,0.0,0.0
6.0,23.0,0.04,0.04,0.04,0.04,0.0,0.0
6.0,22.0,0.04,0.04,0.04,0.04,0.0,0.0
6.0,21.0,0.04,0.04,0.04,0.04,0.0,0.0
6.0,14.0,0.04,0.04,0.04,0.04,0.0,0.0
6.0,13.0,0.05,0.05,0.035,0.05,0.0,0.0
6.0,9.0,0.03,0.03,0.03,0.03,0.0,0.0
6.0,8.0,0.05,0.05,0.05,0.05,0.0,0.0
6.0,7.0,0.03,0.05,0.03,0.03,0.0,0.0
6.0,5.0,0.04,0.05,0.03,0.04,0.0,0.0
6.0,2.0,0.04,0.04,0.03,0.04,0.0,0.0
5.0,31.0,0.05,0.05,0.03,0.05,0.0,0.0
5.0,30.0,0.03,0.03,0.03,0.03,0.0,0.0
5.0,29.0,0.04,0.04,0.04,0.04,0.0,0.0
5.0,25.0,0.04,0.04,0.04,0.04,0.0,0.0
5.0,23.0,0.04,0.04,0.04,0.04,0.0,0.0
5.0,22.0,0.04,0.07,0.04,0.04,0.0,0.0
5.0,19.0,0.08,0.08,0.04,0.08,0.0,0.0
5.0,17.0,0.04,0.04,0.04,0.04,0.0,0.0
5.0,15.0,0.04,0.05,0.04,0.04,0.0,0.0
5.0,12.0,0.05,0.05,0.05,0.05,0.0,0.0
5.0,11.0,0.08,0.08,0.04,0.08,0.0,0.0
5.0,10.0,0.05,0.05,0.04,0.05,0.0,0.0
5.0,8.0,0.05,0.05,0.05,0.05,0.0,0.0
5.0,5.0,0.05,0.05,0.04,0.05,0.0,0.0
5.0,3.0,0.04,0.05,0.04,0.04,0.0,0.0
3.0,8.0,0.15,0.16,0.125,0.15,0.0,0.0
3.0,7.0,0.15,0.18,0.15,0.15,0.0,0.0
3.0,3.0,0.15,0.2,0.15,0.15,0.0,0.0
3.0,2.0,0.18,0.18,0.15,0.18,0.0,0.0
3.0,1.0,0.15,0.18,0.15,0.15,0.0,0.0
2.0,29.0,0.165,0.2,0.15,0.165,0.0,0.0
2.0,28.0,0.15,0.24,0.15,0.15,0.0,0.0
2.0,25.0,0.24,0.3,0.21,0.24,0.0,0.0
2.0,23.0,0.17,0.175,0.145,0.17,0.0,0.0
2.0,22.0,0.15,0.16,0.14,0.15,0.0,0.0
2.0,21.0,0.16,0.16,0.16,0.16,0.0,0.0
2.0,18.0,0.16,0.16,0.105,0.16,0.0,0.0
2.0,17.0,0.11,0.14,0.11,0.11,0.0,0.0
2.0,16.0,0.125,0.14,0.125,0.125,0.0,0.0
2.0,15.0,0.13,0.155,0.13,0.13,0.0,0.0
2.0,14.0,0.15,0.155,0.15,0.15,0.0,0.0
2.0,11.0,0.151,0.16,0.15,0.151,0.0,0.0
