9.0,25.0,25.299999,25.4,25.15,25.299999,3200.0,0.0
9.0,24.0,25.030001,25.030001,25.030001,25.030001,100.0,0.0
9.0,23.0,25.25,25.25,24.809999,24.809999,6800.0,-0.44000099999999875
9.0,22.0,25.0,25.1,24.99,25.0,10000.0,0.0
9.0,21.0,24.9,24.950001,24.85,24.9,3400.0,0.0
9.0,18.0,24.9,24.9,24.65,24.889999,3400.0,-0.010000999999999038
9.0,17.0,24.9,24.9,24.75,24.799999,7000.0,-0.1000009999999989
9.0,16.0,24.870001,24.9,24.620001,24.84,9200.0,-0.030000999999998612
9.0,15.0,24.82,24.84,24.76,24.799999,5300.0,-0.0200010000000006
9.0,14.0,24.9,24.9,24.66,24.66,3900.0,-0.23999999999999844
9.0,11.0,24.620001,24.969999,24.620001,24.719999,800.0,0.09999800000000292
9.0,10.0,24.85,24.85,24.65,24.66,3700.0,-0.19000000000000128
9.0,9.0,24.99,25.0,24.950001,25.0,5900.0,0.010000000000001563
9.0,8.0,24.690001,24.99,24.65,24.99,8000.0,0.2999989999999997
9.0,4.0,24.690001,24.809999,24.690001,24.799999,300.0,0.10999800000000093
9.0,3.0,24.67,24.67,24.43,24.51,6900.0,-0.16000000000000014
9.0,2.0,25.0,25.0,24.1,24.65,4000.0,-0.3500000000000014
9.0,1.0,25.200001,25.200001,24.799999,24.799999,4200.0,-0.40000200000000063
8.0,31.0,24.93,25.200001,24.9,25.200001,3400.0,0.2700010000000006
8.0,28.0,25.24,25.25,25.030001,25.030001,500.0,-0.20999899999999982
8.0,27.0,24.5,24.530001,24.49,24.51,2100.0,0.010000000000001563
8.0,26.0,24.35,24.450001,24.309999,24.450001,15200.0,0.1000009999999989
8.0,25.0,24.049999,24.4,24.049999,24.129999,4400.0,0.08000000000000185
8.0,24.0,24.65,24.65,23.459999,23.459999,3100.0,-1.1900009999999988
8.0,21.0,24.799999,24.799999,24.620001,24.639999,6700.0,-0.16000000000000014
8.0,20.0,25.200001,25.219999,24.799999,24.85,3300.0,-0.3500009999999989
8.0,19.0,25.25,25.25,24.85,24.85,3400.0,-0.3999999999999986
8.0,18.0,25.1,25.23,24.9,24.9,1500.0,-0.20000000000000284
8.0,17.0,24.85,25.209999,24.85,25.209999,2000.0,0.3599989999999984
8.0,14.0,25.200001,25.4,25.200001,25.4,700.0,0.19999899999999826
8.0,13.0,24.83,24.83,24.83,24.83,0.0,0.0
8.0,12.0,25.01,25.01,24.799999,24.83,7900.0,-0.18000000000000327
8.0,11.0,25.049999,25.049999,25.0,25.0,1300.0,-0.04999899999999968
8.0,10.0,25.290001,25.299999,25.290001,25.299999,200.0,0.009997999999999507
8.0,7.0,24.99,25.0,24.76,24.76,5200.0,-0.22999999999999687
8.0,6.0,25.1,25.1,24.27,24.950001,14200.0,-0.1499990000000011
8.0,5.0,25.16,25.5,25.1,25.5,10500.0,0.33999999999999986
8.0,4.0,24.85,25.16,24.85,25.02,13800.0,0.16999999999999815
8.0,3.0,24.950001,24.950001,24.58,24.879999,3000.0,-0.07000199999999879
7.0,31.0,24.15,24.950001,24.15,24.950001,2700.0,0.8000010000000017
7.0,30.0,24.4,24.73,24.4,24.5,2300.0,0.10000000000000142
7.0,29.0,24.68,24.74,24.68,24.74,400.0,0.05999999999999872
7.0,28.0,24.5,24.780001,24.5,24.709999,3200.0,0.20999899999999982
7.0,27.0,24.85,24.85,24.68,24.68,2100.0,-0.1700000000000017
7.0,24.0,24.82,24.82,24.65,24.77,4600.0,-0.05000000000000071
7.0,23.0,24.83,24.84,24.799999,24.799999,5300.0,-0.030000999999998612
7.0,22.0,25.110001,25.110001,25.02,25.049999,2000.0,-0.06000200000000078
7.0,21.0,24.83,25.09,24.83,25.09,800.0,0.26000000000000156
7.0,20.0,25.0,25.040001,24.860001,24.860001,2300.0,-0.13999899999999954
7.0,17.0,25.0,25.0,24.799999,24.799999,11500.0,-0.20000100000000032
7.0,16.0,25.1,25.1,25.0,25.0,4000.0,-0.10000000000000142
7.0,15.0,24.85,25.1,24.85,25.049999,6900.0,0.19999899999999826
7.0,14.0,24.84,24.85,24.77,24.83,2700.0,-0.010000000000001563
7.0,13.0,24.85,24.85,24.700001,24.700001,4800.0,-0.1499990000000011
7.0,10.0,24.860001,24.860001,24.75,24.75,5900.0,-0.11000100000000046
7.0,9.0,24.809999,24.85,24.75,24.76,9600.0,-0.04999899999999968
7.0,8.0,24.200001,24.809999,24.16,24.809999,10500.0,0.6099980000000009
7.0,7.0,24.700001,24.700001,24.4,24.6,14700.0,-0.1000009999999989
7.0,6.0,24.6,24.6,24.57,24.57,6500.0,-0.030000000000001137
7.0,2.0,24.700001,24.700001,24.42,24.5,3100.0,-0.20000100000000032
7.0,1.0,24.5,24.559999,24.200001,24.4,4300.0,-0.10000000000000142
6.0,30.0,24.33,24.700001,24.33,24.700001,700.0,0.370001000000002
6.0,29.0,24.6,24.700001,24.49,24.700001,600.0,0.1000009999999989
6.0,26.0,24.6,24.700001,24.450001,24.700001,84200.0,0.1000009999999989
6.0,25.0,24.549999,24.6,24.459999,24.6,2300.0,0.05000100000000174
6.0,24.0,24.440001,24.469999,24.440001,24.469999,300.0,0.029998000000002634
6.0,23.0,24.35,24.549999,24.33,24.549999,3200.0,0.19999899999999826
6.0,22.0,24.450001,24.450001,24.209999,24.27,2600.0,-0.18000100000000074
6.0,19.0,23.85,24.49,23.85,24.35,13800.0,0.5
6.0,18.0,24.6,24.6,24.25,24.27,9900.0,-0.33000000000000185
6.0,17.0,24.809999,24.809999,23.65,24.450001,13200.0,-0.35999800000000093
6.0,16.0,24.65,24.75,24.49,24.51,5800.0,-0.13999999999999702
6.0,15.0,24.6,24.66,24.6,24.66,6100.0,0.05999999999999872
6.0,12.0,24.5,24.549999,24.290001,24.5,11600.0,0.0
6.0,11.0,24.59,24.6,24.469999,24.51,5700.0,-0.0799999999999983
6.0,10.0,24.76,24.790001,24.52,24.77,3500.0,0.00999999999999801
6.0,9.0,24.459999,24.790001,24.459999,24.700001,4100.0,0.2400020000000005
6.0,8.0,24.6,24.809999,24.450001,24.459999,7400.0,-0.1400010000000016
6.0,5.0,24.809999,24.809999,24.57,24.57,1900.0,-0.23999900000000096
6.0,4.0,25.33,25.33,24.450001,24.799999,6000.0,-0.5300009999999986
6.0,3.0,25.1,25.389999,24.99,25.200001,12700.0,0.1000009999999989
6.0,2.0,25.030001,25.030001,24.950001,24.959999,9500.0,-0.07000199999999879
6.0,1.0,24.98,25.120001,24.950001,25.030001,28500.0,0.050000999999998186
5.0,29.0,25.1,25.1,24.9,24.91,17900.0,-0.19000000000000128
5.0,28.0,24.950001,25.0,24.870001,24.91,22100.0,-0.040001000000000175
5.0,27.0,25.0,25.0,24.85,24.85,5900.0,-0.14999999999999858
5.0,26.0,25.0,25.0,24.809999,24.9,69800.0,-0.10000000000000142
5.0,22.0,25.5,25.5,24.969999,25.190001,10000.0,-0.30999900000000125
5.0,21.0,25.030001,25.5,24.82,25.0,6800.0,-0.030000999999998612
5.0,20.0,24.879999,24.969999,24.879999,24.969999,4200.0,0.08999999999999986
5.0,19.0,24.860001,25.049999,24.860001,25.049999,22600.0,0.18999799999999922
5.0,18.0,24.879999,24.98,24.85,24.969999,13700.0,0.08999999999999986
5.0,15.0,24.950001,25.0,24.950001,24.969999,21000.0,0.01999800000000107
5.0,14.0,24.969999,24.969999,24.84,24.969999,14800.0,0.0
5.0,13.0,24.75,24.969999,24.75,24.969999,5900.0,0.2199990000000014
5.0,12.0,24.99,24.99,24.950001,24.969999,13400.0,-0.02000099999999705
5.0,11.0,25.049999,25.049999,25.01,25.049999,700.0,0.0
5.0,8.0,25.030001,25.049999,24.75,25.049999,9500.0,0.01999800000000107
5.0,7.0,25.0,25.040001,25.0,25.040001,1500.0,0.040001000000000175
5.0,6.0,24.85,24.91,24.799999,24.83,5800.0,-0.020000000000003126
5.0,5.0,24.85,25.030001,24.85,24.889999,8200.0,0.03999899999999812
5.0,4.0,25.0,25.049999,24.85,24.950001,80900.0,-0.04999899999999968
5.0,1.0,24.85,24.9,24.85,24.9,10500.0,0.04999999999999716
4.0,30.0,25.030001,25.030001,24.75,24.85,10400.0,-0.1800009999999972
4.0,29.0,24.98,24.98,24.809999,24.809999,5500.0,-0.17000099999999918
4.0,28.0,24.950001,24.98,24.91,24.98,8000.0,0.02999900000000011
4.0,27.0,24.969999,25.0,24.92,24.98,11300.0,0.010000999999999038
4.0,24.0,24.940001,25.0,24.940001,25.0,1200.0,0.059999000000001246
4.0,23.0,24.860001,24.98,24.84,24.98,12000.0,0.11999899999999997
4.0,22.0,24.98,24.98,24.9,24.940001,5000.0,-0.03999900000000167
4.0,21.0,25.049999,25.049999,24.969999,24.98,1500.0,-0.06999899999999926
4.0,20.0,24.98,24.98,24.83,24.83,8000.0,-0.15000000000000213
4.0,17.0,25.0,25.0,24.950001,24.950001,800.0,-0.04999899999999968
4.0,16.0,24.99,25.0,24.799999,24.799999,225100.0,-0.19000099999999875
4.0,15.0,25.049999,25.049999,24.85,24.85,1700.0,-0.19999899999999826
4.0,14.0,25.1,25.139999,24.15,25.139999,6100.0,0.03999899999999812
4.0,13.0,25.02,25.15,24.799999,24.799999,10100.0,-0.2200009999999999
4.0,10.0,25.15,25.15,24.85,24.92,3900.0,-0.22999999999999687
4.0,9.0,25.129999,25.129999,24.809999,25.0,1500.0,-0.12999900000000153
4.0,8.0,24.799999,25.16,24.799999,25.0,21700.0,0.20000100000000032
4.0,7.0,25.190001,25.190001,24.799999,25.129999,1900.0,-0.060001999999997224
4.0,6.0,25.049999,25.049999,24.809999,25.030001,2900.0,-0.01999800000000107
4.0,2.0,25.120001,25.120001,24.370001,25.040001,2800.0,-0.0799999999999983
4.0,1.0,25.15,25.200001,24.610001,24.950001,2900.0,-0.19999899999999826
3.0,31.0,24.809999,24.940001,24.709999,24.940001,5400.0,0.1300019999999975
3.0,30.0,25.08,25.08,24.799999,24.879999,7100.0,-0.20000099999999676
3.0,27.0,24.780001,24.9,24.530001,24.6,158000.0,-0.1800009999999972
3.0,26.0,24.92,24.92,24.549999,24.700001,3500.0,-0.2199990000000014
3.0,25.0,24.77,25.209999,24.540001,24.99,2400.0,0.21999999999999886
3.0,24.0,24.870001,24.9,24.700001,24.77,5200.0,-0.1000009999999989
3.0,23.0,24.76,24.93,24.76,24.780001,102700.0,0.02000099999999705
3.0,20.0,24.879999,24.93,24.530001,24.76,48100.0,-0.11999899999999997
3.0,19.0,24.879999,24.879999,24.799999,24.799999,300.0,-0.08000000000000185
3.0,18.0,24.700001,24.799999,24.5,24.799999,102000.0,0.09999799999999937
3.0,17.0,24.75,24.799999,24.5,24.57,5700.0,-0.17999999999999972
3.0,16.0,24.84,25.200001,24.610001,24.719999,5500.0,-0.12000099999999847
3.0,13.0,24.68,24.84,24.6,24.700001,305700.0,0.0200010000000006
3.0,12.0,24.780001,24.799999,24.700001,24.799999,2500.0,0.01999800000000107
3.0,11.0,24.52,24.870001,24.52,24.780001,7800.0,0.26000099999999904
3.0,10.0,24.799999,24.799999,24.709999,24.709999,1500.0,-0.08999999999999986
3.0,9.0,24.84,24.91,24.5,24.799999,9100.0,-0.040001000000000175
3.0,6.0,24.77,24.9,24.77,24.9,2600.0,0.129999999999999
3.0,5.0,25.15,25.15,24.82,24.82,2200.0,-0.3299999999999983
3.0,4.0,24.879999,25.200001,24.85,24.950001,20200.0,0.07000199999999879
3.0,3.0,25.0,25.200001,24.9,25.15,4600.0,0.14999999999999858
3.0,2.0,24.51,25.18,24.5,25.0,17200.0,0.48999999999999844
2.0,27.0,24.74,24.74,24.5,24.5,7700.0,-0.23999999999999844
2.0,26.0,24.75,24.76,24.57,24.75,8200.0,0.0
2.0,25.0,24.75,24.75,24.68,24.68,18600.0,-0.07000000000000028
2.0,24.0,24.629999,24.629999,24.5,24.5,1600.0,-0.12999900000000153
2.0,23.0,24.5,24.639999,24.5,24.639999,6400.0,0.13999899999999954
2.0,20.0,24.719999,24.719999,24.6,24.629999,6400.0,-0.08999999999999986
2.0,19.0,24.370001,24.6,24.35,24.5,11300.0,0.12999900000000153
2.0,18.0,24.889999,24.889999,24.25,24.25,2100.0,-0.6399989999999995
2.0,17.0,24.309999,24.719999,24.309999,24.549999,5400.0,0.23999999999999844
2.0,13.0,24.700001,24.700001,24.32,24.49,8300.0,-0.21000100000000188
2.0,12.0,24.450001,24.450001,24.25,24.299999,21500.0,-0.15000200000000063
2.0,11.0,24.299999,24.65,24.200001,24.450001,17400.0,0.15000200000000063
2.0,10.0,24.639999,24.639999,24.4,24.440001,12700.0,-0.1999980000000008
2.0,9.0,24.540001,24.540001,24.42,24.42,3500.0,-0.12000099999999847
2.0,6.0,24.549999,24.57,24.299999,24.299999,12300.0,-0.25
2.0,5.0,24.629999,24.889999,24.59,24.6,10100.0,-0.02999900000000011
2.0,4.0,24.700001,24.700001,24.620001,24.620001,5700.0,-0.08000000000000185
2.0,3.0,24.65,24.65,24.5,24.549999,6900.0,-0.1000009999999989
2.0,2.0,24.5,24.5,24.33,24.34,3700.0,-0.16000000000000014
1.0,30.0,24.6,24.6,24.41,24.41,3500.0,-0.19000000000000128
1.0,29.0,24.969999,24.969999,24.4,24.889999,15100.0,-0.08000000000000185
1.0,28.0,24.030001,24.65,24.030001,24.65,4500.0,0.619999
1.0,27.0,24.4,24.48,24.4,24.48,1900.0,0.08000000000000185
1.0,26.0,24.4,24.43,24.299999,24.43,6600.0,0.030000000000001137
1.0,23.0,24.1,24.4,24.1,24.4,3200.0,0.29999999999999716
1.0,22.0,24.290001,24.35,23.799999,24.299999,8200.0,0.009997999999999507
1.0,21.0,24.0,24.4,24.0,24.4,13300.0,0.3999999999999986
1.0,20.0,24.25,24.549999,23.51,24.1,19700.0,-0.14999999999999858
1.0,16.0,24.0,24.4,24.0,24.379999,6900.0,0.37999900000000153
1.0,15.0,24.5,24.6,23.82,24.32,10400.0,-0.17999999999999972
1.0,14.0,24.57,24.629999,23.4,23.700001,7200.0,-0.869999
1.0,13.0,24.5,24.6,24.5,24.6,6300.0,0.10000000000000142
1.0,12.0,24.6,24.610001,24.5,24.59,5600.0,-0.010000000000001563
1.0,9.0,24.6,24.870001,24.450001,24.6,9500.0,0.0
1.0,8.0,24.75,24.75,24.5,24.5,3900.0,-0.25
1.0,7.0,24.35,24.549999,24.35,24.5,3700.0,0.14999999999999858
1.0,6.0,24.4,24.5,24.25,24.5,13500.0,0.10000000000000142
1.0,5.0,24.49,24.6,24.48,24.49,2100.0,0.0
1.0,2.0,24.809999,24.809999,24.809999,24.809999,0.0,0.0
12.0,31.0,24.27,24.940001,24.209999,24.809999,1400.0,0.5399990000000017
12.0,30.0,24.75,24.82,24.75,24.809999,7200.0,0.059999000000001246
12.0,29.0,24.4,24.65,24.4,24.65,1700.0,0.25
12.0,26.0,24.35,24.790001,24.35,24.6,7100.0,0.25
12.0,24.0,24.309999,24.309999,24.309999,24.309999,0.0,0.0
12.0,23.0,24.610001,24.610001,24.299999,24.309999,2600.0,-0.3000019999999992
12.0,22.0,24.280001,24.35,23.690001,24.299999,4000.0,0.01999800000000107
12.0,19.0,23.559999,24.98,23.549999,24.25,16700.0,0.6900009999999988
12.0,18.0,23.559999,23.559999,23.440001,23.549999,9100.0,-0.010000000000001563
12.0,17.0,23.84,23.84,23.549999,23.549999,1400.0,-0.2900010000000002
12.0,16.0,23.610001,23.85,23.5,23.549999,7700.0,-0.06000200000000078
12.0,15.0,23.9,23.9,23.9,23.9,600.0,0.0
12.0,12.0,23.9,23.99,23.35,23.91,4500.0,0.010000000000001563
12.0,11.0,24.049999,24.049999,24.049999,24.049999,1200.0,0.0
12.0,10.0,24.049999,24.07,23.77,23.77,9100.0,-0.2799990000000001
12.0,9.0,24.1,24.200001,24.1,24.200001,2100.0,0.1000009999999989
12.0,8.0,24.209999,24.209999,24.059999,24.059999,700.0,-0.14999999999999858
12.0,5.0,24.01,24.360001,23.950001,24.25,5600.0,0.23999999999999844
12.0,4.0,24.15,24.299999,23.98,24.299999,10000.0,0.1499990000000011
12.0,3.0,24.5,24.51,24.43,24.440001,3500.0,-0.059999000000001246
12.0,2.0,24.4,24.65,24.4,24.450001,1300.0,0.05000100000000174
12.0,1.0,24.299999,24.459999,24.299999,24.459999,800.0,0.16000000000000014
11.0,28.0,24.75,24.75,24.75,24.75,0.0,0.0
11.0,26.0,24.700001,24.75,24.309999,24.75,3100.0,0.04999899999999968
11.0,25.0,24.68,24.799999,24.16,24.74,5800.0,0.05999999999999872
11.0,24.0,24.639999,24.639999,24.5,24.5,400.0,-0.13999899999999954
11.0,21.0,24.549999,25.209999,24.5,24.5,5200.0,-0.04999899999999968
11.0,20.0,24.799999,24.799999,24.700001,24.700001,3200.0,-0.09999799999999937
11.0,19.0,24.549999,24.82,24.549999,24.799999,4600.0,0.25
11.0,18.0,24.6,24.82,24.6,24.82,2900.0,0.21999999999999886
11.0,17.0,24.959999,24.959999,24.559999,24.610001,3000.0,-0.34999799999999937
11.0,14.0,24.99,24.99,24.790001,24.790001,3300.0,-0.19999899999999826
11.0,13.0,24.98,25.1,24.549999,24.559999,10100.0,-0.4200009999999992
11.0,12.0,24.950001,25.0,24.75,24.950001,5100.0,0.0
11.0,11.0,24.530001,24.85,24.51,24.700001,10800.0,0.1700000000000017
11.0,10.0,24.74,24.950001,24.65,24.790001,9600.0,0.05000100000000174
11.0,7.0,24.700001,24.75,24.16,24.690001,6200.0,-0.010000000000001563
11.0,6.0,24.620001,24.74,24.549999,24.700001,10400.0,0.08000000000000185
11.0,5.0,24.549999,24.620001,24.549999,24.620001,3900.0,0.07000199999999879
11.0,4.0,24.290001,24.4,24.27,24.35,13500.0,0.059999000000001246
11.0,3.0,24.58,24.6,24.280001,24.370001,14200.0,-0.20999899999999982
10.0,31.0,24.200001,24.5,24.200001,24.5,2800.0,0.2999989999999997
10.0,30.0,24.5,24.5,24.49,24.49,3100.0,-0.010000000000001563
10.0,29.0,24.639999,24.639999,24.16,24.41,2900.0,-0.2299989999999994
10.0,28.0,24.4,24.620001,24.4,24.620001,1200.0,0.2200009999999999
10.0,27.0,24.0,24.4,24.0,24.389999,2300.0,0.38999899999999954
10.0,24.0,24.0,24.15,24.0,24.15,1400.0,0.14999999999999858
10.0,23.0,24.09,24.09,23.98,24.0,1600.0,-0.08999999999999986
10.0,22.0,24.1,24.1,23.99,23.99,4700.0,-0.11000000000000298
10.0,21.0,24.0,24.0,24.0,24.0,10000.0,0.0
10.0,20.0,24.219999,24.23,24.0,24.23,1300.0,0.010000999999999038
10.0,17.0,24.0,24.139999,23.51,23.85,4900.0,-0.14999999999999858
10.0,16.0,24.09,24.1,23.950001,23.950001,10500.0,-0.13999899999999954
10.0,15.0,24.0,24.190001,23.959999,24.0,6800.0,0.0
10.0,14.0,24.15,24.15,24.0,24.0,1200.0,-0.14999999999999858
10.0,13.0,24.299999,24.299999,24.17,24.17,500.0,-0.12999899999999798
10.0,10.0,24.299999,24.299999,24.299999,24.299999,200.0,0.0
10.0,9.0,24.25,24.26,24.25,24.25,500.0,0.0
10.0,8.0,24.25,24.25,24.25,24.25,200.0,0.0
10.0,7.0,24.200001,24.299999,24.17,24.17,1500.0,-0.030000999999998612
10.0,6.0,24.34,24.4,24.120001,24.200001,2600.0,-0.13999899999999954
10.0,3.0,24.33,24.33,24.25,24.299999,900.0,-0.030000999999998612
10.0,2.0,24.27,24.34,24.040001,24.200001,5500.0,-0.06999899999999926
10.0,1.0,24.09,24.370001,24.09,24.290001,2900.0,0.20000100000000032
9.0,30.0,24.049999,24.049999,23.82,23.98,4700.0,-0.06999899999999926
9.0,29.0,23.799999,23.879999,23.799999,23.879999,700.0,0.08000000000000185
9.0,26.0,23.610001,23.889999,23.610001,23.889999,1700.0,0.2799979999999991
9.0,25.0,23.860001,23.860001,23.85,23.85,1300.0,-0.010000999999999038
9.0,24.0,23.950001,23.950001,23.85,23.85,300.0,-0.1000009999999989
9.0,23.0,23.950001,23.950001,23.889999,23.889999,1800.0,-0.06000200000000078
9.0,22.0,24.1,24.1,23.530001,23.799999,1600.0,-0.30000100000000174
9.0,19.0,24.01,24.059999,23.809999,24.02,2800.0,0.00999999999999801
9.0,18.0,24.07,24.07,23.74,24.030001,2000.0,-0.03999900000000167
9.0,17.0,23.93,23.93,23.9,23.9,1200.0,-0.030000000000001137
9.0,16.0,23.4,23.799999,23.4,23.799999,1400.0,0.3999990000000011
9.0,15.0,23.719999,23.75,23.709999,23.709999,1400.0,-0.010000000000001563
9.0,12.0,23.969999,24.030001,23.700001,23.85,5300.0,-0.11999899999999997
9.0,11.0,23.799999,23.93,23.799999,23.91,85800.0,0.11000100000000046
9.0,10.0,23.83,23.92,23.83,23.83,4800.0,0.0
9.0,9.0,23.889999,23.93,23.809999,23.93,3000.0,0.040001000000000175
9.0,8.0,23.93,23.969999,23.879999,23.879999,110200.0,-0.050000999999998186
9.0,5.0,24.07,24.110001,23.809999,23.879999,3900.0,-0.19000099999999875
9.0,4.0,24.09,24.1,24.059999,24.07,3900.0,-0.019999999999999574
9.0,3.0,24.42,24.559999,24.42,24.559999,4800.0,0.13999899999999954
9.0,2.0,24.35,24.51,24.299999,24.51,9400.0,0.16000000000000014
8.0,29.0,24.370001,24.5,24.370001,24.5,1800.0,0.12999900000000153
8.0,28.0,24.4,24.5,24.4,24.5,5400.0,0.10000000000000142
8.0,27.0,24.450001,24.530001,24.42,24.530001,4500.0,0.0799999999999983
8.0,26.0,24.440001,24.59,24.17,24.450001,11000.0,0.010000000000001563
8.0,25.0,24.4,24.6,24.4,24.6,2600.0,0.20000000000000284
8.0,22.0,24.59,24.59,24.440001,24.440001,1100.0,-0.1499990000000011
8.0,21.0,24.450001,24.57,24.389999,24.559999,4300.0,0.10999800000000093
8.0,20.0,24.35,24.450001,24.35,24.450001,3100.0,0.1000009999999989
8.0,19.0,24.639999,24.639999,24.299999,24.33,8400.0,-0.30999900000000125
8.0,18.0,24.440001,24.639999,24.440001,24.5,4300.0,0.059999000000001246
8.0,15.0,24.4,24.440001,24.4,24.4,1600.0,0.0
8.0,14.0,24.549999,24.559999,24.5,24.540001,5300.0,-0.009997999999999507
8.0,13.0,24.43,24.48,24.4,24.48,4500.0,0.05000000000000071
8.0,12.0,24.4,24.440001,24.27,24.440001,3000.0,0.040001000000000175
8.0,11.0,24.209999,24.34,24.17,24.34,4400.0,0.13000100000000003
8.0,8.0,24.18,24.34,24.18,24.34,3700.0,0.16000000000000014
8.0,7.0,24.200001,24.200001,24.17,24.17,1000.0,-0.030000999999998612
8.0,6.0,24.0,24.129999,24.0,24.129999,200.0,0.12999900000000153
8.0,5.0,24.0,24.120001,23.9,24.059999,15600.0,0.059999000000001246
8.0,4.0,24.049999,24.07,24.049999,24.07,4300.0,0.0200010000000006
8.0,1.0,24.15,24.17,24.0,24.049999,5800.0,-0.1000009999999989
7.0,31.0,24.25,24.58,24.110001,24.15,34600.0,-0.10000000000000142
7.0,30.0,24.4,24.5,24.290001,24.35,32100.0,-0.04999999999999716
7.0,29.0,24.25,24.450001,24.25,24.33,13000.0,0.0799999999999983
7.0,28.0,24.32,24.549999,24.299999,24.32,6200.0,0.0
7.0,25.0,24.27,24.639999,24.27,24.32,2400.0,0.05000000000000071
7.0,24.0,24.639999,24.639999,24.25,24.280001,5200.0,-0.35999800000000093
7.0,23.0,24.299999,24.4,24.299999,24.4,3500.0,0.1000009999999989
7.0,22.0,24.299999,24.33,24.299999,24.33,3300.0,0.030000999999998612
7.0,21.0,24.360001,24.360001,24.299999,24.299999,8000.0,-0.06000200000000078
7.0,18.0,24.42,24.42,24.18,24.360001,5100.0,-0.059999000000001246
7.0,17.0,24.299999,24.379999,24.299999,24.379999,2100.0,0.08000000000000185
7.0,16.0,24.4,24.4,24.309999,24.309999,5300.0,-0.09000099999999733
7.0,15.0,24.299999,24.469999,24.299999,24.469999,3900.0,0.1700000000000017
7.0,14.0,24.5,24.5,24.48,24.5,2200.0,0.0
7.0,11.0,24.360001,24.49,24.209999,24.27,9100.0,-0.09000100000000089
7.0,10.0,24.51,24.51,24.4,24.4,7800.0,-0.11000000000000298
7.0,9.0,24.58,24.58,24.35,24.5,6300.0,-0.0799999999999983
7.0,8.0,24.35,24.35,24.35,24.35,0.0,0.0
7.0,7.0,24.35,24.35,24.35,24.35,0.0,0.0
7.0,3.0,24.24,24.35,24.23,24.35,6900.0,0.11000000000000298
7.0,2.0,24.41,24.43,24.41,24.43,400.0,0.019999999999999574
7.0,1.0,24.41,24.59,24.41,24.42,1800.0,0.010000000000001563
6.0,30.0,24.23,24.620001,24.23,24.620001,1100.0,0.39000099999999804
6.0,27.0,24.25,24.27,24.209999,24.209999,1800.0,-0.040001000000000175
6.0,26.0,24.5,24.549999,24.23,24.549999,1400.0,0.04999899999999968
6.0,25.0,24.24,24.559999,24.24,24.549999,2500.0,0.30999900000000125
6.0,24.0,24.18,24.23,24.18,24.23,1100.0,0.05000000000000071
6.0,23.0,24.24,24.24,24.139999,24.24,2700.0,0.0
6.0,20.0,24.139999,24.24,24.02,24.18,12200.0,0.040001000000000175
6.0,19.0,24.02,24.24,24.02,24.190001,2500.0,0.17000099999999918
6.0,18.0,24.1,24.139999,24.1,24.139999,1400.0,0.03999899999999812
6.0,17.0,23.940001,24.129999,23.940001,23.969999,3500.0,0.029998000000002634
6.0,16.0,24.190001,24.190001,23.93,23.93,1200.0,-0.26000099999999904
6.0,13.0,24.049999,24.200001,24.049999,24.200001,26600.0,0.15000200000000063
6.0,12.0,24.0,24.16,24.0,24.16,2400.0,0.16000000000000014
6.0,11.0,24.0,24.0,24.0,24.0,0.0,0.0
6.0,10.0,24.24,24.25,24.0,24.0,35000.0,-0.23999999999999844
6.0,9.0,24.049999,24.049999,24.049999,24.049999,400.0,0.0
6.0,6.0,24.25,24.25,24.23,24.23,1700.0,-0.019999999999999574
6.0,5.0,23.9,23.99,23.9,23.99,3100.0,0.08999999999999986
6.0,4.0,24.1,24.1,23.799999,23.870001,11300.0,-0.22999900000000295
6.0,3.0,24.59,24.629999,24.379999,24.51,10900.0,-0.0799999999999983
6.0,2.0,24.5,24.540001,24.5,24.5,3800.0,0.0
5.0,30.0,24.540001,24.540001,24.540001,24.540001,0.0,0.0
5.0,29.0,24.43,24.540001,24.43,24.540001,3600.0,0.11000100000000046
5.0,28.0,24.450001,24.450001,24.450001,24.450001,1500.0,0.0
5.0,27.0,24.209999,24.49,24.209999,24.299999,6000.0,0.08999999999999986
5.0,23.0,24.219999,24.43,24.219999,24.25,1200.0,0.030000999999998612
5.0,22.0,24.309999,24.440001,24.24,24.4,11000.0,0.09000099999999733
5.0,21.0,24.219999,24.35,24.219999,24.280001,8200.0,0.060001999999997224
5.0,20.0,24.23,24.24,24.18,24.24,3600.0,0.00999999999999801
5.0,19.0,24.129999,24.209999,24.129999,24.18,2900.0,0.050000999999998186
5.0,16.0,24.09,24.15,24.049999,24.09,4600.0,0.0
5.0,15.0,24.1,24.1,24.1,24.1,100.0,0.0
5.0,14.0,24.049999,24.049999,24.01,24.02,1600.0,-0.02999900000000011
5.0,13.0,24.209999,24.209999,24.049999,24.07,2400.0,-0.13999899999999954
5.0,12.0,24.0,24.0,24.0,24.0,600.0,0.0
5.0,9.0,23.879999,24.02,23.879999,24.02,800.0,0.14000099999999804
5.0,8.0,23.92,24.15,23.91,24.1,1700.0,0.17999999999999972
5.0,7.0,24.15,24.389999,23.780001,24.0,10400.0,-0.14999999999999858
5.0,6.0,24.049999,24.049999,24.049999,24.049999,0.0,0.0
5.0,5.0,24.389999,24.389999,24.049999,24.049999,6400.0,-0.33999999999999986
5.0,2.0,24.120001,24.26,24.049999,24.049999,1400.0,-0.07000199999999879
5.0,1.0,23.98,24.290001,23.67,24.290001,6500.0,0.31000099999999975
4.0,30.0,24.02,24.389999,24.02,24.389999,1300.0,0.36999899999999997
4.0,29.0,24.139999,24.139999,23.83,23.83,2400.0,-0.30999900000000125
4.0,28.0,23.66,23.66,23.66,23.66,0.0,0.0
4.0,25.0,23.82,24.0,23.6,23.66,8100.0,-0.16000000000000014
4.0,24.0,23.92,24.0,23.799999,23.82,5100.0,-0.10000000000000142
4.0,23.0,23.76,24.059999,23.76,24.049999,2100.0,0.2899989999999981
4.0,22.0,23.82,24.139999,23.77,24.02,3900.0,0.1999999999999993
4.0,21.0,24.0,24.049999,23.76,23.780001,1800.0,-0.2199990000000014
4.0,17.0,23.9,24.049999,23.9,24.049999,1900.0,0.1499990000000011
4.0,16.0,23.940001,24.049999,23.5,24.0,10800.0,0.059999000000001246
4.0,15.0,23.790001,23.790001,23.790001,23.790001,0.0,0.0
4.0,14.0,23.790001,23.790001,23.790001,23.790001,1100.0,0.0
4.0,11.0,23.5,23.790001,23.42,23.42,1800.0,-0.0799999999999983
4.0,10.0,23.48,23.48,23.48,23.48,0.0,0.0
4.0,9.0,23.5,23.5,23.48,23.48,4300.0,-0.019999999999999574
4.0,8.0,23.49,23.49,23.49,23.49,400.0,0.0
4.0,7.0,23.58,23.780001,23.549999,23.780001,1600.0,0.20000100000000032
4.0,4.0,23.440001,23.790001,23.440001,23.51,700.0,0.06999900000000281
4.0,3.0,23.780001,23.780001,23.6,23.780001,2700.0,0.0
4.0,2.0,23.59,23.879999,23.59,23.709999,6300.0,0.11999899999999997
4.0,1.0,23.67,23.67,23.59,23.59,2800.0,-0.08000000000000185
3.0,31.0,23.6,23.6,23.6,23.6,2500.0,0.0
3.0,28.0,23.83,23.83,23.83,23.83,500.0,0.0
3.0,27.0,23.559999,23.700001,23.27,23.42,4900.0,-0.13999899999999954
3.0,26.0,23.84,23.84,23.700001,23.719999,3900.0,-0.12000099999999847
3.0,25.0,23.629999,23.709999,23.57,23.629999,10600.0,0.0
3.0,24.0,23.469999,23.51,23.32,23.5,5600.0,0.030000999999998612
3.0,21.0,23.65,23.65,23.26,23.41,5800.0,-0.23999999999999844
3.0,20.0,23.700001,23.700001,23.16,23.48,12500.0,-0.2200009999999999
3.0,19.0,23.41,23.65,23.41,23.629999,5200.0,0.2199990000000014
3.0,18.0,23.690001,23.700001,23.440001,23.700001,3500.0,0.010000000000001563
3.0,17.0,23.6,23.6,23.6,23.6,1700.0,0.0
3.0,14.0,22.92,23.57,22.92,23.57,6100.0,0.6499999999999986
3.0,13.0,23.52,23.52,23.5,23.5,1300.0,-0.019999999999999574
3.0,12.0,23.469999,23.469999,23.25,23.25,1100.0,-0.2199990000000014
3.0,11.0,23.200001,23.280001,23.200001,23.26,1100.0,0.059999000000001246
3.0,10.0,23.139999,23.27,23.139999,23.15,1900.0,0.010000999999999038
3.0,7.0,23.07,23.25,23.07,23.07,4000.0,0.0
3.0,6.0,23.299999,23.299999,23.25,23.25,1200.0,-0.04999899999999968
3.0,5.0,23.32,23.32,23.15,23.15,2500.0,-0.1700000000000017
3.0,4.0,23.68,23.68,23.25,23.309999,3200.0,-0.37000099999999847
3.0,3.0,23.52,23.549999,23.450001,23.540001,5700.0,0.0200010000000006
2.0,28.0,23.450001,23.450001,23.450001,23.450001,4500.0,0.0
2.0,27.0,23.42,23.5,23.32,23.34,31600.0,-0.08000000000000185
2.0,26.0,23.459999,23.459999,23.33,23.440001,800.0,-0.01999800000000107
2.0,25.0,23.379999,23.450001,23.32,23.35,5300.0,-0.02999900000000011
2.0,24.0,23.389999,23.450001,23.389999,23.450001,2000.0,0.06000200000000078
2.0,21.0,23.110001,23.389999,23.110001,23.389999,3800.0,0.2799979999999991
2.0,20.0,23.200001,23.23,23.200001,23.23,2800.0,0.02999900000000011
2.0,19.0,23.389999,23.389999,23.23,23.26,8900.0,-0.12999899999999798
2.0,18.0,23.379999,23.389999,23.200001,23.219999,11600.0,-0.16000000000000014
2.0,14.0,23.27,23.27,23.07,23.15,4500.0,-0.120000000000001
2.0,13.0,23.24,23.389999,23.24,23.33,3000.0,0.08999999999999986
2.0,12.0,23.0,23.389999,23.0,23.27,2800.0,0.2699999999999996
2.0,11.0,22.969999,23.18,22.809999,23.15,2700.0,0.1800009999999972
2.0,10.0,22.9,23.200001,22.9,23.15,6200.0,0.25
2.0,7.0,23.040001,23.65,22.84,22.99,2900.0,-0.05000100000000174
2.0,6.0,22.299999,22.98,22.25,22.98,2000.0,0.6800010000000007
2.0,5.0,22.530001,22.879999,22.01,22.85,12600.0,0.3199990000000028
2.0,4.0,22.92,23.49,22.889999,22.969999,4600.0,0.04999899999999968
2.0,3.0,22.700001,22.75,22.52,22.75,8500.0,0.04999899999999968
1.0,31.0,22.700001,22.76,22.700001,22.700001,2500.0,0.0
1.0,30.0,22.82,22.99,22.82,22.99,1500.0,0.16999999999999815
1.0,29.0,22.700001,22.77,22.700001,22.75,6000.0,0.04999899999999968
1.0,28.0,22.5,22.74,22.469999,22.74,2700.0,0.23999999999999844
1.0,27.0,22.5,22.57,22.23,22.450001,7600.0,-0.04999899999999968
1.0,24.0,22.4,22.49,22.01,22.35,6800.0,-0.04999999999999716
1.0,23.0,22.6,22.6,22.48,22.6,5400.0,0.0
1.0,22.0,22.610001,22.809999,22.299999,22.809999,1500.0,0.1999980000000008
1.0,21.0,22.620001,22.620001,22.309999,22.5,8500.0,-0.12000099999999847
1.0,17.0,22.4,22.709999,22.4,22.49,14700.0,0.08999999999999986
1.0,16.0,22.4,22.4,22.4,22.4,200.0,0.0
1.0,15.0,22.139999,22.139999,22.139999,22.139999,200.0,0.0
1.0,14.0,22.5,22.559999,22.4,22.5,1800.0,0.0
1.0,13.0,22.450001,22.48,22.450001,22.450001,14300.0,0.0
1.0,10.0,22.209999,22.209999,21.969999,22.139999,600.0,-0.07000000000000028
1.0,9.0,22.059999,22.459999,21.41,22.07,8300.0,0.010000999999999038
1.0,8.0,22.23,22.65,22.059999,22.059999,3400.0,-0.17000099999999918
1.0,7.0,22.200001,22.5,22.129999,22.5,12600.0,0.2999989999999997
1.0,6.0,22.0,22.049999,22.0,22.049999,1100.0,0.04999899999999968
1.0,3.0,22.040001,22.040001,22.0,22.0,2500.0,-0.040001000000000175
1.0,2.0,21.34,21.950001,21.309999,21.9,4100.0,0.5599999999999987
12.0,31.0,21.299999,21.299999,20.370001,21.040001,40800.0,-0.2599979999999995
12.0,30.0,21.629999,21.790001,21.09,21.139999,16500.0,-0.490000000000002
12.0,27.0,21.68,21.73,21.549999,21.610001,3200.0,-0.06999899999999926
12.0,26.0,21.450001,22.15,21.450001,21.6,10300.0,0.1499990000000011
12.0,24.0,21.24,21.24,21.24,21.24,300.0,0.0
12.0,23.0,21.540001,21.74,21.26,21.700001,5500.0,0.16000000000000014
12.0,20.0,21.83,21.83,21.209999,21.209999,7300.0,-0.6200009999999985
12.0,19.0,21.77,21.77,21.5,21.6,4000.0,-0.16999999999999815
12.0,18.0,21.84,21.84,21.620001,21.75,1700.0,-0.08999999999999986
12.0,17.0,21.77,21.85,21.35,21.85,3300.0,0.08000000000000185
12.0,16.0,22.0,22.049999,21.209999,21.549999,4800.0,-0.4500010000000003
12.0,13.0,22.0,22.200001,21.559999,21.559999,5700.0,-0.44000099999999875
12.0,12.0,21.84,21.969999,21.84,21.950001,4000.0,0.11000100000000046
12.0,11.0,22.1,22.1,21.84,21.85,2400.0,-0.25
12.0,10.0,22.0,22.110001,22.0,22.110001,4000.0,0.11000100000000046
12.0,9.0,22.42,22.440001,22.290001,22.290001,1200.0,-0.12999900000000153
12.0,6.0,22.02,22.629999,22.0,22.0,5200.0,-0.019999999999999574
12.0,5.0,21.9,21.9,21.84,21.860001,2200.0,-0.03999899999999812
12.0,4.0,22.120001,22.120001,21.889999,21.889999,1700.0,-0.23000199999999893
12.0,3.0,22.540001,22.549999,22.33,22.459999,5500.0,-0.08000200000000035
12.0,2.0,22.65,22.65,22.52,22.52,2900.0,-0.129999999999999
11.0,29.0,22.719999,23.0,22.66,22.66,1700.0,-0.059999000000001246
11.0,27.0,22.6,22.959999,22.379999,22.690001,3100.0,0.09000099999999733
11.0,26.0,22.67,22.91,22.139999,22.59,4500.0,-0.08000000000000185
11.0,25.0,22.540001,22.540001,22.540001,22.540001,1600.0,0.0
11.0,22.0,22.26,22.530001,21.6,22.5,5700.0,0.23999999999999844
11.0,21.0,22.35,22.35,22.209999,22.209999,2500.0,-0.1400010000000016
11.0,20.0,22.85,22.85,22.190001,22.190001,15300.0,-0.6599990000000027
11.0,19.0,22.299999,22.459999,21.51,22.459999,6800.0,0.16000000000000014
11.0,18.0,22.1,22.35,22.1,22.32,4300.0,0.21999999999999886
11.0,15.0,22.4,22.4,22.0,22.08,2200.0,-0.3200000000000003
11.0,14.0,22.370001,22.370001,22.299999,22.299999,1100.0,-0.07000199999999879
11.0,13.0,22.25,22.35,21.65,21.9,3800.0,-0.3500000000000014
11.0,12.0,22.33,22.33,22.16,22.16,1500.0,-0.16999999999999815
11.0,11.0,22.540001,22.540001,22.540001,22.540001,400.0,0.0
11.0,8.0,22.620001,22.620001,22.200001,22.200001,2200.0,-0.41999999999999815
11.0,7.0,22.65,22.860001,22.0,22.02,7800.0,-0.629999999999999
11.0,6.0,22.809999,23.5,22.58,22.6,12700.0,-0.20999899999999982
11.0,5.0,22.700001,22.76,22.700001,22.76,1100.0,0.059999000000001246
11.0,4.0,22.549999,22.83,22.5,22.83,500.0,0.2800009999999986
11.0,1.0,22.67,22.67,22.67,22.67,0.0,0.0
10.0,31.0,22.5,22.67,22.5,22.67,2000.0,0.1700000000000017
10.0,30.0,22.34,22.620001,22.1,22.620001,4100.0,0.2800009999999986
10.0,29.0,22.24,22.450001,22.24,22.4,6600.0,0.16000000000000014
10.0,28.0,22.17,22.459999,22.17,22.35,6900.0,0.17999999999999972
10.0,25.0,22.120001,22.48,22.110001,22.469999,6200.0,0.3499980000000029
10.0,24.0,22.27,22.75,21.82,22.049999,3100.0,-0.2200009999999999
10.0,23.0,22.450001,22.700001,21.530001,22.290001,10300.0,-0.16000000000000014
10.0,22.0,22.139999,22.67,22.09,22.4,27200.0,0.26000099999999904
10.0,21.0,21.940001,22.120001,21.879999,22.02,25000.0,0.07999900000000082
10.0,18.0,21.709999,21.950001,21.629999,21.950001,9500.0,0.2400020000000005
10.0,17.0,21.450001,21.700001,21.440001,21.700001,11200.0,0.25
10.0,16.0,21.25,21.450001,21.25,21.440001,9700.0,0.19000099999999875
10.0,15.0,21.299999,21.34,21.25,21.26,3300.0,-0.03999899999999812
10.0,14.0,21.4,21.459999,21.26,21.299999,4700.0,-0.1000009999999989
10.0,11.0,21.450001,21.5,21.32,21.5,3400.0,0.04999899999999968
10.0,10.0,21.450001,21.450001,21.440001,21.440001,2800.0,-0.010000000000001563
10.0,9.0,21.35,21.49,21.33,21.360001,7500.0,0.010000999999999038
10.0,8.0,21.41,21.41,21.4,21.4,500.0,-0.010000000000001563
10.0,7.0,21.35,21.5,21.35,21.440001,6500.0,0.09000099999999733
10.0,4.0,21.450001,21.5,21.389999,21.469999,6800.0,0.01999800000000107
10.0,3.0,21.4,21.6,21.27,21.52,10000.0,0.120000000000001
10.0,2.0,21.6,21.83,21.5,21.5,7200.0,-0.10000000000000142
10.0,1.0,21.43,21.5,21.43,21.49,6200.0,0.05999999999999872
9.0,30.0,21.4,21.49,21.309999,21.440001,4800.0,0.040001000000000175
9.0,27.0,21.32,21.5,21.32,21.4,6600.0,0.0799999999999983
9.0,26.0,21.4,21.440001,21.25,21.440001,75100.0,0.040001000000000175
9.0,25.0,21.35,21.35,21.290001,21.32,13400.0,-0.030000000000001137
9.0,24.0,21.719999,21.719999,21.26,21.440001,6000.0,-0.27999800000000263
9.0,23.0,21.690001,21.690001,21.219999,21.5,3500.0,-0.19000099999999875
9.0,20.0,21.620001,21.719999,21.450001,21.65,4800.0,0.02999900000000011
9.0,19.0,21.889999,21.889999,21.450001,21.709999,11400.0,-0.17999999999999972
9.0,18.0,21.65,21.959999,21.139999,21.91,24900.0,0.26000000000000156
9.0,17.0,21.799999,22.049999,21.639999,21.68,11700.0,-0.11999899999999997
9.0,16.0,21.870001,21.870001,21.57,21.57,6500.0,-0.3000009999999982
9.0,13.0,21.610001,21.870001,21.610001,21.870001,6700.0,0.259999999999998
9.0,12.0,21.870001,21.870001,21.610001,21.610001,4400.0,-0.259999999999998
9.0,11.0,21.65,22.24,21.65,22.15,6800.0,0.5
9.0,10.0,21.709999,21.799999,21.120001,21.639999,16300.0,-0.07000000000000028
9.0,9.0,21.75,21.950001,21.75,21.85,8700.0,0.10000000000000142
9.0,6.0,21.5,21.82,21.469999,21.700001,7800.0,0.20000100000000032
9.0,5.0,21.780001,21.85,21.709999,21.709999,11900.0,-0.07000199999999879
9.0,4.0,21.91,22.09,21.75,22.030001,9400.0,0.12000099999999847
9.0,3.0,22.51,22.51,22.209999,22.5,3200.0,-0.010000000000001563
8.0,30.0,22.51,22.51,22.51,22.51,300.0,0.0
8.0,29.0,22.73,22.73,22.5,22.57,2800.0,-0.16000000000000014
8.0,28.0,22.73,22.73,22.389999,22.42,3000.0,-0.3099999999999987
8.0,27.0,22.5,22.74,22.049999,22.5,10000.0,0.0
8.0,26.0,22.25,23.02,22.25,22.73,15300.0,0.4800000000000004
8.0,23.0,21.889999,22.549999,21.889999,22.540001,10900.0,0.6500020000000006
8.0,22.0,22.6,22.6,22.049999,22.200001,1700.0,-0.3999990000000011
8.0,21.0,22.23,22.540001,22.200001,22.200001,21300.0,-0.02999900000000011
8.0,20.0,22.25,22.41,22.1,22.4,2700.0,0.14999999999999858
8.0,19.0,22.77,22.77,22.1,22.41,3700.0,-0.35999999999999943
8.0,16.0,23.700001,23.700001,22.059999,22.59,7300.0,-1.1100010000000005
8.0,15.0,23.23,24.219999,22.610001,22.610001,5200.0,-0.619999
8.0,14.0,23.209999,23.209999,23.209999,23.209999,800.0,0.0
8.0,13.0,23.639999,23.639999,23.6,23.6,600.0,-0.03999899999999812
8.0,12.0,23.57,23.700001,23.57,23.700001,900.0,0.13000100000000003
8.0,9.0,23.51,24.370001,23.459999,23.559999,3700.0,0.04999899999999968
8.0,8.0,23.59,23.6,23.59,23.6,200.0,0.010000000000001563
8.0,7.0,23.65,23.65,23.35,23.629999,3000.0,-0.02000099999999705
8.0,6.0,23.549999,23.73,22.950001,23.6,6300.0,0.05000100000000174
8.0,5.0,23.6,23.610001,23.6,23.6,700.0,0.0
8.0,2.0,23.700001,23.73,23.6,23.6,10000.0,-0.1000009999999989
8.0,1.0,24.02,24.290001,23.77,23.860001,2700.0,-0.15999899999999911
7.0,31.0,23.950001,24.35,23.450001,24.190001,3100.0,0.23999999999999844
7.0,30.0,23.74,23.75,23.719999,23.719999,2400.0,-0.02000099999999705
7.0,29.0,24.07,24.07,23.99,24.01,1100.0,-0.05999999999999872
7.0,26.0,23.75,24.1,23.6,24.1,4500.0,0.3500000000000014
7.0,25.0,24.209999,24.219999,23.059999,23.129999,11900.0,-1.0799999999999983
7.0,24.0,24.280001,24.290001,24.200001,24.200001,2700.0,-0.0799999999999983
7.0,23.0,24.309999,24.309999,24.309999,24.309999,700.0,0.0
7.0,22.0,23.889999,24.35,23.809999,24.25,1900.0,0.36000100000000046
7.0,19.0,24.17,24.379999,24.17,24.360001,1600.0,0.19000099999999875
7.0,18.0,24.24,24.4,23.91,24.4,1200.0,0.16000000000000014
7.0,17.0,24.23,24.27,24.23,24.27,3100.0,0.03999999999999915
7.0,16.0,24.08,24.35,24.08,24.219999,5700.0,0.1399990000000031
7.0,15.0,24.25,24.25,23.950001,24.08,2900.0,-0.1700000000000017
7.0,12.0,24.4,24.4,23.809999,24.280001,2100.0,-0.11999899999999997
7.0,11.0,24.4,24.4,24.4,24.4,100.0,0.0
7.0,10.0,24.190001,24.23,24.190001,24.23,1100.0,0.03999900000000167
7.0,9.0,24.17,24.209999,24.1,24.1,3900.0,-0.07000000000000028
7.0,8.0,24.17,24.209999,24.139999,24.16,2900.0,-0.010000000000001563
7.0,5.0,23.66,24.4,23.66,24.18,1500.0,0.5199999999999996
7.0,3.0,24.42,24.42,24.42,24.42,400.0,0.0
7.0,2.0,24.370001,24.51,24.370001,24.370001,1900.0,0.0
7.0,1.0,24.27,24.450001,24.25,24.35,31400.0,0.08000000000000185
6.0,28.0,24.200001,24.629999,24.200001,24.389999,3100.0,0.18999799999999922
6.0,27.0,23.860001,24.25,23.860001,24.25,2200.0,0.38999899999999954
6.0,26.0,24.01,24.139999,24.0,24.030001,2300.0,0.02000099999999705
6.0,25.0,23.74,23.77,23.68,23.700001,19200.0,-0.03999899999999812
6.0,24.0,23.889999,23.889999,23.51,23.629999,9000.0,-0.259999999999998
6.0,21.0,24.049999,24.719999,24.049999,24.049999,11200.0,0.0
6.0,20.0,24.42,24.43,24.08,24.120001,7700.0,-0.29999900000000324
6.0,19.0,24.620001,24.639999,24.48,24.48,16900.0,-0.14000099999999804
6.0,18.0,24.299999,24.91,24.299999,24.57,15400.0,0.2700010000000006
6.0,17.0,24.360001,24.49,24.26,24.370001,8700.0,0.00999999999999801
6.0,14.0,24.49,24.49,24.139999,24.25,3700.0,-0.23999999999999844
6.0,13.0,23.9,24.379999,23.9,24.299999,49300.0,0.3999990000000011
6.0,12.0,24.25,24.360001,24.02,24.18,11800.0,-0.07000000000000028
6.0,11.0,24.700001,24.870001,24.209999,24.34,16600.0,-0.36000100000000046
6.0,10.0,24.83,24.9,24.83,24.879999,2600.0,0.049999000000003235
6.0,7.0,25.040001,25.040001,24.85,24.860001,4600.0,-0.17999999999999972
6.0,6.0,24.950001,25.0,24.809999,24.950001,6100.0,0.0
6.0,5.0,24.879999,24.950001,24.799999,24.879999,36900.0,0.0
6.0,4.0,25.049999,25.049999,24.82,24.82,5600.0,-0.2299989999999994
6.0,3.0,25.25,25.35,25.110001,25.139999,24700.0,-0.11000100000000046
5.0,31.0,25.389999,25.6,25.209999,25.309999,11300.0,-0.0799999999999983
5.0,30.0,25.49,25.6,25.450001,25.5,149800.0,0.010000000000001563
5.0,29.0,25.459999,25.49,25.309999,25.309999,8200.0,-0.14999999999999858
5.0,28.0,25.700001,25.74,25.309999,25.370001,24800.0,-0.33000000000000185
5.0,24.0,25.700001,25.700001,25.66,25.700001,2000.0,0.0
5.0,23.0,25.48,25.58,25.42,25.549999,2700.0,0.06999899999999926
5.0,22.0,25.4,25.610001,25.370001,25.4,18800.0,0.0
5.0,21.0,25.75,25.75,25.639999,25.639999,900.0,-0.11000100000000046
5.0,20.0,25.719999,25.719999,25.6,25.6,10500.0,-0.11999899999999997
5.0,17.0,25.85,25.85,25.700001,25.75,8900.0,-0.10000000000000142
5.0,16.0,25.9,25.9,25.799999,25.85,2000.0,-0.04999999999999716
5.0,15.0,25.889999,25.950001,25.76,25.76,2700.0,-0.12999899999999798
5.0,14.0,25.950001,25.98,25.950001,25.98,1500.0,0.02999900000000011
5.0,13.0,25.950001,25.950001,25.879999,25.9,2000.0,-0.05000100000000174
5.0,10.0,25.969999,25.98,25.940001,25.940001,4900.0,-0.029998000000002634
5.0,9.0,25.59,25.99,25.58,25.91,13600.0,0.3200000000000003
5.0,8.0,25.58,25.799999,25.58,25.790001,7600.0,0.21000100000000188
5.0,7.0,25.58,25.65,25.58,25.639999,4500.0,0.059999000000001246
5.0,6.0,25.549999,25.65,25.459999,25.540001,5000.0,-0.009997999999999507
5.0,3.0,25.49,25.700001,25.42,25.469999,4100.0,-0.02000099999999705
5.0,2.0,25.48,25.65,25.48,25.65,5200.0,0.16999999999999815
5.0,1.0,25.32,25.5,25.32,25.4,5100.0,0.0799999999999983
4.0,30.0,25.440001,25.5,25.42,25.48,1700.0,0.03999900000000167
4.0,29.0,25.32,25.32,25.32,25.32,1000.0,0.0
4.0,26.0,25.450001,25.5,25.41,25.5,4700.0,0.04999899999999968
4.0,25.0,25.41,25.549999,25.4,25.43,5500.0,0.019999999999999574
4.0,24.0,25.5,25.5,25.42,25.48,2900.0,-0.019999999999999574
4.0,23.0,25.440001,25.5,25.309999,25.43,11700.0,-0.010000999999999038
4.0,22.0,25.41,25.450001,25.27,25.290001,6200.0,-0.11999899999999997
4.0,19.0,25.290001,25.440001,25.290001,25.440001,9600.0,0.14999999999999858
4.0,18.0,25.26,25.34,25.26,25.280001,4300.0,0.02000099999999705
4.0,17.0,25.290001,25.290001,25.25,25.25,3600.0,-0.040001000000000175
4.0,16.0,25.299999,25.299999,25.27,25.299999,7100.0,0.0
4.0,15.0,25.27,25.34,25.27,25.34,1700.0,0.07000000000000028
4.0,12.0,25.27,25.299999,25.23,25.299999,3000.0,0.02999900000000011
4.0,11.0,25.200001,25.299999,25.200001,25.219999,3200.0,0.01999800000000107
4.0,10.0,25.25,25.32,25.25,25.309999,3800.0,0.059999000000001246
4.0,9.0,25.17,25.280001,25.15,25.25,2900.0,0.0799999999999983
4.0,8.0,25.15,25.290001,25.1,25.290001,21800.0,0.1400010000000016
4.0,5.0,25.35,25.35,25.15,25.190001,13100.0,-0.15999900000000267
4.0,4.0,25.370001,25.389999,25.32,25.33,4200.0,-0.040001000000000175
4.0,3.0,25.209999,25.34,25.1,25.34,202100.0,0.13000100000000003
4.0,2.0,25.290001,25.299999,25.290001,25.290001,1200.0,0.0
4.0,1.0,25.25,25.299999,25.219999,25.219999,1500.0,-0.030000999999998612
3.0,28.0,25.33,25.33,25.129999,25.27,5200.0,-0.05999999999999872
3.0,27.0,25.15,25.389999,25.110001,25.120001,17100.0,-0.02999900000000011
3.0,26.0,25.15,25.200001,25.049999,25.15,9100.0,0.0
3.0,25.0,25.139999,25.15,25.02,25.02,6200.0,-0.11999899999999997
3.0,22.0,25.059999,25.139999,25.030001,25.07,7800.0,0.010000999999999038
3.0,21.0,25.1,25.190001,25.0,25.120001,11100.0,0.02000099999999705
3.0,20.0,25.15,25.35,25.1,25.219999,5800.0,0.06999900000000281
3.0,19.0,25.219999,25.27,25.08,25.219999,3700.0,0.0
3.0,18.0,25.16,25.16,25.16,25.16,400.0,0.0
3.0,15.0,25.15,25.15,25.15,25.15,400.0,0.0
3.0,14.0,25.059999,25.200001,25.059999,25.139999,5300.0,0.0799999999999983
3.0,13.0,25.15,25.15,25.0,25.059999,2200.0,-0.09000099999999733
3.0,12.0,25.16,25.200001,25.02,25.200001,5300.0,0.040001000000000175
3.0,11.0,25.299999,25.299999,25.25,25.25,4100.0,-0.04999899999999968
3.0,8.0,25.299999,25.299999,25.299999,25.299999,100.0,0.0
3.0,7.0,25.389999,25.389999,25.389999,25.389999,400.0,0.0
3.0,6.0,25.35,25.370001,25.27,25.27,3400.0,-0.08000000000000185
3.0,5.0,25.33,25.34,25.25,25.34,2100.0,0.010000000000001563
3.0,4.0,25.26,25.280001,25.200001,25.219999,5000.0,-0.040001000000000175
3.0,1.0,25.209999,25.209999,25.209999,25.209999,600.0,0.0
2.0,28.0,25.25,25.290001,25.24,25.26,700.0,0.010000000000001563
2.0,27.0,25.200001,25.280001,25.18,25.25,4300.0,0.04999899999999968
2.0,26.0,25.280001,25.280001,25.16,25.200001,7100.0,-0.0799999999999983
2.0,25.0,25.200001,25.32,25.18,25.309999,12100.0,0.10999800000000093
2.0,22.0,25.200001,25.32,25.190001,25.209999,22300.0,0.009997999999999507
2.0,21.0,25.190001,25.299999,25.190001,25.200001,7600.0,0.010000000000001563
2.0,20.0,25.15,25.209999,25.120001,25.209999,13000.0,0.059999000000001246
2.0,19.0,25.120001,25.16,25.1,25.110001,3100.0,-0.00999999999999801
2.0,15.0,25.110001,25.190001,25.1,25.1,8900.0,-0.010000999999999038
2.0,14.0,25.129999,25.15,25.129999,25.129999,10700.0,0.0
2.0,13.0,25.139999,25.190001,25.110001,25.190001,2200.0,0.050001999999999214
2.0,12.0,25.139999,25.200001,25.110001,25.15,45700.0,0.010000999999999038
2.0,11.0,25.200001,25.200001,25.120001,25.139999,8800.0,-0.06000200000000078
2.0,8.0,25.200001,25.200001,25.190001,25.200001,7300.0,0.0
2.0,7.0,25.18,25.200001,25.18,25.200001,6000.0,0.0200010000000006
2.0,6.0,25.200001,25.200001,25.1,25.110001,10200.0,-0.08999999999999986
2.0,5.0,25.25,25.25,25.049999,25.1,46400.0,-0.14999999999999858
2.0,4.0,25.1,25.200001,25.1,25.190001,5200.0,0.09000099999999733
2.0,1.0,25.23,25.23,25.1,25.200001,4700.0,-0.02999900000000011
1.0,31.0,25.309999,25.309999,25.049999,25.219999,2100.0,-0.08999999999999986
1.0,30.0,25.25,25.25,25.23,25.25,1800.0,0.0
1.0,29.0,25.299999,25.370001,25.24,25.25,2000.0,-0.04999899999999968
1.0,28.0,25.309999,25.370001,25.25,25.290001,5200.0,-0.01999800000000107
1.0,25.0,25.41,25.450001,25.370001,25.370001,2300.0,-0.03999900000000167
1.0,24.0,25.389999,25.4,25.299999,25.299999,2900.0,-0.08999999999999986
1.0,23.0,25.48,25.48,25.48,25.48,100.0,0.0
1.0,22.0,25.65,25.65,25.299999,25.42,3100.0,-0.22999999999999687
1.0,18.0,25.280001,25.41,25.25,25.41,6300.0,0.12999900000000153
1.0,17.0,25.450001,25.459999,25.200001,25.280001,10200.0,-0.1700000000000017
1.0,16.0,25.75,25.75,25.459999,25.49,1500.0,-0.26000000000000156
1.0,15.0,25.469999,25.469999,25.459999,25.469999,2100.0,0.0
1.0,14.0,25.469999,25.5,25.459999,25.5,600.0,0.030000999999998612
1.0,11.0,25.700001,25.700001,25.469999,25.48,2900.0,-0.2200009999999999
1.0,10.0,25.5,25.5,25.5,25.5,0.0,0.0
1.0,9.0,25.5,25.51,25.440001,25.5,4500.0,0.0
1.0,8.0,25.620001,25.620001,25.41,25.469999,6400.0,-0.15000199999999708
1.0,7.0,25.559999,25.610001,25.52,25.610001,500.0,0.050001999999999214
1.0,4.0,25.540001,25.559999,25.35,25.559999,1500.0,0.01999800000000107
1.0,3.0,25.700001,25.700001,25.35,25.5,4500.0,-0.20000100000000032
1.0,2.0,25.459999,25.5,25.4,25.4,1500.0,-0.059999000000001246
12.0,31.0,25.34,25.450001,25.16,25.16,6000.0,-0.17999999999999972
12.0,28.0,25.25,25.25,25.200001,25.200001,800.0,-0.04999899999999968
12.0,27.0,25.309999,25.32,25.1,25.1,3400.0,-0.20999899999999982
12.0,26.0,25.280001,25.309999,25.280001,25.309999,1900.0,0.029998000000002634
12.0,24.0,25.16,25.370001,25.16,25.370001,1300.0,0.21000099999999833
12.0,21.0,25.4,25.4,25.16,25.18,1600.0,-0.21999999999999886
12.0,20.0,25.190001,25.25,25.16,25.25,1600.0,0.059999000000001246
12.0,19.0,25.07,25.25,25.0,25.16,2800.0,0.08999999999999986
12.0,18.0,25.26,25.26,25.1,25.1,3200.0,-0.16000000000000014
12.0,17.0,25.049999,25.200001,25.02,25.16,8800.0,0.11000100000000046
12.0,14.0,25.24,25.24,25.200001,25.200001,1500.0,-0.03999899999999812
12.0,13.0,25.17,25.25,25.110001,25.129999,4500.0,-0.040001000000000175
12.0,12.0,25.35,25.360001,25.25,25.25,4500.0,-0.10000000000000142
12.0,11.0,25.200001,25.200001,25.030001,25.200001,7700.0,0.0
12.0,10.0,25.32,25.370001,25.209999,25.370001,1500.0,0.050000999999998186
12.0,7.0,25.280001,25.299999,25.190001,25.190001,13700.0,-0.08999999999999986
12.0,6.0,25.309999,25.32,25.299999,25.309999,3800.0,0.0
12.0,5.0,25.41,25.51,25.309999,25.35,4800.0,-0.05999999999999872
12.0,4.0,25.299999,25.5,25.26,25.5,11700.0,0.20000100000000032
12.0,3.0,25.51,25.51,25.27,25.27,12900.0,-0.240000000000002
11.0,30.0,25.51,25.51,25.26,25.459999,4400.0,-0.05000100000000174
11.0,29.0,25.34,25.549999,25.33,25.51,23400.0,0.1700000000000017
11.0,28.0,25.360001,25.450001,25.33,25.4,7700.0,0.03999899999999812
11.0,27.0,25.58,25.58,25.299999,25.4,7500.0,-0.17999999999999972
11.0,26.0,25.299999,25.549999,25.27,25.459999,8900.0,0.16000000000000014
11.0,23.0,25.32,25.4,25.299999,25.4,13800.0,0.0799999999999983
11.0,21.0,25.59,25.6,25.309999,25.57,2900.0,-0.019999999999999574
11.0,20.0,25.6,25.6,25.25,25.309999,3100.0,-0.2900010000000002
11.0,19.0,25.25,25.719999,25.25,25.5,16300.0,0.25
11.0,16.0,25.35,25.690001,25.290001,25.5,20600.0,0.14999999999999858
11.0,15.0,25.540001,25.549999,25.299999,25.299999,9700.0,-0.2400020000000005
11.0,14.0,25.73,25.73,25.309999,25.5,14700.0,-0.23000000000000043
11.0,13.0,25.65,25.66,25.559999,25.559999,15200.0,-0.09000099999999733
11.0,12.0,25.74,25.75,25.68,25.75,6900.0,0.010000000000001563
11.0,9.0,25.75,25.75,25.73,25.73,1500.0,-0.019999999999999574
11.0,8.0,25.690001,25.860001,25.65,25.690001,9500.0,0.0
11.0,7.0,25.77,25.780001,25.77,25.780001,1500.0,0.010000999999999038
11.0,6.0,25.98,25.98,25.66,25.799999,6200.0,-0.18000100000000074
11.0,5.0,25.75,25.93,25.66,25.700001,5900.0,-0.04999899999999968
11.0,2.0,25.66,25.66,25.65,25.66,1900.0,0.0
11.0,1.0,26.0,26.0,25.6,25.6,1700.0,-0.3999999999999986
10.0,31.0,25.889999,25.889999,25.67,25.889999,1900.0,0.0
10.0,26.0,25.889999,25.98,25.719999,25.719999,17200.0,-0.16999999999999815
10.0,25.0,25.879999,25.99,25.700001,25.93,17900.0,0.050000999999998186
10.0,24.0,25.65,25.9,25.559999,25.879999,16900.0,0.22999900000000295
10.0,23.0,25.700001,25.700001,25.6,25.700001,13300.0,0.0
10.0,22.0,25.75,25.75,25.709999,25.75,14200.0,0.0
10.0,19.0,25.700001,25.85,25.6,25.85,11200.0,0.1499990000000011
10.0,18.0,25.690001,25.77,25.6,25.77,24100.0,0.07999900000000082
10.0,17.0,25.549999,25.98,25.51,25.75,8800.0,0.20000100000000032
10.0,16.0,25.549999,25.549999,25.5,25.540001,39500.0,-0.009997999999999507
10.0,15.0,25.549999,25.68,25.5,25.559999,60300.0,0.010000000000001563
10.0,12.0,25.549999,25.549999,25.530001,25.549999,14800.0,0.0
10.0,11.0,25.549999,25.549999,25.5,25.549999,46900.0,0.0
10.0,10.0,25.549999,25.549999,25.49,25.549999,16200.0,0.0
10.0,9.0,25.5,25.549999,25.450001,25.549999,24000.0,0.04999899999999968
10.0,8.0,25.540001,25.549999,25.52,25.52,13500.0,-0.0200010000000006
10.0,5.0,25.59,25.59,25.49,25.549999,14900.0,-0.040001000000000175
10.0,4.0,25.5,25.540001,25.450001,25.540001,58900.0,0.040001000000000175
10.0,3.0,25.629999,25.629999,25.450001,25.540001,23700.0,-0.08999800000000135
10.0,2.0,25.6,25.690001,25.5,25.549999,49800.0,-0.05000100000000174
10.0,1.0,26.0,26.0,25.52,25.639999,34000.0,-0.36000100000000046
9.0,28.0,25.309999,25.75,25.15,25.75,41800.0,0.44000099999999875
