9.0,25.0,23.52,24.120001,23.309999,23.389999,710000.0,-0.13000100000000003
9.0,24.0,23.09,23.4,22.879999,23.290001,825300.0,0.20000100000000032
9.0,23.0,24.190001,24.370001,23.08,23.18,945100.0,-1.010000999999999
9.0,22.0,23.91,24.4,23.379999,24.26,1116200.0,0.3500000000000014
9.0,21.0,23.959999,24.610001,23.860001,24.23,1100600.0,0.2700010000000006
9.0,18.0,24.219999,24.5,23.629999,23.74,1188700.0,-0.47999900000000295
9.0,17.0,24.280001,24.879999,24.0,24.610001,675000.0,0.33000000000000185
9.0,16.0,24.17,24.52,24.059999,24.370001,795900.0,0.20000099999999676
9.0,15.0,23.709999,24.530001,23.610001,24.24,1189900.0,0.5300009999999986
9.0,14.0,23.52,23.52,23.17,23.190001,684400.0,-0.3299990000000008
9.0,11.0,23.58,23.700001,23.209999,23.4,1013700.0,-0.17999999999999972
9.0,10.0,22.690001,23.690001,22.540001,23.57,1572300.0,0.8799990000000015
9.0,9.0,22.709999,22.74,22.15,22.5,1819300.0,-0.20999899999999982
9.0,8.0,22.16,22.549999,21.700001,22.51,1709700.0,0.3500000000000014
9.0,4.0,21.469999,21.870001,21.34,21.41,828100.0,-0.059999000000001246
9.0,3.0,21.75,21.860001,21.549999,21.66,1265800.0,-0.08999999999999986
9.0,2.0,22.18,22.92,21.860001,21.99,2221200.0,-0.19000000000000128
9.0,1.0,21.17,21.75,20.42,21.16,1973700.0,-0.010000000000001563
8.0,31.0,20.6,21.559999,20.5,21.530001,2129100.0,0.9300009999999972
8.0,28.0,20.219999,20.84,20.129999,20.690001,2422500.0,0.47000199999999737
8.0,27.0,20.110001,20.66,19.860001,20.18,2548300.0,0.06999899999999926
8.0,26.0,19.860001,19.99,19.459999,19.91,2254300.0,0.04999899999999968
8.0,25.0,20.15,20.43,19.41,19.459999,2979100.0,-0.6900009999999988
8.0,24.0,18.809999,19.48,18.700001,19.469999,3225200.0,0.6600000000000001
8.0,21.0,22.280001,22.799999,19.51,19.690001,1.20887E7,-2.59
8.0,20.0,25.07,27.200001,25.049999,26.59,2334100.0,1.5199999999999996
8.0,19.0,27.82,28.0,27.200001,27.26,1235900.0,-0.5599999999999987
8.0,18.0,28.84,28.99,27.93,28.07,1103300.0,-0.7699999999999996
8.0,17.0,28.620001,29.209999,28.620001,28.99,1261300.0,0.36999899999999997
8.0,14.0,29.23,29.860001,29.049999,29.610001,661500.0,0.38000100000000003
8.0,13.0,29.67,29.709999,29.18,29.219999,432400.0,-0.4500010000000003
8.0,12.0,29.27,29.77,29.059999,29.690001,474700.0,0.4200009999999992
8.0,11.0,29.51,29.83,29.17,29.5,436800.0,-0.010000000000001563
8.0,10.0,29.9,30.120001,29.6,29.709999,324400.0,-0.19000099999999875
8.0,7.0,30.23,30.620001,29.52,29.73,462500.0,-0.5
8.0,6.0,30.5,30.51,30.02,30.190001,521900.0,-0.30999900000000125
8.0,5.0,30.700001,30.98,30.15,30.440001,500700.0,-0.26000000000000156
8.0,4.0,30.200001,30.58,29.82,30.559999,374500.0,0.35999800000000093
8.0,3.0,30.43,30.58,29.959999,30.299999,511600.0,-0.13000100000000003
7.0,31.0,30.27,30.75,29.799999,30.5,523700.0,0.23000000000000043
7.0,30.0,30.469999,30.58,29.59,30.15,1502200.0,-0.3199990000000028
7.0,29.0,31.18,31.41,30.83,30.870001,516100.0,-0.30999900000000125
7.0,28.0,31.08,31.709999,30.5,31.1,349100.0,0.020000000000003126
7.0,27.0,30.93,31.030001,30.530001,30.809999,341700.0,-0.12000099999999847
7.0,24.0,31.65,31.77,30.969999,31.09,376700.0,-0.5599999999999987
7.0,23.0,32.200001,32.200001,31.51,31.59,431600.0,-0.6100010000000005
7.0,22.0,32.240002,32.549999,31.9,32.220001,262600.0,-0.020000999999993496
7.0,21.0,32.150002,32.57,32.009998,32.360001,296200.0,0.20999899999999627
7.0,20.0,32.299999,32.360001,31.75,32.259998,338600.0,-0.04000099999999662
7.0,17.0,33.549999,33.759998,32.099998,32.16,528900.0,-1.389999000000003
7.0,16.0,32.889999,33.82,32.669998,33.639999,657300.0,0.75
7.0,15.0,32.759998,32.98,32.599998,32.799999,257900.0,0.04000099999999662
7.0,14.0,32.82,32.919998,32.400002,32.790001,299500.0,-0.02999900000000366
7.0,13.0,32.549999,32.93,32.25,32.799999,383600.0,0.25
7.0,10.0,32.389999,32.630001,32.150002,32.360001,244900.0,-0.029998000000006186
7.0,9.0,32.119999,32.52,31.73,32.16,498200.0,0.04000099999999662
7.0,8.0,32.119999,32.389999,31.799999,31.860001,406900.0,-0.2599979999999995
7.0,7.0,31.82,32.529999,31.549999,32.32,400800.0,0.5
7.0,6.0,31.629999,32.02,31.549999,31.870001,256800.0,0.24000199999999694
7.0,2.0,31.940001,32.16,31.48,31.700001,420800.0,-0.23999999999999844
7.0,1.0,32.360001,32.48,31.77,31.870001,597200.0,-0.48999999999999844
6.0,30.0,32.16,32.380001,31.76,32.139999,505000.0,-0.020000999999993496
6.0,29.0,32.41,32.630001,31.75,31.98,403700.0,-0.42999999999999616
6.0,26.0,32.439999,32.639999,32.110001,32.59,453800.0,0.15000100000000316
6.0,25.0,32.220001,32.57,31.790001,32.389999,653200.0,0.16999799999999965
6.0,24.0,32.34,32.599998,32.0,32.220001,339200.0,-0.11999899999999997
6.0,23.0,32.330002,32.34,31.969999,32.259998,302500.0,-0.07000399999999729
6.0,22.0,32.139999,32.310001,31.76,32.25,365300.0,0.1100009999999969
6.0,19.0,31.879999,32.25,31.719999,32.029999,644100.0,0.14999999999999503
6.0,18.0,32.0,32.16,31.790001,31.889999,556400.0,-0.11000100000000046
6.0,17.0,32.240002,32.419998,31.73,31.799999,616900.0,-0.44000299999999726
6.0,16.0,31.6,32.310001,31.51,32.119999,664700.0,0.5199989999999985
6.0,15.0,32.310001,32.369999,32.009998,32.34,366700.0,0.02999900000000366
6.0,12.0,32.369999,32.720001,32.220001,32.509998,443700.0,0.1399990000000031
6.0,11.0,32.57,32.830002,32.290001,32.439999,546700.0,-0.13000100000000003
6.0,10.0,32.380001,32.860001,32.34,32.48,493600.0,0.09999899999999684
6.0,9.0,32.759998,32.790001,31.969999,32.25,882100.0,-0.5099980000000031
6.0,8.0,32.849998,32.919998,32.450001,32.490002,843600.0,-0.3599960000000024
6.0,5.0,32.84,33.110001,32.439999,33.0,650000.0,0.1599999999999966
6.0,4.0,32.52,32.950001,32.299999,32.830002,681800.0,0.3100019999999972
6.0,3.0,32.610001,32.849998,32.369999,32.689999,913200.0,0.07999800000000334
6.0,2.0,32.5,32.759998,32.380001,32.509998,947600.0,0.00999800000000306
6.0,1.0,32.09,32.630001,31.99,32.509998,733600.0,0.41999799999999965
5.0,29.0,32.029999,32.299999,31.610001,31.75,831300.0,-0.27999899999999656
5.0,28.0,31.74,32.25,31.6,31.98,996400.0,0.240000000000002
5.0,27.0,32.540001,32.759998,32.209999,32.43,891500.0,-0.1100009999999969
5.0,26.0,32.459999,33.150002,32.200001,32.400002,1502200.0,-0.05999700000000274
5.0,22.0,32.16,32.75,31.57,32.049999,3462600.0,-0.1100009999999969
5.0,21.0,33.700001,34.0,33.48,33.77,1384100.0,0.06999900000000281
5.0,20.0,34.099998,34.509998,33.540001,33.860001,739000.0,-0.23999700000000246
5.0,19.0,34.540001,34.73,33.98,34.200001,499300.0,-0.3399999999999963
5.0,18.0,34.439999,34.709999,34.18,34.459999,584300.0,0.020000000000003126
5.0,15.0,34.52,34.779999,34.049999,34.52,721600.0,0.0
5.0,14.0,34.740002,34.849998,34.0,34.57,667100.0,-0.17000199999999666
5.0,13.0,34.009998,34.77,33.849998,34.580002,674100.0,0.5700039999999973
5.0,12.0,33.740002,34.299999,33.529999,33.990002,1010100.0,0.25
5.0,11.0,33.049999,34.110001,32.950001,33.849998,1233800.0,0.7999989999999997
5.0,8.0,34.040001,34.619999,33.23,33.290001,964400.0,-0.75
5.0,7.0,33.900002,34.209999,32.849998,34.060001,1156500.0,0.15999899999999911
5.0,6.0,33.799999,34.5,33.799999,34.41,1069600.0,0.6100009999999969
5.0,5.0,35.25,35.450001,33.639999,33.77,1168800.0,-1.4799999999999969
5.0,4.0,35.380001,35.560001,34.970001,35.259998,808700.0,-0.12000299999999697
5.0,1.0,35.18,35.549999,34.52,35.27,1185000.0,0.09000000000000341
4.0,30.0,35.650002,36.0,34.990002,35.139999,718200.0,-0.5100029999999975
4.0,29.0,36.23,36.360001,35.75,35.889999,856800.0,-0.3400009999999938
4.0,28.0,37.540001,37.810001,36.060001,36.389999,1272300.0,-1.1500019999999935
4.0,27.0,38.27,38.720001,37.779999,37.919998,477400.0,-0.3500020000000035
4.0,24.0,38.470001,38.700001,38.23,38.310001,304200.0,-0.1600000000000037
4.0,23.0,38.279999,38.790001,38.200001,38.380001,370700.0,0.10000200000000348
4.0,22.0,38.419998,38.700001,38.0,38.349998,283700.0,-0.07000000000000028
4.0,21.0,38.209999,38.75,37.98,38.369999,432600.0,0.1599999999999966
4.0,20.0,38.16,38.259998,37.439999,37.990002,553000.0,-0.16999799999999965
4.0,17.0,38.279999,38.599998,37.119999,37.919998,628200.0,-0.3600009999999969
4.0,16.0,38.310001,39.669998,38.099998,38.52,390000.0,0.20999900000000338
4.0,15.0,40.23,40.23,38.240002,38.290001,712600.0,-1.9399990000000003
4.0,14.0,41.549999,41.549999,40.02,40.09,403000.0,-1.4599989999999963
4.0,13.0,41.470001,41.700001,41.130001,41.400002,268400.0,-0.06999900000000281
4.0,10.0,41.23,41.5,40.779999,41.470001,291100.0,0.24000100000000657
4.0,9.0,40.889999,41.220001,40.049999,41.0,294000.0,0.1100009999999969
4.0,8.0,40.439999,40.98,40.200001,40.98,263200.0,0.5400009999999966
4.0,7.0,40.779999,41.099998,39.740002,40.360001,519500.0,-0.41999799999999965
4.0,6.0,40.82,41.400002,40.650002,40.650002,261000.0,-0.16999799999999965
4.0,2.0,40.700001,41.439999,40.400002,41.169998,343500.0,0.46999699999999933
4.0,1.0,40.439999,40.939999,39.630001,40.610001,588700.0,0.17000199999999666
3.0,31.0,40.490002,41.220001,40.360001,40.639999,530400.0,0.14999700000000615
3.0,30.0,40.369999,41.029999,40.080002,40.610001,476300.0,0.24000199999999694
3.0,27.0,39.990002,40.32,39.549999,40.220001,477800.0,0.2299990000000065
3.0,26.0,40.23,40.759998,39.959999,40.02,398600.0,-0.20999999999999375
3.0,25.0,40.779999,41.189999,40.150002,40.27,442800.0,-0.5099989999999934
3.0,24.0,40.720001,40.990002,40.299999,40.759998,410700.0,0.039996999999999616
3.0,23.0,40.959999,41.290001,40.560001,40.73,350700.0,-0.2299990000000065
3.0,20.0,40.869999,41.110001,40.41,41.09,600800.0,0.22000100000000344
3.0,19.0,40.990002,41.130001,40.560001,40.830002,302000.0,-0.1599999999999966
3.0,18.0,41.220001,41.369999,40.0,40.98,696400.0,-0.24000100000000657
3.0,17.0,41.380001,41.52,40.75,41.27,424400.0,-0.1100009999999969
3.0,16.0,41.619999,42.07,41.299999,41.57,494100.0,-0.04999899999999968
3.0,13.0,41.23,41.549999,40.939999,41.369999,462900.0,0.1399990000000031
3.0,12.0,40.580002,41.16,40.209999,41.119999,498200.0,0.5399969999999996
3.0,11.0,40.68,40.68,39.720001,40.299999,539900.0,-0.38000100000000003
3.0,10.0,40.599998,40.900002,39.740002,40.450001,732600.0,-0.14999699999999905
3.0,9.0,40.209999,41.130001,39.389999,40.919998,1496100.0,0.7099989999999963
3.0,6.0,41.669998,42.09,40.32,41.029999,3356900.0,-0.6399990000000031
3.0,5.0,38.959999,39.84,38.900002,39.630001,1135700.0,0.6700019999999967
3.0,4.0,38.59,38.779999,37.779999,38.75,581900.0,0.1599999999999966
3.0,3.0,38.549999,39.049999,38.41,38.689999,661800.0,0.14000000000000057
3.0,2.0,38.099998,38.700001,37.939999,38.66,362500.0,0.5600019999999972
2.0,27.0,38.040001,38.540001,37.990002,38.060001,272900.0,0.020000000000003126
2.0,26.0,38.009998,38.450001,37.77,38.040001,391600.0,0.030002999999993563
2.0,25.0,38.049999,38.25,37.669998,38.040001,281600.0,-0.00999800000000306
2.0,24.0,37.689999,38.119999,37.27,38.009998,412300.0,0.3199990000000028
2.0,23.0,37.09,38.07,37.0,37.75,505200.0,0.6599999999999966
2.0,20.0,37.18,37.490002,36.91,37.09,475900.0,-0.0899999999999963
2.0,19.0,36.990002,37.380001,36.810001,37.09,335300.0,0.09999800000000647
2.0,18.0,36.93,37.450001,36.700001,36.959999,450500.0,0.02999900000000366
2.0,17.0,37.009998,37.369999,36.75,36.939999,563700.0,-0.06999900000000281
2.0,13.0,37.349998,37.529999,36.919998,37.139999,422900.0,-0.20999899999999627
2.0,12.0,37.029999,37.580002,36.509998,37.07,593100.0,0.04000100000000373
2.0,11.0,35.810001,36.849998,35.599998,36.599998,527900.0,0.7899969999999996
2.0,10.0,36.799999,36.880001,35.509998,35.950001,991100.0,-0.8499979999999994
2.0,9.0,37.220001,37.540001,36.509998,36.560001,373800.0,-0.6600000000000037
2.0,6.0,37.650002,37.950001,37.279999,37.59,415200.0,-0.060001999999997224
2.0,5.0,38.279999,38.279999,37.400002,37.639999,632200.0,-0.6399999999999935
2.0,4.0,37.970001,38.439999,37.689999,38.290001,376000.0,0.3199999999999932
2.0,3.0,38.049999,38.389999,37.490002,38.209999,474900.0,0.1600000000000037
2.0,2.0,38.119999,38.23,37.25,37.939999,560000.0,-0.17999999999999972
1.0,30.0,38.82,38.900002,37.889999,38.110001,557400.0,-0.7099990000000034
1.0,29.0,38.139999,38.880001,37.75,38.849998,300100.0,0.7099989999999963
1.0,28.0,38.459999,39.130001,37.580002,38.139999,338700.0,-0.3200000000000003
1.0,27.0,38.450001,38.709999,38.049999,38.41,369600.0,-0.04000100000000373
1.0,26.0,38.560001,38.900002,38.369999,38.799999,315500.0,0.23999799999999993
1.0,23.0,38.189999,38.689999,37.630001,38.52,625500.0,0.3300010000000029
1.0,22.0,38.110001,38.52,37.77,38.419998,336100.0,0.30999700000000274
1.0,21.0,37.450001,38.200001,37.169998,37.959999,553900.0,0.5099980000000031
1.0,20.0,37.25,37.669998,36.779999,37.450001,376600.0,0.20000100000000032
1.0,16.0,36.849998,37.529999,36.849998,37.25,406000.0,0.40000200000000063
1.0,15.0,37.299999,37.73,36.299999,36.990002,739400.0,-0.30999700000000274
1.0,14.0,36.810001,37.57,36.0,37.259998,1195100.0,0.4499970000000033
1.0,13.0,38.099998,39.349998,35.68,36.16,3212700.0,-1.9399980000000028
1.0,12.0,40.040001,41.119999,39.73,40.790001,400200.0,0.75
1.0,9.0,40.830002,40.830002,39.869999,39.970001,309800.0,-0.8600009999999969
1.0,8.0,41.599998,41.93,40.830002,40.959999,469200.0,-0.639998999999996
1.0,7.0,39.82,41.43,39.82,41.209999,338200.0,1.389999000000003
1.0,6.0,40.810001,40.990002,39.299999,39.41,510900.0,-1.4000010000000032
1.0,5.0,40.900002,41.029999,39.299999,40.720001,451100.0,-0.1800009999999972
1.0,2.0,41.599998,42.0,41.009998,41.09,441900.0,-0.509997999999996
12.0,31.0,41.459999,41.889999,41.189999,41.200001,460300.0,-0.25999800000000306
12.0,30.0,41.580002,41.970001,41.0,41.360001,421600.0,-0.22000100000000344
12.0,29.0,41.25,41.720001,41.040001,41.599998,330800.0,0.34999799999999937
12.0,26.0,41.869999,41.990002,41.389999,41.419998,159400.0,-0.4500010000000003
12.0,24.0,41.57,42.119999,41.509998,41.759998,193100.0,0.18999800000000278
12.0,23.0,41.200001,41.75,40.799999,41.400002,945600.0,0.20000100000000032
12.0,22.0,40.549999,41.389999,40.09,40.799999,588700.0,0.25
12.0,19.0,40.970001,41.279999,40.23,40.41,875500.0,-0.5600010000000069
12.0,18.0,41.25,41.25,40.450001,40.91,553100.0,-0.3400000000000034
12.0,17.0,39.450001,41.110001,39.450001,41.009998,879500.0,1.5599970000000027
12.0,16.0,39.509998,40.189999,39.400002,39.580002,392800.0,0.07000399999999729
12.0,15.0,39.799999,40.419998,39.470001,39.619999,476400.0,-0.17999999999999972
12.0,12.0,38.849998,40.189999,38.849998,39.669998,422100.0,0.8200000000000003
12.0,11.0,39.290001,40.439999,39.009998,39.220001,474800.0,-0.06999999999999318
12.0,10.0,40.200001,40.41,39.09,39.130001,394600.0,-1.0700000000000003
12.0,9.0,39.91,40.389999,39.630001,40.259998,426700.0,0.34999800000000647
12.0,8.0,40.040001,40.959999,40.02,40.240002,518800.0,0.20000100000000032
12.0,5.0,39.869999,40.16,39.549999,40.080002,354400.0,0.21000300000000038
12.0,4.0,39.509998,40.049999,39.279999,39.880001,377900.0,0.370002999999997
12.0,3.0,39.540001,39.849998,39.439999,39.529999,322600.0,-0.010002000000000066
12.0,2.0,40.349998,40.439999,39.41,39.580002,611100.0,-0.769995999999999
12.0,1.0,40.720001,40.91,39.990002,40.169998,552000.0,-0.5500030000000038
11.0,28.0,40.459999,41.630001,39.759998,40.959999,295100.0,0.5
11.0,26.0,40.959999,41.16,40.150002,40.490002,561500.0,-0.46999700000000644
11.0,25.0,40.0,41.169998,39.91,40.849998,1047600.0,0.8499979999999994
11.0,24.0,39.290001,39.98,38.93,39.869999,952500.0,0.5799980000000033
11.0,21.0,39.490002,39.93,37.66,39.439999,1945700.0,-0.05000299999999669
11.0,20.0,39.43,40.0,38.799999,39.709999,1752100.0,0.27999900000000366
11.0,19.0,38.990002,39.75,38.310001,39.540001,687200.0,0.5499989999999997
11.0,18.0,39.060001,39.41,38.48,39.040001,518200.0,-0.020000000000003126
11.0,17.0,39.5,39.5,38.34,38.98,694300.0,-0.5200000000000031
11.0,14.0,39.060001,39.529999,38.509998,39.509998,585000.0,0.4499970000000033
11.0,13.0,39.610001,39.610001,38.619999,39.119999,480500.0,-0.49000199999999694
11.0,12.0,38.830002,39.599998,38.610001,39.5,432400.0,0.6699979999999996
11.0,11.0,38.849998,39.189999,38.450001,38.950001,423900.0,0.10000300000000095
11.0,10.0,39.02,39.209999,38.509998,38.950001,434300.0,-0.06999900000000281
11.0,7.0,38.77,38.959999,37.700001,38.939999,779600.0,0.16999899999999712
11.0,6.0,38.02,40.369999,38.009998,39.27,1361900.0,1.25
11.0,5.0,37.599998,37.990002,37.299999,37.459999,542400.0,-0.139998999999996
11.0,4.0,37.110001,37.560001,36.709999,37.400002,435700.0,0.29000100000000373
11.0,3.0,36.68,37.73,36.68,37.279999,648300.0,0.5999989999999968
10.0,31.0,36.549999,36.990002,36.18,36.709999,538900.0,0.1600000000000037
10.0,30.0,35.25,35.970001,35.049999,35.950001,331000.0,0.7000010000000003
10.0,29.0,37.48,37.48,34.950001,35.52,495300.0,-1.9599999999999937
10.0,28.0,34.110001,35.759998,34.09,35.709999,427600.0,1.5999980000000065
10.0,27.0,33.93,34.529999,33.720001,34.060001,454000.0,0.13000100000000003
10.0,24.0,34.290001,34.509998,33.759998,34.189999,372500.0,-0.10000199999999637
10.0,23.0,34.080002,34.509998,33.599998,34.25,560600.0,0.16999799999999965
10.0,22.0,35.240002,35.32,33.849998,33.889999,635900.0,-1.3500029999999938
10.0,21.0,33.93,35.200001,33.439999,35.119999,649400.0,1.1899990000000003
10.0,20.0,33.02,33.990002,33.02,33.82,431100.0,0.7999999999999972
10.0,17.0,33.709999,33.73,32.77,33.23,517800.0,-0.4799990000000065
10.0,16.0,32.990002,33.639999,32.75,33.27,538400.0,0.2799980000000062
10.0,15.0,32.490002,33.52,32.200001,33.290001,643700.0,0.7999989999999997
10.0,14.0,32.860001,33.369999,32.349998,32.880001,1342100.0,0.020000000000003126
10.0,13.0,33.700001,33.919998,32.57,32.689999,1157300.0,-1.010002
10.0,10.0,35.25,35.66,33.0,33.59,1762700.0,-1.6599999999999966
10.0,9.0,35.790001,35.990002,35.029999,35.459999,1005600.0,-0.33000199999999325
10.0,8.0,35.439999,35.990002,34.880001,35.68,758200.0,0.24000099999999946
10.0,7.0,35.369999,35.790001,35.150002,35.48,757600.0,0.1100009999999969
10.0,6.0,36.110001,36.540001,35.490002,35.540001,787900.0,-0.5700000000000003
10.0,3.0,36.150002,36.52,35.610001,36.139999,713500.0,-0.010002999999997542
10.0,2.0,35.529999,36.369999,35.27,35.740002,689600.0,0.21000300000000038
10.0,1.0,34.75,35.599998,34.610001,35.549999,910100.0,0.7999989999999997
9.0,30.0,35.080002,35.709999,34.849998,34.93,637100.0,-0.15000200000000063
9.0,29.0,34.610001,35.259998,34.349998,35.080002,498300.0,0.47000100000000344
9.0,26.0,34.380001,35.139999,34.299999,34.970001,480400.0,0.5900000000000034
9.0,25.0,34.860001,35.189999,34.009998,34.330002,793800.0,-0.5299989999999966
9.0,24.0,34.709999,35.419998,34.52,34.939999,434900.0,0.22999999999999687
9.0,23.0,34.900002,35.290001,34.450001,34.580002,501900.0,-0.3200000000000003
9.0,22.0,35.959999,36.09,34.799999,34.98,620100.0,-0.9799990000000065
9.0,19.0,37.139999,37.139999,35.849998,36.09,1469000.0,-1.0499989999999997
9.0,18.0,35.73,37.009998,35.150002,36.939999,1341500.0,1.2099990000000034
9.0,17.0,34.16,35.639999,34.07,35.619999,790000.0,1.4599990000000034
9.0,16.0,34.509998,34.799999,34.110001,34.259998,589200.0,-0.25
9.0,15.0,35.099998,35.400002,34.509998,34.57,443400.0,-0.5299979999999991
9.0,12.0,35.34,35.439999,34.869999,35.209999,338900.0,-0.13000100000000003
9.0,11.0,34.970001,35.509998,34.73,35.27,481800.0,0.2999989999999997
9.0,10.0,35.220001,35.580002,34.950001,35.009998,544400.0,-0.21000300000000038
9.0,9.0,35.43,35.599998,35.0,35.25,475800.0,-0.17999999999999972
9.0,8.0,35.490002,35.73,35.279999,35.5,645200.0,0.00999800000000306
9.0,5.0,34.400002,35.82,34.299999,35.630001,1111800.0,1.2299989999999994
9.0,4.0,33.849998,34.919998,33.560001,34.369999,749500.0,0.5200010000000006
9.0,3.0,33.93,34.240002,33.619999,33.73,533900.0,-0.20000000000000284
9.0,2.0,33.400002,34.0,33.080002,33.93,727800.0,0.5299979999999991
8.0,29.0,33.73,33.950001,33.32,33.349998,428800.0,-0.3800019999999975
8.0,28.0,34.349998,34.490002,33.59,33.73,694000.0,-0.6199980000000025
8.0,27.0,33.369999,34.66,33.189999,34.450001,1010600.0,1.0800020000000004
8.0,26.0,32.669998,33.73,32.669998,33.349998,878800.0,0.6799999999999997
8.0,25.0,33.0,33.439999,32.5,32.57,1067500.0,-0.4299999999999997
8.0,22.0,33.040001,33.77,32.16,32.889999,4242700.0,-0.15000199999999353
8.0,21.0,30.889999,31.1,30.309999,30.43,1044400.0,-0.4599989999999998
8.0,20.0,31.379999,31.379999,30.66,30.950001,498300.0,-0.4299980000000012
8.0,19.0,31.1,31.610001,30.959999,31.48,456300.0,0.379999999999999
8.0,18.0,31.1,31.42,30.75,31.15,433900.0,0.04999999999999716
8.0,15.0,31.51,31.77,30.639999,30.82,801000.0,-0.6900000000000013
8.0,14.0,30.190001,31.58,30.190001,31.360001,719500.0,1.1700000000000017
8.0,13.0,29.65,30.34,29.32,30.15,581100.0,0.5
8.0,12.0,30.27,30.309999,29.4,29.639999,623800.0,-0.630001
8.0,11.0,30.200001,30.639999,30.030001,30.34,564600.0,0.13999899999999954
8.0,8.0,29.9,30.51,29.76,30.110001,524700.0,0.21000100000000188
8.0,7.0,30.1,30.5,29.67,29.9,619500.0,-0.20000000000000284
8.0,6.0,29.68,30.110001,29.530001,30.049999,405000.0,0.36999899999999997
8.0,5.0,29.360001,30.530001,29.35,29.950001,658300.0,0.5899999999999999
8.0,4.0,29.709999,29.92,29.309999,29.469999,705900.0,-0.23999999999999844
8.0,1.0,30.030001,30.440001,29.43,29.540001,647100.0,-0.48999999999999844
7.0,31.0,30.35,30.35,29.469999,29.93,818200.0,-0.4200000000000017
7.0,30.0,30.120001,30.889999,30.0,30.700001,674400.0,0.5800000000000018
7.0,29.0,29.610001,30.32,29.51,30.1,608400.0,0.48999900000000096
7.0,28.0,29.77,30.1,29.459999,29.58,580400.0,-0.19000000000000128
7.0,25.0,30.139999,30.379999,29.559999,29.780001,493400.0,-0.35999800000000093
7.0,24.0,29.91,30.540001,29.65,30.41,588000.0,0.5
7.0,23.0,30.280001,30.280001,29.43,29.91,1256800.0,-0.37000099999999847
7.0,22.0,31.25,31.25,29.84,29.9,1518600.0,-1.3500000000000014
7.0,21.0,31.42,31.52,30.969999,31.280001,677500.0,-0.1399990000000031
7.0,18.0,30.969999,31.540001,30.889999,31.51,518800.0,0.5400010000000002
7.0,17.0,31.27,31.51,30.889999,31.02,859100.0,-0.25
7.0,16.0,32.200001,32.43,31.76,31.77,622500.0,-0.43000100000000074
7.0,15.0,31.91,32.790001,31.549999,31.950001,932300.0,0.040001000000000175
7.0,14.0,31.66,31.84,31.41,31.66,669400.0,0.0
7.0,11.0,31.459999,31.700001,30.959999,31.5,486000.0,0.040001000000000175
7.0,10.0,31.559999,31.65,31.1,31.49,1023200.0,-0.06999900000000281
7.0,9.0,32.0,32.630001,31.85,31.99,535800.0,-0.010000000000001563
7.0,8.0,30.290001,32.099998,29.879999,31.959999,2629200.0,1.6699979999999996
7.0,7.0,33.720001,33.720001,32.630001,32.669998,718400.0,-1.0500030000000038
7.0,3.0,33.610001,34.029999,33.610001,33.799999,264500.0,0.18999800000000278
7.0,2.0,33.669998,34.240002,33.5,33.599998,515300.0,-0.07000000000000028
7.0,1.0,33.610001,34.169998,33.41,33.709999,818800.0,0.09999800000000647
6.0,30.0,33.639999,33.919998,33.299999,33.470001,1010700.0,-0.16999799999999965
6.0,27.0,33.82,34.299999,33.470001,33.619999,5284600.0,-0.20000100000000032
6.0,26.0,34.040001,34.400002,33.619999,33.799999,572700.0,-0.24000199999999694
6.0,25.0,33.060001,34.220001,32.990002,34.150002,1133200.0,1.0900010000000009
6.0,24.0,34.049999,34.360001,33.700001,33.84,606300.0,-0.20999899999999627
6.0,23.0,34.060001,34.720001,33.880001,34.169998,650000.0,0.1099969999999999
6.0,20.0,34.560001,34.77,33.490002,34.189999,846300.0,-0.3700019999999995
6.0,19.0,35.189999,35.450001,34.419998,34.52,636100.0,-0.6699989999999971
6.0,18.0,35.630001,35.740002,34.77,35.240002,743400.0,-0.3899990000000031
6.0,17.0,35.290001,35.889999,35.220001,35.650002,534700.0,0.360001000000004
6.0,16.0,34.889999,35.490002,34.889999,35.389999,771000.0,0.5
6.0,13.0,34.869999,35.169998,34.360001,34.970001,644800.0,0.10000200000000348
6.0,12.0,34.330002,35.040001,33.939999,34.860001,820500.0,0.5299989999999966
6.0,11.0,33.619999,34.549999,33.5,34.27,569300.0,0.6500010000000032
6.0,10.0,33.779999,34.009998,33.540001,33.75,497800.0,-0.029998999999996556
6.0,9.0,33.43,33.919998,33.119999,33.830002,492000.0,0.40000200000000063
6.0,6.0,33.389999,33.75,32.939999,33.43,740400.0,0.04000099999999662
6.0,5.0,33.25,33.779999,32.900002,33.459999,701600.0,0.20999900000000338
6.0,4.0,32.959999,33.34,32.509998,33.16,1236400.0,0.2000009999999932
6.0,3.0,31.99,33.0,31.129999,32.950001,2271400.0,0.9600010000000019
6.0,2.0,30.6,30.719999,29.9,30.52,891100.0,-0.08000000000000185
5.0,30.0,30.09,30.780001,29.84,30.65,891700.0,0.5599999999999987
5.0,29.0,29.98,30.459999,29.66,30.0,721800.0,0.019999999999999574
5.0,28.0,29.84,30.459999,29.65,29.92,1360900.0,0.08000000000000185
5.0,27.0,29.15,30.15,29.110001,29.85,1827200.0,0.7000000000000028
5.0,23.0,31.030001,31.23,29.0,29.15,4639600.0,-1.880001
5.0,22.0,29.299999,29.639999,28.6,28.700001,1529500.0,-0.5999979999999994
5.0,21.0,29.52,29.809999,28.780001,29.389999,1087300.0,-0.13000100000000003
5.0,20.0,29.73,29.9,29.27,29.49,943500.0,-0.240000000000002
5.0,19.0,30.82,31.370001,29.35,29.91,1595200.0,-0.9100000000000001
5.0,16.0,31.35,31.620001,31.040001,31.1,526500.0,-0.25
5.0,15.0,31.57,31.73,30.57,31.26,1057000.0,-0.3099999999999987
5.0,14.0,32.0,32.209999,31.629999,31.700001,516500.0,-0.2999989999999997
5.0,13.0,32.560001,32.560001,31.73,32.0,830000.0,-0.5600009999999997
5.0,12.0,32.759998,33.0,32.349998,32.669998,667800.0,-0.09000000000000341
5.0,9.0,32.040001,32.990002,31.870001,32.68,807100.0,0.6399990000000031
5.0,8.0,32.200001,33.099998,31.799999,32.02,1706200.0,-0.1800009999999972
5.0,7.0,31.92,32.799999,31.15,32.110001,3718100.0,0.1900009999999952
5.0,6.0,35.990002,36.52,35.810001,35.830002,525900.0,-0.1599999999999966
5.0,5.0,36.669998,36.669998,35.950001,36.150002,522900.0,-0.519995999999999
5.0,2.0,37.41,37.970001,36.68,36.77,659400.0,-0.6399999999999935
5.0,1.0,36.900002,37.549999,36.599998,37.41,590200.0,0.509997999999996
4.0,30.0,36.450001,37.169998,35.889999,37.099998,777600.0,0.649996999999999
4.0,29.0,35.84,36.689999,35.84,36.349998,703200.0,0.509997999999996
4.0,28.0,36.049999,36.509998,35.389999,35.799999,604600.0,-0.25
4.0,25.0,36.060001,36.380001,35.669998,36.09,521600.0,0.02999900000000366
4.0,24.0,35.84,36.48,35.610001,36.209999,726700.0,0.36999899999999997
4.0,23.0,35.169998,36.099998,34.860001,35.790001,712500.0,0.620002999999997
4.0,22.0,34.790001,35.57,34.790001,35.150002,423400.0,0.360001000000004
4.0,21.0,34.5,34.810001,34.330002,34.75,405000.0,0.25
4.0,17.0,34.299999,34.48,33.77,34.360001,453700.0,0.060001999999997224
4.0,16.0,35.099998,35.130001,34.09,34.360001,436100.0,-0.7399970000000025
4.0,15.0,35.98,36.240002,34.66,34.93,883200.0,-1.0499999999999972
4.0,14.0,35.0,35.93,34.77,35.869999,928000.0,0.869999
4.0,11.0,35.509998,35.619999,34.099998,34.799999,818900.0,-0.7099990000000034
4.0,10.0,36.040001,36.279999,35.66,35.740002,1146800.0,-0.2999989999999997
4.0,9.0,35.860001,36.18,35.48,36.110001,828800.0,0.25
4.0,8.0,35.189999,36.040001,35.09,35.77,818400.0,0.5800010000000029
4.0,7.0,35.709999,35.970001,34.880001,34.98,484500.0,-0.7299990000000065
4.0,4.0,36.779999,36.900002,35.639999,35.98,776900.0,-0.7999989999999997
4.0,3.0,36.689999,36.900002,36.23,36.580002,728000.0,-0.1099969999999999
4.0,2.0,34.790001,36.950001,34.790001,36.830002,2205300.0,2.0400010000000037
4.0,1.0,34.07,35.07,33.73,34.529999,1040800.0,0.45999899999999627
3.0,31.0,33.279999,33.98,33.009998,33.599998,566800.0,0.3199990000000028
3.0,28.0,32.630001,33.299999,32.619999,33.240002,463500.0,0.6100009999999969
3.0,27.0,33.450001,33.689999,32.540001,32.669998,539700.0,-0.7800030000000007
3.0,26.0,34.189999,34.5,33.310001,33.459999,611900.0,-0.7299999999999969
3.0,25.0,34.189999,34.540001,33.66,34.040001,498800.0,-0.14999800000000363
3.0,24.0,34.509998,34.82,33.759998,34.080002,807900.0,-0.4299960000000027
3.0,21.0,34.18,34.639999,34.09,34.330002,801900.0,0.15000200000000063
3.0,20.0,34.040001,34.369999,33.68,34.18,620800.0,0.1399990000000031
3.0,19.0,34.939999,35.060001,34.060001,34.369999,476100.0,-0.5700000000000003
3.0,18.0,34.450001,35.02,34.169998,34.939999,496000.0,0.48999799999999993
3.0,17.0,34.02,34.830002,33.970001,34.48,855000.0,0.45999999999999375
3.0,14.0,34.189999,35.23,34.09,34.41,715100.0,0.22000099999999634
3.0,13.0,35.66,36.07,34.049999,34.189999,1905300.0,-1.4700009999999963
3.0,12.0,35.310001,36.41,35.25,35.560001,1107100.0,0.25
3.0,11.0,35.16,36.040001,35.060001,35.299999,1743200.0,0.1399990000000031
3.0,10.0,33.02,35.220001,33.02,35.080002,1946700.0,2.0600019999999972
3.0,7.0,35.02,36.43,32.900002,33.16,5734300.0,-1.8600000000000065
3.0,6.0,34.91,35.169998,33.98,34.0,2158400.0,-0.9099999999999966
3.0,5.0,35.529999,35.849998,34.450001,34.740002,1319000.0,-0.7899969999999996
3.0,4.0,34.080002,35.68,34.07,35.529999,1492200.0,1.4499969999999962
3.0,3.0,33.25,33.970001,32.849998,33.869999,963200.0,0.619999
2.0,28.0,31.459999,33.709999,31.459999,33.5,928400.0,2.040001
2.0,27.0,32.75,33.049999,32.32,32.849998,541900.0,0.09999799999999937
2.0,26.0,33.009998,33.330002,32.669998,32.889999,635100.0,-0.11999899999999997
2.0,25.0,32.919998,33.549999,32.830002,32.919998,895800.0,0.0
2.0,24.0,32.310001,33.130001,32.130001,32.900002,1039600.0,0.5900010000000009
2.0,21.0,31.49,32.57,31.49,32.310001,952000.0,0.8200010000000013
2.0,20.0,33.259998,33.700001,31.35,31.790001,2377000.0,-1.4699970000000029
2.0,19.0,34.080002,34.689999,34.009998,34.369999,589200.0,0.2899969999999996
2.0,18.0,34.59,34.689999,33.84,34.220001,810900.0,-0.36999899999999997
2.0,14.0,34.240002,34.939999,34.009998,34.599998,604500.0,0.3599960000000024
2.0,13.0,34.0,34.310001,33.810001,34.259998,870700.0,0.25999800000000306
2.0,12.0,34.0,34.810001,33.830002,34.560001,829400.0,0.5600009999999997
2.0,11.0,33.73,34.470001,33.23,34.07,871300.0,0.3400000000000034
2.0,10.0,33.689999,33.919998,33.48,33.580002,652500.0,-0.1099969999999999
2.0,7.0,33.98,34.669998,33.240002,33.709999,740700.0,-0.2700009999999935
2.0,6.0,34.23,34.52,33.880001,34.200001,948600.0,-0.029998999999996556
2.0,5.0,33.900002,34.630001,33.849998,34.029999,980600.0,0.12999699999999592
2.0,4.0,33.959999,34.459999,33.849998,33.889999,578900.0,-0.07000000000000028
2.0,3.0,34.93,35.07,33.720001,33.810001,836600.0,-1.119999
1.0,31.0,34.779999,35.400002,34.77,34.959999,644600.0,0.18000000000000682
1.0,30.0,35.209999,35.490002,34.990002,35.16,476900.0,-0.04999900000000679
1.0,29.0,35.419998,35.66,34.900002,35.049999,849100.0,-0.36999899999999997
1.0,28.0,34.720001,35.630001,34.720001,35.360001,461100.0,0.6399999999999935
1.0,27.0,36.09,36.43,34.919998,35.060001,770900.0,-1.0299990000000037
1.0,24.0,35.57,36.5,35.360001,36.130001,981200.0,0.5600009999999997
1.0,23.0,35.110001,35.709999,34.720001,35.639999,1104500.0,0.5299980000000062
1.0,22.0,36.189999,36.330002,35.02,35.400002,1060500.0,-0.7899969999999996
1.0,21.0,36.349998,36.75,34.869999,36.02,3380200.0,-0.32999799999999624
1.0,17.0,37.779999,38.09,36.240002,36.380001,1272000.0,-1.3999979999999965
1.0,16.0,39.720001,39.77,37.93,38.0,1171300.0,-1.7200010000000034
1.0,15.0,39.75,40.389999,39.400002,39.900002,967200.0,0.15000200000000063
1.0,14.0,38.549999,39.66,38.459999,39.650002,686700.0,1.100003000000001
1.0,13.0,38.889999,38.970001,38.360001,38.529999,1035800.0,-0.36000000000000654
1.0,10.0,38.619999,39.040001,38.110001,38.82,1434800.0,0.20000100000000032
1.0,9.0,40.939999,41.169998,38.360001,38.650002,2384100.0,-2.2899969999999996
1.0,8.0,41.060001,41.18,40.509998,40.84,819500.0,-0.22000099999999634
1.0,7.0,39.419998,41.080002,39.34,40.959999,714100.0,1.5400010000000037
1.0,6.0,40.830002,40.849998,39.119999,39.23,1573100.0,-1.6000020000000035
1.0,3.0,39.860001,40.939999,39.73,40.720001,914700.0,0.8600000000000065
1.0,2.0,40.310001,40.639999,39.740002,39.830002,767300.0,-0.4799989999999994
12.0,31.0,41.060001,41.130001,40.299999,40.5,447300.0,-0.5600009999999997
12.0,30.0,40.709999,41.450001,40.669998,40.959999,496600.0,0.25
12.0,27.0,40.720001,40.950001,40.470001,40.810001,382000.0,0.0899999999999963
12.0,26.0,40.669998,41.049999,40.549999,40.669998,326900.0,0.0
12.0,24.0,39.98,40.599998,39.98,40.549999,189200.0,0.5699990000000028
12.0,23.0,40.34,40.720001,39.669998,40.040001,759000.0,-0.2999990000000068
12.0,20.0,40.68,41.18,40.290001,40.41,773500.0,-0.2700000000000031
12.0,19.0,40.049999,40.639999,39.970001,40.560001,572900.0,0.5100020000000001
12.0,18.0,39.700001,40.48,39.360001,40.389999,958800.0,0.6899980000000028
12.0,17.0,39.650002,39.91,38.919998,39.380001,686000.0,-0.2700010000000006
12.0,16.0,39.900002,40.360001,39.130001,39.669998,1119200.0,-0.23000400000000099
12.0,13.0,40.439999,40.77,39.560001,40.02,1006000.0,-0.4199989999999971
12.0,12.0,41.049999,41.279999,40.330002,40.540001,811700.0,-0.5099980000000031
12.0,11.0,41.290001,41.549999,40.93,41.139999,986300.0,-0.15000199999999353
12.0,10.0,40.98,41.549999,40.880001,41.32,784000.0,0.3400000000000034
12.0,9.0,40.490002,41.23,40.259998,41.139999,907500.0,0.6499970000000062
12.0,6.0,40.970001,40.990002,40.0,40.419998,628400.0,-0.5500030000000038
12.0,5.0,39.84,41.200001,39.709999,40.650002,1066700.0,0.8100019999999972
12.0,4.0,39.240002,39.790001,39.049999,39.57,973600.0,0.32999800000000334
12.0,3.0,39.599998,39.84,39.009998,39.290001,982500.0,-0.30999700000000274
12.0,2.0,40.880001,41.830002,39.52,39.610001,1585100.0,-1.2700000000000031
11.0,29.0,40.09,40.73,39.779999,40.709999,440400.0,0.619999
11.0,27.0,39.32,40.07,39.189999,39.869999,1275000.0,0.5499989999999997
11.0,26.0,38.98,39.93,38.959999,39.459999,1803800.0,0.4799990000000065
11.0,25.0,40.860001,41.349998,39.91,39.970001,1951400.0,-0.8899999999999935
11.0,22.0,42.490002,42.580002,40.029999,40.869999,1.02243E7,-1.620002999999997
11.0,21.0,49.259998,50.889999,48.959999,50.400002,1730000.0,1.1400039999999976
11.0,20.0,49.330002,49.459999,48.299999,48.959999,674100.0,-0.370002999999997
11.0,19.0,50.18,50.869999,48.849998,49.43,750100.0,-0.75
11.0,18.0,50.619999,51.470001,50.110001,50.34,815200.0,-0.27999899999999656
11.0,15.0,50.759998,51.049999,50.259998,50.619999,378500.0,-0.1399990000000031
11.0,14.0,50.330002,50.919998,49.560001,50.82,432800.0,0.48999799999999993
11.0,13.0,49.98,50.5,49.459999,50.200001,377500.0,0.22000100000000344
11.0,12.0,49.459999,50.43,49.099998,50.27,474800.0,0.8100009999999997
11.0,11.0,49.369999,49.720001,48.869999,49.68,453400.0,0.31000099999999975
11.0,8.0,47.880001,49.700001,47.880001,49.32,1389900.0,1.4399990000000003
11.0,7.0,48.740002,48.830002,46.98,47.990002,2571300.0,-0.75
11.0,6.0,50.889999,51.900002,50.48,51.389999,333000.0,0.5
11.0,5.0,50.439999,51.360001,49.830002,50.77,358900.0,0.3300010000000029
11.0,4.0,50.619999,50.880001,49.75,50.400002,362500.0,-0.21999699999999933
11.0,1.0,51.09,51.310001,50.509998,50.639999,325200.0,-0.4500010000000003
10.0,31.0,51.099998,51.189999,50.540001,50.91,316900.0,-0.18999800000000278
10.0,30.0,52.189999,52.43,51.0,51.23,211900.0,-0.9599990000000034
10.0,29.0,52.299999,52.580002,51.799999,52.049999,285000.0,-0.25
10.0,28.0,52.0,52.860001,51.57,51.990002,386400.0,-0.00999800000000306
10.0,25.0,52.09,52.470001,51.77,51.970001,244500.0,-0.11999899999999997
10.0,24.0,51.990002,52.25,51.700001,52.169998,226700.0,0.1799960000000027
10.0,23.0,51.950001,52.380001,51.490002,51.82,214700.0,-0.13000100000000003
10.0,22.0,52.279999,52.580002,51.830002,51.939999,378900.0,-0.3399999999999963
10.0,21.0,52.970001,53.220001,52.07,52.209999,402800.0,-0.7600020000000001
10.0,18.0,53.060001,53.459999,52.810001,53.02,602500.0,-0.04000099999999662
10.0,17.0,53.0,53.220001,52.380001,52.98,427000.0,-0.020000000000003126
10.0,16.0,53.43,53.759998,52.82,53.060001,624100.0,-0.36999899999999997
10.0,15.0,52.279999,52.91,51.91,52.599998,530200.0,0.3199990000000028
10.0,14.0,52.119999,52.349998,51.549999,52.139999,392300.0,0.020000000000003126
10.0,11.0,51.0,52.279999,50.400002,52.27,496600.0,1.2700000000000031
10.0,10.0,50.299999,51.400002,50.049999,51.150002,544900.0,0.850003000000001
10.0,9.0,50.5,50.700001,49.529999,50.060001,545500.0,-0.43999900000000025
10.0,8.0,50.099998,50.82,49.700001,50.400002,899300.0,0.30000400000000127
10.0,7.0,49.599998,50.169998,49.060001,49.919998,619600.0,0.3200000000000003
10.0,4.0,48.200001,50.200001,48.07,49.779999,585500.0,1.5799979999999962
10.0,3.0,47.970001,48.150002,47.16,48.0,541900.0,0.029998999999996556
10.0,2.0,47.060001,47.889999,46.66,47.790001,528400.0,0.7299999999999969
10.0,1.0,47.5,48.290001,47.27,47.509998,331100.0,0.00999800000000306
9.0,30.0,47.139999,47.779999,46.779999,47.310001,353800.0,0.17000199999999666
9.0,27.0,47.619999,47.630001,46.639999,47.59,418000.0,-0.029998999999996556
9.0,26.0,47.990002,48.490002,47.34,47.720001,633600.0,-0.2700009999999935
9.0,25.0,48.099998,48.330002,47.009998,47.279999,459000.0,-0.8199990000000028
9.0,24.0,48.57,48.98,48.060001,48.130001,329000.0,-0.43999900000000025
9.0,23.0,48.209999,48.700001,47.779999,48.389999,382600.0,0.17999999999999972
9.0,20.0,48.720001,48.75,48.110001,48.189999,564600.0,-0.5300020000000032
9.0,19.0,49.740002,50.25,48.400002,48.75,1458100.0,-0.9900019999999969
9.0,18.0,49.82,49.959999,48.470001,49.689999,692400.0,-0.13000100000000003
9.0,17.0,48.549999,50.02,48.490002,49.82,655100.0,1.2700010000000006
9.0,16.0,49.360001,49.84,48.18,48.259998,601200.0,-1.1000029999999938
9.0,13.0,50.439999,50.669998,48.790001,48.84,684400.0,-1.5999989999999968
9.0,12.0,50.34,51.720001,50.16,50.220001,495900.0,-0.11999899999999997
9.0,11.0,49.099998,50.98,49.009998,50.169998,430800.0,1.0700000000000003
9.0,10.0,50.610001,51.07,50.310001,50.799999,266300.0,0.18999800000000278
9.0,9.0,50.099998,50.709999,50.080002,50.549999,180200.0,0.4500010000000003
9.0,6.0,49.950001,50.209999,49.360001,50.07,308100.0,0.11999899999999997
9.0,5.0,48.939999,50.029999,48.919998,49.700001,444400.0,0.7600020000000001
9.0,4.0,48.279999,49.299999,47.709999,49.07,623800.0,0.7900010000000037
9.0,3.0,49.459999,49.470001,47.950001,48.099998,787300.0,-1.360001000000004
8.0,30.0,48.209999,49.080002,48.009998,48.810001,619100.0,0.6000019999999964
8.0,29.0,50.25,50.25,47.939999,48.009998,3680900.0,-2.240001999999997
8.0,28.0,54.0,54.849998,53.259998,54.279999,738500.0,0.27999899999999656
8.0,27.0,54.130001,55.419998,54.009998,54.330002,659600.0,0.20000100000000032
8.0,26.0,55.41,56.040001,54.830002,55.02,234900.0,-0.38999999999999346
8.0,23.0,54.450001,55.169998,54.0,55.150002,225600.0,0.7000010000000003
8.0,22.0,54.349998,54.799999,54.0,54.25,147000.0,-0.09999799999999937
8.0,21.0,54.0,54.540001,53.759998,54.049999,176200.0,0.04999899999999968
8.0,20.0,54.02,54.59,53.939999,54.0,213300.0,-0.020000000000003126
8.0,19.0,53.130001,54.0,52.849998,53.779999,303700.0,0.6499979999999965
8.0,16.0,53.18,53.790001,52.810001,53.080002,231700.0,-0.09999799999999937
8.0,15.0,54.700001,54.720001,53.23,53.810001,219400.0,-0.8900000000000006
8.0,14.0,56.529999,56.939999,55.0,55.380001,172100.0,-1.1499979999999965
8.0,13.0,56.830002,57.16,56.099998,56.630001,181600.0,-0.20000100000000032
8.0,12.0,56.630001,56.849998,55.98,56.73,269300.0,0.09999899999999684
8.0,9.0,56.389999,57.040001,55.490002,56.939999,466200.0,0.5499999999999972
8.0,8.0,54.209999,56.759998,53.82,56.27,581700.0,2.0600009999999997
8.0,7.0,53.959999,54.139999,53.529999,54.0,342400.0,0.04000099999999662
8.0,6.0,53.830002,54.169998,52.709999,54.130001,236100.0,0.2999989999999997
8.0,5.0,53.16,54.18,52.950001,53.959999,206000.0,0.7999990000000068
8.0,2.0,53.959999,54.029999,52.630001,53.040001,235800.0,-0.9199980000000068
8.0,1.0,52.880001,54.130001,52.810001,53.93,431300.0,1.0499989999999997
7.0,31.0,52.939999,53.27,52.32,52.779999,329400.0,-0.1600000000000037
7.0,30.0,53.040001,53.450001,52.68,52.779999,277100.0,-0.26000200000000007
7.0,29.0,52.5,53.209999,52.5,53.07,204600.0,0.5700000000000003
7.0,26.0,52.73,53.080002,52.27,52.740002,159700.0,0.010002000000000066
7.0,25.0,52.32,53.09,52.220001,52.970001,345000.0,0.6500010000000032
7.0,24.0,53.0,53.099998,52.18,52.48,507100.0,-0.5200000000000031
7.0,23.0,54.57,54.849998,52.779999,52.970001,407600.0,-1.5999989999999968
7.0,22.0,54.419998,54.830002,52.779999,54.369999,737900.0,-0.04999899999999968
7.0,19.0,54.400002,54.73,54.07,54.540001,338900.0,0.139998999999996
7.0,18.0,53.66,54.549999,53.509998,54.459999,292300.0,0.7999990000000068
7.0,17.0,54.369999,54.830002,53.25,53.389999,239300.0,-0.9799999999999969
7.0,16.0,53.84,54.57,53.349998,54.259998,400100.0,0.41999799999999965
7.0,15.0,53.599998,54.130001,52.93,54.009998,334700.0,0.4100000000000037
7.0,12.0,52.849998,53.400002,52.560001,53.27,336600.0,0.42000200000000376
7.0,11.0,53.400002,53.459999,52.700001,52.82,477900.0,-0.5800020000000004
7.0,10.0,52.599998,53.439999,52.549999,52.66,481100.0,0.060001999999997224
7.0,9.0,51.509998,53.400002,51.360001,52.5,602400.0,0.9900019999999969
7.0,8.0,51.139999,51.509998,50.599998,51.189999,239500.0,0.04999999999999716
7.0,5.0,51.07,51.689999,49.849998,51.060001,327400.0,-0.009999000000000535
7.0,3.0,48.720001,50.900002,48.720001,50.599998,689300.0,1.879996999999996
7.0,2.0,48.689999,49.459999,48.02,48.91,657800.0,0.22000099999999634
7.0,1.0,49.459999,49.900002,48.009998,48.459999,642000.0,-1.0
6.0,28.0,50.669998,50.990002,49.529999,49.720001,1172600.0,-0.9499969999999962
6.0,27.0,51.57,52.400002,50.73,50.84,478500.0,-0.7299999999999969
6.0,26.0,50.66,51.98,50.66,50.98,418700.0,0.3200000000000003
6.0,25.0,50.259998,50.68,49.450001,50.34,391100.0,0.08000200000000035
6.0,24.0,48.099998,50.16,47.869999,49.77,389100.0,1.6700020000000038
6.0,21.0,49.450001,49.799999,48.419998,48.610001,1028400.0,-0.8400000000000034
6.0,20.0,51.619999,51.93,49.240002,49.279999,731300.0,-2.3400000000000034
6.0,19.0,52.860001,52.950001,51.560001,51.869999,295200.0,-0.9900019999999969
6.0,18.0,52.849998,53.439999,52.240002,52.740002,291100.0,-0.10999600000000243
6.0,17.0,52.41,52.880001,52.09,52.73,291200.0,0.3200000000000003
6.0,14.0,52.27,52.970001,51.84,51.950001,367400.0,-0.3199990000000028
6.0,13.0,52.040001,52.549999,51.32,52.299999,337200.0,0.25999800000000306
6.0,12.0,52.790001,52.790001,51.700001,52.200001,343900.0,-0.5899999999999963
6.0,11.0,51.889999,53.299999,51.470001,51.869999,452900.0,-0.020000000000003126
6.0,10.0,52.48,52.869999,51.91,52.080002,390800.0,-0.3999979999999965
6.0,7.0,51.419998,52.41,50.299999,52.169998,627400.0,0.75
6.0,6.0,50.450001,50.779999,49.990002,50.240002,546900.0,-0.20999900000000338
6.0,5.0,49.41,50.889999,49.380001,50.259998,584300.0,0.8499980000000065
6.0,4.0,49.610001,49.799999,48.650002,49.07,422200.0,-0.5400009999999966
6.0,3.0,49.549999,50.0,49.02,49.599998,380600.0,0.04999899999999968
5.0,31.0,50.509998,50.68,49.490002,49.540001,518500.0,-0.9699970000000064
5.0,30.0,50.400002,51.880001,50.400002,50.860001,896300.0,0.45999899999999627
5.0,29.0,50.150002,54.700001,48.220001,50.290001,4902400.0,0.139998999999996
5.0,28.0,46.709999,47.330002,46.07,46.360001,538300.0,-0.34999800000000647
5.0,24.0,45.5,46.150002,45.32,46.099998,372600.0,0.5999979999999994
5.0,23.0,46.27,46.27,45.09,45.740002,615000.0,-0.5299980000000062
5.0,22.0,46.700001,47.290001,46.450001,46.48,554500.0,-0.22000100000000344
5.0,21.0,46.790001,47.16,46.48,46.689999,423500.0,-0.10000199999999637
5.0,20.0,45.619999,46.700001,45.240002,46.470001,532900.0,0.8500020000000035
5.0,17.0,45.240002,45.990002,44.990002,45.560001,410600.0,0.3199990000000028
5.0,16.0,45.139999,45.349998,44.880001,45.0,523300.0,-0.1399990000000031
5.0,15.0,45.080002,45.419998,44.799999,45.110001,460800.0,0.029998999999996556
5.0,14.0,44.110001,45.099998,43.720001,45.060001,383600.0,0.9500000000000028
5.0,13.0,43.0,44.209999,42.849998,44.169998,553400.0,1.1699979999999996
5.0,10.0,42.860001,43.560001,42.860001,43.130001,349200.0,0.2700000000000031
5.0,9.0,44.5,44.939999,42.990002,43.049999,442600.0,-1.4500010000000003
5.0,8.0,44.689999,45.549999,44.310001,44.560001,986800.0,-0.1299980000000005
5.0,7.0,42.880001,43.360001,42.580002,42.98,381500.0,0.09999899999999684
5.0,6.0,42.299999,42.869999,41.759998,42.810001,596400.0,0.5100020000000001
5.0,3.0,41.049999,42.560001,40.849998,42.279999,664800.0,1.2299999999999969
5.0,2.0,40.669998,41.25,40.110001,40.709999,626800.0,0.04000100000000373
5.0,1.0,40.799999,41.07,40.540001,40.75,451600.0,-0.04999899999999968
4.0,30.0,41.330002,41.330002,40.450001,40.93,463300.0,-0.40000200000000063
4.0,29.0,40.77,41.400002,40.349998,41.240002,392800.0,0.4700019999999938
4.0,26.0,40.52,41.0,40.349998,40.799999,453300.0,0.27999899999999656
4.0,25.0,40.740002,40.860001,40.080002,40.549999,610800.0,-0.19000299999999726
4.0,24.0,40.419998,41.27,40.279999,40.580002,427500.0,0.1600040000000007
4.0,23.0,40.900002,41.34,40.610001,40.830002,384900.0,-0.07000000000000028
4.0,22.0,39.689999,40.82,39.43,40.639999,582200.0,0.9500000000000028
4.0,19.0,39.459999,39.790001,38.950001,39.580002,422600.0,0.12000299999999697
4.0,18.0,39.869999,39.869999,38.970001,39.259998,437300.0,-0.6100009999999969
4.0,17.0,40.279999,40.5,39.32,39.720001,392300.0,-0.5599979999999931
4.0,16.0,40.790001,40.790001,40.02,40.389999,428900.0,-0.40000199999999353
4.0,15.0,41.209999,41.209999,40.049999,40.459999,500800.0,-0.75
4.0,12.0,40.310001,41.419998,40.310001,41.209999,407200.0,0.8999980000000036
4.0,11.0,39.889999,40.77,39.82,40.610001,809900.0,0.7200019999999938
4.0,10.0,40.220001,40.290001,39.439999,39.900002,836100.0,-0.3199990000000028
4.0,9.0,40.349998,40.689999,40.099998,40.18,240800.0,-0.16999799999999965
4.0,8.0,40.360001,40.389999,39.700001,40.299999,413500.0,-0.060001999999997224
4.0,5.0,40.23,40.509998,39.700001,40.389999,512200.0,0.15999900000000622
4.0,4.0,40.310001,40.900002,39.779999,40.619999,574800.0,0.3099980000000002
4.0,3.0,40.98,41.25,39.900002,40.029999,595500.0,-0.9500010000000003
4.0,2.0,41.540001,41.810001,40.959999,41.0,406700.0,-0.5400009999999966
4.0,1.0,42.68,43.48,41.23,41.380001,391500.0,-1.2999989999999997
3.0,28.0,42.650002,42.959999,42.57,42.77,835900.0,0.11999800000000249
3.0,27.0,42.779999,43.060001,42.049999,42.689999,629900.0,-0.0899999999999963
3.0,26.0,43.939999,43.939999,42.299999,42.700001,844000.0,-1.239998
3.0,25.0,43.82,44.720001,43.02,43.310001,595100.0,-0.5099990000000005
3.0,22.0,42.439999,43.950001,42.439999,43.810001,758800.0,1.3700019999999995
3.0,21.0,42.34,42.650002,41.619999,42.310001,556600.0,-0.02999900000000366
3.0,20.0,41.290001,43.950001,41.07,42.650002,1727000.0,1.360001000000004
3.0,19.0,41.0,41.130001,40.439999,40.529999,331200.0,-0.47000100000000344
3.0,18.0,41.380001,41.549999,40.459999,40.779999,617700.0,-0.6000020000000035
3.0,15.0,41.279999,41.580002,40.939999,41.549999,1301400.0,0.2700000000000031
3.0,14.0,40.060001,41.66,40.029999,41.459999,1354400.0,1.3999980000000036
3.0,13.0,38.389999,40.150002,38.299999,40.099998,1186300.0,1.7099989999999963
3.0,12.0,38.619999,38.619999,37.790001,38.25,1136100.0,-0.36999899999999997
3.0,11.0,38.799999,38.860001,38.41,38.59,659400.0,-0.20999899999999627
3.0,8.0,39.02,39.48,38.84,38.91,718400.0,-0.11000000000000654
3.0,7.0,38.450001,39.669998,38.34,39.200001,1677600.0,0.75
3.0,6.0,36.759998,39.32,36.509998,38.419998,6683300.0,1.6599999999999966
3.0,5.0,42.740002,43.259998,40.529999,42.549999,3105100.0,-0.19000299999999726
3.0,4.0,44.5,45.279999,42.610001,42.779999,1861400.0,-1.7200010000000034
3.0,1.0,45.950001,46.23,43.900002,44.950001,1649700.0,-1.0
2.0,28.0,47.16,47.470001,46.540001,46.619999,435500.0,-0.5400009999999966
2.0,27.0,46.790001,47.529999,46.790001,47.060001,400900.0,0.2700000000000031
2.0,26.0,48.23,48.330002,47.130001,47.200001,517200.0,-1.0299989999999966
2.0,25.0,48.68,48.84,47.959999,48.0,303800.0,-0.6799999999999997
2.0,22.0,48.650002,49.259998,48.110001,48.41,394400.0,-0.24000200000000405
2.0,21.0,47.779999,49.509998,47.779999,48.450001,320400.0,0.6700020000000038
2.0,20.0,48.740002,48.810001,47.880001,47.919998,438700.0,-0.8200039999999973
2.0,19.0,48.16,48.68,47.459999,48.540001,600000.0,0.38000100000000003
2.0,15.0,46.0,46.919998,45.75,46.470001,593600.0,0.47000100000000344
2.0,14.0,48.509998,48.759998,45.560001,46.049999,1066800.0,-2.4599990000000034
2.0,13.0,49.849998,50.450001,49.549999,50.290001,291400.0,0.44000299999999726
2.0,12.0,49.259998,50.029999,49.200001,49.790001,368200.0,0.5300029999999936
2.0,11.0,49.290001,49.959999,48.91,49.189999,326100.0,-0.10000199999999637
2.0,8.0,49.119999,49.98,48.720001,49.330002,444900.0,0.21000300000000038
2.0,7.0,48.299999,48.93,47.93,48.810001,536400.0,0.5100020000000001
2.0,6.0,48.75,49.16,48.0,48.259998,499700.0,-0.49000199999999694
2.0,5.0,48.240002,49.139999,47.91,48.900002,304500.0,0.6600000000000037
2.0,4.0,48.52,48.52,47.610001,48.240002,334900.0,-0.2799980000000062
2.0,1.0,48.639999,49.43,48.290001,48.66,439400.0,0.020000999999993496
1.0,31.0,48.470001,49.060001,48.299999,48.889999,349900.0,0.41999799999999965
1.0,30.0,48.52,48.849998,48.09,48.580002,422300.0,0.060001999999997224
1.0,29.0,48.5,48.610001,48.099998,48.5,591400.0,0.0
1.0,28.0,47.869999,49.560001,47.630001,48.59,1176100.0,0.7200010000000034
1.0,25.0,49.209999,49.209999,47.459999,47.639999,382400.0,-1.5700000000000003
1.0,24.0,47.849998,49.0,47.75,47.900002,315800.0,0.05000400000000127
1.0,23.0,48.060001,48.389999,47.689999,47.91,427700.0,-0.15000100000000316
1.0,22.0,47.830002,48.029999,47.299999,47.889999,324800.0,0.05999700000000274
1.0,18.0,48.439999,48.439999,47.68,47.93,440300.0,-0.5099990000000005
1.0,17.0,47.740002,48.860001,47.48,48.130001,390200.0,0.3899990000000031
1.0,16.0,47.290001,47.959999,47.0,47.740002,315600.0,0.4500010000000003
1.0,15.0,46.279999,47.759998,46.279999,47.48,369700.0,1.2000010000000003
1.0,14.0,45.900002,47.049999,45.540001,46.599998,443700.0,0.6999959999999987
1.0,11.0,46.32,46.459999,44.860001,46.040001,740300.0,-0.27999900000000366
1.0,10.0,45.720001,46.459999,45.5,46.259998,526400.0,0.5399969999999996
1.0,9.0,46.310001,46.310001,45.450001,45.5,481200.0,-0.8100009999999997
1.0,8.0,45.360001,46.189999,44.650002,46.150002,839100.0,0.7900010000000037
1.0,7.0,46.57,46.75,44.830002,45.290001,1321300.0,-1.2799990000000037
1.0,4.0,47.990002,48.369999,46.5,46.700001,1294300.0,-1.2900009999999966
1.0,3.0,47.709999,48.299999,47.02,48.200001,551500.0,0.49000199999999694
1.0,2.0,49.150002,49.150002,47.450001,48.0,529400.0,-1.1500020000000006
12.0,31.0,47.68,48.380001,47.0,48.09,506000.0,0.4100000000000037
12.0,28.0,48.009998,48.07,47.279999,47.650002,251100.0,-0.3599960000000024
12.0,27.0,47.560001,48.27,47.41,48.18,385300.0,0.619999
12.0,26.0,48.779999,48.779999,47.27,47.549999,472300.0,-1.2299999999999969
12.0,24.0,49.330002,49.450001,48.259998,48.810001,116800.0,-0.5200010000000006
12.0,21.0,48.990002,49.740002,48.77,49.540001,439400.0,0.5499989999999997
12.0,20.0,50.619999,50.75,49.66,49.720001,610300.0,-0.8999979999999965
12.0,19.0,50.77,51.0,50.349998,50.779999,528600.0,0.00999899999999343
12.0,18.0,49.59,51.099998,49.59,50.77,993700.0,1.1799999999999997
12.0,17.0,48.529999,49.830002,47.560001,49.779999,641100.0,1.25
12.0,14.0,49.330002,49.459999,46.939999,47.549999,1182400.0,-1.7800030000000007
12.0,13.0,50.0,50.689999,49.290001,49.310001,361800.0,-0.6899990000000003
12.0,12.0,50.279999,50.689999,49.529999,49.849998,391800.0,-0.4300009999999972
12.0,11.0,50.080002,50.59,49.830002,50.389999,416700.0,0.30999700000000274
12.0,10.0,49.900002,50.619999,49.349998,49.599998,485700.0,-0.30000400000000127
12.0,7.0,50.43,50.43,49.529999,49.919998,459200.0,-0.5100020000000001
12.0,6.0,50.419998,50.700001,49.860001,50.43,455100.0,0.010002000000000066
12.0,5.0,50.240002,50.900002,50.099998,50.700001,489700.0,0.4599990000000034
12.0,4.0,50.599998,51.619999,50.189999,50.240002,744000.0,-0.3599960000000024
12.0,3.0,51.360001,51.889999,50.459999,51.75,716700.0,0.3899990000000031
11.0,30.0,51.860001,52.200001,51.110001,51.830002,612200.0,-0.029998999999996556
11.0,29.0,53.18,53.98,51.580002,51.880001,1256300.0,-1.2999989999999997
11.0,28.0,50.59,53.279999,49.0,52.779999,6506500.0,2.189998999999993
11.0,27.0,61.470001,62.040001,59.599998,60.240002,530900.0,-1.2299990000000065
11.0,26.0,62.23,62.400002,61.110001,61.380001,365100.0,-0.8499989999999968
11.0,23.0,60.619999,62.48,60.41,62.380001,251600.0,1.760002
11.0,21.0,60.700001,61.25,60.0,60.130001,202700.0,-0.5700000000000003
11.0,20.0,60.209999,60.77,60.049999,60.639999,236000.0,0.4299999999999997
11.0,19.0,59.959999,60.950001,59.700001,60.150002,258800.0,0.19000299999999726
11.0,16.0,58.740002,59.77,58.700001,59.48,375400.0,0.7399979999999999
11.0,15.0,58.279999,58.68,57.540001,58.560001,230900.0,0.2800020000000032
11.0,14.0,59.990002,59.990002,58.240002,58.41,266100.0,-1.5800020000000004
11.0,13.0,59.150002,59.950001,58.799999,59.509998,182300.0,0.3599960000000024
11.0,12.0,59.330002,59.799999,58.790001,59.470001,121800.0,0.1399990000000031
11.0,9.0,59.59,59.970001,58.889999,59.490002,199900.0,-0.09999800000000647
11.0,8.0,59.91,61.02,59.740002,59.98,644600.0,0.07000000000000028
11.0,7.0,60.48,61.400002,60.02,61.0,399700.0,0.5200000000000031
11.0,6.0,59.759998,61.25,59.57,61.169998,337500.0,1.4099999999999966
11.0,5.0,58.259998,59.900002,58.259998,59.349998,344900.0,1.0899999999999963
11.0,2.0,57.200001,59.110001,57.200001,58.57,242100.0,1.369999
11.0,1.0,57.110001,57.470001,56.23,57.150002,171200.0,0.04000100000000373
10.0,31.0,57.459999,57.919998,56.369999,56.59,160500.0,-0.869999
10.0,26.0,57.02,57.549999,56.669998,57.380001,203100.0,0.3600009999999969
10.0,25.0,56.259998,56.91,55.700001,56.59,183800.0,0.33000200000000035
10.0,24.0,56.27,57.09,55.439999,55.689999,169500.0,-0.5800010000000029
10.0,23.0,55.400002,56.740002,55.380001,56.18,297100.0,0.7799979999999991
10.0,22.0,57.580002,58.029999,56.470001,56.970001,186400.0,-0.6100009999999969
10.0,19.0,58.900002,59.310001,57.380001,58.02,184800.0,-0.8800019999999975
10.0,18.0,58.880001,59.5,58.52,59.139999,236100.0,0.25999800000000306
10.0,17.0,57.919998,59.119999,57.689999,59.029999,329000.0,1.110000999999997
10.0,16.0,56.799999,58.009998,56.27,57.919998,209500.0,1.119999
10.0,15.0,56.279999,56.790001,55.34,56.389999,319200.0,0.11000000000000654
10.0,12.0,57.040001,57.650002,55.700001,56.59,337500.0,-0.4500009999999932
10.0,11.0,58.25,58.32,56.650002,57.150002,207200.0,-1.0999979999999994
10.0,10.0,58.27,58.52,57.27,58.110001,244100.0,-0.15999900000000622
10.0,9.0,59.650002,60.130001,58.200001,58.389999,153600.0,-1.2600029999999975
10.0,8.0,60.540001,60.98,59.209999,59.549999,186500.0,-0.9900019999999969
10.0,5.0,60.490002,61.82,60.209999,60.740002,257600.0,0.25
10.0,4.0,59.91,60.849998,59.720001,60.459999,229400.0,0.5499990000000068
10.0,3.0,59.380001,59.869999,58.98,59.740002,415400.0,0.3600009999999969
10.0,2.0,59.0,59.549999,58.549999,59.16,168300.0,0.1599999999999966
10.0,1.0,59.189999,59.91,58.419998,58.709999,314000.0,-0.4799999999999969
9.0,28.0,58.990002,60.18,58.400002,59.93,460400.0,0.9399980000000028
9.0,27.0,57.450001,59.080002,57.290001,59.009998,310500.0,1.5599970000000027
9.0,26.0,57.75,57.93,56.540001,57.400002,326700.0,-0.34999799999999937
9.0,25.0,58.900002,59.48,57.939999,58.029999,392300.0,-0.8700030000000041
9.0,24.0,58.790001,59.18,58.099998,58.619999,267700.0,-0.17000199999999666
9.0,21.0,58.540001,58.799999,58.060001,58.790001,726300.0,0.25
9.0,20.0,58.02,58.82,57.400002,58.200001,325800.0,0.1800009999999972
9.0,19.0,57.290001,58.490002,56.880001,58.349998,324500.0,1.0599970000000027
9.0,18.0,57.459999,57.830002,56.75,57.540001,303800.0,0.08000199999999325
9.0,17.0,57.490002,57.799999,57.080002,57.439999,204800.0,-0.05000299999999669
9.0,14.0,57.790001,58.5,57.189999,57.970001,290300.0,0.18000000000000682
9.0,13.0,57.189999,57.950001,56.549999,57.599998,377400.0,0.4099989999999991
9.0,12.0,56.759998,57.73,56.450001,57.259998,482000.0,0.5
9.0,11.0,57.32,58.639999,56.080002,56.279999,629900.0,-1.0400010000000037
9.0,10.0,56.540001,58.189999,56.380001,57.700001,549700.0,1.1600000000000037
9.0,7.0,56.029999,57.02,55.16,56.98,1105600.0,0.9500010000000003
9.0,6.0,58.470001,58.84,55.560001,56.02,1241300.0,-2.4500010000000003
9.0,5.0,58.900002,59.619999,58.259998,58.34,481800.0,-0.5600019999999972
9.0,4.0,58.349998,59.689999,57.400002,59.080002,671300.0,0.730004000000001
8.0,31.0,58.139999,59.450001,56.849998,57.720001,832600.0,-0.41999799999999965
8.0,30.0,57.25,58.02,55.32,57.650002,1556900.0,0.40000200000000063
8.0,29.0,65.190002,65.690002,58.0,58.16,3965600.0,-7.03000200000001
8.0,28.0,61.299999,62.259998,60.68,61.689999,1076500.0,0.39000000000000057
8.0,27.0,62.0,62.0,61.07,61.23,473600.0,-0.7700000000000031
8.0,24.0,60.200001,61.75,60.200001,61.560001,491700.0,1.3599999999999994
8.0,23.0,61.040001,62.48,60.279999,60.509998,716000.0,-0.5300029999999936
8.0,22.0,60.009998,61.450001,59.540001,61.169998,414800.0,1.1599999999999966
8.0,21.0,59.700001,60.470001,59.450001,59.939999,330100.0,0.23999799999999993
8.0,20.0,60.84,60.900002,59.299999,59.459999,492700.0,-1.380001
8.0,17.0,60.209999,60.869999,59.82,60.389999,312400.0,0.17999999999999972
8.0,16.0,60.220001,61.040001,59.040001,60.0,595700.0,-0.22000100000000344
8.0,15.0,60.470001,60.869999,59.139999,60.400002,438300.0,-0.06999900000000281
8.0,14.0,58.880001,60.900002,58.849998,60.580002,538300.0,1.7000010000000003
8.0,13.0,58.869999,59.080002,57.360001,58.779999,411000.0,-0.09000000000000341
8.0,10.0,59.360001,60.0,58.259998,58.790001,248100.0,-0.5700000000000003
8.0,9.0,59.759998,60.0,58.799999,59.32,312500.0,-0.4399980000000028
8.0,8.0,59.5,60.189999,59.060001,59.580002,470500.0,0.08000200000000035
8.0,7.0,61.189999,61.950001,59.580002,59.799999,439600.0,-1.3900000000000006
8.0,6.0,61.540001,61.970001,60.549999,60.73,497500.0,-0.8100009999999997
8.0,3.0,60.119999,61.48,59.18,60.59,723200.0,0.47000100000000344
8.0,2.0,58.740002,62.200001,58.509998,59.689999,1096800.0,0.9499970000000033
8.0,1.0,59.630001,60.0,57.959999,59.419998,812200.0,-0.21000300000000038
7.0,31.0,55.720001,61.080002,55.700001,58.889999,1876600.0,3.1699979999999996
7.0,30.0,57.279999,57.279999,55.869999,56.130001,482400.0,-1.1499979999999965
7.0,27.0,55.0,57.150002,54.689999,56.919998,796100.0,1.9199979999999996
7.0,26.0,55.68,56.0,53.57,54.669998,968500.0,-1.010002
7.0,25.0,50.5,51.400002,50.0,51.369999,528500.0,0.869999
7.0,24.0,51.34,52.0,50.029999,50.509998,351200.0,-0.8300020000000004
7.0,23.0,51.23,51.23,49.380001,51.110001,537000.0,-0.11999899999999997
7.0,20.0,54.470001,55.060001,51.27,51.900002,932300.0,-2.569999000000003
7.0,19.0,56.029999,56.290001,54.259998,54.599998,952600.0,-1.4300009999999972
7.0,18.0,55.810001,56.240002,55.279999,55.610001,469500.0,-0.20000000000000284
7.0,17.0,55.700001,57.080002,54.650002,55.919998,686400.0,0.21999699999999933
7.0,16.0,55.540001,56.080002,55.209999,55.610001,370100.0,0.07000000000000028
7.0,13.0,55.25,56.200001,55.16,55.470001,461700.0,0.22000100000000344
7.0,12.0,55.209999,55.259998,54.0,54.709999,413800.0,-0.5
7.0,11.0,55.650002,56.389999,55.130001,55.419998,322400.0,-0.23000400000000099
7.0,10.0,56.279999,57.209999,54.98,55.509998,719300.0,-0.7700009999999935
7.0,9.0,56.02,56.18,54.82,55.549999,476600.0,-0.47000100000000344
7.0,6.0,56.880001,57.860001,55.509998,55.619999,531500.0,-1.260002
7.0,5.0,55.759998,57.689999,55.150002,57.290001,1311600.0,1.5300029999999936
7.0,3.0,54.259998,55.93,54.259998,55.869999,842300.0,1.610000999999997
7.0,2.0,54.029999,54.91,53.650002,54.599998,749800.0,0.5699990000000028
6.0,29.0,52.470001,54.099998,52.029999,53.630001,648800.0,1.1599999999999966
6.0,28.0,52.259998,53.080002,50.959999,51.389999,504500.0,-0.869999
6.0,27.0,53.0,53.529999,52.380001,52.669998,478300.0,-0.33000200000000035
6.0,26.0,51.939999,53.150002,51.389999,53.060001,525100.0,1.1200019999999995
6.0,25.0,52.59,52.59,51.209999,52.0,689700.0,-0.5900000000000034
6.0,22.0,52.830002,53.389999,51.900002,52.689999,3368300.0,-0.1400030000000001
6.0,21.0,52.619999,53.669998,51.650002,51.73,567400.0,-0.8899990000000031
6.0,20.0,53.599998,53.849998,52.700001,53.220001,466200.0,-0.3799969999999959
6.0,19.0,53.439999,54.860001,53.439999,53.900002,747500.0,0.4600030000000004
6.0,18.0,51.5,53.869999,51.130001,53.639999,1295200.0,2.139999000000003
6.0,15.0,51.369999,52.0,51.139999,51.77,1544200.0,0.40000100000000316
6.0,14.0,50.73,51.290001,50.419998,50.990002,2379400.0,0.26000200000000007
6.0,13.0,51.5,52.5,50.419998,50.509998,9621800.0,-0.9900019999999969
6.0,12.0,52.990002,53.07,51.709999,52.040001,2441000.0,-0.9500010000000003
6.0,11.0,54.5,54.619999,52.310001,53.02,1570600.0,-1.4799999999999969
6.0,8.0,55.48,56.200001,54.869999,55.240002,624000.0,-0.23999799999999993
6.0,7.0,58.709999,58.709999,55.060001,55.349998,572400.0,-3.360001000000004
6.0,6.0,58.34,58.779999,57.68,58.0,486800.0,-0.3400000000000034
6.0,5.0,57.060001,58.439999,56.400002,58.09,716800.0,1.0299990000000037
6.0,4.0,56.220001,57.57,54.619999,57.09,701000.0,0.869999
6.0,1.0,57.060001,58.290001,55.84,56.040001,821600.0,-1.0200000000000031
5.0,31.0,55.450001,59.099998,55.400002,58.119999,1171800.0,2.6699979999999996
5.0,30.0,52.099998,56.470001,51.68,56.150002,2319500.0,4.050004000000001
5.0,29.0,48.549999,49.349998,47.959999,48.860001,367100.0,0.3100019999999972
5.0,25.0,47.75,48.639999,46.990002,47.630001,170100.0,-0.11999899999999997
5.0,24.0,47.0,47.650002,46.560001,47.540001,445500.0,0.5400009999999966
5.0,23.0,48.630001,48.919998,46.68,47.009998,405000.0,-1.620002999999997
5.0,22.0,48.549999,49.52,48.25,48.869999,326200.0,0.3200000000000003
5.0,21.0,48.380001,49.200001,47.75,48.66,168200.0,0.27999899999999656
5.0,18.0,48.759998,49.209999,47.57,48.419998,316000.0,-0.3400000000000034
5.0,17.0,48.799999,49.200001,48.18,48.73,286100.0,-0.06999900000000281
5.0,16.0,48.889999,49.939999,48.73,48.82,204000.0,-0.06999900000000281
5.0,15.0,48.389999,48.990002,47.470001,48.66,175400.0,0.2700009999999935
5.0,14.0,48.75,48.860001,47.560001,48.48,246000.0,-0.2700000000000031
5.0,11.0,50.380001,50.630001,48.919998,49.18,195700.0,-1.2000010000000003
5.0,10.0,50.07,51.349998,48.799999,50.549999,108000.0,0.4799989999999994
5.0,9.0,49.52,51.099998,49.060001,49.700001,217800.0,0.1800009999999972
5.0,8.0,50.23,50.41,49.290001,49.84,345300.0,-0.38999999999999346
5.0,7.0,51.02,51.740002,50.470001,50.650002,215200.0,-0.3699980000000025
5.0,4.0,50.299999,51.52,49.450001,51.209999,377900.0,0.9100000000000037
5.0,3.0,51.360001,51.369999,49.959999,50.52,218400.0,-0.8400009999999938
5.0,2.0,49.18,51.34,48.939999,51.099998,342500.0,1.9199979999999996
5.0,1.0,51.02,51.450001,48.990002,49.279999,580400.0,-1.7400010000000066
4.0,30.0,54.34,54.970001,50.950001,51.169998,427800.0,-3.1700020000000038
4.0,27.0,52.610001,54.369999,52.209999,54.169998,461000.0,1.5599970000000027
4.0,26.0,51.169998,52.93,50.599998,52.16,224500.0,0.9900019999999969
4.0,25.0,51.0,52.040001,51.0,51.299999,180400.0,0.2999989999999997
4.0,24.0,51.57,52.279999,50.18,50.59,495400.0,-0.9799999999999969
4.0,23.0,52.189999,52.400002,50.650002,51.669998,312400.0,-0.5200010000000006
4.0,20.0,54.040001,54.57,52.849998,53.099998,322000.0,-0.9400029999999973
4.0,19.0,52.52,53.720001,52.07,53.27,266900.0,0.75
4.0,18.0,52.189999,52.599998,51.810001,52.400002,305100.0,0.21000300000000038
4.0,17.0,51.889999,52.5,51.59,52.259998,387700.0,0.36999899999999997
4.0,16.0,51.84,52.279999,51.25,51.509998,251300.0,-0.33000200000000035
4.0,13.0,51.59,52.099998,51.029999,51.810001,377500.0,0.22000099999999634
4.0,12.0,49.720001,52.380001,49.639999,52.009998,735200.0,2.2899969999999996
4.0,11.0,48.849998,49.619999,48.360001,49.57,243200.0,0.7200020000000009
4.0,10.0,48.450001,49.130001,47.849998,48.27,258000.0,-0.1800009999999972
4.0,9.0,48.209999,49.369999,47.68,48.360001,250500.0,0.15000199999999353
4.0,5.0,48.139999,49.48,48.0,48.5,130900.0,0.3600009999999969
4.0,4.0,48.599998,48.900002,47.959999,48.450001,171000.0,-0.14999699999999905
4.0,3.0,49.220001,49.41,48.639999,48.869999,117800.0,-0.3500020000000035
4.0,2.0,47.91,49.450001,47.0,49.169998,165300.0,1.259998000000003
3.0,30.0,49.16,49.16,47.77,47.950001,183400.0,-1.2099989999999963
3.0,29.0,48.400002,49.060001,48.200001,48.720001,99000.0,0.3199990000000028
3.0,28.0,48.93,49.16,48.299999,48.869999,151200.0,-0.06000099999999975
3.0,27.0,48.810001,49.849998,48.630001,48.959999,241500.0,0.14999800000000363
3.0,26.0,48.709999,49.080002,47.860001,48.869999,465000.0,0.1599999999999966
3.0,23.0,46.900002,48.389999,46.220001,48.110001,270200.0,1.2099989999999963
3.0,22.0,46.84,48.32,46.299999,46.849998,154500.0,0.009997999999995955
3.0,21.0,47.240002,47.849998,46.950001,47.169998,221300.0,-0.07000399999999729
3.0,20.0,47.77,47.77,46.810001,47.240002,303100.0,-0.5299980000000062
3.0,19.0,48.23,49.580002,47.34,48.130001,433000.0,-0.09999899999999684
3.0,16.0,49.02,49.25,48.259998,48.349998,236500.0,-0.6700020000000038
3.0,15.0,48.41,48.82,48.27,48.799999,162500.0,0.3899990000000031
3.0,14.0,48.889999,49.150002,47.970001,48.259998,305100.0,-0.630001
3.0,13.0,48.110001,49.18,47.509998,48.700001,1068100.0,0.5900000000000034
3.0,12.0,47.580002,48.48,46.439999,47.240002,408400.0,-0.3400000000000034
3.0,9.0,46.459999,48.48,46.209999,47.599998,677300.0,1.139998999999996
3.0,8.0,46.200001,46.509998,44.959999,46.470001,119000.0,0.2700000000000031
3.0,7.0,44.450001,46.509998,43.369999,45.240002,823600.0,0.7900009999999966
3.0,6.0,45.299999,45.299999,43.540001,44.810001,340600.0,-0.48999799999999993
3.0,5.0,44.650002,45.73,44.0,45.490002,79500.0,0.8399999999999963
3.0,2.0,45.23,45.619999,44.380001,44.700001,117000.0,-0.5299989999999966
3.0,1.0,45.509998,46.330002,44.860001,45.09,140900.0,-0.41999799999999965
2.0,29.0,46.23,46.68,45.009998,45.02,166200.0,-1.2099999999999937
2.0,28.0,43.93,46.849998,43.93,46.200001,312800.0,2.2700010000000006
2.0,27.0,43.369999,44.720001,42.889999,44.049999,171600.0,0.6799999999999997
2.0,24.0,43.93,44.740002,43.400002,43.470001,163100.0,-0.45999899999999627
2.0,23.0,42.98,44.099998,42.470001,44.080002,202300.0,1.1000020000000035
2.0,22.0,43.040001,43.669998,42.740002,43.060001,209000.0,0.020000000000003126
2.0,21.0,44.34,44.73,43.040001,43.299999,324500.0,-1.0400010000000037
2.0,17.0,44.119999,44.700001,43.950001,44.369999,207600.0,0.25
2.0,16.0,43.639999,44.150002,43.450001,43.84,168900.0,0.20000100000000032
2.0,15.0,44.41,44.759998,43.48,43.52,163800.0,-0.8899999999999935
2.0,14.0,43.990002,44.580002,43.849998,44.34,100300.0,0.34999800000000647
2.0,13.0,44.189999,44.91,44.029999,44.119999,80800.0,-0.07000000000000028
2.0,10.0,43.880001,44.16,43.0,43.970001,110000.0,0.09000000000000341
2.0,9.0,44.560001,45.16,43.93,44.130001,170500.0,-0.4299999999999997
2.0,8.0,44.259998,44.630001,43.369999,44.299999,142600.0,0.04000099999999662
2.0,7.0,44.459999,44.66,43.77,44.119999,130900.0,-0.3400000000000034
2.0,6.0,43.810001,44.669998,43.689999,44.450001,109400.0,0.6400000000000006
2.0,3.0,45.419998,45.419998,43.810001,43.889999,293300.0,-1.5299989999999966
2.0,2.0,44.400002,45.400002,44.110001,44.5,193400.0,0.09999799999999937
2.0,1.0,43.110001,44.610001,43.040001,44.549999,468800.0,1.4399980000000028
1.0,31.0,43.59,44.549999,42.93,43.060001,121800.0,-0.5299990000000037
1.0,30.0,44.529999,44.720001,43.209999,43.5,273900.0,-1.0299989999999966
1.0,27.0,45.060001,45.299999,44.490002,44.740002,216000.0,-0.3199990000000028
1.0,26.0,45.91,46.07,44.849998,44.98,314200.0,-0.9299999999999997
1.0,25.0,45.779999,46.919998,44.700001,45.880001,621300.0,0.10000200000000348
1.0,24.0,43.700001,45.450001,43.0,45.400002,342700.0,1.7000010000000003
1.0,23.0,43.610001,44.57,43.34,44.119999,216400.0,0.5099980000000031
1.0,20.0,42.5,43.73,41.990002,43.630001,309100.0,1.130001
1.0,19.0,42.490002,42.990002,41.48,42.68,218000.0,0.18999800000000278
1.0,18.0,41.34,42.310001,40.82,42.25,231800.0,0.9099999999999966
1.0,17.0,39.970001,41.610001,39.75,41.189999,466100.0,1.2199979999999968
1.0,13.0,39.16,39.970001,39.02,39.73,180000.0,0.5700000000000003
1.0,12.0,39.68,40.07,39.169998,39.68,166800.0,0.0
1.0,11.0,39.23,39.959999,39.23,39.689999,240600.0,0.4599990000000034
1.0,10.0,39.57,39.959999,39.419998,39.52,152500.0,-0.04999999999999716
1.0,9.0,39.099998,39.439999,38.16,39.060001,260900.0,-0.039996999999999616
1.0,6.0,39.869999,39.869999,38.900002,38.950001,195300.0,-0.9199979999999996
1.0,5.0,39.310001,40.400002,38.509998,40.040001,235100.0,0.7299999999999969
1.0,4.0,39.869999,40.82,38.939999,39.369999,186300.0,-0.5
1.0,3.0,40.59,41.060001,39.799999,39.93,154900.0,-0.6600000000000037
12.0,30.0,40.0,40.490002,39.77,39.900002,136800.0,-0.09999799999999937
12.0,29.0,40.43,40.799999,39.650002,40.130001,199900.0,-0.2999989999999997
12.0,28.0,40.939999,41.259998,40.27,40.439999,283900.0,-0.5
12.0,27.0,40.869999,41.080002,40.380001,40.860001,172500.0,-0.00999800000000306
12.0,23.0,41.869999,41.869999,40.619999,41.080002,176900.0,-0.7899969999999996
12.0,22.0,42.470001,43.0,41.41,41.57,158900.0,-0.9000010000000032
12.0,21.0,41.779999,42.610001,41.330002,42.490002,152300.0,0.7100030000000004
12.0,20.0,41.59,42.43,41.400002,41.599998,432300.0,0.009997999999995955
12.0,19.0,41.509998,42.41,40.560001,40.720001,294600.0,-0.7899969999999996
12.0,16.0,40.759998,41.700001,40.689999,41.41,418800.0,0.6500019999999935
12.0,15.0,40.200001,40.889999,38.740002,40.419998,428700.0,0.21999699999999933
12.0,14.0,40.25,40.580002,39.189999,39.619999,445700.0,-0.630001
12.0,13.0,41.119999,42.07,40.299999,40.73,232700.0,-0.3899990000000031
12.0,12.0,40.439999,40.779999,39.84,40.779999,157900.0,0.3399999999999963
12.0,9.0,39.540001,41.470001,38.5,41.02,360200.0,1.4799990000000065
12.0,8.0,40.560001,40.580002,38.93,39.369999,274200.0,-1.1900019999999998
12.0,7.0,40.32,41.16,39.509998,40.720001,268400.0,0.40000100000000316
12.0,6.0,40.209999,41.369999,40.209999,40.549999,412200.0,0.3399999999999963
12.0,5.0,39.880001,40.880001,38.049999,40.5,294200.0,0.619999
12.0,2.0,40.27,40.27,38.900002,39.150002,307300.0,-1.1199980000000025
12.0,1.0,38.98,40.48,38.110001,39.52,390000.0,0.5400000000000063
11.0,30.0,34.830002,39.48,33.82,39.23,1592900.0,4.3999979999999965
11.0,29.0,36.790001,37.790001,36.040001,36.66,809700.0,-0.13000100000000003
11.0,28.0,37.130001,37.779999,36.119999,36.889999,500100.0,-0.24000199999999694
11.0,25.0,36.740002,37.720001,36.259998,36.490002,154200.0,-0.25
11.0,23.0,37.349998,38.860001,36.720001,36.970001,293100.0,-0.3799969999999959
11.0,22.0,38.200001,39.0,37.349998,37.669998,309800.0,-0.5300030000000007
11.0,21.0,38.0,38.790001,37.5,38.34,317300.0,0.3400000000000034
11.0,18.0,40.07,40.939999,38.459999,38.630001,454700.0,-1.4399990000000003
11.0,17.0,40.790001,41.299999,39.580002,40.049999,410500.0,-0.7400019999999969
11.0,16.0,43.060001,43.119999,41.560001,41.709999,276500.0,-1.3500019999999964
11.0,15.0,42.009998,44.139999,41.049999,43.369999,365800.0,1.360000999999997
11.0,14.0,42.830002,43.080002,41.77,42.400002,208400.0,-0.4299999999999997
11.0,11.0,42.41,43.5,41.740002,43.279999,285100.0,0.869999
11.0,10.0,40.91,42.119999,39.009998,42.049999,223900.0,1.139999000000003
11.0,9.0,41.470001,41.799999,40.32,40.360001,203600.0,-1.1100000000000065
11.0,8.0,41.75,42.650002,41.060001,42.509998,164700.0,0.7599980000000031
11.0,7.0,40.84,41.799999,40.080002,41.650002,178100.0,0.8100019999999972
11.0,4.0,41.009998,41.599998,40.27,41.060001,177600.0,0.05000299999999669
11.0,3.0,39.349998,41.540001,38.619999,41.419998,284000.0,2.0700000000000003
11.0,2.0,40.029999,40.900002,39.18,40.57,561400.0,0.5400010000000037
11.0,1.0,38.669998,40.040001,38.5,39.07,478200.0,0.40000200000000063
10.0,31.0,40.419998,40.990002,39.919998,40.0,255100.0,-0.41999799999999965
10.0,28.0,42.310001,42.650002,40.459999,41.200001,283200.0,-1.1099999999999994
10.0,27.0,42.700001,42.860001,41.16,42.32,340100.0,-0.38000100000000003
10.0,26.0,41.040001,41.990002,38.93,41.700001,215000.0,0.6600000000000037
10.0,25.0,41.59,42.450001,40.23,40.459999,193600.0,-1.130001
10.0,24.0,40.98,42.09,39.93,41.869999,275000.0,0.8899990000000031
10.0,21.0,39.91,40.849998,39.139999,40.779999,365500.0,0.869999
10.0,20.0,39.380001,40.049999,38.599998,39.25,113500.0,-0.13000100000000003
10.0,19.0,39.080002,40.330002,38.029999,39.119999,412200.0,0.039996999999999616
10.0,18.0,37.959999,39.380001,37.110001,39.060001,311900.0,1.1000019999999964
10.0,17.0,38.66,38.970001,37.73,37.82,271700.0,-0.8399999999999963
10.0,14.0,38.599998,39.110001,38.060001,38.860001,239500.0,0.26000299999999754
10.0,13.0,39.200001,39.200001,37.610001,38.0,358000.0,-1.2000010000000003
10.0,12.0,40.330002,40.330002,38.849998,39.0,298800.0,-1.3300020000000004
10.0,11.0,40.150002,40.23,39.169998,40.009998,340100.0,-0.14000399999999757
10.0,10.0,40.330002,40.869999,39.220001,40.5,267400.0,0.16999799999999965
10.0,7.0,40.009998,40.18,39.310001,39.82,401800.0,-0.18999800000000278
10.0,6.0,38.130001,40.200001,38.0,40.0,230500.0,1.869999
10.0,5.0,37.98,38.389999,36.709999,38.330002,483300.0,0.3500020000000035
10.0,4.0,35.599998,38.080002,34.990002,38.040001,409600.0,2.4400029999999973
10.0,3.0,38.07,38.66,35.849998,35.869999,385400.0,-2.2000010000000003
9.0,30.0,38.259998,39.080002,37.860001,38.16,552600.0,-0.09999800000000647
9.0,29.0,39.779999,40.41,38.029999,38.869999,265600.0,-0.9099999999999966
9.0,28.0,39.400002,40.139999,38.860001,39.029999,325400.0,-0.3700030000000041
9.0,27.0,39.599998,39.84,38.810001,39.43,452600.0,-0.16999799999999965
9.0,26.0,36.59,39.869999,36.59,39.400002,469300.0,2.8100019999999972
9.0,23.0,36.689999,37.490002,36.049999,36.34,400600.0,-0.34999899999999684
9.0,22.0,35.599998,37.419998,35.599998,36.720001,507500.0,1.120003000000004
9.0,21.0,38.5,39.07,36.459999,36.490002,304000.0,-2.009998000000003
9.0,20.0,39.490002,40.470001,38.490002,38.560001,428700.0,-0.9300009999999972
9.0,19.0,39.43,40.130001,37.580002,39.650002,496100.0,0.22000200000000092
9.0,16.0,37.990002,39.790001,37.450001,39.669998,679700.0,1.6799960000000027
9.0,15.0,38.900002,38.900002,37.150002,37.360001,315000.0,-1.5400010000000037
9.0,14.0,38.380001,39.240002,37.900002,38.700001,347800.0,0.3200000000000003
9.0,13.0,37.43,38.810001,36.740002,38.09,229500.0,0.6600000000000037
9.0,12.0,36.779999,37.610001,36.439999,37.34,196300.0,0.5600010000000069
9.0,9.0,37.389999,37.540001,36.529999,37.439999,250700.0,0.04999999999999716
9.0,8.0,38.490002,39.459999,37.389999,37.709999,411400.0,-0.7800029999999936
9.0,7.0,36.849998,39.299999,36.369999,39.0,364100.0,2.1500020000000006
9.0,6.0,35.509998,36.970001,35.450001,36.290001,516500.0,0.7800029999999936
9.0,2.0,36.669998,36.900002,35.080002,36.209999,496900.0,-0.45999899999999627
9.0,1.0,38.580002,39.450001,36.93,37.400002,537800.0,-1.1799999999999997
8.0,31.0,36.5,39.299999,36.310001,38.610001,1374000.0,2.110000999999997
8.0,30.0,34.299999,35.220001,33.869999,34.84,810200.0,0.5400010000000037
8.0,29.0,33.5,35.110001,33.5,34.98,399900.0,1.4799999999999969
8.0,26.0,32.849998,33.779999,31.93,33.18,338700.0,0.33000200000000035
8.0,25.0,33.560001,34.330002,32.549999,32.98,288300.0,-0.5800010000000029
8.0,24.0,32.18,34.439999,31.309999,33.369999,504100.0,1.1899990000000003
8.0,23.0,31.27,32.41,30.860001,32.349998,690700.0,1.0799979999999998
8.0,22.0,31.940001,32.880001,30.92,31.190001,700300.0,-0.75
8.0,19.0,31.280001,33.220001,30.870001,31.26,423100.0,-0.02000099999999705
8.0,18.0,32.389999,32.779999,31.52,31.9,537000.0,-0.4899990000000045
8.0,17.0,33.189999,33.990002,32.59,33.23,405000.0,0.04000099999999662
8.0,16.0,33.459999,34.16,32.91,33.0,784700.0,-0.4599990000000034
8.0,15.0,33.580002,34.240002,32.790001,33.84,508500.0,0.25999800000000306
8.0,12.0,33.41,34.389999,32.040001,33.209999,293300.0,-0.2000009999999932
8.0,11.0,32.349998,34.349998,32.349998,33.080002,434000.0,0.730004000000001
8.0,10.0,32.810001,33.23,31.15,32.18,678000.0,-0.630001
8.0,9.0,34.009998,34.349998,32.060001,33.540001,600200.0,-0.46999700000000644
8.0,8.0,33.369999,34.73,32.66,33.459999,569600.0,0.09000000000000341
8.0,5.0,33.279999,36.310001,32.720001,34.560001,543300.0,1.2800020000000032
8.0,4.0,33.720001,34.599998,32.869999,32.919998,376300.0,-0.8000030000000038
8.0,3.0,33.77,34.52,33.009998,34.099998,504100.0,0.32999799999999624
8.0,2.0,34.43,35.259998,33.27,33.349998,516000.0,-1.0800020000000004
8.0,1.0,36.060001,36.16,34.5,35.169998,356200.0,-0.8900030000000001
7.0,29.0,35.470001,35.880001,34.5,35.529999,368300.0,0.05999799999999311
7.0,28.0,35.689999,36.66,35.23,35.84,388600.0,0.15000100000000316
7.0,27.0,36.23,36.650002,34.560001,35.610001,359300.0,-0.619999
7.0,26.0,36.459999,36.889999,35.66,36.310001,370100.0,-0.14999800000000363
7.0,25.0,36.549999,37.07,35.57,36.220001,228800.0,-0.32999799999999624
7.0,22.0,36.619999,37.360001,36.369999,37.040001,271800.0,0.42000199999999666
7.0,21.0,37.330002,37.790001,36.459999,36.540001,231100.0,-0.7900010000000037
7.0,20.0,37.75,37.75,36.509998,37.34,177300.0,-0.4099999999999966
7.0,19.0,36.740002,38.400002,36.029999,37.709999,455400.0,0.9699970000000064
7.0,18.0,37.029999,37.259998,36.0,36.349998,266400.0,-0.6800009999999972
7.0,15.0,36.790001,37.34,36.25,37.259998,253200.0,0.46999700000000644
7.0,14.0,37.759998,38.580002,36.41,36.689999,249600.0,-1.0699990000000028
7.0,13.0,37.52,38.119999,37.02,37.75,583300.0,0.22999999999999687
7.0,12.0,37.91,38.400002,37.080002,37.16,366300.0,-0.75
7.0,11.0,38.599998,39.189999,37.529999,37.91,520600.0,-0.6899980000000028
7.0,8.0,39.330002,39.779999,38.400002,38.849998,573600.0,-0.480004000000001
7.0,7.0,39.91,40.189999,39.639999,39.82,600800.0,-0.0899999999999963
7.0,6.0,39.790001,40.25,39.040001,39.470001,407200.0,-0.3199999999999932
7.0,5.0,39.34,39.869999,38.720001,39.529999,276200.0,0.18999899999999315
7.0,1.0,38.919998,39.959999,38.82,39.610001,415700.0,0.6900029999999973
6.0,30.0,39.009998,39.48,38.459999,38.68,580600.0,-0.32999800000000334
6.0,29.0,39.490002,39.93,38.59,38.689999,546400.0,-0.8000029999999967
6.0,28.0,39.389999,39.75,39.060001,39.349998,432300.0,-0.04000100000000373
6.0,27.0,38.830002,39.43,38.369999,39.32,325800.0,0.48999799999999993
6.0,24.0,39.400002,39.610001,38.150002,38.830002,2432400.0,-0.5700000000000003
6.0,23.0,38.02,39.560001,37.59,39.529999,347900.0,1.5099989999999934
6.0,22.0,38.330002,39.349998,38.220001,38.59,421600.0,0.25999800000000306
6.0,21.0,37.060001,38.900002,36.240002,38.709999,697500.0,1.6499980000000036
6.0,20.0,36.970001,37.759998,36.23,36.73,803300.0,-0.24000100000000657
6.0,17.0,34.849998,35.549999,33.919998,35.349998,2117000.0,0.5
6.0,16.0,35.119999,35.599998,34.130001,34.849998,573800.0,-0.2700010000000006
6.0,15.0,35.009998,35.57,34.459999,34.91,731500.0,-0.09999800000000647
6.0,14.0,34.610001,36.200001,34.610001,35.509998,779900.0,0.8999970000000062
6.0,13.0,33.700001,34.450001,33.0,33.900002,901700.0,0.20000100000000032
6.0,10.0,33.59,34.509998,32.84,33.150002,757500.0,-0.4399980000000028
6.0,9.0,32.880001,33.93,32.610001,33.84,484200.0,0.9599990000000034
6.0,8.0,31.540001,33.709999,31.440001,32.810001,958700.0,1.2699999999999996
6.0,7.0,32.689999,32.970001,31.34,31.440001,1486300.0,-1.2499980000000015
6.0,6.0,33.439999,33.849998,32.349998,32.360001,782900.0,-1.0799980000000033
6.0,3.0,35.09,35.48,33.240002,33.299999,1921900.0,-1.7900010000000037
6.0,2.0,39.650002,40.439999,33.470001,35.0,3446000.0,-4.650002000000001
6.0,1.0,40.419998,40.419998,39.16,39.639999,524300.0,-0.7799989999999966
5.0,31.0,40.98,40.98,39.900002,40.240002,1672700.0,-0.7399979999999999
5.0,27.0,40.869999,40.950001,40.310001,40.540001,249000.0,-0.32999800000000334
5.0,26.0,39.57,40.740002,39.41,40.619999,326600.0,1.0499989999999997
5.0,25.0,40.299999,40.599998,39.360001,39.43,322600.0,-0.869999
5.0,24.0,41.68,42.0,40.09,40.59,313900.0,-1.0899999999999963
5.0,23.0,39.509998,41.950001,39.389999,41.630001,928500.0,2.120002999999997
5.0,20.0,40.27,40.689999,39.970001,40.040001,225700.0,-0.2299990000000065
5.0,19.0,41.040001,41.43,40.48,40.540001,208100.0,-0.5
5.0,18.0,40.5,41.349998,39.290001,40.939999,384200.0,0.43999900000000025
5.0,17.0,39.849998,40.779999,39.41,40.369999,429400.0,0.5200010000000006
5.0,16.0,40.490002,40.779999,38.810001,40.099998,556400.0,-0.3900039999999976
5.0,13.0,41.84,41.84,40.450001,40.860001,355500.0,-0.9799990000000065
5.0,12.0,41.360001,42.02,41.189999,42.02,247100.0,0.6599990000000062
5.0,11.0,41.110001,41.759998,40.220001,41.540001,238200.0,0.4299999999999997
5.0,10.0,41.349998,41.66,41.009998,41.599998,408000.0,0.25
5.0,9.0,40.709999,41.560001,40.490002,41.299999,241600.0,0.5899999999999963
5.0,6.0,40.209999,40.98,39.830002,40.810001,481600.0,0.6000019999999964
5.0,5.0,40.0,41.18,39.529999,39.889999,488100.0,-0.1100009999999969
5.0,4.0,40.25,40.639999,39.5,40.330002,534300.0,0.08000200000000035
5.0,3.0,40.110001,41.049999,40.009998,40.52,400100.0,0.4099990000000062
5.0,2.0,41.98,41.98,40.220001,40.389999,356800.0,-1.5900009999999938
4.0,29.0,41.18,42.099998,40.259998,41.82,1072400.0,0.6400000000000006
4.0,28.0,42.279999,42.509998,40.599998,41.150002,7602500.0,-1.129996999999996
4.0,27.0,42.599998,44.25,42.5,43.5,328600.0,0.9000020000000006
4.0,26.0,41.25,43.0,40.16,42.380001,261300.0,1.130001
4.0,25.0,40.040001,42.48,40.0,41.259998,156400.0,1.2199970000000064
4.0,21.0,39.66,40.400002,39.0,40.310001,53800.0,0.6500010000000032
4.0,20.0,38.52,39.349998,38.470001,39.349998,42600.0,0.8299979999999962
4.0,19.0,38.240002,38.43,37.75,38.029999,88200.0,-0.21000300000000038
4.0,18.0,38.57,38.82,37.880001,38.009998,71600.0,-0.5600019999999972
4.0,15.0,38.93,39.380001,38.540001,38.98,56200.0,0.04999999999999716
4.0,14.0,37.990002,39.380001,37.990002,39.0,236200.0,1.009998000000003
4.0,13.0,37.639999,38.32,37.5,38.25,220100.0,0.6100009999999969
4.0,12.0,37.77,38.209999,37.369999,37.43,35800.0,-0.3400000000000034
4.0,11.0,38.25,38.380001,37.759998,38.0,39700.0,-0.25
4.0,8.0,38.0,38.220001,37.509998,38.189999,110400.0,0.18999900000000025
4.0,7.0,37.73,38.290001,37.549999,37.900002,30200.0,0.17000200000000376
4.0,6.0,38.049999,38.439999,37.52,37.869999,59100.0,-0.17999999999999972
4.0,5.0,37.990002,38.34,37.279999,37.799999,76500.0,-0.19000299999999726
4.0,4.0,38.0,38.310001,37.779999,37.959999,87300.0,-0.04000099999999662
4.0,1.0,38.02,38.389999,37.259998,38.040001,149600.0,0.020000999999993496
3.0,31.0,37.529999,38.0,37.509998,37.740002,82900.0,0.21000300000000038
3.0,30.0,37.66,37.93,37.529999,37.689999,92200.0,0.02999900000000366
3.0,29.0,37.689999,38.200001,37.59,37.700001,70000.0,0.010002000000000066
3.0,28.0,38.139999,38.43,37.509998,37.689999,55000.0,-0.45000000000000284
3.0,25.0,38.490002,38.619999,37.720001,38.169998,88500.0,-0.3200039999999973
3.0,24.0,37.889999,39.0,37.740002,38.25,150000.0,0.3600009999999969
3.0,23.0,40.110001,40.110001,36.630001,37.599998,331400.0,-2.5100029999999975
3.0,22.0,40.240002,41.130001,40.009998,40.48,123200.0,0.23999799999999993
3.0,21.0,41.939999,41.939999,39.610001,40.330002,147900.0,-1.609997
3.0,18.0,41.41,41.77,40.509998,41.330002,182100.0,-0.07999799999999624
3.0,17.0,41.849998,41.849998,40.5,41.02,95900.0,-0.8299979999999962
3.0,16.0,41.400002,43.040001,40.099998,41.02,91000.0,-0.3800019999999975
3.0,15.0,40.119999,41.73,39.919998,41.419998,72400.0,1.2999989999999997
3.0,14.0,39.68,42.09,39.630001,41.509998,201700.0,1.8299980000000033
3.0,11.0,38.709999,40.740002,38.709999,39.950001,56400.0,1.240001999999997
3.0,10.0,38.779999,39.43,38.259998,39.09,163500.0,0.31000100000000685
3.0,9.0,39.5,39.610001,38.77,39.18,60700.0,-0.3200000000000003
3.0,8.0,40.240002,40.299999,39.259998,39.650002,77000.0,-0.5899999999999963
3.0,7.0,41.25,41.669998,39.790001,40.259998,86700.0,-0.9900019999999969
3.0,4.0,40.799999,41.200001,40.490002,40.98,80300.0,0.1800009999999972
3.0,3.0,40.799999,41.5,40.52,40.68,122800.0,-0.11999899999999997
3.0,2.0,40.18,41.27,40.07,40.5,71700.0,0.3200000000000003
3.0,1.0,41.200001,41.200001,40.0,40.040001,131900.0,-1.1600000000000037
2.0,28.0,41.41,41.950001,40.290001,40.799999,114300.0,-0.6100009999999969
2.0,25.0,42.009998,42.740002,41.09,41.25,143200.0,-0.7599980000000031
2.0,24.0,41.259998,42.439999,41.060001,41.91,307400.0,0.6500019999999935
2.0,23.0,42.759998,42.93,39.299999,41.950001,546500.0,-0.8099970000000027
2.0,22.0,46.290001,46.389999,44.290001,44.889999,207300.0,-1.4000019999999935
2.0,18.0,43.43,46.849998,43.43,45.549999,405700.0,2.119999
2.0,17.0,41.419998,43.150002,41.419998,43.130001,126800.0,1.7100030000000004
2.0,16.0,41.09,41.740002,40.560001,41.540001,98300.0,0.4500009999999932
2.0,15.0,41.93,42.5,40.52,41.0,107600.0,-0.9299999999999997
2.0,14.0,42.07,42.5,41.450001,42.189999,79200.0,0.11999899999999997
2.0,11.0,40.740002,43.889999,39.75,42.27,234400.0,1.5299980000000062
2.0,10.0,40.099998,40.939999,39.09,40.84,309800.0,0.740002000000004
2.0,9.0,37.990002,38.900002,37.82,38.200001,44600.0,0.20999900000000338
2.0,8.0,39.299999,39.299999,37.91,38.18,113700.0,-1.119999
2.0,7.0,39.27,39.669998,39.0,39.290001,83300.0,0.020000999999993496
2.0,4.0,38.220001,39.439999,38.16,39.400002,133400.0,1.1800009999999972
2.0,3.0,39.57,39.57,37.41,38.27,112000.0,-1.2999999999999972
2.0,2.0,39.349998,39.900002,38.259998,38.369999,101300.0,-0.9799989999999994
2.0,1.0,36.869999,40.34,36.869999,39.400002,192000.0,2.5300030000000007
1.0,31.0,36.619999,37.220001,35.619999,36.77,101300.0,0.15000100000000316
1.0,28.0,37.599998,38.650002,36.25,36.290001,77400.0,-1.3099970000000027
1.0,27.0,36.93,37.279999,35.810001,37.209999,118100.0,0.27999900000000366
1.0,26.0,37.130001,37.400002,36.529999,36.73,72500.0,-0.40000100000000316
1.0,25.0,37.400002,37.619999,36.75,37.07,124700.0,-0.33000200000000035
1.0,24.0,37.98,38.299999,37.0,37.439999,91100.0,-0.5400009999999966
1.0,21.0,37.669998,38.970001,37.290001,37.82,67200.0,0.15000200000000063
1.0,20.0,38.650002,38.66,37.52,37.540001,61800.0,-1.110001000000004
1.0,19.0,40.220001,40.990002,38.580002,38.68,134100.0,-1.5400010000000037
1.0,18.0,40.880001,40.880001,38.700001,40.240002,113300.0,-0.6399990000000031
1.0,14.0,39.799999,41.25,39.799999,40.849998,219600.0,1.0499989999999997
1.0,13.0,38.439999,40.110001,38.16,39.639999,177400.0,1.2000000000000028
1.0,12.0,37.689999,38.299999,37.439999,38.27,73200.0,0.5800010000000029
1.0,11.0,37.330002,37.57,36.549999,37.32,95500.0,-0.010002000000000066
1.0,10.0,35.91,38.299999,35.91,37.189999,238400.0,1.2799990000000037
1.0,7.0,37.130001,37.630001,35.900002,36.07,189100.0,-1.0600009999999997
1.0,6.0,38.700001,39.57,36.52,36.889999,250000.0,-1.8100019999999972
1.0,5.0,38.84,39.290001,37.689999,38.77,285600.0,-0.07000000000000028
1.0,4.0,40.040001,40.389999,38.009998,38.73,406200.0,-1.3100009999999997
1.0,3.0,41.740002,42.07,38.880001,40.970001,284400.0,-0.7700009999999935
12.0,31.0,41.689999,42.27,40.990002,41.200001,209400.0,-0.48999799999999993
12.0,30.0,42.240002,42.34,41.450001,41.689999,158200.0,-0.5500029999999967
12.0,29.0,42.849998,43.009998,42.0,42.07,202800.0,-0.7799979999999991
12.0,28.0,42.75,42.990002,40.77,42.650002,231200.0,-0.09999799999999937
12.0,27.0,44.619999,44.619999,42.610001,42.790001,265300.0,-1.8299980000000033
12.0,23.0,43.650002,44.380001,43.650002,44.23,242600.0,0.5799979999999962
12.0,22.0,42.669998,44.450001,41.919998,43.560001,473400.0,0.8900030000000001
12.0,21.0,41.139999,42.369999,40.830002,42.220001,282800.0,1.0800020000000004
12.0,20.0,39.599998,42.709999,39.380001,40.799999,582600.0,1.2000010000000003
12.0,17.0,38.0,39.400002,36.509998,39.400002,2511400.0,1.4000020000000006
12.0,16.0,35.880001,38.75,35.41,38.220001,292100.0,2.3400000000000034
12.0,15.0,35.810001,36.5,34.860001,35.709999,432700.0,-0.10000199999999637
12.0,14.0,36.299999,36.91,35.299999,35.849998,230400.0,-0.4500010000000003
12.0,13.0,37.169998,37.740002,36.049999,36.5,166700.0,-0.6699979999999996
12.0,10.0,35.189999,37.950001,35.189999,36.970001,245600.0,1.7800020000000032
12.0,9.0,35.02,35.799999,35.02,35.5,131800.0,0.4799999999999969
12.0,8.0,37.029999,37.310001,34.360001,35.310001,437800.0,-1.7199979999999968
12.0,7.0,38.139999,38.139999,37.099998,37.25,269900.0,-0.8899990000000031
12.0,6.0,37.889999,38.380001,37.740002,37.959999,301700.0,0.07000000000000028
12.0,3.0,37.59,38.41,37.5,38.189999,90000.0,0.5999989999999968
12.0,2.0,36.48,38.290001,36.310001,38.200001,244800.0,1.7200010000000034
12.0,1.0,36.830002,39.830002,36.330002,37.400002,466400.0,0.5700000000000003
11.0,30.0,34.130001,36.529999,33.959999,36.25,460900.0,2.119999
11.0,29.0,32.880001,34.27,32.75,34.0,233600.0,1.119999
11.0,26.0,32.299999,32.950001,32.200001,32.52,28300.0,0.22000100000000344
11.0,24.0,33.75,33.830002,32.490002,32.720001,135500.0,-1.0299989999999966
11.0,23.0,33.040001,33.189999,32.950001,33.0,262400.0,-0.04000099999999662
11.0,22.0,33.540001,33.689999,33.25,33.5,186400.0,-0.04000099999999662
11.0,19.0,34.080002,34.490002,33.200001,33.5,602800.0,-0.5800020000000004
11.0,18.0,33.240002,33.889999,32.759998,33.5,242700.0,0.25999800000000306
11.0,17.0,32.849998,32.970001,32.52,32.84,236900.0,-0.009997999999995955
11.0,16.0,32.169998,33.220001,32.119999,32.849998,174300.0,0.6799999999999997
11.0,15.0,33.02,33.48,32.509998,32.799999,183800.0,-0.22000100000000344
11.0,12.0,32.279999,33.93,32.279999,32.82,374300.0,0.5400010000000037
11.0,11.0,32.130001,34.389999,31.92,33.490002,227800.0,1.360000999999997
11.0,10.0,33.599998,33.599998,32.549999,32.799999,454700.0,-0.7999989999999997
11.0,9.0,31.52,34.48,31.52,33.900002,877100.0,2.380002000000001
11.0,8.0,32.66,33.0,30.969999,32.040001,1231600.0,-0.619999
11.0,5.0,35.0,35.0,31.040001,32.110001,1.31429E7,-2.889999000000003
