9.0,25.0,0.41,0.41,0.41,0.41,0.0,0.0
9.0,24.0,0.41,0.41,0.41,0.41,0.0,0.0
9.0,23.0,0.41,0.41,0.41,0.41,0.0,0.0
9.0,22.0,0.41,0.41,0.41,0.41,0.0,0.0
9.0,21.0,0.41,0.41,0.41,0.41,0.0,0.0
9.0,18.0,0.41,0.41,0.41,0.41,0.0,0.0
9.0,17.0,0.41,0.41,0.41,0.41,0.0,0.0
9.0,16.0,0.41,0.41,0.41,0.41,0.0,0.0
9.0,15.0,0.41,0.41,0.41,0.41,0.0,0.0
9.0,14.0,0.41,0.41,0.41,0.41,0.0,0.0
9.0,11.0,0.41,0.41,0.41,0.41,0.0,0.0
9.0,10.0,0.41,0.41,0.41,0.41,300.0,0.0
9.0,9.0,0.41,0.41,0.41,0.41,0.0,0.0
9.0,8.0,0.41,0.41,0.41,0.41,0.0,0.0
9.0,4.0,0.41,0.41,0.41,0.41,0.0,0.0
9.0,3.0,0.41,0.41,0.41,0.41,0.0,0.0
9.0,2.0,0.41,0.41,0.41,0.41,0.0,0.0
9.0,1.0,0.41,0.41,0.41,0.41,0.0,0.0
8.0,31.0,0.41,0.41,0.41,0.41,0.0,0.0
8.0,28.0,0.41,0.41,0.41,0.41,0.0,0.0
8.0,27.0,0.41,0.41,0.41,0.41,0.0,0.0
8.0,26.0,0.41,0.41,0.41,0.41,0.0,0.0
8.0,25.0,0.41,0.41,0.41,0.41,800.0,0.0
8.0,24.0,0.49,0.49,0.49,0.49,0.0,0.0
8.0,21.0,0.49,0.49,0.49,0.49,0.0,0.0
8.0,20.0,0.49,0.49,0.49,0.49,0.0,0.0
8.0,19.0,0.49,0.49,0.49,0.49,0.0,0.0
8.0,18.0,0.49,0.49,0.49,0.49,0.0,0.0
8.0,17.0,0.49,0.49,0.49,0.49,0.0,0.0
8.0,14.0,0.49,0.49,0.49,0.49,0.0,0.0
8.0,13.0,0.49,0.49,0.49,0.49,32200.0,0.0
8.0,12.0,0.5,0.5,0.5,0.5,0.0,0.0
8.0,11.0,0.5,0.5,0.5,0.5,0.0,0.0
8.0,10.0,0.5,0.5,0.5,0.5,0.0,0.0
8.0,7.0,0.5,0.5,0.5,0.5,0.0,0.0
8.0,6.0,0.5,0.5,0.5,0.5,0.0,0.0
8.0,5.0,0.5,0.5,0.5,0.5,0.0,0.0
8.0,4.0,0.5,0.5,0.5,0.5,500.0,0.0
8.0,3.0,0.45,0.45,0.45,0.45,0.0,0.0
7.0,31.0,0.45,0.45,0.45,0.45,0.0,0.0
7.0,30.0,0.45,0.45,0.45,0.45,0.0,0.0
7.0,29.0,0.45,0.45,0.45,0.45,0.0,0.0
7.0,28.0,0.45,0.45,0.45,0.45,0.0,0.0
7.0,27.0,0.45,0.45,0.45,0.45,0.0,0.0
7.0,24.0,0.45,0.45,0.45,0.45,500.0,0.0
7.0,23.0,0.48,0.48,0.48,0.48,800.0,0.0
7.0,22.0,0.48,0.48,0.48,0.48,0.0,0.0
7.0,21.0,0.48,0.48,0.48,0.48,0.0,0.0
7.0,20.0,0.48,0.48,0.48,0.48,0.0,0.0
7.0,17.0,0.48,0.48,0.48,0.48,0.0,0.0
7.0,16.0,0.48,0.48,0.48,0.48,0.0,0.0
7.0,15.0,0.48,0.48,0.48,0.48,0.0,0.0
7.0,14.0,0.48,0.48,0.48,0.48,600.0,0.0
7.0,13.0,0.4,0.4,0.4,0.4,0.0,0.0
7.0,10.0,0.4,0.4,0.4,0.4,0.0,0.0
7.0,9.0,0.4,0.4,0.4,0.4,0.0,0.0
7.0,8.0,0.4,0.4,0.4,0.4,100.0,0.0
7.0,7.0,0.4,0.4,0.4,0.4,0.0,0.0
7.0,6.0,0.4,0.4,0.4,0.4,100.0,0.0
7.0,2.0,0.38,0.38,0.38,0.38,0.0,0.0
7.0,1.0,0.38,0.38,0.38,0.38,0.0,0.0
6.0,30.0,0.38,0.38,0.38,0.38,0.0,0.0
6.0,29.0,0.38,0.38,0.38,0.38,300.0,0.0
6.0,26.0,0.46,0.46,0.46,0.46,0.0,0.0
6.0,25.0,0.46,0.46,0.46,0.46,0.0,0.0
6.0,24.0,0.46,0.46,0.46,0.46,0.0,0.0
6.0,23.0,0.46,0.46,0.46,0.46,0.0,0.0
6.0,22.0,0.46,0.46,0.46,0.46,0.0,0.0
6.0,19.0,0.46,0.46,0.46,0.46,0.0,0.0
6.0,18.0,0.46,0.46,0.46,0.46,300.0,0.0
6.0,17.0,0.49,0.49,0.49,0.49,0.0,0.0
6.0,16.0,0.49,0.49,0.49,0.49,0.0,0.0
6.0,15.0,0.49,0.49,0.49,0.49,0.0,0.0
6.0,12.0,0.49,0.49,0.49,0.49,800.0,0.0
6.0,11.0,0.4,0.4,0.4,0.4,0.0,0.0
6.0,10.0,0.4,0.4,0.4,0.4,0.0,0.0
6.0,9.0,0.4,0.4,0.4,0.4,0.0,0.0
6.0,8.0,0.4,0.4,0.4,0.4,0.0,0.0
6.0,5.0,0.4,0.4,0.4,0.4,1700.0,0.0
6.0,4.0,0.5,0.5,0.5,0.5,0.0,0.0
6.0,3.0,0.5,0.5,0.5,0.5,0.0,0.0
6.0,2.0,0.5,0.5,0.5,0.5,0.0,0.0
6.0,1.0,0.5,0.5,0.5,0.5,0.0,0.0
5.0,29.0,0.5,0.5,0.5,0.5,0.0,0.0
5.0,28.0,0.5,0.5,0.5,0.5,0.0,0.0
5.0,27.0,0.5,0.5,0.5,0.5,10000.0,0.0
5.0,26.0,0.55,0.55,0.55,0.55,0.0,0.0
5.0,22.0,0.55,0.55,0.55,0.55,0.0,0.0
5.0,21.0,0.55,0.55,0.55,0.55,0.0,0.0
5.0,20.0,0.55,0.55,0.55,0.55,300.0,0.0
5.0,19.0,0.43,0.43,0.43,0.43,0.0,0.0
5.0,18.0,0.43,0.43,0.43,0.43,0.0,0.0
5.0,15.0,0.43,0.43,0.43,0.43,0.0,0.0
5.0,14.0,0.43,0.43,0.43,0.43,0.0,0.0
5.0,13.0,0.43,0.43,0.43,0.43,10000.0,0.0
5.0,12.0,0.39,0.39,0.39,0.39,0.0,0.0
5.0,11.0,0.39,0.39,0.39,0.39,0.0,0.0
5.0,8.0,0.39,0.39,0.39,0.39,0.0,0.0
5.0,7.0,0.39,0.39,0.39,0.39,0.0,0.0
5.0,6.0,0.39,0.39,0.39,0.39,0.0,0.0
5.0,5.0,0.39,0.39,0.39,0.39,0.0,0.0
5.0,4.0,0.39,0.39,0.39,0.39,0.0,0.0
5.0,1.0,0.39,0.39,0.39,0.39,0.0,0.0
4.0,30.0,0.39,0.39,0.39,0.39,0.0,0.0
4.0,29.0,0.39,0.39,0.39,0.39,0.0,0.0
4.0,28.0,0.39,0.39,0.39,0.39,0.0,0.0
4.0,27.0,0.39,0.39,0.39,0.39,10000.0,0.0
4.0,24.0,0.39,0.39,0.39,0.39,0.0,0.0
4.0,23.0,0.39,0.39,0.39,0.39,0.0,0.0
4.0,22.0,0.39,0.39,0.39,0.39,0.0,0.0
4.0,21.0,0.39,0.39,0.39,0.39,0.0,0.0
4.0,20.0,0.39,0.39,0.39,0.39,0.0,0.0
4.0,17.0,0.39,0.39,0.39,0.39,1000.0,0.0
4.0,16.0,0.32,0.32,0.32,0.32,0.0,0.0
4.0,15.0,0.32,0.32,0.32,0.32,0.0,0.0
4.0,14.0,0.32,0.32,0.32,0.32,0.0,0.0
4.0,13.0,0.32,0.32,0.32,0.32,0.0,0.0
4.0,10.0,0.32,0.32,0.32,0.32,0.0,0.0
4.0,9.0,0.32,0.32,0.32,0.32,200.0,0.0
4.0,8.0,0.3,0.3,0.3,0.3,0.0,0.0
4.0,7.0,0.3,0.3,0.3,0.3,0.0,0.0
4.0,6.0,0.3,0.3,0.3,0.3,0.0,0.0
4.0,2.0,0.3,0.3,0.3,0.3,1300.0,0.0
4.0,1.0,0.31,0.31,0.31,0.31,0.0,0.0
3.0,31.0,0.31,0.31,0.31,0.31,300.0,0.0
3.0,30.0,0.38,0.38,0.38,0.38,0.0,0.0
3.0,27.0,0.38,0.38,0.38,0.38,0.0,0.0
3.0,26.0,0.38,0.38,0.38,0.38,0.0,0.0
3.0,25.0,0.38,0.38,0.38,0.38,0.0,0.0
3.0,24.0,0.38,0.38,0.38,0.38,0.0,0.0
3.0,23.0,0.38,0.38,0.38,0.38,5000.0,0.0
3.0,20.0,0.28,0.28,0.28,0.28,0.0,0.0
3.0,19.0,0.28,0.28,0.28,0.28,0.0,0.0
3.0,18.0,0.28,0.28,0.28,0.28,0.0,0.0
3.0,17.0,0.28,0.28,0.28,0.28,7000.0,0.0
3.0,16.0,0.28,0.28,0.28,0.28,0.0,0.0
3.0,13.0,0.28,0.28,0.28,0.28,0.0,0.0
3.0,12.0,0.28,0.28,0.28,0.28,6700.0,0.0
3.0,11.0,0.31,0.31,0.31,0.31,0.0,0.0
3.0,10.0,0.31,0.31,0.31,0.31,0.0,0.0
3.0,9.0,0.31,0.31,0.31,0.31,3900.0,0.0
3.0,6.0,0.33,0.33,0.33,0.33,0.0,0.0
3.0,5.0,0.33,0.33,0.33,0.33,0.0,0.0
3.0,4.0,0.33,0.33,0.33,0.33,0.0,0.0
3.0,3.0,0.33,0.33,0.33,0.33,0.0,0.0
3.0,2.0,0.33,0.33,0.33,0.33,2000.0,0.0
2.0,27.0,0.3,0.3,0.3,0.3,700.0,0.0
2.0,26.0,0.3,0.3,0.3,0.3,500.0,0.0
2.0,25.0,0.32,0.32,0.32,0.32,0.0,0.0
2.0,24.0,0.32,0.32,0.32,0.32,100.0,0.0
2.0,23.0,0.25,0.3,0.25,0.3,1400.0,0.04999999999999999
2.0,20.0,0.3,0.3,0.3,0.3,0.0,0.0
2.0,19.0,0.3,0.3,0.3,0.3,47700.0,0.0
2.0,18.0,0.32,0.32,0.32,0.32,0.0,0.0
2.0,17.0,0.32,0.32,0.32,0.32,0.0,0.0
2.0,13.0,0.32,0.32,0.32,0.32,100.0,0.0
2.0,12.0,0.28,0.28,0.28,0.28,0.0,0.0
2.0,11.0,0.28,0.28,0.28,0.28,0.0,0.0
2.0,10.0,0.28,0.28,0.28,0.28,0.0,0.0
2.0,9.0,0.28,0.28,0.28,0.28,0.0,0.0
2.0,6.0,0.28,0.28,0.28,0.28,0.0,0.0
2.0,5.0,0.28,0.28,0.28,0.28,0.0,0.0
2.0,4.0,0.28,0.28,0.28,0.28,0.0,0.0
2.0,3.0,0.28,0.28,0.28,0.28,200.0,0.0
2.0,2.0,0.25,0.25,0.25,0.25,0.0,0.0
1.0,30.0,0.25,0.25,0.25,0.25,600.0,0.0
1.0,29.0,0.26,0.26,0.26,0.26,0.0,0.0
1.0,28.0,0.26,0.26,0.26,0.26,0.0,0.0
1.0,27.0,0.26,0.26,0.26,0.26,0.0,0.0
1.0,26.0,0.26,0.26,0.26,0.26,0.0,0.0
1.0,23.0,0.26,0.26,0.26,0.26,300.0,0.0
1.0,22.0,0.27,0.27,0.27,0.27,0.0,0.0
1.0,21.0,0.27,0.27,0.27,0.27,0.0,0.0
1.0,20.0,0.27,0.27,0.27,0.27,0.0,0.0
1.0,16.0,0.27,0.27,0.27,0.27,200.0,0.0
1.0,15.0,0.25,0.25,0.25,0.25,0.0,0.0
1.0,14.0,0.25,0.25,0.25,0.25,300.0,0.0
1.0,13.0,0.21,0.21,0.21,0.21,0.0,0.0
1.0,12.0,0.21,0.21,0.21,0.21,700.0,0.0
1.0,9.0,0.3,0.3,0.3,0.3,0.0,0.0
1.0,8.0,0.3,0.3,0.3,0.3,0.0,0.0
1.0,7.0,0.3,0.3,0.3,0.3,0.0,0.0
1.0,6.0,0.3,0.3,0.3,0.3,0.0,0.0
1.0,5.0,0.3,0.3,0.3,0.3,0.0,0.0
1.0,2.0,0.3,0.3,0.3,0.3,0.0,0.0
12.0,31.0,0.3,0.3,0.3,0.3,17300.0,0.0
12.0,30.0,0.28,0.28,0.28,0.28,0.0,0.0
12.0,29.0,0.28,0.28,0.28,0.28,1700.0,0.0
12.0,26.0,0.32,0.32,0.32,0.32,0.0,0.0
12.0,24.0,0.32,0.32,0.32,0.32,0.0,0.0
12.0,23.0,0.32,0.32,0.32,0.32,17000.0,0.0
12.0,22.0,0.28,0.28,0.28,0.28,11100.0,0.0
12.0,19.0,0.27,0.27,0.27,0.27,100.0,0.0
12.0,18.0,0.3,0.3,0.3,0.3,0.0,0.0
12.0,17.0,0.3,0.3,0.3,0.3,0.0,0.0
12.0,16.0,0.3,0.3,0.3,0.3,0.0,0.0
12.0,15.0,0.3,0.3,0.3,0.3,0.0,0.0
12.0,12.0,0.3,0.3,0.3,0.3,0.0,0.0
12.0,11.0,0.3,0.3,0.3,0.3,800.0,0.0
12.0,10.0,0.33,0.33,0.33,0.33,0.0,0.0
12.0,9.0,0.33,0.33,0.33,0.33,0.0,0.0
12.0,8.0,0.33,0.33,0.33,0.33,700.0,0.0
12.0,5.0,0.31,0.31,0.31,0.31,0.0,0.0
12.0,4.0,0.31,0.31,0.31,0.31,0.0,0.0
12.0,3.0,0.31,0.31,0.31,0.31,0.0,0.0
12.0,2.0,0.32,0.32,0.31,0.31,85300.0,-0.010000000000000009
12.0,1.0,0.34,0.34,0.34,0.34,300.0,0.0
11.0,28.0,0.33,0.33,0.33,0.33,0.0,0.0
11.0,26.0,0.33,0.33,0.33,0.33,0.0,0.0
11.0,25.0,0.33,0.33,0.33,0.33,0.0,0.0
11.0,24.0,0.33,0.33,0.33,0.33,0.0,0.0
11.0,21.0,0.33,0.33,0.33,0.33,11100.0,0.0
11.0,20.0,0.35,0.35,0.35,0.35,800.0,0.0
11.0,19.0,0.33,0.33,0.33,0.33,0.0,0.0
11.0,18.0,0.33,0.33,0.33,0.33,0.0,0.0
11.0,17.0,0.33,0.33,0.33,0.33,0.0,0.0
11.0,14.0,0.33,0.33,0.33,0.33,0.0,0.0
11.0,13.0,0.33,0.33,0.33,0.33,700.0,0.0
11.0,12.0,0.37,0.37,0.37,0.37,0.0,0.0
11.0,11.0,0.37,0.37,0.37,0.37,0.0,0.0
11.0,10.0,0.37,0.37,0.37,0.37,0.0,0.0
11.0,7.0,0.37,0.37,0.37,0.37,0.0,0.0
11.0,6.0,0.37,0.37,0.37,0.37,10000.0,0.0
11.0,5.0,0.37,0.37,0.37,0.37,0.0,0.0
11.0,4.0,0.37,0.37,0.37,0.37,0.0,0.0
11.0,3.0,0.37,0.37,0.37,0.37,0.0,0.0
10.0,31.0,0.37,0.37,0.37,0.37,0.0,0.0
10.0,30.0,0.37,0.37,0.37,0.37,0.0,0.0
10.0,29.0,0.37,0.37,0.37,0.37,0.0,0.0
10.0,28.0,0.37,0.37,0.37,0.37,0.0,0.0
10.0,27.0,0.37,0.37,0.37,0.37,10000.0,0.0
10.0,24.0,0.4,0.4,0.4,0.4,200.0,0.0
10.0,23.0,0.39,0.39,0.39,0.39,0.0,0.0
10.0,22.0,0.39,0.39,0.39,0.39,0.0,0.0
10.0,21.0,0.39,0.39,0.39,0.39,0.0,0.0
10.0,20.0,0.39,0.39,0.39,0.39,0.0,0.0
10.0,17.0,0.39,0.39,0.39,0.39,5600.0,0.0
10.0,16.0,0.39,0.39,0.34,0.34,6400.0,-0.04999999999999999
10.0,15.0,0.35,0.35,0.35,0.35,0.0,0.0
10.0,14.0,0.35,0.35,0.35,0.35,0.0,0.0
10.0,13.0,0.35,0.35,0.35,0.35,0.0,0.0
10.0,10.0,0.35,0.35,0.35,0.35,0.0,0.0
10.0,9.0,0.35,0.35,0.35,0.35,0.0,0.0
10.0,8.0,0.35,0.35,0.35,0.35,0.0,0.0
10.0,7.0,0.36,0.36,0.35,0.35,5700.0,-0.010000000000000009
10.0,6.0,0.39,0.39,0.39,0.39,0.0,0.0
10.0,3.0,0.39,0.39,0.39,0.39,0.0,0.0
10.0,2.0,0.39,0.39,0.39,0.39,0.0,0.0
10.0,1.0,0.39,0.39,0.39,0.39,0.0,0.0
9.0,30.0,0.39,0.39,0.39,0.39,0.0,0.0
9.0,29.0,0.39,0.39,0.39,0.39,0.0,0.0
9.0,26.0,0.39,0.39,0.39,0.39,0.0,0.0
9.0,25.0,0.39,0.39,0.39,0.39,0.0,0.0
9.0,24.0,0.39,0.39,0.39,0.39,10000.0,0.0
9.0,23.0,0.36,0.36,0.36,0.36,0.0,0.0
9.0,22.0,0.36,0.36,0.36,0.36,0.0,0.0
9.0,19.0,0.36,0.36,0.36,0.36,0.0,0.0
9.0,18.0,0.36,0.36,0.36,0.36,0.0,0.0
9.0,17.0,0.36,0.36,0.36,0.36,0.0,0.0
9.0,16.0,0.36,0.36,0.36,0.36,0.0,0.0
9.0,15.0,0.36,0.36,0.36,0.36,0.0,0.0
9.0,12.0,0.36,0.36,0.36,0.36,50000.0,0.0
9.0,11.0,0.39,0.39,0.39,0.39,10000.0,0.0
9.0,10.0,0.37,0.37,0.37,0.37,0.0,0.0
9.0,9.0,0.37,0.37,0.37,0.37,0.0,0.0
9.0,8.0,0.37,0.37,0.37,0.37,0.0,0.0
9.0,5.0,0.37,0.37,0.37,0.37,15000.0,0.0
9.0,4.0,0.64,0.64,0.64,0.64,0.0,0.0
9.0,3.0,0.64,0.64,0.64,0.64,0.0,0.0
9.0,2.0,0.64,0.64,0.64,0.64,0.0,0.0
8.0,29.0,0.64,0.64,0.64,0.64,0.0,0.0
8.0,28.0,0.64,0.64,0.64,0.64,0.0,0.0
8.0,27.0,0.64,0.64,0.64,0.64,0.0,0.0
8.0,26.0,0.64,0.64,0.64,0.64,0.0,0.0
8.0,25.0,0.64,0.64,0.64,0.64,0.0,0.0
8.0,22.0,0.64,0.64,0.64,0.64,0.0,0.0
8.0,21.0,0.64,0.64,0.64,0.64,0.0,0.0
8.0,20.0,0.64,0.64,0.64,0.64,0.0,0.0
8.0,19.0,0.64,0.64,0.64,0.64,0.0,0.0
8.0,18.0,0.64,0.64,0.64,0.64,0.0,0.0
8.0,15.0,0.64,0.64,0.64,0.64,0.0,0.0
8.0,14.0,0.64,0.64,0.64,0.64,0.0,0.0
8.0,13.0,0.64,0.64,0.64,0.64,0.0,0.0
8.0,12.0,0.64,0.64,0.64,0.64,0.0,0.0
8.0,11.0,0.64,0.64,0.64,0.64,0.0,0.0
8.0,8.0,0.64,0.64,0.64,0.64,5000.0,0.0
8.0,7.0,0.61,0.61,0.61,0.61,0.0,0.0
8.0,6.0,0.61,0.61,0.61,0.61,0.0,0.0
8.0,5.0,0.61,0.61,0.61,0.61,100.0,0.0
8.0,4.0,0.71,0.71,0.71,0.71,0.0,0.0
8.0,1.0,0.71,0.71,0.71,0.71,0.0,0.0
7.0,31.0,0.71,0.71,0.71,0.71,0.0,0.0
7.0,30.0,0.71,0.71,0.71,0.71,0.0,0.0
7.0,29.0,0.71,0.71,0.71,0.71,0.0,0.0
7.0,28.0,0.71,0.71,0.71,0.71,0.0,0.0
7.0,25.0,0.71,0.71,0.71,0.71,0.0,0.0
7.0,24.0,0.71,0.71,0.71,0.71,0.0,0.0
7.0,23.0,0.71,0.71,0.71,0.71,10000.0,0.0
7.0,22.0,0.64,0.64,0.64,0.64,1200.0,0.0
7.0,21.0,0.62,0.62,0.62,0.62,0.0,0.0
7.0,18.0,0.62,0.62,0.62,0.62,0.0,0.0
7.0,17.0,0.62,0.62,0.62,0.62,0.0,0.0
7.0,16.0,0.62,0.62,0.62,0.62,0.0,0.0
7.0,15.0,0.62,0.62,0.62,0.62,500.0,0.0
7.0,14.0,0.69,0.69,0.69,0.69,0.0,0.0
7.0,11.0,0.69,0.69,0.69,0.69,0.0,0.0
7.0,10.0,0.69,0.69,0.69,0.69,0.0,0.0
7.0,9.0,0.69,0.69,0.69,0.69,0.0,0.0
7.0,8.0,0.69,0.69,0.69,0.69,0.0,0.0
7.0,7.0,0.69,0.69,0.69,0.69,10200.0,0.0
7.0,3.0,0.87,0.87,0.87,0.87,0.0,0.0
7.0,2.0,0.87,0.87,0.87,0.87,0.0,0.0
7.0,1.0,0.87,0.87,0.87,0.87,0.0,0.0
6.0,30.0,0.87,0.87,0.87,0.87,0.0,0.0
6.0,27.0,0.87,0.87,0.87,0.87,0.0,0.0
6.0,26.0,0.87,0.87,0.87,0.87,0.0,0.0
6.0,25.0,0.87,0.87,0.87,0.87,0.0,0.0
6.0,24.0,0.87,0.87,0.87,0.87,0.0,0.0
6.0,23.0,0.87,0.87,0.87,0.87,0.0,0.0
6.0,20.0,0.87,0.87,0.87,0.87,0.0,0.0
6.0,19.0,0.87,0.87,0.87,0.87,0.0,0.0
6.0,18.0,0.87,0.87,0.87,0.87,0.0,0.0
6.0,17.0,0.87,0.87,0.87,0.87,0.0,0.0
6.0,16.0,0.87,0.87,0.87,0.87,0.0,0.0
6.0,13.0,0.87,0.87,0.87,0.87,0.0,0.0
6.0,12.0,0.87,0.87,0.87,0.87,0.0,0.0
6.0,11.0,0.87,0.87,0.87,0.87,0.0,0.0
6.0,10.0,0.87,0.87,0.87,0.87,0.0,0.0
6.0,9.0,0.87,0.87,0.87,0.87,0.0,0.0
6.0,6.0,0.84,0.87,0.83,0.87,83300.0,0.030000000000000027
6.0,5.0,0.9,0.9,0.9,0.9,23400.0,0.0
6.0,4.0,0.87,0.87,0.87,0.87,300.0,0.0
6.0,3.0,0.88,0.88,0.88,0.88,0.0,0.0
6.0,2.0,0.88,0.88,0.88,0.88,0.0,0.0
5.0,30.0,0.88,0.88,0.88,0.88,0.0,0.0
5.0,29.0,0.88,0.88,0.88,0.88,0.0,0.0
5.0,28.0,0.88,0.88,0.88,0.88,0.0,0.0
5.0,27.0,0.88,0.88,0.88,0.88,100.0,0.0
5.0,23.0,0.91,0.91,0.91,0.91,0.0,0.0
5.0,22.0,0.91,0.91,0.91,0.91,0.0,0.0
5.0,21.0,0.91,0.91,0.91,0.91,0.0,0.0
5.0,20.0,0.91,0.91,0.91,0.91,0.0,0.0
5.0,19.0,0.91,0.91,0.91,0.91,0.0,0.0
5.0,16.0,0.91,0.91,0.91,0.91,0.0,0.0
5.0,15.0,0.91,0.91,0.91,0.91,0.0,0.0
5.0,14.0,0.91,0.91,0.91,0.91,0.0,0.0
5.0,13.0,0.91,0.91,0.91,0.91,53700.0,0.0
5.0,12.0,0.92,0.92,0.92,0.92,300.0,0.0
5.0,9.0,0.91,0.91,0.91,0.91,76600.0,0.0
5.0,8.0,0.85,0.92,0.85,0.92,5400.0,0.07000000000000006
5.0,7.0,0.81,0.81,0.81,0.81,4000.0,0.0
5.0,6.0,0.91,0.91,0.91,0.91,0.0,0.0
5.0,5.0,0.91,0.91,0.91,0.91,0.0,0.0
5.0,2.0,0.91,0.91,0.91,0.91,4700.0,0.0
5.0,1.0,0.94,0.94,0.94,0.94,5000.0,0.0
4.0,30.0,0.98,0.98,0.98,0.98,0.0,0.0
4.0,29.0,0.98,0.98,0.98,0.98,0.0,0.0
4.0,28.0,0.98,0.98,0.98,0.98,0.0,0.0
4.0,25.0,0.98,0.98,0.98,0.98,0.0,0.0
4.0,24.0,0.98,0.98,0.98,0.98,0.0,0.0
4.0,23.0,0.98,0.98,0.98,0.98,0.0,0.0
4.0,22.0,0.98,0.98,0.98,0.98,12000.0,0.0
4.0,21.0,0.88,0.88,0.88,0.88,0.0,0.0
4.0,17.0,0.88,0.88,0.88,0.88,0.0,0.0
4.0,16.0,0.88,0.88,0.88,0.88,0.0,0.0
4.0,15.0,0.88,0.88,0.88,0.88,300.0,0.0
4.0,14.0,0.91,0.91,0.91,0.91,0.0,0.0
4.0,11.0,0.91,0.91,0.91,0.91,0.0,0.0
4.0,10.0,0.91,0.91,0.91,0.91,0.0,0.0
4.0,9.0,0.91,0.91,0.91,0.91,0.0,0.0
4.0,8.0,0.91,0.91,0.91,0.91,0.0,0.0
4.0,7.0,0.91,0.91,0.91,0.91,0.0,0.0
4.0,4.0,0.91,0.91,0.91,0.91,200.0,0.0
4.0,3.0,0.85,0.85,0.85,0.85,0.0,0.0
4.0,2.0,0.85,0.85,0.85,0.85,0.0,0.0
4.0,1.0,0.85,0.85,0.85,0.85,2500.0,0.0
3.0,31.0,0.92,0.92,0.92,0.92,0.0,0.0
3.0,28.0,0.92,0.92,0.92,0.92,0.0,0.0
3.0,27.0,0.91,0.92,0.91,0.92,50000.0,0.010000000000000009
3.0,26.0,0.92,0.94,0.91,0.91,119500.0,-0.010000000000000009
3.0,25.0,0.93,0.93,0.92,0.93,140800.0,0.0
3.0,24.0,0.9,0.9,0.9,0.9,27800.0,0.0
3.0,21.0,0.85,0.86,0.85,0.86,60000.0,0.010000000000000009
3.0,20.0,0.84,0.84,0.84,0.84,30000.0,0.0
3.0,19.0,0.76,0.84,0.76,0.84,40000.0,0.07999999999999996
3.0,18.0,0.75,0.75,0.71,0.75,72600.0,0.0
3.0,17.0,0.73,0.74,0.73,0.74,27800.0,0.010000000000000009
3.0,14.0,0.75,0.75,0.75,0.75,0.0,0.0
3.0,13.0,0.75,0.75,0.75,0.75,0.0,0.0
3.0,12.0,0.75,0.75,0.75,0.75,90000.0,0.0
3.0,11.0,0.75,0.75,0.75,0.75,10000.0,0.0
3.0,10.0,0.71,0.71,0.71,0.71,0.0,0.0
3.0,7.0,0.71,0.71,0.71,0.71,300.0,0.0
3.0,6.0,0.7,0.7,0.7,0.7,0.0,0.0
3.0,5.0,0.7,0.7,0.7,0.7,0.0,0.0
3.0,4.0,0.7,0.7,0.7,0.7,0.0,0.0
3.0,3.0,0.7,0.7,0.7,0.7,0.0,0.0
2.0,28.0,0.7,0.7,0.7,0.7,0.0,0.0
2.0,27.0,0.7,0.7,0.7,0.7,5000.0,0.0
2.0,26.0,0.7,0.7,0.7,0.7,100.0,0.0
2.0,25.0,0.71,0.71,0.71,0.71,0.0,0.0
2.0,24.0,0.71,0.71,0.71,0.71,0.0,0.0
2.0,21.0,0.71,0.71,0.71,0.71,0.0,0.0
2.0,20.0,0.71,0.71,0.71,0.71,0.0,0.0
2.0,19.0,0.71,0.71,0.71,0.71,0.0,0.0
2.0,18.0,0.71,0.71,0.71,0.71,1000.0,0.0
2.0,14.0,0.77,0.77,0.77,0.77,0.0,0.0
2.0,13.0,0.77,0.77,0.77,0.77,0.0,0.0
2.0,12.0,0.77,0.77,0.77,0.77,100.0,0.0
2.0,11.0,0.71,0.71,0.71,0.71,0.0,0.0
2.0,10.0,0.71,0.71,0.71,0.71,0.0,0.0
2.0,7.0,0.71,0.71,0.71,0.71,0.0,0.0
2.0,6.0,0.71,0.71,0.71,0.71,0.0,0.0
2.0,5.0,0.71,0.71,0.71,0.71,0.0,0.0
2.0,4.0,0.71,0.71,0.71,0.71,0.0,0.0
2.0,3.0,0.71,0.71,0.71,0.71,0.0,0.0
1.0,31.0,0.71,0.71,0.71,0.71,0.0,0.0
1.0,30.0,0.71,0.71,0.71,0.71,0.0,0.0
1.0,29.0,0.71,0.71,0.71,0.71,2000.0,0.0
1.0,28.0,0.71,0.71,0.71,0.71,0.0,0.0
1.0,27.0,0.71,0.71,0.71,0.71,0.0,0.0
1.0,24.0,0.71,0.71,0.71,0.71,0.0,0.0
1.0,23.0,0.71,0.71,0.71,0.71,200.0,0.0
1.0,22.0,0.68,0.68,0.68,0.68,0.0,0.0
1.0,21.0,0.68,0.68,0.68,0.68,0.0,0.0
1.0,17.0,0.68,0.68,0.68,0.68,200.0,0.0
1.0,16.0,0.71,0.71,0.71,0.71,0.0,0.0
1.0,15.0,0.71,0.71,0.71,0.71,0.0,0.0
1.0,14.0,0.71,0.71,0.71,0.71,0.0,0.0
1.0,13.0,0.71,0.71,0.71,0.71,0.0,0.0
1.0,10.0,0.71,0.71,0.71,0.71,0.0,0.0
1.0,9.0,0.71,0.71,0.71,0.71,0.0,0.0
1.0,8.0,0.71,0.71,0.71,0.71,0.0,0.0
1.0,7.0,0.71,0.71,0.71,0.71,0.0,0.0
1.0,6.0,0.71,0.71,0.71,0.71,0.0,0.0
1.0,3.0,0.71,0.71,0.71,0.71,0.0,0.0
1.0,2.0,0.71,0.71,0.71,0.71,0.0,0.0
12.0,31.0,0.71,0.71,0.71,0.71,0.0,0.0
12.0,30.0,0.71,0.71,0.71,0.71,300.0,0.0
12.0,27.0,0.75,0.75,0.75,0.75,0.0,0.0
12.0,26.0,0.75,0.75,0.75,0.75,0.0,0.0
12.0,24.0,0.75,0.75,0.75,0.75,0.0,0.0
12.0,23.0,0.75,0.75,0.75,0.75,0.0,0.0
12.0,20.0,0.75,0.75,0.75,0.75,0.0,0.0
12.0,19.0,0.75,0.75,0.75,0.75,300.0,0.0
12.0,18.0,0.74,0.74,0.74,0.74,0.0,0.0
12.0,17.0,0.74,0.74,0.74,0.74,0.0,0.0
12.0,16.0,0.74,0.74,0.74,0.74,200.0,0.0
12.0,13.0,0.8,0.8,0.8,0.8,0.0,0.0
12.0,12.0,0.8,0.8,0.8,0.8,0.0,0.0
12.0,11.0,0.8,0.8,0.8,0.8,0.0,0.0
12.0,10.0,0.8,0.8,0.8,0.8,0.0,0.0
12.0,9.0,0.8,0.8,0.8,0.8,0.0,0.0
12.0,6.0,0.8,0.8,0.8,0.8,8300.0,0.0
12.0,5.0,0.72,0.72,0.72,0.72,0.0,0.0
12.0,4.0,0.72,0.72,0.72,0.72,100.0,0.0
12.0,3.0,0.72,0.72,0.72,0.72,500.0,0.0
12.0,2.0,0.8,0.8,0.8,0.8,0.0,0.0
11.0,29.0,0.79,0.8,0.79,0.8,5400.0,0.010000000000000009
11.0,27.0,0.71,0.71,0.71,0.71,1700.0,0.0
11.0,26.0,0.8,0.8,0.8,0.8,0.0,0.0
11.0,25.0,0.8,0.8,0.8,0.8,0.0,0.0
11.0,22.0,0.8,0.8,0.8,0.8,0.0,0.0
11.0,21.0,0.8,0.8,0.8,0.8,0.0,0.0
11.0,20.0,0.8,0.8,0.8,0.8,0.0,0.0
11.0,19.0,0.8,0.8,0.8,0.8,0.0,0.0
11.0,18.0,0.8,0.8,0.8,0.8,50000.0,0.0
11.0,15.0,0.85,0.85,0.82,0.82,25200.0,-0.030000000000000027
11.0,14.0,0.84,0.84,0.84,0.84,200.0,0.0
11.0,13.0,0.86,0.86,0.86,0.86,0.0,0.0
11.0,12.0,0.86,0.86,0.86,0.86,0.0,0.0
11.0,11.0,0.86,0.86,0.86,0.86,100.0,0.0
11.0,8.0,0.9,0.9,0.9,0.9,0.0,0.0
11.0,7.0,0.9,0.9,0.9,0.9,0.0,0.0
11.0,6.0,0.9,0.9,0.9,0.9,4000.0,0.0
11.0,5.0,0.85,0.85,0.85,0.85,2500.0,0.0
11.0,4.0,0.99,0.99,0.99,0.99,0.0,0.0
11.0,1.0,0.99,0.99,0.99,0.99,0.0,0.0
10.0,31.0,0.99,0.99,0.99,0.99,0.0,0.0
10.0,30.0,0.99,0.99,0.99,0.99,0.0,0.0
10.0,29.0,0.99,0.99,0.99,0.99,0.0,0.0
10.0,28.0,0.99,0.99,0.99,0.99,1000.0,0.0
10.0,25.0,0.75,0.75,0.75,0.75,0.0,0.0
10.0,24.0,0.75,0.75,0.75,0.75,0.0,0.0
10.0,23.0,0.75,0.75,0.75,0.75,0.0,0.0
10.0,22.0,0.75,0.75,0.75,0.75,0.0,0.0
10.0,21.0,0.75,0.75,0.75,0.75,0.0,0.0
10.0,18.0,0.75,0.75,0.75,0.75,0.0,0.0
10.0,17.0,0.75,0.75,0.75,0.75,0.0,0.0
10.0,16.0,0.75,0.75,0.75,0.75,0.0,0.0
10.0,15.0,0.75,0.75,0.75,0.75,0.0,0.0
10.0,14.0,0.75,0.75,0.75,0.75,0.0,0.0
10.0,11.0,0.75,0.75,0.75,0.75,0.0,0.0
10.0,10.0,0.75,0.75,0.75,0.75,0.0,0.0
10.0,9.0,0.75,0.75,0.75,0.75,0.0,0.0
10.0,8.0,0.75,0.75,0.75,0.75,0.0,0.0
10.0,7.0,0.75,0.75,0.75,0.75,0.0,0.0
10.0,4.0,0.75,0.75,0.75,0.75,0.0,0.0
10.0,3.0,0.75,0.75,0.75,0.75,0.0,0.0
10.0,2.0,0.75,0.75,0.75,0.75,0.0,0.0
10.0,1.0,0.75,0.75,0.75,0.75,0.0,0.0
9.0,30.0,0.75,0.75,0.75,0.75,0.0,0.0
9.0,27.0,0.75,0.75,0.75,0.75,0.0,0.0
9.0,26.0,0.75,0.75,0.75,0.75,0.0,0.0
9.0,25.0,0.75,0.75,0.75,0.75,0.0,0.0
9.0,24.0,0.75,0.75,0.75,0.75,0.0,0.0
9.0,23.0,0.75,0.75,0.75,0.75,0.0,0.0
9.0,20.0,0.75,0.75,0.75,0.75,0.0,0.0
9.0,19.0,0.75,0.75,0.75,0.75,0.0,0.0
9.0,18.0,0.75,0.75,0.75,0.75,0.0,0.0
9.0,17.0,0.75,0.75,0.75,0.75,0.0,0.0
9.0,16.0,0.75,0.75,0.75,0.75,0.0,0.0
9.0,13.0,0.75,0.75,0.75,0.75,0.0,0.0
9.0,12.0,0.75,0.75,0.75,0.75,0.0,0.0
9.0,11.0,0.75,0.75,0.75,0.75,0.0,0.0
9.0,10.0,0.75,0.75,0.75,0.75,0.0,0.0
9.0,9.0,0.75,0.75,0.75,0.75,0.0,0.0
9.0,6.0,0.75,0.75,0.75,0.75,0.0,0.0
9.0,5.0,0.75,0.75,0.75,0.75,0.0,0.0
9.0,4.0,0.75,0.75,0.75,0.75,0.0,0.0
9.0,3.0,0.75,0.75,0.75,0.75,0.0,0.0
8.0,30.0,0.75,0.75,0.75,0.75,0.0,0.0
8.0,29.0,0.75,0.75,0.75,0.75,0.0,0.0
8.0,28.0,0.75,0.75,0.75,0.75,700.0,0.0
8.0,27.0,0.85,0.85,0.85,0.85,0.0,0.0
8.0,26.0,0.85,0.85,0.85,0.85,0.0,0.0
8.0,23.0,0.85,0.85,0.85,0.85,0.0,0.0
8.0,22.0,0.85,0.85,0.85,0.85,0.0,0.0
8.0,21.0,0.85,0.85,0.85,0.85,0.0,0.0
8.0,20.0,0.85,0.85,0.85,0.85,0.0,0.0
8.0,19.0,0.85,0.85,0.85,0.85,0.0,0.0
8.0,16.0,0.85,0.85,0.85,0.85,0.0,0.0
8.0,15.0,0.85,0.85,0.85,0.85,0.0,0.0
8.0,14.0,0.85,0.85,0.85,0.85,0.0,0.0
8.0,13.0,0.85,0.85,0.85,0.85,200.0,0.0
8.0,12.0,0.86,0.86,0.86,0.86,10000.0,0.0
8.0,9.0,0.82,0.82,0.82,0.82,0.0,0.0
8.0,8.0,0.82,0.82,0.82,0.82,0.0,0.0
8.0,7.0,0.82,0.82,0.82,0.82,0.0,0.0
8.0,6.0,0.82,0.82,0.82,0.82,0.0,0.0
8.0,5.0,0.82,0.82,0.82,0.82,0.0,0.0
8.0,2.0,0.82,0.82,0.82,0.82,0.0,0.0
8.0,1.0,0.82,0.82,0.82,0.82,0.0,0.0
7.0,31.0,0.82,0.82,0.82,0.82,0.0,0.0
7.0,30.0,0.82,0.82,0.82,0.82,0.0,0.0
7.0,29.0,0.82,0.82,0.82,0.82,90000.0,0.0
7.0,26.0,0.8,0.8,0.8,0.8,0.0,0.0
7.0,25.0,0.8,0.8,0.8,0.8,0.0,0.0
7.0,24.0,0.8,0.8,0.8,0.8,0.0,0.0
7.0,23.0,0.8,0.8,0.8,0.8,0.0,0.0
7.0,22.0,0.8,0.8,0.8,0.8,0.0,0.0
7.0,19.0,0.8,0.8,0.8,0.8,0.0,0.0
7.0,18.0,0.8,0.8,0.8,0.8,0.0,0.0
7.0,17.0,0.8,0.8,0.8,0.8,5000.0,0.0
7.0,16.0,0.88,0.88,0.88,0.88,0.0,0.0
7.0,15.0,0.88,0.88,0.88,0.88,0.0,0.0
7.0,12.0,0.88,0.88,0.88,0.88,500.0,0.0
7.0,11.0,0.85,0.85,0.85,0.85,0.0,0.0
7.0,10.0,0.85,0.85,0.85,0.85,0.0,0.0
7.0,9.0,0.85,0.85,0.85,0.85,0.0,0.0
7.0,8.0,0.85,0.85,0.85,0.85,400.0,0.0
7.0,5.0,0.9,0.9,0.9,0.9,1100.0,0.0
7.0,3.0,0.92,0.92,0.92,0.92,0.0,0.0
7.0,2.0,0.92,0.92,0.92,0.92,0.0,0.0
7.0,1.0,0.92,0.92,0.92,0.92,0.0,0.0
6.0,28.0,0.92,0.92,0.92,0.92,0.0,0.0
6.0,27.0,0.92,0.92,0.92,0.92,0.0,0.0
6.0,26.0,0.92,0.92,0.92,0.92,0.0,0.0
6.0,25.0,0.92,0.92,0.92,0.92,0.0,0.0
6.0,24.0,0.92,0.92,0.92,0.92,0.0,0.0
6.0,21.0,0.92,0.92,0.92,0.92,0.0,0.0
6.0,20.0,0.92,0.92,0.92,0.92,0.0,0.0
6.0,19.0,0.92,0.92,0.92,0.92,0.0,0.0
6.0,18.0,0.92,0.92,0.92,0.92,0.0,0.0
6.0,17.0,0.92,0.92,0.92,0.92,0.0,0.0
6.0,14.0,0.92,0.92,0.92,0.92,0.0,0.0
6.0,13.0,0.92,0.92,0.92,0.92,0.0,0.0
6.0,12.0,0.92,0.92,0.92,0.92,0.0,0.0
6.0,11.0,0.92,0.92,0.92,0.92,400.0,0.0
6.0,10.0,0.97,0.97,0.97,0.97,0.0,0.0
6.0,7.0,0.97,0.97,0.97,0.97,0.0,0.0
6.0,6.0,0.97,0.97,0.97,0.97,3900.0,0.0
6.0,5.0,1.04,1.04,1.04,1.04,0.0,0.0
6.0,4.0,1.04,1.04,1.04,1.04,10000.0,0.0
6.0,3.0,0.9,0.9,0.9,0.9,0.0,0.0
5.0,31.0,0.9,0.9,0.9,0.9,0.0,0.0
5.0,30.0,0.9,0.9,0.9,0.9,0.0,0.0
5.0,29.0,0.9,0.92,0.9,0.9,23300.0,0.0
5.0,28.0,0.83,0.83,0.83,0.83,700.0,0.0
5.0,24.0,0.68,0.68,0.68,0.68,5000.0,0.0
5.0,23.0,0.83,0.83,0.83,0.83,0.0,0.0
5.0,22.0,0.83,0.83,0.83,0.83,0.0,0.0
5.0,21.0,0.83,0.83,0.83,0.83,0.0,0.0
5.0,20.0,0.83,0.83,0.83,0.83,0.0,0.0
5.0,17.0,0.83,0.83,0.83,0.83,0.0,0.0
5.0,16.0,0.83,0.83,0.83,0.83,700.0,0.0
5.0,15.0,0.86,0.86,0.86,0.86,0.0,0.0
5.0,14.0,0.86,0.86,0.86,0.86,500.0,0.0
5.0,13.0,0.9,0.9,0.9,0.9,0.0,0.0
5.0,10.0,0.9,0.9,0.9,0.9,0.0,0.0
5.0,9.0,0.9,0.9,0.9,0.9,0.0,0.0
5.0,8.0,0.9,0.9,0.9,0.9,100.0,0.0
5.0,7.0,1.06,1.06,0.97,1.0,10900.0,-0.06000000000000005
5.0,6.0,0.88,0.88,0.88,0.88,0.0,0.0
5.0,3.0,0.88,0.88,0.88,0.88,0.0,0.0
5.0,2.0,0.88,0.88,0.88,0.88,700.0,0.0
5.0,1.0,0.81,0.81,0.81,0.81,0.0,0.0
4.0,30.0,0.81,0.81,0.81,0.81,100.0,0.0
4.0,29.0,0.81,0.81,0.81,0.81,0.0,0.0
4.0,26.0,0.81,0.81,0.81,0.81,0.0,0.0
4.0,25.0,0.81,0.81,0.81,0.81,700.0,0.0
4.0,24.0,0.87,0.87,0.87,0.87,0.0,0.0
4.0,23.0,0.87,0.87,0.87,0.87,0.0,0.0
4.0,22.0,0.87,0.87,0.87,0.87,0.0,0.0
4.0,19.0,0.87,0.87,0.87,0.87,0.0,0.0
4.0,18.0,0.87,0.87,0.87,0.87,0.0,0.0
4.0,17.0,0.87,0.87,0.87,0.87,200.0,0.0
4.0,16.0,0.88,0.88,0.88,0.88,0.0,0.0
4.0,15.0,0.88,0.88,0.88,0.88,0.0,0.0
4.0,12.0,0.88,0.88,0.88,0.88,0.0,0.0
4.0,11.0,0.88,0.88,0.88,0.88,400.0,0.0
4.0,10.0,0.97,0.97,0.97,0.97,0.0,0.0
4.0,9.0,0.97,0.97,0.97,0.97,0.0,0.0
4.0,8.0,0.97,0.97,0.97,0.97,0.0,0.0
4.0,5.0,0.97,0.97,0.97,0.97,0.0,0.0
4.0,4.0,0.97,0.97,0.97,0.97,0.0,0.0
4.0,3.0,0.97,0.97,0.97,0.97,0.0,0.0
4.0,2.0,0.97,0.97,0.97,0.97,12400.0,0.0
4.0,1.0,0.95,0.95,0.95,0.95,400.0,0.0
3.0,28.0,0.92,0.92,0.92,0.92,500.0,0.0
3.0,27.0,0.99,0.99,0.99,0.99,0.0,0.0
3.0,26.0,0.99,0.99,0.99,0.99,0.0,0.0
3.0,25.0,0.99,0.99,0.99,0.99,0.0,0.0
3.0,22.0,0.99,0.99,0.99,0.99,0.0,0.0
3.0,21.0,0.99,0.99,0.99,0.99,0.0,0.0
3.0,20.0,1.0,1.0,0.99,0.99,23400.0,-0.010000000000000009
3.0,19.0,0.87,0.87,0.87,0.87,400.0,0.0
3.0,18.0,0.83,0.83,0.83,0.83,400.0,0.0
3.0,15.0,0.96,0.96,0.96,0.96,0.0,0.0
3.0,14.0,0.96,0.96,0.96,0.96,700.0,0.0
3.0,13.0,0.8,0.8,0.8,0.8,0.0,0.0
3.0,12.0,0.8,0.8,0.8,0.8,200.0,0.0
3.0,11.0,0.88,0.88,0.88,0.88,400.0,0.0
3.0,8.0,0.85,0.85,0.85,0.85,0.0,0.0
3.0,7.0,0.85,0.85,0.85,0.85,400.0,0.0
3.0,6.0,0.93,0.93,0.93,0.93,0.0,0.0
3.0,5.0,0.93,0.93,0.93,0.93,0.0,0.0
3.0,4.0,0.93,0.93,0.93,0.93,0.0,0.0
3.0,1.0,0.93,0.93,0.93,0.93,0.0,0.0
2.0,28.0,0.93,0.93,0.93,0.93,0.0,0.0
2.0,27.0,0.93,0.93,0.93,0.93,300.0,0.0
2.0,26.0,0.96,0.96,0.96,0.96,0.0,0.0
2.0,25.0,0.97,0.97,0.96,0.96,18000.0,-0.010000000000000009
2.0,22.0,1.01,1.01,1.01,1.01,0.0,0.0
2.0,21.0,1.01,1.01,1.01,1.01,0.0,0.0
2.0,20.0,1.01,1.01,1.01,1.01,0.0,0.0
2.0,19.0,1.01,1.01,1.01,1.01,1000.0,0.0
2.0,15.0,1.0,1.0,1.0,1.0,10000.0,0.0
2.0,14.0,0.92,0.92,0.92,0.92,0.0,0.0
2.0,13.0,0.92,0.92,0.92,0.92,0.0,0.0
2.0,12.0,0.92,0.92,0.92,0.92,0.0,0.0
2.0,11.0,0.92,0.92,0.92,0.92,200.0,0.0
2.0,8.0,0.95,0.95,0.95,0.95,0.0,0.0
2.0,7.0,0.95,0.95,0.95,0.95,0.0,0.0
2.0,6.0,0.95,0.95,0.95,0.95,900.0,0.0
2.0,5.0,1.0,1.0,1.0,1.0,0.0,0.0
2.0,4.0,1.0,1.0,1.0,1.0,0.0,0.0
2.0,1.0,1.0,1.0,1.0,1.0,16000.0,0.0
1.0,31.0,1.02,1.02,1.0,1.02,19000.0,0.0
1.0,30.0,1.08,1.08,1.08,1.08,0.0,0.0
1.0,29.0,1.08,1.08,1.08,1.08,0.0,0.0
1.0,28.0,1.08,1.08,1.08,1.08,0.0,0.0
1.0,25.0,1.08,1.08,1.08,1.08,0.0,0.0
1.0,24.0,1.08,1.08,1.08,1.08,0.0,0.0
1.0,23.0,1.08,1.08,1.08,1.08,34000.0,0.0
1.0,22.0,0.87,0.87,0.87,0.87,500.0,0.0
1.0,18.0,1.0,1.0,1.0,1.0,0.0,0.0
1.0,17.0,1.0,1.0,1.0,1.0,0.0,0.0
1.0,16.0,1.0,1.0,1.0,1.0,0.0,0.0
1.0,15.0,1.0,1.0,1.0,1.0,500.0,0.0
1.0,14.0,1.05,1.05,1.05,1.05,0.0,0.0
1.0,11.0,1.05,1.05,1.05,1.05,0.0,0.0
1.0,10.0,1.05,1.05,1.05,1.05,0.0,0.0
1.0,9.0,1.05,1.05,1.05,1.05,0.0,0.0
1.0,8.0,1.05,1.05,1.05,1.05,300.0,0.0
1.0,7.0,1.0,1.0,1.0,1.0,200.0,0.0
1.0,4.0,1.0,1.0,1.0,1.0,0.0,0.0
1.0,3.0,1.0,1.0,1.0,1.0,4400.0,0.0
1.0,2.0,0.9,0.9,0.9,0.9,0.0,0.0
12.0,31.0,0.9,0.9,0.9,0.9,200.0,0.0
12.0,28.0,1.05,1.05,1.05,1.05,0.0,0.0
12.0,27.0,1.05,1.05,1.05,1.05,0.0,0.0
12.0,26.0,1.05,1.05,1.05,1.05,0.0,0.0
12.0,24.0,1.05,1.05,1.05,1.05,0.0,0.0
12.0,21.0,0.95,1.05,0.95,1.05,900.0,0.10000000000000009
12.0,20.0,1.02,1.02,1.02,1.02,0.0,0.0
12.0,19.0,1.02,1.02,1.02,1.02,0.0,0.0
12.0,18.0,1.02,1.02,1.02,1.02,300.0,0.0
12.0,17.0,1.18,1.18,1.18,1.18,0.0,0.0
12.0,14.0,1.18,1.18,1.18,1.18,49100.0,0.0
12.0,13.0,1.17,1.17,1.17,1.17,0.0,0.0
12.0,12.0,1.17,1.17,1.17,1.17,0.0,0.0
12.0,11.0,1.18,1.18,1.17,1.17,20000.0,-0.010000000000000009
12.0,10.0,1.23,1.23,1.23,1.23,0.0,0.0
12.0,7.0,1.23,1.23,1.23,1.23,0.0,0.0
12.0,6.0,1.23,1.23,1.23,1.23,700.0,0.0
12.0,5.0,1.19,1.19,1.12,1.12,20400.0,-0.06999999999999984
12.0,4.0,1.2,1.2,1.2,1.2,200.0,0.0
12.0,3.0,1.12,1.12,1.12,1.12,400.0,0.0
11.0,30.0,1.12,1.12,1.12,1.12,0.0,0.0
11.0,29.0,1.12,1.12,1.12,1.12,200.0,0.0
11.0,28.0,1.2,1.2,1.2,1.2,600.0,0.0
11.0,27.0,1.23,1.23,1.23,1.23,0.0,0.0
11.0,26.0,1.23,1.23,1.23,1.23,0.0,0.0
11.0,23.0,1.23,1.23,1.23,1.23,0.0,0.0
11.0,21.0,1.23,1.23,1.23,1.23,0.0,0.0
11.0,20.0,1.23,1.23,1.23,1.23,0.0,0.0
11.0,19.0,1.23,1.23,1.23,1.23,0.0,0.0
11.0,16.0,1.23,1.23,1.23,1.23,0.0,0.0
11.0,15.0,1.23,1.23,1.23,1.23,0.0,0.0
11.0,14.0,1.23,1.23,1.23,1.23,0.0,0.0
11.0,13.0,1.23,1.23,1.23,1.23,25500.0,0.0
11.0,12.0,1.29,1.29,1.29,1.29,0.0,0.0
11.0,9.0,1.29,1.29,1.29,1.29,0.0,0.0
11.0,8.0,1.29,1.29,1.29,1.29,0.0,0.0
11.0,7.0,1.42,1.42,1.29,1.29,10400.0,-0.1299999999999999
11.0,6.0,1.27,1.44,1.27,1.44,1400.0,0.16999999999999993
11.0,5.0,1.27,1.27,1.27,1.27,0.0,0.0
11.0,2.0,1.27,1.27,1.27,1.27,0.0,0.0
11.0,1.0,1.27,1.27,1.27,1.27,0.0,0.0
10.0,31.0,1.39,1.39,1.27,1.27,1500.0,-0.11999999999999988
10.0,26.0,1.25,1.25,1.25,1.25,0.0,0.0
10.0,25.0,1.25,1.25,1.25,1.25,0.0,0.0
10.0,24.0,1.25,1.25,1.25,1.25,0.0,0.0
10.0,23.0,1.25,1.25,1.25,1.25,0.0,0.0
10.0,22.0,1.25,1.25,1.25,1.25,0.0,0.0
10.0,19.0,1.25,1.25,1.25,1.25,0.0,0.0
10.0,18.0,1.25,1.25,1.25,1.25,0.0,0.0
10.0,17.0,1.25,1.25,1.25,1.25,0.0,0.0
10.0,16.0,1.25,1.25,1.25,1.25,400.0,0.0
10.0,15.0,1.2,1.2,1.2,1.2,0.0,0.0
10.0,12.0,1.2,1.2,1.2,1.2,0.0,0.0
10.0,11.0,1.2,1.2,1.2,1.2,0.0,0.0
10.0,10.0,1.2,1.2,1.2,1.2,3400.0,0.0
10.0,9.0,1.25,1.25,1.25,1.25,8200.0,0.0
10.0,8.0,1.35,1.35,1.35,1.35,0.0,0.0
10.0,5.0,1.35,1.35,1.35,1.35,0.0,0.0
10.0,4.0,1.35,1.35,1.35,1.35,0.0,0.0
10.0,3.0,1.35,1.35,1.35,1.35,200.0,0.0
10.0,2.0,1.35,1.35,1.35,1.35,5900.0,0.0
10.0,1.0,1.26,1.26,1.26,1.26,0.0,0.0
9.0,28.0,1.26,1.26,1.26,1.26,0.0,0.0
9.0,27.0,1.26,1.26,1.26,1.26,12400.0,0.0
9.0,26.0,1.35,1.35,1.35,1.35,0.0,0.0
9.0,25.0,1.35,1.35,1.35,1.35,0.0,0.0
9.0,24.0,1.35,1.35,1.35,1.35,11900.0,0.0
9.0,21.0,1.35,1.35,1.35,1.35,0.0,0.0
9.0,20.0,1.35,1.35,1.35,1.35,2400.0,0.0
9.0,19.0,1.47,1.47,1.47,1.47,0.0,0.0
9.0,18.0,1.47,1.47,1.47,1.47,0.0,0.0
9.0,17.0,1.47,1.47,1.47,1.47,0.0,0.0
9.0,14.0,1.47,1.47,1.47,1.47,5000.0,0.0
9.0,13.0,1.46,1.46,1.46,1.46,5000.0,0.0
9.0,12.0,1.4,1.4,1.4,1.4,0.0,0.0
9.0,11.0,1.4,1.4,1.4,1.4,0.0,0.0
9.0,10.0,1.4,1.4,1.4,1.4,0.0,0.0
9.0,7.0,1.4,1.4,1.4,1.4,5000.0,0.0
9.0,6.0,1.3,1.3,1.3,1.3,0.0,0.0
9.0,5.0,1.3,1.3,1.3,1.3,0.0,0.0
9.0,4.0,1.3,1.3,1.3,1.3,0.0,0.0
8.0,31.0,1.3,1.3,1.3,1.3,0.0,0.0
8.0,30.0,1.3,1.3,1.3,1.3,0.0,0.0
8.0,29.0,1.3,1.3,1.3,1.3,100.0,0.0
8.0,28.0,1.6,1.6,1.6,1.6,0.0,0.0
8.0,27.0,1.6,1.6,1.6,1.6,0.0,0.0
8.0,24.0,1.6,1.6,1.6,1.6,0.0,0.0
8.0,23.0,1.6,1.6,1.6,1.6,0.0,0.0
8.0,22.0,1.6,1.6,1.6,1.6,3000.0,0.0
8.0,21.0,1.51,1.51,1.51,1.51,0.0,0.0
8.0,20.0,1.51,1.51,1.51,1.51,0.0,0.0
8.0,17.0,1.51,1.51,1.51,1.51,0.0,0.0
8.0,16.0,1.51,1.51,1.51,1.51,0.0,0.0
8.0,15.0,1.51,1.51,1.51,1.51,200.0,0.0
8.0,14.0,1.51,1.51,1.51,1.51,200.0,0.0
8.0,13.0,1.6,1.6,1.6,1.6,0.0,0.0
8.0,10.0,1.6,1.6,1.6,1.6,0.0,0.0
8.0,9.0,1.6,1.6,1.6,1.6,0.0,0.0
8.0,8.0,1.6,1.6,1.6,1.6,0.0,0.0
8.0,7.0,1.6,1.6,1.6,1.6,0.0,0.0
8.0,6.0,1.6,1.6,1.6,1.6,0.0,0.0
8.0,3.0,1.6,1.6,1.6,1.6,0.0,0.0
8.0,2.0,1.6,1.6,1.6,1.6,0.0,0.0
8.0,1.0,1.6,1.6,1.6,1.6,0.0,0.0
7.0,31.0,1.6,1.6,1.6,1.6,10000.0,0.0
7.0,30.0,1.45,1.45,1.45,1.45,11200.0,0.0
7.0,27.0,1.55,1.55,1.55,1.55,1500.0,0.0
7.0,26.0,1.6,1.6,1.6,1.6,0.0,0.0
7.0,25.0,1.6,1.6,1.6,1.6,0.0,0.0
7.0,24.0,1.6,1.6,1.6,1.6,0.0,0.0
7.0,23.0,1.6,1.6,1.6,1.6,0.0,0.0
7.0,20.0,1.6,1.6,1.6,1.6,0.0,0.0
7.0,19.0,1.6,1.6,1.6,1.6,0.0,0.0
7.0,18.0,1.6,1.6,1.6,1.6,0.0,0.0
7.0,17.0,1.6,1.6,1.6,1.6,0.0,0.0
7.0,16.0,1.6,1.6,1.6,1.6,0.0,0.0
7.0,13.0,1.6,1.6,1.6,1.6,0.0,0.0
7.0,12.0,1.6,1.6,1.6,1.6,0.0,0.0
7.0,11.0,1.6,1.6,1.6,1.6,10000.0,0.0
7.0,10.0,1.45,1.45,1.45,1.45,0.0,0.0
7.0,9.0,1.45,1.45,1.45,1.45,0.0,0.0
7.0,6.0,1.45,1.45,1.45,1.45,10000.0,0.0
7.0,5.0,1.28,1.28,1.28,1.28,364300.0,0.0
7.0,3.0,1.32,1.32,1.32,1.32,324200.0,0.0
7.0,2.0,1.41,1.41,1.41,1.41,22600.0,0.0
6.0,29.0,1.5,1.58,1.4,1.58,150200.0,0.08000000000000007
6.0,28.0,1.66,1.66,1.66,1.66,200.0,0.0
6.0,27.0,1.7,1.7,1.7,1.7,2800.0,0.0
6.0,26.0,1.71,1.71,1.71,1.71,0.0,0.0
6.0,25.0,1.71,1.71,1.71,1.71,0.0,0.0
6.0,22.0,1.71,1.71,1.71,1.71,0.0,0.0
6.0,21.0,1.71,1.71,1.71,1.71,0.0,0.0
6.0,20.0,1.7,1.71,1.7,1.71,800.0,0.010000000000000009
6.0,19.0,1.78,1.78,1.78,1.78,0.0,0.0
6.0,18.0,1.78,1.78,1.78,1.78,0.0,0.0
6.0,15.0,1.78,1.78,1.78,1.78,0.0,0.0
6.0,14.0,1.78,1.78,1.78,1.78,0.0,0.0
6.0,13.0,1.78,1.78,1.78,1.78,0.0,0.0
6.0,12.0,1.78,1.78,1.78,1.78,0.0,0.0
6.0,11.0,1.78,1.78,1.78,1.78,0.0,0.0
6.0,8.0,1.78,1.78,1.78,1.78,0.0,0.0
6.0,7.0,1.78,1.78,1.78,1.78,0.0,0.0
6.0,6.0,1.78,1.78,1.78,1.78,0.0,0.0
6.0,5.0,1.78,1.78,1.78,1.78,0.0,0.0
6.0,4.0,1.78,1.78,1.78,1.78,0.0,0.0
6.0,1.0,1.78,1.78,1.78,1.78,0.0,0.0
5.0,31.0,1.78,1.78,1.78,1.78,0.0,0.0
5.0,30.0,1.78,1.78,1.78,1.78,10000.0,0.0
5.0,29.0,1.75,1.75,1.75,1.75,1000.0,0.0
5.0,25.0,1.67,1.67,1.67,1.67,0.0,0.0
5.0,24.0,1.67,1.67,1.67,1.67,0.0,0.0
5.0,23.0,1.67,1.67,1.67,1.67,1200.0,0.0
5.0,22.0,1.7,1.7,1.7,1.7,0.0,0.0
5.0,21.0,1.7,1.7,1.7,1.7,0.0,0.0
5.0,18.0,1.7,1.7,1.7,1.7,0.0,0.0
5.0,17.0,1.7,1.7,1.7,1.7,0.0,0.0
5.0,16.0,1.7,1.7,1.7,1.7,0.0,0.0
5.0,15.0,1.7,1.7,1.7,1.7,0.0,0.0
5.0,14.0,1.7,1.7,1.7,1.7,0.0,0.0
5.0,11.0,1.7,1.7,1.7,1.7,0.0,0.0
5.0,10.0,1.7,1.7,1.7,1.7,0.0,0.0
5.0,9.0,1.7,1.7,1.7,1.7,0.0,0.0
5.0,8.0,1.7,1.7,1.7,1.7,0.0,0.0
5.0,7.0,1.7,1.7,1.7,1.7,200.0,0.0
5.0,4.0,1.5,1.5,1.5,1.5,0.0,0.0
5.0,3.0,1.5,1.5,1.5,1.5,0.0,0.0
5.0,2.0,1.5,1.5,1.5,1.5,0.0,0.0
5.0,1.0,1.5,1.5,1.5,1.5,0.0,0.0
4.0,30.0,1.5,1.5,1.5,1.5,0.0,0.0
4.0,27.0,1.5,1.5,1.5,1.5,0.0,0.0
4.0,26.0,1.5,1.5,1.5,1.5,600.0,0.0
4.0,25.0,1.6,1.6,1.6,1.6,200.0,0.0
4.0,24.0,1.6,1.6,1.6,1.6,0.0,0.0
4.0,23.0,1.6,1.6,1.6,1.6,0.0,0.0
4.0,20.0,1.6,1.6,1.6,1.6,0.0,0.0
4.0,19.0,1.55,1.6,1.55,1.6,100000.0,0.050000000000000044
4.0,18.0,1.8,1.8,1.8,1.8,0.0,0.0
4.0,17.0,1.8,1.8,1.8,1.8,0.0,0.0
4.0,16.0,1.8,1.8,1.8,1.8,200.0,0.0
4.0,13.0,1.85,1.85,1.85,1.85,0.0,0.0
4.0,12.0,1.85,1.85,1.85,1.85,0.0,0.0
4.0,11.0,1.88,1.88,1.85,1.85,200.0,-0.029999999999999805
4.0,10.0,1.85,1.85,1.85,1.85,10000.0,0.0
4.0,9.0,2.11,2.11,2.11,2.11,0.0,0.0
4.0,5.0,2.11,2.11,2.11,2.11,0.0,0.0
4.0,4.0,2.11,2.11,2.11,2.11,0.0,0.0
4.0,3.0,1.9,2.11,1.9,2.11,500.0,0.20999999999999996
4.0,2.0,1.79,1.79,1.79,1.79,0.0,0.0
3.0,30.0,1.79,1.79,1.79,1.79,0.0,0.0
3.0,29.0,1.79,1.79,1.79,1.79,0.0,0.0
3.0,28.0,1.79,1.79,1.79,1.79,0.0,0.0
3.0,27.0,1.79,1.79,1.79,1.79,0.0,0.0
3.0,26.0,1.79,1.79,1.79,1.79,500.0,0.0
3.0,23.0,1.85,1.85,1.85,1.85,2000.0,0.0
3.0,22.0,1.64,1.64,1.64,1.64,0.0,0.0
3.0,21.0,1.64,1.64,1.64,1.64,0.0,0.0
3.0,20.0,1.96,1.96,1.64,1.64,14700.0,-0.32000000000000006
3.0,19.0,1.85,1.85,1.85,1.85,0.0,0.0
3.0,16.0,1.85,1.85,1.85,1.85,3700.0,0.0
3.0,15.0,1.85,1.85,1.85,1.85,0.0,0.0
3.0,14.0,1.85,1.85,1.85,1.85,0.0,0.0
3.0,13.0,1.85,1.85,1.85,1.85,0.0,0.0
3.0,12.0,1.85,1.85,1.85,1.85,0.0,0.0
3.0,9.0,1.85,1.85,1.85,1.85,0.0,0.0
3.0,8.0,1.85,1.85,1.85,1.85,0.0,0.0
3.0,7.0,1.85,1.85,1.85,1.85,0.0,0.0
3.0,6.0,1.85,1.85,1.85,1.85,0.0,0.0
3.0,5.0,1.85,1.85,1.85,1.85,0.0,0.0
3.0,2.0,1.85,1.85,1.85,1.85,0.0,0.0
3.0,1.0,1.85,1.85,1.85,1.85,0.0,0.0
2.0,29.0,1.85,1.85,1.85,1.85,0.0,0.0
2.0,28.0,1.85,1.85,1.85,1.85,400.0,0.0
2.0,27.0,1.84,1.84,1.84,1.84,400.0,0.0
2.0,24.0,1.84,1.84,1.84,1.84,2000.0,0.0
2.0,23.0,1.93,1.93,1.93,1.93,1000.0,0.0
2.0,22.0,1.9,1.9,1.8,1.8,10000.0,-0.09999999999999987
2.0,21.0,2.0,2.0,2.0,2.0,0.0,0.0
2.0,17.0,2.0,2.0,2.0,2.0,0.0,0.0
2.0,16.0,2.0,2.0,2.0,2.0,0.0,0.0
2.0,15.0,2.0,2.0,2.0,2.0,1600.0,0.0
2.0,14.0,1.9,1.9,1.9,1.9,0.0,0.0
2.0,13.0,1.9,1.9,1.9,1.9,0.0,0.0
2.0,10.0,1.9,1.9,1.9,1.9,700.0,0.0
2.0,9.0,1.9,1.9,1.9,1.9,0.0,0.0
2.0,8.0,1.9,1.9,1.9,1.9,0.0,0.0
2.0,7.0,1.9,1.9,1.9,1.9,0.0,0.0
2.0,6.0,1.9,1.9,1.9,1.9,0.0,0.0
2.0,3.0,1.9,1.9,1.9,1.9,0.0,0.0
2.0,2.0,1.9,1.9,1.9,1.9,0.0,0.0
2.0,1.0,1.9,1.9,1.9,1.9,0.0,0.0
1.0,31.0,1.9,1.9,1.9,1.9,0.0,0.0
1.0,30.0,1.9,1.9,1.9,1.9,300.0,0.0
1.0,27.0,1.82,1.82,1.82,1.82,0.0,0.0
1.0,26.0,1.82,1.82,1.82,1.82,1900.0,0.0
1.0,25.0,1.85,1.85,1.85,1.85,0.0,0.0
1.0,24.0,1.85,1.85,1.85,1.85,0.0,0.0
1.0,23.0,1.85,1.85,1.85,1.85,1300.0,0.0
1.0,20.0,1.85,1.85,1.85,1.85,0.0,0.0
1.0,19.0,1.85,1.85,1.85,1.85,0.0,0.0
1.0,18.0,1.85,2.05,1.85,1.85,10500.0,0.0
1.0,17.0,1.85,1.85,1.85,1.85,0.0,0.0
1.0,13.0,1.85,1.85,1.85,1.85,0.0,0.0
1.0,12.0,1.85,1.85,1.85,1.85,0.0,0.0
1.0,11.0,1.85,1.85,1.85,1.85,400.0,0.0
1.0,10.0,2.1,2.1,2.1,2.1,5000.0,0.0
1.0,9.0,1.95,1.95,1.95,1.95,300.0,0.0
1.0,6.0,2.4,2.4,2.4,2.4,0.0,0.0
1.0,5.0,2.4,2.4,2.4,2.4,0.0,0.0
1.0,4.0,2.4,2.4,2.4,2.4,35000.0,0.0
1.0,3.0,2.25,2.25,2.25,2.25,0.0,0.0
12.0,30.0,2.25,2.25,2.25,2.25,0.0,0.0
12.0,29.0,2.25,2.25,2.25,2.25,35200.0,0.0
12.0,28.0,2.0,2.0,2.0,2.0,0.0,0.0
12.0,27.0,2.0,2.0,2.0,2.0,500.0,0.0
12.0,23.0,1.9,1.9,1.9,1.9,0.0,0.0
12.0,22.0,1.9,1.9,1.9,1.9,200.0,0.0
12.0,21.0,1.9,1.9,1.9,1.9,700.0,0.0
12.0,20.0,1.8,1.8,1.8,1.8,0.0,0.0
12.0,19.0,1.8,1.8,1.8,1.8,0.0,0.0
12.0,16.0,1.8,1.8,1.8,1.8,200.0,0.0
12.0,15.0,2.1,2.1,2.1,2.1,4000.0,0.0
12.0,14.0,2.18,2.18,2.18,2.18,300.0,0.0
12.0,13.0,2.1,2.1,2.1,2.1,0.0,0.0
12.0,12.0,2.1,2.1,2.1,2.1,0.0,0.0
12.0,9.0,2.1,2.1,2.1,2.1,0.0,0.0
12.0,8.0,2.1,2.1,2.1,2.1,0.0,0.0
12.0,7.0,2.1,2.1,2.1,2.1,0.0,0.0
12.0,6.0,2.1,2.1,2.1,2.1,0.0,0.0
12.0,5.0,2.1,2.1,2.1,2.1,0.0,0.0
12.0,2.0,2.1,2.1,2.1,2.1,0.0,0.0
12.0,1.0,2.1,2.1,2.1,2.1,0.0,0.0
11.0,30.0,2.15,2.15,2.1,2.1,2400.0,-0.04999999999999982
11.0,29.0,2.3,2.3,2.3,2.3,2500.0,0.0
11.0,28.0,2.3,2.3,2.3,2.3,0.0,0.0
11.0,25.0,2.3,2.3,2.3,2.3,0.0,0.0
11.0,23.0,2.3,2.3,2.3,2.3,0.0,0.0
11.0,22.0,2.3,2.3,2.3,2.3,0.0,0.0
11.0,21.0,2.3,2.3,2.3,2.3,0.0,0.0
11.0,18.0,2.3,2.3,2.3,2.3,0.0,0.0
11.0,17.0,2.25,2.3,2.25,2.3,14000.0,0.04999999999999982
11.0,16.0,2.3,2.3,2.3,2.3,200.0,0.0
11.0,15.0,2.15,2.15,2.15,2.15,0.0,0.0
11.0,14.0,2.15,2.15,2.15,2.15,0.0,0.0
11.0,11.0,2.15,2.15,2.15,2.15,0.0,0.0
11.0,10.0,2.1,2.15,2.1,2.15,900.0,0.04999999999999982
11.0,9.0,2.33,2.33,2.33,2.33,0.0,0.0
11.0,8.0,2.33,2.33,2.33,2.33,56700.0,0.0
11.0,7.0,2.2,2.2,2.2,2.2,0.0,0.0
11.0,4.0,2.2,2.2,2.2,2.2,0.0,0.0
11.0,3.0,2.2,2.2,2.2,2.2,700.0,0.0
11.0,2.0,2.25,2.25,2.25,2.25,0.0,0.0
11.0,1.0,2.25,2.25,2.25,2.25,0.0,0.0
10.0,31.0,2.25,2.25,2.25,2.25,0.0,0.0
10.0,28.0,2.25,2.25,2.25,2.25,0.0,0.0
10.0,27.0,2.25,2.25,2.25,2.25,0.0,0.0
10.0,26.0,2.25,2.25,2.25,2.25,0.0,0.0
10.0,25.0,2.25,2.25,2.25,2.25,5000.0,0.0
10.0,24.0,2.2,2.2,2.2,2.2,1000.0,0.0
10.0,21.0,2.1,2.1,2.1,2.1,2000.0,0.0
10.0,20.0,2.32,2.32,2.32,2.32,84700.0,0.0
10.0,19.0,2.21,2.21,2.21,2.21,0.0,0.0
10.0,18.0,2.21,2.21,2.21,2.21,0.0,0.0
10.0,17.0,2.21,2.21,2.21,2.21,0.0,0.0
10.0,14.0,2.21,2.21,2.21,2.21,0.0,0.0
10.0,13.0,2.21,2.21,2.21,2.21,0.0,0.0
10.0,12.0,2.21,2.21,2.21,2.21,0.0,0.0
10.0,11.0,2.21,2.21,2.21,2.21,16200.0,0.0
10.0,10.0,2.5,2.5,2.5,2.5,0.0,0.0
10.0,7.0,2.46,2.5,2.46,2.5,13700.0,0.040000000000000036
10.0,6.0,2.5,2.5,2.5,2.5,0.0,0.0
10.0,5.0,2.5,2.5,2.5,2.5,0.0,0.0
10.0,4.0,2.5,2.5,2.5,2.5,0.0,0.0
10.0,3.0,2.5,2.5,2.5,2.5,0.0,0.0
9.0,30.0,2.5,2.5,2.5,2.5,0.0,0.0
9.0,29.0,2.5,2.5,2.5,2.5,0.0,0.0
9.0,28.0,2.5,2.5,2.5,2.5,200.0,0.0
9.0,27.0,2.65,2.65,2.65,2.65,0.0,0.0
9.0,26.0,2.65,2.65,2.65,2.65,0.0,0.0
9.0,23.0,2.65,2.65,2.65,2.65,0.0,0.0
9.0,22.0,2.65,2.65,2.65,2.65,0.0,0.0
9.0,21.0,2.65,2.65,2.65,2.65,0.0,0.0
9.0,20.0,2.65,2.65,2.65,2.65,0.0,0.0
9.0,19.0,2.65,2.65,2.65,2.65,0.0,0.0
9.0,16.0,2.65,2.65,2.65,2.65,0.0,0.0
9.0,15.0,2.65,2.65,2.65,2.65,0.0,0.0
9.0,14.0,2.54,2.65,2.54,2.65,1900.0,0.10999999999999988
9.0,13.0,2.5,2.5,2.5,2.5,0.0,0.0
9.0,12.0,2.45,2.61,2.45,2.5,5700.0,0.04999999999999982
9.0,9.0,2.5,2.5,2.5,2.5,700.0,0.0
9.0,8.0,2.5,2.5,2.5,2.5,0.0,0.0
9.0,7.0,2.5,2.5,2.5,2.5,0.0,0.0
9.0,6.0,2.5,2.5,2.5,2.5,0.0,0.0
9.0,2.0,2.5,2.5,2.5,2.5,5900.0,0.0
9.0,1.0,2.6,2.6,2.6,2.6,0.0,0.0
8.0,31.0,2.75,2.75,2.6,2.6,900.0,-0.1499999999999999
8.0,30.0,2.67,2.67,2.67,2.67,0.0,0.0
8.0,29.0,2.67,2.67,2.67,2.67,0.0,0.0
8.0,26.0,2.67,2.67,2.67,2.67,0.0,0.0
8.0,25.0,2.67,2.67,2.67,2.67,0.0,0.0
8.0,24.0,2.67,2.67,2.67,2.67,0.0,0.0
8.0,23.0,2.67,2.67,2.67,2.67,0.0,0.0
8.0,22.0,2.67,2.67,2.67,2.67,0.0,0.0
8.0,19.0,2.67,2.67,2.67,2.67,200.0,0.0
8.0,18.0,3.0,3.0,3.0,3.0,0.0,0.0
8.0,17.0,3.0,3.0,3.0,3.0,0.0,0.0
8.0,16.0,3.0,3.0,3.0,3.0,0.0,0.0
8.0,15.0,3.0,3.0,3.0,3.0,0.0,0.0
8.0,12.0,3.0,3.0,3.0,3.0,400.0,0.0
8.0,11.0,2.65,2.65,2.65,2.65,0.0,0.0
8.0,10.0,2.65,2.65,2.65,2.65,0.0,0.0
8.0,9.0,2.65,2.65,2.65,2.65,600.0,0.0
8.0,8.0,2.6,2.6,2.33,2.33,5800.0,-0.27
8.0,5.0,2.65,2.65,2.65,2.65,200.0,0.0
8.0,4.0,2.64,2.64,2.64,2.64,1000.0,0.0
8.0,3.0,2.71,2.71,2.71,2.71,0.0,0.0
8.0,2.0,2.71,2.71,2.71,2.71,0.0,0.0
8.0,1.0,2.71,2.71,2.71,2.71,0.0,0.0
7.0,29.0,2.71,2.71,2.71,2.71,16700.0,0.0
7.0,28.0,2.62,2.62,2.62,2.62,0.0,0.0
7.0,27.0,2.84,2.84,2.62,2.62,16800.0,-0.21999999999999975
7.0,26.0,2.8,2.84,2.6,2.84,5300.0,0.040000000000000036
7.0,25.0,2.84,2.84,2.63,2.63,7000.0,-0.20999999999999996
7.0,22.0,2.8,2.8,2.8,2.8,4000.0,0.0
7.0,21.0,2.85,2.85,2.85,2.85,0.0,0.0
7.0,20.0,2.85,2.85,2.85,2.85,0.0,0.0
7.0,19.0,2.85,2.85,2.85,2.85,2900.0,0.0
7.0,18.0,2.86,2.86,2.86,2.86,0.0,0.0
7.0,15.0,2.8,2.86,2.75,2.86,2700.0,0.06000000000000005
7.0,14.0,2.48,2.48,2.48,2.48,0.0,0.0
7.0,13.0,2.48,2.48,2.48,2.48,0.0,0.0
7.0,12.0,2.48,2.48,2.48,2.48,100.0,0.0
7.0,11.0,2.66,2.66,2.66,2.66,0.0,0.0
7.0,8.0,2.66,2.66,2.66,2.66,15000.0,0.0
7.0,7.0,2.71,2.71,2.71,2.71,0.0,0.0
7.0,6.0,2.71,2.71,2.71,2.71,0.0,0.0
7.0,5.0,2.71,2.71,2.71,2.71,0.0,0.0
7.0,1.0,2.71,2.71,2.71,2.71,0.0,0.0
6.0,30.0,2.71,2.71,2.71,2.71,0.0,0.0
6.0,29.0,2.71,2.71,2.71,2.71,0.0,0.0
6.0,28.0,2.71,2.71,2.71,2.71,0.0,0.0
6.0,27.0,2.71,2.71,2.71,2.71,0.0,0.0
6.0,24.0,2.71,2.71,2.71,2.71,0.0,0.0
6.0,23.0,2.71,2.71,2.71,2.71,0.0,0.0
6.0,22.0,2.71,2.71,2.71,2.71,0.0,0.0
6.0,21.0,2.71,2.71,2.71,2.71,1500.0,0.0
6.0,20.0,2.8,2.8,2.8,2.8,0.0,0.0
6.0,17.0,2.8,2.8,2.8,2.8,0.0,0.0
6.0,16.0,2.8,2.8,2.8,2.8,0.0,0.0
6.0,15.0,2.8,2.8,2.8,2.8,0.0,0.0
6.0,14.0,2.8,2.8,2.8,2.8,0.0,0.0
6.0,13.0,2.8,2.8,2.8,2.8,400.0,0.0
6.0,10.0,3.0,3.0,3.0,3.0,0.0,0.0
6.0,9.0,3.0,3.0,3.0,3.0,400.0,0.0
6.0,8.0,3.0,3.0,3.0,3.0,1900.0,0.0
6.0,7.0,3.15,3.15,3.15,3.15,0.0,0.0
6.0,6.0,3.15,3.15,3.15,3.15,0.0,0.0
6.0,3.0,3.15,3.15,3.15,3.15,0.0,0.0
6.0,2.0,3.15,3.15,3.15,3.15,0.0,0.0
6.0,1.0,3.15,3.15,3.15,3.15,15700.0,0.0
5.0,31.0,2.95,3.1,2.95,3.1,12300.0,0.1499999999999999
5.0,27.0,3.15,3.15,3.15,3.15,72300.0,0.0
5.0,26.0,2.95,2.95,2.95,2.95,0.0,0.0
5.0,25.0,2.95,2.95,2.95,2.95,3900.0,0.0
5.0,24.0,3.0,3.0,3.0,3.0,0.0,0.0
5.0,23.0,3.0,3.0,3.0,3.0,0.0,0.0
5.0,20.0,3.1,3.1,3.0,3.0,14700.0,-0.10000000000000009
5.0,19.0,2.5,2.5,2.5,2.5,0.0,0.0
5.0,18.0,2.5,2.5,2.5,2.5,11900.0,0.0
5.0,17.0,2.8,2.85,2.8,2.85,7900.0,0.050000000000000266
5.0,16.0,2.75,2.75,2.75,2.75,0.0,0.0
5.0,13.0,2.75,2.75,2.75,2.75,0.0,0.0
5.0,12.0,2.75,2.75,2.75,2.75,5000.0,0.0
5.0,11.0,2.65,2.65,2.65,2.65,0.0,0.0
5.0,10.0,2.65,2.65,2.65,2.65,8700.0,0.0
5.0,9.0,2.5,2.5,2.5,2.5,0.0,0.0
5.0,6.0,2.5,2.5,2.5,2.5,0.0,0.0
5.0,5.0,2.75,2.75,2.5,2.5,14000.0,-0.25
5.0,4.0,2.4,2.55,2.4,2.55,5500.0,0.1499999999999999
5.0,3.0,2.15,2.31,2.15,2.31,4000.0,0.16000000000000014
5.0,2.0,2.0,2.0,2.0,2.0,0.0,0.0
4.0,29.0,2.0,2.0,2.0,2.0,400.0,0.0
4.0,28.0,2.14,2.14,2.14,2.14,0.0,0.0
4.0,27.0,2.14,2.14,2.14,2.14,0.0,0.0
4.0,26.0,2.14,2.14,2.14,2.14,2000.0,0.0
4.0,25.0,1.98,1.98,1.98,1.98,0.0,0.0
4.0,21.0,1.98,1.98,1.98,1.98,0.0,0.0
4.0,20.0,1.98,1.98,1.98,1.98,1000.0,0.0
4.0,19.0,2.0,2.0,2.0,2.0,0.0,0.0
4.0,18.0,1.9,2.0,1.9,2.0,1800.0,0.10000000000000009
4.0,15.0,2.12,2.12,2.12,2.12,0.0,0.0
4.0,14.0,2.12,2.12,2.12,2.12,0.0,0.0
4.0,13.0,2.12,2.12,2.12,2.12,0.0,0.0
4.0,12.0,2.12,2.12,2.12,2.12,700.0,0.0
4.0,11.0,2.05,2.2,2.05,2.2,1000.0,0.15000000000000036
4.0,8.0,2.02,2.02,2.02,2.02,0.0,0.0
4.0,7.0,2.02,2.02,2.02,2.02,0.0,0.0
4.0,6.0,2.02,2.02,2.02,2.02,0.0,0.0
4.0,5.0,2.02,2.02,2.02,2.02,0.0,0.0
4.0,4.0,2.02,2.02,2.02,2.02,0.0,0.0
4.0,1.0,2.05,2.05,2.02,2.02,1900.0,-0.029999999999999805
3.0,31.0,2.05,2.05,2.05,2.05,400.0,0.0
3.0,30.0,2.21,2.21,2.2,2.2,58200.0,-0.009999999999999787
3.0,29.0,2.25,2.25,2.24,2.24,11800.0,-0.009999999999999787
3.0,28.0,2.22,2.22,2.22,2.22,0.0,0.0
3.0,25.0,2.22,2.22,2.22,2.22,0.0,0.0
3.0,24.0,2.22,2.22,2.22,2.22,0.0,0.0
3.0,23.0,2.22,2.22,2.22,2.22,0.0,0.0
3.0,22.0,2.22,2.22,2.22,2.22,200.0,0.0
3.0,21.0,2.25,2.25,2.25,2.25,0.0,0.0
3.0,18.0,2.25,2.25,2.25,2.25,28600.0,0.0
3.0,17.0,2.37,2.37,2.37,2.37,0.0,0.0
3.0,16.0,2.37,2.37,2.37,2.37,6600.0,0.0
3.0,15.0,2.29,2.3,2.29,2.29,31100.0,0.0
3.0,14.0,2.41,2.41,2.41,2.41,700.0,0.0
3.0,11.0,2.45,2.45,2.45,2.45,0.0,0.0
3.0,10.0,2.45,2.45,2.45,2.45,0.0,0.0
3.0,9.0,2.45,2.45,2.45,2.45,2200.0,0.0
3.0,8.0,2.52,2.52,2.52,2.52,0.0,0.0
3.0,7.0,2.52,2.6,2.52,2.52,1900.0,0.0
3.0,4.0,2.5,2.5,2.5,2.5,0.0,0.0
3.0,3.0,2.5,2.5,2.5,2.5,0.0,0.0
3.0,2.0,2.5,2.5,2.5,2.5,700.0,0.0
3.0,1.0,2.48,2.48,2.48,2.48,500.0,0.0
2.0,28.0,2.41,2.41,2.41,2.41,600.0,0.0
2.0,25.0,2.72,2.72,2.72,2.72,0.0,0.0
2.0,24.0,2.72,2.72,2.72,2.72,2000.0,0.0
2.0,23.0,2.6,2.6,2.6,2.6,0.0,0.0
2.0,22.0,2.6,2.6,2.6,2.6,300.0,0.0
2.0,18.0,2.72,2.72,2.72,2.72,0.0,0.0
2.0,17.0,2.72,2.72,2.72,2.72,0.0,0.0
2.0,16.0,2.72,2.72,2.72,2.72,0.0,0.0
2.0,15.0,2.72,2.72,2.72,2.72,0.0,0.0
2.0,14.0,2.72,2.72,2.72,2.72,17800.0,0.0
2.0,11.0,2.5,2.5,2.5,2.5,0.0,0.0
2.0,10.0,2.5,2.5,2.5,2.5,0.0,0.0
2.0,9.0,2.52,2.52,2.5,2.5,8000.0,-0.020000000000000018
2.0,8.0,2.48,2.48,2.48,2.48,0.0,0.0
2.0,7.0,2.48,2.48,2.48,2.48,0.0,0.0
2.0,4.0,2.48,2.48,2.48,2.48,0.0,0.0
2.0,3.0,2.48,2.48,2.48,2.48,0.0,0.0
2.0,2.0,2.48,2.48,2.48,2.48,0.0,0.0
2.0,1.0,2.48,2.48,2.48,2.48,300.0,0.0
1.0,31.0,2.59,2.59,2.59,2.59,0.0,0.0
1.0,28.0,2.59,2.59,2.59,2.59,0.0,0.0
1.0,27.0,2.59,2.59,2.59,2.59,300.0,0.0
1.0,26.0,2.59,2.59,2.59,2.59,5000.0,0.0
1.0,25.0,2.56,2.56,2.56,2.56,0.0,0.0
1.0,24.0,2.56,2.56,2.56,2.56,0.0,0.0
1.0,21.0,2.56,2.56,2.56,2.56,0.0,0.0
1.0,20.0,2.56,2.56,2.56,2.56,0.0,0.0
1.0,19.0,2.56,2.56,2.56,2.56,600.0,0.0
1.0,18.0,2.65,2.65,2.65,2.65,5700.0,0.0
1.0,14.0,2.62,2.68,2.62,2.66,2300.0,0.040000000000000036
1.0,13.0,2.65,2.65,2.65,2.65,0.0,0.0
1.0,12.0,2.65,2.65,2.65,2.65,0.0,0.0
1.0,11.0,2.62,2.65,2.62,2.65,6800.0,0.029999999999999805
1.0,10.0,2.8,2.8,2.8,2.8,0.0,0.0
1.0,7.0,2.8,2.8,2.8,2.8,0.0,0.0
1.0,6.0,2.8,2.8,2.8,2.8,300.0,0.0
1.0,5.0,2.75,2.75,2.75,2.75,0.0,0.0
1.0,4.0,2.75,2.75,2.75,2.75,0.0,0.0
1.0,3.0,2.72,2.75,2.72,2.75,5900.0,0.029999999999999805
12.0,31.0,2.42,2.42,2.42,2.42,0.0,0.0
12.0,30.0,2.42,2.42,2.42,2.42,0.0,0.0
12.0,29.0,2.42,2.42,2.42,2.42,0.0,0.0
12.0,28.0,2.42,2.42,2.42,2.42,0.0,0.0
12.0,27.0,2.42,2.42,2.42,2.42,0.0,0.0
12.0,23.0,2.45,2.45,2.42,2.42,3000.0,-0.03000000000000025
12.0,22.0,2.42,2.42,2.42,2.42,0.0,0.0
12.0,21.0,2.42,2.42,2.42,2.42,0.0,0.0
12.0,20.0,2.42,2.42,2.42,2.42,0.0,0.0
12.0,17.0,2.42,2.42,2.42,2.42,0.0,0.0
12.0,16.0,2.42,2.42,2.42,2.42,2000.0,0.0
12.0,15.0,2.8,2.8,2.8,2.8,0.0,0.0
12.0,14.0,2.8,2.8,2.8,2.8,0.0,0.0
12.0,13.0,2.8,2.8,2.8,2.8,100.0,0.0
12.0,10.0,2.85,2.85,2.8,2.8,8700.0,-0.050000000000000266
12.0,9.0,2.92,2.92,2.92,2.92,0.0,0.0
12.0,8.0,2.92,2.92,2.92,2.92,200.0,0.0
12.0,7.0,2.8,2.8,2.8,2.8,1000.0,0.0
12.0,6.0,2.75,2.75,2.75,2.75,400.0,0.0
12.0,3.0,2.8,2.8,2.8,2.8,0.0,0.0
12.0,2.0,2.8,2.8,2.8,2.8,200.0,0.0
12.0,1.0,2.88,2.88,2.88,2.88,3500.0,0.0
11.0,30.0,2.9,2.9,2.83,2.83,4800.0,-0.06999999999999984
11.0,29.0,3.0,3.0,3.0,3.0,4300.0,0.0
11.0,26.0,3.0,3.1,3.0,3.1,10900.0,0.10000000000000009
11.0,24.0,3.11,3.11,3.03,3.03,28200.0,-0.08000000000000007
11.0,23.0,3.15,3.52,3.15,3.15,30900.0,0.0
11.0,22.0,3.15,3.15,3.15,3.15,2500.0,0.0
11.0,19.0,2.65,2.65,2.5,2.5,9600.0,-0.1499999999999999
11.0,18.0,2.3,2.5,2.2,2.5,28500.0,0.20000000000000018
11.0,17.0,1.95,1.95,1.95,1.95,0.0,0.0
11.0,16.0,1.95,1.95,1.95,1.95,0.0,0.0
11.0,15.0,1.95,1.95,1.95,1.95,0.0,0.0
11.0,12.0,1.95,1.95,1.95,1.95,700.0,0.0
11.0,11.0,2.0,2.0,2.0,2.0,1600.0,0.0
11.0,10.0,2.1,2.1,2.02,2.02,15700.0,-0.08000000000000007
11.0,9.0,1.99,1.99,1.99,1.99,0.0,0.0
11.0,8.0,1.99,1.99,1.99,1.99,0.0,0.0
11.0,5.0,1.99,1.99,1.99,1.99,700.0,0.0
11.0,4.0,2.03,2.03,2.03,2.03,0.0,0.0
11.0,3.0,2.03,2.03,2.03,2.03,0.0,0.0
11.0,2.0,2.03,2.03,2.03,2.03,0.0,0.0
11.0,1.0,2.03,2.03,2.03,2.03,0.0,0.0
10.0,29.0,2.03,2.03,2.03,2.03,0.0,0.0
10.0,28.0,2.03,2.03,2.03,2.03,0.0,0.0
10.0,27.0,2.03,2.03,2.03,2.03,0.0,0.0
10.0,26.0,2.0,2.03,2.0,2.03,62200.0,0.029999999999999805
10.0,25.0,2.05,2.05,2.05,2.05,50300.0,0.0
10.0,22.0,2.0,2.0,2.0,2.0,6700.0,0.0
10.0,21.0,2.15,2.28,2.15,2.28,5800.0,0.1299999999999999
10.0,20.0,2.0,2.0,1.9,1.9,1400.0,-0.10000000000000009
10.0,19.0,2.05,2.05,2.05,2.05,0.0,0.0
10.0,18.0,2.05,2.05,2.05,2.05,0.0,0.0
10.0,15.0,2.05,2.05,2.05,2.05,0.0,0.0
