9.0,25.0,15.14,15.26,14.52,14.89,195400.0,-0.25
9.0,24.0,14.99,15.26,14.904,15.17,137700.0,0.17999999999999972
9.0,23.0,15.19,15.31,14.44,15.16,310000.0,-0.02999999999999936
9.0,22.0,15.53,15.78,15.0,15.19,319100.0,-0.33999999999999986
9.0,21.0,15.55,15.8,15.5,15.77,241400.0,0.21999999999999886
9.0,18.0,15.07,16.0,15.07,15.59,3296600.0,0.5199999999999996
9.0,17.0,15.0,15.49,14.82,15.25,463600.0,0.25
9.0,16.0,15.03,15.36,14.96,15.02,451500.0,-0.009999999999999787
9.0,15.0,15.05,15.45,14.956,15.03,352400.0,-0.02000000000000135
9.0,14.0,14.86,15.35,14.85,15.2,415400.0,0.33999999999999986
9.0,11.0,14.34,15.02,14.34,14.98,415300.0,0.6400000000000006
9.0,10.0,13.92,14.65,13.7,14.52,391100.0,0.5999999999999996
9.0,9.0,14.5,14.82,14.06,14.18,313100.0,-0.3200000000000003
9.0,8.0,13.88,14.79,13.85,14.42,634000.0,0.5399999999999991
9.0,4.0,13.76,14.05,13.71,13.9,487000.0,0.14000000000000057
9.0,3.0,13.86,14.28,13.7,13.88,487800.0,0.02000000000000135
9.0,2.0,13.71,13.95,13.602,13.82,326700.0,0.10999999999999943
9.0,1.0,13.8,14.23,13.8,13.99,327400.0,0.1899999999999995
8.0,31.0,14.35,14.495,14.13,14.28,253200.0,-0.07000000000000028
8.0,28.0,14.3,14.58,14.25,14.55,243100.0,0.25
8.0,27.0,14.44,14.73,14.11,14.55,395300.0,0.11000000000000121
8.0,26.0,14.69,15.3,14.08,14.84,306300.0,0.15000000000000036
8.0,25.0,15.47,15.75,14.56,14.94,209500.0,-0.5300000000000011
8.0,24.0,16.700001,16.700001,15.47,15.47,281700.0,-1.2300009999999997
8.0,21.0,16.700001,16.700001,16.18,16.299999,188100.0,-0.40000200000000063
8.0,20.0,16.84,17.049999,15.16,16.709999,522400.0,-0.13000100000000003
8.0,19.0,17.299999,17.610001,17.25,17.49,168000.0,0.19000099999999875
8.0,18.0,17.370001,17.587999,17.219999,17.379999,262200.0,0.00999800000000306
8.0,17.0,17.41,17.65,17.16,17.58,254400.0,0.16999999999999815
8.0,14.0,17.5,17.629999,17.42,17.6,194200.0,0.10000000000000142
8.0,13.0,17.530001,17.65,17.5,17.57,188500.0,0.03999900000000167
8.0,12.0,17.549999,17.6,17.5,17.6,171100.0,0.05000100000000174
8.0,11.0,17.549999,17.620001,17.450001,17.51,226700.0,-0.03999899999999812
8.0,10.0,17.610001,17.75,17.549999,17.66,210800.0,0.04999899999999968
8.0,7.0,17.51,17.75,17.51,17.74,178900.0,0.22999999999999687
8.0,6.0,17.25,17.6,17.25,17.58,246800.0,0.3299999999999983
8.0,5.0,17.43,17.57,17.309999,17.309999,190100.0,-0.12000099999999847
8.0,4.0,17.370001,17.6,17.35,17.549999,259300.0,0.1799980000000012
8.0,3.0,17.4,17.57,17.309999,17.450001,278600.0,0.05000100000000174
7.0,31.0,17.280001,17.6,17.280001,17.549999,270800.0,0.26999800000000107
7.0,30.0,17.4,17.610001,17.309999,17.5,214100.0,0.10000000000000142
7.0,29.0,17.51,17.700001,17.4,17.620001,254100.0,0.1100009999999969
7.0,28.0,17.309999,17.75,17.049999,17.700001,308300.0,0.39000199999999907
7.0,27.0,17.75,17.799999,17.0,17.58,526400.0,-0.1700000000000017
7.0,24.0,17.799999,18.07,17.799999,17.950001,419500.0,0.15000200000000063
7.0,23.0,19.5,19.5,17.5,18.24,838900.0,-1.2600000000000016
7.0,22.0,18.299999,18.299999,18.299999,18.299999,0.0,0.0
7.0,21.0,18.299999,18.299999,18.299999,18.299999,0.0,0.0
7.0,20.0,18.299999,18.299999,18.299999,18.299999,0.0,0.0
7.0,17.0,2.5,2.5,2.5,2.5,0.0,0.0
7.0,16.0,18.299999,18.299999,18.299999,18.299999,0.0,0.0
7.0,15.0,18.299999,18.299999,18.299999,18.299999,0.0,0.0
7.0,14.0,18.299999,18.299999,18.299999,18.299999,0.0,0.0
7.0,13.0,18.299999,18.299999,18.299999,18.299999,0.0,0.0
7.0,10.0,18.299999,18.299999,18.299999,18.299999,0.0,0.0
7.0,9.0,18.299999,18.299999,18.299999,18.299999,0.0,0.0
7.0,8.0,18.299999,18.299999,18.299999,18.299999,400.0,0.0
7.0,7.0,2.500005,2.500005,2.500005,2.500005,0.0,0.0
7.0,6.0,2.500005,2.500005,2.500005,2.500005,0.0,0.0
7.0,2.0,2.500005,2.500005,2.500005,2.500005,0.0,0.0
7.0,1.0,2.500005,2.500005,2.500005,2.500005,0.0,0.0
6.0,30.0,2.500005,2.500005,2.500005,2.500005,0.0,0.0
6.0,29.0,2.500005,2.500005,2.500005,2.500005,0.0,0.0
6.0,26.0,2.500005,2.500005,2.500005,2.500005,0.0,0.0
6.0,25.0,2.500005,2.500005,2.500005,2.500005,0.0,0.0
6.0,24.0,2.500005,2.500005,2.500005,2.500005,0.0,0.0
6.0,23.0,2.500005,2.500005,2.500005,2.500005,0.0,0.0
6.0,22.0,2.500005,2.500005,2.500005,2.500005,0.0,0.0
6.0,19.0,2.500005,2.500005,2.500005,2.500005,0.0,0.0
6.0,18.0,2.500005,2.500005,2.500005,2.500005,0.0,0.0
6.0,17.0,2.500005,2.500005,2.500005,2.500005,0.0,0.0
6.0,16.0,2.500005,2.500005,2.500005,2.500005,0.0,0.0
6.0,15.0,2.500005,2.500005,2.500005,2.500005,0.0,0.0
6.0,12.0,2.500005,2.500005,2.500005,2.500005,0.0,0.0
6.0,11.0,2.500005,2.500005,2.500005,2.500005,0.0,0.0
6.0,10.0,2.500005,2.500005,2.500005,2.500005,0.0,0.0
6.0,9.0,2.500005,2.500005,2.500005,2.500005,0.0,0.0
6.0,8.0,2.500005,2.500005,2.500005,2.500005,0.0,0.0
6.0,5.0,2.500005,2.500005,2.500005,2.500005,2400.0,0.0
6.0,4.0,2.720005,2.720005,2.720005,2.720005,0.0,0.0
6.0,3.0,2.720005,2.720005,2.720005,2.720005,0.0,0.0
6.0,2.0,2.720005,2.720005,2.720005,2.720005,0.0,0.0
6.0,1.0,2.720005,2.720005,2.720005,2.720005,0.0,0.0
5.0,29.0,2.720005,2.720005,2.720005,2.720005,0.0,0.0
5.0,28.0,2.720005,2.720005,2.720005,2.720005,0.0,0.0
5.0,27.0,2.720005,2.720005,2.720005,2.720005,0.0,0.0
5.0,26.0,2.720005,2.720005,2.720005,2.720005,0.0,0.0
5.0,22.0,2.720005,2.720005,2.720005,2.720005,0.0,0.0
5.0,21.0,2.720005,2.720005,2.720005,2.720005,0.0,0.0
5.0,20.0,2.720005,2.720005,2.720005,2.720005,0.0,0.0
5.0,19.0,2.720005,2.720005,2.720005,2.720005,0.0,0.0
5.0,18.0,2.720005,2.720005,2.720005,2.720005,2100.0,0.0
5.0,15.0,2.900006,2.900006,2.900006,2.900006,0.0,0.0
5.0,14.0,2.900006,2.900006,2.900006,2.900006,0.0,0.0
5.0,13.0,2.900006,2.900006,2.900006,2.900006,0.0,0.0
5.0,12.0,2.900006,2.900006,2.900006,2.900006,0.0,0.0
5.0,11.0,2.900006,2.900006,2.900006,2.900006,0.0,0.0
5.0,8.0,2.900006,2.900006,2.900006,2.900006,500.0,0.0
5.0,7.0,2.900006,2.900006,2.900006,2.900006,0.0,0.0
5.0,6.0,2.900006,2.900006,2.900006,2.900006,0.0,0.0
5.0,5.0,2.900006,2.900006,2.900006,2.900006,300.0,0.0
5.0,4.0,2.850005,2.850005,2.850005,2.850005,0.0,0.0
5.0,1.0,2.850005,2.850005,2.850005,2.850005,0.0,0.0
4.0,30.0,2.850005,2.850005,2.850005,2.850005,0.0,0.0
4.0,29.0,2.850005,2.850005,2.850005,2.850005,0.0,0.0
4.0,28.0,2.850005,2.850005,2.850005,2.850005,0.0,0.0
4.0,27.0,2.850005,2.850005,2.850005,2.850005,0.0,0.0
4.0,24.0,2.850005,2.850005,2.850005,2.850005,0.0,0.0
4.0,23.0,2.850005,2.850005,2.850005,2.850005,0.0,0.0
4.0,22.0,2.850005,2.850005,2.850005,2.850005,0.0,0.0
4.0,21.0,2.850005,2.850005,2.850005,2.850005,0.0,0.0
4.0,20.0,2.850005,2.850005,2.850005,2.850005,400.0,0.0
4.0,17.0,2.780006,2.780006,2.780006,2.780006,0.0,0.0
4.0,16.0,2.780006,2.780006,2.780006,2.780006,0.0,0.0
4.0,15.0,2.780006,2.780006,2.780006,2.780006,0.0,0.0
4.0,14.0,2.780006,2.780006,2.780006,2.780006,0.0,0.0
4.0,13.0,2.780006,2.780006,2.780006,2.780006,0.0,0.0
4.0,10.0,2.780006,2.780006,2.780006,2.780006,0.0,0.0
4.0,9.0,2.780006,2.780006,2.780006,2.780006,6100.0,0.0
4.0,8.0,2.750005,2.750005,2.750005,2.750005,0.0,0.0
4.0,7.0,2.750005,2.750005,2.750005,2.750005,0.0,0.0
4.0,6.0,2.750005,2.750005,2.750005,2.750005,0.0,0.0
4.0,2.0,2.750005,2.750005,2.750005,2.750005,0.0,0.0
4.0,1.0,2.750005,2.750005,2.750005,2.750005,0.0,0.0
3.0,31.0,2.750005,2.750005,2.750005,2.750005,0.0,0.0
3.0,30.0,2.750005,2.750005,2.750005,2.750005,0.0,0.0
3.0,27.0,2.750005,2.750005,2.750005,2.750005,0.0,0.0
3.0,26.0,2.750005,2.750005,2.750005,2.750005,0.0,0.0
3.0,25.0,2.750005,2.750005,2.750005,2.750005,0.0,0.0
3.0,24.0,2.750005,2.750005,2.750005,2.750005,0.0,0.0
3.0,23.0,2.750005,2.750005,2.750005,2.750005,0.0,0.0
3.0,20.0,2.750005,2.750005,2.750005,2.750005,0.0,0.0
3.0,19.0,2.750005,2.750005,2.750005,2.750005,0.0,0.0
3.0,18.0,2.750005,2.750005,2.750005,2.750005,0.0,0.0
3.0,17.0,2.750005,2.750005,2.750005,2.750005,0.0,0.0
3.0,16.0,2.750005,2.750005,2.750005,2.750005,0.0,0.0
3.0,13.0,2.750005,2.750005,2.750005,2.750005,0.0,0.0
3.0,12.0,2.750005,2.750005,2.750005,2.750005,200.0,0.0
3.0,11.0,2.740006,2.740006,2.740006,2.740006,0.0,0.0
3.0,10.0,2.740006,2.740006,2.740006,2.740006,0.0,0.0
3.0,9.0,2.740006,2.740006,2.740006,2.740006,0.0,0.0
3.0,6.0,2.740006,2.740006,2.740006,2.740006,0.0,0.0
3.0,5.0,2.740006,2.740006,2.740006,2.740006,0.0,0.0
3.0,4.0,2.740006,2.740006,2.740006,2.740006,0.0,0.0
3.0,3.0,2.740006,2.740006,2.740006,2.740006,1400.0,0.0
3.0,2.0,2.620005,2.620005,2.620005,2.620005,0.0,0.0
2.0,27.0,2.620005,2.620005,2.620005,2.620005,0.0,0.0
2.0,26.0,2.620005,2.620005,2.620005,2.620005,0.0,0.0
2.0,25.0,2.620005,2.620005,2.620005,2.620005,1200.0,0.0
2.0,24.0,2.311005,2.311005,2.311005,2.311005,0.0,0.0
2.0,23.0,2.311005,2.311005,2.311005,2.311005,0.0,0.0
2.0,20.0,2.311005,2.311005,2.311005,2.311005,0.0,0.0
2.0,19.0,2.311005,2.311005,2.311005,2.311005,0.0,0.0
2.0,18.0,2.311005,2.311005,2.311005,2.311005,0.0,0.0
2.0,17.0,2.311005,2.311005,2.311005,2.311005,0.0,0.0
2.0,13.0,2.311005,2.311005,2.311005,2.311005,0.0,0.0
2.0,12.0,2.311005,2.311005,2.311005,2.311005,0.0,0.0
2.0,11.0,2.311005,2.311005,2.311005,2.311005,0.0,0.0
2.0,10.0,2.311005,2.311005,2.311005,2.311005,0.0,0.0
2.0,9.0,2.311005,2.311005,2.311005,2.311005,0.0,0.0
2.0,6.0,2.311005,2.311005,2.311005,2.311005,0.0,0.0
2.0,5.0,2.311005,2.311005,2.311005,2.311005,0.0,0.0
2.0,4.0,2.311005,2.311005,2.311005,2.311005,0.0,0.0
2.0,3.0,2.311005,2.311005,2.311005,2.311005,0.0,0.0
2.0,2.0,2.311005,2.311005,2.311005,2.311005,0.0,0.0
1.0,30.0,2.311005,2.311005,2.311005,2.311005,0.0,0.0
1.0,29.0,2.311005,2.311005,2.311005,2.311005,0.0,0.0
1.0,28.0,2.311005,2.311005,2.311005,2.311005,0.0,0.0
1.0,27.0,2.311005,2.311005,2.311005,2.311005,0.0,0.0
1.0,26.0,2.311005,2.311005,2.311005,2.311005,0.0,0.0
1.0,23.0,2.311005,2.311005,2.311005,2.311005,900.0,0.0
1.0,22.0,2.311005,2.311005,2.311005,2.311005,0.0,0.0
1.0,21.0,2.311005,2.311005,2.311005,2.311005,0.0,0.0
1.0,20.0,2.311005,2.311005,2.311005,2.311005,0.0,0.0
1.0,16.0,2.311005,2.311005,2.311005,2.311005,0.0,0.0
1.0,15.0,2.311005,2.311005,2.311005,2.311005,0.0,0.0
1.0,14.0,2.311005,2.311005,2.311005,2.311005,0.0,0.0
1.0,13.0,2.311005,2.311005,2.311005,2.311005,0.0,0.0
1.0,12.0,2.311005,2.311005,2.311005,2.311005,0.0,0.0
1.0,9.0,2.311005,2.311005,2.311005,2.311005,0.0,0.0
1.0,8.0,2.311005,2.311005,2.311005,2.311005,0.0,0.0
1.0,7.0,2.311005,2.311005,2.311005,2.311005,0.0,0.0
1.0,6.0,2.311005,2.311005,2.311005,2.311005,0.0,0.0
1.0,5.0,2.311005,2.311005,2.311005,2.311005,0.0,0.0
1.0,2.0,2.311005,2.311005,2.311005,2.311005,0.0,0.0
12.0,31.0,2.311005,2.311005,2.311005,2.311005,0.0,0.0
12.0,30.0,2.311005,2.311005,2.311005,2.311005,0.0,0.0
12.0,29.0,2.311005,2.311005,2.311005,2.311005,0.0,0.0
12.0,26.0,2.311005,2.311005,2.311005,2.311005,0.0,0.0
12.0,24.0,2.311005,2.311005,2.311005,2.311005,0.0,0.0
12.0,23.0,2.311005,2.311005,2.311005,2.311005,0.0,0.0
12.0,22.0,2.311005,2.311005,2.311005,2.311005,100.0,0.0
12.0,19.0,2.445005,2.445005,2.445005,2.445005,0.0,0.0
12.0,18.0,2.445005,2.445005,2.445005,2.445005,0.0,0.0
12.0,17.0,2.445005,2.445005,2.445005,2.445005,0.0,0.0
12.0,16.0,2.445005,2.445005,2.445005,2.445005,0.0,0.0
12.0,15.0,2.445005,2.445005,2.445005,2.445005,0.0,0.0
12.0,12.0,2.445005,2.445005,2.445005,2.445005,0.0,0.0
12.0,11.0,2.445005,2.445005,2.445005,2.445005,500.0,0.0
12.0,10.0,2.450005,2.450005,2.450005,2.450005,0.0,0.0
12.0,9.0,2.450005,2.450005,2.450005,2.450005,0.0,0.0
12.0,8.0,2.450005,2.450005,2.450005,2.450005,0.0,0.0
12.0,5.0,2.450005,2.450005,2.450005,2.450005,0.0,0.0
12.0,4.0,2.450005,2.450005,2.450005,2.450005,1900.0,0.0
12.0,3.0,2.319005,2.319005,2.319005,2.319005,0.0,0.0
12.0,2.0,2.319005,2.319005,2.319005,2.319005,0.0,0.0
12.0,1.0,2.319005,2.319005,2.319005,2.319005,0.0,0.0
11.0,28.0,2.319005,2.319005,2.319005,2.319005,0.0,0.0
11.0,26.0,2.319005,2.319005,2.319005,2.319005,0.0,0.0
11.0,25.0,2.319005,2.319005,2.319005,2.319005,0.0,0.0
11.0,24.0,2.319005,2.319005,2.319005,2.319005,400.0,0.0
11.0,21.0,2.370005,2.370005,2.370005,2.370005,0.0,0.0
11.0,20.0,2.370005,2.370005,2.370005,2.370005,0.0,0.0
11.0,19.0,2.370005,2.370005,2.370005,2.370005,2100.0,0.0
11.0,18.0,2.320005,2.320005,2.320005,2.320005,0.0,0.0
11.0,17.0,2.320005,2.320005,2.320005,2.320005,0.0,0.0
11.0,14.0,2.320005,2.320005,2.320005,2.320005,0.0,0.0
11.0,13.0,2.320005,2.320005,2.320005,2.320005,0.0,0.0
11.0,12.0,2.320005,2.320005,2.320005,2.320005,0.0,0.0
11.0,11.0,2.320005,2.320005,2.320005,2.320005,0.0,0.0
11.0,10.0,2.320005,2.320005,2.320005,2.320005,0.0,0.0
11.0,7.0,2.320005,2.320005,2.320005,2.320005,0.0,0.0
11.0,6.0,2.320005,2.320005,2.320005,2.320005,0.0,0.0
11.0,5.0,2.320005,2.320005,2.320005,2.320005,0.0,0.0
11.0,4.0,2.320005,2.320005,2.320005,2.320005,0.0,0.0
11.0,3.0,2.320005,2.320005,2.320005,2.320005,0.0,0.0
10.0,31.0,2.320005,2.320005,2.320005,2.320005,0.0,0.0
10.0,30.0,2.320005,2.320005,2.320005,2.320005,0.0,0.0
10.0,29.0,2.320005,2.320005,2.320005,2.320005,0.0,0.0
10.0,28.0,2.320005,2.320005,2.320005,2.320005,0.0,0.0
10.0,27.0,2.320005,2.320005,2.320005,2.320005,0.0,0.0
10.0,24.0,2.320005,2.320005,2.320005,2.320005,0.0,0.0
10.0,23.0,2.320005,2.320005,2.320005,2.320005,0.0,0.0
10.0,22.0,2.320005,2.320005,2.320005,2.320005,0.0,0.0
10.0,21.0,2.320005,2.320005,2.320005,2.320005,0.0,0.0
10.0,20.0,2.320005,2.320005,2.320005,2.320005,0.0,0.0
10.0,17.0,2.320005,2.320005,2.320005,2.320005,0.0,0.0
10.0,16.0,2.320005,2.320005,2.320005,2.320005,0.0,0.0
10.0,15.0,2.320005,2.320005,2.320005,2.320005,0.0,0.0
10.0,14.0,2.320005,2.320005,2.320005,2.320005,0.0,0.0
10.0,13.0,2.320005,2.320005,2.320005,2.320005,0.0,0.0
10.0,10.0,2.320005,2.320005,2.320005,2.320005,800.0,0.0
10.0,9.0,2.270005,2.270005,2.270005,2.270005,0.0,0.0
10.0,8.0,2.270005,2.270005,2.270005,2.270005,0.0,0.0
10.0,7.0,2.270005,2.270005,2.220004,2.270005,1300.0,0.0
10.0,6.0,2.370005,2.370005,2.370005,2.370005,0.0,0.0
10.0,3.0,2.370005,2.370005,2.370005,2.370005,0.0,0.0
10.0,2.0,2.370005,2.370005,2.370005,2.370005,0.0,0.0
10.0,1.0,2.370005,2.370005,2.370005,2.370005,0.0,0.0
9.0,30.0,2.370005,2.370005,2.370005,2.370005,0.0,0.0
9.0,29.0,2.370005,2.370005,2.370005,2.370005,0.0,0.0
9.0,26.0,2.370005,2.370005,2.370005,2.370005,0.0,0.0
9.0,25.0,2.370005,2.370005,2.370005,2.370005,0.0,0.0
9.0,24.0,2.370005,2.370005,2.370005,2.370005,0.0,0.0
9.0,23.0,2.370005,2.370005,2.370005,2.370005,0.0,0.0
9.0,22.0,2.370005,2.370005,2.370005,2.370005,0.0,0.0
9.0,19.0,2.370005,2.370005,2.370005,2.370005,0.0,0.0
9.0,18.0,2.370005,2.370005,2.370005,2.370005,0.0,0.0
9.0,17.0,2.370005,2.370005,2.370005,2.370005,0.0,0.0
9.0,16.0,2.370005,2.370005,2.370005,2.370005,700.0,0.0
9.0,15.0,2.290005,2.290005,2.290005,2.290005,0.0,0.0
9.0,12.0,2.290005,2.290005,2.290005,2.290005,800.0,0.0
9.0,11.0,2.370005,2.370005,2.370005,2.370005,0.0,0.0
9.0,10.0,2.370005,2.370005,2.370005,2.370005,0.0,0.0
9.0,9.0,2.370005,2.370005,2.370005,2.370005,0.0,0.0
9.0,8.0,2.370005,2.370005,2.370005,2.370005,0.0,0.0
9.0,5.0,2.370005,2.370005,2.370005,2.370005,5900.0,0.0
9.0,4.0,1.849004,1.849004,1.849004,1.849004,0.0,0.0
9.0,3.0,1.849004,1.849004,1.849004,1.849004,0.0,0.0
9.0,2.0,1.849004,1.849004,1.849004,1.849004,0.0,0.0
8.0,29.0,1.849004,1.849004,1.849004,1.849004,0.0,0.0
8.0,28.0,1.849004,1.849004,1.849004,1.849004,0.0,0.0
8.0,27.0,1.849004,1.849004,1.849004,1.849004,0.0,0.0
8.0,26.0,1.849004,1.849004,1.849004,1.849004,0.0,0.0
8.0,25.0,1.849004,1.849004,1.849004,1.849004,0.0,0.0
8.0,22.0,1.849004,1.849004,1.849004,1.849004,0.0,0.0
8.0,21.0,1.849004,1.849004,1.849004,1.849004,0.0,0.0
8.0,20.0,1.849004,1.849004,1.849004,1.849004,0.0,0.0
8.0,19.0,1.849004,1.849004,1.849004,1.849004,0.0,0.0
8.0,18.0,1.849004,1.849004,1.849004,1.849004,0.0,0.0
8.0,15.0,1.849004,1.849004,1.849004,1.849004,0.0,0.0
8.0,14.0,1.849004,1.849004,1.849004,1.849004,0.0,0.0
8.0,13.0,1.849004,1.849004,1.849004,1.849004,0.0,0.0
8.0,12.0,1.849004,1.849004,1.849004,1.849004,0.0,0.0
8.0,11.0,1.849004,1.849004,1.849004,1.849004,0.0,0.0
8.0,8.0,1.849004,1.849004,1.849004,1.849004,0.0,0.0
8.0,7.0,1.849004,1.849004,1.849004,1.849004,0.0,0.0
8.0,6.0,1.849004,1.849004,1.849004,1.849004,0.0,0.0
8.0,5.0,1.849004,1.849004,1.849004,1.849004,0.0,0.0
8.0,4.0,1.849004,1.849004,1.849004,1.849004,0.0,0.0
8.0,1.0,1.849004,1.849004,1.849004,1.849004,0.0,0.0
7.0,31.0,1.849004,1.849004,1.849004,1.849004,0.0,0.0
7.0,30.0,1.849004,1.849004,1.849004,1.849004,0.0,0.0
7.0,29.0,1.849004,1.849004,1.849004,1.849004,0.0,0.0
7.0,28.0,1.849004,1.849004,1.849004,1.849004,0.0,0.0
7.0,25.0,1.849004,1.849004,1.849004,1.849004,200.0,0.0
7.0,24.0,2.370005,2.370005,2.370005,2.370005,0.0,0.0
7.0,23.0,2.370005,2.370005,2.370005,2.370005,400.0,0.0
7.0,22.0,2.272005,2.272005,2.272005,2.272005,0.0,0.0
7.0,21.0,2.272005,2.272005,2.272005,2.272005,1500.0,0.0
7.0,18.0,2.370005,2.370005,2.370005,2.370005,0.0,0.0
7.0,17.0,2.370005,2.370005,2.370005,2.370005,0.0,0.0
7.0,16.0,2.370005,2.370005,2.370005,2.370005,100.0,0.0
7.0,15.0,2.350005,2.350005,2.350005,2.350005,0.0,0.0
7.0,14.0,2.350005,2.350005,2.350005,2.350005,0.0,0.0
7.0,11.0,2.350005,2.350005,2.350005,2.350005,0.0,0.0
7.0,10.0,2.350005,2.350005,2.350005,2.350005,0.0,0.0
7.0,9.0,2.350005,2.350005,2.350005,2.350005,1000.0,0.0
7.0,8.0,2.370005,2.370005,2.370005,2.370005,0.0,0.0
7.0,7.0,2.370005,2.370005,2.370005,2.370005,0.0,0.0
7.0,3.0,2.370005,2.370005,2.370005,2.370005,800.0,0.0
7.0,2.0,2.370005,2.370005,2.370005,2.370005,0.0,0.0
7.0,1.0,2.370005,2.370005,2.360005,2.370005,700.0,0.0
6.0,30.0,1.500003,1.500003,1.500003,1.500003,0.0,0.0
6.0,27.0,1.500003,1.500003,1.500003,1.500003,0.0,0.0
6.0,26.0,1.500003,1.500003,1.500003,1.500003,0.0,0.0
6.0,25.0,1.500003,1.500003,1.500003,1.500003,0.0,0.0
6.0,24.0,1.500003,1.500003,1.500003,1.500003,0.0,0.0
6.0,23.0,1.500003,1.500003,1.500003,1.500003,0.0,0.0
6.0,20.0,1.500003,1.500003,1.500003,1.500003,0.0,0.0
6.0,19.0,1.500003,1.500003,1.500003,1.500003,0.0,0.0
6.0,18.0,2.320005,2.320005,1.500003,1.500003,300.0,-0.8200020000000001
6.0,17.0,2.270005,2.270005,2.270005,2.270005,0.0,0.0
6.0,16.0,2.270005,2.270005,2.270005,2.270005,200.0,0.0
6.0,13.0,2.370005,2.370005,2.370005,2.370005,0.0,0.0
6.0,12.0,2.370005,2.370005,2.370005,2.370005,0.0,0.0
6.0,11.0,2.370005,2.370005,2.370005,2.370005,0.0,0.0
6.0,10.0,2.370005,2.370005,2.370005,2.370005,0.0,0.0
6.0,9.0,2.370005,2.370005,2.370005,2.370005,0.0,0.0
6.0,6.0,2.370005,2.370005,2.370005,2.370005,0.0,0.0
6.0,5.0,2.370005,2.370005,2.370005,2.370005,500.0,0.0
6.0,4.0,2.370005,2.370005,2.370005,2.370005,0.0,0.0
6.0,3.0,2.370005,2.370005,2.370005,2.370005,0.0,0.0
6.0,2.0,2.370005,2.370005,2.370005,2.370005,0.0,0.0
5.0,30.0,2.370005,2.370005,2.370005,2.370005,0.0,0.0
5.0,29.0,2.370005,2.370005,2.370005,2.370005,0.0,0.0
5.0,28.0,2.370005,2.370005,2.370005,2.370005,0.0,0.0
5.0,27.0,2.400005,2.400005,2.400005,2.400005,0.0,0.0
5.0,23.0,2.370005,2.370005,2.370005,2.370005,600.0,0.0
5.0,22.0,2.400005,2.400005,2.400005,2.400005,300.0,0.0
5.0,21.0,2.350005,2.350005,2.350005,2.350005,0.0,0.0
5.0,20.0,2.350005,2.350005,2.350005,2.350005,0.0,0.0
5.0,19.0,2.350005,2.350005,2.350005,2.350005,0.0,0.0
5.0,16.0,2.350005,2.350005,2.350005,2.350005,0.0,0.0
5.0,15.0,2.350005,2.350005,2.350005,2.350005,0.0,0.0
5.0,14.0,2.350005,2.350005,2.350005,2.350005,0.0,0.0
5.0,13.0,2.350005,2.350005,2.350005,2.350005,0.0,0.0
5.0,12.0,2.350005,2.350005,2.350005,2.350005,0.0,0.0
5.0,9.0,2.350005,2.350005,2.350005,2.350005,0.0,0.0
5.0,8.0,2.350005,2.350005,2.350005,2.350005,0.0,0.0
5.0,7.0,2.350005,2.350005,2.350005,2.350005,0.0,0.0
5.0,6.0,2.350005,2.350005,2.350005,2.350005,0.0,0.0
5.0,5.0,2.350005,2.350005,2.350005,2.350005,0.0,0.0
5.0,2.0,2.350005,2.350005,2.350005,2.350005,0.0,0.0
5.0,1.0,2.350005,2.350005,2.350005,2.350005,0.0,0.0
4.0,30.0,2.350005,2.350005,2.350005,2.350005,0.0,0.0
4.0,29.0,2.350005,2.350005,2.350005,2.350005,800.0,0.0
4.0,28.0,2.050004,2.050004,2.050004,2.050004,0.0,0.0
4.0,25.0,2.050004,2.050004,2.050004,2.050004,0.0,0.0
4.0,24.0,2.050004,2.050004,2.050004,2.050004,0.0,0.0
4.0,23.0,2.050004,2.050004,2.050004,2.050004,0.0,0.0
4.0,22.0,2.050004,2.050004,2.050004,2.050004,0.0,0.0
4.0,21.0,2.050004,2.050004,2.050004,2.050004,0.0,0.0
4.0,17.0,2.050004,2.050004,2.050004,2.050004,0.0,0.0
4.0,16.0,2.050004,2.050004,2.050004,2.050004,0.0,0.0
4.0,15.0,2.050004,2.050004,2.050004,2.050004,0.0,0.0
4.0,14.0,2.050004,2.050004,2.050004,2.050004,0.0,0.0
4.0,11.0,2.050004,2.050004,2.050004,2.050004,0.0,0.0
4.0,10.0,2.050004,2.050004,2.050004,2.050004,0.0,0.0
4.0,9.0,2.050004,2.050004,2.050004,2.050004,200.0,0.0
4.0,8.0,2.050004,2.050004,2.050004,2.050004,0.0,0.0
4.0,7.0,2.050004,2.050004,2.050004,2.050004,0.0,0.0
4.0,4.0,2.050004,2.050004,2.050004,2.050004,600.0,0.0
4.0,3.0,2.050004,2.050004,2.050004,2.050004,0.0,0.0
4.0,2.0,2.050004,2.050004,2.050004,2.050004,0.0,0.0
4.0,1.0,2.050004,2.050004,2.050004,2.050004,0.0,0.0
3.0,31.0,2.050004,2.050004,2.050004,2.050004,0.0,0.0
3.0,28.0,2.050004,2.050004,2.050004,2.050004,0.0,0.0
3.0,27.0,2.050004,2.050004,2.050004,2.050004,0.0,0.0
3.0,26.0,2.050004,2.050004,2.050004,2.050004,0.0,0.0
3.0,25.0,2.050004,2.050004,2.050004,2.050004,0.0,0.0
3.0,24.0,2.050004,2.050004,2.050004,2.050004,0.0,0.0
3.0,21.0,2.050004,2.050004,2.050004,2.050004,0.0,0.0
3.0,20.0,2.050004,2.050004,2.050004,2.050004,0.0,0.0
3.0,19.0,2.050004,2.050004,2.050004,2.050004,0.0,0.0
3.0,18.0,2.050004,2.050004,2.050004,2.050004,100.0,0.0
3.0,17.0,2.050004,2.050004,2.050004,2.050004,0.0,0.0
3.0,14.0,2.050004,2.050004,2.050004,2.050004,0.0,0.0
3.0,13.0,2.050004,2.050004,2.050004,2.050004,0.0,0.0
3.0,12.0,2.050004,2.050004,2.050004,2.050004,0.0,0.0
3.0,11.0,2.050004,2.050004,2.050004,2.050004,1200.0,0.0
3.0,10.0,2.000004,2.000004,2.000004,2.000004,0.0,0.0
3.0,7.0,2.000004,2.000004,2.000004,2.000004,0.0,0.0
3.0,6.0,2.000004,2.000004,2.000004,2.000004,0.0,0.0
3.0,5.0,2.500005,2.500005,2.500005,2.500005,0.0,0.0
3.0,4.0,3.000006,3.000006,3.000006,3.000006,0.0,0.0
3.0,3.0,2.050004,2.050004,2.050004,2.050004,0.0,0.0
2.0,28.0,4.380009,4.380009,4.380009,4.380009,0.0,0.0
2.0,27.0,4.480009,4.480009,4.370009,4.380009,12700.0,-0.09999999999999964
