9.0,21.0,0.1,0.1,0.1,0.1,0.0,0.0
9.0,18.0,0.09,0.1,0.09,0.1,20000.0,0.010000000000000009
9.0,17.0,0.09,0.09,0.09,0.09,13200.0,0.0
9.0,16.0,0.08,0.09,0.08,0.09,21000.0,0.009999999999999995
9.0,15.0,0.08,0.08,0.08,0.08,0.0,0.0
9.0,14.0,0.08,0.08,0.08,0.08,0.0,0.0
9.0,11.0,0.08,0.08,0.08,0.08,6000.0,0.0
9.0,10.0,0.08,0.08,0.08,0.08,10000.0,0.0
9.0,9.0,0.09,0.09,0.09,0.09,0.0,0.0
9.0,8.0,0.09,0.09,0.09,0.09,0.0,0.0
9.0,4.0,0.09,0.09,0.09,0.09,0.0,0.0
9.0,3.0,0.09,0.09,0.09,0.09,0.0,0.0
9.0,2.0,0.09,0.09,0.09,0.09,0.0,0.0
9.0,1.0,0.09,0.09,0.09,0.09,0.0,0.0
8.0,31.0,0.09,0.09,0.09,0.09,0.0,0.0
8.0,28.0,0.09,0.09,0.09,0.09,4000.0,0.0
8.0,27.0,0.09,0.09,0.09,0.09,0.0,0.0
8.0,26.0,0.09,0.09,0.09,0.09,0.0,0.0
8.0,25.0,0.09,0.09,0.09,0.09,3500.0,0.0
8.0,24.0,0.09,0.09,0.09,0.09,15100.0,0.0
8.0,21.0,0.09,0.09,0.09,0.09,125000.0,0.0
8.0,20.0,0.09,0.09,0.09,0.09,18000.0,0.0
8.0,19.0,0.09,0.09,0.09,0.09,0.0,0.0
8.0,18.0,0.08,0.09,0.08,0.09,8000.0,0.009999999999999995
8.0,17.0,0.09,0.09,0.09,0.09,0.0,0.0
8.0,14.0,0.09,0.09,0.09,0.09,13000.0,0.0
8.0,13.0,0.09,0.09,0.09,0.09,1000.0,0.0
8.0,12.0,0.08,0.09,0.08,0.09,118600.0,0.009999999999999995
8.0,11.0,0.09,0.09,0.08,0.08,8100.0,-0.009999999999999995
8.0,10.0,0.08,0.08,0.08,0.08,19900.0,0.0
8.0,7.0,0.08,0.08,0.08,0.08,3300.0,0.0
8.0,6.0,0.08,0.08,0.08,0.08,1000.0,0.0
8.0,5.0,0.08,0.08,0.08,0.08,2000.0,0.0
8.0,4.0,0.08,0.09,0.08,0.08,112100.0,0.0
8.0,3.0,0.09,0.09,0.09,0.09,2100.0,0.0
7.0,31.0,0.08,0.09,0.08,0.09,14000.0,0.009999999999999995
7.0,30.0,0.09,0.09,0.08,0.08,129800.0,-0.009999999999999995
7.0,29.0,0.08,0.08,0.08,0.08,68000.0,0.0
7.0,28.0,0.09,0.09,0.09,0.09,2000.0,0.0
7.0,27.0,0.09,0.09,0.08,0.09,98000.0,0.0
7.0,24.0,0.09,0.09,0.09,0.09,6000.0,0.0
7.0,23.0,0.08,0.09,0.08,0.09,11500.0,0.009999999999999995
7.0,22.0,0.09,0.09,0.08,0.08,99500.0,-0.009999999999999995
7.0,21.0,0.09,0.09,0.09,0.09,25200.0,0.0
7.0,20.0,0.09,0.09,0.09,0.09,14200.0,0.0
7.0,17.0,0.09,0.09,0.09,0.09,131000.0,0.0
7.0,16.0,0.08,0.1,0.08,0.09,256700.0,0.009999999999999995
7.0,15.0,0.04,0.05,0.04,0.05,53700.0,0.010000000000000002
7.0,14.0,0.05,0.05,0.05,0.05,16500.0,0.0
7.0,13.0,0.05,0.05,0.05,0.05,2000.0,0.0
7.0,10.0,0.05,0.05,0.05,0.05,0.0,0.0
7.0,9.0,0.04,0.05,0.04,0.05,4000.0,0.010000000000000002
7.0,8.0,0.06,0.06,0.06,0.06,0.0,0.0
7.0,7.0,0.06,0.06,0.06,0.06,0.0,0.0
7.0,6.0,0.06,0.06,0.06,0.06,0.0,0.0
7.0,2.0,0.06,0.06,0.06,0.06,0.0,0.0
7.0,1.0,0.06,0.06,0.06,0.06,0.0,0.0
6.0,30.0,0.06,0.06,0.06,0.06,0.0,0.0
6.0,29.0,0.06,0.06,0.06,0.06,0.0,0.0
6.0,26.0,0.06,0.06,0.06,0.06,0.0,0.0
6.0,25.0,0.06,0.06,0.06,0.06,2000.0,0.0
6.0,24.0,0.05,0.05,0.05,0.05,56300.0,0.0
6.0,23.0,0.06,0.06,0.06,0.06,4000.0,0.0
6.0,22.0,0.05,0.06,0.05,0.06,17000.0,0.009999999999999995
6.0,19.0,0.06,0.06,0.06,0.06,0.0,0.0
6.0,18.0,0.06,0.06,0.06,0.06,0.0,0.0
6.0,17.0,0.06,0.06,0.06,0.06,7000.0,0.0
6.0,16.0,0.06,0.06,0.06,0.06,0.0,0.0
6.0,15.0,0.05,0.06,0.05,0.06,6800.0,0.009999999999999995
6.0,12.0,0.06,0.06,0.05,0.05,19400.0,-0.009999999999999995
6.0,11.0,0.06,0.06,0.06,0.06,32000.0,0.0
6.0,10.0,0.05,0.06,0.05,0.05,16500.0,0.0
6.0,9.0,0.05,0.07,0.05,0.06,194000.0,0.009999999999999995
6.0,8.0,0.07,0.07,0.07,0.07,2000.0,0.0
6.0,5.0,0.06,0.06,0.06,0.06,2000.0,0.0
6.0,4.0,0.05,0.05,0.05,0.05,104500.0,0.0
6.0,3.0,0.06,0.06,0.06,0.06,0.0,0.0
6.0,2.0,0.06,0.06,0.06,0.06,16000.0,0.0
6.0,1.0,0.05,0.05,0.05,0.05,0.0,0.0
5.0,29.0,0.05,0.05,0.05,0.05,0.0,0.0
5.0,28.0,0.05,0.05,0.05,0.05,2000.0,0.0
5.0,27.0,0.05,0.05,0.05,0.05,0.0,0.0
5.0,26.0,0.05,0.05,0.05,0.05,40000.0,0.0
5.0,22.0,0.06,0.06,0.06,0.06,2000.0,0.0
5.0,21.0,0.06,0.06,0.06,0.06,0.0,0.0
5.0,20.0,0.06,0.06,0.06,0.06,14000.0,0.0
5.0,19.0,0.05,0.05,0.05,0.05,2000.0,0.0
5.0,18.0,0.06,0.06,0.06,0.06,0.0,0.0
5.0,15.0,0.05,0.06,0.05,0.06,15800.0,0.009999999999999995
5.0,14.0,0.06,0.06,0.06,0.06,20000.0,0.0
5.0,13.0,0.06,0.06,0.04,0.06,35000.0,0.0
5.0,12.0,0.05,0.06,0.04,0.04,26400.0,-0.010000000000000002
5.0,11.0,0.05,0.05,0.04,0.04,27800.0,-0.010000000000000002
5.0,8.0,0.04,0.04,0.03,0.04,6000.0,0.0
5.0,7.0,0.05,0.05,0.05,0.05,0.0,0.0
5.0,6.0,0.05,0.05,0.05,0.05,0.0,0.0
5.0,5.0,0.05,0.05,0.05,0.05,2000.0,0.0
5.0,4.0,0.05,0.05,0.05,0.05,7500.0,0.0
5.0,1.0,0.03,0.03,0.03,0.03,3800.0,0.0
4.0,30.0,0.05,0.05,0.05,0.05,0.0,0.0
4.0,29.0,0.05,0.05,0.05,0.05,3000.0,0.0
4.0,28.0,0.04,0.04,0.04,0.04,2000.0,0.0
4.0,27.0,0.04,0.04,0.03,0.03,5000.0,-0.010000000000000002
4.0,24.0,0.04,0.04,0.04,0.04,0.0,0.0
4.0,23.0,0.03,0.04,0.03,0.04,11500.0,0.010000000000000002
4.0,22.0,0.04,0.04,0.04,0.04,0.0,0.0
4.0,21.0,0.04,0.04,0.04,0.04,0.0,0.0
4.0,20.0,0.03,0.04,0.03,0.04,23000.0,0.010000000000000002
4.0,17.0,0.04,0.04,0.04,0.04,0.0,0.0
4.0,16.0,0.04,0.04,0.04,0.04,2000.0,0.0
4.0,15.0,0.04,0.04,0.04,0.04,3000.0,0.0
4.0,14.0,0.04,0.04,0.04,0.04,2000.0,0.0
4.0,13.0,0.04,0.04,0.04,0.04,0.0,0.0
4.0,10.0,0.04,0.04,0.04,0.04,5000.0,0.0
4.0,9.0,0.04,0.04,0.04,0.04,5000.0,0.0
4.0,8.0,0.03,0.03,0.03,0.03,8000.0,0.0
4.0,7.0,0.03,0.04,0.03,0.04,17000.0,0.010000000000000002
4.0,6.0,0.04,0.04,0.04,0.04,5000.0,0.0
4.0,2.0,0.04,0.04,0.04,0.04,7000.0,0.0
4.0,1.0,0.03,0.03,0.03,0.03,108000.0,0.0
3.0,31.0,0.03,0.03,0.03,0.03,0.0,0.0
3.0,30.0,0.03,0.03,0.03,0.03,62000.0,0.0
3.0,27.0,0.04,0.04,0.03,0.03,22400.0,-0.010000000000000002
3.0,26.0,0.04,0.04,0.04,0.04,5000.0,0.0
3.0,25.0,0.03,0.04,0.03,0.04,12000.0,0.010000000000000002
3.0,24.0,0.04,0.04,0.04,0.04,0.0,0.0
3.0,23.0,0.04,0.04,0.04,0.04,0.0,0.0
3.0,20.0,0.04,0.04,0.04,0.04,0.0,0.0
3.0,19.0,0.04,0.04,0.04,0.04,0.0,0.0
3.0,18.0,0.04,0.04,0.04,0.04,0.0,0.0
3.0,17.0,0.04,0.04,0.04,0.04,0.0,0.0
3.0,16.0,0.04,0.04,0.04,0.04,0.0,0.0
3.0,13.0,0.04,0.04,0.04,0.04,12200.0,0.0
3.0,12.0,0.05,0.05,0.05,0.05,0.0,0.0
3.0,11.0,0.05,0.05,0.05,0.05,0.0,0.0
3.0,10.0,0.05,0.05,0.05,0.05,0.0,0.0
3.0,9.0,0.05,0.05,0.05,0.05,0.0,0.0
3.0,6.0,0.05,0.05,0.05,0.05,0.0,0.0
3.0,5.0,0.05,0.05,0.05,0.05,0.0,0.0
3.0,4.0,0.05,0.05,0.05,0.05,0.0,0.0
3.0,3.0,0.05,0.05,0.05,0.05,0.0,0.0
3.0,2.0,0.05,0.05,0.05,0.05,0.0,0.0
2.0,27.0,0.05,0.05,0.05,0.05,3000.0,0.0
2.0,26.0,0.05,0.05,0.05,0.05,137000.0,0.0
2.0,25.0,0.04,0.04,0.04,0.04,93000.0,0.0
2.0,24.0,0.04,0.04,0.04,0.04,0.0,0.0
2.0,23.0,0.04,0.04,0.04,0.04,2500.0,0.0
2.0,20.0,0.04,0.05,0.04,0.05,103000.0,0.010000000000000002
2.0,19.0,0.05,0.05,0.05,0.05,0.0,0.0
2.0,18.0,0.05,0.05,0.05,0.05,250000.0,0.0
2.0,17.0,0.05,0.06,0.05,0.06,8000.0,0.009999999999999995
2.0,13.0,0.06,0.06,0.06,0.06,0.0,0.0
2.0,12.0,0.05,0.06,0.05,0.06,5000.0,0.009999999999999995
2.0,11.0,0.07,0.07,0.07,0.07,0.0,0.0
2.0,10.0,0.07,0.07,0.07,0.07,0.0,0.0
2.0,9.0,0.07,0.07,0.07,0.07,0.0,0.0
2.0,6.0,0.07,0.07,0.07,0.07,0.0,0.0
2.0,5.0,0.07,0.07,0.07,0.07,3000.0,0.0
2.0,4.0,0.06,0.06,0.06,0.06,0.0,0.0
2.0,3.0,0.06,0.06,0.06,0.06,4000.0,0.0
2.0,2.0,0.06,0.06,0.06,0.06,2000.0,0.0
1.0,30.0,0.06,0.06,0.06,0.06,4000.0,0.0
1.0,29.0,0.05,0.05,0.05,0.05,0.0,0.0
1.0,28.0,0.05,0.05,0.05,0.05,0.0,0.0
1.0,27.0,0.05,0.05,0.05,0.05,0.0,0.0
1.0,26.0,0.05,0.05,0.05,0.05,0.0,0.0
1.0,23.0,0.05,0.05,0.05,0.05,0.0,0.0
1.0,22.0,0.05,0.05,0.05,0.05,10000.0,0.0
1.0,21.0,0.05,0.05,0.05,0.05,5500.0,0.0
1.0,20.0,0.06,0.06,0.05,0.05,28300.0,-0.009999999999999995
1.0,16.0,0.06,0.06,0.06,0.06,0.0,0.0
1.0,15.0,0.05,0.06,0.05,0.06,14500.0,0.009999999999999995
1.0,14.0,0.06,0.06,0.06,0.06,2000.0,0.0
1.0,13.0,0.05,0.06,0.05,0.06,6000.0,0.009999999999999995
1.0,12.0,0.05,0.05,0.05,0.05,0.0,0.0
1.0,9.0,0.05,0.05,0.05,0.05,2000.0,0.0
1.0,8.0,0.05,0.05,0.05,0.05,0.0,0.0
1.0,7.0,0.05,0.05,0.05,0.05,20000.0,0.0
1.0,6.0,0.05,0.05,0.05,0.05,0.0,0.0
1.0,5.0,0.05,0.05,0.05,0.05,0.0,0.0
1.0,2.0,0.05,0.05,0.05,0.05,0.0,0.0
12.0,31.0,0.05,0.05,0.05,0.05,4000.0,0.0
12.0,30.0,0.05,0.05,0.04,0.04,116000.0,-0.010000000000000002
12.0,29.0,0.04,0.04,0.04,0.04,0.0,0.0
12.0,26.0,0.04,0.04,0.04,0.04,20000.0,0.0
12.0,24.0,0.04,0.04,0.04,0.04,0.0,0.0
12.0,23.0,0.04,0.04,0.04,0.04,10000.0,0.0
12.0,22.0,0.04,0.04,0.04,0.04,0.0,0.0
12.0,19.0,0.04,0.04,0.04,0.04,44000.0,0.0
12.0,18.0,0.04,0.04,0.04,0.04,0.0,0.0
12.0,17.0,0.04,0.04,0.04,0.04,130000.0,0.0
12.0,16.0,0.03,0.03,0.03,0.03,0.0,0.0
12.0,15.0,0.03,0.03,0.03,0.03,20000.0,0.0
12.0,12.0,0.04,0.04,0.04,0.04,0.0,0.0
12.0,11.0,0.04,0.04,0.04,0.04,16000.0,0.0
12.0,10.0,0.04,0.04,0.04,0.04,10000.0,0.0
12.0,9.0,0.05,0.05,0.05,0.05,5000.0,0.0
12.0,8.0,0.04,0.04,0.04,0.04,54000.0,0.0
12.0,5.0,0.05,0.05,0.04,0.04,146000.0,-0.010000000000000002
12.0,4.0,0.05,0.05,0.05,0.05,0.0,0.0
12.0,3.0,0.05,0.05,0.05,0.05,3000.0,0.0
12.0,2.0,0.05,0.05,0.05,0.05,212000.0,0.0
12.0,1.0,0.05,0.06,0.05,0.05,51000.0,0.0
11.0,28.0,0.06,0.06,0.06,0.06,0.0,0.0
11.0,26.0,0.06,0.06,0.06,0.06,5000.0,0.0
11.0,25.0,0.06,0.06,0.06,0.06,5000.0,0.0
11.0,24.0,0.06,0.06,0.06,0.06,0.0,0.0
11.0,21.0,0.06,0.06,0.06,0.06,5000.0,0.0
11.0,20.0,0.05,0.05,0.05,0.05,0.0,0.0
11.0,19.0,0.05,0.05,0.05,0.05,80000.0,0.0
11.0,18.0,0.06,0.06,0.06,0.06,5000.0,0.0
11.0,17.0,0.06,0.06,0.06,0.06,5000.0,0.0
11.0,14.0,0.05,0.05,0.05,0.05,0.0,0.0
11.0,13.0,0.05,0.05,0.05,0.05,0.0,0.0
11.0,12.0,0.05,0.05,0.05,0.05,0.0,0.0
11.0,11.0,0.05,0.05,0.05,0.05,0.0,0.0
11.0,10.0,0.05,0.05,0.05,0.05,0.0,0.0
11.0,7.0,0.05,0.05,0.05,0.05,0.0,0.0
11.0,6.0,0.05,0.05,0.05,0.05,0.0,0.0
11.0,5.0,0.05,0.05,0.05,0.05,10000.0,0.0
11.0,4.0,0.05,0.05,0.05,0.05,0.0,0.0
11.0,3.0,0.05,0.05,0.05,0.05,21500.0,0.0
10.0,31.0,0.04,0.04,0.04,0.04,0.0,0.0
10.0,30.0,0.04,0.04,0.04,0.04,0.0,0.0
10.0,29.0,0.04,0.04,0.04,0.04,40000.0,0.0
10.0,28.0,0.05,0.05,0.05,0.05,0.0,0.0
10.0,27.0,0.05,0.05,0.05,0.05,75000.0,0.0
10.0,24.0,0.04,0.04,0.04,0.04,9000.0,0.0
10.0,23.0,0.05,0.05,0.05,0.05,0.0,0.0
10.0,22.0,0.05,0.05,0.05,0.05,0.0,0.0
10.0,21.0,0.05,0.05,0.05,0.05,0.0,0.0
10.0,20.0,0.05,0.05,0.05,0.05,30000.0,0.0
10.0,17.0,0.05,0.05,0.05,0.05,0.0,0.0
10.0,16.0,0.05,0.05,0.05,0.05,0.0,0.0
10.0,15.0,0.05,0.05,0.05,0.05,90000.0,0.0
10.0,14.0,0.05,0.05,0.05,0.05,67000.0,0.0
10.0,13.0,0.06,0.06,0.06,0.06,0.0,0.0
10.0,10.0,0.06,0.06,0.06,0.06,0.0,0.0
10.0,9.0,0.06,0.06,0.06,0.06,0.0,0.0
10.0,8.0,0.06,0.06,0.06,0.06,0.0,0.0
10.0,7.0,0.06,0.06,0.06,0.06,20000.0,0.0
10.0,6.0,0.06,0.06,0.06,0.06,0.0,0.0
10.0,3.0,0.06,0.06,0.06,0.06,0.0,0.0
10.0,2.0,0.06,0.06,0.06,0.06,0.0,0.0
10.0,1.0,0.04,0.06,0.04,0.06,22000.0,0.019999999999999997
9.0,30.0,0.06,0.06,0.06,0.06,0.0,0.0
9.0,29.0,0.06,0.06,0.06,0.06,0.0,0.0
9.0,26.0,0.06,0.06,0.06,0.06,44500.0,0.0
9.0,25.0,0.05,0.05,0.05,0.05,0.0,0.0
9.0,24.0,0.05,0.05,0.05,0.05,0.0,0.0
9.0,23.0,0.05,0.05,0.05,0.05,0.0,0.0
9.0,22.0,0.05,0.05,0.05,0.05,0.0,0.0
9.0,19.0,0.05,0.05,0.05,0.05,0.0,0.0
9.0,18.0,0.05,0.05,0.05,0.05,0.0,0.0
9.0,17.0,0.05,0.05,0.05,0.05,0.0,0.0
9.0,16.0,0.05,0.05,0.05,0.05,5000.0,0.0
9.0,15.0,0.07,0.07,0.07,0.07,300.0,0.0
9.0,12.0,0.07,0.07,0.07,0.07,20000.0,0.0
9.0,11.0,0.06,0.06,0.06,0.06,0.0,0.0
9.0,10.0,0.06,0.06,0.06,0.06,107000.0,0.0
9.0,9.0,0.06,0.06,0.06,0.06,0.0,0.0
9.0,8.0,0.06,0.06,0.06,0.06,0.0,0.0
9.0,5.0,0.06,0.06,0.06,0.06,0.0,0.0
9.0,4.0,0.07,0.07,0.06,0.06,330000.0,-0.010000000000000009
9.0,3.0,0.07,0.07,0.07,0.07,15000.0,0.0
9.0,2.0,0.07,0.07,0.07,0.07,82800.0,0.0
8.0,29.0,0.08,0.08,0.08,0.08,0.0,0.0
8.0,28.0,0.08,0.08,0.08,0.08,2000.0,0.0
8.0,27.0,0.07,0.07,0.07,0.07,0.0,0.0
8.0,26.0,0.07,0.07,0.07,0.07,27000.0,0.0
8.0,25.0,0.08,0.08,0.08,0.08,2000.0,0.0
8.0,22.0,0.06,0.06,0.06,0.06,5000.0,0.0
8.0,21.0,0.07,0.07,0.07,0.07,36000.0,0.0
8.0,20.0,0.08,0.08,0.08,0.08,2000.0,0.0
8.0,19.0,0.07,0.07,0.07,0.07,5000.0,0.0
8.0,18.0,0.08,0.08,0.08,0.08,0.0,0.0
8.0,15.0,0.07,0.08,0.07,0.08,32000.0,0.009999999999999995
8.0,14.0,0.08,0.08,0.08,0.08,0.0,0.0
8.0,13.0,0.08,0.08,0.08,0.08,0.0,0.0
8.0,12.0,0.08,0.08,0.08,0.08,11000.0,0.0
8.0,11.0,0.08,0.08,0.08,0.08,500.0,0.0
8.0,8.0,0.08,0.08,0.08,0.08,0.0,0.0
8.0,7.0,0.08,0.08,0.08,0.08,0.0,0.0
8.0,6.0,0.08,0.08,0.08,0.08,5000.0,0.0
8.0,5.0,0.07,0.07,0.07,0.07,8000.0,0.0
8.0,4.0,0.08,0.08,0.08,0.08,3100.0,0.0
8.0,1.0,0.08,0.08,0.08,0.08,1000.0,0.0
7.0,31.0,0.08,0.08,0.08,0.08,2000.0,0.0
7.0,30.0,0.08,0.08,0.08,0.08,0.0,0.0
7.0,29.0,0.08,0.08,0.08,0.08,80000.0,0.0
7.0,28.0,0.08,0.08,0.08,0.08,0.0,0.0
7.0,25.0,0.08,0.08,0.08,0.08,0.0,0.0
7.0,24.0,0.08,0.08,0.08,0.08,0.0,0.0
7.0,23.0,0.07,0.08,0.07,0.08,4400.0,0.009999999999999995
7.0,22.0,0.08,0.08,0.08,0.08,0.0,0.0
7.0,21.0,0.08,0.08,0.08,0.08,0.0,0.0
7.0,18.0,0.08,0.08,0.08,0.08,0.0,0.0
7.0,17.0,0.08,0.08,0.08,0.08,0.0,0.0
7.0,16.0,0.08,0.08,0.08,0.08,0.0,0.0
7.0,15.0,0.08,0.08,0.08,0.08,2000.0,0.0
7.0,14.0,0.08,0.08,0.08,0.08,0.0,0.0
7.0,11.0,0.08,0.08,0.08,0.08,32000.0,0.0
7.0,10.0,0.08,0.08,0.08,0.08,250000.0,0.0
7.0,9.0,0.09,0.09,0.09,0.09,18000.0,0.0
7.0,8.0,0.09,0.09,0.07,0.07,13000.0,-0.01999999999999999
7.0,7.0,0.08,0.09,0.08,0.09,66000.0,0.009999999999999995
7.0,3.0,0.08,0.08,0.08,0.08,110000.0,0.0
7.0,2.0,0.08,0.09,0.08,0.08,251000.0,0.0
7.0,1.0,0.08,0.08,0.08,0.08,15000.0,0.0
6.0,30.0,0.08,0.08,0.08,0.08,138000.0,0.0
6.0,27.0,0.08,0.08,0.08,0.08,2000.0,0.0
6.0,26.0,0.08,0.08,0.08,0.08,0.0,0.0
6.0,25.0,0.08,0.08,0.08,0.08,0.0,0.0
6.0,24.0,0.08,0.08,0.08,0.08,9100.0,0.0
6.0,23.0,0.08,0.08,0.08,0.08,10000.0,0.0
6.0,20.0,0.07,0.08,0.07,0.08,39500.0,0.009999999999999995
6.0,19.0,0.07,0.07,0.07,0.07,15000.0,0.0
6.0,18.0,0.06,0.06,0.06,0.06,0.0,0.0
6.0,17.0,0.06,0.06,0.06,0.06,20000.0,0.0
6.0,16.0,0.06,0.06,0.06,0.06,24000.0,0.0
6.0,13.0,0.07,0.07,0.07,0.07,0.0,0.0
6.0,12.0,0.07,0.07,0.07,0.07,0.0,0.0
6.0,11.0,0.07,0.07,0.07,0.07,5000.0,0.0
6.0,10.0,0.07,0.07,0.07,0.07,0.0,0.0
6.0,9.0,0.07,0.07,0.07,0.07,0.0,0.0
6.0,6.0,0.07,0.07,0.07,0.07,30000.0,0.0
6.0,5.0,0.07,0.07,0.07,0.07,4000.0,0.0
6.0,4.0,0.07,0.07,0.07,0.07,14700.0,0.0
6.0,3.0,0.07,0.07,0.07,0.07,30000.0,0.0
6.0,2.0,0.06,0.07,0.06,0.07,23000.0,0.010000000000000009
5.0,30.0,0.07,0.07,0.07,0.07,40000.0,0.0
5.0,29.0,0.08,0.08,0.08,0.08,67000.0,0.0
5.0,28.0,0.06,0.06,0.06,0.06,20000.0,0.0
5.0,27.0,0.07,0.07,0.07,0.07,0.0,0.0
5.0,23.0,0.07,0.07,0.07,0.07,10500.0,0.0
5.0,22.0,0.07,0.07,0.07,0.07,0.0,0.0
5.0,21.0,0.07,0.07,0.07,0.07,0.0,0.0
5.0,20.0,0.07,0.07,0.07,0.07,0.0,0.0
5.0,19.0,0.07,0.07,0.07,0.07,0.0,0.0
5.0,16.0,0.07,0.07,0.07,0.07,0.0,0.0
5.0,15.0,0.07,0.07,0.07,0.07,0.0,0.0
5.0,14.0,0.07,0.07,0.07,0.07,0.0,0.0
5.0,13.0,0.07,0.07,0.07,0.07,0.0,0.0
5.0,12.0,0.07,0.07,0.07,0.07,4000.0,0.0
5.0,9.0,0.06,0.06,0.06,0.06,10000.0,0.0
5.0,8.0,0.06,0.06,0.06,0.06,0.0,0.0
5.0,7.0,0.06,0.06,0.06,0.06,0.0,0.0
5.0,6.0,0.06,0.06,0.06,0.06,125000.0,0.0
5.0,5.0,0.07,0.07,0.06,0.07,187800.0,0.0
5.0,2.0,0.07,0.07,0.07,0.07,70000.0,0.0
5.0,1.0,0.07,0.07,0.07,0.07,10000.0,0.0
4.0,30.0,0.07,0.07,0.07,0.07,200.0,0.0
4.0,29.0,0.08,0.08,0.08,0.08,0.0,0.0
4.0,28.0,0.08,0.08,0.08,0.08,0.0,0.0
4.0,25.0,0.08,0.08,0.08,0.08,0.0,0.0
4.0,24.0,0.08,0.08,0.08,0.08,0.0,0.0
4.0,23.0,0.08,0.08,0.08,0.08,0.0,0.0
4.0,22.0,0.08,0.08,0.08,0.08,4000.0,0.0
4.0,21.0,0.08,0.08,0.07,0.07,55000.0,-0.009999999999999995
4.0,17.0,0.08,0.08,0.08,0.08,0.0,0.0
4.0,16.0,0.08,0.08,0.08,0.08,0.0,0.0
4.0,15.0,0.08,0.08,0.08,0.08,20000.0,0.0
4.0,14.0,0.08,0.08,0.07,0.08,45800.0,0.0
4.0,11.0,0.08,0.08,0.08,0.08,30000.0,0.0
4.0,10.0,0.08,0.08,0.08,0.08,0.0,0.0
4.0,9.0,0.08,0.08,0.08,0.08,0.0,0.0
4.0,8.0,0.08,0.08,0.08,0.08,150000.0,0.0
4.0,7.0,0.08,0.08,0.08,0.08,30000.0,0.0
4.0,4.0,0.08,0.08,0.07,0.08,182000.0,0.0
4.0,3.0,0.08,0.08,0.08,0.08,0.0,0.0
4.0,2.0,0.08,0.08,0.08,0.08,60000.0,0.0
4.0,1.0,0.09,0.09,0.09,0.09,0.0,0.0
3.0,31.0,0.09,0.09,0.09,0.09,0.0,0.0
3.0,28.0,0.09,0.09,0.09,0.09,0.0,0.0
3.0,27.0,0.09,0.09,0.09,0.09,0.0,0.0
3.0,26.0,0.09,0.09,0.09,0.09,0.0,0.0
3.0,25.0,0.08,0.09,0.08,0.09,42000.0,0.009999999999999995
3.0,24.0,0.08,0.08,0.08,0.08,50000.0,0.0
3.0,21.0,0.08,0.08,0.08,0.08,0.0,0.0
3.0,20.0,0.08,0.08,0.08,0.08,0.0,0.0
3.0,19.0,0.09,0.09,0.08,0.08,12000.0,-0.009999999999999995
3.0,18.0,0.09,0.09,0.08,0.08,35000.0,-0.009999999999999995
3.0,17.0,0.1,0.1,0.08,0.08,44500.0,-0.020000000000000004
3.0,14.0,0.1,0.1,0.08,0.08,10000.0,-0.020000000000000004
3.0,13.0,0.1,0.1,0.1,0.1,12200.0,0.0
3.0,12.0,0.09,0.09,0.09,0.09,1000.0,0.0
3.0,11.0,0.09,0.09,0.09,0.09,10000.0,0.0
3.0,10.0,0.09,0.09,0.09,0.09,16000.0,0.0
3.0,7.0,0.1,0.1,0.1,0.1,34000.0,0.0
3.0,6.0,0.09,0.1,0.09,0.1,53000.0,0.010000000000000009
3.0,5.0,0.09,0.09,0.09,0.09,40000.0,0.0
3.0,4.0,0.1,0.1,0.1,0.1,0.0,0.0
3.0,3.0,0.1,0.1,0.1,0.1,16500.0,0.0
2.0,28.0,0.1,0.11,0.1,0.11,45000.0,0.009999999999999995
2.0,27.0,0.1,0.1,0.1,0.1,20400.0,0.0
2.0,26.0,0.1,0.1,0.1,0.1,30000.0,0.0
2.0,25.0,0.1,0.1,0.1,0.1,0.0,0.0
2.0,24.0,0.1,0.1,0.1,0.1,50000.0,0.0
2.0,21.0,0.1,0.1,0.1,0.1,38000.0,0.0
2.0,20.0,0.1,0.1,0.1,0.1,114400.0,0.0
2.0,19.0,0.11,0.11,0.1,0.1,71000.0,-0.009999999999999995
2.0,18.0,0.12,0.12,0.11,0.11,87000.0,-0.009999999999999995
2.0,14.0,0.12,0.12,0.12,0.12,12000.0,0.0
2.0,13.0,0.11,0.11,0.11,0.11,265000.0,0.0
2.0,12.0,0.1,0.1,0.1,0.1,0.0,0.0
2.0,11.0,0.1,0.1,0.1,0.1,10000.0,0.0
2.0,10.0,0.1,0.1,0.1,0.1,4000.0,0.0
2.0,7.0,0.09,0.09,0.09,0.09,0.0,0.0
2.0,6.0,0.09,0.09,0.09,0.09,5000.0,0.0
2.0,5.0,0.08,0.08,0.08,0.08,0.0,0.0
2.0,4.0,0.08,0.08,0.08,0.08,0.0,0.0
2.0,3.0,0.08,0.08,0.08,0.08,0.0,0.0
1.0,31.0,0.08,0.08,0.08,0.08,0.0,0.0
1.0,30.0,0.08,0.08,0.08,0.08,20000.0,0.0
1.0,29.0,0.09,0.09,0.09,0.09,0.0,0.0
1.0,28.0,0.09,0.09,0.09,0.09,0.0,0.0
1.0,27.0,0.08,0.09,0.08,0.09,59700.0,0.009999999999999995
1.0,24.0,0.09,0.09,0.09,0.09,6000.0,0.0
1.0,23.0,0.09,0.09,0.09,0.09,6000.0,0.0
1.0,22.0,0.09,0.09,0.09,0.09,16000.0,0.0
1.0,21.0,0.09,0.09,0.09,0.09,24500.0,0.0
1.0,17.0,0.08,0.08,0.08,0.08,0.0,0.0
1.0,16.0,0.08,0.08,0.08,0.08,0.0,0.0
1.0,15.0,0.08,0.08,0.08,0.08,15000.0,0.0
1.0,14.0,0.09,0.09,0.09,0.09,20000.0,0.0
1.0,13.0,0.09,0.09,0.09,0.09,0.0,0.0
1.0,10.0,0.09,0.09,0.09,0.09,10000.0,0.0
1.0,9.0,0.09,0.09,0.09,0.09,0.0,0.0
1.0,8.0,0.09,0.09,0.09,0.09,0.0,0.0
1.0,7.0,0.09,0.09,0.09,0.09,10600.0,0.0
1.0,6.0,0.09,0.09,0.09,0.09,11000.0,0.0
1.0,3.0,0.08,0.08,0.08,0.08,0.0,0.0
1.0,2.0,0.08,0.08,0.08,0.08,0.0,0.0
12.0,31.0,0.08,0.08,0.08,0.08,400.0,0.0
12.0,30.0,0.09,0.09,0.09,0.09,0.0,0.0
12.0,27.0,0.09,0.09,0.09,0.09,0.0,0.0
12.0,26.0,0.09,0.09,0.09,0.09,0.0,0.0
12.0,24.0,0.09,0.09,0.09,0.09,0.0,0.0
12.0,23.0,0.09,0.09,0.09,0.09,0.0,0.0
12.0,20.0,0.09,0.09,0.09,0.09,0.0,0.0
12.0,19.0,0.09,0.09,0.09,0.09,0.0,0.0
12.0,18.0,0.09,0.09,0.09,0.09,0.0,0.0
12.0,17.0,0.09,0.09,0.09,0.09,0.0,0.0
12.0,16.0,0.08,0.09,0.08,0.09,17500.0,0.009999999999999995
12.0,13.0,0.07,0.07,0.07,0.07,15000.0,0.0
12.0,12.0,0.09,0.09,0.09,0.09,0.0,0.0
12.0,11.0,0.08,0.09,0.08,0.09,2500.0,0.009999999999999995
12.0,10.0,0.07,0.07,0.07,0.07,0.0,0.0
12.0,9.0,0.07,0.07,0.07,0.07,0.0,0.0
12.0,6.0,0.07,0.07,0.07,0.07,0.0,0.0
12.0,5.0,0.07,0.07,0.07,0.07,500.0,0.0
12.0,4.0,0.08,0.08,0.08,0.08,28000.0,0.0
12.0,3.0,0.08,0.08,0.08,0.08,10000.0,0.0
12.0,2.0,0.08,0.08,0.08,0.08,800.0,0.0
11.0,29.0,0.09,0.09,0.09,0.09,0.0,0.0
11.0,27.0,0.09,0.09,0.09,0.09,0.0,0.0
11.0,26.0,0.09,0.09,0.09,0.09,0.0,0.0
11.0,25.0,0.09,0.09,0.09,0.09,0.0,0.0
11.0,22.0,0.09,0.09,0.09,0.09,0.0,0.0
11.0,21.0,0.09,0.09,0.09,0.09,19000.0,0.0
11.0,20.0,0.08,0.08,0.08,0.08,8800.0,0.0
11.0,19.0,0.08,0.08,0.08,0.08,25000.0,0.0
11.0,18.0,0.08,0.09,0.08,0.09,175000.0,0.009999999999999995
11.0,15.0,0.1,0.1,0.1,0.1,26000.0,0.0
11.0,14.0,0.09,0.09,0.07,0.07,44000.0,-0.01999999999999999
11.0,13.0,0.08,0.08,0.08,0.08,14400.0,0.0
11.0,12.0,0.08,0.08,0.08,0.08,6600.0,0.0
11.0,11.0,0.09,0.09,0.09,0.09,0.0,0.0
11.0,8.0,0.09,0.09,0.09,0.09,0.0,0.0
11.0,7.0,0.09,0.09,0.09,0.09,0.0,0.0
11.0,6.0,0.09,0.09,0.09,0.09,0.0,0.0
11.0,5.0,0.09,0.09,0.09,0.09,0.0,0.0
11.0,4.0,0.09,0.09,0.09,0.09,0.0,0.0
11.0,1.0,0.09,0.09,0.09,0.09,16500.0,0.0
10.0,31.0,0.09,0.09,0.09,0.09,1000.0,0.0
10.0,30.0,0.09,0.09,0.09,0.09,0.0,0.0
10.0,29.0,0.1,0.11,0.09,0.09,7500.0,-0.010000000000000009
10.0,28.0,0.11,0.11,0.11,0.11,1600.0,0.0
10.0,25.0,0.1,0.1,0.1,0.1,0.0,0.0
10.0,24.0,0.1,0.1,0.1,0.1,24000.0,0.0
10.0,23.0,0.09,0.09,0.09,0.09,0.0,0.0
10.0,22.0,0.09,0.09,0.09,0.09,56200.0,0.0
10.0,21.0,0.09,0.09,0.09,0.09,6500.0,0.0
10.0,18.0,0.09,0.09,0.09,0.09,0.0,0.0
10.0,17.0,0.09,0.09,0.09,0.09,4000.0,0.0
10.0,16.0,0.09,0.09,0.09,0.09,24500.0,0.0
10.0,15.0,0.1,0.1,0.1,0.1,0.0,0.0
10.0,14.0,0.1,0.1,0.1,0.1,0.0,0.0
10.0,11.0,0.1,0.1,0.1,0.1,40000.0,0.0
10.0,10.0,0.11,0.11,0.11,0.11,2700.0,0.0
10.0,9.0,0.11,0.11,0.11,0.11,0.0,0.0
10.0,8.0,0.11,0.11,0.11,0.11,0.0,0.0
10.0,7.0,0.11,0.11,0.11,0.11,0.0,0.0
10.0,4.0,0.11,0.11,0.11,0.11,10000.0,0.0
10.0,3.0,0.11,0.11,0.11,0.11,1000.0,0.0
10.0,2.0,0.12,0.12,0.12,0.12,0.0,0.0
10.0,1.0,0.12,0.12,0.12,0.12,4000.0,0.0
9.0,30.0,0.12,0.12,0.12,0.12,0.0,0.0
9.0,27.0,0.12,0.12,0.12,0.12,0.0,0.0
9.0,26.0,0.12,0.12,0.12,0.12,0.0,0.0
9.0,25.0,0.12,0.12,0.12,0.12,0.0,0.0
9.0,24.0,0.12,0.12,0.12,0.12,0.0,0.0
9.0,23.0,0.13,0.13,0.12,0.12,11300.0,-0.010000000000000009
9.0,20.0,0.12,0.12,0.12,0.12,8300.0,0.0
9.0,19.0,0.14,0.14,0.14,0.14,0.0,0.0
9.0,18.0,0.13,0.14,0.13,0.14,13000.0,0.010000000000000009
9.0,17.0,0.12,0.12,0.12,0.12,0.0,0.0
9.0,16.0,0.12,0.12,0.12,0.12,0.0,0.0
9.0,13.0,0.13,0.13,0.12,0.12,5000.0,-0.010000000000000009
9.0,12.0,0.14,0.14,0.14,0.14,0.0,0.0
9.0,11.0,0.13,0.14,0.13,0.14,4300.0,0.010000000000000009
9.0,10.0,0.13,0.13,0.13,0.13,30000.0,0.0
9.0,9.0,0.14,0.14,0.14,0.14,2000.0,0.0
9.0,6.0,0.15,0.15,0.15,0.15,0.0,0.0
9.0,5.0,0.15,0.15,0.15,0.15,1000.0,0.0
9.0,4.0,0.16,0.16,0.15,0.15,12500.0,-0.010000000000000009
9.0,3.0,0.16,0.16,0.16,0.16,0.0,0.0
8.0,30.0,0.16,0.16,0.16,0.16,1000.0,0.0
8.0,29.0,0.15,0.15,0.15,0.15,30000.0,0.0
8.0,28.0,0.17,0.17,0.17,0.17,0.0,0.0
8.0,27.0,0.17,0.17,0.17,0.17,7500.0,0.0
8.0,26.0,0.16,0.16,0.16,0.16,40000.0,0.0
8.0,23.0,0.14,0.14,0.14,0.14,0.0,0.0
8.0,22.0,0.13,0.14,0.13,0.14,10600.0,0.010000000000000009
8.0,21.0,0.15,0.15,0.15,0.15,0.0,0.0
8.0,20.0,0.15,0.15,0.15,0.15,0.0,0.0
8.0,19.0,0.15,0.15,0.15,0.15,0.0,0.0
8.0,16.0,0.15,0.15,0.15,0.15,3300.0,0.0
8.0,15.0,0.14,0.15,0.13,0.15,41000.0,0.009999999999999981
8.0,14.0,0.13,0.14,0.13,0.14,90000.0,0.010000000000000009
8.0,13.0,0.13,0.13,0.13,0.13,0.0,0.0
8.0,12.0,0.11,0.13,0.11,0.13,9300.0,0.020000000000000004
8.0,9.0,0.12,0.12,0.12,0.12,0.0,0.0
8.0,8.0,0.12,0.12,0.12,0.12,0.0,0.0
8.0,7.0,0.12,0.12,0.12,0.12,0.0,0.0
8.0,6.0,0.12,0.12,0.12,0.12,3900.0,0.0
8.0,5.0,0.13,0.13,0.13,0.13,0.0,0.0
8.0,2.0,0.13,0.13,0.13,0.13,1500.0,0.0
8.0,1.0,0.13,0.13,0.13,0.13,6000.0,0.0
7.0,31.0,0.13,0.13,0.13,0.13,0.0,0.0
7.0,30.0,0.13,0.13,0.13,0.13,0.0,0.0
7.0,29.0,0.13,0.13,0.13,0.13,2500.0,0.0
7.0,26.0,0.15,0.15,0.15,0.15,0.0,0.0
7.0,25.0,0.15,0.15,0.15,0.15,0.0,0.0
7.0,24.0,0.15,0.15,0.15,0.15,25000.0,0.0
7.0,23.0,0.14,0.16,0.14,0.16,43500.0,0.01999999999999999
7.0,22.0,0.13,0.15,0.13,0.15,46000.0,0.01999999999999999
7.0,19.0,0.13,0.13,0.13,0.13,20000.0,0.0
7.0,18.0,0.13,0.13,0.13,0.13,15000.0,0.0
7.0,17.0,0.13,0.14,0.13,0.13,32300.0,0.0
7.0,16.0,0.14,0.14,0.14,0.14,0.0,0.0
7.0,15.0,0.14,0.14,0.14,0.14,0.0,0.0
7.0,12.0,0.13,0.14,0.13,0.14,15000.0,0.010000000000000009
7.0,11.0,0.12,0.15,0.12,0.14,13500.0,0.020000000000000018
7.0,10.0,0.12,0.12,0.12,0.12,1000.0,0.0
7.0,9.0,0.11,0.11,0.11,0.11,0.0,0.0
7.0,8.0,0.11,0.11,0.11,0.11,0.0,0.0
7.0,5.0,0.11,0.11,0.11,0.11,0.0,0.0
7.0,3.0,0.11,0.11,0.11,0.11,0.0,0.0
7.0,2.0,0.11,0.11,0.11,0.11,40000.0,0.0
7.0,1.0,0.1,0.1,0.1,0.1,0.0,0.0
6.0,28.0,0.1,0.1,0.1,0.1,0.0,0.0
6.0,27.0,0.1,0.1,0.1,0.1,1000.0,0.0
6.0,26.0,0.13,0.13,0.13,0.13,0.0,0.0
6.0,25.0,0.13,0.13,0.13,0.13,0.0,0.0
6.0,24.0,0.13,0.13,0.13,0.13,0.0,0.0
6.0,21.0,0.13,0.13,0.13,0.13,7300.0,0.0
6.0,20.0,0.12,0.12,0.11,0.12,4000.0,0.0
6.0,19.0,0.14,0.14,0.14,0.14,0.0,0.0
6.0,18.0,0.15,0.15,0.14,0.14,10900.0,-0.009999999999999981
6.0,17.0,0.15,0.15,0.15,0.15,2000.0,0.0
6.0,14.0,0.15,0.15,0.15,0.15,0.0,0.0
6.0,13.0,0.15,0.15,0.15,0.15,0.0,0.0
6.0,12.0,0.15,0.15,0.15,0.15,0.0,0.0
6.0,11.0,0.15,0.15,0.15,0.15,0.0,0.0
6.0,10.0,0.15,0.15,0.15,0.15,0.0,0.0
6.0,7.0,0.15,0.15,0.15,0.15,1000.0,0.0
6.0,6.0,0.16,0.16,0.16,0.16,0.0,0.0
6.0,5.0,0.17,0.17,0.16,0.16,4000.0,-0.010000000000000009
6.0,4.0,0.15,0.16,0.15,0.15,58000.0,0.0
6.0,3.0,0.13,0.15,0.13,0.15,105500.0,0.01999999999999999
5.0,31.0,0.14,0.14,0.14,0.14,1000.0,0.0
5.0,30.0,0.13,0.13,0.12,0.13,42000.0,0.0
5.0,29.0,0.14,0.14,0.14,0.14,0.0,0.0
5.0,28.0,0.14,0.14,0.14,0.14,0.0,0.0
5.0,24.0,0.14,0.14,0.14,0.14,2000.0,0.0
5.0,23.0,0.14,0.14,0.14,0.14,15000.0,0.0
5.0,22.0,0.14,0.14,0.14,0.14,0.0,0.0
5.0,21.0,0.14,0.14,0.14,0.14,10000.0,0.0
5.0,20.0,0.12,0.12,0.12,0.12,0.0,0.0
5.0,17.0,0.12,0.12,0.12,0.12,0.0,0.0
5.0,16.0,0.12,0.12,0.12,0.12,0.0,0.0
5.0,15.0,0.12,0.12,0.12,0.12,0.0,0.0
5.0,14.0,0.12,0.12,0.12,0.12,0.0,0.0
5.0,13.0,0.12,0.12,0.12,0.12,5000.0,0.0
5.0,10.0,0.15,0.15,0.15,0.15,20000.0,0.0
5.0,9.0,0.15,0.15,0.13,0.13,30000.0,-0.01999999999999999
5.0,8.0,0.15,0.15,0.15,0.15,0.0,0.0
5.0,7.0,0.15,0.15,0.15,0.15,5000.0,0.0
5.0,6.0,0.12,0.12,0.12,0.12,0.0,0.0
5.0,3.0,0.12,0.12,0.12,0.12,0.0,0.0
5.0,2.0,0.12,0.12,0.12,0.12,0.0,0.0
5.0,1.0,0.12,0.12,0.12,0.12,0.0,0.0
4.0,30.0,0.12,0.12,0.12,0.12,0.0,0.0
4.0,29.0,0.12,0.12,0.12,0.12,0.0,0.0
4.0,26.0,0.12,0.12,0.12,0.12,0.0,0.0
4.0,25.0,0.12,0.12,0.12,0.12,0.0,0.0
4.0,24.0,0.12,0.12,0.12,0.12,35000.0,0.0
4.0,23.0,0.12,0.12,0.12,0.12,0.0,0.0
4.0,22.0,0.12,0.12,0.12,0.12,3000.0,0.0
4.0,19.0,0.12,0.12,0.12,0.12,1000.0,0.0
4.0,18.0,0.12,0.12,0.12,0.12,5000.0,0.0
4.0,17.0,0.15,0.15,0.15,0.15,0.0,0.0
4.0,16.0,0.15,0.15,0.15,0.15,0.0,0.0
4.0,15.0,0.15,0.15,0.15,0.15,0.0,0.0
4.0,12.0,0.15,0.15,0.15,0.15,11000.0,0.0
4.0,11.0,0.15,0.15,0.15,0.15,0.0,0.0
4.0,10.0,0.15,0.15,0.15,0.15,0.0,0.0
4.0,9.0,0.15,0.15,0.15,0.15,0.0,0.0
4.0,8.0,0.15,0.15,0.15,0.15,12000.0,0.0
4.0,5.0,0.14,0.14,0.14,0.14,15000.0,0.0
4.0,4.0,0.15,0.15,0.15,0.15,14000.0,0.0
4.0,3.0,0.16,0.16,0.16,0.16,0.0,0.0
4.0,2.0,0.16,0.16,0.16,0.16,0.0,0.0
4.0,1.0,0.16,0.16,0.16,0.16,0.0,0.0
3.0,28.0,0.16,0.16,0.16,0.16,0.0,0.0
3.0,27.0,0.16,0.16,0.16,0.16,0.0,0.0
3.0,26.0,0.16,0.16,0.16,0.16,4000.0,0.0
3.0,25.0,0.16,0.16,0.16,0.16,0.0,0.0
3.0,22.0,0.16,0.16,0.16,0.16,0.0,0.0
3.0,21.0,0.16,0.16,0.16,0.16,0.0,0.0
3.0,20.0,0.16,0.16,0.16,0.16,10000.0,0.0
3.0,19.0,0.18,0.18,0.18,0.18,0.0,0.0
3.0,18.0,0.18,0.18,0.18,0.18,0.0,0.0
3.0,15.0,0.18,0.18,0.18,0.18,0.0,0.0
3.0,14.0,0.19,0.19,0.18,0.18,38500.0,-0.010000000000000009
3.0,13.0,0.18,0.18,0.18,0.18,1000.0,0.0
3.0,12.0,0.18,0.18,0.17,0.17,20000.0,-0.009999999999999981
3.0,11.0,0.18,0.18,0.18,0.18,0.0,0.0
3.0,8.0,0.18,0.18,0.18,0.18,26500.0,0.0
3.0,7.0,0.17,0.17,0.17,0.17,0.0,0.0
3.0,6.0,0.17,0.17,0.17,0.17,0.0,0.0
3.0,5.0,0.18,0.18,0.17,0.17,32800.0,-0.009999999999999981
3.0,4.0,0.18,0.18,0.18,0.18,0.0,0.0
3.0,1.0,0.18,0.18,0.18,0.18,13000.0,0.0
2.0,28.0,0.19,0.19,0.19,0.19,0.0,0.0
2.0,27.0,0.19,0.19,0.19,0.19,0.0,0.0
2.0,26.0,0.19,0.19,0.19,0.19,0.0,0.0
2.0,25.0,0.19,0.19,0.19,0.19,0.0,0.0
2.0,22.0,0.19,0.19,0.19,0.19,0.0,0.0
2.0,21.0,0.19,0.19,0.19,0.19,20000.0,0.0
2.0,20.0,0.19,0.2,0.18,0.18,42500.0,-0.010000000000000009
2.0,19.0,0.2,0.2,0.2,0.2,0.0,0.0
2.0,15.0,0.2,0.2,0.2,0.2,8000.0,0.0
2.0,14.0,0.22,0.22,0.22,0.22,1000.0,0.0
2.0,13.0,0.25,0.25,0.25,0.25,0.0,0.0
2.0,12.0,0.25,0.25,0.25,0.25,0.0,0.0
2.0,11.0,0.25,0.25,0.25,0.25,0.0,0.0
2.0,8.0,0.25,0.25,0.25,0.25,400.0,0.0
2.0,7.0,0.26,0.27,0.25,0.25,86000.0,-0.010000000000000009
2.0,6.0,0.26,0.26,0.26,0.26,30000.0,0.0
2.0,5.0,0.27,0.27,0.27,0.27,0.0,0.0
2.0,4.0,0.27,0.27,0.27,0.27,0.0,0.0
2.0,1.0,0.27,0.27,0.27,0.27,0.0,0.0
1.0,31.0,0.27,0.27,0.27,0.27,0.0,0.0
1.0,30.0,0.27,0.27,0.27,0.27,18000.0,0.0
1.0,29.0,0.28,0.28,0.28,0.28,0.0,0.0
1.0,28.0,0.28,0.28,0.28,0.28,0.0,0.0
1.0,25.0,0.28,0.28,0.28,0.28,0.0,0.0
1.0,24.0,0.28,0.28,0.28,0.28,10000.0,0.0
1.0,23.0,0.29,0.29,0.29,0.29,0.0,0.0
1.0,22.0,0.29,0.29,0.29,0.29,20000.0,0.0
1.0,18.0,0.29,0.3,0.29,0.3,167500.0,0.010000000000000009
1.0,17.0,0.28,0.28,0.28,0.28,50000.0,0.0
1.0,16.0,0.28,0.28,0.28,0.28,0.0,0.0
1.0,15.0,0.28,0.28,0.27,0.28,32300.0,0.0
1.0,14.0,0.27,0.28,0.27,0.28,4400.0,0.010000000000000009
1.0,11.0,0.25,0.25,0.25,0.25,0.0,0.0
1.0,10.0,0.25,0.25,0.25,0.25,10000.0,0.0
1.0,9.0,0.26,0.26,0.26,0.26,0.0,0.0
1.0,8.0,0.26,0.26,0.26,0.26,10000.0,0.0
1.0,7.0,0.28,0.28,0.28,0.28,0.0,0.0
1.0,4.0,0.28,0.28,0.28,0.28,0.0,0.0
1.0,3.0,0.28,0.28,0.28,0.28,0.0,0.0
1.0,2.0,0.28,0.28,0.28,0.28,0.0,0.0
12.0,31.0,0.28,0.28,0.28,0.28,0.0,0.0
12.0,28.0,0.28,0.28,0.28,0.28,0.0,0.0
12.0,27.0,0.28,0.28,0.28,0.28,0.0,0.0
12.0,26.0,0.28,0.28,0.28,0.28,0.0,0.0
12.0,24.0,0.28,0.28,0.28,0.28,0.0,0.0
12.0,21.0,0.28,0.28,0.28,0.28,0.0,0.0
12.0,20.0,0.27,0.28,0.27,0.28,10000.0,0.010000000000000009
12.0,19.0,0.28,0.28,0.28,0.28,0.0,0.0
12.0,18.0,0.28,0.28,0.28,0.28,0.0,0.0
12.0,17.0,0.28,0.28,0.28,0.28,10000.0,0.0
12.0,14.0,0.27,0.27,0.27,0.27,0.0,0.0
12.0,13.0,0.27,0.27,0.27,0.27,0.0,0.0
12.0,12.0,0.27,0.27,0.27,0.27,0.0,0.0
12.0,11.0,0.26,0.27,0.26,0.27,4500.0,0.010000000000000009
12.0,10.0,0.27,0.27,0.26,0.26,39700.0,-0.010000000000000009
12.0,7.0,0.27,0.27,0.27,0.27,0.0,0.0
12.0,6.0,0.27,0.27,0.27,0.27,800.0,0.0
12.0,5.0,0.27,0.27,0.27,0.27,0.0,0.0
12.0,4.0,0.27,0.27,0.27,0.27,0.0,0.0
12.0,3.0,0.27,0.27,0.27,0.27,0.0,0.0
11.0,30.0,0.27,0.27,0.27,0.27,0.0,0.0
11.0,29.0,0.28,0.28,0.27,0.27,4500.0,-0.010000000000000009
11.0,28.0,0.27,0.28,0.27,0.27,38000.0,0.0
11.0,27.0,0.29,0.29,0.29,0.29,0.0,0.0
11.0,26.0,0.29,0.29,0.29,0.29,1400.0,0.0
11.0,23.0,0.27,0.27,0.27,0.27,3500.0,0.0
11.0,21.0,0.27,0.27,0.26,0.26,3000.0,-0.010000000000000009
11.0,20.0,0.26,0.26,0.26,0.26,0.0,0.0
11.0,19.0,0.26,0.26,0.26,0.26,0.0,0.0
11.0,16.0,0.26,0.26,0.26,0.26,0.0,0.0
11.0,15.0,0.26,0.26,0.26,0.26,10000.0,0.0
11.0,14.0,0.26,0.26,0.26,0.26,3500.0,0.0
11.0,13.0,0.26,0.26,0.26,0.26,2300.0,0.0
11.0,12.0,0.29,0.29,0.29,0.29,0.0,0.0
11.0,9.0,0.28,0.29,0.28,0.29,5000.0,0.009999999999999953
11.0,8.0,0.25,0.25,0.25,0.25,0.0,0.0
11.0,7.0,0.25,0.25,0.25,0.25,0.0,0.0
11.0,6.0,0.25,0.25,0.25,0.25,10000.0,0.0
11.0,5.0,0.27,0.27,0.27,0.27,10000.0,0.0
11.0,2.0,0.28,0.28,0.28,0.28,0.0,0.0
11.0,1.0,0.28,0.28,0.28,0.28,0.0,0.0
10.0,31.0,0.28,0.28,0.28,0.28,500.0,0.0
10.0,26.0,0.3,0.3,0.3,0.3,0.0,0.0
10.0,25.0,0.3,0.3,0.3,0.3,800.0,0.0
10.0,24.0,0.29,0.29,0.29,0.29,1000.0,0.0
10.0,23.0,0.3,0.3,0.3,0.3,0.0,0.0
10.0,22.0,0.3,0.3,0.3,0.3,5000.0,0.0
10.0,19.0,0.29,0.29,0.29,0.29,1000.0,0.0
10.0,18.0,0.31,0.31,0.3,0.3,20000.0,-0.010000000000000009
10.0,17.0,0.35,0.35,0.35,0.35,0.0,0.0
10.0,16.0,0.35,0.35,0.35,0.35,0.0,0.0
10.0,15.0,0.35,0.35,0.35,0.35,0.0,0.0
10.0,12.0,0.35,0.35,0.35,0.35,0.0,0.0
10.0,11.0,0.35,0.35,0.35,0.35,0.0,0.0
10.0,10.0,0.35,0.35,0.35,0.35,0.0,0.0
10.0,9.0,0.35,0.35,0.35,0.35,7000.0,0.0
10.0,8.0,0.34,0.34,0.34,0.34,0.0,0.0
10.0,5.0,0.34,0.34,0.34,0.34,50000.0,0.0
10.0,4.0,0.34,0.34,0.34,0.34,10000.0,0.0
10.0,3.0,0.32,0.32,0.32,0.32,4000.0,0.0
10.0,2.0,0.36,0.36,0.36,0.36,0.0,0.0
10.0,1.0,0.33,0.36,0.33,0.36,39800.0,0.02999999999999997
9.0,28.0,0.31,0.31,0.3,0.31,25000.0,0.0
9.0,27.0,0.28,0.28,0.28,0.28,2200.0,0.0
9.0,26.0,0.28,0.28,0.28,0.28,0.0,0.0
9.0,25.0,0.28,0.28,0.28,0.28,0.0,0.0
9.0,24.0,0.28,0.28,0.28,0.28,21300.0,0.0
9.0,21.0,0.31,0.31,0.29,0.29,6800.0,-0.020000000000000018
9.0,20.0,0.35,0.35,0.35,0.35,0.0,0.0
9.0,19.0,0.35,0.35,0.35,0.35,0.0,0.0
9.0,18.0,0.35,0.35,0.35,0.35,300.0,0.0
9.0,17.0,0.35,0.35,0.35,0.35,2000.0,0.0
9.0,14.0,0.29,0.3,0.29,0.3,5400.0,0.010000000000000009
9.0,13.0,0.28,0.28,0.27,0.27,15000.0,-0.010000000000000009
9.0,12.0,0.27,0.29,0.27,0.29,27000.0,0.019999999999999962
9.0,11.0,0.27,0.27,0.27,0.27,4000.0,0.0
9.0,10.0,0.25,0.25,0.25,0.25,400.0,0.0
9.0,7.0,0.23,0.26,0.23,0.26,25000.0,0.03
9.0,6.0,0.2,0.2,0.2,0.2,5000.0,0.0
9.0,5.0,0.2,0.2,0.2,0.2,9000.0,0.0
9.0,4.0,0.22,0.22,0.22,0.22,0.0,0.0
8.0,31.0,0.21,0.22,0.2,0.22,20400.0,0.010000000000000009
8.0,30.0,0.21,0.21,0.21,0.21,0.0,0.0
8.0,29.0,0.21,0.21,0.21,0.21,0.0,0.0
8.0,28.0,0.21,0.21,0.21,0.21,0.0,0.0
8.0,27.0,0.21,0.21,0.21,0.21,0.0,0.0
8.0,24.0,0.21,0.21,0.21,0.21,0.0,0.0
8.0,23.0,0.21,0.21,0.21,0.21,0.0,0.0
8.0,22.0,0.21,0.21,0.21,0.21,5000.0,0.0
8.0,21.0,0.22,0.22,0.22,0.22,0.0,0.0
8.0,20.0,0.2,0.22,0.2,0.22,40000.0,0.01999999999999999
8.0,17.0,0.2,0.2,0.2,0.2,0.0,0.0
8.0,16.0,0.2,0.2,0.2,0.2,0.0,0.0
8.0,15.0,0.2,0.2,0.2,0.2,0.0,0.0
8.0,14.0,0.2,0.2,0.2,0.2,0.0,0.0
8.0,13.0,0.2,0.2,0.2,0.2,0.0,0.0
8.0,10.0,0.2,0.2,0.2,0.2,0.0,0.0
8.0,9.0,0.2,0.2,0.2,0.2,6000.0,0.0
8.0,8.0,0.23,0.23,0.23,0.23,0.0,0.0
8.0,7.0,0.23,0.23,0.23,0.23,0.0,0.0
8.0,6.0,0.23,0.23,0.23,0.23,0.0,0.0
8.0,3.0,0.22,0.23,0.22,0.23,105000.0,0.010000000000000009
8.0,2.0,0.23,0.23,0.23,0.23,2000.0,0.0
8.0,1.0,0.23,0.24,0.22,0.22,54000.0,-0.010000000000000009
7.0,31.0,0.24,0.24,0.24,0.24,0.0,0.0
7.0,30.0,0.24,0.24,0.24,0.24,0.0,0.0
7.0,27.0,0.24,0.24,0.24,0.24,0.0,0.0
7.0,26.0,0.24,0.24,0.24,0.24,13000.0,0.0
7.0,25.0,0.23,0.23,0.23,0.23,0.0,0.0
7.0,24.0,0.23,0.23,0.23,0.23,1000.0,0.0
7.0,23.0,0.2,0.2,0.2,0.2,0.0,0.0
7.0,20.0,0.2,0.2,0.2,0.2,0.0,0.0
7.0,19.0,0.2,0.2,0.2,0.2,10000.0,0.0
7.0,18.0,0.21,0.21,0.21,0.21,0.0,0.0
7.0,17.0,0.21,0.21,0.21,0.21,15000.0,0.0
7.0,16.0,0.2,0.2,0.2,0.2,2000.0,0.0
7.0,13.0,0.18,0.18,0.17,0.17,351000.0,-0.009999999999999981
7.0,12.0,0.19,0.19,0.19,0.19,5000.0,0.0
7.0,11.0,0.18,0.18,0.18,0.18,5500.0,0.0
7.0,10.0,0.2,0.2,0.2,0.2,2000.0,0.0
7.0,9.0,0.2,0.2,0.2,0.2,0.0,0.0
7.0,6.0,0.2,0.2,0.2,0.2,7500.0,0.0
7.0,5.0,0.18,0.18,0.18,0.18,15000.0,0.0
7.0,3.0,0.15,0.15,0.15,0.15,0.0,0.0
7.0,2.0,0.15,0.15,0.15,0.15,0.0,0.0
6.0,29.0,0.15,0.15,0.15,0.15,0.0,0.0
6.0,28.0,0.15,0.15,0.15,0.15,0.0,0.0
6.0,27.0,0.15,0.17,0.15,0.15,14400.0,0.0
6.0,26.0,0.14,0.14,0.14,0.14,0.0,0.0
6.0,25.0,0.14,0.14,0.14,0.14,0.0,0.0
6.0,22.0,0.14,0.14,0.14,0.14,0.0,0.0
6.0,21.0,0.14,0.14,0.14,0.14,0.0,0.0
6.0,20.0,0.14,0.14,0.14,0.14,0.0,0.0
6.0,19.0,0.14,0.14,0.14,0.14,0.0,0.0
6.0,18.0,0.14,0.14,0.14,0.14,0.0,0.0
6.0,15.0,0.14,0.14,0.14,0.14,0.0,0.0
6.0,14.0,0.14,0.14,0.14,0.14,0.0,0.0
6.0,13.0,0.14,0.14,0.14,0.14,0.0,0.0
6.0,12.0,0.14,0.14,0.14,0.14,0.0,0.0
6.0,11.0,0.14,0.14,0.14,0.14,0.0,0.0
6.0,8.0,0.14,0.14,0.14,0.14,5000.0,0.0
6.0,7.0,0.14,0.14,0.14,0.14,1200.0,0.0
6.0,6.0,0.13,0.13,0.13,0.13,7500.0,0.0
6.0,5.0,0.11,0.11,0.11,0.11,0.0,0.0
6.0,4.0,0.11,0.11,0.11,0.11,0.0,0.0
6.0,1.0,0.11,0.11,0.11,0.11,0.0,0.0
5.0,31.0,0.11,0.11,0.11,0.11,0.0,0.0
5.0,30.0,0.11,0.11,0.11,0.11,0.0,0.0
5.0,29.0,0.11,0.11,0.11,0.11,62300.0,0.0
5.0,25.0,0.11,0.11,0.11,0.11,27000.0,0.0
5.0,24.0,0.1,0.1,0.1,0.1,0.0,0.0
5.0,23.0,0.1,0.1,0.1,0.1,27000.0,0.0
5.0,22.0,0.1,0.1,0.1,0.1,37000.0,0.0
5.0,21.0,0.1,0.1,0.1,0.1,0.0,0.0
5.0,18.0,0.1,0.1,0.1,0.1,3000.0,0.0
5.0,17.0,0.11,0.11,0.1,0.1,38400.0,-0.009999999999999995
5.0,16.0,0.12,0.12,0.12,0.12,0.0,0.0
5.0,15.0,0.12,0.12,0.12,0.12,5000.0,0.0
5.0,14.0,0.11,0.11,0.11,0.11,25000.0,0.0
5.0,11.0,0.12,0.14,0.12,0.13,27400.0,0.010000000000000009
5.0,10.0,0.13,0.13,0.13,0.13,5000.0,0.0
5.0,9.0,0.13,0.14,0.12,0.12,38400.0,-0.010000000000000009
5.0,8.0,0.14,0.14,0.13,0.13,34200.0,-0.010000000000000009
5.0,7.0,0.14,0.14,0.14,0.14,0.0,0.0
5.0,4.0,0.14,0.14,0.14,0.14,17500.0,0.0
5.0,3.0,0.14,0.14,0.14,0.14,7500.0,0.0
5.0,2.0,0.15,0.15,0.13,0.13,13000.0,-0.01999999999999999
5.0,1.0,0.15,0.15,0.15,0.15,0.0,0.0
4.0,30.0,0.15,0.15,0.15,0.15,2900.0,0.0
4.0,27.0,0.13,0.15,0.13,0.15,13000.0,0.01999999999999999
4.0,26.0,0.15,0.15,0.15,0.15,8000.0,0.0
4.0,25.0,0.15,0.15,0.14,0.14,40000.0,-0.009999999999999981
4.0,24.0,0.14,0.14,0.14,0.14,2000.0,0.0
4.0,23.0,0.14,0.14,0.14,0.14,10000.0,0.0
4.0,20.0,0.14,0.16,0.14,0.16,9500.0,0.01999999999999999
4.0,19.0,0.15,0.15,0.15,0.15,5500.0,0.0
4.0,18.0,0.15,0.16,0.15,0.16,12500.0,0.010000000000000009
4.0,17.0,0.15,0.16,0.15,0.16,14400.0,0.010000000000000009
4.0,16.0,0.16,0.16,0.15,0.16,29100.0,0.0
4.0,13.0,0.15,0.15,0.15,0.15,1700.0,0.0
4.0,12.0,0.15,0.15,0.15,0.15,107000.0,0.0
4.0,11.0,0.15,0.15,0.15,0.15,0.0,0.0
4.0,10.0,0.15,0.15,0.15,0.15,5000.0,0.0
4.0,9.0,0.17,0.17,0.16,0.16,15700.0,-0.010000000000000009
4.0,5.0,0.15,0.15,0.15,0.15,2000.0,0.0
4.0,4.0,0.17,0.17,0.17,0.17,0.0,0.0
4.0,3.0,0.17,0.17,0.17,0.17,1200.0,0.0
4.0,2.0,0.17,0.17,0.17,0.17,15000.0,0.0
3.0,30.0,0.17,0.17,0.17,0.17,1000.0,0.0
3.0,29.0,0.18,0.18,0.16,0.16,21600.0,-0.01999999999999999
3.0,28.0,0.18,0.18,0.18,0.18,5000.0,0.0
3.0,27.0,0.17,0.18,0.17,0.18,10000.0,0.009999999999999981
3.0,26.0,0.2,0.2,0.2,0.2,5400.0,0.0
3.0,23.0,0.19,0.19,0.19,0.19,23500.0,0.0
3.0,22.0,0.17,0.17,0.17,0.17,4000.0,0.0
3.0,21.0,0.17,0.17,0.17,0.17,10000.0,0.0
3.0,20.0,0.18,0.18,0.17,0.17,15000.0,-0.009999999999999981
3.0,19.0,0.19,0.19,0.19,0.19,5400.0,0.0
3.0,16.0,0.18,0.18,0.18,0.18,0.0,0.0
3.0,15.0,0.18,0.18,0.18,0.18,14000.0,0.0
3.0,14.0,0.2,0.2,0.18,0.18,6800.0,-0.020000000000000018
3.0,13.0,0.21,0.21,0.21,0.21,0.0,0.0
3.0,12.0,0.21,0.21,0.21,0.21,0.0,0.0
3.0,9.0,0.21,0.21,0.21,0.21,2500.0,0.0
3.0,8.0,0.22,0.22,0.22,0.22,1500.0,0.0
3.0,7.0,0.21,0.22,0.21,0.21,28000.0,0.0
3.0,6.0,0.25,0.25,0.25,0.25,0.0,0.0
3.0,5.0,0.25,0.25,0.25,0.25,7000.0,0.0
3.0,2.0,0.24,0.24,0.24,0.24,0.0,0.0
3.0,1.0,0.24,0.24,0.24,0.24,13500.0,0.0
2.0,29.0,0.25,0.25,0.25,0.25,3000.0,0.0
2.0,28.0,0.23,0.25,0.23,0.25,33000.0,0.01999999999999999
2.0,27.0,0.23,0.23,0.23,0.23,7000.0,0.0
2.0,24.0,0.23,0.23,0.23,0.23,2800.0,0.0
2.0,23.0,0.23,0.23,0.23,0.23,0.0,0.0
2.0,22.0,0.23,0.24,0.23,0.23,41500.0,0.0
2.0,21.0,0.25,0.25,0.23,0.23,17000.0,-0.01999999999999999
2.0,17.0,0.25,0.25,0.23,0.25,55000.0,0.0
2.0,16.0,0.25,0.25,0.25,0.25,1500.0,0.0
2.0,15.0,0.25,0.25,0.25,0.25,4000.0,0.0
2.0,14.0,0.26,0.26,0.26,0.26,5000.0,0.0
2.0,13.0,0.26,0.26,0.26,0.26,9000.0,0.0
2.0,10.0,0.26,0.26,0.26,0.26,6000.0,0.0
2.0,9.0,0.28,0.28,0.27,0.28,5100.0,0.0
2.0,8.0,0.26,0.26,0.26,0.26,0.0,0.0
2.0,7.0,0.27,0.28,0.26,0.26,8800.0,-0.010000000000000009
2.0,6.0,0.27,0.27,0.27,0.27,0.0,0.0
2.0,3.0,0.27,0.27,0.27,0.27,1000.0,0.0
2.0,2.0,0.28,0.3,0.27,0.3,34500.0,0.019999999999999962
2.0,1.0,0.27,0.28,0.27,0.28,10500.0,0.010000000000000009
1.0,31.0,0.26,0.26,0.26,0.26,2000.0,0.0
1.0,30.0,0.23,0.25,0.23,0.25,12000.0,0.01999999999999999
1.0,27.0,0.25,0.25,0.25,0.25,0.0,0.0
1.0,26.0,0.25,0.25,0.25,0.25,5000.0,0.0
1.0,25.0,0.21,0.21,0.21,0.21,5000.0,0.0
1.0,24.0,0.2,0.21,0.2,0.21,155000.0,0.009999999999999981
1.0,23.0,0.22,0.22,0.2,0.21,61000.0,-0.010000000000000009
1.0,20.0,0.2,0.2,0.2,0.2,5000.0,0.0
1.0,19.0,0.22,0.22,0.22,0.22,0.0,0.0
1.0,18.0,0.22,0.22,0.21,0.22,30000.0,0.0
1.0,17.0,0.22,0.22,0.2,0.22,43700.0,0.0
1.0,13.0,0.21,0.21,0.21,0.21,0.0,0.0
1.0,12.0,0.21,0.21,0.21,0.21,0.0,0.0
1.0,11.0,0.21,0.21,0.21,0.21,0.0,0.0
1.0,10.0,0.21,0.21,0.21,0.21,0.0,0.0
1.0,9.0,0.21,0.21,0.21,0.21,0.0,0.0
1.0,6.0,0.21,0.21,0.21,0.21,800.0,0.0
1.0,5.0,0.21,0.21,0.21,0.21,800.0,0.0
1.0,4.0,0.18,0.18,0.18,0.18,0.0,0.0
1.0,3.0,0.18,0.18,0.18,0.18,0.0,0.0
12.0,30.0,0.18,0.18,0.18,0.18,0.0,0.0
12.0,29.0,0.18,0.18,0.18,0.18,300.0,0.0
12.0,28.0,0.19,0.19,0.19,0.19,1500.0,0.0
12.0,27.0,0.18,0.18,0.18,0.18,0.0,0.0
12.0,23.0,0.18,0.18,0.18,0.18,0.0,0.0
12.0,22.0,0.18,0.18,0.18,0.18,0.0,0.0
12.0,21.0,0.18,0.18,0.18,0.18,5000.0,0.0
12.0,20.0,0.16,0.16,0.16,0.16,4000.0,0.0
12.0,19.0,0.16,0.16,0.16,0.16,0.0,0.0
12.0,16.0,0.18,0.18,0.16,0.16,20500.0,-0.01999999999999999
12.0,15.0,0.15,0.15,0.15,0.15,0.0,0.0
12.0,14.0,0.16,0.16,0.15,0.15,50000.0,-0.010000000000000009
12.0,13.0,0.18,0.18,0.17,0.17,1600.0,-0.009999999999999981
12.0,12.0,0.17,0.17,0.17,0.17,2500.0,0.0
12.0,9.0,0.17,0.19,0.17,0.19,3900.0,0.01999999999999999
12.0,8.0,0.19,0.19,0.19,0.19,0.0,0.0
12.0,7.0,0.19,0.19,0.19,0.19,0.0,0.0
12.0,6.0,0.19,0.19,0.19,0.19,3100.0,0.0
12.0,5.0,0.2,0.2,0.2,0.2,4500.0,0.0
12.0,2.0,0.2,0.2,0.2,0.2,12000.0,0.0
12.0,1.0,0.2,0.2,0.2,0.2,0.0,0.0
11.0,30.0,0.2,0.2,0.2,0.2,2000.0,0.0
11.0,29.0,0.18,0.18,0.18,0.18,1500.0,0.0
11.0,28.0,0.19,0.2,0.19,0.2,31500.0,0.010000000000000009
11.0,25.0,0.21,0.21,0.21,0.21,3500.0,0.0
11.0,23.0,0.21,0.21,0.21,0.21,0.0,0.0
11.0,22.0,0.21,0.21,0.21,0.21,100.0,0.0
11.0,21.0,0.2,0.2,0.2,0.2,8000.0,0.0
11.0,18.0,0.23,0.23,0.23,0.23,500.0,0.0
11.0,17.0,0.23,0.23,0.2,0.21,39000.0,-0.020000000000000018
11.0,16.0,0.21,0.21,0.21,0.21,3500.0,0.0
11.0,15.0,0.23,0.24,0.23,0.24,3500.0,0.009999999999999981
11.0,14.0,0.25,0.25,0.25,0.25,0.0,0.0
11.0,11.0,0.25,0.25,0.25,0.25,0.0,0.0
11.0,10.0,0.25,0.25,0.25,0.25,0.0,0.0
11.0,9.0,0.25,0.25,0.25,0.25,10000.0,0.0
11.0,8.0,0.22,0.22,0.22,0.22,0.0,0.0
11.0,7.0,0.22,0.22,0.22,0.22,10000.0,0.0
11.0,4.0,0.25,0.25,0.25,0.25,0.0,0.0
11.0,3.0,0.25,0.25,0.25,0.25,0.0,0.0
11.0,2.0,0.25,0.25,0.25,0.25,0.0,0.0
11.0,1.0,0.25,0.25,0.25,0.25,0.0,0.0
10.0,31.0,0.25,0.25,0.25,0.25,30000.0,0.0
10.0,28.0,0.24,0.24,0.24,0.24,2000.0,0.0
10.0,27.0,0.23,0.23,0.23,0.23,0.0,0.0
10.0,26.0,0.23,0.23,0.23,0.23,0.0,0.0
10.0,25.0,0.23,0.23,0.23,0.23,0.0,0.0
10.0,24.0,0.23,0.23,0.23,0.23,7500.0,0.0
10.0,21.0,0.24,0.25,0.23,0.23,116000.0,-0.009999999999999981
10.0,20.0,0.23,0.23,0.23,0.23,0.0,0.0
10.0,19.0,0.23,0.23,0.23,0.23,0.0,0.0
10.0,18.0,0.23,0.23,0.23,0.23,200.0,0.0
10.0,17.0,0.22,0.22,0.22,0.22,1000.0,0.0
10.0,14.0,0.2,0.2,0.2,0.2,50000.0,0.0
10.0,13.0,0.2,0.2,0.19,0.19,55400.0,-0.010000000000000009
10.0,12.0,0.2,0.2,0.2,0.2,26500.0,0.0
10.0,11.0,0.21,0.21,0.19,0.19,6000.0,-0.01999999999999999
10.0,10.0,0.19,0.19,0.19,0.19,0.0,0.0
10.0,7.0,0.19,0.19,0.19,0.19,0.0,0.0
10.0,6.0,0.21,0.21,0.19,0.19,12500.0,-0.01999999999999999
10.0,5.0,0.2,0.21,0.2,0.21,17500.0,0.009999999999999981
10.0,4.0,0.16,0.16,0.16,0.16,5500.0,0.0
10.0,3.0,0.19,0.19,0.17,0.17,10000.0,-0.01999999999999999
9.0,30.0,0.23,0.23,0.23,0.23,0.0,0.0
9.0,29.0,0.23,0.23,0.23,0.23,1000.0,0.0
9.0,28.0,0.24,0.24,0.24,0.24,15000.0,0.0
9.0,27.0,0.2,0.2,0.2,0.2,4400.0,0.0
9.0,26.0,0.17,0.17,0.17,0.17,10000.0,0.0
9.0,23.0,0.17,0.19,0.17,0.18,96000.0,0.009999999999999981
9.0,22.0,0.23,0.23,0.2,0.2,16000.0,-0.03
9.0,21.0,0.25,0.25,0.25,0.25,300.0,0.0
9.0,20.0,0.23,0.23,0.23,0.23,0.0,0.0
9.0,19.0,0.23,0.23,0.23,0.23,0.0,0.0
9.0,16.0,0.23,0.23,0.23,0.23,0.0,0.0
9.0,15.0,0.23,0.23,0.23,0.23,0.0,0.0
9.0,14.0,0.23,0.23,0.23,0.23,0.0,0.0
9.0,13.0,0.26,0.26,0.23,0.23,10500.0,-0.03
9.0,12.0,0.27,0.27,0.27,0.27,0.0,0.0
9.0,9.0,0.27,0.27,0.27,0.27,800.0,0.0
9.0,8.0,0.25,0.25,0.25,0.25,0.0,0.0
9.0,7.0,0.26,0.26,0.25,0.25,5500.0,-0.010000000000000009
9.0,6.0,0.3,0.3,0.3,0.3,20000.0,0.0
9.0,2.0,0.24,0.24,0.24,0.24,0.0,0.0
9.0,1.0,0.24,0.24,0.24,0.24,0.0,0.0
8.0,31.0,0.24,0.24,0.24,0.24,0.0,0.0
8.0,30.0,0.25,0.25,0.24,0.24,22000.0,-0.010000000000000009
8.0,29.0,0.25,0.25,0.25,0.25,0.0,0.0
8.0,26.0,0.25,0.25,0.25,0.25,0.0,0.0
8.0,25.0,0.23,0.25,0.23,0.25,27000.0,0.01999999999999999
8.0,24.0,0.23,0.23,0.22,0.23,10000.0,0.0
8.0,23.0,0.24,0.24,0.24,0.24,2000.0,0.0
8.0,22.0,0.24,0.24,0.24,0.24,107000.0,0.0
8.0,19.0,0.24,0.24,0.23,0.23,34500.0,-0.009999999999999981
8.0,18.0,0.26,0.26,0.26,0.26,0.0,0.0
8.0,17.0,0.26,0.26,0.26,0.26,400.0,0.0
8.0,16.0,0.26,0.26,0.26,0.26,0.0,0.0
8.0,15.0,0.25,0.26,0.25,0.26,63000.0,0.010000000000000009
8.0,12.0,0.25,0.25,0.25,0.25,3500.0,0.0
8.0,11.0,0.25,0.25,0.25,0.25,16500.0,0.0
8.0,10.0,0.27,0.27,0.27,0.27,8300.0,0.0
8.0,9.0,0.25,0.25,0.25,0.25,9000.0,0.0
8.0,8.0,0.26,0.26,0.26,0.26,25000.0,0.0
8.0,5.0,0.24,0.24,0.24,0.24,19000.0,0.0
8.0,4.0,0.3,0.3,0.3,0.3,0.0,0.0
8.0,3.0,0.3,0.3,0.3,0.3,8000.0,0.0
8.0,2.0,0.28,0.28,0.27,0.27,1800.0,-0.010000000000000009
8.0,1.0,0.3,0.3,0.3,0.3,0.0,0.0
7.0,29.0,0.3,0.3,0.3,0.3,0.0,0.0
7.0,28.0,0.3,0.31,0.3,0.3,19000.0,0.0
7.0,27.0,0.28,0.28,0.28,0.28,18000.0,0.0
7.0,26.0,0.32,0.32,0.32,0.32,5000.0,0.0
7.0,25.0,0.32,0.33,0.3,0.32,17500.0,0.0
7.0,22.0,0.32,0.32,0.32,0.32,3600.0,0.0
7.0,21.0,0.34,0.34,0.34,0.34,0.0,0.0
7.0,20.0,0.34,0.34,0.34,0.34,2000.0,0.0
7.0,19.0,0.33,0.33,0.33,0.33,2500.0,0.0
7.0,18.0,0.32,0.32,0.32,0.32,1000.0,0.0
7.0,15.0,0.31,0.33,0.31,0.33,13000.0,0.020000000000000018
7.0,14.0,0.32,0.32,0.32,0.32,0.0,0.0
7.0,13.0,0.32,0.32,0.32,0.32,1000.0,0.0
7.0,12.0,0.29,0.32,0.29,0.32,60000.0,0.030000000000000027
7.0,11.0,0.28,0.28,0.28,0.28,0.0,0.0
7.0,8.0,0.28,0.28,0.28,0.28,0.0,0.0
7.0,7.0,0.28,0.28,0.28,0.28,0.0,0.0
7.0,6.0,0.28,0.28,0.28,0.28,22000.0,0.0
7.0,5.0,0.29,0.29,0.27,0.27,35000.0,-0.019999999999999962
7.0,1.0,0.29,0.29,0.29,0.29,0.0,0.0
6.0,30.0,0.29,0.29,0.29,0.29,0.0,0.0
6.0,29.0,0.29,0.29,0.29,0.29,15000.0,0.0
6.0,28.0,0.27,0.27,0.27,0.27,0.0,0.0
6.0,27.0,0.27,0.27,0.27,0.27,0.0,0.0
6.0,24.0,0.27,0.27,0.27,0.27,0.0,0.0
6.0,23.0,0.27,0.27,0.27,0.27,0.0,0.0
6.0,22.0,0.27,0.27,0.27,0.27,0.0,0.0
6.0,21.0,0.3,0.3,0.27,0.27,28000.0,-0.02999999999999997
6.0,20.0,0.31,0.31,0.31,0.31,0.0,0.0
6.0,17.0,0.3,0.31,0.3,0.31,1500.0,0.010000000000000009
6.0,16.0,0.27,0.27,0.27,0.27,4000.0,0.0
6.0,15.0,0.34,0.34,0.34,0.34,0.0,0.0
6.0,14.0,0.34,0.34,0.34,0.34,300.0,0.0
6.0,13.0,0.31,0.31,0.31,0.31,4000.0,0.0
6.0,10.0,0.33,0.33,0.31,0.31,14000.0,-0.020000000000000018
6.0,9.0,0.35,0.35,0.34,0.34,6500.0,-0.009999999999999953
6.0,8.0,0.37,0.37,0.37,0.37,5000.0,0.0
6.0,7.0,0.38,0.38,0.38,0.38,500.0,0.0
6.0,6.0,0.35,0.35,0.35,0.35,0.0,0.0
6.0,3.0,0.35,0.35,0.35,0.35,40000.0,0.0
6.0,2.0,0.34,0.34,0.34,0.34,0.0,0.0
6.0,1.0,0.34,0.34,0.34,0.34,47000.0,0.0
5.0,31.0,0.38,0.38,0.35,0.35,17500.0,-0.030000000000000027
5.0,27.0,0.34,0.34,0.34,0.34,5500.0,0.0
5.0,26.0,0.35,0.35,0.35,0.35,0.0,0.0
5.0,25.0,0.35,0.35,0.35,0.35,30000.0,0.0
5.0,24.0,0.33,0.35,0.33,0.35,26100.0,0.019999999999999962
5.0,23.0,0.35,0.35,0.35,0.35,0.0,0.0
5.0,20.0,0.35,0.35,0.35,0.35,0.0,0.0
5.0,19.0,0.35,0.35,0.35,0.35,0.0,0.0
5.0,18.0,0.35,0.35,0.35,0.35,10000.0,0.0
5.0,17.0,0.34,0.34,0.34,0.34,0.0,0.0
5.0,16.0,0.35,0.35,0.34,0.34,10000.0,-0.009999999999999953
5.0,13.0,0.38,0.38,0.38,0.38,0.0,0.0
5.0,12.0,0.36,0.39,0.36,0.38,28500.0,0.020000000000000018
5.0,11.0,0.41,0.41,0.41,0.41,0.0,0.0
5.0,10.0,0.41,0.41,0.41,0.41,4000.0,0.0
5.0,9.0,0.39,0.39,0.39,0.39,41000.0,0.0
5.0,6.0,0.41,0.41,0.41,0.41,0.0,0.0
5.0,5.0,0.41,0.41,0.41,0.41,0.0,0.0
5.0,4.0,0.41,0.41,0.41,0.41,4000.0,0.0
5.0,3.0,0.44,0.44,0.41,0.41,9000.0,-0.030000000000000027
5.0,2.0,0.43,0.45,0.43,0.43,12000.0,0.0
4.0,29.0,0.39,0.45,0.39,0.45,45000.0,0.06
4.0,28.0,0.34,0.39,0.34,0.37,34000.0,0.02999999999999997
4.0,27.0,0.35,0.35,0.35,0.35,0.0,0.0
4.0,26.0,0.35,0.35,0.35,0.35,15000.0,0.0
4.0,25.0,0.39,0.41,0.36,0.36,45500.0,-0.030000000000000027
4.0,21.0,0.35,0.35,0.35,0.35,25000.0,0.0
4.0,20.0,0.33,0.33,0.33,0.33,0.0,0.0
4.0,19.0,0.34,0.34,0.31,0.33,16000.0,-0.010000000000000009
4.0,18.0,0.34,0.34,0.34,0.34,2000.0,0.0
4.0,15.0,0.33,0.33,0.33,0.33,5000.0,0.0
4.0,14.0,0.33,0.33,0.33,0.33,2000.0,0.0
4.0,13.0,0.32,0.32,0.32,0.32,0.0,0.0
4.0,12.0,0.34,0.34,0.32,0.32,47500.0,-0.020000000000000018
4.0,11.0,0.34,0.34,0.34,0.34,5000.0,0.0
4.0,8.0,0.35,0.35,0.35,0.35,25500.0,0.0
4.0,7.0,0.36,0.36,0.36,0.36,23000.0,0.0
4.0,6.0,0.35,0.36,0.34,0.35,41000.0,0.0
4.0,5.0,0.35,0.35,0.35,0.35,400.0,0.0
4.0,4.0,0.33,0.33,0.33,0.33,3000.0,0.0
4.0,1.0,0.37,0.37,0.37,0.37,0.0,0.0
3.0,31.0,0.36,0.37,0.36,0.37,2500.0,0.010000000000000009
3.0,30.0,0.35,0.35,0.34,0.34,10000.0,-0.009999999999999953
3.0,29.0,0.37,0.37,0.37,0.37,0.0,0.0
3.0,28.0,0.37,0.37,0.37,0.37,0.0,0.0
3.0,25.0,0.37,0.37,0.37,0.37,11500.0,0.0
3.0,24.0,0.36,0.36,0.36,0.36,5500.0,0.0
3.0,23.0,0.39,0.39,0.39,0.39,10000.0,0.0
3.0,22.0,0.37,0.37,0.37,0.37,0.0,0.0
3.0,21.0,0.37,0.37,0.37,0.37,2000.0,0.0
3.0,18.0,0.33,0.33,0.33,0.33,0.0,0.0
3.0,17.0,0.33,0.33,0.33,0.33,0.0,0.0
3.0,16.0,0.33,0.33,0.33,0.33,0.0,0.0
3.0,15.0,0.33,0.33,0.33,0.33,1000.0,0.0
3.0,14.0,0.36,0.36,0.36,0.36,41000.0,0.0
3.0,11.0,0.35,0.35,0.35,0.35,70000.0,0.0
3.0,10.0,0.37,0.39,0.36,0.36,30000.0,-0.010000000000000009
3.0,9.0,0.39,0.4,0.39,0.4,30000.0,0.010000000000000009
3.0,8.0,0.4,0.4,0.4,0.4,0.0,0.0
3.0,7.0,0.4,0.4,0.4,0.4,6400.0,0.0
3.0,4.0,0.41,0.41,0.38,0.38,3000.0,-0.02999999999999997
3.0,3.0,0.41,0.41,0.41,0.41,3000.0,0.0
3.0,2.0,0.42,0.42,0.42,0.42,45700.0,0.0
3.0,1.0,0.37,0.43,0.37,0.42,75500.0,0.04999999999999999
2.0,28.0,0.36,0.36,0.36,0.36,0.0,0.0
2.0,25.0,0.36,0.36,0.36,0.36,10300.0,0.0
2.0,24.0,0.37,0.37,0.37,0.37,1000.0,0.0
2.0,23.0,0.38,0.38,0.35,0.35,24000.0,-0.030000000000000027
2.0,22.0,0.38,0.38,0.38,0.38,12500.0,0.0
2.0,18.0,0.39,0.4,0.39,0.4,21300.0,0.010000000000000009
2.0,17.0,0.39,0.4,0.39,0.4,53000.0,0.010000000000000009
2.0,16.0,0.38,0.38,0.38,0.38,0.0,0.0
2.0,15.0,0.37,0.38,0.37,0.38,27100.0,0.010000000000000009
2.0,14.0,0.37,0.38,0.37,0.37,15500.0,0.0
2.0,11.0,0.4,0.4,0.4,0.4,6800.0,0.0
2.0,10.0,0.4,0.4,0.39,0.4,12700.0,0.0
2.0,9.0,0.4,0.4,0.4,0.4,8000.0,0.0
2.0,8.0,0.38,0.42,0.38,0.41,56600.0,0.02999999999999997
2.0,7.0,0.39,0.39,0.39,0.39,18100.0,0.0
2.0,4.0,0.41,0.41,0.38,0.38,13000.0,-0.02999999999999997
2.0,3.0,0.4,0.41,0.4,0.41,17500.0,0.009999999999999953
2.0,2.0,0.42,0.42,0.4,0.4,15000.0,-0.019999999999999962
2.0,1.0,0.39,0.39,0.39,0.39,3000.0,0.0
1.0,31.0,0.42,0.42,0.41,0.41,8000.0,-0.010000000000000009
1.0,28.0,0.42,0.43,0.41,0.43,27000.0,0.010000000000000009
1.0,27.0,0.4,0.4,0.4,0.4,14000.0,0.0
1.0,26.0,0.41,0.41,0.41,0.41,5000.0,0.0
1.0,25.0,0.4,0.4,0.39,0.39,30000.0,-0.010000000000000009
1.0,24.0,0.41,0.43,0.41,0.43,12700.0,0.020000000000000018
1.0,21.0,0.41,0.42,0.4,0.42,16800.0,0.010000000000000009
1.0,20.0,0.42,0.42,0.4,0.4,24500.0,-0.019999999999999962
1.0,19.0,0.42,0.44,0.42,0.44,20800.0,0.020000000000000018
1.0,18.0,0.4,0.4,0.39,0.39,8000.0,-0.010000000000000009
1.0,14.0,0.42,0.42,0.4,0.4,4600.0,-0.019999999999999962
1.0,13.0,0.41,0.43,0.41,0.43,9500.0,0.020000000000000018
1.0,12.0,0.41,0.41,0.4,0.41,31500.0,0.0
1.0,11.0,0.41,0.41,0.39,0.39,14500.0,-0.019999999999999962
1.0,10.0,0.4,0.4,0.38,0.38,52800.0,-0.020000000000000018
1.0,7.0,0.39,0.4,0.37,0.4,23400.0,0.010000000000000009
1.0,6.0,0.39,0.4,0.38,0.38,5000.0,-0.010000000000000009
1.0,5.0,0.37,0.41,0.37,0.4,60000.0,0.030000000000000027
1.0,4.0,0.39,0.39,0.37,0.37,28800.0,-0.020000000000000018
1.0,3.0,0.33,0.33,0.33,0.33,0.0,0.0
12.0,31.0,0.33,0.33,0.33,0.33,0.0,0.0
12.0,30.0,0.34,0.34,0.33,0.33,4900.0,-0.010000000000000009
12.0,29.0,0.34,0.37,0.33,0.33,9900.0,-0.010000000000000009
12.0,28.0,0.34,0.34,0.34,0.34,0.0,0.0
12.0,27.0,0.34,0.34,0.34,0.34,0.0,0.0
12.0,23.0,0.34,0.34,0.34,0.34,21500.0,0.0
12.0,22.0,0.34,0.34,0.32,0.34,33000.0,0.0
12.0,21.0,0.36,0.36,0.36,0.36,0.0,0.0
12.0,20.0,0.36,0.36,0.36,0.36,0.0,0.0
12.0,17.0,0.34,0.36,0.34,0.36,14000.0,0.019999999999999962
12.0,16.0,0.36,0.36,0.36,0.36,0.0,0.0
12.0,15.0,0.37,0.37,0.36,0.36,2300.0,-0.010000000000000009
12.0,14.0,0.39,0.39,0.38,0.38,8000.0,-0.010000000000000009
12.0,13.0,0.37,0.37,0.37,0.37,5000.0,0.0
12.0,10.0,0.37,0.37,0.37,0.37,0.0,0.0
12.0,9.0,0.38,0.38,0.37,0.37,24300.0,-0.010000000000000009
12.0,8.0,0.38,0.38,0.38,0.38,3000.0,0.0
12.0,7.0,0.42,0.42,0.42,0.42,0.0,0.0
12.0,6.0,0.42,0.42,0.42,0.42,10000.0,0.0
12.0,3.0,0.43,0.43,0.43,0.43,500.0,0.0
12.0,2.0,0.4,0.4,0.4,0.4,2500.0,0.0
12.0,1.0,0.42,0.42,0.4,0.4,9800.0,-0.019999999999999962
11.0,30.0,0.41,0.41,0.41,0.41,100000.0,0.0
11.0,29.0,0.39,0.39,0.39,0.39,0.0,0.0
11.0,26.0,0.39,0.39,0.39,0.39,3000.0,0.0
11.0,24.0,0.4,0.4,0.4,0.4,0.0,0.0
11.0,23.0,0.4,0.4,0.4,0.4,0.0,0.0
11.0,22.0,0.4,0.4,0.4,0.4,7000.0,0.0
11.0,19.0,0.39,0.39,0.39,0.39,0.0,0.0
11.0,18.0,0.39,0.39,0.39,0.39,1000.0,0.0
11.0,17.0,0.39,0.39,0.39,0.39,10000.0,0.0
11.0,16.0,0.44,0.44,0.44,0.44,0.0,0.0
11.0,15.0,0.44,0.44,0.44,0.44,0.0,0.0
11.0,12.0,0.44,0.44,0.44,0.44,0.0,0.0
11.0,11.0,0.41,0.44,0.41,0.44,6500.0,0.030000000000000027
11.0,10.0,0.41,0.41,0.41,0.41,10300.0,0.0
11.0,9.0,0.44,0.44,0.44,0.44,20000.0,0.0
11.0,8.0,0.45,0.45,0.45,0.45,2000.0,0.0
11.0,5.0,0.37,0.37,0.37,0.37,0.0,0.0
11.0,4.0,0.39,0.39,0.37,0.37,66000.0,-0.020000000000000018
11.0,3.0,0.37,0.39,0.37,0.39,15300.0,0.020000000000000018
11.0,2.0,0.38,0.38,0.36,0.37,25000.0,-0.010000000000000009
11.0,1.0,0.39,0.39,0.38,0.38,8000.0,-0.010000000000000009
10.0,29.0,0.4,0.4,0.4,0.4,2000.0,0.0
10.0,28.0,0.4,0.4,0.4,0.4,0.0,0.0
10.0,27.0,0.4,0.4,0.4,0.4,0.0,0.0
10.0,26.0,0.4,0.4,0.4,0.4,0.0,0.0
10.0,25.0,0.4,0.4,0.4,0.4,0.0,0.0
10.0,22.0,0.4,0.4,0.4,0.4,4000.0,0.0
10.0,21.0,0.44,0.44,0.42,0.42,46500.0,-0.020000000000000018
10.0,20.0,0.4,0.4,0.4,0.4,4900.0,0.0
10.0,19.0,0.37,0.37,0.37,0.37,43000.0,0.0
10.0,18.0,0.39,0.39,0.39,0.39,3000.0,0.0
10.0,15.0,0.37,0.39,0.36,0.38,24000.0,0.010000000000000009
10.0,14.0,0.35,0.35,0.35,0.35,0.0,0.0
10.0,13.0,0.35,0.35,0.35,0.35,0.0,0.0
10.0,12.0,0.36,0.36,0.35,0.35,20000.0,-0.010000000000000009
10.0,11.0,0.41,0.41,0.41,0.41,0.0,0.0
10.0,8.0,0.41,0.41,0.4,0.41,7500.0,0.0
10.0,7.0,0.41,0.41,0.4,0.4,115500.0,-0.009999999999999953
10.0,6.0,0.42,0.42,0.4,0.4,9900.0,-0.019999999999999962
10.0,5.0,0.41,0.41,0.41,0.41,0.0,0.0
10.0,4.0,0.42,0.42,0.41,0.41,72000.0,-0.010000000000000009
10.0,1.0,0.43,0.43,0.43,0.43,0.0,0.0
9.0,30.0,0.43,0.43,0.43,0.43,0.0,0.0
9.0,29.0,0.43,0.43,0.43,0.43,50000.0,0.0
9.0,28.0,0.43,0.44,0.41,0.42,125000.0,-0.010000000000000009
9.0,27.0,0.46,0.46,0.46,0.46,235000.0,0.0
9.0,24.0,0.43,0.43,0.43,0.43,1200.0,0.0
9.0,23.0,0.45,0.45,0.45,0.45,2000.0,0.0
9.0,22.0,0.43,0.43,0.43,0.43,2000.0,0.0
9.0,21.0,0.3,0.3,0.3,0.3,0.0,0.0
9.0,20.0,0.3,0.3,0.3,0.3,0.0,0.0
9.0,17.0,0.3,0.3,0.3,0.3,0.0,0.0
9.0,16.0,0.3,0.3,0.3,0.3,0.0,0.0
9.0,15.0,0.3,0.3,0.3,0.3,3000.0,0.0
9.0,14.0,0.3,0.3,0.3,0.3,1500.0,0.0
9.0,13.0,0.27,0.27,0.27,0.27,0.0,0.0
9.0,10.0,0.27,0.27,0.27,0.27,0.0,0.0
9.0,9.0,0.27,0.27,0.27,0.27,0.0,0.0
9.0,8.0,0.29,0.29,0.27,0.27,6000.0,-0.019999999999999962
9.0,7.0,0.31,0.31,0.31,0.31,9000.0,0.0
9.0,3.0,0.29,0.29,0.29,0.29,1000.0,0.0
9.0,2.0,0.31,0.31,0.29,0.29,3800.0,-0.020000000000000018
9.0,1.0,0.31,0.31,0.31,0.31,0.0,0.0
8.0,31.0,0.31,0.31,0.31,0.31,10000.0,0.0
8.0,30.0,0.32,0.33,0.32,0.33,10000.0,0.010000000000000009
8.0,27.0,0.33,0.33,0.33,0.33,8000.0,0.0
8.0,26.0,0.31,0.31,0.31,0.31,0.0,0.0
8.0,25.0,0.31,0.31,0.31,0.31,0.0,0.0
8.0,24.0,0.29,0.31,0.29,0.31,23000.0,0.020000000000000018
8.0,23.0,0.32,0.32,0.31,0.31,4000.0,-0.010000000000000009
8.0,20.0,0.31,0.31,0.31,0.31,0.0,0.0
8.0,19.0,0.31,0.31,0.31,0.31,0.0,0.0
8.0,18.0,0.31,0.31,0.31,0.31,0.0,0.0
8.0,17.0,0.31,0.31,0.31,0.31,10000.0,0.0
8.0,16.0,0.33,0.33,0.33,0.33,0.0,0.0
8.0,13.0,0.33,0.33,0.33,0.33,0.0,0.0
8.0,12.0,0.33,0.33,0.33,0.33,500.0,0.0
8.0,11.0,0.28,0.28,0.28,0.28,0.0,0.0
8.0,10.0,0.28,0.28,0.28,0.28,0.0,0.0
8.0,9.0,0.28,0.28,0.28,0.28,0.0,0.0
8.0,6.0,0.28,0.28,0.28,0.28,0.0,0.0
8.0,5.0,0.28,0.28,0.28,0.28,0.0,0.0
8.0,4.0,0.28,0.28,0.28,0.28,0.0,0.0
8.0,3.0,0.28,0.28,0.28,0.28,2000.0,0.0
8.0,2.0,0.22,0.22,0.22,0.22,0.0,0.0
7.0,30.0,0.22,0.22,0.22,0.22,0.0,0.0
7.0,29.0,0.22,0.23,0.22,0.22,170000.0,0.0
7.0,28.0,0.21,0.21,0.21,0.21,0.0,0.0
7.0,27.0,0.21,0.21,0.21,0.21,0.0,0.0
7.0,26.0,0.21,0.21,0.21,0.21,3000.0,0.0
7.0,23.0,0.24,0.24,0.24,0.24,0.0,0.0
7.0,22.0,0.24,0.24,0.24,0.24,0.0,0.0
7.0,21.0,0.24,0.24,0.24,0.24,0.0,0.0
7.0,20.0,0.24,0.24,0.24,0.24,1000.0,0.0
7.0,19.0,0.24,0.24,0.24,0.24,800.0,0.0
7.0,16.0,0.24,0.24,0.24,0.24,0.0,0.0
7.0,15.0,0.24,0.24,0.24,0.24,0.0,0.0
7.0,14.0,0.2,0.24,0.2,0.24,3000.0,0.03999999999999998
7.0,13.0,0.26,0.26,0.26,0.26,0.0,0.0
7.0,12.0,0.26,0.26,0.26,0.26,0.0,0.0
7.0,9.0,0.26,0.26,0.26,0.26,0.0,0.0
7.0,8.0,0.26,0.26,0.26,0.26,0.0,0.0
7.0,7.0,0.26,0.26,0.26,0.26,0.0,0.0
7.0,6.0,0.26,0.26,0.26,0.26,0.0,0.0
7.0,2.0,0.26,0.26,0.26,0.26,0.0,0.0
7.0,1.0,0.26,0.26,0.26,0.26,0.0,0.0
6.0,30.0,0.26,0.26,0.26,0.26,0.0,0.0
6.0,29.0,0.26,0.26,0.26,0.26,0.0,0.0
6.0,28.0,0.26,0.26,0.26,0.26,0.0,0.0
6.0,25.0,0.26,0.26,0.26,0.26,0.0,0.0
6.0,24.0,0.26,0.26,0.26,0.26,0.0,0.0
6.0,23.0,0.26,0.26,0.26,0.26,0.0,0.0
6.0,22.0,0.26,0.26,0.26,0.26,16000.0,0.0
6.0,21.0,0.28,0.28,0.28,0.28,0.0,0.0
6.0,18.0,0.28,0.28,0.28,0.28,0.0,0.0
6.0,17.0,0.28,0.28,0.28,0.28,0.0,0.0
6.0,16.0,0.28,0.28,0.28,0.28,0.0,0.0
6.0,15.0,0.31,0.34,0.28,0.28,28000.0,-0.02999999999999997
6.0,14.0,0.26,0.26,0.26,0.26,0.0,0.0
6.0,11.0,0.26,0.26,0.26,0.26,0.0,0.0
6.0,10.0,0.26,0.26,0.26,0.26,0.0,0.0
6.0,9.0,0.26,0.26,0.26,0.26,0.0,0.0
6.0,8.0,0.26,0.26,0.26,0.26,8000.0,0.0
6.0,7.0,0.27,0.27,0.27,0.27,0.0,0.0
6.0,4.0,0.27,0.27,0.27,0.27,0.0,0.0
6.0,3.0,0.27,0.27,0.27,0.27,2000.0,0.0
6.0,2.0,0.28,0.28,0.28,0.28,0.0,0.0
6.0,1.0,0.28,0.28,0.28,0.28,0.0,0.0
5.0,28.0,0.28,0.28,0.28,0.28,0.0,0.0
5.0,27.0,0.28,0.28,0.28,0.28,12300.0,0.0
5.0,26.0,0.26,0.26,0.26,0.26,0.0,0.0
5.0,25.0,0.26,0.26,0.26,0.26,3000.0,0.0
5.0,24.0,0.29,0.29,0.29,0.29,0.0,0.0
5.0,21.0,0.29,0.29,0.29,0.29,0.0,0.0
5.0,20.0,0.29,0.29,0.29,0.29,1000.0,0.0
5.0,19.0,0.28,0.28,0.28,0.28,21900.0,0.0
5.0,18.0,0.3,0.3,0.3,0.3,5500.0,0.0
5.0,17.0,0.34,0.34,0.34,0.34,0.0,0.0
5.0,14.0,0.33,0.34,0.33,0.34,3800.0,0.010000000000000009
5.0,13.0,0.34,0.34,0.34,0.34,0.0,0.0
5.0,12.0,0.31,0.34,0.31,0.34,13500.0,0.030000000000000027
5.0,11.0,0.29,0.29,0.29,0.29,1000.0,0.0
5.0,10.0,0.32,0.32,0.32,0.32,0.0,0.0
5.0,7.0,0.32,0.32,0.32,0.32,0.0,0.0
5.0,6.0,0.32,0.32,0.32,0.32,0.0,0.0
5.0,5.0,0.32,0.32,0.32,0.32,0.0,0.0
5.0,4.0,0.32,0.32,0.32,0.32,0.0,0.0
5.0,3.0,0.32,0.32,0.32,0.32,0.0,0.0
4.0,30.0,0.29,0.32,0.29,0.32,11500.0,0.030000000000000027
4.0,29.0,0.27,0.27,0.27,0.27,5000.0,0.0
4.0,28.0,0.31,0.31,0.3,0.3,11500.0,-0.010000000000000009
4.0,27.0,0.32,0.32,0.32,0.32,0.0,0.0
4.0,26.0,0.32,0.32,0.32,0.32,5000.0,0.0
4.0,23.0,0.32,0.32,0.32,0.32,0.0,0.0
4.0,22.0,0.32,0.32,0.32,0.32,900.0,0.0
4.0,21.0,0.31,0.31,0.31,0.31,0.0,0.0
4.0,20.0,0.34,0.34,0.31,0.31,22000.0,-0.030000000000000027
4.0,19.0,0.33,0.33,0.33,0.33,0.0,0.0
4.0,16.0,0.33,0.33,0.33,0.33,5000.0,0.0
4.0,15.0,0.35,0.35,0.35,0.35,1000.0,0.0
4.0,14.0,0.35,0.35,0.35,0.35,7000.0,0.0
4.0,13.0,0.34,0.34,0.34,0.34,0.0,0.0
4.0,12.0,0.34,0.35,0.32,0.34,34000.0,0.0
4.0,9.0,0.35,0.35,0.35,0.35,0.0,0.0
4.0,8.0,0.35,0.35,0.35,0.35,3500.0,0.0
4.0,7.0,0.35,0.37,0.35,0.37,21500.0,0.020000000000000018
4.0,6.0,0.4,0.4,0.37,0.37,15500.0,-0.030000000000000027
4.0,5.0,0.37,0.4,0.37,0.39,33000.0,0.020000000000000018
4.0,1.0,0.29,0.34,0.29,0.34,19500.0,0.050000000000000044
3.0,31.0,0.27,0.27,0.27,0.27,0.0,0.0
3.0,30.0,0.27,0.27,0.27,0.27,0.0,0.0
3.0,29.0,0.28,0.28,0.27,0.27,70000.0,-0.010000000000000009
3.0,26.0,0.28,0.28,0.28,0.28,0.0,0.0
3.0,25.0,0.28,0.28,0.28,0.28,14400.0,0.0
3.0,24.0,0.29,0.29,0.29,0.29,0.0,0.0
3.0,23.0,0.27,0.29,0.27,0.29,5300.0,0.019999999999999962
3.0,22.0,0.31,0.31,0.31,0.31,0.0,0.0
3.0,19.0,0.31,0.31,0.31,0.31,0.0,0.0
3.0,18.0,0.3,0.31,0.3,0.31,7500.0,0.010000000000000009
3.0,17.0,0.28,0.28,0.28,0.28,0.0,0.0
3.0,16.0,0.28,0.28,0.28,0.28,0.0,0.0
3.0,15.0,0.28,0.28,0.28,0.28,0.0,0.0
3.0,12.0,0.28,0.28,0.28,0.28,10000.0,0.0
3.0,11.0,0.29,0.29,0.29,0.29,48000.0,0.0
3.0,10.0,0.23,0.23,0.23,0.23,0.0,0.0
3.0,9.0,0.23,0.23,0.23,0.23,0.0,0.0
3.0,8.0,0.23,0.23,0.23,0.23,0.0,0.0
3.0,5.0,0.23,0.23,0.23,0.23,13000.0,0.0
3.0,4.0,0.23,0.23,0.23,0.23,0.0,0.0
3.0,3.0,0.23,0.23,0.23,0.23,0.0,0.0
3.0,2.0,0.23,0.23,0.23,0.23,0.0,0.0
3.0,1.0,0.23,0.23,0.23,0.23,50000.0,0.0
2.0,26.0,0.24,0.24,0.24,0.24,400.0,0.0
2.0,25.0,0.25,0.25,0.25,0.25,0.0,0.0
2.0,24.0,0.25,0.25,0.25,0.25,0.0,0.0
2.0,23.0,0.25,0.25,0.25,0.25,0.0,0.0
2.0,22.0,0.25,0.25,0.25,0.25,0.0,0.0
2.0,19.0,0.25,0.25,0.25,0.25,0.0,0.0
2.0,18.0,0.25,0.25,0.25,0.25,5000.0,0.0
2.0,17.0,0.26,0.26,0.26,0.26,0.0,0.0
2.0,16.0,0.26,0.26,0.26,0.26,0.0,0.0
2.0,12.0,0.26,0.26,0.26,0.26,0.0,0.0
2.0,11.0,0.26,0.26,0.26,0.26,0.0,0.0
2.0,10.0,0.26,0.26,0.26,0.26,0.0,0.0
2.0,9.0,0.26,0.26,0.26,0.26,0.0,0.0
2.0,8.0,0.26,0.26,0.26,0.26,0.0,0.0
2.0,5.0,0.26,0.26,0.26,0.26,0.0,0.0
2.0,4.0,0.26,0.26,0.26,0.26,0.0,0.0
2.0,3.0,0.26,0.26,0.26,0.26,0.0,0.0
2.0,2.0,0.26,0.26,0.26,0.26,0.0,0.0
2.0,1.0,0.26,0.26,0.26,0.26,1000.0,0.0
1.0,29.0,0.28,0.28,0.28,0.28,0.0,0.0
1.0,28.0,0.28,0.28,0.27,0.28,12000.0,0.0
1.0,27.0,0.29,0.29,0.29,0.29,0.0,0.0
1.0,26.0,0.29,0.29,0.29,0.29,0.0,0.0
1.0,25.0,0.29,0.29,0.29,0.29,0.0,0.0
1.0,22.0,0.29,0.29,0.29,0.29,0.0,0.0
1.0,21.0,0.29,0.29,0.29,0.29,3000.0,0.0
1.0,20.0,0.27,0.27,0.27,0.27,20000.0,0.0
1.0,19.0,0.28,0.29,0.28,0.29,37500.0,0.009999999999999953
1.0,15.0,0.26,0.26,0.26,0.26,0.0,0.0
1.0,14.0,0.26,0.26,0.26,0.26,0.0,0.0
1.0,13.0,0.25,0.26,0.25,0.26,3500.0,0.010000000000000009
1.0,12.0,0.24,0.24,0.24,0.24,0.0,0.0
1.0,11.0,0.24,0.24,0.24,0.24,0.0,0.0
1.0,8.0,0.24,0.24,0.24,0.24,0.0,0.0
1.0,7.0,0.24,0.24,0.24,0.24,5000.0,0.0
1.0,6.0,0.24,0.24,0.24,0.24,10000.0,0.0
1.0,5.0,0.24,0.24,0.24,0.24,0.0,0.0
