9.0,25.0,0.1,0.1,0.1,0.1,1600.0,0.0
9.0,24.0,0.13,0.13,0.13,0.13,3000.0,0.0
9.0,23.0,0.1,0.1,0.1,0.1,0.0,0.0
9.0,22.0,0.1,0.1,0.1,0.1,0.0,0.0
9.0,21.0,0.1,0.1,0.1,0.1,400.0,0.0
9.0,18.0,0.3,0.3,0.29,0.3,2600.0,0.0
9.0,17.0,0.3,0.3,0.3,0.3,2000.0,0.0
9.0,16.0,0.3,0.3,0.29,0.29,2900.0,-0.010000000000000009
9.0,15.0,0.29,0.29,0.29,0.29,0.0,0.0
9.0,14.0,0.29,0.29,0.29,0.29,0.0,0.0
9.0,11.0,0.29,0.29,0.29,0.29,200.0,0.0
9.0,10.0,0.1,0.28,0.1,0.28,6500.0,0.18000000000000002
9.0,9.0,0.27,0.27,0.27,0.27,500.0,0.0
9.0,8.0,0.29,0.29,0.29,0.29,300.0,0.0
9.0,4.0,0.26,0.26,0.26,0.26,3900.0,0.0
9.0,3.0,0.24,0.24,0.24,0.24,0.0,0.0
9.0,2.0,0.24,0.24,0.24,0.24,0.0,0.0
9.0,1.0,0.27,0.27,0.24,0.24,5200.0,-0.030000000000000027
8.0,31.0,0.23,0.23,0.23,0.23,200.0,0.0
8.0,28.0,0.23,0.23,0.23,0.23,100.0,0.0
8.0,27.0,0.26,0.26,0.2,0.2,10700.0,-0.06
8.0,26.0,0.25,0.25,0.25,0.25,1000.0,0.0
8.0,25.0,0.23,0.23,0.23,0.23,0.0,0.0
8.0,24.0,0.23,0.23,0.23,0.23,0.0,0.0
8.0,21.0,0.1,0.23,0.1,0.23,700.0,0.13
8.0,20.0,0.2,0.2,0.2,0.2,4000.0,0.0
8.0,19.0,0.1,0.1,0.1,0.1,100.0,0.0
8.0,18.0,0.1,0.1,0.1,0.1,2000.0,0.0
8.0,17.0,0.25,0.27,0.25,0.27,2200.0,0.020000000000000018
8.0,14.0,0.25,0.25,0.25,0.25,1100.0,0.0
8.0,13.0,0.26,0.26,0.26,0.26,0.0,0.0
8.0,12.0,0.26,0.26,0.26,0.26,0.0,0.0
8.0,11.0,0.26,0.26,0.26,0.26,0.0,0.0
8.0,10.0,0.26,0.26,0.26,0.26,100.0,0.0
8.0,7.0,0.2,0.25,0.2,0.25,1200.0,0.04999999999999999
8.0,6.0,0.25,0.25,0.12,0.12,2500.0,-0.13
8.0,5.0,0.2,0.2,0.2,0.2,0.0,0.0
8.0,4.0,0.2,0.2,0.2,0.2,5000.0,0.0
8.0,3.0,0.12,0.12,0.12,0.12,900.0,0.0
7.0,31.0,0.15,0.15,0.15,0.15,500.0,0.0
7.0,30.0,0.12,0.12,0.12,0.12,800.0,0.0
7.0,29.0,0.25,0.25,0.25,0.25,1600.0,0.0
7.0,28.0,0.22,0.22,0.22,0.22,0.0,0.0
7.0,27.0,0.22,0.22,0.22,0.22,8000.0,0.0
7.0,24.0,0.19,0.19,0.19,0.19,0.0,0.0
7.0,23.0,0.25,0.25,0.19,0.19,6000.0,-0.06
7.0,22.0,0.15,0.15,0.15,0.15,5000.0,0.0
7.0,21.0,0.07,0.07,0.07,0.07,0.0,0.0
7.0,20.0,0.1,0.1,0.07,0.07,4700.0,-0.03
7.0,17.0,0.2,0.2,0.2,0.2,5000.0,0.0
7.0,16.0,0.1,0.1,0.1,0.1,1000.0,0.0
7.0,15.0,0.11,0.11,0.11,0.11,6100.0,0.0
7.0,14.0,0.11,0.11,0.11,0.11,0.0,0.0
7.0,13.0,0.25,0.25,0.11,0.11,5200.0,-0.14
7.0,10.0,0.15,0.15,0.15,0.15,0.0,0.0
7.0,9.0,0.15,0.15,0.15,0.15,0.0,0.0
7.0,8.0,0.15,0.15,0.15,0.15,1000.0,0.0
7.0,7.0,0.15,0.15,0.15,0.15,0.0,0.0
7.0,6.0,0.15,0.15,0.15,0.15,300.0,0.0
7.0,2.0,0.13,0.13,0.13,0.13,500.0,0.0
7.0,1.0,0.1,0.1,0.1,0.1,0.0,0.0
6.0,30.0,0.1,0.1,0.1,0.1,0.0,0.0
6.0,29.0,0.1,0.1,0.1,0.1,2000.0,0.0
6.0,26.0,0.16,0.16,0.16,0.16,0.0,0.0
6.0,25.0,0.16,0.16,0.16,0.16,0.0,0.0
6.0,24.0,0.16,0.16,0.16,0.16,0.0,0.0
6.0,23.0,0.16,0.16,0.16,0.16,100.0,0.0
6.0,22.0,0.22,0.22,0.22,0.22,100.0,0.0
6.0,19.0,0.2,0.2,0.2,0.2,4700.0,0.0
6.0,18.0,0.15,0.15,0.15,0.15,0.0,0.0
6.0,17.0,0.15,0.15,0.15,0.15,1000.0,0.0
6.0,16.0,0.4,0.4,0.4,0.4,0.0,0.0
6.0,15.0,0.4,0.4,0.4,0.4,500.0,0.0
6.0,12.0,0.4,0.4,0.4,0.4,0.0,0.0
6.0,11.0,0.4,0.4,0.4,0.4,0.0,0.0
6.0,10.0,0.35,0.4,0.2,0.4,10400.0,0.050000000000000044
6.0,9.0,0.38,0.38,0.38,0.38,0.0,0.0
6.0,8.0,0.12,0.38,0.12,0.38,11100.0,0.26
6.0,5.0,0.38,0.38,0.35,0.35,800.0,-0.030000000000000027
6.0,4.0,0.38,0.38,0.38,0.38,0.0,0.0
6.0,3.0,0.38,0.38,0.38,0.38,0.0,0.0
6.0,2.0,0.2,0.4,0.2,0.38,1600.0,0.18
6.0,1.0,0.3,0.3,0.29,0.29,10100.0,-0.010000000000000009
5.0,29.0,0.22,0.22,0.22,0.22,3500.0,0.0
5.0,28.0,0.38,0.38,0.38,0.38,9000.0,0.0
5.0,27.0,0.3,0.35,0.3,0.35,13700.0,0.04999999999999999
5.0,26.0,0.32,0.33,0.31,0.31,20800.0,-0.010000000000000009
5.0,22.0,0.15,0.15,0.15,0.15,1200.0,0.0
5.0,21.0,0.28,0.28,0.28,0.28,0.0,0.0
5.0,20.0,0.28,0.28,0.28,0.28,1700.0,0.0
5.0,19.0,0.28,0.28,0.21,0.21,10600.0,-0.07000000000000003
5.0,18.0,0.21,0.28,0.21,0.28,1000.0,0.07000000000000003
5.0,15.0,0.26,0.26,0.26,0.26,0.0,0.0
5.0,14.0,0.26,0.26,0.26,0.26,2700.0,0.0
5.0,13.0,0.24,0.24,0.24,0.24,0.0,0.0
5.0,12.0,0.2,0.24,0.2,0.24,3200.0,0.03999999999999998
5.0,11.0,0.23,0.23,0.23,0.23,3000.0,0.0
5.0,8.0,0.23,0.23,0.2,0.21,55800.0,-0.020000000000000018
5.0,7.0,0.11,0.11,0.11,0.11,800.0,0.0
5.0,6.0,0.11,0.11,0.11,0.11,0.0,0.0
5.0,5.0,0.11,0.11,0.11,0.11,0.0,0.0
5.0,4.0,0.11,0.11,0.11,0.11,0.0,0.0
5.0,1.0,0.11,0.11,0.11,0.11,0.0,0.0
4.0,30.0,0.11,0.11,0.11,0.11,1500.0,0.0
4.0,29.0,0.1,0.1,0.1,0.1,200.0,0.0
4.0,28.0,0.2,0.2,0.2,0.2,0.0,0.0
4.0,27.0,0.2,0.2,0.2,0.2,0.0,0.0
4.0,24.0,0.2,0.2,0.2,0.2,0.0,0.0
4.0,23.0,0.2,0.2,0.2,0.2,500.0,0.0
4.0,22.0,0.2,0.2,0.2,0.2,0.0,0.0
4.0,21.0,0.2,0.2,0.2,0.2,0.0,0.0
4.0,20.0,0.2,0.2,0.2,0.2,0.0,0.0
4.0,17.0,0.2,0.2,0.2,0.2,200.0,0.0
4.0,16.0,0.2,0.2,0.2,0.2,500.0,0.0
4.0,15.0,0.15,0.15,0.15,0.15,1000.0,0.0
4.0,14.0,0.28,0.29,0.2,0.2,29800.0,-0.08000000000000002
4.0,13.0,0.2,0.3,0.2,0.28,43600.0,0.08000000000000002
4.0,10.0,0.2,0.2,0.2,0.2,800.0,0.0
4.0,9.0,0.3,0.3,0.3,0.3,0.0,0.0
4.0,8.0,0.3,0.3,0.3,0.3,0.0,0.0
4.0,7.0,0.3,0.3,0.3,0.3,5100.0,0.0
4.0,6.0,0.28,0.28,0.28,0.28,700.0,0.0
4.0,2.0,0.33,0.33,0.2,0.2,1200.0,-0.13
4.0,1.0,0.3,0.3,0.3,0.3,9000.0,0.0
3.0,31.0,0.25,0.25,0.2,0.2,2600.0,-0.04999999999999999
3.0,30.0,0.27,0.27,0.25,0.25,2600.0,-0.020000000000000018
3.0,27.0,0.15,0.15,0.15,0.15,2500.0,0.0
3.0,26.0,0.17,0.29,0.15,0.25,40300.0,0.07999999999999999
3.0,25.0,0.18,0.18,0.18,0.18,2200.0,0.0
3.0,24.0,0.28,0.3,0.28,0.28,3700.0,0.0
3.0,23.0,0.3,0.3,0.3,0.3,23000.0,0.0
3.0,20.0,0.28,0.28,0.28,0.28,0.0,0.0
3.0,19.0,0.28,0.28,0.28,0.28,2700.0,0.0
3.0,18.0,0.18,0.18,0.18,0.18,1000.0,0.0
3.0,17.0,0.28,0.28,0.28,0.28,500.0,0.0
3.0,16.0,0.16,0.29,0.16,0.29,21100.0,0.12999999999999998
3.0,13.0,0.26,0.26,0.26,0.26,700.0,0.0
3.0,12.0,0.29,0.29,0.29,0.29,0.0,0.0
3.0,11.0,0.29,0.29,0.29,0.29,200.0,0.0
3.0,10.0,0.4,0.4,0.4,0.4,0.0,0.0
3.0,9.0,0.29,0.4,0.29,0.4,27100.0,0.11000000000000004
3.0,6.0,0.29,0.29,0.29,0.29,4700.0,0.0
3.0,5.0,0.26,0.26,0.26,0.26,0.0,0.0
3.0,4.0,0.2,0.26,0.2,0.26,2700.0,0.06
3.0,3.0,0.27,0.28,0.25,0.28,20500.0,0.010000000000000009
3.0,2.0,0.25,0.25,0.15,0.15,15700.0,-0.1
2.0,27.0,0.16,0.16,0.16,0.16,0.0,0.0
2.0,26.0,0.16,0.16,0.16,0.16,100.0,0.0
2.0,25.0,0.27,0.27,0.27,0.27,800.0,0.0
2.0,24.0,0.15,0.25,0.15,0.25,3200.0,0.1
2.0,23.0,0.26,0.26,0.25,0.25,5800.0,-0.010000000000000009
2.0,20.0,0.26,0.26,0.26,0.26,0.0,0.0
2.0,19.0,0.26,0.26,0.26,0.26,0.0,0.0
2.0,18.0,0.26,0.26,0.26,0.26,200.0,0.0
2.0,17.0,0.35,0.35,0.26,0.26,3000.0,-0.08999999999999997
2.0,13.0,0.35,0.35,0.35,0.35,0.0,0.0
2.0,12.0,0.35,0.35,0.35,0.35,0.0,0.0
2.0,11.0,0.35,0.35,0.35,0.35,4500.0,0.0
2.0,10.0,0.25,0.31,0.2,0.25,2200.0,0.0
2.0,9.0,0.25,0.25,0.25,0.25,0.0,0.0
2.0,6.0,0.29,0.29,0.25,0.25,17600.0,-0.03999999999999998
2.0,5.0,0.26,0.26,0.26,0.26,100.0,0.0
2.0,4.0,0.3,0.3,0.3,0.3,0.0,0.0
2.0,3.0,0.3,0.3,0.3,0.3,11000.0,0.0
2.0,2.0,0.29,0.29,0.28,0.28,6900.0,-0.009999999999999953
1.0,30.0,0.25,0.29,0.25,0.29,1700.0,0.03999999999999998
1.0,29.0,0.29,0.29,0.15,0.15,300.0,-0.13999999999999999
1.0,28.0,0.28,0.28,0.28,0.28,0.0,0.0
1.0,27.0,0.28,0.28,0.28,0.28,200.0,0.0
1.0,26.0,0.29,0.29,0.29,0.29,0.0,0.0
1.0,23.0,0.29,0.29,0.29,0.29,2000.0,0.0
1.0,22.0,0.28,0.28,0.28,0.28,100.0,0.0
1.0,21.0,0.25,0.25,0.25,0.25,3000.0,0.0
1.0,20.0,0.3,0.3,0.3,0.3,0.0,0.0
1.0,16.0,0.3,0.3,0.3,0.3,6000.0,0.0
1.0,15.0,0.2,0.3,0.2,0.28,52000.0,0.08000000000000002
1.0,14.0,0.27,0.29,0.2,0.29,28300.0,0.019999999999999962
1.0,13.0,0.25,0.25,0.25,0.25,0.0,0.0
1.0,12.0,0.2,0.25,0.2,0.25,14200.0,0.04999999999999999
1.0,9.0,0.2,0.23,0.2,0.23,9800.0,0.03
1.0,8.0,0.17,0.17,0.17,0.17,1200.0,0.0
1.0,7.0,0.17,0.17,0.15,0.15,5800.0,-0.020000000000000018
1.0,6.0,0.15,0.15,0.15,0.15,0.0,0.0
1.0,5.0,0.15,0.15,0.15,0.15,0.0,0.0
1.0,2.0,0.15,0.15,0.15,0.15,0.0,0.0
12.0,31.0,0.2,0.2,0.15,0.15,16900.0,-0.05000000000000002
12.0,30.0,0.19,0.25,0.15,0.15,21400.0,-0.04000000000000001
12.0,29.0,0.2,0.2,0.19,0.19,14200.0,-0.010000000000000009
12.0,26.0,0.2,0.25,0.2,0.2,8300.0,0.0
12.0,24.0,0.25,0.25,0.24,0.25,20300.0,0.0
12.0,23.0,0.25,0.26,0.2,0.25,27600.0,0.0
12.0,22.0,0.25,0.26,0.25,0.26,11900.0,0.010000000000000009
12.0,19.0,0.26,0.26,0.22,0.26,2500.0,0.0
12.0,18.0,0.2,0.26,0.2,0.26,3100.0,0.06
12.0,17.0,0.2,0.27,0.2,0.27,32500.0,0.07
12.0,16.0,0.35,0.35,0.25,0.3,12300.0,-0.04999999999999999
12.0,15.0,0.26,0.26,0.26,0.26,3200.0,0.0
12.0,12.0,0.4,0.4,0.25,0.35,83500.0,-0.050000000000000044
12.0,11.0,0.25,0.35,0.25,0.34,17500.0,0.09000000000000002
12.0,10.0,0.36,0.36,0.36,0.36,400.0,0.0
12.0,9.0,0.35,0.35,0.35,0.35,700.0,0.0
12.0,8.0,0.35,0.35,0.3,0.35,33500.0,0.0
12.0,5.0,0.3,0.38,0.3,0.35,29600.0,0.04999999999999999
12.0,4.0,0.38,0.38,0.38,0.38,1800.0,0.0
12.0,3.0,0.42,0.42,0.35,0.35,8300.0,-0.07
12.0,2.0,0.37,0.4,0.36,0.36,10600.0,-0.010000000000000009
12.0,1.0,0.35,0.39,0.35,0.38,4300.0,0.030000000000000027
11.0,28.0,0.36,0.36,0.3,0.3,2400.0,-0.06
11.0,26.0,0.38,0.38,0.38,0.38,1000.0,0.0
11.0,25.0,0.4,0.4,0.3,0.38,8500.0,-0.020000000000000018
11.0,24.0,0.4,0.4,0.38,0.38,2800.0,-0.020000000000000018
11.0,21.0,0.42,0.42,0.3,0.42,2900.0,0.0
11.0,20.0,0.41,0.42,0.41,0.42,2400.0,0.010000000000000009
11.0,19.0,0.42,0.42,0.25,0.38,8000.0,-0.03999999999999998
11.0,18.0,0.35,0.35,0.3,0.3,5300.0,-0.04999999999999999
11.0,17.0,0.35,0.35,0.35,0.35,1000.0,0.0
11.0,14.0,0.43,0.43,0.43,0.43,2600.0,0.0
11.0,13.0,0.42,0.42,0.42,0.42,0.0,0.0
11.0,12.0,0.4,0.42,0.38,0.42,7500.0,0.019999999999999962
11.0,11.0,0.35,0.35,0.3,0.3,3000.0,-0.04999999999999999
11.0,10.0,0.4,0.4,0.33,0.35,8000.0,-0.050000000000000044
11.0,7.0,0.33,0.33,0.33,0.33,500.0,0.0
11.0,6.0,0.42,0.42,0.4,0.4,4600.0,-0.019999999999999962
11.0,5.0,0.41,0.41,0.39,0.39,8700.0,-0.019999999999999962
11.0,4.0,0.4,0.4,0.38,0.38,16200.0,-0.020000000000000018
11.0,3.0,0.4,0.4,0.31,0.32,22800.0,-0.08000000000000002
10.0,31.0,0.3,0.3,0.3,0.3,1000.0,0.0
10.0,30.0,0.35,0.35,0.32,0.32,38100.0,-0.02999999999999997
10.0,29.0,0.3,0.3,0.3,0.3,0.0,0.0
10.0,28.0,0.3,0.3,0.3,0.3,0.0,0.0
10.0,27.0,0.42,0.42,0.3,0.3,2300.0,-0.12
10.0,24.0,0.42,0.42,0.35,0.35,13400.0,-0.07
10.0,23.0,0.31,0.31,0.31,0.31,0.0,0.0
10.0,22.0,0.31,0.31,0.31,0.31,2600.0,0.0
10.0,21.0,0.39,0.39,0.31,0.31,13000.0,-0.08000000000000002
10.0,20.0,0.42,0.42,0.31,0.31,25900.0,-0.10999999999999999
10.0,17.0,0.42,0.42,0.42,0.42,0.0,0.0
10.0,16.0,0.42,0.42,0.42,0.42,6000.0,0.0
10.0,15.0,0.4,0.4,0.4,0.4,7500.0,0.0
10.0,14.0,0.4,0.42,0.4,0.41,5000.0,0.009999999999999953
10.0,13.0,0.4,0.4,0.4,0.4,100.0,0.0
10.0,10.0,0.3,0.4,0.3,0.35,14300.0,0.04999999999999999
10.0,9.0,0.38,0.38,0.38,0.38,0.0,0.0
10.0,8.0,0.3,0.39,0.3,0.38,14000.0,0.08000000000000002
10.0,7.0,0.35,0.39,0.35,0.39,4500.0,0.040000000000000036
10.0,6.0,0.32,0.32,0.32,0.32,0.0,0.0
10.0,3.0,0.32,0.32,0.32,0.32,4000.0,0.0
10.0,2.0,0.36,0.36,0.35,0.35,5200.0,-0.010000000000000009
10.0,1.0,0.4,0.4,0.3,0.3,10400.0,-0.10000000000000003
9.0,30.0,0.31,0.4,0.31,0.35,20900.0,0.03999999999999998
9.0,29.0,0.35,0.35,0.35,0.35,0.0,0.0
9.0,26.0,0.35,0.35,0.35,0.35,3200.0,0.0
9.0,25.0,0.35,0.35,0.35,0.35,5000.0,0.0
9.0,24.0,0.3,0.35,0.3,0.34,4800.0,0.040000000000000036
9.0,23.0,0.3,0.3,0.3,0.3,0.0,0.0
9.0,22.0,0.3,0.3,0.3,0.3,7300.0,0.0
9.0,19.0,0.33,0.35,0.33,0.33,14500.0,0.0
9.0,18.0,0.32,0.32,0.3,0.3,20600.0,-0.020000000000000018
9.0,17.0,0.33,0.33,0.32,0.32,20400.0,-0.010000000000000009
9.0,16.0,0.33,0.33,0.33,0.33,800.0,0.0
9.0,15.0,0.31,0.31,0.31,0.31,0.0,0.0
9.0,12.0,0.31,0.31,0.31,0.31,2200.0,0.0
9.0,11.0,0.37,0.37,0.37,0.37,0.0,0.0
9.0,10.0,0.36,0.38,0.36,0.37,6800.0,0.010000000000000009
9.0,9.0,0.35,0.38,0.35,0.38,18000.0,0.030000000000000027
9.0,8.0,0.35,0.35,0.35,0.35,1500.0,0.0
9.0,5.0,0.35,0.45,0.35,0.35,85100.0,0.0
9.0,4.0,0.35,0.4,0.35,0.4,3000.0,0.050000000000000044
9.0,3.0,0.44,0.44,0.44,0.44,0.0,0.0
9.0,2.0,0.44,0.44,0.44,0.44,2000.0,0.0
8.0,29.0,0.45,0.45,0.39,0.39,9500.0,-0.06
8.0,28.0,0.4,0.43,0.35,0.4,5200.0,0.0
8.0,27.0,0.4,0.4,0.4,0.4,5800.0,0.0
8.0,26.0,0.43,0.43,0.4,0.4,4600.0,-0.02999999999999997
8.0,25.0,0.4,0.4,0.4,0.4,0.0,0.0
8.0,22.0,0.4,0.4,0.4,0.4,700.0,0.0
8.0,21.0,0.4,0.4,0.4,0.4,4900.0,0.0
8.0,20.0,0.34,0.39,0.34,0.34,6300.0,0.0
8.0,19.0,0.33,0.33,0.33,0.33,0.0,0.0
8.0,18.0,0.33,0.33,0.33,0.33,3000.0,0.0
8.0,15.0,0.32,0.32,0.32,0.32,500.0,0.0
8.0,14.0,0.3,0.47,0.3,0.3,8200.0,0.0
8.0,13.0,0.46,0.47,0.37,0.47,17000.0,0.009999999999999953
8.0,12.0,0.44,0.44,0.44,0.44,0.0,0.0
8.0,11.0,0.3,0.44,0.3,0.44,29300.0,0.14
8.0,8.0,0.42,0.42,0.4,0.41,6500.0,-0.010000000000000009
8.0,7.0,0.4,0.4,0.33,0.33,901800.0,-0.07
8.0,6.0,0.4,0.4,0.37,0.37,3000.0,-0.030000000000000027
8.0,5.0,0.35,0.35,0.35,0.35,1600.0,0.0
8.0,4.0,0.45,0.45,0.32,0.32,9500.0,-0.13
8.0,1.0,0.32,0.38,0.32,0.38,500.0,0.06
7.0,31.0,0.39,0.39,0.39,0.39,1100.0,0.0
7.0,30.0,0.25,0.41,0.25,0.41,17300.0,0.15999999999999998
7.0,29.0,0.38,0.38,0.35,0.35,2800.0,-0.030000000000000027
7.0,28.0,0.38,0.38,0.38,0.38,800.0,0.0
7.0,25.0,0.38,0.38,0.38,0.38,5300.0,0.0
7.0,24.0,0.38,0.38,0.38,0.38,2000.0,0.0
7.0,23.0,0.37,0.38,0.37,0.38,2000.0,0.010000000000000009
7.0,22.0,0.4,0.4,0.4,0.4,0.0,0.0
7.0,21.0,0.4,0.4,0.4,0.4,3000.0,0.0
7.0,18.0,0.44,0.44,0.44,0.44,0.0,0.0
7.0,17.0,0.44,0.44,0.44,0.44,0.0,0.0
7.0,16.0,0.44,0.44,0.44,0.44,1200.0,0.0
7.0,15.0,0.4,0.4,0.4,0.4,0.0,0.0
7.0,14.0,0.4,0.4,0.4,0.4,2000.0,0.0
7.0,11.0,0.4,0.45,0.4,0.45,11500.0,0.04999999999999999
7.0,10.0,0.41,0.42,0.4,0.4,6900.0,-0.009999999999999953
7.0,9.0,0.42,0.42,0.42,0.42,0.0,0.0
7.0,8.0,0.42,0.42,0.42,0.42,1200.0,0.0
7.0,7.0,0.44,0.44,0.44,0.44,1100.0,0.0
7.0,3.0,0.44,0.44,0.44,0.44,0.0,0.0
7.0,2.0,0.36,0.44,0.36,0.44,2000.0,0.08000000000000002
7.0,1.0,0.4,0.44,0.4,0.44,7700.0,0.03999999999999998
6.0,30.0,0.4,0.44,0.4,0.44,1100.0,0.03999999999999998
6.0,27.0,0.45,0.45,0.45,0.45,2400.0,0.0
6.0,26.0,0.45,0.45,0.45,0.45,200.0,0.0
6.0,25.0,0.45,0.45,0.45,0.45,4800.0,0.0
6.0,24.0,0.51,0.51,0.45,0.45,3000.0,-0.06
6.0,23.0,0.45,0.45,0.45,0.45,4000.0,0.0
6.0,20.0,0.47,0.47,0.45,0.45,3100.0,-0.019999999999999962
6.0,19.0,0.45,0.45,0.45,0.45,900.0,0.0
6.0,18.0,0.47,0.47,0.47,0.47,2000.0,0.0
6.0,17.0,0.5,0.5,0.5,0.5,800.0,0.0
6.0,16.0,0.51,0.58,0.5,0.5,17800.0,-0.010000000000000009
6.0,13.0,0.5,0.57,0.5,0.57,32100.0,0.06999999999999995
6.0,12.0,0.47,0.47,0.46,0.46,7800.0,-0.009999999999999953
6.0,11.0,0.54,0.54,0.47,0.47,19300.0,-0.07000000000000006
6.0,10.0,0.47,0.47,0.47,0.47,1900.0,0.0
6.0,9.0,0.47,0.5,0.46,0.46,50400.0,-0.009999999999999953
6.0,6.0,0.47,0.47,0.47,0.47,5100.0,0.0
6.0,5.0,0.47,0.47,0.47,0.47,0.0,0.0
6.0,4.0,0.47,0.47,0.47,0.47,1000.0,0.0
6.0,3.0,0.45,0.5,0.45,0.5,3300.0,0.04999999999999999
6.0,2.0,0.5,0.5,0.47,0.47,6100.0,-0.030000000000000027
5.0,30.0,0.55,0.58,0.5,0.51,25600.0,-0.040000000000000036
5.0,29.0,0.5,0.5,0.5,0.5,1000.0,0.0
5.0,28.0,0.47,0.5,0.47,0.5,37300.0,0.030000000000000027
5.0,27.0,0.5,0.5,0.47,0.47,1500.0,-0.030000000000000027
5.0,23.0,0.6,0.6,0.47,0.47,10600.0,-0.13
5.0,22.0,0.62,0.62,0.56,0.6,4400.0,-0.020000000000000018
5.0,21.0,0.63,0.63,0.57,0.62,13100.0,-0.010000000000000009
5.0,20.0,0.63,0.63,0.63,0.63,100.0,0.0
5.0,19.0,0.63,0.63,0.5,0.5,1300.0,-0.13
5.0,16.0,0.64,0.64,0.55,0.63,1800.0,-0.010000000000000009
5.0,15.0,0.63,0.68,0.59,0.68,35300.0,0.050000000000000044
5.0,14.0,0.64,0.64,0.64,0.64,0.0,0.0
5.0,13.0,0.64,0.64,0.64,0.64,300.0,0.0
5.0,12.0,0.65,0.65,0.64,0.64,16500.0,-0.010000000000000009
5.0,9.0,0.7,0.79,0.65,0.65,13600.0,-0.04999999999999993
5.0,8.0,1.05,1.05,0.7,0.7,40400.0,-0.3500000000000001
5.0,7.0,0.75,0.9,0.65,0.9,30100.0,0.15000000000000002
5.0,6.0,0.68,0.73,0.64,0.73,28500.0,0.04999999999999993
5.0,5.0,0.66,0.75,0.55,0.75,23800.0,0.08999999999999997
5.0,2.0,0.55,0.7,0.51,0.6,30100.0,0.04999999999999993
5.0,1.0,0.6,0.65,0.55,0.55,59800.0,-0.04999999999999993
4.0,30.0,0.5,0.55,0.48,0.48,45400.0,-0.020000000000000018
4.0,29.0,0.5,0.5,0.48,0.5,19400.0,0.0
4.0,28.0,0.5,0.6,0.48,0.6,13300.0,0.09999999999999998
4.0,25.0,0.5,0.55,0.5,0.5,13300.0,0.0
4.0,24.0,0.55,0.55,0.45,0.51,38400.0,-0.040000000000000036
4.0,23.0,0.44,0.55,0.44,0.51,15400.0,0.07
4.0,22.0,0.47,0.55,0.46,0.5,38900.0,0.030000000000000027
4.0,21.0,0.48,0.49,0.4,0.48,47700.0,0.0
4.0,17.0,0.6,0.6,0.45,0.48,29100.0,-0.12
4.0,16.0,0.35,0.5,0.22,0.5,104100.0,0.15000000000000002
4.0,15.0,1.44,1.44,1.44,1.44,0.0,0.0
4.0,14.0,1.44,1.44,1.44,1.44,0.0,0.0
4.0,11.0,1.44,1.44,1.44,1.44,0.0,0.0
4.0,10.0,1.44,1.44,1.44,1.44,0.0,0.0
4.0,9.0,1.44,1.44,1.44,1.44,0.0,0.0
4.0,8.0,1.44,1.44,1.44,1.44,0.0,0.0
4.0,7.0,1.44,1.44,1.44,1.44,0.0,0.0
4.0,4.0,1.44,1.44,1.44,1.44,0.0,0.0
4.0,3.0,1.44,1.44,1.44,1.44,0.0,0.0
4.0,2.0,1.44,1.44,1.44,1.44,0.0,0.0
4.0,1.0,1.44,1.44,1.44,1.44,0.0,0.0
3.0,31.0,1.44,1.44,1.44,1.44,0.0,0.0
3.0,28.0,1.44,1.44,1.44,1.44,0.0,0.0
3.0,27.0,1.44,1.44,1.44,1.44,0.0,0.0
3.0,26.0,1.44,1.44,1.44,1.44,0.0,0.0
3.0,25.0,1.44,1.44,1.44,1.44,0.0,0.0
3.0,24.0,1.44,1.44,1.44,1.44,0.0,0.0
3.0,21.0,1.44,1.44,1.44,1.44,0.0,0.0
3.0,20.0,1.44,1.44,1.44,1.44,0.0,0.0
3.0,19.0,1.44,1.44,1.44,1.44,0.0,0.0
3.0,18.0,1.44,1.44,1.44,1.44,0.0,0.0
3.0,17.0,1.44,1.44,1.44,1.44,0.0,0.0
3.0,14.0,1.44,1.44,1.44,1.44,0.0,0.0
3.0,13.0,1.44,1.44,1.44,1.44,0.0,0.0
3.0,12.0,1.44,1.44,1.44,1.44,0.0,0.0
3.0,11.0,1.44,1.44,1.44,1.44,0.0,0.0
3.0,10.0,1.44,1.44,1.44,1.44,0.0,0.0
3.0,7.0,1.44,1.44,1.44,1.44,0.0,0.0
3.0,6.0,1.44,1.44,1.44,1.44,0.0,0.0
3.0,5.0,1.44,1.44,1.44,1.44,0.0,0.0
3.0,4.0,1.44,1.44,1.44,1.44,0.0,0.0
3.0,3.0,1.44,1.44,1.44,1.44,0.0,0.0
2.0,28.0,1.44,1.44,1.44,1.44,0.0,0.0
2.0,27.0,1.44,1.44,1.44,1.44,0.0,0.0
2.0,26.0,1.44,1.44,1.44,1.44,0.0,0.0
2.0,25.0,1.44,1.44,1.44,1.44,0.0,0.0
2.0,24.0,1.44,1.44,1.44,1.44,0.0,0.0
2.0,21.0,1.44,1.44,1.44,1.44,0.0,0.0
2.0,20.0,1.44,1.44,1.44,1.44,0.0,0.0
2.0,19.0,1.44,1.44,1.44,1.44,0.0,0.0
2.0,18.0,1.44,1.44,1.44,1.44,0.0,0.0
2.0,14.0,1.44,1.44,1.44,1.44,0.0,0.0
2.0,13.0,1.44,1.44,1.44,1.44,0.0,0.0
2.0,12.0,1.44,1.44,1.44,1.44,0.0,0.0
2.0,11.0,1.44,1.44,1.44,1.44,0.0,0.0
2.0,10.0,1.44,1.44,1.44,1.44,0.0,0.0
2.0,7.0,1.44,1.44,1.44,1.44,0.0,0.0
2.0,6.0,1.44,1.44,1.44,1.44,0.0,0.0
2.0,5.0,1.44,1.44,1.44,1.44,0.0,0.0
2.0,4.0,1.44,1.44,1.44,1.44,0.0,0.0
2.0,3.0,1.44,1.44,1.44,1.44,0.0,0.0
1.0,31.0,1.44,1.44,1.44,1.44,0.0,0.0
1.0,30.0,1.44,1.44,1.44,1.44,0.0,0.0
1.0,29.0,1.44,1.44,1.44,1.44,0.0,0.0
1.0,28.0,1.44,1.44,1.44,1.44,0.0,0.0
1.0,27.0,1.44,1.44,1.44,1.44,0.0,0.0
1.0,24.0,1.44,1.44,1.44,1.44,0.0,0.0
1.0,23.0,1.44,1.44,1.44,1.44,0.0,0.0
1.0,22.0,1.44,1.44,1.44,1.44,0.0,0.0
1.0,21.0,1.44,1.44,1.44,1.44,0.0,0.0
1.0,17.0,1.44,1.44,1.44,1.44,0.0,0.0
1.0,16.0,1.44,1.44,1.44,1.44,0.0,0.0
1.0,15.0,1.44,1.44,1.44,1.44,0.0,0.0
1.0,14.0,1.44,1.44,1.44,1.44,0.0,0.0
1.0,13.0,1.44,1.44,1.44,1.44,0.0,0.0
1.0,10.0,1.44,1.44,1.44,1.44,0.0,0.0
1.0,9.0,1.44,1.44,1.44,1.44,0.0,0.0
1.0,8.0,1.44,1.44,1.44,1.44,0.0,0.0
1.0,7.0,1.44,1.44,1.44,1.44,0.0,0.0
1.0,6.0,1.44,1.44,1.44,1.44,0.0,0.0
1.0,3.0,1.44,1.44,1.44,1.44,0.0,0.0
1.0,2.0,1.44,1.44,1.44,1.44,0.0,0.0
12.0,31.0,1.44,1.44,1.44,1.44,0.0,0.0
12.0,30.0,1.44,1.44,1.44,1.44,0.0,0.0
12.0,27.0,1.44,1.44,1.44,1.44,0.0,0.0
12.0,26.0,1.44,1.44,1.44,1.44,0.0,0.0
12.0,24.0,1.44,1.44,1.44,1.44,0.0,0.0
12.0,23.0,1.44,1.44,1.44,1.44,0.0,0.0
12.0,20.0,1.44,1.44,1.44,1.44,0.0,0.0
12.0,19.0,1.44,1.44,1.44,1.44,0.0,0.0
12.0,18.0,1.44,1.44,1.44,1.44,0.0,0.0
12.0,17.0,1.44,1.44,1.44,1.44,0.0,0.0
12.0,16.0,1.44,1.44,1.44,1.44,0.0,0.0
12.0,13.0,1.44,1.44,1.44,1.44,0.0,0.0
12.0,12.0,1.48,1.52,1.41,1.44,94100.0,-0.040000000000000036
12.0,11.0,1.56,1.67,1.54,1.61,64200.0,0.050000000000000044
12.0,10.0,1.63,1.72,1.53,1.56,53200.0,-0.06999999999999984
12.0,9.0,1.69,1.75,1.5,1.6,87900.0,-0.08999999999999986
12.0,6.0,1.4,1.79,1.39,1.68,346300.0,0.28
12.0,5.0,1.44,1.48,1.4,1.44,26700.0,0.0
12.0,4.0,1.4,1.41,1.38,1.38,18600.0,-0.020000000000000018
12.0,3.0,1.48,1.48,1.38,1.4,28400.0,-0.08000000000000007
12.0,2.0,1.42,1.48,1.41,1.41,13800.0,-0.010000000000000009
11.0,29.0,1.42,1.43,1.4,1.4,14000.0,-0.020000000000000018
11.0,27.0,1.42,1.51,1.42,1.43,3000.0,0.010000000000000009
11.0,26.0,1.54,1.54,1.41,1.42,19000.0,-0.1200000000000001
11.0,25.0,1.41,1.53,1.41,1.5,19400.0,0.09000000000000008
11.0,22.0,1.45,1.54,1.41,1.45,22200.0,0.0
11.0,21.0,1.4,1.53,1.4,1.49,55500.0,0.09000000000000008
11.0,20.0,1.43,1.43,1.39,1.4,64200.0,-0.030000000000000027
11.0,19.0,1.55,1.57,1.41,1.43,77000.0,-0.1200000000000001
11.0,18.0,1.61,1.63,1.48,1.5,130900.0,-0.1100000000000001
11.0,15.0,1.78,1.81,1.63,1.68,62600.0,-0.10000000000000009
11.0,14.0,1.72,1.97,1.6,1.81,116500.0,0.09000000000000008
11.0,13.0,1.64,1.72,1.57,1.7,55400.0,0.06000000000000005
11.0,12.0,1.7,1.73,1.61,1.66,7600.0,-0.040000000000000036
11.0,11.0,1.52,1.71,1.52,1.67,58900.0,0.1499999999999999
11.0,8.0,1.56,1.61,1.45,1.56,80600.0,0.0
11.0,7.0,1.74,1.74,1.58,1.6,37300.0,-0.1399999999999999
11.0,6.0,1.74,1.85,1.74,1.74,11900.0,0.0
11.0,5.0,1.68,1.82,1.68,1.79,19900.0,0.1100000000000001
11.0,4.0,1.69,1.8,1.69,1.72,79600.0,0.030000000000000027
11.0,1.0,1.83,1.83,1.7,1.7,57900.0,-0.13000000000000012
10.0,31.0,1.93,1.94,1.74,1.83,93500.0,-0.09999999999999987
10.0,30.0,2.06,2.16,1.97,1.97,33900.0,-0.09000000000000008
10.0,29.0,1.97,2.04,1.95,2.04,28000.0,0.07000000000000006
10.0,28.0,2.04,2.04,1.9,1.93,16600.0,-0.1100000000000001
10.0,25.0,1.91,2.05,1.87,2.04,55100.0,0.13000000000000012
10.0,24.0,2.02,2.05,1.85,1.91,89300.0,-0.1100000000000001
10.0,23.0,2.14,2.14,2.01,2.03,62300.0,-0.11000000000000032
10.0,22.0,2.13,2.4,2.0,2.04,260400.0,-0.08999999999999986
10.0,21.0,2.36,2.39,2.0,2.06,212600.0,-0.2999999999999998
10.0,18.0,2.48,2.63,2.18,2.28,314200.0,-0.20000000000000018
10.0,17.0,1.9,2.85,1.9,2.48,1221100.0,0.5800000000000001
10.0,16.0,1.89,2.4,1.87,1.93,1034100.0,0.040000000000000036
10.0,15.0,1.38,2.0,1.38,1.85,792400.0,0.4700000000000002
10.0,14.0,1.39,1.42,1.31,1.36,21300.0,-0.029999999999999805
10.0,11.0,1.38,1.49,1.38,1.42,33300.0,0.040000000000000036
10.0,10.0,1.39,1.49,1.31,1.39,30600.0,0.0
10.0,9.0,1.39,1.45,1.35,1.4,7600.0,0.010000000000000009
10.0,8.0,1.43,1.45,1.41,1.41,37300.0,-0.020000000000000018
10.0,7.0,1.4,1.44,1.4,1.42,29400.0,0.020000000000000018
10.0,4.0,1.4,1.44,1.4,1.44,3100.0,0.040000000000000036
10.0,3.0,1.45,1.45,1.37,1.42,27800.0,-0.030000000000000027
10.0,2.0,1.4,1.45,1.4,1.42,16200.0,0.020000000000000018
10.0,1.0,1.42,1.49,1.4,1.41,31000.0,-0.010000000000000009
9.0,30.0,1.42,1.47,1.4,1.43,15800.0,0.010000000000000009
9.0,27.0,1.41,1.43,1.41,1.43,900.0,0.020000000000000018
9.0,26.0,1.45,1.46,1.41,1.46,23400.0,0.010000000000000009
9.0,25.0,1.4,1.45,1.4,1.41,44300.0,0.010000000000000009
9.0,24.0,1.45,1.45,1.4,1.4,49200.0,-0.050000000000000044
9.0,23.0,1.45,1.49,1.42,1.45,30300.0,0.0
9.0,20.0,1.44,1.46,1.4,1.45,19000.0,0.010000000000000009
9.0,19.0,1.49,1.5,1.4,1.43,32800.0,-0.06000000000000005
9.0,18.0,1.49,1.52,1.48,1.52,7000.0,0.030000000000000027
9.0,17.0,1.54,1.54,1.44,1.45,18700.0,-0.09000000000000008
9.0,16.0,1.52,1.58,1.52,1.52,25000.0,0.0
9.0,13.0,1.51,1.51,1.46,1.5,12300.0,-0.010000000000000009
9.0,12.0,1.53,1.53,1.47,1.47,28100.0,-0.06000000000000005
9.0,11.0,1.58,1.6,1.52,1.53,23300.0,-0.050000000000000044
9.0,10.0,1.53,1.63,1.53,1.58,56100.0,0.050000000000000044
9.0,9.0,1.55,1.61,1.52,1.52,51900.0,-0.030000000000000027
9.0,6.0,1.51,1.56,1.49,1.55,9100.0,0.040000000000000036
9.0,5.0,1.48,1.56,1.48,1.5,52400.0,0.020000000000000018
9.0,4.0,1.48,1.6,1.48,1.49,7400.0,0.010000000000000009
9.0,3.0,1.48,1.49,1.46,1.46,23400.0,-0.020000000000000018
8.0,30.0,1.48,1.48,1.46,1.48,3900.0,0.0
8.0,29.0,1.5,1.51,1.48,1.48,13900.0,-0.020000000000000018
8.0,28.0,1.43,1.55,1.43,1.54,25500.0,0.1100000000000001
8.0,27.0,1.46,1.53,1.45,1.45,29000.0,-0.010000000000000009
8.0,26.0,1.44,1.51,1.43,1.44,16500.0,0.0
8.0,23.0,1.47,1.47,1.4,1.44,32100.0,-0.030000000000000027
8.0,22.0,1.43,1.46,1.4,1.45,6000.0,0.020000000000000018
8.0,21.0,1.42,1.68,1.4,1.4,352900.0,-0.020000000000000018
8.0,20.0,1.43,1.46,1.4,1.41,7200.0,-0.020000000000000018
8.0,19.0,1.41,1.41,1.4,1.4,8300.0,-0.010000000000000009
8.0,16.0,1.46,1.46,1.41,1.41,19500.0,-0.050000000000000044
8.0,15.0,1.55,1.55,1.45,1.46,22900.0,-0.09000000000000008
8.0,14.0,1.56,1.59,1.49,1.52,37300.0,-0.040000000000000036
8.0,13.0,1.58,1.59,1.57,1.59,34600.0,0.010000000000000009
8.0,12.0,1.6,1.6,1.5,1.56,17600.0,-0.040000000000000036
8.0,9.0,1.59,1.6,1.55,1.59,20500.0,0.0
8.0,8.0,1.54,1.6,1.5,1.53,51400.0,-0.010000000000000009
8.0,7.0,1.49,1.65,1.49,1.55,26800.0,0.06000000000000005
8.0,6.0,1.46,1.75,1.42,1.5,157800.0,0.040000000000000036
8.0,5.0,1.4,1.45,1.4,1.41,4200.0,0.010000000000000009
8.0,2.0,1.42,1.45,1.41,1.41,17800.0,-0.010000000000000009
8.0,1.0,1.39,1.4,1.39,1.4,4900.0,0.010000000000000009
7.0,31.0,1.4,1.4,1.35,1.39,13200.0,-0.010000000000000009
7.0,30.0,1.39,1.39,1.36,1.37,12400.0,-0.019999999999999796
7.0,29.0,1.4,1.4,1.4,1.4,9300.0,0.0
7.0,26.0,1.36,1.47,1.36,1.43,4600.0,0.06999999999999984
7.0,25.0,1.36,1.4,1.36,1.39,39500.0,0.029999999999999805
7.0,24.0,1.5,1.5,1.4,1.4,16100.0,-0.10000000000000009
7.0,23.0,1.53,1.53,1.42,1.45,26500.0,-0.08000000000000007
7.0,22.0,1.67,1.67,1.39,1.45,87500.0,-0.21999999999999997
7.0,19.0,1.7,1.7,1.54,1.54,21900.0,-0.15999999999999992
7.0,18.0,1.63,1.75,1.62,1.67,114400.0,0.040000000000000036
7.0,17.0,1.64,1.65,1.5,1.59,107000.0,-0.04999999999999982
7.0,16.0,1.26,1.65,1.25,1.6,134100.0,0.3400000000000001
7.0,15.0,1.33,1.33,1.28,1.28,20800.0,-0.050000000000000044
7.0,12.0,1.32,1.33,1.31,1.32,10700.0,0.0
7.0,11.0,1.27,1.3,1.27,1.3,8100.0,0.030000000000000027
7.0,10.0,1.2,1.32,1.2,1.3,9300.0,0.10000000000000009
7.0,9.0,1.21,1.32,1.21,1.23,69300.0,0.020000000000000018
7.0,8.0,1.25,1.32,1.21,1.24,38500.0,-0.010000000000000009
7.0,5.0,1.32,1.32,1.25,1.26,6400.0,-0.06000000000000005
7.0,3.0,1.29,1.29,1.27,1.27,3300.0,-0.020000000000000018
7.0,2.0,1.35,1.45,1.22,1.26,59000.0,-0.09000000000000008
7.0,1.0,1.32,1.37,1.27,1.3,28100.0,-0.020000000000000018
6.0,28.0,1.35,1.4,1.32,1.33,10900.0,-0.020000000000000018
6.0,27.0,1.37,1.4,1.32,1.36,50500.0,-0.010000000000000009
6.0,26.0,1.43,1.43,1.39,1.43,4100.0,0.0
6.0,25.0,1.48,1.48,1.38,1.44,2100.0,-0.040000000000000036
6.0,24.0,1.39,1.4,1.34,1.35,39000.0,-0.039999999999999813
6.0,21.0,1.42,1.48,1.38,1.44,2900.0,0.020000000000000018
6.0,20.0,1.44,1.46,1.38,1.45,22100.0,0.010000000000000009
6.0,19.0,1.44,1.44,1.43,1.43,600.0,-0.010000000000000009
6.0,18.0,1.44,1.49,1.44,1.45,14000.0,0.010000000000000009
6.0,17.0,1.48,1.48,1.44,1.45,8300.0,-0.030000000000000027
6.0,14.0,1.49,1.54,1.41,1.52,6400.0,0.030000000000000027
6.0,13.0,1.43,1.53,1.43,1.53,13300.0,0.10000000000000009
6.0,12.0,1.52,1.52,1.41,1.48,19800.0,-0.040000000000000036
6.0,11.0,1.43,1.55,1.39,1.55,17000.0,0.1200000000000001
6.0,10.0,1.5,1.63,1.38,1.47,17800.0,-0.030000000000000027
6.0,7.0,1.49,1.53,1.46,1.52,13400.0,0.030000000000000027
6.0,6.0,1.5,1.62,1.45,1.47,27500.0,-0.030000000000000027
6.0,5.0,1.5,1.55,1.5,1.5,16000.0,0.0
6.0,4.0,1.61,1.61,1.5,1.55,42900.0,-0.06000000000000005
6.0,3.0,1.65,1.65,1.52,1.56,34000.0,-0.08999999999999986
5.0,31.0,1.68,1.7,1.6,1.63,63900.0,-0.050000000000000044
5.0,30.0,1.53,1.69,1.5,1.68,117300.0,0.1499999999999999
5.0,29.0,1.43,1.53,1.31,1.53,26900.0,0.10000000000000009
5.0,28.0,1.47,1.48,1.41,1.47,27600.0,0.0
5.0,24.0,1.44,1.49,1.37,1.47,61700.0,0.030000000000000027
5.0,23.0,1.47,1.47,1.41,1.46,23900.0,-0.010000000000000009
5.0,22.0,1.39,1.5,1.39,1.45,71700.0,0.06000000000000005
5.0,21.0,1.39,1.39,1.31,1.36,70500.0,-0.029999999999999805
5.0,20.0,1.41,1.42,1.35,1.36,35700.0,-0.04999999999999982
5.0,17.0,1.45,1.49,1.32,1.4,73000.0,-0.050000000000000044
5.0,16.0,1.45,1.49,1.35,1.46,108700.0,0.010000000000000009
5.0,15.0,1.52,1.61,1.52,1.54,65100.0,0.020000000000000018
5.0,14.0,1.67,1.7,1.51,1.53,97400.0,-0.1399999999999999
5.0,13.0,1.62,1.7,1.59,1.66,154500.0,0.039999999999999813
5.0,10.0,1.48,1.63,1.48,1.58,28100.0,0.10000000000000009
5.0,9.0,1.65,1.65,1.48,1.48,20200.0,-0.16999999999999993
5.0,8.0,1.57,1.6,1.53,1.53,10300.0,-0.040000000000000036
5.0,7.0,1.56,1.62,1.5,1.53,9200.0,-0.030000000000000027
5.0,6.0,1.6,1.75,1.45,1.6,18400.0,0.0
5.0,3.0,1.5,1.58,1.45,1.58,18600.0,0.08000000000000007
5.0,2.0,1.53,1.55,1.5,1.5,9700.0,-0.030000000000000027
5.0,1.0,1.5,1.61,1.5,1.53,14000.0,0.030000000000000027
4.0,30.0,1.57,1.58,1.52,1.52,14000.0,-0.050000000000000044
4.0,29.0,1.61,1.64,1.55,1.56,27500.0,-0.050000000000000044
4.0,26.0,1.56,1.68,1.55,1.61,53700.0,0.050000000000000044
4.0,25.0,1.71,1.75,1.63,1.63,31800.0,-0.08000000000000007
4.0,24.0,1.68,1.73,1.6,1.68,57500.0,0.0
4.0,23.0,1.75,1.75,1.62,1.66,43700.0,-0.09000000000000008
4.0,22.0,1.7,1.75,1.65,1.7,6900.0,0.0
4.0,19.0,1.68,1.84,1.6,1.71,14600.0,0.030000000000000027
4.0,18.0,1.88,1.88,1.6,1.72,44900.0,-0.15999999999999992
4.0,17.0,1.73,1.83,1.6,1.8,48900.0,0.07000000000000006
4.0,16.0,1.8,1.87,1.57,1.69,59300.0,-0.1100000000000001
4.0,15.0,1.91,1.98,1.8,1.81,69000.0,-0.09999999999999987
4.0,12.0,1.73,1.9,1.7,1.86,53300.0,0.13000000000000012
4.0,11.0,1.53,1.73,1.53,1.71,64600.0,0.17999999999999994
4.0,10.0,1.53,1.65,1.53,1.57,46700.0,0.040000000000000036
4.0,9.0,1.52,1.57,1.2,1.46,194600.0,-0.06000000000000005
4.0,8.0,1.66,1.7,1.55,1.55,42600.0,-0.10999999999999988
4.0,5.0,1.81,1.81,1.66,1.7,76400.0,-0.1100000000000001
4.0,4.0,1.76,1.81,1.7,1.81,42300.0,0.050000000000000044
4.0,3.0,1.96,1.96,1.75,1.76,155100.0,-0.19999999999999996
4.0,2.0,1.97,2.0,1.89,1.99,108900.0,0.020000000000000018
4.0,1.0,2.18,2.24,2.05,2.1,21700.0,-0.08000000000000007
3.0,28.0,2.02,2.12,2.0,2.1,26500.0,0.08000000000000007
3.0,27.0,2.2,2.23,2.11,2.13,34200.0,-0.07000000000000028
3.0,26.0,2.05,2.18,2.0,2.17,50400.0,0.1200000000000001
3.0,25.0,2.21,2.26,2.11,2.14,26500.0,-0.06999999999999984
3.0,22.0,2.22,2.29,2.2,2.2,19300.0,-0.020000000000000018
3.0,21.0,2.36,2.36,2.16,2.2,28500.0,-0.1599999999999997
3.0,20.0,2.35,2.44,2.31,2.31,86800.0,-0.040000000000000036
3.0,19.0,2.32,2.32,2.2,2.32,26600.0,0.0
3.0,18.0,2.29,2.35,2.2,2.29,60000.0,0.0
3.0,15.0,2.29,2.29,2.21,2.25,16200.0,-0.040000000000000036
3.0,14.0,2.23,2.31,2.15,2.19,36700.0,-0.040000000000000036
3.0,13.0,2.31,2.32,2.21,2.21,11900.0,-0.10000000000000009
3.0,12.0,2.36,2.39,2.25,2.3,37400.0,-0.06000000000000005
3.0,11.0,2.3,2.39,2.2,2.31,71200.0,0.010000000000000231
3.0,8.0,1.93,2.44,1.93,2.23,246600.0,0.30000000000000004
3.0,7.0,1.88,1.93,1.85,1.91,41200.0,0.030000000000000027
3.0,6.0,2.02,2.04,1.85,1.88,51800.0,-0.14000000000000012
3.0,5.0,2.1,2.1,2.02,2.02,13700.0,-0.08000000000000007
3.0,4.0,2.01,2.1,2.0,2.06,34100.0,0.050000000000000266
3.0,1.0,2.02,2.05,1.93,2.05,11200.0,0.029999999999999805
2.0,28.0,2.03,2.05,1.98,2.03,25600.0,0.0
2.0,27.0,1.99,2.05,1.98,1.98,27600.0,-0.010000000000000009
2.0,26.0,2.08,2.11,1.99,1.99,41100.0,-0.09000000000000008
2.0,25.0,2.15,2.15,2.09,2.09,21100.0,-0.06000000000000005
2.0,22.0,2.15,2.18,2.13,2.13,13000.0,-0.020000000000000018
2.0,21.0,2.19,2.19,2.15,2.15,13900.0,-0.040000000000000036
2.0,20.0,2.21,2.24,2.18,2.2,16500.0,-0.009999999999999787
2.0,19.0,2.2,2.32,2.2,2.22,11300.0,0.020000000000000018
2.0,15.0,2.22,2.24,2.18,2.22,14000.0,0.0
2.0,14.0,2.24,2.28,2.15,2.26,42000.0,0.019999999999999574
2.0,13.0,2.33,2.33,2.27,2.27,7100.0,-0.06000000000000005
2.0,12.0,2.3,2.33,2.25,2.27,16500.0,-0.029999999999999805
2.0,11.0,2.32,2.37,2.3,2.3,14300.0,-0.020000000000000018
2.0,8.0,2.33,2.43,2.33,2.35,7700.0,0.020000000000000018
2.0,7.0,2.38,2.43,2.32,2.37,5100.0,-0.009999999999999787
2.0,6.0,2.38,2.46,2.36,2.38,25600.0,0.0
2.0,5.0,2.26,2.36,2.23,2.36,18100.0,0.10000000000000009
2.0,4.0,2.28,2.39,2.2,2.23,41200.0,-0.04999999999999982
2.0,1.0,2.4,2.46,2.25,2.35,31400.0,-0.04999999999999982
1.0,31.0,2.48,2.48,2.19,2.35,33800.0,-0.1299999999999999
1.0,30.0,2.37,2.59,2.37,2.41,30500.0,0.040000000000000036
1.0,29.0,2.54,2.54,2.35,2.42,33600.0,-0.1200000000000001
1.0,28.0,2.49,2.49,2.35,2.47,49900.0,-0.020000000000000018
1.0,25.0,2.5,2.73,2.4,2.41,49900.0,-0.08999999999999986
1.0,24.0,2.78,2.79,2.5,2.53,67400.0,-0.25
1.0,23.0,2.77,2.89,2.69,2.74,89600.0,-0.029999999999999805
1.0,22.0,2.83,2.86,2.73,2.77,102400.0,-0.06000000000000005
1.0,18.0,2.54,2.88,2.45,2.73,179400.0,0.18999999999999995
1.0,17.0,2.31,2.49,2.29,2.49,78100.0,0.18000000000000016
1.0,16.0,2.3,2.3,2.25,2.3,21900.0,0.0
1.0,15.0,2.28,2.29,2.25,2.29,14100.0,0.010000000000000231
1.0,14.0,2.25,2.34,2.16,2.23,19500.0,-0.020000000000000018
1.0,11.0,2.42,2.42,2.23,2.25,29800.0,-0.16999999999999993
1.0,10.0,2.43,2.43,2.37,2.37,29400.0,-0.06000000000000005
1.0,9.0,2.27,2.6,2.27,2.35,136600.0,0.08000000000000007
1.0,8.0,2.36,2.4,2.27,2.31,43400.0,-0.04999999999999982
1.0,7.0,2.15,2.47,2.08,2.39,136900.0,0.2400000000000002
1.0,4.0,2.26,2.31,2.07,2.09,110800.0,-0.16999999999999993
1.0,3.0,2.4,2.4,2.13,2.2,165200.0,-0.19999999999999973
1.0,2.0,2.86,2.86,2.33,2.45,160300.0,-0.4099999999999997
12.0,31.0,3.0,3.13,2.62,2.75,408200.0,-0.25
12.0,28.0,1.8,3.2,1.7,2.78,1144300.0,0.9799999999999998
12.0,27.0,1.56,1.84,1.55,1.82,86400.0,0.26
12.0,26.0,1.62,1.62,1.55,1.6,35100.0,-0.020000000000000018
12.0,24.0,1.61,1.62,1.57,1.6,34200.0,-0.010000000000000009
12.0,21.0,1.58,1.6,1.52,1.56,31500.0,-0.020000000000000018
12.0,20.0,1.65,1.67,1.56,1.6,66000.0,-0.04999999999999982
12.0,19.0,1.67,1.69,1.65,1.67,36900.0,0.0
12.0,18.0,1.75,1.75,1.65,1.68,22900.0,-0.07000000000000006
12.0,17.0,1.7,1.73,1.7,1.7,12200.0,0.0
12.0,14.0,1.72,1.75,1.7,1.75,22400.0,0.030000000000000027
12.0,13.0,1.78,1.79,1.72,1.74,6500.0,-0.040000000000000036
12.0,12.0,1.85,1.85,1.77,1.79,31800.0,-0.06000000000000005
12.0,11.0,1.75,2.04,1.75,1.85,86100.0,0.10000000000000009
12.0,10.0,1.85,1.89,1.72,1.83,22700.0,-0.020000000000000018
12.0,7.0,1.65,1.85,1.62,1.8,47100.0,0.15000000000000013
12.0,6.0,1.7,1.75,1.65,1.65,12700.0,-0.050000000000000044
12.0,5.0,1.79,1.79,1.61,1.7,28300.0,-0.09000000000000008
12.0,4.0,1.69,1.92,1.69,1.77,27800.0,0.08000000000000007
12.0,3.0,1.92,1.94,1.69,1.69,63100.0,-0.22999999999999998
11.0,30.0,1.81,2.07,1.76,1.86,52300.0,0.050000000000000044
11.0,29.0,1.78,1.92,1.75,1.8,23300.0,0.020000000000000018
11.0,28.0,1.86,1.87,1.75,1.81,44000.0,-0.050000000000000044
11.0,27.0,2.04,2.05,1.85,1.92,22600.0,-0.1200000000000001
11.0,26.0,2.05,2.25,2.0,2.04,53500.0,-0.009999999999999787
11.0,23.0,2.05,2.14,2.05,2.06,18500.0,0.010000000000000231
11.0,21.0,2.09,2.09,1.96,2.0,32200.0,-0.08999999999999986
11.0,20.0,1.86,2.0,1.86,1.95,48400.0,0.08999999999999986
11.0,19.0,1.62,1.96,1.57,1.86,81500.0,0.24
11.0,16.0,2.0,2.06,1.85,1.96,116300.0,-0.040000000000000036
11.0,15.0,2.39,2.78,1.73,2.05,366300.0,-0.3400000000000003
11.0,14.0,3.42,3.45,3.3,3.38,22600.0,-0.040000000000000036
11.0,13.0,3.44,3.5,3.35,3.44,53400.0,0.0
11.0,12.0,3.59,3.59,3.45,3.52,77200.0,-0.06999999999999984
11.0,9.0,3.54,3.63,3.43,3.59,35000.0,0.04999999999999982
11.0,8.0,3.65,3.69,3.37,3.52,25700.0,-0.1299999999999999
11.0,7.0,3.74,3.79,3.6,3.65,25200.0,-0.0900000000000003
11.0,6.0,3.51,3.74,3.51,3.74,48400.0,0.23000000000000043
11.0,5.0,3.28,3.56,3.21,3.44,59500.0,0.16000000000000014
11.0,2.0,3.02,3.32,3.0,3.2,29900.0,0.18000000000000016
11.0,1.0,2.81,3.09,2.8,3.05,38300.0,0.23999999999999977
10.0,31.0,2.75,2.91,2.75,2.82,20600.0,0.06999999999999984
10.0,26.0,2.86,2.9,2.75,2.75,40700.0,-0.10999999999999988
10.0,25.0,2.93,3.1,2.85,2.85,24900.0,-0.08000000000000007
10.0,24.0,2.89,3.02,2.87,2.9,23000.0,0.009999999999999787
10.0,23.0,2.92,2.97,2.85,2.91,18000.0,-0.009999999999999787
10.0,22.0,3.01,3.1,2.84,2.91,111000.0,-0.09999999999999964
10.0,19.0,3.52,3.52,2.86,3.11,91900.0,-0.41000000000000014
10.0,18.0,3.53,3.6,3.48,3.49,4100.0,-0.03999999999999959
10.0,17.0,3.53,3.6,3.48,3.48,4900.0,-0.04999999999999982
10.0,16.0,3.6,3.62,3.51,3.53,10700.0,-0.07000000000000028
10.0,15.0,3.55,3.55,3.4,3.51,37400.0,-0.040000000000000036
10.0,12.0,3.55,3.55,3.51,3.51,1000.0,-0.040000000000000036
10.0,11.0,3.57,3.6,3.53,3.55,7800.0,-0.020000000000000018
10.0,10.0,3.57,3.6,3.55,3.57,22200.0,0.0
10.0,9.0,3.57,3.66,3.57,3.58,5900.0,0.010000000000000231
10.0,8.0,3.6,3.62,3.58,3.58,7600.0,-0.020000000000000018
10.0,5.0,3.6,3.6,3.58,3.59,2800.0,-0.010000000000000231
10.0,4.0,3.56,3.61,3.56,3.58,5200.0,0.020000000000000018
10.0,3.0,3.63,3.65,3.55,3.55,10800.0,-0.08000000000000007
10.0,2.0,3.59,3.65,3.56,3.58,6400.0,-0.009999999999999787
10.0,1.0,3.76,3.84,3.59,3.59,23400.0,-0.16999999999999993
9.0,28.0,3.71,3.78,3.5,3.78,27500.0,0.06999999999999984
9.0,27.0,3.73,3.74,3.6,3.74,16400.0,0.010000000000000231
9.0,26.0,3.67,3.75,3.56,3.75,21800.0,0.08000000000000007
9.0,25.0,3.57,3.72,3.5,3.72,31700.0,0.15000000000000036
9.0,24.0,3.61,3.63,3.5,3.55,35400.0,-0.06000000000000005
9.0,21.0,3.58,3.63,3.58,3.59,11700.0,0.009999999999999787
9.0,20.0,3.64,3.81,3.58,3.6,28300.0,-0.040000000000000036
9.0,19.0,3.58,3.77,3.58,3.67,53400.0,0.08999999999999986
9.0,18.0,3.8,3.85,3.55,3.55,27700.0,-0.25
9.0,17.0,3.93,3.93,3.75,3.77,24200.0,-0.16000000000000014
9.0,14.0,3.9,4.06,3.79,3.86,31300.0,-0.040000000000000036
9.0,13.0,3.98,3.98,3.81,3.87,9500.0,-0.10999999999999988
9.0,12.0,3.85,4.05,3.83,3.93,25000.0,0.08000000000000007
9.0,11.0,3.87,3.87,3.76,3.76,20100.0,-0.11000000000000032
9.0,10.0,3.89,3.91,3.85,3.87,20700.0,-0.020000000000000018
9.0,7.0,3.88,4.15,3.84,3.92,63500.0,0.040000000000000036
9.0,6.0,3.86,3.96,3.84,3.85,2800.0,-0.009999999999999787
9.0,5.0,3.89,4.01,3.84,3.85,8700.0,-0.040000000000000036
9.0,4.0,3.84,3.95,3.79,3.9,5700.0,0.06000000000000005
8.0,31.0,4.0,4.24,3.8,3.83,37400.0,-0.16999999999999993
8.0,30.0,3.86,4.09,3.86,3.88,18600.0,0.020000000000000018
8.0,29.0,4.25,4.49,3.81,3.83,62300.0,-0.41999999999999993
8.0,28.0,4.28,4.29,4.22,4.27,13700.0,-0.010000000000000675
8.0,27.0,4.27,4.28,4.16,4.23,28500.0,-0.03999999999999915
8.0,24.0,4.2,4.29,4.13,4.24,32800.0,0.040000000000000036
8.0,23.0,3.89,4.2,3.86,4.17,46700.0,0.2799999999999998
8.0,22.0,3.58,3.9,3.58,3.86,24100.0,0.2799999999999998
8.0,21.0,3.6,3.75,3.48,3.55,70600.0,-0.050000000000000266
8.0,20.0,3.57,3.58,3.42,3.57,27500.0,0.0
8.0,17.0,3.77,3.87,3.49,3.57,44300.0,-0.20000000000000018
8.0,16.0,3.79,3.85,3.77,3.78,22900.0,-0.010000000000000231
8.0,15.0,3.85,3.85,3.79,3.8,30200.0,-0.050000000000000266
8.0,14.0,4.04,4.1,3.88,3.89,17800.0,-0.1499999999999999
8.0,13.0,4.08,4.08,4.0,4.04,12200.0,-0.040000000000000036
8.0,10.0,4.18,4.18,4.05,4.05,3400.0,-0.1299999999999999
8.0,9.0,4.17,4.19,4.09,4.09,3400.0,-0.08000000000000007
8.0,8.0,4.07,4.15,4.07,4.15,3000.0,0.08000000000000007
8.0,7.0,4.15,4.19,4.01,4.1,8400.0,-0.05000000000000071
8.0,6.0,4.15,4.16,4.08,4.09,11100.0,-0.0600000000000005
8.0,3.0,4.05,4.15,3.99,4.1,4200.0,0.04999999999999982
8.0,2.0,4.0,4.08,3.96,3.99,3900.0,-0.009999999999999787
8.0,1.0,4.01,4.23,3.99,3.99,17700.0,-0.019999999999999574
7.0,31.0,4.02,4.05,3.94,4.05,13200.0,0.03000000000000025
7.0,30.0,4.0,4.05,3.98,4.0,4900.0,0.0
7.0,27.0,4.03,4.17,3.98,4.0,5300.0,-0.03000000000000025
7.0,26.0,4.04,4.11,3.94,4.02,11400.0,-0.020000000000000462
7.0,25.0,4.17,4.17,4.01,4.1,8000.0,-0.07000000000000028
7.0,24.0,4.19,4.21,4.1,4.19,6600.0,0.0
7.0,23.0,4.2,4.46,3.91,4.24,52900.0,0.040000000000000036
7.0,20.0,4.28,4.5,4.11,4.21,18900.0,-0.07000000000000028
7.0,19.0,3.85,4.26,3.85,4.26,27000.0,0.4099999999999997
7.0,18.0,3.81,4.03,3.81,3.82,4500.0,0.009999999999999787
7.0,17.0,3.95,3.95,3.75,3.88,29100.0,-0.07000000000000028
7.0,16.0,4.11,4.18,3.89,3.89,8200.0,-0.2200000000000002
7.0,13.0,4.16,4.17,3.9,4.11,19100.0,-0.04999999999999982
7.0,12.0,3.78,4.21,3.76,4.1,78000.0,0.31999999999999984
7.0,11.0,3.9,3.9,3.8,3.85,15500.0,-0.04999999999999982
7.0,10.0,3.91,3.95,3.82,3.92,19600.0,0.009999999999999787
7.0,9.0,4.03,4.06,3.93,3.95,18400.0,-0.08000000000000007
7.0,6.0,4.09,4.12,3.9,3.99,23000.0,-0.09999999999999964
7.0,5.0,3.95,4.07,3.95,4.01,17200.0,0.05999999999999961
7.0,3.0,4.17,4.17,3.86,4.02,49600.0,-0.15000000000000036
7.0,2.0,3.99,4.33,3.99,4.3,9000.0,0.3099999999999996
6.0,29.0,4.15,4.15,4.0,4.0,32500.0,-0.15000000000000036
6.0,28.0,4.0,4.06,4.0,4.0,27500.0,0.0
6.0,27.0,4.03,4.1,4.0,4.0,16100.0,-0.03000000000000025
6.0,26.0,3.98,4.04,3.98,4.0,18700.0,0.020000000000000018
6.0,25.0,4.09,4.09,4.0,4.0,20900.0,-0.08999999999999986
6.0,22.0,4.08,4.08,4.0,4.05,4700.0,-0.03000000000000025
6.0,21.0,4.08,4.29,3.9,4.0,54900.0,-0.08000000000000007
6.0,20.0,4.05,4.18,4.0,4.02,26400.0,-0.03000000000000025
6.0,19.0,4.07,4.09,3.99,4.02,23300.0,-0.05000000000000071
6.0,18.0,4.08,4.14,4.0,4.01,56700.0,-0.07000000000000028
6.0,15.0,4.1,4.43,4.07,4.07,299800.0,-0.02999999999999936
6.0,14.0,4.01,4.07,3.85,3.95,83900.0,-0.05999999999999961
6.0,13.0,4.09,4.23,4.0,4.03,140800.0,-0.05999999999999961
6.0,12.0,4.32,4.42,4.06,4.19,47300.0,-0.1299999999999999
6.0,11.0,4.41,4.55,4.2,4.21,46400.0,-0.20000000000000018
6.0,8.0,4.37,4.57,4.34,4.49,14500.0,0.1200000000000001
6.0,7.0,4.48,4.6,4.22,4.45,44900.0,-0.03000000000000025
6.0,6.0,4.66,4.82,4.45,4.45,30000.0,-0.20999999999999996
6.0,5.0,4.49,4.75,4.49,4.65,26800.0,0.16000000000000014
6.0,4.0,4.59,4.62,4.23,4.45,49100.0,-0.13999999999999968
6.0,1.0,4.59,4.59,4.45,4.51,13700.0,-0.08000000000000007
5.0,31.0,4.55,4.76,4.49,4.61,60700.0,0.0600000000000005
5.0,30.0,4.88,4.88,4.5,4.56,27300.0,-0.3200000000000003
5.0,29.0,4.99,5.0,4.9,4.94,7300.0,-0.04999999999999982
5.0,25.0,5.19,5.25,5.01,5.01,43500.0,-0.1800000000000006
5.0,24.0,4.96,5.23,4.9,5.19,12000.0,0.23000000000000043
5.0,23.0,5.0,5.02,4.78,4.98,59300.0,-0.019999999999999574
5.0,22.0,4.85,5.2,4.74,4.8,52300.0,-0.04999999999999982
5.0,21.0,4.75,4.99,4.65,4.87,58900.0,0.1200000000000001
5.0,18.0,4.97,5.02,4.68,4.74,30000.0,-0.22999999999999954
5.0,17.0,5.09,5.29,4.85,5.01,45100.0,-0.08000000000000007
5.0,16.0,5.78,5.78,4.95,5.12,62000.0,-0.6600000000000001
5.0,15.0,6.22,6.23,5.78,5.86,45300.0,-0.35999999999999943
5.0,14.0,6.27,6.44,5.9,6.2,46000.0,-0.0699999999999994
5.0,11.0,5.45,6.31,5.45,6.22,96100.0,0.7699999999999996
5.0,10.0,5.29,5.33,4.89,5.32,58000.0,0.03000000000000025
5.0,9.0,5.67,5.74,5.18,5.24,122900.0,-0.4299999999999997
5.0,8.0,5.85,5.9,5.71,5.73,29400.0,-0.11999999999999922
5.0,7.0,6.06,6.06,5.83,5.84,42200.0,-0.21999999999999975
5.0,4.0,6.0,6.38,6.0,6.11,4800.0,0.11000000000000032
5.0,3.0,6.15,6.29,5.99,6.01,14800.0,-0.14000000000000057
5.0,2.0,6.05,6.19,5.73,6.17,91000.0,0.1200000000000001
5.0,1.0,5.94,6.08,5.85,6.05,22000.0,0.10999999999999943
4.0,30.0,6.21,6.27,5.94,5.94,33800.0,-0.2699999999999996
4.0,27.0,6.17,6.39,6.17,6.23,22000.0,0.0600000000000005
4.0,26.0,6.38,6.38,6.15,6.23,23100.0,-0.14999999999999947
4.0,25.0,6.55,6.59,6.21,6.41,69200.0,-0.13999999999999968
4.0,24.0,6.5,6.65,6.4,6.5,48800.0,0.0
4.0,23.0,6.22,6.49,6.19,6.47,33800.0,0.25
4.0,20.0,6.04,6.3,6.01,6.3,32900.0,0.2599999999999998
4.0,19.0,5.97,6.06,5.97,5.98,12400.0,0.010000000000000675
4.0,18.0,6.1,6.17,5.95,5.97,27100.0,-0.1299999999999999
4.0,17.0,6.13,6.23,6.12,6.12,20700.0,-0.009999999999999787
4.0,16.0,6.5,6.5,6.0,6.01,33500.0,-0.4900000000000002
4.0,13.0,6.29,6.68,6.29,6.51,26700.0,0.21999999999999975
4.0,12.0,6.3,6.3,6.12,6.29,27200.0,-0.009999999999999787
4.0,11.0,6.07,6.4,6.07,6.27,28400.0,0.1999999999999993
4.0,10.0,6.64,6.73,6.1,6.14,99400.0,-0.5
4.0,9.0,6.8,6.87,6.45,6.68,39900.0,-0.1200000000000001
4.0,5.0,7.08,7.24,6.79,6.86,92100.0,-0.21999999999999975
4.0,4.0,7.16,7.29,7.02,7.17,22900.0,0.009999999999999787
4.0,3.0,7.19,7.25,7.05,7.21,17700.0,0.019999999999999574
4.0,2.0,7.3,7.4,7.08,7.18,32500.0,-0.1200000000000001
3.0,30.0,7.41,7.41,7.19,7.27,23000.0,-0.14000000000000057
3.0,29.0,7.02,7.4,7.02,7.35,44500.0,0.33000000000000007
3.0,28.0,7.1,7.18,6.93,7.06,35300.0,-0.040000000000000036
3.0,27.0,7.1,7.24,7.01,7.07,48200.0,-0.02999999999999936
3.0,26.0,7.4,7.4,7.09,7.19,92000.0,-0.20999999999999996
3.0,23.0,7.54,7.58,7.36,7.4,56200.0,-0.13999999999999968
3.0,22.0,7.68,7.78,7.5,7.58,41600.0,-0.09999999999999964
3.0,21.0,7.49,7.75,7.49,7.73,35900.0,0.2400000000000002
3.0,20.0,7.82,7.83,7.41,7.81,86600.0,-0.010000000000000675
3.0,19.0,7.36,7.8,7.06,7.8,93800.0,0.4399999999999995
3.0,16.0,7.8,7.84,7.4,7.5,101100.0,-0.2999999999999998
3.0,15.0,7.88,7.88,7.51,7.81,63600.0,-0.07000000000000028
3.0,14.0,7.79,7.94,7.76,7.88,27200.0,0.08999999999999986
3.0,13.0,8.0,8.0,7.52,7.83,28100.0,-0.16999999999999993
3.0,12.0,8.39,8.39,7.85,7.99,33400.0,-0.40000000000000036
3.0,9.0,8.7,8.7,8.05,8.16,46500.0,-0.5399999999999991
3.0,8.0,8.62,8.73,8.35,8.49,53400.0,-0.129999999999999
3.0,7.0,8.15,8.65,8.15,8.44,44500.0,0.28999999999999915
3.0,6.0,8.18,8.23,7.21,8.11,71600.0,-0.07000000000000028
3.0,5.0,8.85,8.97,8.31,8.63,90400.0,-0.21999999999999886
3.0,2.0,8.65,9.95,8.33,8.8,254000.0,0.15000000000000036
3.0,1.0,8.41,8.96,8.36,8.85,78400.0,0.4399999999999995
2.0,29.0,7.96,8.4,7.84,8.39,357000.0,0.4300000000000006
2.0,28.0,7.74,7.93,7.41,7.91,92600.0,0.16999999999999993
2.0,27.0,7.6,7.71,7.16,7.63,46500.0,0.03000000000000025
2.0,24.0,7.28,7.7,7.17,7.63,43800.0,0.34999999999999964
2.0,23.0,7.16,7.29,7.0,7.15,45200.0,-0.009999999999999787
2.0,22.0,7.11,7.24,6.91,7.12,73500.0,0.009999999999999787
2.0,21.0,7.38,7.38,6.91,7.0,64100.0,-0.3799999999999999
2.0,17.0,7.81,7.81,7.06,7.37,76100.0,-0.4399999999999995
2.0,16.0,7.85,7.88,7.52,7.79,34900.0,-0.05999999999999961
2.0,15.0,8.11,8.33,7.86,7.88,39700.0,-0.22999999999999954
2.0,14.0,8.06,8.15,7.8,8.15,80200.0,0.08999999999999986
2.0,13.0,7.54,8.15,7.54,8.0,83800.0,0.45999999999999996
2.0,10.0,7.3,7.48,7.12,7.4,81800.0,0.10000000000000053
2.0,9.0,7.26,7.26,7.03,7.15,33600.0,-0.10999999999999943
2.0,8.0,7.13,7.4,7.0,7.31,41600.0,0.17999999999999972
2.0,7.0,7.06,7.21,6.8,7.03,27700.0,-0.02999999999999936
2.0,6.0,7.15,7.3,7.05,7.16,16300.0,0.009999999999999787
2.0,3.0,7.06,7.32,6.75,7.3,57700.0,0.2400000000000002
2.0,2.0,6.7,7.03,6.63,6.94,12500.0,0.2400000000000002
2.0,1.0,7.13,7.4,6.7,6.8,42200.0,-0.33000000000000007
1.0,31.0,7.47,7.5,7.0,7.17,30000.0,-0.2999999999999998
1.0,30.0,6.73,7.19,6.63,7.16,94600.0,0.4299999999999997
1.0,27.0,6.82,6.82,6.49,6.67,51400.0,-0.15000000000000036
1.0,26.0,6.98,6.98,6.72,6.89,36600.0,-0.09000000000000075
1.0,25.0,6.86,7.12,6.54,6.75,98400.0,-0.11000000000000032
1.0,24.0,7.55,7.55,6.66,7.0,101400.0,-0.5499999999999998
1.0,23.0,7.5,7.78,7.44,7.63,76000.0,0.1299999999999999
1.0,20.0,6.75,7.5,6.66,7.44,97200.0,0.6900000000000004
1.0,19.0,6.4,6.7,6.25,6.66,63500.0,0.2599999999999998
1.0,18.0,5.92,6.25,5.92,6.25,60700.0,0.33000000000000007
1.0,17.0,5.68,5.9,5.68,5.89,42300.0,0.20999999999999996
1.0,13.0,5.59,5.81,5.57,5.65,33500.0,0.0600000000000005
1.0,12.0,5.25,5.59,5.15,5.53,62600.0,0.28000000000000025
1.0,11.0,5.26,5.3,5.2,5.24,8100.0,-0.019999999999999574
1.0,10.0,5.24,5.29,5.2,5.29,17200.0,0.04999999999999982
1.0,9.0,5.2,5.3,5.12,5.22,25600.0,0.019999999999999574
1.0,6.0,4.9,5.27,4.88,5.19,62000.0,0.29000000000000004
1.0,5.0,4.82,4.9,4.73,4.9,47100.0,0.08000000000000007
1.0,4.0,4.72,4.84,4.64,4.82,55400.0,0.10000000000000053
1.0,3.0,4.65,4.8,4.56,4.75,67700.0,0.09999999999999964
12.0,30.0,4.67,4.71,4.5,4.61,71700.0,-0.05999999999999961
12.0,29.0,4.61,4.69,4.42,4.69,65000.0,0.08000000000000007
12.0,28.0,4.46,4.63,4.43,4.55,22600.0,0.08999999999999986
12.0,27.0,4.59,4.59,4.35,4.43,25700.0,-0.16000000000000014
12.0,23.0,4.47,4.72,4.45,4.57,80300.0,0.10000000000000053
12.0,22.0,4.35,4.58,4.3,4.5,55500.0,0.15000000000000036
12.0,21.0,4.29,4.41,4.2,4.4,61700.0,0.11000000000000032
12.0,20.0,4.24,4.4,4.12,4.33,127500.0,0.08999999999999986
12.0,19.0,4.36,4.36,4.12,4.14,71100.0,-0.22000000000000064
12.0,16.0,4.35,4.42,4.25,4.3,29800.0,-0.04999999999999982
12.0,15.0,4.24,4.34,4.2,4.3,33100.0,0.05999999999999961
12.0,14.0,4.23,4.35,4.2,4.23,37500.0,0.0
12.0,13.0,4.25,4.36,4.2,4.2,44600.0,-0.04999999999999982
12.0,12.0,4.32,4.38,4.25,4.25,34700.0,-0.07000000000000028
12.0,9.0,4.4,4.44,4.15,4.32,54800.0,-0.08000000000000007
12.0,8.0,4.38,4.44,4.3,4.34,71100.0,-0.040000000000000036
12.0,7.0,4.27,4.44,4.23,4.33,33600.0,0.0600000000000005
12.0,6.0,4.11,4.3,4.11,4.3,68700.0,0.1899999999999995
12.0,5.0,4.03,4.15,3.95,4.01,57400.0,-0.020000000000000462
12.0,2.0,3.95,4.0,3.95,3.95,28600.0,0.0
12.0,1.0,3.9,4.07,3.9,3.95,37100.0,0.050000000000000266
11.0,30.0,4.0,4.0,3.84,3.88,37200.0,-0.1200000000000001
11.0,29.0,4.04,4.04,3.82,3.9,46300.0,-0.14000000000000012
11.0,28.0,3.95,4.07,3.8,4.03,48400.0,0.08000000000000007
11.0,25.0,3.91,4.12,3.82,3.82,13100.0,-0.0900000000000003
11.0,23.0,3.95,3.98,3.85,3.88,36800.0,-0.07000000000000028
11.0,22.0,4.08,4.11,3.96,3.97,39600.0,-0.10999999999999988
11.0,21.0,4.01,4.1,3.94,4.03,39300.0,0.020000000000000462
11.0,18.0,4.14,4.31,4.01,4.07,51100.0,-0.0699999999999994
11.0,17.0,4.19,4.24,4.05,4.1,36400.0,-0.09000000000000075
11.0,16.0,4.34,4.34,4.01,4.15,32000.0,-0.1899999999999995
11.0,15.0,4.27,4.5,4.0,4.35,144900.0,0.08000000000000007
11.0,14.0,4.52,4.52,4.25,4.36,29900.0,-0.15999999999999925
11.0,11.0,4.7,4.7,4.3,4.38,69900.0,-0.3200000000000003
11.0,10.0,4.4,4.9,4.31,4.68,145400.0,0.27999999999999936
11.0,9.0,4.15,4.43,4.11,4.33,47700.0,0.17999999999999972
11.0,8.0,4.28,4.3,4.14,4.26,31400.0,-0.020000000000000462
11.0,7.0,4.23,4.39,4.2,4.2,21200.0,-0.03000000000000025
11.0,4.0,4.03,4.39,4.02,4.22,48100.0,0.1899999999999995
11.0,3.0,3.97,4.17,3.91,4.13,40200.0,0.1599999999999997
11.0,2.0,4.11,4.13,3.95,4.01,38000.0,-0.10000000000000053
11.0,1.0,4.11,4.11,3.95,4.03,38300.0,-0.08000000000000007
10.0,31.0,4.12,4.14,3.91,4.1,18200.0,-0.020000000000000462
10.0,28.0,4.11,4.31,4.1,4.23,39400.0,0.1200000000000001
10.0,27.0,4.39,4.39,4.03,4.1,100000.0,-0.29000000000000004
10.0,26.0,4.34,4.41,4.22,4.25,21200.0,-0.08999999999999986
10.0,25.0,4.43,4.47,4.27,4.39,34200.0,-0.040000000000000036
10.0,24.0,4.36,4.55,4.32,4.49,47800.0,0.1299999999999999
10.0,21.0,4.39,4.51,4.28,4.32,77600.0,-0.0699999999999994
10.0,20.0,4.13,4.56,4.1,4.5,89600.0,0.3700000000000001
10.0,19.0,4.15,4.2,4.05,4.13,22000.0,-0.020000000000000462
10.0,18.0,4.17,4.28,4.01,4.15,74000.0,-0.019999999999999574
10.0,17.0,4.11,4.15,4.09,4.15,35100.0,0.040000000000000036
10.0,14.0,4.07,4.24,4.05,4.15,43800.0,0.08000000000000007
10.0,13.0,3.85,4.04,3.85,4.0,25800.0,0.1499999999999999
10.0,12.0,3.96,4.0,3.89,3.91,30900.0,-0.04999999999999982
10.0,11.0,3.92,4.0,3.86,3.91,29000.0,-0.009999999999999787
10.0,10.0,3.93,4.09,3.82,3.98,48600.0,0.04999999999999982
10.0,7.0,3.83,4.0,3.82,3.84,18800.0,0.009999999999999787
10.0,6.0,3.95,4.13,3.8,4.06,51400.0,0.10999999999999943
10.0,5.0,3.99,3.99,3.83,3.99,20300.0,0.0
10.0,4.0,3.96,4.06,3.81,3.9,42300.0,-0.06000000000000005
10.0,3.0,3.97,4.18,3.96,3.96,23400.0,-0.010000000000000231
9.0,30.0,4.04,4.07,3.97,4.0,26600.0,-0.040000000000000036
9.0,29.0,4.26,4.26,4.04,4.04,37800.0,-0.21999999999999975
9.0,28.0,4.2,4.35,4.07,4.07,28100.0,-0.1299999999999999
9.0,27.0,4.27,4.32,3.98,4.19,59600.0,-0.07999999999999918
9.0,26.0,4.24,4.27,3.94,4.16,59800.0,-0.08000000000000007
9.0,23.0,4.38,4.38,4.19,4.19,54100.0,-0.1899999999999995
9.0,22.0,4.26,4.53,4.14,4.4,41400.0,0.14000000000000057
9.0,21.0,4.42,4.56,4.25,4.26,52300.0,-0.16000000000000014
9.0,20.0,4.43,4.55,4.34,4.4,15200.0,-0.02999999999999936
9.0,19.0,4.32,4.53,4.22,4.45,38200.0,0.1299999999999999
9.0,16.0,4.42,4.52,4.2,4.39,25900.0,-0.03000000000000025
9.0,15.0,4.17,4.4,4.17,4.4,14700.0,0.23000000000000043
9.0,14.0,4.27,4.4,4.16,4.23,60100.0,-0.03999999999999915
9.0,13.0,4.29,4.29,4.15,4.18,29100.0,-0.11000000000000032
9.0,12.0,4.4,4.55,4.2,4.27,44800.0,-0.13000000000000078
9.0,9.0,4.66,4.82,4.32,4.47,43700.0,-0.1900000000000004
9.0,8.0,4.81,4.99,4.4,4.66,42900.0,-0.14999999999999947
9.0,7.0,4.33,4.95,4.11,4.84,172300.0,0.5099999999999998
9.0,6.0,3.93,4.51,3.93,4.21,37500.0,0.2799999999999998
9.0,2.0,4.05,4.17,3.96,4.05,60600.0,0.0
9.0,1.0,4.34,4.34,4.25,4.27,20700.0,-0.07000000000000028
8.0,31.0,4.34,4.42,4.25,4.27,32000.0,-0.07000000000000028
8.0,30.0,4.44,4.5,4.33,4.4,28100.0,-0.040000000000000036
8.0,29.0,4.15,4.5,4.09,4.43,67300.0,0.27999999999999936
8.0,26.0,3.94,4.35,3.83,4.04,67800.0,0.10000000000000009
8.0,25.0,4.28,4.39,3.9,4.01,40800.0,-0.27000000000000046
8.0,24.0,4.1,4.23,3.9,4.13,37800.0,0.03000000000000025
8.0,23.0,4.0,4.22,3.71,4.1,56000.0,0.09999999999999964
8.0,22.0,4.52,4.71,3.85,4.0,86300.0,-0.5199999999999996
8.0,19.0,4.12,4.42,4.12,4.35,47800.0,0.22999999999999954
8.0,18.0,4.5,4.65,4.15,4.28,84600.0,-0.21999999999999975
8.0,17.0,4.74,4.98,4.58,4.63,52600.0,-0.11000000000000032
8.0,16.0,5.0,5.24,4.55,4.62,96100.0,-0.3799999999999999
8.0,15.0,5.9,6.0,5.2,5.35,88100.0,-0.5500000000000007
8.0,12.0,5.72,6.11,5.62,5.86,83000.0,0.14000000000000057
8.0,11.0,5.07,5.73,5.05,5.66,77300.0,0.5899999999999999
8.0,10.0,4.39,5.4,4.25,5.01,117800.0,0.6200000000000001
8.0,9.0,4.34,4.59,4.01,4.46,155100.0,0.1200000000000001
8.0,8.0,5.28,5.37,3.8,4.15,299200.0,-1.13
8.0,5.0,5.8,6.15,5.5,5.67,60300.0,-0.1299999999999999
8.0,4.0,6.36,6.36,5.73,5.79,51400.0,-0.5700000000000003
8.0,3.0,6.5,6.59,6.19,6.42,52500.0,-0.08000000000000007
8.0,2.0,6.55,6.75,6.4,6.47,66500.0,-0.08000000000000007
8.0,1.0,6.67,6.7,6.32,6.58,62200.0,-0.08999999999999986
7.0,29.0,6.95,6.95,6.3,6.55,134100.0,-0.40000000000000036
7.0,28.0,7.2,7.51,7.01,7.11,58100.0,-0.08999999999999986
7.0,27.0,7.6,7.6,7.02,7.16,95600.0,-0.4399999999999995
7.0,26.0,7.74,7.87,7.6,7.6,18200.0,-0.14000000000000057
7.0,25.0,7.75,7.89,7.68,7.79,31600.0,0.040000000000000036
7.0,22.0,7.5,7.92,7.5,7.61,50400.0,0.11000000000000032
7.0,21.0,7.46,7.79,7.24,7.72,53800.0,0.2599999999999998
7.0,20.0,7.25,7.55,6.91,7.34,74400.0,0.08999999999999986
7.0,19.0,7.0,7.25,6.97,7.24,51100.0,0.2400000000000002
7.0,18.0,7.25,7.25,7.0,7.0,30200.0,-0.25
7.0,15.0,7.05,7.3,6.95,7.3,76800.0,0.25
7.0,14.0,7.27,7.34,7.07,7.11,21300.0,-0.15999999999999925
7.0,13.0,7.51,7.66,7.31,7.45,26700.0,-0.05999999999999961
7.0,12.0,7.78,8.05,7.39,7.51,34000.0,-0.27000000000000046
7.0,11.0,7.95,8.04,7.61,7.72,28300.0,-0.23000000000000043
7.0,8.0,8.03,8.19,7.81,8.11,12800.0,0.08000000000000007
7.0,7.0,8.18,8.2,7.88,8.2,12500.0,0.019999999999999574
7.0,6.0,7.78,8.29,7.76,7.98,15500.0,0.20000000000000018
7.0,5.0,8.07,8.2,7.76,7.81,16000.0,-0.2600000000000007
7.0,1.0,7.92,8.37,7.72,8.04,34900.0,0.11999999999999922
6.0,30.0,8.35,8.5,7.97,8.03,40000.0,-0.3200000000000003
6.0,29.0,8.5,9.0,7.87,8.37,96300.0,-0.13000000000000078
6.0,28.0,7.7,8.6,7.59,8.37,132700.0,0.669999999999999
6.0,27.0,7.55,7.68,7.23,7.56,25000.0,0.009999999999999787
6.0,24.0,7.58,7.66,7.47,7.47,15100.0,-0.11000000000000032
6.0,23.0,7.4,7.7,7.25,7.61,23200.0,0.20999999999999996
6.0,22.0,7.36,7.75,7.31,7.53,27200.0,0.16999999999999993
6.0,21.0,7.1,7.82,7.01,7.6,59100.0,0.5
6.0,20.0,6.97,7.15,6.72,7.05,38500.0,0.08000000000000007
6.0,17.0,7.66,7.72,6.81,7.02,83000.0,-0.6400000000000006
6.0,16.0,7.7,7.77,7.5,7.55,17700.0,-0.15000000000000036
6.0,15.0,8.29,8.29,7.49,7.72,59100.0,-0.5699999999999994
6.0,14.0,6.98,7.64,6.7,7.57,91700.0,0.5899999999999999
6.0,13.0,7.37,7.53,6.8,6.88,64200.0,-0.4900000000000002
6.0,10.0,7.52,7.54,7.33,7.36,51600.0,-0.15999999999999925
6.0,9.0,7.71,7.93,7.52,7.61,64900.0,-0.09999999999999964
6.0,8.0,8.21,8.24,7.64,7.7,77300.0,-0.5100000000000007
6.0,7.0,8.04,8.38,7.8,8.2,58500.0,0.16000000000000014
6.0,6.0,8.24,8.35,7.95,7.95,58200.0,-0.29000000000000004
6.0,3.0,8.35,8.62,8.13,8.24,80200.0,-0.10999999999999943
6.0,2.0,8.77,8.81,8.31,8.48,46900.0,-0.28999999999999915
6.0,1.0,8.89,9.01,8.64,8.79,25900.0,-0.10000000000000142
5.0,31.0,9.4,9.69,8.85,8.96,75600.0,-0.4399999999999995
5.0,27.0,9.0,9.4,9.0,9.33,66300.0,0.33000000000000007
5.0,26.0,8.69,9.29,8.01,8.93,135300.0,0.2400000000000002
5.0,25.0,8.6,8.75,7.81,7.99,215400.0,-0.6099999999999994
5.0,24.0,8.93,9.73,8.66,8.66,104000.0,-0.2699999999999996
5.0,23.0,9.72,9.74,9.5,9.65,39400.0,-0.07000000000000028
5.0,20.0,9.89,9.99,9.86,9.94,10300.0,0.049999999999998934
5.0,19.0,10.03,10.03,9.86,9.94,21500.0,-0.08999999999999986
5.0,18.0,9.94,10.07,9.83,9.99,26600.0,0.05000000000000071
5.0,17.0,9.87,9.99,9.71,9.84,54800.0,-0.02999999999999936
5.0,16.0,10.12,10.26,9.85,9.97,70000.0,-0.14999999999999858
5.0,13.0,10.46,10.6,10.0,10.12,115600.0,-0.34000000000000163
5.0,12.0,10.11,10.18,9.78,9.97,36200.0,-0.1399999999999988
5.0,11.0,10.25,10.36,10.01,10.2,37800.0,-0.05000000000000071
5.0,10.0,10.35,10.38,9.93,10.28,71800.0,-0.07000000000000028
5.0,9.0,9.71,10.01,9.71,10.0,65000.0,0.28999999999999915
5.0,6.0,9.97,9.97,9.61,9.71,56000.0,-0.2599999999999998
5.0,5.0,9.95,10.07,9.76,9.92,47900.0,-0.02999999999999936
5.0,4.0,10.31,10.39,9.76,9.99,82000.0,-0.3200000000000003
5.0,3.0,10.69,10.84,10.25,10.34,27300.0,-0.34999999999999964
5.0,2.0,10.73,10.91,10.6,10.7,32600.0,-0.030000000000001137
4.0,29.0,10.96,11.0,10.65,10.74,55000.0,-0.22000000000000064
4.0,28.0,11.0,11.02,10.81,10.95,33100.0,-0.05000000000000071
4.0,27.0,10.96,11.02,10.9,11.0,32200.0,0.03999999999999915
4.0,26.0,11.25,11.25,10.79,11.0,57900.0,-0.25
4.0,25.0,11.39,11.5,11.11,11.25,25400.0,-0.14000000000000057
4.0,21.0,11.5,11.75,11.36,11.4,15900.0,-0.09999999999999964
4.0,20.0,12.02,12.17,11.35,11.44,28700.0,-0.5800000000000001
4.0,19.0,11.08,12.58,11.04,11.77,149800.0,0.6899999999999995
4.0,18.0,11.05,11.24,10.89,10.97,14000.0,-0.08000000000000007
4.0,15.0,10.97,11.39,10.97,11.35,40300.0,0.379999999999999
4.0,14.0,10.96,11.14,10.38,10.91,82500.0,-0.05000000000000071
4.0,13.0,11.12,11.31,10.75,11.11,54700.0,-0.009999999999999787
4.0,12.0,10.93,11.4,10.7,11.07,55000.0,0.14000000000000057
4.0,11.0,10.95,11.18,10.9,11.01,45100.0,0.0600000000000005
4.0,8.0,10.94,11.03,10.85,10.96,85600.0,0.02000000000000135
4.0,7.0,11.06,11.59,10.81,10.96,53100.0,-0.09999999999999964
4.0,6.0,11.16,11.4,10.85,11.1,32800.0,-0.0600000000000005
4.0,5.0,10.92,11.57,10.85,11.17,62100.0,0.25
4.0,4.0,11.65,11.65,10.8,11.0,92700.0,-0.6500000000000004
4.0,1.0,11.68,11.68,11.5,11.53,36100.0,-0.15000000000000036
3.0,31.0,11.59,11.87,11.48,11.65,51200.0,0.0600000000000005
3.0,30.0,11.73,11.75,11.51,11.67,29800.0,-0.0600000000000005
3.0,29.0,11.5,11.76,11.41,11.63,36900.0,0.13000000000000078
3.0,28.0,11.65,11.93,11.35,11.56,29600.0,-0.08999999999999986
3.0,25.0,11.44,11.7,11.22,11.67,38200.0,0.23000000000000043
3.0,24.0,11.76,11.85,11.32,11.45,30900.0,-0.3100000000000005
3.0,23.0,11.93,11.93,11.12,11.74,48200.0,-0.1899999999999995
3.0,22.0,10.78,12.05,10.78,11.89,73600.0,1.1100000000000012
3.0,21.0,11.23,11.32,10.62,10.67,60400.0,-0.5600000000000005
3.0,18.0,11.0,11.45,10.66,11.02,34600.0,0.019999999999999574
3.0,17.0,11.14,13.13,10.62,10.86,56900.0,-0.28000000000000114
3.0,16.0,11.25,11.72,10.77,10.96,61600.0,-0.28999999999999915
3.0,15.0,11.18,11.39,10.25,11.21,141300.0,0.030000000000001137
3.0,14.0,12.4,12.41,11.17,11.59,178500.0,-0.8100000000000005
3.0,11.0,13.25,13.51,12.41,12.41,111100.0,-0.8399999999999999
3.0,10.0,12.66,12.68,12.4,12.55,38500.0,-0.10999999999999943
3.0,9.0,12.99,13.0,12.69,12.69,45800.0,-0.3000000000000007
3.0,8.0,12.95,13.09,12.95,12.99,28700.0,0.040000000000000924
3.0,7.0,12.93,13.0,12.83,12.96,37900.0,0.030000000000001137
3.0,4.0,12.92,13.05,12.61,12.92,31800.0,0.0
3.0,3.0,12.7,12.98,12.61,12.98,48500.0,0.28000000000000114
3.0,2.0,12.76,12.76,12.5,12.57,25900.0,-0.1899999999999995
3.0,1.0,12.76,12.92,12.55,12.79,45300.0,0.02999999999999936
2.0,28.0,12.82,12.88,12.41,12.59,48400.0,-0.23000000000000043
2.0,25.0,12.91,12.97,12.75,12.82,21000.0,-0.08999999999999986
2.0,24.0,12.99,12.99,12.8,12.89,15600.0,-0.09999999999999964
2.0,23.0,12.64,12.98,12.61,12.98,46400.0,0.33999999999999986
2.0,22.0,13.25,13.25,12.56,12.59,72300.0,-0.6600000000000001
2.0,18.0,13.15,13.28,13.0,13.23,30200.0,0.08000000000000007
2.0,17.0,12.93,13.19,12.85,13.14,29700.0,0.21000000000000085
2.0,16.0,13.1,13.14,12.82,12.9,58000.0,-0.1999999999999993
2.0,15.0,12.41,12.93,12.31,12.77,29500.0,0.35999999999999943
2.0,14.0,12.6,12.69,12.11,12.48,46700.0,-0.11999999999999922
2.0,11.0,12.63,12.69,12.45,12.55,66200.0,-0.08000000000000007
2.0,10.0,13.19,13.19,12.6,12.7,59900.0,-0.4900000000000002
2.0,9.0,12.9,13.15,12.82,13.05,60500.0,0.15000000000000036
2.0,8.0,13.14,13.18,12.75,12.99,47600.0,-0.15000000000000036
2.0,7.0,13.05,13.3,12.95,13.1,42300.0,0.049999999999998934
2.0,4.0,13.15,13.15,12.88,13.01,62600.0,-0.14000000000000057
2.0,3.0,13.78,13.9,12.88,13.15,92000.0,-0.629999999999999
2.0,2.0,13.65,13.85,13.4,13.58,83500.0,-0.07000000000000028
2.0,1.0,12.9,13.72,12.79,13.48,183800.0,0.5800000000000001
1.0,31.0,12.42,12.76,12.33,12.68,66500.0,0.2599999999999998
1.0,28.0,12.74,12.8,12.07,12.18,93100.0,-0.5600000000000005
1.0,27.0,12.69,13.2,12.65,12.8,63700.0,0.11000000000000121
1.0,26.0,13.02,13.09,12.4,12.78,69600.0,-0.2400000000000002
1.0,25.0,13.03,13.15,12.66,12.91,87400.0,-0.11999999999999922
1.0,24.0,13.35,13.46,13.21,13.21,31800.0,-0.1399999999999988
1.0,21.0,12.73,13.38,12.73,13.12,104900.0,0.3899999999999988
1.0,20.0,12.75,12.9,11.86,12.61,231400.0,-0.14000000000000057
1.0,19.0,14.47,14.54,12.2,12.24,299400.0,-2.2300000000000004
1.0,18.0,14.3,14.59,13.81,14.12,127900.0,-0.1800000000000015
1.0,14.0,13.63,14.09,13.55,13.96,81800.0,0.33000000000000007
1.0,13.0,14.28,14.75,13.62,13.66,245200.0,-0.6199999999999992
1.0,12.0,13.92,14.23,13.68,14.1,178500.0,0.17999999999999972
1.0,11.0,13.71,13.9,13.0,13.34,151100.0,-0.370000000000001
1.0,10.0,13.55,13.98,13.38,13.6,133400.0,0.049999999999998934
1.0,7.0,13.7,13.79,13.11,13.19,92600.0,-0.5099999999999998
1.0,6.0,13.65,13.9,13.05,13.53,266100.0,-0.120000000000001
1.0,5.0,11.6,13.3,11.6,12.9,439500.0,1.3000000000000007
1.0,4.0,10.88,11.44,10.76,11.3,92000.0,0.41999999999999993
1.0,3.0,10.9,11.48,10.83,10.83,137000.0,-0.07000000000000028
12.0,31.0,11.13,11.15,10.64,10.76,111200.0,-0.370000000000001
12.0,30.0,10.2,11.6,10.14,11.2,254100.0,1.0
12.0,29.0,9.84,10.01,9.74,9.96,40700.0,0.120000000000001
12.0,28.0,10.0,10.06,9.56,9.84,86500.0,-0.16000000000000014
12.0,27.0,9.98,10.0,9.77,10.0,31500.0,0.019999999999999574
12.0,23.0,9.75,10.0,9.5,9.99,60500.0,0.2400000000000002
12.0,22.0,10.0,10.01,9.75,9.75,63100.0,-0.25
12.0,21.0,10.06,10.06,9.86,10.05,36800.0,-0.009999999999999787
12.0,20.0,9.9,10.05,9.9,9.99,35900.0,0.08999999999999986
12.0,17.0,10.0,10.0,9.81,9.88,37800.0,-0.11999999999999922
12.0,16.0,9.98,10.09,9.81,9.98,42600.0,0.0
12.0,15.0,10.41,10.41,9.93,10.0,108200.0,-0.41000000000000014
12.0,14.0,10.55,10.8,10.34,10.45,155700.0,-0.10000000000000142
12.0,13.0,10.58,10.6,10.4,10.48,83500.0,-0.09999999999999964
12.0,10.0,10.28,10.71,10.28,10.5,93000.0,0.22000000000000064
12.0,9.0,10.51,10.64,10.14,10.23,53600.0,-0.27999999999999936
12.0,8.0,10.71,10.87,10.46,10.69,38100.0,-0.02000000000000135
12.0,7.0,10.42,10.84,10.42,10.72,89800.0,0.3000000000000007
12.0,6.0,10.1,10.66,10.09,10.41,65600.0,0.3100000000000005
12.0,3.0,10.15,10.22,9.9,10.07,47800.0,-0.08000000000000007
12.0,2.0,10.48,10.81,10.1,10.19,76100.0,-0.2900000000000009
12.0,1.0,10.83,10.97,10.37,10.47,91000.0,-0.35999999999999943
11.0,30.0,10.94,10.94,10.51,10.72,78600.0,-0.21999999999999886
11.0,29.0,10.6,11.01,10.32,10.99,118400.0,0.39000000000000057
11.0,26.0,10.55,10.78,10.45,10.5,32100.0,-0.05000000000000071
11.0,24.0,10.23,10.78,10.2,10.55,101100.0,0.3200000000000003
11.0,23.0,10.05,10.4,9.84,10.17,60800.0,0.11999999999999922
11.0,22.0,9.99,10.39,9.81,10.19,116900.0,0.1999999999999993
11.0,19.0,10.25,10.26,9.84,9.97,124600.0,-0.27999999999999936
11.0,18.0,10.15,10.51,10.04,10.23,103500.0,0.08000000000000007
11.0,17.0,10.5,10.72,9.8,9.93,243900.0,-0.5700000000000003
11.0,16.0,10.89,10.89,10.11,10.58,314500.0,-0.3100000000000005
11.0,15.0,12.75,13.0,9.53,9.98,777700.0,-2.7699999999999996
11.0,12.0,12.56,13.08,12.53,12.72,142900.0,0.16000000000000014
11.0,11.0,13.27,13.52,12.66,13.33,85900.0,0.0600000000000005
11.0,10.0,14.1,14.1,13.3,13.81,91500.0,-0.28999999999999915
11.0,9.0,14.09,14.09,13.58,13.97,78100.0,-0.11999999999999922
11.0,8.0,14.19,14.19,13.62,13.88,78700.0,-0.3099999999999987
11.0,5.0,13.79,14.24,13.36,14.13,110900.0,0.34000000000000163
11.0,4.0,13.5,14.2,13.41,13.71,172200.0,0.21000000000000085
11.0,3.0,13.61,13.67,13.06,13.48,59600.0,-0.129999999999999
11.0,2.0,13.57,13.74,13.38,13.55,58700.0,-0.019999999999999574
11.0,1.0,13.08,13.64,13.08,13.55,127300.0,0.47000000000000064
10.0,29.0,12.96,13.12,12.92,13.02,18400.0,0.05999999999999872
10.0,28.0,12.68,13.19,12.68,13.12,34300.0,0.4399999999999995
10.0,27.0,12.71,12.88,12.35,12.62,57600.0,-0.09000000000000163
10.0,26.0,12.81,13.3,12.7,12.74,54800.0,-0.07000000000000028
10.0,25.0,13.15,13.39,12.84,12.84,40800.0,-0.3100000000000005
10.0,22.0,12.74,13.4,12.74,13.13,35500.0,0.39000000000000057
10.0,21.0,13.3,13.45,12.74,13.37,89000.0,0.06999999999999851
10.0,20.0,12.55,13.3,12.55,13.22,109400.0,0.6699999999999999
10.0,19.0,12.55,12.79,12.12,12.4,96600.0,-0.15000000000000036
10.0,18.0,13.76,13.98,12.8,13.06,140200.0,-0.6999999999999993
10.0,15.0,13.05,13.89,12.8,13.76,165600.0,0.7099999999999991
10.0,14.0,12.82,13.1,12.55,13.02,86000.0,0.1999999999999993
10.0,13.0,13.5,13.5,12.52,12.63,176900.0,-0.8699999999999992
10.0,12.0,12.4,13.6,12.37,13.28,249700.0,0.879999999999999
10.0,11.0,12.5,12.5,12.18,12.5,51100.0,0.0
10.0,8.0,12.11,12.5,12.01,12.38,208000.0,0.27000000000000135
10.0,7.0,12.12,12.38,11.83,11.99,220700.0,-0.129999999999999
10.0,6.0,11.16,11.45,11.15,11.15,41900.0,-0.009999999999999787
10.0,5.0,11.27,11.35,11.08,11.22,43600.0,-0.049999999999998934
10.0,4.0,11.0,11.32,10.97,11.13,21200.0,0.13000000000000078
10.0,1.0,10.76,11.15,10.6,11.05,46500.0,0.2900000000000009
9.0,30.0,11.45,11.45,10.45,10.59,64400.0,-0.8599999999999994
9.0,29.0,10.44,11.77,10.44,11.35,166400.0,0.9100000000000001
9.0,28.0,10.11,10.44,10.03,10.39,40500.0,0.28000000000000114
9.0,27.0,10.05,10.25,9.97,10.01,29100.0,-0.040000000000000924
9.0,24.0,10.1,10.2,9.93,9.95,31700.0,-0.15000000000000036
9.0,23.0,9.98,10.05,9.96,10.0,6500.0,0.019999999999999574
9.0,22.0,9.99,10.15,9.81,10.04,13900.0,0.049999999999998934
9.0,21.0,10.15,10.15,9.91,9.96,28600.0,-0.1899999999999995
9.0,20.0,9.93,10.16,9.85,10.09,37500.0,0.16000000000000014
9.0,17.0,10.2,10.2,9.85,9.85,23900.0,-0.34999999999999964
9.0,16.0,10.02,10.2,9.9,10.15,20500.0,0.13000000000000078
9.0,15.0,10.3,10.32,10.02,10.02,38400.0,-0.28000000000000114
9.0,14.0,9.93,10.35,9.85,10.29,43700.0,0.35999999999999943
9.0,13.0,10.3,10.4,9.5,9.83,175800.0,-0.47000000000000064
9.0,10.0,10.37,10.5,10.1,10.15,28700.0,-0.21999999999999886
9.0,9.0,10.61,10.76,10.33,10.33,46000.0,-0.27999999999999936
9.0,8.0,10.43,10.77,10.43,10.51,51500.0,0.08000000000000007
9.0,7.0,10.52,10.52,10.36,10.43,41100.0,-0.08999999999999986
9.0,3.0,10.52,10.82,10.33,10.47,47600.0,-0.049999999999998934
9.0,2.0,10.72,10.94,10.26,10.56,81900.0,-0.16000000000000014
9.0,1.0,10.95,11.39,10.68,10.83,112500.0,-0.11999999999999922
8.0,31.0,10.1,10.85,10.02,10.85,216100.0,0.75
8.0,30.0,9.9,10.3,9.61,10.06,79200.0,0.16000000000000014
8.0,27.0,9.25,9.55,9.15,9.46,35700.0,0.21000000000000085
8.0,26.0,9.48,9.55,9.1,9.1,73500.0,-0.3800000000000008
8.0,25.0,9.13,9.48,9.07,9.34,44000.0,0.20999999999999908
8.0,24.0,9.11,9.22,8.76,9.07,34500.0,-0.03999999999999915
8.0,23.0,9.41,9.69,9.11,9.17,114100.0,-0.2400000000000002
8.0,20.0,9.53,9.64,9.25,9.31,66100.0,-0.21999999999999886
8.0,19.0,10.11,10.11,9.51,9.62,79400.0,-0.4900000000000002
8.0,18.0,10.44,10.55,10.05,10.1,123500.0,-0.33999999999999986
8.0,17.0,9.29,10.25,9.17,10.21,220000.0,0.9200000000000017
8.0,16.0,9.54,9.54,8.77,9.01,72600.0,-0.5299999999999994
8.0,13.0,9.18,9.4,8.8,9.21,129400.0,0.030000000000001137
8.0,12.0,8.65,9.06,8.65,8.91,37600.0,0.2599999999999998
8.0,11.0,8.9,9.01,8.71,8.82,32300.0,-0.08000000000000007
8.0,10.0,8.9,9.11,8.9,9.05,20300.0,0.15000000000000036
8.0,9.0,9.03,9.2,8.91,9.0,30700.0,-0.02999999999999936
8.0,6.0,9.09,9.23,8.78,8.98,56300.0,-0.10999999999999943
8.0,5.0,8.82,9.6,8.6,9.25,153000.0,0.4299999999999997
8.0,4.0,9.1,9.19,8.82,8.9,36100.0,-0.1999999999999993
8.0,3.0,9.12,9.14,8.63,9.04,40100.0,-0.08000000000000007
8.0,2.0,9.06,9.45,8.88,9.1,50700.0,0.03999999999999915
7.0,30.0,9.0,9.21,8.9,9.12,22100.0,0.11999999999999922
7.0,29.0,9.19,9.24,8.78,9.1,38900.0,-0.08999999999999986
7.0,28.0,9.46,9.5,9.08,9.08,20600.0,-0.3800000000000008
7.0,27.0,9.94,9.94,9.03,9.5,109500.0,-0.4399999999999995
7.0,26.0,9.15,9.69,8.91,9.19,96100.0,0.03999999999999915
7.0,23.0,8.46,9.18,8.4,9.05,54900.0,0.5899999999999999
7.0,22.0,8.38,8.68,8.31,8.46,29200.0,0.08000000000000007
7.0,21.0,8.56,8.56,8.18,8.24,30300.0,-0.3200000000000003
7.0,20.0,8.25,8.58,8.16,8.51,67400.0,0.2599999999999998
7.0,19.0,8.41,8.7,8.11,8.24,14500.0,-0.16999999999999993
7.0,16.0,8.65,8.65,8.24,8.34,27300.0,-0.3100000000000005
7.0,15.0,9.09,9.09,8.57,8.86,17900.0,-0.23000000000000043
7.0,14.0,8.99,9.38,8.8,9.1,33400.0,0.10999999999999943
7.0,13.0,9.0,9.0,8.58,8.99,27500.0,-0.009999999999999787
7.0,12.0,8.97,8.97,8.8,8.9,12000.0,-0.07000000000000028
7.0,9.0,8.49,9.18,8.32,8.95,58600.0,0.4599999999999991
7.0,8.0,8.29,8.5,8.05,8.44,20800.0,0.15000000000000036
7.0,7.0,7.84,8.34,7.84,8.29,10200.0,0.4499999999999993
7.0,6.0,8.12,8.3,7.81,7.97,22900.0,-0.14999999999999947
7.0,2.0,8.1,8.5,7.75,7.9,13800.0,-0.1999999999999993
7.0,1.0,8.11,8.16,7.62,8.04,53700.0,-0.07000000000000028
6.0,30.0,8.18,8.46,8.09,8.13,34000.0,-0.049999999999998934
6.0,29.0,8.85,8.95,8.08,8.22,109000.0,-0.629999999999999
6.0,28.0,9.4,9.4,8.97,8.97,24400.0,-0.4299999999999997
6.0,25.0,9.23,9.46,8.82,9.29,37400.0,0.05999999999999872
6.0,24.0,9.3,9.44,9.04,9.18,29100.0,-0.120000000000001
6.0,23.0,9.26,9.56,9.02,9.5,39800.0,0.2400000000000002
6.0,22.0,9.69,9.69,9.07,9.24,53700.0,-0.4499999999999993
6.0,21.0,10.07,10.7,9.69,9.83,72500.0,-0.2400000000000002
6.0,18.0,10.05,10.05,9.7,9.75,19800.0,-0.3000000000000007
6.0,17.0,10.0,10.0,9.8,9.99,40800.0,-0.009999999999999787
6.0,16.0,9.77,10.06,9.67,9.9,41100.0,0.13000000000000078
6.0,15.0,9.74,10.0,9.71,9.94,75400.0,0.1999999999999993
6.0,14.0,9.22,9.7,9.22,9.54,61400.0,0.3199999999999985
6.0,11.0,8.95,9.2,8.66,9.2,64800.0,0.25
6.0,10.0,9.14,9.14,8.86,8.95,49500.0,-0.19000000000000128
6.0,9.0,9.29,9.38,8.81,8.89,31900.0,-0.3999999999999986
6.0,8.0,9.42,9.42,8.66,9.02,115200.0,-0.40000000000000036
6.0,7.0,9.66,10.12,9.0,9.11,48000.0,-0.5500000000000007
6.0,4.0,9.9,10.28,9.65,9.84,45400.0,-0.0600000000000005
6.0,3.0,10.06,10.3,10.02,10.16,36900.0,0.09999999999999964
6.0,2.0,9.7,10.2,9.7,9.95,87600.0,0.25
6.0,1.0,10.5,10.58,9.5,9.58,80200.0,-0.9199999999999999
5.0,28.0,10.55,10.85,10.29,10.54,163900.0,-0.010000000000001563
5.0,27.0,10.45,10.45,9.9,10.2,128900.0,-0.25
5.0,26.0,9.23,9.76,9.06,9.31,61600.0,0.08000000000000007
5.0,25.0,9.25,9.29,8.62,8.87,117200.0,-0.3800000000000008
5.0,24.0,9.24,9.86,9.12,9.48,85400.0,0.2400000000000002
5.0,21.0,8.3,9.35,8.0,9.26,177700.0,0.9599999999999991
5.0,20.0,9.47,9.56,8.55,8.61,337300.0,-0.8600000000000012
5.0,19.0,10.06,10.34,9.67,9.89,142300.0,-0.16999999999999993
5.0,18.0,10.31,10.56,10.12,10.21,127800.0,-0.09999999999999964
5.0,17.0,10.72,10.72,10.0,10.28,126700.0,-0.4400000000000013
5.0,14.0,10.8,10.8,10.35,10.72,150100.0,-0.08000000000000007
5.0,13.0,10.74,11.0,9.6,10.72,761000.0,-0.019999999999999574
5.0,12.0,11.13,11.91,11.05,11.91,277200.0,0.7799999999999994
5.0,11.0,10.9,10.95,10.68,10.85,140200.0,-0.05000000000000071
5.0,10.0,10.99,11.49,10.61,10.71,162300.0,-0.27999999999999936
5.0,7.0,12.21,12.21,10.22,10.35,315800.0,-1.8600000000000012
5.0,6.0,13.4,13.49,9.28,11.9,266900.0,-1.5
5.0,5.0,13.76,14.13,13.25,13.4,84900.0,-0.35999999999999943
5.0,4.0,14.19,14.35,13.5,13.76,106900.0,-0.4299999999999997
5.0,3.0,14.1,14.4,13.87,14.31,61300.0,0.21000000000000085
4.0,30.0,14.06,14.15,13.82,14.05,49800.0,-0.009999999999999787
4.0,29.0,13.82,14.09,13.52,14.06,87700.0,0.2400000000000002
4.0,28.0,13.39,13.76,13.3,13.37,85400.0,-0.02000000000000135
4.0,27.0,13.85,13.85,13.08,13.43,81800.0,-0.41999999999999993
4.0,26.0,13.7,13.8,13.46,13.72,86100.0,0.02000000000000135
4.0,23.0,13.9,13.9,13.45,13.72,91500.0,-0.17999999999999972
4.0,22.0,13.64,13.99,13.55,13.9,172900.0,0.2599999999999998
4.0,21.0,14.43,14.43,13.86,14.15,102000.0,-0.27999999999999936
4.0,20.0,14.0,14.4,13.87,14.24,311800.0,0.2400000000000002
4.0,19.0,13.52,13.93,13.25,13.35,255200.0,-0.16999999999999993
4.0,16.0,14.1,14.43,13.65,13.71,401200.0,-0.3899999999999988
4.0,15.0,14.77,14.85,13.99,14.08,937800.0,-0.6899999999999995
4.0,14.0,14.51,14.99,14.38,14.88,229200.0,0.370000000000001
4.0,13.0,15.06,15.11,14.44,14.69,106700.0,-0.370000000000001
4.0,12.0,15.0,15.37,14.9,15.14,110900.0,0.14000000000000057
4.0,9.0,15.56,15.56,14.62,14.86,56900.0,-0.7000000000000011
4.0,8.0,15.5,15.5,15.16,15.45,61300.0,-0.05000000000000071
4.0,7.0,15.74,15.85,15.09,15.49,74400.0,-0.25
4.0,6.0,15.78,15.96,15.22,15.5,70100.0,-0.27999999999999936
4.0,5.0,14.9,15.79,14.3,15.48,111100.0,0.5800000000000001
4.0,1.0,15.17,15.29,14.52,14.52,86800.0,-0.6500000000000004
3.0,31.0,15.38,15.5,15.11,15.11,45700.0,-0.27000000000000135
3.0,30.0,15.34,15.78,15.34,15.44,88000.0,0.09999999999999964
3.0,29.0,15.68,16.0,15.25,15.34,111500.0,-0.33999999999999986
3.0,26.0,16.98,17.35,15.5,15.68,255900.0,-1.3000000000000007
3.0,25.0,15.76,16.98,15.72,16.719999,815600.0,0.9599990000000016
3.0,24.0,14.22,14.22,13.63,13.9,116300.0,-0.3200000000000003
3.0,23.0,14.48,14.48,13.84,14.22,35700.0,-0.2599999999999998
3.0,22.0,13.75,14.23,13.56,14.19,52600.0,0.4399999999999995
3.0,19.0,13.97,14.8,13.76,13.97,50300.0,0.0
3.0,18.0,14.0,14.3,13.9,14.19,52100.0,0.1899999999999995
3.0,17.0,15.0,15.0,14.0,14.06,112900.0,-0.9399999999999995
3.0,16.0,14.83,15.19,14.7,14.91,14600.0,0.08000000000000007
3.0,15.0,14.67,15.04,14.58,14.79,24000.0,0.11999999999999922
3.0,12.0,15.31,15.31,14.69,14.83,40500.0,-0.4800000000000004
3.0,11.0,14.98,15.65,14.53,15.08,130300.0,0.09999999999999964
3.0,10.0,14.1,14.58,14.04,14.44,74000.0,0.33999999999999986
3.0,9.0,14.5,15.0,13.75,14.01,148000.0,-0.4900000000000002
3.0,8.0,15.4,15.69,14.5,14.63,100100.0,-0.7699999999999996
3.0,5.0,15.39,15.77,15.12,15.32,51800.0,-0.07000000000000028
3.0,4.0,15.79,15.99,15.11,15.48,56600.0,-0.3099999999999987
3.0,3.0,15.48,16.0,15.26,15.52,51400.0,0.03999999999999915
3.0,2.0,16.15,16.35,15.5,15.62,91600.0,-0.5299999999999994
3.0,1.0,16.08,16.879999,15.66,16.030001,78000.0,-0.04999899999999968
2.0,26.0,16.01,16.23,15.75,16.23,29100.0,0.21999999999999886
2.0,25.0,16.08,16.43,15.93,16.280001,32400.0,0.20000100000000032
2.0,24.0,17.299999,17.299999,16.23,16.68,39900.0,-0.619999
2.0,23.0,16.01,17.25,15.36,17.08,132400.0,1.0699999999999967
2.0,22.0,15.79,16.9,15.53,16.030001,79100.0,0.24000099999999946
2.0,19.0,16.059999,16.25,15.57,15.79,58700.0,-0.2699990000000021
2.0,18.0,16.51,16.76,16.0,16.360001,58700.0,-0.1499990000000011
2.0,17.0,17.0,17.23,16.4,16.65,42800.0,-0.3500000000000014
2.0,16.0,17.73,17.73,16.549999,16.9,51500.0,-0.8300000000000018
2.0,12.0,16.690001,17.799999,16.09,17.07,120000.0,0.37999900000000153
2.0,11.0,15.94,17.09,15.59,16.99,120800.0,1.049999999999999
2.0,10.0,14.72,16.200001,14.59,15.86,122600.0,1.1399999999999988
2.0,9.0,14.31,15.2,14.28,15.07,118300.0,0.7599999999999998
2.0,8.0,14.48,14.9,14.04,14.2,64900.0,-0.28000000000000114
2.0,5.0,13.28,14.27,13.08,13.94,124300.0,0.6600000000000001
2.0,4.0,15.51,15.51,13.83,13.85,141400.0,-1.6600000000000001
2.0,3.0,15.07,15.84,15.07,15.75,37600.0,0.6799999999999997
2.0,2.0,14.6,15.54,14.56,15.3,144600.0,0.7000000000000011
2.0,1.0,14.03,14.7,13.31,14.27,111600.0,0.2400000000000002
1.0,29.0,15.04,15.49,14.1,14.22,74100.0,-0.8199999999999985
1.0,28.0,15.13,15.81,14.0,14.73,147700.0,-0.40000000000000036
1.0,27.0,13.65,15.05,13.08,14.65,268000.0,1.0
1.0,26.0,14.82,15.15,13.75,13.84,187000.0,-0.9800000000000004
1.0,25.0,15.6,16.309999,14.59,14.82,180000.0,-0.7799999999999994
1.0,22.0,17.25,17.709999,15.3,15.44,174000.0,-1.8100000000000005
1.0,21.0,19.0,19.309999,17.25,17.379999,146300.0,-1.6200009999999985
1.0,20.0,19.959999,20.25,19.0,19.040001,50000.0,-0.9199979999999996
1.0,19.0,19.24,20.700001,18.77,20.15,103000.0,0.9100000000000001
1.0,15.0,20.219999,20.24,17.73,19.83,193300.0,-0.3899990000000031
1.0,14.0,20.309999,20.68,19.58,19.860001,45300.0,-0.4499980000000008
1.0,13.0,20.540001,20.85,19.299999,20.25,161500.0,-0.2900010000000002
1.0,12.0,21.35,21.870001,20.120001,20.780001,118300.0,-0.5699990000000028
1.0,11.0,21.68,23.15,21.280001,21.51,134500.0,-0.16999999999999815
1.0,8.0,22.98,22.98,22.25,22.629999,60000.0,-0.3500009999999989
1.0,7.0,22.969999,23.280001,21.709999,23.110001,67700.0,0.14000199999999907
1.0,6.0,22.610001,23.799999,22.17,22.549999,95900.0,-0.06000200000000078
1.0,5.0,22.639999,23.280001,22.25,22.870001,109300.0,0.23000199999999893
1.0,4.0,21.34,22.559999,20.42,22.209999,197900.0,0.869999
12.0,31.0,20.59,20.799999,20.07,20.4,39300.0,-0.19000000000000128
12.0,30.0,20.120001,20.940001,19.639999,20.43,35200.0,0.30999900000000125
12.0,29.0,20.870001,20.98,19.809999,20.459999,47600.0,-0.41000199999999865
12.0,28.0,21.24,21.459999,20.059999,20.4,81200.0,-0.8399999999999999
12.0,24.0,21.73,22.059999,20.84,21.280001,46100.0,-0.4499990000000018
12.0,23.0,20.209999,21.9,19.92,21.43,139800.0,1.220001
12.0,22.0,19.08,20.290001,18.5,19.91,167200.0,0.8300000000000018
12.0,21.0,20.77,21.120001,18.9,19.370001,187200.0,-1.399999000000001
12.0,18.0,22.65,22.65,20.639999,20.950001,142400.0,-1.6999989999999983
12.0,17.0,22.4,22.77,21.77,22.4,82400.0,0.0
12.0,16.0,22.620001,23.200001,22.110001,22.6,67500.0,-0.02000099999999705
12.0,15.0,23.07,23.549999,22.5,22.68,92300.0,-0.39000000000000057
12.0,14.0,24.4,24.4,23.07,23.33,81000.0,-1.0700000000000003
12.0,11.0,24.77,24.77,22.18,23.110001,121300.0,-1.6599989999999991
12.0,10.0,24.610001,25.5,23.790001,24.26,136000.0,-0.3500009999999989
12.0,9.0,23.74,25.190001,22.83,24.75,230100.0,1.0100000000000016
12.0,8.0,22.27,24.219999,22.27,23.35,77000.0,1.0800000000000018
12.0,7.0,21.51,23.889999,21.01,23.139999,113700.0,1.629998999999998
12.0,4.0,23.57,24.450001,20.5,22.4,235400.0,-1.1700000000000017
12.0,3.0,24.5,24.5,23.25,23.48,90000.0,-1.0199999999999996
12.0,2.0,23.59,24.549999,22.0,23.969999,175900.0,0.37999900000000153
12.0,1.0,23.15,24.549999,22.65,22.84,394200.0,-0.3099999999999987
11.0,30.0,20.75,22.65,20.549999,22.549999,468000.0,1.7999989999999997
11.0,27.0,18.200001,20.67,17.26,20.5,292200.0,2.2999989999999997
11.0,25.0,17.85,19.950001,17.030001,19.459999,367500.0,1.6099989999999984
11.0,24.0,18.200001,18.200001,17.139999,17.540001,80100.0,-0.6600000000000001
11.0,23.0,18.9,19.129999,17.5,18.24,107200.0,-0.6600000000000001
11.0,20.0,18.219999,19.110001,18.110001,18.4,79100.0,0.1800009999999972
11.0,19.0,18.5,19.4,17.5,18.540001,218400.0,0.040001000000000175
11.0,18.0,17.49,18.879999,16.82,18.469999,357500.0,0.979999000000003
11.0,17.0,17.25,17.440001,16.690001,17.25,77600.0,0.0
11.0,16.0,17.059999,18.190001,16.65,16.98,149800.0,-0.07999900000000082
11.0,13.0,16.389999,17.49,15.54,17.360001,245300.0,0.9700020000000009
11.0,12.0,15.68,16.5,14.63,16.07,171100.0,0.39000000000000057
11.0,11.0,14.68,15.08,14.38,14.75,64200.0,0.07000000000000028
11.0,10.0,15.79,15.79,14.26,14.6,89800.0,-1.1899999999999995
11.0,9.0,15.18,16.5,15.18,15.63,112100.0,0.45000000000000107
11.0,6.0,14.5,15.68,14.5,15.55,110600.0,1.0500000000000007
11.0,5.0,14.55,15.25,14.28,14.9,138600.0,0.34999999999999964
11.0,4.0,13.45,14.88,13.4,14.6,239000.0,1.1500000000000004
11.0,3.0,12.0,12.95,12.0,12.87,141000.0,0.8699999999999992
11.0,2.0,12.7,13.09,12.2,12.4,99400.0,-0.29999999999999893
10.0,30.0,13.64,13.65,12.3,12.63,123000.0,-1.0099999999999998
10.0,29.0,12.25,13.73,12.25,13.42,256700.0,1.17
10.0,28.0,13.63,13.85,12.08,12.21,418700.0,-1.42
10.0,27.0,15.84,16.120001,13.7,13.81,329000.0,-2.0299999999999994
10.0,26.0,17.440001,18.1,15.5,15.6,215400.0,-1.840000999999999
10.0,23.0,17.799999,18.370001,17.200001,17.26,74900.0,-0.5399989999999981
10.0,22.0,17.700001,18.48,17.219999,18.01,113900.0,0.30999900000000125
10.0,21.0,17.870001,19.200001,17.5,18.16,269700.0,0.28999900000000167
10.0,20.0,18.049999,18.200001,17.110001,17.889999,174900.0,-0.16000000000000014
10.0,19.0,18.549999,18.9,17.82,17.969999,155000.0,-0.5799999999999983
10.0,16.0,18.0,18.9,17.52,18.549999,211800.0,0.5499989999999997
10.0,15.0,19.01,19.6,17.5,18.27,313900.0,-0.740000000000002
10.0,14.0,19.719999,20.33,18.870001,19.379999,355000.0,-0.33999999999999986
10.0,13.0,18.52,19.879999,17.76,19.48,426800.0,0.9600000000000009
10.0,12.0,17.42,18.709999,16.530001,18.25,352100.0,0.8299999999999983
10.0,9.0,18.290001,18.290001,17.0,17.459999,203300.0,-0.8300020000000004
10.0,8.0,17.09,20.0,16.799999,17.559999,1197600.0,0.4699990000000014
10.0,7.0,14.49,16.379999,14.47,16.26,461500.0,1.7700000000000014
10.0,6.0,15.0,15.45,14.05,14.27,239100.0,-0.7300000000000004
10.0,5.0,15.0,15.78,14.04,14.5,423300.0,-0.5
10.0,2.0,13.3,14.59,13.02,14.12,280600.0,0.8199999999999985
10.0,1.0,14.45,15.41,13.5,13.7,333900.0,-0.75
9.0,30.0,14.7,14.7,13.28,14.0,166600.0,-0.6999999999999993
9.0,29.0,15.44,15.5,13.82,14.59,227500.0,-0.8499999999999996
9.0,28.0,14.0,15.5,13.85,15.29,402200.0,1.2899999999999991
9.0,25.0,13.48,15.19,13.23,13.89,189800.0,0.41000000000000014
9.0,24.0,13.82,14.0,13.0,13.51,156300.0,-0.3100000000000005
9.0,23.0,14.73,14.8,13.45,13.5,163200.0,-1.2300000000000004
9.0,22.0,13.39,15.3,12.34,14.25,558400.0,0.8599999999999994
9.0,21.0,14.17,14.65,13.0,13.47,426900.0,-0.6999999999999993
9.0,18.0,16.469999,17.200001,14.02,14.6,1043700.0,-1.8699990000000017
9.0,17.0,13.23,15.74,13.0,15.67,1132100.0,2.4399999999999995
9.0,16.0,10.6,11.8,10.31,11.8,511300.0,1.200000000000001
9.0,15.0,9.45,10.78,9.36,10.24,751800.0,0.7900000000000009
9.0,14.0,9.05,10.13,8.84,9.36,642800.0,0.3099999999999987
9.0,11.0,8.96,9.38,8.52,9.1,564400.0,0.1399999999999988
9.0,10.0,7.8,10.0,7.8,8.75,1356900.0,0.9500000000000002
