9.0,25.0,0.12,0.12,0.11,0.11,1309700.0,-0.009999999999999995
9.0,24.0,0.11,0.12,0.11,0.11,1180400.0,0.0
9.0,23.0,0.11,0.11,0.11,0.11,536400.0,0.0
9.0,22.0,0.11,0.11,0.11,0.11,1270800.0,0.0
9.0,21.0,0.11,0.12,0.11,0.11,1141500.0,0.0
9.0,18.0,0.11,0.12,0.11,0.11,779800.0,0.0
9.0,17.0,0.12,0.12,0.11,0.11,1478000.0,-0.009999999999999995
9.0,16.0,0.11,0.13,0.11,0.12,2023400.0,0.009999999999999995
9.0,15.0,0.12,0.12,0.11,0.11,1251700.0,-0.009999999999999995
9.0,14.0,0.12,0.12,0.11,0.11,1494400.0,-0.009999999999999995
9.0,11.0,0.11,0.12,0.1,0.11,2303100.0,0.0
9.0,10.0,0.11,0.12,0.11,0.11,1618700.0,0.0
9.0,9.0,0.13,0.13,0.11,0.11,1441700.0,-0.020000000000000004
9.0,8.0,0.13,0.13,0.11,0.12,2517100.0,-0.010000000000000009
9.0,4.0,0.15,0.15,0.12,0.13,3090800.0,-0.01999999999999999
9.0,3.0,0.15,0.15,0.14,0.15,3724400.0,0.0
9.0,2.0,0.13,0.14,0.13,0.14,2335800.0,0.010000000000000009
9.0,1.0,0.14,0.14,0.13,0.13,640800.0,-0.010000000000000009
8.0,31.0,0.14,0.14,0.14,0.14,1052300.0,0.0
8.0,28.0,0.13,0.14,0.13,0.14,2057200.0,0.010000000000000009
8.0,27.0,0.12,0.14,0.12,0.13,1648300.0,0.010000000000000009
8.0,26.0,0.13,0.13,0.12,0.12,592700.0,-0.010000000000000009
8.0,25.0,0.11,0.13,0.11,0.12,1331200.0,0.009999999999999995
8.0,24.0,0.12,0.13,0.11,0.12,1089800.0,0.0
8.0,21.0,0.13,0.13,0.12,0.13,1055700.0,0.0
8.0,20.0,0.13,0.15,0.13,0.13,1007700.0,0.0
8.0,19.0,0.11,0.13,0.11,0.13,776600.0,0.020000000000000004
8.0,18.0,0.12,0.13,0.11,0.12,1562500.0,0.0
8.0,17.0,0.12,0.13,0.11,0.13,2259000.0,0.010000000000000009
8.0,14.0,0.13,0.13,0.12,0.12,1731700.0,-0.010000000000000009
8.0,13.0,0.15,0.15,0.13,0.13,2778900.0,-0.01999999999999999
8.0,12.0,0.14,0.16,0.13,0.14,2704600.0,0.0
8.0,11.0,0.12,0.14,0.12,0.13,2202100.0,0.010000000000000009
8.0,10.0,0.14,0.14,0.12,0.12,1293100.0,-0.020000000000000018
8.0,7.0,0.13,0.14,0.13,0.14,689300.0,0.010000000000000009
8.0,6.0,0.13,0.14,0.13,0.13,927800.0,0.0
8.0,5.0,0.13,0.15,0.13,0.13,1333200.0,0.0
8.0,4.0,0.15,0.15,0.12,0.13,2056200.0,-0.01999999999999999
8.0,3.0,0.16,0.17,0.15,0.15,1010700.0,-0.010000000000000009
7.0,31.0,0.17,0.18,0.16,0.17,1284300.0,0.0
7.0,30.0,0.18,0.2,0.15,0.17,6418500.0,-0.009999999999999981
7.0,29.0,0.18,0.19,0.16,0.18,5179900.0,0.0
7.0,28.0,0.11,0.16,0.11,0.14,3087100.0,0.030000000000000013
7.0,27.0,0.11,0.12,0.1,0.11,555800.0,0.0
7.0,24.0,0.11,0.12,0.11,0.11,878200.0,0.0
7.0,23.0,0.1,0.12,0.1,0.11,2678700.0,0.009999999999999995
7.0,22.0,0.08,0.1,0.08,0.1,1412000.0,0.020000000000000004
7.0,21.0,0.08,0.09,0.08,0.08,1743900.0,0.0
7.0,20.0,0.09,0.09,0.08,0.09,931100.0,0.0
7.0,17.0,0.09,0.1,0.09,0.09,1670400.0,0.0
7.0,16.0,0.1,0.11,0.1,0.1,1537600.0,0.0
7.0,15.0,0.11,0.11,0.1,0.1,1004300.0,-0.009999999999999995
7.0,14.0,0.11,0.11,0.11,0.11,324900.0,0.0
7.0,13.0,0.11,0.12,0.11,0.11,668700.0,0.0
7.0,10.0,0.11,0.11,0.11,0.11,592500.0,0.0
7.0,9.0,0.12,0.12,0.1,0.11,2089400.0,-0.009999999999999995
7.0,8.0,0.13,0.13,0.11,0.11,1191200.0,-0.020000000000000004
7.0,7.0,0.12,0.13,0.12,0.13,417400.0,0.010000000000000009
7.0,6.0,0.13,0.13,0.12,0.12,522900.0,-0.010000000000000009
7.0,2.0,0.12,0.13,0.12,0.13,593600.0,0.010000000000000009
7.0,1.0,0.13,0.13,0.12,0.13,563700.0,0.0
6.0,30.0,0.14,0.14,0.13,0.13,806900.0,-0.010000000000000009
6.0,29.0,0.14,0.14,0.13,0.13,565900.0,-0.010000000000000009
6.0,26.0,0.13,0.14,0.13,0.14,501800.0,0.010000000000000009
6.0,25.0,0.13,0.13,0.13,0.13,310600.0,0.0
6.0,24.0,0.13,0.14,0.13,0.13,357800.0,0.0
6.0,23.0,0.13,0.14,0.13,0.14,383400.0,0.010000000000000009
6.0,22.0,0.13,0.14,0.13,0.13,372900.0,0.0
6.0,19.0,0.13,0.14,0.13,0.14,392300.0,0.010000000000000009
6.0,18.0,0.14,0.14,0.13,0.13,452800.0,-0.010000000000000009
6.0,17.0,0.13,0.14,0.13,0.14,345400.0,0.010000000000000009
6.0,16.0,0.13,0.14,0.13,0.13,831200.0,0.0
6.0,15.0,0.15,0.15,0.13,0.13,1298100.0,-0.01999999999999999
6.0,12.0,0.12,0.15,0.12,0.14,1735400.0,0.020000000000000018
6.0,11.0,0.11,0.13,0.11,0.12,2217100.0,0.009999999999999995
6.0,10.0,0.12,0.13,0.1,0.11,4025600.0,-0.009999999999999995
6.0,9.0,0.14,0.14,0.12,0.12,2220400.0,-0.020000000000000018
6.0,8.0,0.14,0.14,0.14,0.14,586700.0,0.0
6.0,5.0,0.15,0.15,0.14,0.14,807600.0,-0.009999999999999981
6.0,4.0,0.15,0.15,0.14,0.14,783400.0,-0.009999999999999981
6.0,3.0,0.14,0.15,0.14,0.15,662200.0,0.009999999999999981
6.0,2.0,0.14,0.15,0.14,0.15,1162600.0,0.009999999999999981
6.0,1.0,0.14,0.14,0.13,0.14,2311900.0,0.0
5.0,29.0,0.14,0.14,0.13,0.14,2251700.0,0.0
5.0,28.0,0.15,0.16,0.14,0.15,1652400.0,0.0
5.0,27.0,0.16,0.16,0.15,0.16,725100.0,0.0
5.0,26.0,0.15,0.16,0.15,0.16,883700.0,0.010000000000000009
5.0,22.0,0.16,0.17,0.16,0.16,1201200.0,0.0
5.0,21.0,0.16,0.17,0.16,0.16,1478100.0,0.0
5.0,20.0,0.17,0.18,0.17,0.17,1138900.0,0.0
5.0,19.0,0.18,0.18,0.17,0.18,761900.0,0.0
5.0,18.0,0.18,0.19,0.18,0.18,1210900.0,0.0
5.0,15.0,0.18,0.19,0.18,0.19,607300.0,0.010000000000000009
5.0,14.0,0.18,0.19,0.18,0.18,407600.0,0.0
5.0,13.0,0.18,0.19,0.18,0.18,318900.0,0.0
5.0,12.0,0.18,0.18,0.18,0.18,497800.0,0.0
5.0,11.0,0.19,0.2,0.18,0.18,517000.0,-0.010000000000000009
5.0,8.0,0.19,0.19,0.19,0.19,291500.0,0.0
5.0,7.0,0.19,0.19,0.19,0.19,306400.0,0.0
5.0,6.0,0.19,0.2,0.18,0.19,269700.0,0.0
5.0,5.0,0.19,0.2,0.18,0.19,1197200.0,0.0
5.0,4.0,0.19,0.19,0.18,0.19,449100.0,0.0
5.0,1.0,0.18,0.19,0.18,0.19,829500.0,0.010000000000000009
4.0,30.0,0.19,0.2,0.18,0.19,919500.0,0.0
4.0,29.0,0.19,0.21,0.18,0.19,1273800.0,0.0
4.0,28.0,0.19,0.21,0.18,0.2,1072900.0,0.010000000000000009
4.0,27.0,0.18,0.2,0.17,0.19,2106400.0,0.010000000000000009
4.0,24.0,0.17,0.18,0.15,0.16,1764300.0,-0.010000000000000009
4.0,23.0,0.18,0.19,0.16,0.17,2737000.0,-0.009999999999999981
4.0,22.0,0.19,0.19,0.18,0.19,1024900.0,0.0
4.0,21.0,0.19,0.2,0.19,0.19,1301100.0,0.0
4.0,20.0,0.21,0.21,0.18,0.19,1782100.0,-0.01999999999999999
4.0,17.0,0.21,0.21,0.2,0.2,1507600.0,-0.009999999999999981
4.0,16.0,0.2,0.21,0.2,0.21,756600.0,0.009999999999999981
4.0,15.0,0.2,0.22,0.2,0.2,1767500.0,0.0
4.0,14.0,0.21,0.22,0.2,0.21,876500.0,0.0
4.0,13.0,0.21,0.22,0.21,0.21,971700.0,0.0
4.0,10.0,0.21,0.21,0.2,0.21,694900.0,0.0
4.0,9.0,0.2,0.22,0.2,0.21,1368500.0,0.009999999999999981
4.0,8.0,0.2,0.21,0.2,0.21,513800.0,0.009999999999999981
4.0,7.0,0.21,0.21,0.2,0.2,629200.0,-0.009999999999999981
4.0,6.0,0.2,0.22,0.2,0.21,1543300.0,0.009999999999999981
4.0,2.0,0.2,0.2,0.19,0.2,1107100.0,0.0
4.0,1.0,0.2,0.2,0.19,0.2,884100.0,0.0
3.0,31.0,0.2,0.23,0.19,0.19,1545400.0,-0.010000000000000009
3.0,30.0,0.25,0.25,0.19,0.2,5189400.0,-0.04999999999999999
3.0,27.0,0.22,0.26,0.21,0.25,3896800.0,0.03
3.0,26.0,0.2,0.22,0.19,0.21,1599100.0,0.009999999999999981
3.0,25.0,0.2,0.2,0.18,0.19,380000.0,-0.010000000000000009
3.0,24.0,0.18,0.2,0.18,0.19,961100.0,0.010000000000000009
3.0,23.0,0.18,0.18,0.18,0.18,989200.0,0.0
3.0,20.0,0.18,0.19,0.18,0.18,599000.0,0.0
3.0,19.0,0.18,0.18,0.17,0.17,538400.0,-0.009999999999999981
3.0,18.0,0.18,0.18,0.18,0.18,518500.0,0.0
3.0,17.0,0.18,0.18,0.17,0.18,556200.0,0.0
3.0,16.0,0.17,0.19,0.17,0.18,801400.0,0.009999999999999981
3.0,13.0,0.18,0.19,0.17,0.18,949100.0,0.0
3.0,12.0,0.17,0.19,0.17,0.18,1397700.0,0.009999999999999981
3.0,11.0,0.19,0.21,0.18,0.18,1512100.0,-0.010000000000000009
3.0,10.0,0.19,0.21,0.19,0.2,1734500.0,0.010000000000000009
3.0,9.0,0.19,0.19,0.18,0.19,559700.0,0.0
3.0,6.0,0.19,0.2,0.18,0.19,1333100.0,0.0
3.0,5.0,0.2,0.2,0.17,0.19,3128900.0,-0.010000000000000009
3.0,4.0,0.21,0.21,0.19,0.2,3416600.0,-0.009999999999999981
3.0,3.0,0.22,0.23,0.19,0.21,5154500.0,-0.010000000000000009
3.0,2.0,0.24,0.24,0.22,0.23,515000.0,-0.009999999999999981
2.0,27.0,0.23,0.23,0.22,0.22,485600.0,-0.010000000000000009
2.0,26.0,0.24,0.24,0.23,0.23,440700.0,-0.009999999999999981
2.0,25.0,0.22,0.23,0.22,0.23,671800.0,0.010000000000000009
2.0,24.0,0.23,0.23,0.22,0.23,728700.0,0.0
2.0,23.0,0.22,0.23,0.22,0.22,639300.0,0.0
2.0,20.0,0.23,0.23,0.22,0.22,892600.0,-0.010000000000000009
2.0,19.0,0.23,0.23,0.22,0.23,1190700.0,0.0
2.0,18.0,0.23,0.23,0.22,0.23,519900.0,0.0
2.0,17.0,0.23,0.24,0.22,0.22,1130100.0,-0.010000000000000009
2.0,13.0,0.23,0.24,0.22,0.23,885300.0,0.0
2.0,12.0,0.24,0.25,0.21,0.23,3542600.0,-0.009999999999999981
2.0,11.0,0.25,0.25,0.24,0.25,1067900.0,0.0
2.0,10.0,0.24,0.25,0.24,0.25,476800.0,0.010000000000000009
2.0,9.0,0.23,0.25,0.23,0.24,675700.0,0.009999999999999981
2.0,6.0,0.24,0.24,0.23,0.23,1145900.0,-0.009999999999999981
2.0,5.0,0.26,0.26,0.24,0.24,1495500.0,-0.020000000000000018
2.0,4.0,0.27,0.27,0.25,0.25,1309200.0,-0.020000000000000018
2.0,3.0,0.27,0.27,0.26,0.27,725100.0,0.0
2.0,2.0,0.27,0.28,0.26,0.27,525800.0,0.0
1.0,30.0,0.27,0.27,0.25,0.27,1339300.0,0.0
1.0,29.0,0.27,0.28,0.26,0.27,1873700.0,0.0
1.0,28.0,0.25,0.28,0.24,0.27,4247300.0,0.020000000000000018
1.0,27.0,0.24,0.25,0.23,0.24,302800.0,0.0
1.0,26.0,0.24,0.26,0.23,0.23,924700.0,-0.009999999999999981
1.0,23.0,0.24,0.24,0.23,0.23,770700.0,-0.009999999999999981
1.0,22.0,0.24,0.24,0.23,0.23,751400.0,-0.009999999999999981
1.0,21.0,0.24,0.25,0.23,0.23,1304400.0,-0.009999999999999981
1.0,20.0,0.25,0.26,0.24,0.24,1078400.0,-0.010000000000000009
1.0,16.0,0.26,0.26,0.25,0.25,759300.0,-0.010000000000000009
1.0,15.0,0.26,0.26,0.24,0.26,1820000.0,0.0
1.0,14.0,0.26,0.27,0.25,0.26,1080900.0,0.0
1.0,13.0,0.26,0.27,0.26,0.26,549900.0,0.0
1.0,12.0,0.27,0.27,0.26,0.26,608700.0,-0.010000000000000009
1.0,9.0,0.26,0.27,0.26,0.27,944800.0,0.010000000000000009
1.0,8.0,0.28,0.28,0.26,0.27,1019100.0,-0.010000000000000009
1.0,7.0,0.27,0.27,0.25,0.27,1878300.0,0.0
1.0,6.0,0.31,0.31,0.27,0.27,1181100.0,-0.03999999999999998
1.0,5.0,0.3,0.33,0.29,0.29,3066400.0,-0.010000000000000009
1.0,2.0,0.25,0.29,0.25,0.29,2341400.0,0.03999999999999998
12.0,31.0,0.25,0.26,0.24,0.25,2380200.0,0.0
12.0,30.0,0.25,0.26,0.25,0.25,1396900.0,0.0
12.0,29.0,0.26,0.27,0.25,0.26,2075100.0,0.0
12.0,26.0,0.27,0.27,0.26,0.26,608700.0,-0.010000000000000009
12.0,24.0,0.27,0.27,0.25,0.26,910400.0,-0.010000000000000009
12.0,23.0,0.28,0.29,0.26,0.27,1314000.0,-0.010000000000000009
12.0,22.0,0.29,0.31,0.28,0.29,643400.0,0.0
12.0,19.0,0.31,0.31,0.28,0.3,1518800.0,-0.010000000000000009
12.0,18.0,0.29,0.33,0.28,0.31,2737100.0,0.020000000000000018
12.0,17.0,0.27,0.29,0.25,0.28,701100.0,0.010000000000000009
12.0,16.0,0.26,0.27,0.25,0.26,1653700.0,0.0
12.0,15.0,0.28,0.29,0.25,0.26,2011500.0,-0.020000000000000018
12.0,12.0,0.29,0.29,0.25,0.28,2139400.0,-0.009999999999999953
12.0,11.0,0.29,0.3,0.28,0.28,2060700.0,-0.009999999999999953
12.0,10.0,0.31,0.32,0.29,0.3,1540800.0,-0.010000000000000009
12.0,9.0,0.33,0.33,0.31,0.32,1291500.0,-0.010000000000000009
12.0,8.0,0.34,0.34,0.32,0.33,892000.0,-0.010000000000000009
12.0,5.0,0.34,0.34,0.32,0.33,1011500.0,-0.010000000000000009
12.0,4.0,0.34,0.35,0.33,0.34,750900.0,0.0
12.0,3.0,0.36,0.38,0.32,0.33,2729300.0,-0.02999999999999997
12.0,2.0,0.34,0.35,0.33,0.35,660600.0,0.009999999999999953
12.0,1.0,0.34,0.41,0.34,0.34,639000.0,0.0
11.0,28.0,0.33,0.35,0.32,0.35,317400.0,0.019999999999999962
11.0,26.0,0.34,0.35,0.32,0.32,1311700.0,-0.020000000000000018
11.0,25.0,0.33,0.35,0.33,0.34,338000.0,0.010000000000000009
11.0,24.0,0.34,0.35,0.33,0.34,652800.0,0.0
11.0,21.0,0.35,0.35,0.34,0.34,654700.0,-0.009999999999999953
11.0,20.0,0.36,0.37,0.35,0.36,380700.0,0.0
11.0,19.0,0.35,0.37,0.34,0.36,420800.0,0.010000000000000009
11.0,18.0,0.37,0.39,0.35,0.35,1945300.0,-0.020000000000000018
11.0,17.0,0.35,0.37,0.3,0.36,2664100.0,0.010000000000000009
11.0,14.0,0.36,0.37,0.33,0.36,2259800.0,0.0
11.0,13.0,0.37,0.38,0.35,0.36,1133100.0,-0.010000000000000009
11.0,12.0,0.37,0.4,0.36,0.36,1098100.0,-0.010000000000000009
11.0,11.0,0.4,0.4,0.36,0.36,1775300.0,-0.040000000000000036
11.0,10.0,0.39,0.42,0.37,0.4,2202800.0,0.010000000000000009
11.0,7.0,0.38,0.41,0.37,0.38,1583700.0,0.0
11.0,6.0,0.41,0.42,0.37,0.38,1903000.0,-0.02999999999999997
11.0,5.0,0.44,0.45,0.39,0.4,8262200.0,-0.03999999999999998
11.0,4.0,0.51,0.57,0.46,0.48,8736900.0,-0.030000000000000027
11.0,3.0,0.42,0.5,0.41,0.5,8351200.0,0.08000000000000002
10.0,31.0,0.36,0.41,0.36,0.41,2425600.0,0.04999999999999999
10.0,30.0,0.37,0.38,0.35,0.36,751400.0,-0.010000000000000009
10.0,29.0,0.36,0.38,0.34,0.36,2496300.0,0.0
10.0,28.0,0.36,0.36,0.33,0.36,1193600.0,0.0
10.0,27.0,0.36,0.37,0.35,0.35,838900.0,-0.010000000000000009
10.0,24.0,0.36,0.37,0.33,0.36,1469700.0,0.0
10.0,23.0,0.37,0.4,0.36,0.36,4241700.0,-0.010000000000000009
10.0,22.0,0.33,0.37,0.32,0.36,2885100.0,0.02999999999999997
10.0,21.0,0.36,0.36,0.33,0.33,1749500.0,-0.02999999999999997
10.0,20.0,0.3,0.35,0.29,0.35,2635600.0,0.04999999999999999
10.0,17.0,0.25,0.29,0.25,0.28,745500.0,0.030000000000000027
10.0,16.0,0.26,0.27,0.24,0.25,1282800.0,-0.010000000000000009
10.0,15.0,0.27,0.3,0.25,0.26,1359800.0,-0.010000000000000009
10.0,14.0,0.29,0.3,0.27,0.27,1175100.0,-0.019999999999999962
10.0,13.0,0.31,0.32,0.27,0.28,1451500.0,-0.02999999999999997
10.0,10.0,0.31,0.32,0.29,0.31,814700.0,0.0
10.0,9.0,0.3,0.32,0.28,0.31,712000.0,0.010000000000000009
10.0,8.0,0.32,0.33,0.3,0.3,685000.0,-0.020000000000000018
10.0,7.0,0.33,0.34,0.29,0.31,1321300.0,-0.020000000000000018
10.0,6.0,0.36,0.36,0.31,0.34,806100.0,-0.019999999999999962
10.0,3.0,0.35,0.36,0.31,0.36,1915500.0,0.010000000000000009
10.0,2.0,0.37,0.38,0.35,0.35,1922400.0,-0.020000000000000018
10.0,1.0,0.38,0.41,0.33,0.35,2960600.0,-0.030000000000000027
9.0,30.0,0.39,0.4,0.34,0.36,3362400.0,-0.030000000000000027
9.0,29.0,0.33,0.37,0.3,0.37,2671300.0,0.03999999999999998
9.0,26.0,0.25,0.33,0.25,0.32,3003000.0,0.07
9.0,25.0,0.22,0.26,0.22,0.25,1687200.0,0.03
9.0,24.0,0.22,0.24,0.22,0.22,1013300.0,0.0
9.0,23.0,0.23,0.24,0.22,0.22,780000.0,-0.010000000000000009
9.0,22.0,0.22,0.25,0.21,0.22,1385300.0,0.0
9.0,19.0,0.24,0.24,0.22,0.22,1493400.0,-0.01999999999999999
9.0,18.0,0.26,0.26,0.24,0.24,695200.0,-0.020000000000000018
9.0,17.0,0.24,0.26,0.22,0.25,1061000.0,0.010000000000000009
9.0,16.0,0.23,0.24,0.21,0.24,3652400.0,0.009999999999999981
9.0,15.0,0.28,0.29,0.24,0.25,1369100.0,-0.030000000000000027
9.0,12.0,0.28,0.31,0.28,0.28,954900.0,0.0
9.0,11.0,0.3,0.3,0.24,0.28,3995100.0,-0.019999999999999962
9.0,10.0,0.32,0.32,0.3,0.3,1841300.0,-0.020000000000000018
9.0,9.0,0.32,0.33,0.31,0.32,530000.0,0.0
9.0,8.0,0.33,0.34,0.31,0.32,1859400.0,-0.010000000000000009
9.0,5.0,0.33,0.34,0.33,0.34,492600.0,0.010000000000000009
9.0,4.0,0.33,0.34,0.32,0.33,736300.0,0.0
9.0,3.0,0.34,0.35,0.33,0.34,881100.0,0.0
9.0,2.0,0.35,0.37,0.34,0.35,516200.0,0.0
8.0,29.0,0.35,0.36,0.33,0.35,1351700.0,0.0
8.0,28.0,0.38,0.38,0.34,0.35,1575300.0,-0.030000000000000027
8.0,27.0,0.38,0.4,0.37,0.38,849100.0,0.0
8.0,26.0,0.4,0.4,0.38,0.38,777500.0,-0.020000000000000018
8.0,25.0,0.41,0.41,0.39,0.4,852300.0,-0.009999999999999953
8.0,22.0,0.4,0.41,0.39,0.41,1025700.0,0.009999999999999953
8.0,21.0,0.41,0.41,0.39,0.39,1123800.0,-0.019999999999999962
8.0,20.0,0.37,0.42,0.36,0.41,1828800.0,0.03999999999999998
8.0,19.0,0.35,0.38,0.34,0.37,2071300.0,0.020000000000000018
8.0,18.0,0.35,0.36,0.34,0.35,737600.0,0.0
8.0,15.0,0.35,0.36,0.33,0.35,760700.0,0.0
8.0,14.0,0.33,0.35,0.3,0.34,1580000.0,0.010000000000000009
8.0,13.0,0.38,0.38,0.34,0.34,1216800.0,-0.03999999999999998
8.0,12.0,0.36,0.37,0.35,0.37,588700.0,0.010000000000000009
8.0,11.0,0.39,0.39,0.35,0.36,1441000.0,-0.030000000000000027
8.0,8.0,0.36,0.39,0.34,0.39,1012900.0,0.030000000000000027
8.0,7.0,0.34,0.36,0.32,0.36,1611200.0,0.019999999999999962
8.0,6.0,0.36,0.36,0.32,0.34,2484800.0,-0.019999999999999962
8.0,5.0,0.39,0.4,0.35,0.35,3525400.0,-0.040000000000000036
8.0,4.0,0.4,0.4,0.39,0.39,415800.0,-0.010000000000000009
8.0,1.0,0.41,0.41,0.39,0.4,422500.0,-0.009999999999999953
7.0,31.0,0.4,0.41,0.39,0.4,896100.0,0.0
7.0,30.0,0.39,0.41,0.39,0.4,728100.0,0.010000000000000009
7.0,29.0,0.39,0.4,0.38,0.39,882200.0,0.0
7.0,28.0,0.4,0.4,0.38,0.39,1496100.0,-0.010000000000000009
7.0,25.0,0.41,0.41,0.4,0.41,606700.0,0.0
7.0,24.0,0.42,0.43,0.4,0.41,1052700.0,-0.010000000000000009
7.0,23.0,0.41,0.43,0.38,0.42,2236400.0,0.010000000000000009
7.0,22.0,0.42,0.42,0.39,0.41,3758400.0,-0.010000000000000009
7.0,21.0,0.43,0.46,0.42,0.42,1586700.0,-0.010000000000000009
7.0,18.0,0.45,0.47,0.44,0.44,1090700.0,-0.010000000000000009
7.0,17.0,0.47,0.48,0.46,0.46,861000.0,-0.009999999999999953
7.0,16.0,0.48,0.49,0.45,0.48,2453900.0,0.0
7.0,15.0,0.49,0.5,0.48,0.48,1451500.0,-0.010000000000000009
7.0,14.0,0.52,0.53,0.49,0.51,1791300.0,-0.010000000000000009
7.0,11.0,0.53,0.54,0.51,0.51,516200.0,-0.020000000000000018
7.0,10.0,0.53,0.54,0.5,0.53,1329100.0,0.0
7.0,9.0,0.52,0.54,0.51,0.53,915300.0,0.010000000000000009
7.0,8.0,0.59,0.6,0.51,0.52,3681700.0,-0.06999999999999995
7.0,7.0,0.56,0.59,0.55,0.59,1367800.0,0.029999999999999916
7.0,3.0,0.52,0.57,0.52,0.55,1562300.0,0.030000000000000027
7.0,2.0,0.54,0.55,0.52,0.53,2581500.0,-0.010000000000000009
7.0,1.0,0.51,0.54,0.49,0.51,2019400.0,0.0
6.0,30.0,0.51,0.51,0.48,0.51,1427700.0,0.0
6.0,27.0,0.51,0.52,0.48,0.5,1728400.0,-0.010000000000000009
6.0,26.0,0.51,0.52,0.49,0.51,741900.0,0.0
6.0,25.0,0.48,0.56,0.48,0.51,4095200.0,0.030000000000000027
6.0,24.0,0.49,0.5,0.45,0.48,1272200.0,-0.010000000000000009
6.0,23.0,0.47,0.51,0.45,0.48,2114800.0,0.010000000000000009
6.0,20.0,0.52,0.53,0.47,0.47,3080100.0,-0.050000000000000044
6.0,19.0,0.57,0.58,0.51,0.53,4745900.0,-0.039999999999999925
6.0,18.0,0.63,0.63,0.54,0.59,4409900.0,-0.040000000000000036
6.0,17.0,0.47,0.63,0.45,0.63,9879600.0,0.16000000000000003
6.0,16.0,0.49,0.49,0.46,0.47,1887400.0,-0.020000000000000018
6.0,13.0,0.51,0.54,0.48,0.5,1984500.0,-0.010000000000000009
6.0,12.0,0.5,0.55,0.49,0.52,2774100.0,0.020000000000000018
6.0,11.0,0.49,0.53,0.47,0.49,2452700.0,0.0
6.0,10.0,0.43,0.53,0.39,0.49,6805400.0,0.06
6.0,9.0,0.35,0.5,0.35,0.43,1.37152E7,0.08000000000000002
6.0,6.0,0.7,0.71,0.45,0.5,1.55432E7,-0.19999999999999996
6.0,5.0,0.77,0.81,0.65,0.68,1.04721E7,-0.08999999999999997
6.0,4.0,0.67,0.75,0.64,0.75,7291500.0,0.07999999999999996
6.0,3.0,0.67,0.71,0.61,0.66,8342600.0,-0.010000000000000009
6.0,2.0,0.57,0.69,0.56,0.65,7691600.0,0.08000000000000007
5.0,30.0,0.48,0.56,0.48,0.56,3702100.0,0.08000000000000007
5.0,29.0,0.52,0.52,0.46,0.47,2703200.0,-0.050000000000000044
5.0,28.0,0.5,0.54,0.47,0.51,5598700.0,0.010000000000000009
5.0,27.0,0.37,0.48,0.36,0.47,6534400.0,0.09999999999999998
5.0,23.0,0.35,0.38,0.34,0.36,2495100.0,0.010000000000000009
5.0,22.0,0.36,0.38,0.34,0.35,3037600.0,-0.010000000000000009
5.0,21.0,0.4,0.41,0.35,0.36,5981800.0,-0.040000000000000036
5.0,20.0,0.46,0.48,0.39,0.4,3326900.0,-0.06
5.0,19.0,0.45,0.48,0.45,0.46,1276200.0,0.010000000000000009
5.0,16.0,0.46,0.49,0.42,0.45,2815200.0,-0.010000000000000009
5.0,15.0,0.51,0.52,0.48,0.5,1004100.0,-0.010000000000000009
5.0,14.0,0.49,0.54,0.49,0.51,1531000.0,0.020000000000000018
5.0,13.0,0.49,0.51,0.46,0.49,1634300.0,0.0
5.0,12.0,0.4,0.49,0.4,0.49,3724400.0,0.08999999999999997
5.0,9.0,0.47,0.47,0.37,0.41,8248700.0,-0.06
5.0,8.0,0.49,0.5,0.46,0.47,2778900.0,-0.020000000000000018
5.0,7.0,0.49,0.53,0.48,0.5,1883900.0,0.010000000000000009
5.0,6.0,0.59,0.59,0.54,0.54,1562800.0,-0.04999999999999993
5.0,5.0,0.59,0.62,0.56,0.59,1419900.0,0.0
5.0,2.0,0.53,0.59,0.52,0.59,2482200.0,0.05999999999999994
5.0,1.0,0.53,0.55,0.52,0.53,1380900.0,0.0
4.0,30.0,0.54,0.58,0.49,0.55,3321300.0,0.010000000000000009
4.0,29.0,0.6,0.6,0.46,0.53,1.03011E7,-0.06999999999999995
4.0,28.0,0.63,0.63,0.6,0.61,1785500.0,-0.020000000000000018
4.0,25.0,0.64,0.65,0.61,0.63,2000200.0,-0.010000000000000009
4.0,24.0,0.67,0.68,0.63,0.64,2165000.0,-0.030000000000000027
4.0,23.0,0.7,0.71,0.66,0.66,2644000.0,-0.039999999999999925
4.0,22.0,0.7,0.73,0.68,0.7,1991200.0,0.0
4.0,21.0,0.75,0.75,0.67,0.72,3911400.0,-0.030000000000000027
4.0,17.0,0.76,0.78,0.72,0.75,4517400.0,-0.010000000000000009
4.0,16.0,0.66,0.72,0.64,0.72,5963500.0,0.05999999999999994
4.0,15.0,0.67,0.69,0.53,0.63,9441800.0,-0.040000000000000036
4.0,14.0,0.69,0.77,0.65,0.66,4762600.0,-0.029999999999999916
4.0,11.0,0.68,0.74,0.63,0.67,7231500.0,-0.010000000000000009
4.0,10.0,0.86,0.87,0.66,0.73,1.16253E7,-0.13
4.0,9.0,0.93,0.98,0.86,0.88,3001100.0,-0.050000000000000044
4.0,8.0,0.79,0.95,0.71,0.93,6389200.0,0.14
4.0,7.0,0.89,0.9,0.75,0.8,8017000.0,-0.08999999999999997
4.0,4.0,0.9,0.96,0.87,0.9,4407700.0,0.0
4.0,3.0,1.01,1.04,0.9,0.91,5820000.0,-0.09999999999999998
4.0,2.0,1.03,1.03,0.99,1.0,2969400.0,-0.030000000000000027
4.0,1.0,1.15,1.15,0.96,1.04,4496600.0,-0.10999999999999988
3.0,31.0,1.15,1.18,1.11,1.14,2709600.0,-0.010000000000000009
3.0,28.0,1.07,1.18,1.0,1.14,5553500.0,0.06999999999999984
3.0,27.0,0.97,1.07,0.97,1.06,4642400.0,0.09000000000000008
3.0,26.0,1.02,1.03,0.93,0.96,2731200.0,-0.06000000000000005
3.0,25.0,1.06,1.07,0.99,1.03,3200800.0,-0.030000000000000027
3.0,24.0,0.92,1.05,0.92,1.04,7794200.0,0.12
3.0,21.0,0.93,0.93,0.86,0.88,9446800.0,-0.050000000000000044
3.0,20.0,1.0,1.0,0.96,0.98,7623100.0,-0.020000000000000018
3.0,19.0,1.1,1.11,1.03,1.05,4632400.0,-0.050000000000000044
3.0,18.0,1.22,1.22,1.1,1.12,4384000.0,-0.09999999999999987
3.0,17.0,1.13,1.23,1.05,1.22,9284400.0,0.09000000000000008
3.0,14.0,1.23,1.25,1.05,1.15,9381800.0,-0.08000000000000007
3.0,13.0,1.38,1.38,1.11,1.24,1.36923E7,-0.1399999999999999
3.0,12.0,1.32,1.42,0.9,1.4,1.7037E7,0.07999999999999985
3.0,11.0,0.89,1.36,0.89,1.18,1.81121E7,0.2899999999999999
3.0,10.0,0.7,0.85,0.61,0.84,1.26379E7,0.14
3.0,7.0,0.59,0.71,0.59,0.7,1.04184E7,0.10999999999999999
3.0,6.0,0.5,0.58,0.49,0.56,5791200.0,0.06000000000000005
3.0,5.0,0.5,0.51,0.48,0.5,2376500.0,0.0
3.0,4.0,0.52,0.52,0.49,0.5,1673100.0,-0.020000000000000018
3.0,3.0,0.53,0.53,0.49,0.5,1754300.0,-0.030000000000000027
2.0,28.0,0.52,0.53,0.5,0.52,2415200.0,0.0
2.0,27.0,0.53,0.54,0.5,0.51,2670100.0,-0.020000000000000018
2.0,26.0,0.49,0.53,0.48,0.51,4061000.0,0.020000000000000018
2.0,25.0,0.52,0.52,0.48,0.48,2388100.0,-0.040000000000000036
2.0,24.0,0.52,0.52,0.46,0.52,4909800.0,0.0
2.0,21.0,0.54,0.56,0.49,0.5,4679700.0,-0.040000000000000036
2.0,20.0,0.58,0.59,0.53,0.53,2926800.0,-0.04999999999999993
2.0,19.0,0.59,0.59,0.54,0.57,2875500.0,-0.020000000000000018
2.0,18.0,0.58,0.6,0.56,0.59,6225300.0,0.010000000000000009
2.0,14.0,0.47,0.55,0.46,0.54,4813500.0,0.07000000000000006
2.0,13.0,0.49,0.49,0.45,0.47,3080700.0,-0.020000000000000018
2.0,12.0,0.44,0.48,0.35,0.45,7681600.0,0.010000000000000009
2.0,11.0,0.51,0.51,0.42,0.43,9333500.0,-0.08000000000000002
2.0,10.0,0.55,0.58,0.51,0.51,5357000.0,-0.040000000000000036
2.0,7.0,0.6,0.61,0.53,0.55,6397600.0,-0.04999999999999993
2.0,6.0,0.59,0.63,0.49,0.6,9831800.0,0.010000000000000009
2.0,5.0,0.56,0.62,0.55,0.57,9650700.0,0.009999999999999898
2.0,4.0,0.41,0.81,0.4,0.54,1.08717E7,0.13000000000000006
2.0,3.0,0.44,0.45,0.4,0.4,5719800.0,-0.03999999999999998
1.0,31.0,0.46,0.47,0.43,0.43,3805400.0,-0.030000000000000027
1.0,30.0,0.47,0.48,0.42,0.46,3728700.0,-0.009999999999999953
1.0,29.0,0.45,0.46,0.38,0.45,8055000.0,0.0
1.0,28.0,0.49,0.5,0.42,0.43,8754500.0,-0.06
1.0,27.0,0.39,0.49,0.39,0.48,1.14567E7,0.08999999999999997
1.0,24.0,0.34,0.38,0.34,0.38,7262000.0,0.03999999999999998
1.0,23.0,0.3,0.34,0.28,0.32,4778000.0,0.020000000000000018
1.0,22.0,0.32,0.32,0.32,0.32,0.0,0.0
1.0,21.0,0.32,0.34,0.3,0.32,6449500.0,0.0
1.0,17.0,0.27,0.28,0.22,0.28,7666100.0,0.010000000000000009
1.0,16.0,0.31,0.31,0.25,0.27,9513800.0,-0.03999999999999998
1.0,15.0,0.32,0.34,0.28,0.31,4574100.0,-0.010000000000000009
1.0,14.0,0.39,0.39,0.3,0.32,1.0812E7,-0.07
1.0,13.0,0.33,0.37,0.33,0.37,1.21342E7,0.03999999999999998
1.0,10.0,0.26,0.3,0.2,0.29,1.6385E7,0.02999999999999997
1.0,9.0,0.44,0.45,0.23,0.26,2.90051E7,-0.18
1.0,8.0,0.31,0.43,0.24,0.37,2.57814E7,0.06
1.0,7.0,0.2,0.25,0.19,0.24,1.48005E7,0.03999999999999998
1.0,6.0,0.17,0.19,0.16,0.18,7564800.0,0.009999999999999981
1.0,3.0,0.17,0.18,0.15,0.15,9696600.0,-0.020000000000000018
1.0,2.0,0.14,0.17,0.14,0.16,1.08321E7,0.01999999999999999
12.0,31.0,0.12,0.14,0.12,0.14,7047100.0,0.020000000000000018
12.0,30.0,0.11,0.12,0.1,0.12,4511200.0,0.009999999999999995
12.0,27.0,0.11,0.11,0.11,0.11,1421000.0,0.0
12.0,26.0,0.11,0.12,0.1,0.11,1330700.0,0.0
12.0,24.0,0.11,0.11,0.1,0.1,1766000.0,-0.009999999999999995
12.0,23.0,0.11,0.11,0.1,0.11,4137300.0,0.0
12.0,20.0,0.12,0.12,0.11,0.11,2216400.0,-0.009999999999999995
12.0,19.0,0.12,0.13,0.11,0.12,3879200.0,0.0
12.0,18.0,0.11,0.12,0.11,0.12,5227800.0,0.009999999999999995
12.0,17.0,0.1,0.13,0.1,0.11,1.10283E7,0.009999999999999995
12.0,16.0,0.09,0.1,0.09,0.1,2627400.0,0.010000000000000009
12.0,13.0,0.08,0.09,0.08,0.09,1243400.0,0.009999999999999995
12.0,12.0,0.08,0.08,0.08,0.08,1152400.0,0.0
12.0,11.0,0.08,0.09,0.08,0.08,1610800.0,0.0
12.0,10.0,0.08,0.09,0.08,0.08,1562400.0,0.0
12.0,9.0,0.09,0.09,0.08,0.08,1442300.0,-0.009999999999999995
12.0,6.0,0.09,0.09,0.08,0.09,1591600.0,0.0
12.0,5.0,0.09,0.09,0.08,0.09,1099300.0,0.0
12.0,4.0,0.09,0.1,0.08,0.09,2151800.0,0.0
12.0,3.0,0.07,0.09,0.07,0.09,4009800.0,0.01999999999999999
12.0,2.0,0.07,0.07,0.07,0.07,761700.0,0.0
11.0,29.0,0.07,0.07,0.07,0.07,564100.0,0.0
11.0,27.0,0.07,0.07,0.07,0.07,875100.0,0.0
11.0,26.0,0.07,0.07,0.07,0.07,1314700.0,0.0
11.0,25.0,0.07,0.07,0.07,0.07,1563900.0,0.0
11.0,22.0,0.07,0.07,0.07,0.07,1134500.0,0.0
11.0,21.0,0.07,0.07,0.06,0.07,1793000.0,0.0
11.0,20.0,0.09,0.09,0.07,0.07,1901900.0,-0.01999999999999999
11.0,19.0,0.07,0.09,0.07,0.09,2488800.0,0.01999999999999999
11.0,18.0,0.07,0.07,0.07,0.07,839000.0,0.0
11.0,15.0,0.07,0.07,0.06,0.07,872800.0,0.0
11.0,14.0,0.07,0.07,0.06,0.07,859700.0,0.0
11.0,13.0,0.07,0.07,0.06,0.07,774500.0,0.0
11.0,12.0,0.07,0.08,0.07,0.07,1273800.0,0.0
11.0,11.0,0.07,0.08,0.06,0.07,1360100.0,0.0
11.0,8.0,0.06,0.06,0.06,0.06,617800.0,0.0
11.0,7.0,0.06,0.06,0.06,0.06,193100.0,0.0
11.0,6.0,0.06,0.07,0.06,0.06,1793600.0,0.0
11.0,5.0,0.07,0.07,0.06,0.06,1574000.0,-0.010000000000000009
11.0,4.0,0.07,0.07,0.06,0.07,864300.0,0.0
11.0,1.0,0.07,0.07,0.06,0.06,879200.0,-0.010000000000000009
10.0,31.0,0.07,0.07,0.06,0.07,2307100.0,0.0
10.0,30.0,0.07,0.07,0.06,0.07,1152000.0,0.0
10.0,29.0,0.07,0.07,0.07,0.07,3021000.0,0.0
10.0,28.0,0.07,0.07,0.07,0.07,1494900.0,0.0
10.0,25.0,0.07,0.07,0.07,0.07,1314100.0,0.0
10.0,24.0,0.07,0.07,0.06,0.07,1212700.0,0.0
10.0,23.0,0.07,0.07,0.07,0.07,1699600.0,0.0
10.0,22.0,0.07,0.07,0.07,0.07,1202300.0,0.0
10.0,21.0,0.08,0.08,0.07,0.07,1219100.0,-0.009999999999999995
10.0,18.0,0.07,0.08,0.07,0.08,1729200.0,0.009999999999999995
10.0,17.0,0.07,0.07,0.06,0.07,720100.0,0.0
10.0,16.0,0.07,0.07,0.06,0.07,1149800.0,0.0
10.0,15.0,0.07,0.07,0.06,0.06,1758900.0,-0.010000000000000009
10.0,14.0,0.08,0.08,0.07,0.07,991800.0,-0.009999999999999995
10.0,11.0,0.08,0.08,0.07,0.08,1189300.0,0.0
10.0,10.0,0.08,0.08,0.08,0.08,1190800.0,0.0
10.0,9.0,0.1,0.1,0.08,0.08,1947000.0,-0.020000000000000004
10.0,8.0,0.08,0.09,0.08,0.08,1934700.0,0.0
10.0,7.0,0.08,0.08,0.07,0.08,981000.0,0.0
10.0,4.0,0.07,0.08,0.07,0.07,2100200.0,0.0
10.0,3.0,0.07,0.08,0.07,0.07,2073900.0,0.0
10.0,2.0,0.07,0.08,0.07,0.07,2226300.0,0.0
10.0,1.0,0.08,0.09,0.07,0.07,4037800.0,-0.009999999999999995
9.0,30.0,0.09,0.09,0.08,0.08,1345800.0,-0.009999999999999995
9.0,27.0,0.09,0.09,0.08,0.08,2140900.0,-0.009999999999999995
9.0,26.0,0.1,0.1,0.08,0.09,1770800.0,-0.010000000000000009
9.0,25.0,0.1,0.1,0.09,0.1,1276200.0,0.0
9.0,24.0,0.1,0.11,0.1,0.1,869100.0,0.0
9.0,23.0,0.11,0.11,0.1,0.1,410300.0,-0.009999999999999995
9.0,20.0,0.11,0.11,0.11,0.11,706500.0,0.0
9.0,19.0,0.1,0.11,0.1,0.11,997000.0,0.009999999999999995
9.0,18.0,0.11,0.11,0.1,0.1,929600.0,-0.009999999999999995
9.0,17.0,0.12,0.12,0.09,0.11,1334500.0,-0.009999999999999995
9.0,16.0,0.12,0.13,0.11,0.12,485100.0,0.0
9.0,13.0,0.1,0.11,0.1,0.11,490500.0,0.009999999999999995
9.0,12.0,0.11,0.11,0.1,0.1,998600.0,-0.009999999999999995
9.0,11.0,0.12,0.12,0.11,0.11,325600.0,-0.009999999999999995
9.0,10.0,0.12,0.12,0.11,0.12,283400.0,0.0
9.0,9.0,0.12,0.12,0.11,0.12,277300.0,0.0
9.0,6.0,0.1,0.12,0.1,0.11,541400.0,0.009999999999999995
9.0,5.0,0.12,0.12,0.1,0.1,929700.0,-0.01999999999999999
9.0,4.0,0.13,0.13,0.11,0.11,1301000.0,-0.020000000000000004
9.0,3.0,0.13,0.13,0.13,0.13,766800.0,0.0
8.0,30.0,0.14,0.15,0.12,0.13,1774500.0,-0.010000000000000009
8.0,29.0,0.15,0.15,0.1,0.12,2529100.0,-0.03
8.0,28.0,0.14,0.16,0.14,0.15,3012100.0,0.009999999999999981
8.0,27.0,0.11,0.14,0.1,0.14,2661600.0,0.030000000000000013
8.0,26.0,0.09,0.11,0.09,0.11,1881500.0,0.020000000000000004
8.0,23.0,0.09,0.1,0.09,0.09,1158300.0,0.0
8.0,22.0,0.08,0.09,0.08,0.08,1291700.0,0.0
8.0,21.0,0.07,0.09,0.07,0.08,904400.0,0.009999999999999995
8.0,20.0,0.06,0.08,0.06,0.07,852700.0,0.010000000000000009
8.0,19.0,0.06,0.07,0.06,0.06,681800.0,0.0
8.0,16.0,0.07,0.07,0.06,0.06,587600.0,-0.010000000000000009
8.0,15.0,0.07,0.07,0.06,0.07,1199900.0,0.0
8.0,14.0,0.07,0.07,0.06,0.07,975800.0,0.0
8.0,13.0,0.07,0.07,0.07,0.07,647200.0,0.0
8.0,12.0,0.07,0.08,0.06,0.07,1207100.0,0.0
8.0,9.0,0.06,0.08,0.06,0.07,1719500.0,0.010000000000000009
8.0,8.0,0.06,0.06,0.06,0.06,665700.0,0.0
8.0,7.0,0.06,0.06,0.06,0.06,223300.0,0.0
8.0,6.0,0.06,0.06,0.06,0.06,390200.0,0.0
8.0,5.0,0.06,0.07,0.06,0.07,252300.0,0.010000000000000009
8.0,2.0,0.07,0.07,0.06,0.07,409500.0,0.0
8.0,1.0,0.07,0.07,0.06,0.07,248900.0,0.0
7.0,31.0,0.07,0.07,0.07,0.07,774300.0,0.0
7.0,30.0,0.07,0.08,0.07,0.07,397700.0,0.0
7.0,29.0,0.08,0.08,0.07,0.07,486600.0,-0.009999999999999995
7.0,26.0,0.08,0.08,0.07,0.08,410300.0,0.0
7.0,25.0,0.08,0.08,0.07,0.07,614900.0,-0.009999999999999995
7.0,24.0,0.08,0.09,0.08,0.08,559500.0,0.0
7.0,23.0,0.08,0.09,0.08,0.09,892600.0,0.009999999999999995
7.0,22.0,0.09,0.09,0.08,0.09,617900.0,0.0
7.0,19.0,0.1,0.1,0.08,0.09,754400.0,-0.010000000000000009
7.0,18.0,0.09,0.1,0.09,0.09,360500.0,0.0
7.0,17.0,0.1,0.1,0.09,0.1,203000.0,0.0
7.0,16.0,0.1,0.1,0.09,0.1,151600.0,0.0
7.0,15.0,0.1,0.11,0.1,0.11,254600.0,0.009999999999999995
7.0,12.0,0.1,0.11,0.09,0.1,339200.0,0.0
7.0,11.0,0.1,0.1,0.09,0.1,233200.0,0.0
7.0,10.0,0.1,0.11,0.1,0.1,278000.0,0.0
7.0,9.0,0.12,0.12,0.09,0.1,893800.0,-0.01999999999999999
7.0,8.0,0.13,0.14,0.1,0.12,3092900.0,-0.010000000000000009
7.0,5.0,0.11,0.12,0.1,0.12,197300.0,0.009999999999999995
7.0,3.0,0.1,0.11,0.1,0.11,54900.0,0.009999999999999995
7.0,2.0,0.1,0.11,0.1,0.1,110900.0,0.0
7.0,1.0,0.1,0.11,0.1,0.1,264800.0,0.0
6.0,28.0,0.11,0.11,0.1,0.11,294900.0,0.0
6.0,27.0,0.11,0.11,0.1,0.11,97500.0,0.0
6.0,26.0,0.11,0.11,0.11,0.11,176800.0,0.0
6.0,25.0,0.11,0.11,0.11,0.11,114900.0,0.0
6.0,24.0,0.11,0.12,0.1,0.11,85900.0,0.0
6.0,21.0,0.11,0.12,0.11,0.11,188400.0,0.0
6.0,20.0,0.11,0.12,0.11,0.11,178500.0,0.0
6.0,19.0,0.11,0.12,0.11,0.11,323100.0,0.0
6.0,18.0,0.12,0.12,0.11,0.11,114900.0,-0.009999999999999995
6.0,17.0,0.12,0.12,0.11,0.12,43900.0,0.0
6.0,14.0,0.11,0.13,0.11,0.12,225300.0,0.009999999999999995
6.0,13.0,0.11,0.12,0.11,0.12,204900.0,0.009999999999999995
6.0,12.0,0.11,0.12,0.11,0.11,261000.0,0.0
6.0,11.0,0.12,0.12,0.11,0.11,270800.0,-0.009999999999999995
6.0,10.0,0.12,0.13,0.12,0.12,346100.0,0.0
6.0,7.0,0.13,0.13,0.12,0.12,545100.0,-0.010000000000000009
6.0,6.0,0.12,0.13,0.11,0.13,263000.0,0.010000000000000009
6.0,5.0,0.13,0.14,0.11,0.12,1440500.0,-0.010000000000000009
6.0,4.0,0.1,0.14,0.1,0.13,1442500.0,0.03
6.0,3.0,0.1,0.11,0.09,0.11,281100.0,0.009999999999999995
5.0,31.0,0.09,0.1,0.09,0.09,403500.0,0.0
5.0,30.0,0.09,0.1,0.09,0.09,385900.0,0.0
5.0,29.0,0.09,0.1,0.09,0.1,269200.0,0.010000000000000009
5.0,28.0,0.1,0.1,0.09,0.1,123500.0,0.0
5.0,24.0,0.1,0.1,0.09,0.1,229400.0,0.0
5.0,23.0,0.09,0.1,0.09,0.1,577600.0,0.010000000000000009
5.0,22.0,0.1,0.11,0.09,0.09,461200.0,-0.010000000000000009
5.0,21.0,0.1,0.11,0.09,0.1,765900.0,0.0
5.0,20.0,0.1,0.11,0.1,0.1,380100.0,0.0
5.0,17.0,0.1,0.11,0.1,0.1,434000.0,0.0
5.0,16.0,0.1,0.11,0.09,0.11,737500.0,0.009999999999999995
5.0,15.0,0.11,0.11,0.09,0.09,2473000.0,-0.020000000000000004
5.0,14.0,0.15,0.15,0.1,0.1,4689000.0,-0.04999999999999999
5.0,13.0,0.15,0.18,0.13,0.14,2126400.0,-0.009999999999999981
5.0,10.0,0.16,0.16,0.15,0.16,171100.0,0.0
5.0,9.0,0.15,0.17,0.14,0.15,268900.0,0.0
5.0,8.0,0.16,0.17,0.15,0.16,187700.0,0.0
5.0,7.0,0.17,0.17,0.16,0.16,84600.0,-0.010000000000000009
5.0,6.0,0.17,0.17,0.15,0.17,78900.0,0.0
5.0,3.0,0.17,0.17,0.16,0.16,56800.0,-0.010000000000000009
5.0,2.0,0.17,0.17,0.15,0.16,430600.0,-0.010000000000000009
5.0,1.0,0.15,0.17,0.15,0.17,238800.0,0.020000000000000018
4.0,30.0,0.16,0.17,0.15,0.16,436200.0,0.0
4.0,29.0,0.18,0.18,0.16,0.16,234200.0,-0.01999999999999999
4.0,26.0,0.18,0.18,0.16,0.17,513200.0,-0.009999999999999981
4.0,25.0,0.16,0.18,0.16,0.18,307100.0,0.01999999999999999
4.0,24.0,0.17,0.18,0.17,0.17,254000.0,0.0
4.0,23.0,0.18,0.18,0.17,0.18,186000.0,0.0
4.0,22.0,0.18,0.19,0.17,0.17,45000.0,-0.009999999999999981
4.0,19.0,0.18,0.19,0.18,0.19,89600.0,0.010000000000000009
4.0,18.0,0.18,0.18,0.17,0.18,62800.0,0.0
4.0,17.0,0.17,0.18,0.17,0.18,37000.0,0.009999999999999981
4.0,16.0,0.18,0.18,0.17,0.18,100100.0,0.0
4.0,15.0,0.19,0.19,0.18,0.18,306700.0,-0.010000000000000009
4.0,12.0,0.18,0.19,0.18,0.18,200100.0,0.0
4.0,11.0,0.18,0.19,0.17,0.18,392300.0,0.0
4.0,10.0,0.17,0.19,0.17,0.19,194400.0,0.01999999999999999
4.0,9.0,0.17,0.18,0.16,0.18,401800.0,0.009999999999999981
4.0,8.0,0.19,0.19,0.17,0.17,215200.0,-0.01999999999999999
4.0,5.0,0.19,0.19,0.18,0.19,208300.0,0.0
4.0,4.0,0.19,0.2,0.18,0.18,531800.0,-0.010000000000000009
4.0,3.0,0.2,0.2,0.19,0.2,907000.0,0.0
4.0,2.0,0.19,0.21,0.19,0.21,1027100.0,0.01999999999999999
4.0,1.0,0.19,0.2,0.18,0.19,367100.0,0.0
3.0,28.0,0.17,0.19,0.16,0.19,710300.0,0.01999999999999999
3.0,27.0,0.2,0.2,0.16,0.17,820900.0,-0.03
3.0,26.0,0.21,0.21,0.19,0.2,953700.0,-0.009999999999999981
3.0,25.0,0.2,0.22,0.19,0.21,642400.0,0.009999999999999981
3.0,22.0,0.21,0.21,0.19,0.19,413100.0,-0.01999999999999999
3.0,21.0,0.21,0.22,0.2,0.2,375100.0,-0.009999999999999981
3.0,20.0,0.2,0.2,0.19,0.2,240000.0,0.0
3.0,19.0,0.21,0.22,0.2,0.2,260500.0,-0.009999999999999981
3.0,18.0,0.23,0.23,0.21,0.22,674400.0,-0.010000000000000009
3.0,15.0,0.22,0.23,0.22,0.22,409500.0,0.0
3.0,14.0,0.22,0.22,0.21,0.21,853000.0,-0.010000000000000009
3.0,13.0,0.2,0.22,0.19,0.21,1533300.0,0.009999999999999981
3.0,12.0,0.2,0.21,0.19,0.19,479700.0,-0.010000000000000009
3.0,11.0,0.21,0.21,0.18,0.2,265600.0,-0.009999999999999981
3.0,8.0,0.21,0.21,0.19,0.2,203700.0,-0.009999999999999981
3.0,7.0,0.19,0.21,0.19,0.2,344100.0,0.010000000000000009
3.0,6.0,0.22,0.22,0.18,0.2,1094200.0,-0.01999999999999999
3.0,5.0,0.23,0.23,0.2,0.21,934200.0,-0.020000000000000018
3.0,4.0,0.25,0.27,0.22,0.23,738100.0,-0.01999999999999999
3.0,1.0,0.24,0.25,0.23,0.25,478200.0,0.010000000000000009
2.0,28.0,0.23,0.25,0.22,0.23,375900.0,0.0
2.0,27.0,0.26,0.26,0.22,0.22,308100.0,-0.04000000000000001
2.0,26.0,0.27,0.27,0.22,0.25,524100.0,-0.020000000000000018
2.0,25.0,0.28,0.29,0.24,0.25,1114600.0,-0.030000000000000027
2.0,22.0,0.27,0.29,0.25,0.28,619800.0,0.010000000000000009
2.0,21.0,0.28,0.28,0.26,0.27,712700.0,-0.010000000000000009
2.0,20.0,0.26,0.3,0.26,0.26,1496900.0,0.0
2.0,19.0,0.27,0.28,0.25,0.27,1379700.0,0.0
2.0,15.0,0.31,0.32,0.21,0.26,3194600.0,-0.04999999999999999
2.0,14.0,0.45,0.45,0.28,0.31,1237400.0,-0.14
2.0,13.0,0.5,0.5,0.41,0.45,620800.0,-0.04999999999999999
2.0,12.0,0.56,0.57,0.48,0.5,674500.0,-0.06000000000000005
2.0,11.0,0.6,0.6,0.55,0.56,281400.0,-0.039999999999999925
2.0,8.0,0.62,0.64,0.57,0.6,702900.0,-0.020000000000000018
2.0,7.0,0.62,0.66,0.6,0.6,773700.0,-0.020000000000000018
2.0,6.0,0.58,0.62,0.56,0.61,455200.0,0.030000000000000027
2.0,5.0,0.59,0.64,0.55,0.58,857400.0,-0.010000000000000009
2.0,4.0,0.6,0.6,0.55,0.58,655100.0,-0.020000000000000018
2.0,1.0,0.53,0.59,0.53,0.58,710800.0,0.04999999999999993
1.0,31.0,0.48,0.53,0.48,0.53,169400.0,0.050000000000000044
1.0,30.0,0.49,0.49,0.44,0.48,158900.0,-0.010000000000000009
1.0,29.0,0.48,0.48,0.43,0.48,31200.0,0.0
1.0,28.0,0.47,0.48,0.41,0.48,183800.0,0.010000000000000009
1.0,25.0,0.46,0.47,0.43,0.47,72000.0,0.009999999999999953
1.0,24.0,0.44,0.47,0.43,0.47,131000.0,0.02999999999999997
1.0,23.0,0.46,0.49,0.44,0.45,73900.0,-0.010000000000000009
1.0,22.0,0.42,0.47,0.42,0.47,100900.0,0.04999999999999999
1.0,18.0,0.43,0.43,0.4,0.42,233600.0,-0.010000000000000009
1.0,17.0,0.45,0.45,0.41,0.42,149300.0,-0.030000000000000027
1.0,16.0,0.46,0.46,0.4,0.45,196300.0,-0.010000000000000009
1.0,15.0,0.52,0.52,0.42,0.46,663200.0,-0.06
1.0,14.0,0.56,0.57,0.51,0.52,1035900.0,-0.040000000000000036
1.0,11.0,0.49,0.54,0.47,0.53,520900.0,0.040000000000000036
1.0,10.0,0.49,0.49,0.47,0.48,76500.0,-0.010000000000000009
1.0,9.0,0.46,0.49,0.43,0.48,132500.0,0.019999999999999962
1.0,8.0,0.47,0.47,0.43,0.45,30400.0,-0.019999999999999962
1.0,7.0,0.46,0.47,0.42,0.47,56600.0,0.009999999999999953
1.0,4.0,0.47,0.47,0.44,0.44,105600.0,-0.02999999999999997
1.0,3.0,0.47,0.47,0.46,0.46,39600.0,-0.009999999999999953
1.0,2.0,0.47,0.49,0.46,0.47,110000.0,0.0
12.0,31.0,0.48,0.49,0.45,0.48,87700.0,0.0
12.0,28.0,0.45,0.47,0.43,0.47,34400.0,0.019999999999999962
12.0,27.0,0.46,0.47,0.43,0.45,63800.0,-0.010000000000000009
12.0,26.0,0.47,0.49,0.43,0.46,68000.0,-0.009999999999999953
12.0,24.0,0.46,0.47,0.45,0.47,131000.0,0.009999999999999953
12.0,21.0,0.43,0.46,0.42,0.45,99700.0,0.020000000000000018
12.0,20.0,0.43,0.45,0.43,0.45,47800.0,0.020000000000000018
12.0,19.0,0.43,0.45,0.43,0.45,49900.0,0.020000000000000018
12.0,18.0,0.43,0.45,0.42,0.42,75200.0,-0.010000000000000009
12.0,17.0,0.43,0.44,0.42,0.42,71400.0,-0.010000000000000009
12.0,14.0,0.44,0.44,0.41,0.42,56100.0,-0.020000000000000018
12.0,13.0,0.45,0.45,0.41,0.43,90000.0,-0.020000000000000018
12.0,12.0,0.43,0.43,0.41,0.43,49400.0,0.0
12.0,11.0,0.42,0.43,0.41,0.42,72300.0,0.0
12.0,10.0,0.47,0.47,0.4,0.43,75700.0,-0.03999999999999998
12.0,7.0,0.45,0.47,0.4,0.44,212400.0,-0.010000000000000009
12.0,6.0,0.43,0.47,0.43,0.44,105000.0,0.010000000000000009
12.0,5.0,0.46,0.46,0.44,0.45,67900.0,-0.010000000000000009
12.0,4.0,0.45,0.48,0.43,0.46,196000.0,0.010000000000000009
12.0,3.0,0.45,0.46,0.43,0.45,113500.0,0.0
11.0,30.0,0.45,0.48,0.45,0.47,239700.0,0.019999999999999962
11.0,29.0,0.45,0.47,0.44,0.47,383100.0,0.019999999999999962
11.0,28.0,0.43,0.45,0.42,0.45,72800.0,0.020000000000000018
11.0,27.0,0.44,0.44,0.42,0.43,107200.0,-0.010000000000000009
11.0,26.0,0.42,0.42,0.41,0.42,154400.0,0.0
11.0,23.0,0.43,0.43,0.4,0.41,87300.0,-0.020000000000000018
11.0,21.0,0.42,0.43,0.42,0.42,134200.0,0.0
11.0,20.0,0.43,0.43,0.4,0.41,293300.0,-0.020000000000000018
11.0,19.0,0.42,0.45,0.41,0.44,824700.0,0.020000000000000018
11.0,16.0,0.4,0.44,0.4,0.43,780600.0,0.02999999999999997
11.0,15.0,0.38,0.46,0.36,0.42,1412700.0,0.03999999999999998
11.0,14.0,0.35,0.38,0.32,0.38,794600.0,0.030000000000000027
11.0,13.0,0.3,0.36,0.29,0.35,609100.0,0.04999999999999999
11.0,12.0,0.26,0.3,0.26,0.29,9100.0,0.02999999999999997
11.0,9.0,0.3,0.3,0.25,0.25,15400.0,-0.04999999999999999
11.0,8.0,0.3,0.3,0.25,0.29,31300.0,-0.010000000000000009
11.0,7.0,0.34,0.34,0.24,0.25,18600.0,-0.09000000000000002
11.0,6.0,0.22,0.28,0.22,0.25,3000.0,0.03
11.0,5.0,0.2,0.3,0.2,0.25,20700.0,0.04999999999999999
11.0,2.0,0.23,0.23,0.2,0.2,29500.0,-0.03
11.0,1.0,0.23,0.25,0.23,0.23,16500.0,0.0
10.0,31.0,0.2,0.3,0.2,0.22,5800.0,0.01999999999999999
10.0,26.0,0.3,0.3,0.23,0.23,7000.0,-0.06999999999999998
10.0,25.0,0.21,0.21,0.21,0.21,500.0,0.0
10.0,24.0,0.21,0.21,0.21,0.21,1000.0,0.0
10.0,23.0,0.21,0.3,0.21,0.3,7000.0,0.09
10.0,22.0,0.3,0.31,0.3,0.31,21700.0,0.010000000000000009
10.0,19.0,0.26,0.26,0.24,0.25,74300.0,-0.010000000000000009
10.0,18.0,0.25,0.26,0.25,0.26,8100.0,0.010000000000000009
10.0,17.0,0.24,0.29,0.24,0.28,5900.0,0.040000000000000036
10.0,16.0,0.24,0.29,0.24,0.24,15100.0,0.0
10.0,15.0,0.24,0.24,0.24,0.24,2100.0,0.0
10.0,12.0,0.24,0.24,0.24,0.24,6100.0,0.0
10.0,11.0,0.22,0.31,0.22,0.23,14500.0,0.010000000000000009
10.0,10.0,0.21,0.33,0.2,0.32,115900.0,0.11000000000000001
10.0,9.0,0.25,0.27,0.21,0.23,39900.0,-0.01999999999999999
10.0,8.0,0.25,0.27,0.25,0.26,32300.0,0.010000000000000009
10.0,5.0,0.2,0.24,0.2,0.24,16100.0,0.03999999999999998
10.0,4.0,0.19,0.21,0.13,0.21,218400.0,0.01999999999999999
10.0,3.0,0.26,0.3,0.19,0.21,325500.0,-0.05000000000000002
10.0,2.0,0.41,0.43,0.28,0.28,739000.0,-0.12999999999999995
10.0,1.0,0.35,0.45,0.35,0.39,1045900.0,0.040000000000000036
9.0,28.0,0.33,0.41,0.33,0.35,50900.0,0.019999999999999962
9.0,27.0,0.32,0.4,0.32,0.4,19300.0,0.08000000000000002
9.0,26.0,0.39,0.4,0.39,0.4,5700.0,0.010000000000000009
9.0,25.0,0.36,0.36,0.36,0.36,0.0,0.0
9.0,24.0,0.36,0.4,0.36,0.36,2300.0,0.0
9.0,21.0,0.32,0.4,0.32,0.4,13500.0,0.08000000000000002
9.0,20.0,0.37,0.37,0.32,0.36,36900.0,-0.010000000000000009
9.0,19.0,0.38,0.39,0.37,0.37,26400.0,-0.010000000000000009
9.0,18.0,0.4,0.4,0.32,0.38,60000.0,-0.020000000000000018
9.0,17.0,0.35,0.37,0.35,0.37,59400.0,0.020000000000000018
9.0,14.0,0.4,0.42,0.34,0.34,162600.0,-0.06
9.0,13.0,0.38,0.4,0.38,0.39,11500.0,0.010000000000000009
9.0,12.0,0.39,0.42,0.38,0.38,43400.0,-0.010000000000000009
9.0,11.0,0.4,0.42,0.36,0.36,56600.0,-0.040000000000000036
9.0,10.0,0.33,0.33,0.33,0.33,2800.0,0.0
9.0,7.0,0.33,0.33,0.33,0.33,0.0,0.0
9.0,6.0,0.33,0.33,0.33,0.33,4400.0,0.0
9.0,5.0,0.33,0.45,0.33,0.33,14700.0,0.0
9.0,4.0,0.33,0.33,0.33,0.33,1000.0,0.0
8.0,31.0,0.35,0.4,0.35,0.4,22100.0,0.050000000000000044
8.0,30.0,0.34,0.35,0.31,0.31,7800.0,-0.030000000000000027
8.0,29.0,0.4,0.4,0.31,0.34,10000.0,-0.06
8.0,28.0,0.41,0.41,0.27,0.31,30400.0,-0.09999999999999998
8.0,27.0,0.46,0.52,0.21,0.41,95100.0,-0.050000000000000044
8.0,24.0,0.54,0.54,0.45,0.45,36500.0,-0.09000000000000002
8.0,23.0,0.55,0.55,0.5,0.54,110500.0,-0.010000000000000009
8.0,22.0,0.6,0.62,0.5,0.58,265800.0,-0.020000000000000018
8.0,21.0,0.51,0.85,0.5,0.56,219700.0,0.050000000000000044
8.0,20.0,0.5,0.55,0.4,0.5,245100.0,0.0
8.0,17.0,0.45,0.5,0.45,0.45,42000.0,0.0
8.0,16.0,0.5,0.5,0.45,0.45,11000.0,-0.04999999999999999
8.0,15.0,0.51,0.55,0.51,0.55,3500.0,0.040000000000000036
8.0,14.0,1.0,1.0,1.0,1.0,0.0,0.0
8.0,13.0,1.0,1.0,1.0,1.0,0.0,0.0
8.0,10.0,1.0,1.0,1.0,1.0,0.0,0.0
8.0,9.0,1.02,1.02,1.0,1.0,2000.0,-0.020000000000000018
8.0,8.0,1.0,1.0,1.0,1.0,0.0,0.0
8.0,7.0,1.0,1.0,1.0,1.0,0.0,0.0
8.0,6.0,1.0,1.0,1.0,1.0,0.0,0.0
8.0,3.0,1.0,1.0,1.0,1.0,0.0,0.0
8.0,2.0,1.0,1.0,1.0,1.0,0.0,0.0
8.0,1.0,1.0,1.0,1.0,1.0,0.0,0.0
7.0,31.0,1.0,1.0,1.0,1.0,0.0,0.0
7.0,30.0,1.0,1.0,1.0,1.0,0.0,0.0
7.0,27.0,1.0,1.0,1.0,1.0,1000.0,0.0
7.0,26.0,1.01,1.01,1.01,1.01,1000.0,0.0
7.0,25.0,1.01,1.01,0.99,0.99,800.0,-0.020000000000000018
7.0,24.0,1.0,1.0,1.0,1.0,0.0,0.0
7.0,23.0,1.0,1.0,1.0,1.0,0.0,0.0
7.0,20.0,1.0,1.0,1.0,1.0,0.0,0.0
7.0,19.0,1.0,1.0,1.0,1.0,5000.0,0.0
7.0,18.0,1.0,1.0,1.0,1.0,200.0,0.0
7.0,17.0,0.75,0.75,0.75,0.75,0.0,0.0
7.0,16.0,0.75,0.75,0.75,0.75,0.0,0.0
7.0,13.0,0.75,0.75,0.75,0.75,0.0,0.0
7.0,12.0,0.75,0.75,0.75,0.75,0.0,0.0
7.0,11.0,0.75,0.75,0.75,0.75,0.0,0.0
7.0,10.0,0.75,0.75,0.75,0.75,0.0,0.0
7.0,9.0,0.75,0.75,0.75,0.75,0.0,0.0
7.0,6.0,0.75,0.75,0.75,0.75,0.0,0.0
7.0,5.0,0.75,0.75,0.75,0.75,0.0,0.0
7.0,3.0,0.75,0.75,0.75,0.75,0.0,0.0
7.0,2.0,0.75,0.75,0.75,0.75,500.0,0.0
6.0,29.0,0.75,0.75,0.75,0.75,0.0,0.0
6.0,28.0,0.75,0.75,0.75,0.75,0.0,0.0
6.0,27.0,0.75,0.75,0.75,0.75,0.0,0.0
6.0,26.0,0.75,0.75,0.75,0.75,0.0,0.0
6.0,25.0,0.75,0.75,0.75,0.75,0.0,0.0
6.0,22.0,0.75,0.75,0.75,0.75,0.0,0.0
6.0,21.0,0.75,0.75,0.75,0.75,0.0,0.0
6.0,20.0,0.75,0.75,0.75,0.75,0.0,0.0
6.0,19.0,0.75,0.75,0.75,0.75,0.0,0.0
6.0,18.0,0.75,0.75,0.75,0.75,0.0,0.0
6.0,15.0,0.75,0.75,0.75,0.75,0.0,0.0
6.0,14.0,0.75,0.75,0.75,0.75,0.0,0.0
6.0,13.0,0.75,0.75,0.75,0.75,0.0,0.0
6.0,12.0,0.75,0.75,0.75,0.75,0.0,0.0
6.0,11.0,0.75,0.75,0.75,0.75,0.0,0.0
6.0,8.0,0.75,0.75,0.75,0.75,0.0,0.0
6.0,7.0,0.75,0.75,0.75,0.75,0.0,0.0
6.0,6.0,0.75,0.75,0.75,0.75,0.0,0.0
6.0,5.0,0.75,0.75,0.75,0.75,0.0,0.0
6.0,4.0,0.75,0.75,0.75,0.75,0.0,0.0
6.0,1.0,0.75,0.75,0.75,0.75,0.0,0.0
5.0,31.0,0.75,0.75,0.75,0.75,0.0,0.0
5.0,30.0,0.75,0.75,0.75,0.75,0.0,0.0
5.0,29.0,0.75,0.75,0.75,0.75,1000.0,0.0
5.0,25.0,1.05,1.05,1.05,1.05,0.0,0.0
5.0,24.0,1.05,1.05,1.05,1.05,0.0,0.0
5.0,23.0,1.05,1.05,1.05,1.05,0.0,0.0
5.0,22.0,1.05,1.05,1.05,1.05,0.0,0.0
5.0,21.0,1.05,1.05,1.05,1.05,500.0,0.0
5.0,18.0,1.05,1.05,1.05,1.05,0.0,0.0
5.0,17.0,1.05,1.05,1.05,1.05,0.0,0.0
5.0,16.0,1.05,1.05,1.05,1.05,0.0,0.0
5.0,15.0,1.05,1.05,1.05,1.05,0.0,0.0
5.0,14.0,1.05,1.05,1.05,1.05,0.0,0.0
5.0,11.0,1.05,1.05,1.05,1.05,800.0,0.0
5.0,10.0,1.15,1.15,1.15,1.15,0.0,0.0
