9.0,25.0,28.74,29.0,28.74,29.0,900.0,0.26000000000000156
9.0,24.0,26.65,27.75,26.65,27.370001,11400.0,0.7200009999999999
9.0,23.0,26.65,26.65,26.65,26.65,0.0,0.0
9.0,22.0,26.65,26.65,26.65,26.65,0.0,0.0
9.0,21.0,26.65,26.65,26.65,26.65,0.0,0.0
9.0,18.0,26.65,26.65,26.65,26.65,0.0,0.0
9.0,17.0,26.65,26.65,26.65,26.65,0.0,0.0
9.0,16.0,26.65,26.65,26.65,26.65,0.0,0.0
9.0,15.0,26.65,26.65,26.65,26.65,700.0,0.0
9.0,14.0,26.33,26.33,26.33,26.33,100.0,0.0
9.0,11.0,27.1,27.1,27.1,27.1,0.0,0.0
9.0,10.0,27.1,27.1,27.1,27.1,0.0,0.0
9.0,9.0,27.1,27.1,27.1,27.1,900.0,0.0
9.0,8.0,26.52,26.52,26.52,26.52,0.0,0.0
9.0,4.0,26.52,26.52,26.52,26.52,0.0,0.0
9.0,3.0,26.49,26.559999,26.48,26.52,2300.0,0.030000000000001137
9.0,2.0,26.43,26.43,26.43,26.43,700.0,0.0
9.0,1.0,25.629999,25.629999,25.629999,25.629999,400.0,0.0
8.0,31.0,26.610001,26.610001,26.610001,26.610001,0.0,0.0
8.0,28.0,26.610001,26.610001,26.610001,26.610001,0.0,0.0
8.0,27.0,26.610001,26.610001,26.610001,26.610001,0.0,0.0
8.0,26.0,26.610001,26.610001,26.610001,26.610001,200.0,0.0
8.0,25.0,26.549999,26.549999,26.549999,26.549999,400.0,0.0
8.0,24.0,28.41,28.41,28.41,28.41,0.0,0.0
8.0,21.0,28.41,28.41,28.41,28.41,0.0,0.0
8.0,20.0,28.41,28.41,28.41,28.41,0.0,0.0
8.0,19.0,28.41,28.41,28.41,28.41,0.0,0.0
8.0,18.0,28.41,28.41,28.41,28.41,0.0,0.0
8.0,17.0,28.41,28.41,28.41,28.41,0.0,0.0
8.0,14.0,28.41,28.41,28.41,28.41,0.0,0.0
8.0,13.0,28.41,28.41,28.41,28.41,0.0,0.0
8.0,12.0,28.41,28.41,28.41,28.41,0.0,0.0
8.0,11.0,28.41,28.41,28.41,28.41,0.0,0.0
8.0,10.0,28.41,28.41,28.41,28.41,0.0,0.0
8.0,7.0,28.41,28.41,28.41,28.41,0.0,0.0
8.0,6.0,28.41,28.41,28.41,28.41,0.0,0.0
8.0,5.0,28.41,28.41,28.41,28.41,100.0,0.0
8.0,4.0,25.9,25.9,25.9,25.9,200.0,0.0
8.0,3.0,24.58,24.58,24.58,24.58,0.0,0.0
7.0,31.0,24.58,24.58,24.58,24.58,0.0,0.0
7.0,30.0,24.58,24.58,24.58,24.58,0.0,0.0
7.0,29.0,24.58,24.58,24.58,24.58,0.0,0.0
7.0,28.0,24.58,24.58,24.58,24.58,0.0,0.0
7.0,27.0,24.58,24.58,24.58,24.58,0.0,0.0
7.0,24.0,24.58,24.58,24.58,24.58,0.0,0.0
7.0,23.0,24.58,24.58,24.58,24.58,0.0,0.0
7.0,22.0,24.58,24.58,24.58,24.58,0.0,0.0
7.0,21.0,24.58,24.58,24.58,24.58,0.0,0.0
7.0,20.0,24.58,24.58,24.58,24.58,0.0,0.0
7.0,17.0,24.58,24.58,24.58,24.58,0.0,0.0
7.0,16.0,24.58,24.58,24.58,24.58,0.0,0.0
7.0,15.0,24.58,24.58,24.58,24.58,0.0,0.0
7.0,14.0,24.58,24.58,24.58,24.58,0.0,0.0
7.0,13.0,24.58,24.58,24.58,24.58,0.0,0.0
7.0,10.0,24.58,24.58,24.58,24.58,0.0,0.0
7.0,9.0,24.58,24.58,24.58,24.58,100.0,0.0
7.0,8.0,23.860001,23.860001,23.860001,23.860001,0.0,0.0
7.0,7.0,23.860001,23.860001,23.860001,23.860001,0.0,0.0
7.0,6.0,23.860001,23.860001,23.860001,23.860001,0.0,0.0
7.0,2.0,23.860001,23.860001,23.860001,23.860001,0.0,0.0
7.0,1.0,23.860001,23.860001,23.860001,23.860001,0.0,0.0
6.0,30.0,23.860001,23.860001,23.860001,23.860001,0.0,0.0
6.0,29.0,23.860001,23.860001,23.860001,23.860001,0.0,0.0
6.0,26.0,23.860001,23.860001,23.860001,23.860001,200.0,0.0
6.0,25.0,24.030001,24.030001,24.030001,24.030001,0.0,0.0
6.0,24.0,24.030001,24.030001,24.030001,24.030001,0.0,0.0
6.0,23.0,24.190001,24.190001,24.030001,24.030001,300.0,-0.16000000000000014
6.0,22.0,22.379999,22.379999,22.379999,22.379999,0.0,0.0
6.0,19.0,22.379999,22.379999,22.379999,22.379999,0.0,0.0
6.0,18.0,22.379999,22.379999,22.379999,22.379999,0.0,0.0
6.0,17.0,22.379999,22.379999,22.379999,22.379999,0.0,0.0
6.0,16.0,22.379999,22.379999,22.379999,22.379999,0.0,0.0
6.0,15.0,22.379999,22.379999,22.379999,22.379999,0.0,0.0
6.0,12.0,22.379999,22.379999,22.379999,22.379999,0.0,0.0
6.0,11.0,22.379999,22.379999,22.379999,22.379999,100.0,0.0
6.0,10.0,22.17,22.17,22.17,22.17,0.0,0.0
6.0,9.0,22.17,22.17,22.17,22.17,0.0,0.0
6.0,8.0,22.209999,22.209999,22.17,22.17,700.0,-0.03999899999999812
6.0,5.0,22.26,22.26,22.26,22.26,0.0,0.0
6.0,4.0,22.26,22.26,22.26,22.26,0.0,0.0
6.0,3.0,22.26,22.26,22.26,22.26,0.0,0.0
6.0,2.0,22.26,22.26,22.26,22.26,300.0,0.0
6.0,1.0,23.290001,23.290001,23.290001,23.290001,0.0,0.0
5.0,29.0,23.290001,23.290001,23.290001,23.290001,0.0,0.0
5.0,28.0,23.290001,23.290001,23.290001,23.290001,0.0,0.0
5.0,27.0,23.290001,23.290001,23.290001,23.290001,0.0,0.0
5.0,26.0,23.290001,23.290001,23.290001,23.290001,0.0,0.0
5.0,22.0,23.290001,23.290001,23.290001,23.290001,0.0,0.0
5.0,21.0,23.290001,23.290001,23.290001,23.290001,0.0,0.0
5.0,20.0,23.290001,23.290001,23.290001,23.290001,0.0,0.0
5.0,19.0,23.290001,23.290001,23.290001,23.290001,0.0,0.0
5.0,18.0,23.290001,23.290001,23.290001,23.290001,0.0,0.0
5.0,15.0,23.23,23.290001,23.23,23.290001,200.0,0.06000099999999975
5.0,14.0,27.639999,27.639999,27.639999,27.639999,0.0,0.0
5.0,13.0,27.639999,27.639999,27.639999,27.639999,0.0,0.0
5.0,12.0,27.639999,27.639999,27.639999,27.639999,0.0,0.0
5.0,11.0,27.639999,27.639999,27.639999,27.639999,0.0,0.0
5.0,8.0,27.639999,27.639999,27.639999,27.639999,0.0,0.0
5.0,7.0,27.639999,27.639999,27.639999,27.639999,0.0,0.0
5.0,6.0,27.639999,27.639999,27.639999,27.639999,0.0,0.0
5.0,5.0,27.639999,27.639999,27.639999,27.639999,0.0,0.0
5.0,4.0,27.639999,27.639999,27.639999,27.639999,0.0,0.0
5.0,1.0,27.639999,27.639999,27.639999,27.639999,0.0,0.0
4.0,30.0,27.639999,27.639999,27.639999,27.639999,0.0,0.0
4.0,29.0,27.639999,27.639999,27.639999,27.639999,0.0,0.0
4.0,28.0,27.639999,27.639999,27.639999,27.639999,0.0,0.0
4.0,27.0,27.639999,27.639999,27.639999,27.639999,0.0,0.0
4.0,24.0,27.639999,27.639999,27.639999,27.639999,0.0,0.0
4.0,23.0,27.639999,27.639999,27.639999,27.639999,0.0,0.0
4.0,22.0,27.639999,27.639999,27.639999,27.639999,0.0,0.0
4.0,21.0,27.639999,27.639999,27.639999,27.639999,0.0,0.0
4.0,20.0,27.639999,27.639999,27.639999,27.639999,0.0,0.0
4.0,17.0,27.639999,27.639999,27.639999,27.639999,0.0,0.0
4.0,16.0,27.639999,27.639999,27.639999,27.639999,0.0,0.0
4.0,15.0,27.639999,27.639999,27.639999,27.639999,0.0,0.0
4.0,14.0,27.639999,27.639999,27.639999,27.639999,0.0,0.0
4.0,13.0,27.639999,27.639999,27.639999,27.639999,0.0,0.0
4.0,10.0,27.559999,27.639999,27.559999,27.639999,200.0,0.0799999999999983
4.0,9.0,26.98,26.98,26.98,26.98,0.0,0.0
4.0,8.0,26.98,26.98,26.98,26.98,0.0,0.0
4.0,7.0,26.98,26.98,26.98,26.98,0.0,0.0
4.0,6.0,26.98,26.98,26.98,26.98,0.0,0.0
4.0,2.0,26.83,26.98,26.83,26.98,200.0,0.15000000000000213
4.0,1.0,27.75,27.75,27.75,27.75,0.0,0.0
3.0,31.0,27.75,27.75,27.75,27.75,0.0,0.0
3.0,30.0,27.75,27.75,27.75,27.75,0.0,0.0
3.0,27.0,27.75,27.75,27.75,27.75,0.0,0.0
3.0,26.0,27.75,27.75,27.75,27.75,200.0,0.0
3.0,25.0,26.370001,26.370001,26.370001,26.370001,0.0,0.0
3.0,24.0,26.370001,26.370001,26.370001,26.370001,0.0,0.0
3.0,23.0,26.370001,26.370001,26.370001,26.370001,0.0,0.0
3.0,20.0,26.370001,26.370001,26.370001,26.370001,0.0,0.0
3.0,19.0,26.370001,26.370001,26.370001,26.370001,0.0,0.0
3.0,18.0,26.370001,26.370001,26.370001,26.370001,0.0,0.0
3.0,17.0,26.370001,26.370001,26.370001,26.370001,0.0,0.0
3.0,16.0,26.370001,26.370001,26.370001,26.370001,0.0,0.0
3.0,13.0,26.370001,26.370001,26.370001,26.370001,0.0,0.0
3.0,12.0,26.370001,26.370001,26.370001,26.370001,0.0,0.0
3.0,11.0,26.370001,26.370001,26.370001,26.370001,0.0,0.0
3.0,10.0,26.370001,26.370001,26.370001,26.370001,1200.0,0.0
3.0,9.0,27.27,27.27,27.27,27.27,0.0,0.0
3.0,6.0,27.27,27.27,27.27,27.27,0.0,0.0
3.0,5.0,27.27,27.27,27.27,27.27,400.0,0.0
3.0,4.0,26.549999,26.549999,26.549999,26.549999,0.0,0.0
3.0,3.0,26.549999,26.549999,26.549999,26.549999,0.0,0.0
3.0,2.0,26.549999,26.549999,26.549999,26.549999,0.0,0.0
2.0,27.0,26.549999,26.549999,26.549999,26.549999,0.0,0.0
2.0,26.0,26.549999,26.549999,26.549999,26.549999,0.0,0.0
2.0,25.0,26.549999,26.549999,26.549999,26.549999,0.0,0.0
2.0,24.0,26.549999,26.549999,26.549999,26.549999,0.0,0.0
2.0,23.0,26.549999,26.549999,26.549999,26.549999,0.0,0.0
2.0,20.0,26.4,26.549999,26.4,26.549999,5600.0,0.1499990000000011
2.0,19.0,26.1,26.1,26.1,26.1,0.0,0.0
2.0,18.0,26.1,26.1,26.1,26.1,0.0,0.0
2.0,17.0,26.1,26.1,26.1,26.1,0.0,0.0
2.0,13.0,26.1,26.1,26.1,26.1,0.0,0.0
2.0,12.0,26.1,26.1,26.1,26.1,0.0,0.0
2.0,11.0,26.1,26.1,26.1,26.1,0.0,0.0
2.0,10.0,26.139999,26.15,26.1,26.1,2000.0,-0.03999899999999812
2.0,9.0,26.08,26.08,26.08,26.08,0.0,0.0
2.0,6.0,26.08,26.08,26.08,26.08,0.0,0.0
2.0,5.0,26.08,26.08,26.08,26.08,0.0,0.0
2.0,4.0,26.040001,26.08,26.040001,26.08,300.0,0.03999899999999812
2.0,3.0,25.200001,25.48,25.200001,25.450001,3200.0,0.25
2.0,2.0,24.209999,24.209999,24.209999,24.209999,0.0,0.0
1.0,30.0,24.209999,24.209999,24.209999,24.209999,0.0,0.0
1.0,29.0,24.209999,24.209999,24.209999,24.209999,0.0,0.0
1.0,28.0,24.209999,24.209999,24.209999,24.209999,200.0,0.0
1.0,27.0,23.91,23.91,23.91,23.91,1200.0,0.0
1.0,26.0,23.389999,23.389999,23.389999,23.389999,0.0,0.0
1.0,23.0,23.389999,23.389999,23.389999,23.389999,800.0,0.0
1.0,22.0,23.0,23.0,23.0,23.0,0.0,0.0
1.0,21.0,23.0,23.0,23.0,23.0,0.0,0.0
1.0,20.0,23.0,23.0,23.0,23.0,0.0,0.0
1.0,16.0,23.0,23.0,23.0,23.0,0.0,0.0
1.0,15.0,23.0,23.0,23.0,23.0,0.0,0.0
1.0,14.0,23.0,23.0,23.0,23.0,2000.0,0.0
1.0,13.0,22.889999,22.889999,22.889999,22.889999,0.0,0.0
1.0,12.0,22.889999,22.889999,22.889999,22.889999,0.0,0.0
1.0,9.0,22.889999,22.889999,22.889999,22.889999,0.0,0.0
1.0,8.0,22.889999,22.889999,22.889999,22.889999,0.0,0.0
1.0,7.0,22.889999,22.889999,22.889999,22.889999,0.0,0.0
1.0,6.0,22.889999,22.889999,22.889999,22.889999,0.0,0.0
1.0,5.0,22.889999,22.889999,22.889999,22.889999,0.0,0.0
1.0,2.0,22.9,22.9,22.879999,22.889999,6300.0,-0.010000999999999038
12.0,31.0,23.25,23.25,23.25,23.25,0.0,0.0
12.0,30.0,23.25,23.25,23.25,23.25,2500.0,0.0
12.0,29.0,23.700001,23.700001,23.700001,23.700001,100.0,0.0
12.0,26.0,23.299999,23.299999,23.299999,23.299999,0.0,0.0
12.0,24.0,23.299999,23.299999,23.299999,23.299999,0.0,0.0
12.0,23.0,23.299999,23.299999,23.299999,23.299999,0.0,0.0
12.0,22.0,23.299999,23.299999,23.299999,23.299999,0.0,0.0
12.0,19.0,23.299999,23.299999,23.299999,23.299999,0.0,0.0
12.0,18.0,23.299999,23.299999,23.299999,23.299999,100.0,0.0
12.0,17.0,24.5,24.5,24.5,24.5,0.0,0.0
12.0,16.0,24.5,24.5,24.5,24.5,0.0,0.0
12.0,15.0,24.5,24.5,24.5,24.5,0.0,0.0
12.0,12.0,24.5,24.5,24.5,24.5,0.0,0.0
12.0,11.0,24.5,24.5,24.5,24.5,0.0,0.0
12.0,10.0,24.5,24.5,24.5,24.5,0.0,0.0
12.0,9.0,24.5,24.5,24.5,24.5,0.0,0.0
12.0,8.0,24.5,24.5,24.5,24.5,0.0,0.0
12.0,5.0,24.5,24.5,24.5,24.5,0.0,0.0
12.0,4.0,24.5,24.5,24.5,24.5,0.0,0.0
12.0,3.0,24.5,24.5,24.5,24.5,0.0,0.0
12.0,2.0,24.5,24.5,24.5,24.5,0.0,0.0
12.0,1.0,24.5,24.5,24.5,24.5,0.0,0.0
11.0,28.0,24.5,24.5,24.5,24.5,0.0,0.0
11.0,26.0,24.5,24.5,24.5,24.5,0.0,0.0
11.0,25.0,24.5,24.5,24.5,24.5,0.0,0.0
11.0,24.0,24.5,24.5,24.5,24.5,0.0,0.0
11.0,21.0,24.5,24.5,24.5,24.5,0.0,0.0
11.0,20.0,24.5,24.5,24.5,24.5,0.0,0.0
11.0,19.0,24.5,24.5,24.5,24.5,0.0,0.0
11.0,18.0,24.5,24.5,24.5,24.5,0.0,0.0
11.0,17.0,24.5,24.5,24.5,24.5,0.0,0.0
11.0,14.0,24.5,24.5,24.5,24.5,100.0,0.0
11.0,13.0,25.0,25.0,25.0,25.0,200.0,0.0
11.0,12.0,24.5,24.5,24.5,24.5,0.0,0.0
11.0,11.0,24.5,24.5,24.5,24.5,400.0,0.0
11.0,10.0,23.76,23.76,23.76,23.76,0.0,0.0
11.0,7.0,23.76,23.76,23.76,23.76,300.0,0.0
11.0,6.0,23.299999,23.299999,23.299999,23.299999,500.0,0.0
11.0,5.0,22.610001,22.610001,22.610001,22.610001,0.0,0.0
11.0,4.0,22.610001,22.610001,22.610001,22.610001,0.0,0.0
11.0,3.0,22.610001,22.610001,22.610001,22.610001,0.0,0.0
10.0,31.0,22.610001,22.610001,22.610001,22.610001,0.0,0.0
10.0,30.0,22.610001,22.610001,22.610001,22.610001,0.0,0.0
10.0,29.0,22.610001,22.610001,22.610001,22.610001,0.0,0.0
10.0,28.0,22.610001,22.610001,22.610001,22.610001,0.0,0.0
10.0,27.0,22.610001,22.610001,22.610001,22.610001,0.0,0.0
10.0,24.0,22.610001,22.610001,22.610001,22.610001,0.0,0.0
10.0,23.0,22.610001,22.610001,22.610001,22.610001,0.0,0.0
10.0,22.0,22.610001,22.610001,22.610001,22.610001,64300.0,0.0
10.0,21.0,23.59,23.59,23.59,23.59,0.0,0.0
10.0,20.0,23.59,23.59,23.59,23.59,0.0,0.0
10.0,17.0,23.59,23.59,23.59,23.59,0.0,0.0
10.0,16.0,23.59,23.59,23.59,23.59,0.0,0.0
10.0,15.0,23.59,23.59,23.59,23.59,0.0,0.0
10.0,14.0,23.59,23.59,23.59,23.59,0.0,0.0
10.0,13.0,23.59,23.59,23.59,23.59,0.0,0.0
10.0,10.0,23.59,23.59,23.59,23.59,0.0,0.0
10.0,9.0,23.59,23.59,23.59,23.59,0.0,0.0
10.0,8.0,23.59,23.59,23.59,23.59,0.0,0.0
10.0,7.0,23.59,23.59,23.59,23.59,0.0,0.0
10.0,6.0,23.59,23.59,23.59,23.59,0.0,0.0
10.0,3.0,23.59,23.59,23.59,23.59,0.0,0.0
10.0,2.0,23.59,23.59,23.59,23.59,0.0,0.0
10.0,1.0,23.59,23.59,23.59,23.59,0.0,0.0
9.0,30.0,23.59,23.59,23.59,23.59,0.0,0.0
9.0,29.0,23.59,23.59,23.59,23.59,100.0,0.0
9.0,26.0,24.700001,24.700001,24.700001,24.700001,0.0,0.0
9.0,25.0,24.700001,24.700001,24.700001,24.700001,0.0,0.0
9.0,24.0,24.700001,24.700001,24.700001,24.700001,0.0,0.0
9.0,23.0,24.700001,24.700001,24.700001,24.700001,0.0,0.0
9.0,22.0,24.700001,24.700001,24.700001,24.700001,0.0,0.0
9.0,19.0,24.700001,24.700001,24.700001,24.700001,0.0,0.0
9.0,18.0,24.700001,24.700001,24.700001,24.700001,0.0,0.0
9.0,17.0,24.700001,24.700001,24.700001,24.700001,0.0,0.0
9.0,16.0,24.700001,24.700001,24.700001,24.700001,0.0,0.0
9.0,15.0,24.700001,24.700001,24.700001,24.700001,0.0,0.0
9.0,12.0,24.700001,24.700001,24.700001,24.700001,0.0,0.0
9.0,11.0,24.700001,24.700001,24.700001,24.700001,0.0,0.0
9.0,10.0,24.700001,24.700001,24.700001,24.700001,0.0,0.0
9.0,9.0,24.700001,24.700001,24.700001,24.700001,0.0,0.0
9.0,8.0,24.700001,24.700001,24.700001,24.700001,0.0,0.0
9.0,5.0,24.700001,24.700001,24.700001,24.700001,0.0,0.0
9.0,4.0,24.700001,24.700001,24.700001,24.700001,0.0,0.0
9.0,3.0,24.700001,24.700001,24.700001,24.700001,0.0,0.0
9.0,2.0,24.700001,24.700001,24.700001,24.700001,0.0,0.0
8.0,29.0,24.700001,24.700001,24.700001,24.700001,0.0,0.0
8.0,28.0,24.700001,24.700001,24.700001,24.700001,0.0,0.0
8.0,27.0,24.700001,24.700001,24.700001,24.700001,0.0,0.0
8.0,26.0,24.700001,24.700001,24.700001,24.700001,0.0,0.0
8.0,25.0,25.0,25.0,24.700001,24.700001,1800.0,-0.2999989999999997
8.0,22.0,22.690001,22.690001,22.690001,22.690001,0.0,0.0
8.0,21.0,22.690001,22.690001,22.690001,22.690001,0.0,0.0
8.0,20.0,22.690001,22.690001,22.690001,22.690001,0.0,0.0
8.0,19.0,22.690001,22.690001,22.690001,22.690001,0.0,0.0
8.0,18.0,22.690001,22.690001,22.690001,22.690001,0.0,0.0
8.0,15.0,22.690001,22.690001,22.690001,22.690001,0.0,0.0
8.0,14.0,22.690001,22.690001,22.690001,22.690001,0.0,0.0
8.0,13.0,22.690001,22.690001,22.690001,22.690001,0.0,0.0
8.0,12.0,22.690001,22.690001,22.690001,22.690001,0.0,0.0
8.0,11.0,22.690001,22.690001,22.690001,22.690001,0.0,0.0
8.0,8.0,22.690001,22.690001,22.690001,22.690001,0.0,0.0
8.0,7.0,22.690001,22.690001,22.690001,22.690001,0.0,0.0
8.0,6.0,22.690001,22.690001,22.690001,22.690001,0.0,0.0
8.0,5.0,22.690001,22.690001,22.690001,22.690001,0.0,0.0
8.0,4.0,22.690001,22.690001,22.690001,22.690001,0.0,0.0
8.0,1.0,22.690001,22.690001,22.690001,22.690001,0.0,0.0
7.0,31.0,22.690001,22.690001,22.690001,22.690001,0.0,0.0
7.0,30.0,22.690001,22.690001,22.690001,22.690001,0.0,0.0
7.0,29.0,22.690001,22.690001,22.690001,22.690001,0.0,0.0
7.0,28.0,22.690001,22.690001,22.690001,22.690001,0.0,0.0
7.0,25.0,22.690001,22.690001,22.690001,22.690001,0.0,0.0
7.0,24.0,22.690001,22.690001,22.690001,22.690001,0.0,0.0
7.0,23.0,22.690001,22.690001,22.690001,22.690001,0.0,0.0
7.0,22.0,22.690001,22.690001,22.690001,22.690001,0.0,0.0
7.0,21.0,22.690001,22.690001,22.690001,22.690001,0.0,0.0
7.0,18.0,22.690001,22.690001,22.690001,22.690001,0.0,0.0
7.0,17.0,22.690001,22.690001,22.690001,22.690001,0.0,0.0
7.0,16.0,22.690001,22.690001,22.690001,22.690001,0.0,0.0
7.0,15.0,22.690001,22.690001,22.690001,22.690001,0.0,0.0
7.0,14.0,22.690001,22.690001,22.690001,22.690001,0.0,0.0
7.0,11.0,22.690001,22.690001,22.690001,22.690001,0.0,0.0
7.0,10.0,22.690001,22.690001,22.690001,22.690001,0.0,0.0
7.0,9.0,22.690001,22.690001,22.690001,22.690001,0.0,0.0
7.0,8.0,22.690001,22.690001,22.690001,22.690001,0.0,0.0
7.0,7.0,22.690001,22.690001,22.690001,22.690001,800.0,0.0
7.0,3.0,22.08,22.08,22.08,22.08,0.0,0.0
7.0,2.0,22.08,22.08,22.08,22.08,0.0,0.0
7.0,1.0,22.08,22.08,22.08,22.08,0.0,0.0
6.0,30.0,22.08,22.08,22.08,22.08,0.0,0.0
6.0,27.0,22.08,22.08,22.08,22.08,0.0,0.0
6.0,26.0,22.08,22.08,22.08,22.08,0.0,0.0
6.0,25.0,22.08,22.08,22.08,22.08,0.0,0.0
6.0,24.0,22.08,22.08,22.08,22.08,13600.0,0.0
6.0,23.0,21.860001,21.860001,21.860001,21.860001,400.0,0.0
6.0,20.0,19.68,19.68,19.68,19.68,0.0,0.0
6.0,19.0,19.68,19.68,19.68,19.68,0.0,0.0
6.0,18.0,19.68,19.68,19.68,19.68,0.0,0.0
6.0,17.0,19.68,19.68,19.68,19.68,0.0,0.0
6.0,16.0,19.68,19.68,19.68,19.68,0.0,0.0
6.0,13.0,19.68,19.68,19.68,19.68,0.0,0.0
6.0,12.0,19.68,19.68,19.68,19.68,0.0,0.0
6.0,11.0,19.68,19.68,19.68,19.68,0.0,0.0
6.0,10.0,19.68,19.68,19.68,19.68,0.0,0.0
6.0,9.0,19.68,19.68,19.68,19.68,0.0,0.0
6.0,6.0,19.68,19.68,19.68,19.68,0.0,0.0
6.0,5.0,19.68,19.68,19.68,19.68,0.0,0.0
6.0,4.0,19.68,19.68,19.68,19.68,0.0,0.0
6.0,3.0,19.68,19.68,19.68,19.68,0.0,0.0
6.0,2.0,19.68,19.68,19.68,19.68,0.0,0.0
5.0,30.0,19.68,19.68,19.68,19.68,0.0,0.0
5.0,29.0,19.68,19.68,19.68,19.68,0.0,0.0
5.0,28.0,19.68,19.68,19.68,19.68,0.0,0.0
5.0,27.0,19.68,19.68,19.68,19.68,0.0,0.0
5.0,23.0,19.68,19.68,19.68,19.68,0.0,0.0
5.0,22.0,19.68,19.68,19.68,19.68,0.0,0.0
5.0,21.0,19.68,19.68,19.68,19.68,0.0,0.0
5.0,20.0,19.68,19.68,19.68,19.68,0.0,0.0
5.0,19.0,19.68,19.68,19.68,19.68,0.0,0.0
5.0,16.0,19.68,19.68,19.68,19.68,0.0,0.0
5.0,15.0,19.68,19.68,19.68,19.68,0.0,0.0
5.0,14.0,19.68,19.68,19.68,19.68,0.0,0.0
5.0,13.0,19.68,19.68,19.68,19.68,0.0,0.0
5.0,12.0,19.68,19.68,19.68,19.68,0.0,0.0
5.0,9.0,19.68,19.68,19.68,19.68,0.0,0.0
5.0,8.0,19.68,19.68,19.68,19.68,0.0,0.0
5.0,7.0,19.68,19.68,19.68,19.68,0.0,0.0
5.0,6.0,19.68,19.68,19.68,19.68,0.0,0.0
5.0,5.0,19.68,19.68,19.68,19.68,0.0,0.0
5.0,2.0,19.68,19.68,19.68,19.68,0.0,0.0
5.0,1.0,19.68,19.68,19.68,19.68,300.0,0.0
4.0,30.0,19.9,19.9,19.9,19.9,0.0,0.0
4.0,29.0,19.9,19.9,19.9,19.9,0.0,0.0
4.0,28.0,19.9,19.9,19.9,19.9,0.0,0.0
4.0,25.0,19.9,19.9,19.9,19.9,0.0,0.0
4.0,24.0,20.0,20.0,19.799999,19.9,13100.0,-0.10000000000000142
4.0,23.0,20.299999,20.309999,20.0,20.0,5700.0,-0.2999989999999997
4.0,22.0,21.1,21.1,21.1,21.1,0.0,0.0
4.0,21.0,21.1,21.1,21.1,21.1,0.0,0.0
4.0,17.0,21.1,21.1,21.1,21.1,0.0,0.0
4.0,16.0,21.1,21.1,21.1,21.1,300.0,0.0
4.0,15.0,20.719999,20.719999,20.719999,20.719999,0.0,0.0
4.0,14.0,20.719999,20.719999,20.719999,20.719999,0.0,0.0
4.0,11.0,20.719999,20.719999,20.719999,20.719999,0.0,0.0
4.0,10.0,20.719999,20.719999,20.719999,20.719999,1000.0,0.0
4.0,9.0,20.059999,20.059999,20.059999,20.059999,500.0,0.0
4.0,8.0,23.0,23.0,23.0,23.0,0.0,0.0
4.0,7.0,23.0,23.0,23.0,23.0,0.0,0.0
4.0,4.0,23.0,23.0,23.0,23.0,0.0,0.0
4.0,3.0,23.0,23.0,23.0,23.0,200.0,0.0
4.0,2.0,26.5,32.5,26.5,32.5,600.0,6.0
4.0,1.0,100.0,100.0,100.0,100.0,0.0,0.0
3.0,31.0,100.0,100.0,100.0,100.0,800.0,0.0
3.0,28.0,89.150002,89.150002,89.150002,89.150002,0.0,0.0
3.0,27.0,89.150002,89.150002,89.150002,89.150002,0.0,0.0
3.0,26.0,89.150002,89.150002,89.150002,89.150002,0.0,0.0
3.0,25.0,89.150002,89.150002,89.150002,89.150002,2400.0,0.0
3.0,24.0,88.349998,88.349998,88.349998,88.349998,0.0,0.0
3.0,21.0,88.349998,88.349998,88.349998,88.349998,0.0,0.0
3.0,20.0,88.150002,88.349998,88.150002,88.349998,1200.0,0.19999599999999873
3.0,19.0,91.800003,91.800003,91.800003,91.800003,800.0,0.0
3.0,18.0,91.790001,91.790001,91.790001,91.790001,400.0,0.0
3.0,17.0,88.400002,88.400002,88.400002,88.400002,0.0,0.0
3.0,14.0,88.400002,88.400002,88.400002,88.400002,0.0,0.0
3.0,13.0,88.400002,88.400002,88.400002,88.400002,0.0,0.0
3.0,12.0,88.400002,88.400002,88.400002,88.400002,0.0,0.0
3.0,11.0,88.400002,88.400002,88.400002,88.400002,0.0,0.0
3.0,10.0,88.400002,88.400002,88.400002,88.400002,0.0,0.0
3.0,7.0,88.400002,88.400002,88.400002,88.400002,0.0,0.0
3.0,6.0,88.400002,88.400002,88.400002,88.400002,0.0,0.0
3.0,5.0,88.400002,88.400002,88.400002,88.400002,800.0,0.0
3.0,4.0,84.459999,84.459999,84.459999,84.459999,0.0,0.0
3.0,3.0,84.459999,84.459999,84.459999,84.459999,800.0,0.0
2.0,28.0,86.160004,86.160004,86.160004,86.160004,400.0,0.0
2.0,27.0,94.220001,94.220001,94.220001,94.220001,0.0,0.0
2.0,26.0,94.220001,94.220001,94.220001,94.220001,0.0,0.0
2.0,25.0,94.220001,94.220001,94.220001,94.220001,0.0,0.0
2.0,24.0,94.220001,94.220001,94.220001,94.220001,0.0,0.0
2.0,21.0,94.220001,94.220001,94.220001,94.220001,0.0,0.0
2.0,20.0,94.220001,94.220001,94.220001,94.220001,0.0,0.0
2.0,19.0,94.220001,94.220001,94.220001,94.220001,0.0,0.0
2.0,18.0,94.220001,94.220001,94.220001,94.220001,0.0,0.0
2.0,14.0,94.220001,94.220001,94.220001,94.220001,0.0,0.0
2.0,13.0,94.220001,94.220001,94.220001,94.220001,0.0,0.0
2.0,12.0,94.220001,94.220001,94.220001,94.220001,0.0,0.0
2.0,11.0,94.220001,94.220001,94.220001,94.220001,0.0,0.0
2.0,10.0,94.220001,94.220001,94.220001,94.220001,0.0,0.0
2.0,7.0,94.220001,94.220001,94.220001,94.220001,0.0,0.0
2.0,6.0,94.220001,94.220001,94.220001,94.220001,0.0,0.0
2.0,5.0,94.220001,94.220001,94.220001,94.220001,0.0,0.0
2.0,4.0,94.220001,94.220001,94.220001,94.220001,0.0,0.0
2.0,3.0,94.220001,94.220001,94.220001,94.220001,0.0,0.0
1.0,31.0,94.220001,94.220001,94.220001,94.220001,0.0,0.0
1.0,30.0,94.220001,94.220001,94.220001,94.220001,0.0,0.0
1.0,29.0,94.220001,94.220001,94.220001,94.220001,0.0,0.0
1.0,28.0,94.220001,94.220001,94.220001,94.220001,0.0,0.0
1.0,27.0,94.220001,94.220001,94.220001,94.220001,0.0,0.0
1.0,24.0,94.220001,94.220001,94.220001,94.220001,800.0,0.0
1.0,23.0,94.790001,94.790001,94.790001,94.790001,0.0,0.0
1.0,22.0,94.790001,94.790001,94.790001,94.790001,0.0,0.0
1.0,21.0,95.5,95.5,94.790001,94.790001,800.0,-0.7099989999999963
1.0,17.0,92.800003,92.800003,92.800003,92.800003,0.0,0.0
1.0,16.0,92.800003,92.800003,92.800003,92.800003,0.0,0.0
1.0,15.0,92.800003,92.800003,92.800003,92.800003,0.0,0.0
1.0,14.0,92.800003,92.800003,92.800003,92.800003,800.0,0.0
1.0,13.0,94.050003,94.050003,94.050003,94.050003,400.0,0.0
1.0,10.0,94.419998,94.419998,94.419998,94.419998,0.0,0.0
1.0,9.0,94.419998,94.419998,94.419998,94.419998,800.0,0.0
1.0,8.0,95.150002,95.150002,95.150002,95.150002,0.0,0.0
1.0,7.0,95.150002,95.150002,95.150002,95.150002,0.0,0.0
1.0,6.0,95.269997,95.349998,95.150002,95.150002,1600.0,-0.11999500000000296
1.0,3.0,97.199997,97.199997,97.199997,97.199997,0.0,0.0
1.0,2.0,97.199997,97.199997,97.199997,97.199997,0.0,0.0
12.0,31.0,97.199997,97.199997,97.199997,97.199997,400.0,0.0
12.0,30.0,97.620003,97.620003,97.620003,97.620003,0.0,0.0
12.0,27.0,97.620003,97.620003,97.620003,97.620003,0.0,0.0
12.0,26.0,97.620003,97.620003,97.620003,97.620003,0.0,0.0
12.0,24.0,97.620003,97.620003,97.620003,97.620003,1600.0,0.0
12.0,23.0,100.300003,100.300003,100.300003,100.300003,0.0,0.0
12.0,20.0,100.300003,100.300003,100.300003,100.300003,0.0,0.0
12.0,19.0,100.300003,100.300003,100.300003,100.300003,0.0,0.0
12.0,18.0,100.300003,100.300003,100.300003,100.300003,400.0,0.0
12.0,17.0,100.5,100.5,100.5,100.5,0.0,0.0
12.0,16.0,100.5,100.5,100.5,100.5,0.0,0.0
12.0,13.0,100.5,100.5,100.5,100.5,0.0,0.0
12.0,12.0,100.5,100.5,100.5,100.5,0.0,0.0
12.0,11.0,100.5,100.5,100.5,100.5,400.0,0.0
12.0,10.0,102.050003,102.050003,102.050003,102.050003,0.0,0.0
12.0,9.0,102.050003,102.050003,102.050003,102.050003,0.0,0.0
12.0,6.0,102.050003,102.050003,102.050003,102.050003,0.0,0.0
12.0,5.0,102.050003,102.050003,102.050003,102.050003,0.0,0.0
12.0,4.0,102.5,102.5,102.050003,102.050003,4000.0,-0.4499969999999962
12.0,3.0,104.0,104.0,104.0,104.0,800.0,0.0
12.0,2.0,104.360001,104.360001,104.150002,104.150002,1200.0,-0.20999899999999627
11.0,29.0,104.400002,104.400002,104.400002,104.400002,0.0,0.0
11.0,27.0,104.550003,104.550003,104.400002,104.400002,2400.0,-0.15000100000000316
11.0,26.0,105.370003,105.370003,105.370003,105.370003,0.0,0.0
11.0,25.0,105.489998,105.489998,105.370003,105.370003,800.0,-0.11999500000000296
11.0,22.0,104.199997,104.199997,104.199997,104.199997,0.0,0.0
11.0,21.0,104.199997,104.199997,104.199997,104.199997,0.0,0.0
11.0,20.0,104.199997,104.199997,104.199997,104.199997,0.0,0.0
11.0,19.0,104.199997,104.199997,104.199997,104.199997,0.0,0.0
11.0,18.0,104.199997,104.199997,104.199997,104.199997,0.0,0.0
11.0,15.0,104.199997,104.199997,104.199997,104.199997,400.0,0.0
11.0,14.0,102.099998,102.5,102.099998,102.449997,4400.0,0.34999899999999684
11.0,13.0,102.400002,102.400002,102.400002,102.400002,0.0,0.0
11.0,12.0,102.400002,102.400002,102.400002,102.400002,0.0,0.0
11.0,11.0,102.400002,102.400002,102.400002,102.400002,0.0,0.0
11.0,8.0,102.400002,102.400002,102.400002,102.400002,0.0,0.0
11.0,7.0,102.400002,102.400002,102.400002,102.400002,0.0,0.0
11.0,6.0,102.400002,102.400002,102.400002,102.400002,0.0,0.0
11.0,5.0,102.400002,102.400002,102.400002,102.400002,0.0,0.0
11.0,4.0,102.400002,102.400002,102.400002,102.400002,0.0,0.0
11.0,1.0,102.400002,102.400002,102.400002,102.400002,0.0,0.0
10.0,31.0,102.400002,102.400002,102.400002,102.400002,0.0,0.0
10.0,30.0,102.400002,102.400002,102.400002,102.400002,0.0,0.0
10.0,29.0,102.400002,102.400002,102.400002,102.400002,0.0,0.0
10.0,28.0,102.400002,102.400002,102.400002,102.400002,0.0,0.0
10.0,25.0,102.400002,102.400002,102.400002,102.400002,0.0,0.0
10.0,24.0,102.400002,102.400002,102.400002,102.400002,0.0,0.0
10.0,23.0,102.400002,102.400002,102.400002,102.400002,0.0,0.0
10.0,22.0,102.400002,102.400002,102.400002,102.400002,0.0,0.0
10.0,21.0,102.400002,102.400002,102.400002,102.400002,0.0,0.0
10.0,18.0,102.400002,102.400002,102.400002,102.400002,0.0,0.0
10.0,17.0,102.400002,102.400002,102.400002,102.400002,0.0,0.0
10.0,16.0,102.400002,102.400002,102.400002,102.400002,0.0,0.0
10.0,15.0,102.400002,102.400002,102.400002,102.400002,0.0,0.0
10.0,14.0,102.400002,102.400002,102.400002,102.400002,0.0,0.0
10.0,11.0,102.400002,102.400002,102.400002,102.400002,0.0,0.0
10.0,10.0,102.400002,102.400002,102.400002,102.400002,0.0,0.0
10.0,9.0,102.400002,102.400002,102.400002,102.400002,0.0,0.0
10.0,8.0,102.400002,102.400002,102.400002,102.400002,0.0,0.0
10.0,7.0,102.400002,102.400002,102.400002,102.400002,0.0,0.0
10.0,4.0,102.400002,102.400002,102.400002,102.400002,0.0,0.0
10.0,3.0,102.400002,102.400002,102.400002,102.400002,0.0,0.0
10.0,2.0,102.400002,102.400002,102.400002,102.400002,0.0,0.0
10.0,1.0,102.400002,102.400002,102.400002,102.400002,0.0,0.0
9.0,30.0,102.400002,102.400002,102.400002,102.400002,0.0,0.0
9.0,27.0,102.400002,102.400002,102.400002,102.400002,0.0,0.0
9.0,26.0,102.949997,102.949997,102.400002,102.400002,2000.0,-0.5499949999999956
9.0,25.0,99.379997,99.379997,99.379997,99.379997,2000.0,0.0
9.0,24.0,100.0,100.0,100.0,100.0,0.0,0.0
9.0,23.0,100.0,100.0,100.0,100.0,400.0,0.0
9.0,20.0,97.370003,97.370003,97.370003,97.370003,0.0,0.0
9.0,19.0,97.370003,97.370003,97.370003,97.370003,0.0,0.0
9.0,18.0,97.370003,97.370003,97.370003,97.370003,0.0,0.0
9.0,17.0,97.370003,97.370003,97.370003,97.370003,0.0,0.0
9.0,16.0,97.589996,97.589996,97.370003,97.370003,1200.0,-0.21999300000000233
9.0,13.0,99.0,99.0,99.0,99.0,0.0,0.0
9.0,12.0,99.0,99.0,99.0,99.0,0.0,0.0
9.0,11.0,99.0,99.0,99.0,99.0,0.0,0.0
9.0,10.0,99.0,99.0,99.0,99.0,0.0,0.0
9.0,9.0,99.0,99.0,99.0,99.0,0.0,0.0
9.0,6.0,99.0,99.0,99.0,99.0,0.0,0.0
9.0,5.0,99.0,99.0,99.0,99.0,0.0,0.0
9.0,4.0,99.0,99.0,99.0,99.0,0.0,0.0
9.0,3.0,99.0,99.0,99.0,99.0,0.0,0.0
8.0,30.0,99.0,99.0,99.0,99.0,0.0,0.0
8.0,29.0,99.0,99.0,99.0,99.0,0.0,0.0
8.0,28.0,99.0,99.0,99.0,99.0,0.0,0.0
8.0,27.0,99.0,99.0,99.0,99.0,0.0,0.0
8.0,26.0,99.0,99.0,99.0,99.0,0.0,0.0
8.0,23.0,99.0,99.0,99.0,99.0,0.0,0.0
8.0,22.0,99.0,99.0,99.0,99.0,0.0,0.0
8.0,21.0,99.0,99.0,99.0,99.0,0.0,0.0
8.0,20.0,99.0,99.0,99.0,99.0,0.0,0.0
8.0,19.0,99.0,99.0,99.0,99.0,0.0,0.0
8.0,16.0,99.0,99.0,99.0,99.0,0.0,0.0
8.0,15.0,99.0,99.0,99.0,99.0,400.0,0.0
8.0,14.0,101.800003,101.800003,101.099998,101.160004,10800.0,-0.6399990000000031
8.0,13.0,99.879997,99.879997,99.879997,99.879997,400.0,0.0
8.0,12.0,105.0,105.0,105.0,105.0,0.0,0.0
8.0,9.0,105.0,105.0,105.0,105.0,0.0,0.0
8.0,8.0,105.0,105.0,105.0,105.0,0.0,0.0
8.0,7.0,105.0,105.0,105.0,105.0,0.0,0.0
8.0,6.0,105.0,105.0,105.0,105.0,0.0,0.0
8.0,5.0,105.0,105.0,105.0,105.0,0.0,0.0
8.0,2.0,105.0,105.0,105.0,105.0,400.0,0.0
8.0,1.0,99.639999,99.639999,99.639999,99.639999,0.0,0.0
7.0,31.0,100.099998,100.099998,99.639999,99.639999,1600.0,-0.45999899999999627
7.0,30.0,107.550003,107.550003,107.550003,107.550003,0.0,0.0
7.0,29.0,107.550003,107.550003,107.550003,107.550003,0.0,0.0
7.0,26.0,107.550003,107.550003,107.550003,107.550003,0.0,0.0
7.0,25.0,107.550003,107.550003,107.550003,107.550003,0.0,0.0
7.0,24.0,107.550003,107.550003,107.550003,107.550003,0.0,0.0
7.0,23.0,107.550003,107.550003,107.550003,107.550003,800.0,0.0
7.0,22.0,103.599998,103.599998,103.599998,103.599998,0.0,0.0
7.0,19.0,104.800003,104.800003,103.599998,103.599998,3600.0,-1.2000050000000044
7.0,18.0,106.260002,106.260002,106.260002,106.260002,800.0,0.0
7.0,17.0,103.449997,103.449997,103.449997,103.449997,0.0,0.0
7.0,16.0,103.449997,103.449997,103.449997,103.449997,0.0,0.0
7.0,15.0,103.449997,103.449997,103.449997,103.449997,0.0,0.0
7.0,12.0,103.449997,103.449997,103.449997,103.449997,0.0,0.0
7.0,11.0,103.449997,103.449997,103.449997,103.449997,0.0,0.0
7.0,10.0,103.449997,103.449997,103.449997,103.449997,0.0,0.0
7.0,9.0,103.449997,103.449997,103.449997,103.449997,0.0,0.0
7.0,8.0,103.449997,103.449997,103.449997,103.449997,0.0,0.0
7.0,5.0,103.449997,103.449997,103.449997,103.449997,0.0,0.0
7.0,3.0,103.449997,103.449997,103.449997,103.449997,0.0,0.0
7.0,2.0,103.449997,103.449997,103.449997,103.449997,0.0,0.0
7.0,1.0,103.449997,103.449997,103.449997,103.449997,0.0,0.0
6.0,28.0,103.449997,103.449997,103.449997,103.449997,0.0,0.0
6.0,27.0,103.449997,103.449997,103.449997,103.449997,0.0,0.0
6.0,26.0,103.449997,103.449997,103.449997,103.449997,0.0,0.0
6.0,25.0,103.449997,103.449997,103.449997,103.449997,0.0,0.0
6.0,24.0,103.449997,103.449997,103.449997,103.449997,0.0,0.0
6.0,21.0,103.449997,103.449997,103.449997,103.449997,0.0,0.0
6.0,20.0,103.449997,103.449997,103.449997,103.449997,0.0,0.0
6.0,19.0,103.449997,103.449997,103.449997,103.449997,0.0,0.0
6.0,18.0,103.449997,103.449997,103.449997,103.449997,0.0,0.0
6.0,17.0,103.449997,103.449997,103.449997,103.449997,0.0,0.0
6.0,14.0,103.449997,103.449997,103.449997,103.449997,0.0,0.0
6.0,13.0,103.449997,103.449997,103.449997,103.449997,0.0,0.0
6.0,12.0,103.449997,103.449997,103.449997,103.449997,0.0,0.0
6.0,11.0,103.449997,103.449997,103.449997,103.449997,0.0,0.0
6.0,10.0,103.449997,103.449997,103.449997,103.449997,0.0,0.0
6.0,7.0,103.449997,103.449997,103.449997,103.449997,0.0,0.0
6.0,6.0,103.449997,103.449997,103.449997,103.449997,0.0,0.0
6.0,5.0,103.449997,103.449997,103.449997,103.449997,0.0,0.0
6.0,4.0,103.449997,103.449997,103.449997,103.449997,0.0,0.0
6.0,3.0,103.449997,103.449997,103.449997,103.449997,0.0,0.0
5.0,31.0,103.449997,103.449997,103.449997,103.449997,0.0,0.0
5.0,30.0,103.449997,103.449997,103.449997,103.449997,0.0,0.0
5.0,29.0,103.449997,103.449997,103.449997,103.449997,0.0,0.0
5.0,28.0,103.449997,103.449997,103.449997,103.449997,0.0,0.0
5.0,24.0,103.449997,103.449997,103.449997,103.449997,800.0,0.0
5.0,23.0,103.5,103.5,103.5,103.5,0.0,0.0
5.0,22.0,103.5,103.5,103.5,103.5,0.0,0.0
5.0,21.0,103.5,103.5,103.5,103.5,0.0,0.0
5.0,20.0,103.5,103.5,103.5,103.5,0.0,0.0
5.0,17.0,103.5,103.5,103.5,103.5,400.0,0.0
5.0,16.0,105.330002,105.330002,105.330002,105.330002,0.0,0.0
5.0,15.0,105.330002,105.330002,105.330002,105.330002,0.0,0.0
5.0,14.0,105.25,105.330002,105.25,105.330002,1200.0,0.08000199999999325
5.0,13.0,104.75,104.75,104.75,104.75,0.0,0.0
5.0,10.0,104.900002,104.900002,104.599998,104.75,2800.0,-0.15000200000000063
5.0,9.0,102.050003,102.410004,102.050003,102.410004,2800.0,0.3600009999999969
5.0,8.0,101.300003,101.300003,101.300003,101.300003,0.0,0.0
5.0,7.0,101.300003,101.300003,101.300003,101.300003,0.0,0.0
5.0,6.0,101.300003,101.300003,101.300003,101.300003,0.0,0.0
5.0,3.0,101.300003,101.300003,101.300003,101.300003,400.0,0.0
5.0,2.0,100.349998,100.349998,100.349998,100.349998,0.0,0.0
5.0,1.0,100.349998,100.349998,100.349998,100.349998,400.0,0.0
4.0,30.0,94.650002,94.650002,94.650002,94.650002,0.0,0.0
4.0,29.0,94.650002,94.650002,94.650002,94.650002,0.0,0.0
4.0,26.0,94.650002,94.650002,94.650002,94.650002,0.0,0.0
4.0,25.0,94.650002,94.650002,94.650002,94.650002,0.0,0.0
4.0,24.0,94.650002,94.650002,94.650002,94.650002,1600.0,0.0
4.0,23.0,93.730003,93.730003,93.730003,93.730003,800.0,0.0
4.0,22.0,84.900002,84.900002,84.900002,84.900002,0.0,0.0
4.0,19.0,84.900002,84.900002,84.900002,84.900002,0.0,0.0
4.0,18.0,84.900002,84.900002,84.900002,84.900002,0.0,0.0
4.0,17.0,84.900002,84.900002,84.900002,84.900002,0.0,0.0
4.0,16.0,84.900002,84.900002,84.900002,84.900002,1200.0,0.0
4.0,15.0,85.699997,85.699997,85.699997,85.699997,400.0,0.0
4.0,12.0,84.599998,84.599998,84.599998,84.599998,2000.0,0.0
4.0,11.0,84.629997,84.629997,84.629997,84.629997,1600.0,0.0
4.0,10.0,85.279999,85.5,85.279999,85.5,1600.0,0.22000099999999634
4.0,9.0,86.970001,86.970001,86.970001,86.970001,0.0,0.0
4.0,8.0,86.970001,86.970001,86.970001,86.970001,0.0,0.0
4.0,5.0,86.970001,86.970001,86.970001,86.970001,0.0,0.0
4.0,4.0,86.970001,86.970001,86.970001,86.970001,0.0,0.0
4.0,3.0,86.970001,86.970001,86.970001,86.970001,0.0,0.0
4.0,2.0,86.970001,86.970001,86.970001,86.970001,0.0,0.0
4.0,1.0,86.970001,86.970001,86.970001,86.970001,0.0,0.0
3.0,28.0,86.970001,86.970001,86.970001,86.970001,0.0,0.0
3.0,27.0,86.970001,86.970001,86.970001,86.970001,0.0,0.0
3.0,26.0,86.970001,86.970001,86.970001,86.970001,0.0,0.0
3.0,25.0,86.970001,86.970001,86.970001,86.970001,0.0,0.0
3.0,22.0,86.970001,86.970001,86.970001,86.970001,0.0,0.0
3.0,21.0,86.970001,86.970001,86.970001,86.970001,0.0,0.0
3.0,20.0,86.970001,86.970001,86.970001,86.970001,0.0,0.0
3.0,19.0,86.970001,86.970001,86.970001,86.970001,0.0,0.0
3.0,18.0,86.970001,86.970001,86.970001,86.970001,0.0,0.0
3.0,15.0,86.970001,86.970001,86.970001,86.970001,0.0,0.0
3.0,14.0,86.970001,86.970001,86.970001,86.970001,0.0,0.0
3.0,13.0,86.970001,86.970001,86.970001,86.970001,0.0,0.0
3.0,12.0,86.970001,86.970001,86.970001,86.970001,0.0,0.0
3.0,11.0,86.970001,86.970001,86.970001,86.970001,0.0,0.0
3.0,8.0,86.970001,86.970001,86.970001,86.970001,0.0,0.0
3.0,7.0,86.970001,86.970001,86.970001,86.970001,0.0,0.0
3.0,6.0,86.970001,86.970001,86.970001,86.970001,0.0,0.0
3.0,5.0,86.970001,86.970001,86.970001,86.970001,0.0,0.0
3.0,4.0,86.970001,86.970001,86.970001,86.970001,0.0,0.0
3.0,1.0,86.970001,86.970001,86.970001,86.970001,0.0,0.0
2.0,28.0,86.970001,86.970001,86.970001,86.970001,0.0,0.0
2.0,27.0,86.970001,86.970001,86.970001,86.970001,0.0,0.0
2.0,26.0,86.970001,86.970001,86.970001,86.970001,0.0,0.0
2.0,25.0,86.970001,86.970001,86.970001,86.970001,0.0,0.0
2.0,22.0,86.970001,86.970001,86.970001,86.970001,0.0,0.0
2.0,21.0,86.970001,86.970001,86.970001,86.970001,0.0,0.0
2.0,20.0,86.970001,86.970001,86.970001,86.970001,0.0,0.0
2.0,19.0,86.970001,86.970001,86.970001,86.970001,0.0,0.0
2.0,15.0,86.970001,86.970001,86.970001,86.970001,0.0,0.0
2.0,14.0,87.389999,87.449997,86.970001,86.970001,1600.0,-0.41999800000000675
2.0,13.0,87.690002,87.690002,87.639999,87.639999,2000.0,-0.050003000000003794
2.0,12.0,86.650002,87.099998,86.650002,87.099998,800.0,0.44999599999999873
2.0,11.0,84.699997,84.699997,84.699997,84.699997,400.0,0.0
2.0,8.0,87.650002,87.650002,87.650002,87.650002,0.0,0.0
2.0,7.0,87.650002,87.650002,87.650002,87.650002,0.0,0.0
2.0,6.0,87.650002,87.650002,87.650002,87.650002,0.0,0.0
2.0,5.0,87.650002,87.650002,87.650002,87.650002,0.0,0.0
2.0,4.0,87.650002,87.650002,87.650002,87.650002,0.0,0.0
2.0,1.0,87.650002,87.650002,87.650002,87.650002,0.0,0.0
1.0,31.0,87.550003,87.919998,87.400002,87.650002,6400.0,0.09999899999999684
1.0,30.0,85.849998,85.849998,85.849998,85.849998,0.0,0.0
1.0,29.0,85.139999,85.849998,85.139999,85.849998,2000.0,0.7099989999999963
1.0,28.0,82.339996,82.339996,82.339996,82.339996,2400.0,0.0
1.0,25.0,83.059998,83.059998,83.010002,83.010002,1200.0,-0.049995999999993046
1.0,24.0,79.269997,79.269997,79.269997,79.269997,0.0,0.0
1.0,23.0,79.330002,79.330002,79.269997,79.269997,4800.0,-0.06000499999998965
1.0,22.0,78.510002,78.510002,78.510002,78.510002,9200.0,0.0
1.0,18.0,80.050003,80.050003,80.050003,80.050003,800.0,0.0
1.0,17.0,79.400002,79.400002,79.400002,79.400002,800.0,0.0
1.0,16.0,80.639999,80.639999,80.639999,80.639999,0.0,0.0
1.0,15.0,80.639999,80.639999,80.639999,80.639999,0.0,0.0
1.0,14.0,80.639999,80.639999,80.639999,80.639999,800.0,0.0
1.0,11.0,80.110001,80.110001,80.110001,80.110001,0.0,0.0
1.0,10.0,80.110001,80.110001,80.110001,80.110001,400.0,0.0
1.0,9.0,80.330002,80.330002,80.330002,80.330002,0.0,0.0
1.0,8.0,80.330002,80.330002,80.330002,80.330002,0.0,0.0
1.0,7.0,80.330002,80.330002,80.330002,80.330002,0.0,0.0
1.0,4.0,80.330002,80.330002,80.330002,80.330002,0.0,0.0
1.0,3.0,80.330002,80.330002,80.330002,80.330002,400.0,0.0
1.0,2.0,85.580002,85.580002,85.580002,85.580002,0.0,0.0
12.0,31.0,85.580002,85.580002,85.580002,85.580002,0.0,0.0
12.0,28.0,85.580002,85.580002,85.580002,85.580002,0.0,0.0
12.0,27.0,85.580002,85.580002,85.580002,85.580002,0.0,0.0
12.0,26.0,85.580002,85.580002,85.580002,85.580002,0.0,0.0
12.0,24.0,85.580002,85.580002,85.580002,85.580002,0.0,0.0
12.0,21.0,85.580002,85.580002,85.580002,85.580002,0.0,0.0
12.0,20.0,85.580002,85.580002,85.580002,85.580002,0.0,0.0
12.0,19.0,85.580002,85.580002,85.580002,85.580002,0.0,0.0
12.0,18.0,85.580002,85.580002,85.580002,85.580002,0.0,0.0
12.0,17.0,85.580002,85.580002,85.580002,85.580002,0.0,0.0
12.0,14.0,85.580002,85.580002,85.580002,85.580002,0.0,0.0
12.0,13.0,85.580002,85.580002,85.580002,85.580002,0.0,0.0
12.0,12.0,85.580002,85.580002,85.580002,85.580002,0.0,0.0
12.0,11.0,85.580002,85.580002,85.580002,85.580002,0.0,0.0
12.0,10.0,85.580002,85.580002,85.580002,85.580002,0.0,0.0
12.0,7.0,85.580002,85.580002,85.580002,85.580002,0.0,0.0
12.0,6.0,85.580002,85.580002,85.580002,85.580002,0.0,0.0
12.0,5.0,85.580002,85.580002,85.580002,85.580002,0.0,0.0
12.0,4.0,85.580002,85.580002,85.580002,85.580002,0.0,0.0
12.0,3.0,85.580002,85.580002,85.580002,85.580002,0.0,0.0
11.0,30.0,85.580002,85.580002,85.580002,85.580002,0.0,0.0
11.0,29.0,85.580002,85.580002,85.580002,85.580002,0.0,0.0
11.0,28.0,85.580002,85.580002,85.580002,85.580002,0.0,0.0
11.0,27.0,85.580002,85.580002,85.580002,85.580002,400.0,0.0
11.0,26.0,81.300003,81.300003,81.300003,81.300003,0.0,0.0
11.0,23.0,81.300003,81.300003,81.300003,81.300003,0.0,0.0
11.0,21.0,81.300003,81.300003,81.300003,81.300003,0.0,0.0
11.0,20.0,81.300003,81.300003,81.300003,81.300003,0.0,0.0
11.0,19.0,81.300003,81.300003,81.300003,81.300003,0.0,0.0
11.0,16.0,81.300003,81.300003,81.300003,81.300003,0.0,0.0
11.0,15.0,81.300003,81.300003,81.300003,81.300003,0.0,0.0
11.0,14.0,81.300003,81.300003,81.300003,81.300003,400.0,0.0
11.0,13.0,86.75,86.75,86.75,86.75,0.0,0.0
11.0,12.0,86.75,86.75,86.75,86.75,0.0,0.0
11.0,9.0,86.75,86.75,86.75,86.75,0.0,0.0
11.0,8.0,86.75,86.75,86.75,86.75,0.0,0.0
11.0,7.0,86.75,86.75,86.75,86.75,0.0,0.0
11.0,6.0,86.75,86.75,86.75,86.75,0.0,0.0
11.0,5.0,86.75,86.75,86.75,86.75,0.0,0.0
11.0,2.0,86.75,86.75,86.75,86.75,0.0,0.0
11.0,1.0,86.75,86.75,86.75,86.75,0.0,0.0
10.0,31.0,86.75,86.75,86.75,86.75,0.0,0.0
10.0,26.0,86.75,86.75,86.75,86.75,0.0,0.0
10.0,25.0,86.75,86.75,86.75,86.75,0.0,0.0
10.0,24.0,86.75,86.75,86.75,86.75,0.0,0.0
10.0,23.0,86.75,86.75,86.75,86.75,0.0,0.0
10.0,22.0,86.75,86.75,86.75,86.75,0.0,0.0
10.0,19.0,86.75,86.75,86.75,86.75,0.0,0.0
10.0,18.0,86.75,86.75,86.75,86.75,0.0,0.0
10.0,17.0,86.75,86.75,86.75,86.75,0.0,0.0
10.0,16.0,86.75,86.75,86.75,86.75,0.0,0.0
10.0,15.0,86.75,86.75,86.75,86.75,0.0,0.0
10.0,12.0,86.75,86.75,86.75,86.75,0.0,0.0
10.0,11.0,86.75,86.75,86.75,86.75,0.0,0.0
10.0,10.0,86.75,86.75,86.75,86.75,0.0,0.0
10.0,9.0,86.75,86.75,86.75,86.75,0.0,0.0
10.0,8.0,86.75,86.75,86.75,86.75,0.0,0.0
10.0,5.0,86.75,86.75,86.75,86.75,0.0,0.0
10.0,4.0,86.75,86.75,86.75,86.75,0.0,0.0
10.0,3.0,86.75,86.75,86.75,86.75,0.0,0.0
10.0,2.0,86.75,86.75,86.75,86.75,0.0,0.0
10.0,1.0,86.75,86.75,86.75,86.75,0.0,0.0
9.0,28.0,86.75,86.75,86.75,86.75,0.0,0.0
9.0,27.0,86.75,86.75,86.75,86.75,0.0,0.0
9.0,26.0,86.75,86.75,86.75,86.75,0.0,0.0
9.0,25.0,86.75,86.75,86.75,86.75,0.0,0.0
9.0,24.0,86.75,86.75,86.75,86.75,0.0,0.0
9.0,21.0,86.75,86.75,86.75,86.75,0.0,0.0
9.0,20.0,86.75,86.75,86.75,86.75,0.0,0.0
9.0,19.0,86.75,86.75,86.75,86.75,0.0,0.0
9.0,18.0,86.75,86.75,86.75,86.75,0.0,0.0
9.0,17.0,86.75,86.75,86.75,86.75,0.0,0.0
9.0,14.0,86.75,86.75,86.75,86.75,0.0,0.0
9.0,13.0,86.75,86.75,86.75,86.75,0.0,0.0
9.0,12.0,86.75,86.75,86.75,86.75,0.0,0.0
9.0,11.0,86.75,86.75,86.75,86.75,0.0,0.0
9.0,10.0,86.75,86.75,86.75,86.75,0.0,0.0
9.0,7.0,86.75,86.75,86.75,86.75,0.0,0.0
9.0,6.0,86.75,86.75,86.75,86.75,1200.0,0.0
9.0,5.0,92.129997,92.129997,92.129997,92.129997,0.0,0.0
9.0,4.0,92.129997,92.129997,92.129997,92.129997,0.0,0.0
8.0,31.0,92.129997,92.129997,92.129997,92.129997,0.0,0.0
8.0,30.0,92.129997,92.129997,92.129997,92.129997,0.0,0.0
8.0,29.0,92.129997,92.129997,92.129997,92.129997,0.0,0.0
8.0,28.0,90.800003,92.129997,90.800003,92.129997,1600.0,1.3299939999999992
8.0,27.0,89.949997,89.949997,89.949997,89.949997,800.0,0.0
8.0,24.0,89.5,89.5,89.5,89.5,0.0,0.0
8.0,23.0,89.5,89.5,89.5,89.5,0.0,0.0
8.0,22.0,89.449997,89.5,89.449997,89.5,1200.0,0.050003000000003794
8.0,21.0,88.300003,88.300003,88.300003,88.300003,0.0,0.0
8.0,20.0,88.300003,88.300003,88.300003,88.300003,400.0,0.0
8.0,17.0,82.949997,82.949997,82.949997,82.949997,0.0,0.0
8.0,16.0,82.949997,82.949997,82.949997,82.949997,0.0,0.0
8.0,15.0,82.949997,82.949997,82.949997,82.949997,0.0,0.0
8.0,14.0,82.949997,82.949997,82.949997,82.949997,0.0,0.0
8.0,13.0,82.949997,82.949997,82.949997,82.949997,0.0,0.0
8.0,10.0,82.949997,82.949997,82.949997,82.949997,0.0,0.0
8.0,9.0,82.949997,82.949997,82.949997,82.949997,0.0,0.0
8.0,8.0,82.949997,82.949997,82.949997,82.949997,0.0,0.0
8.0,7.0,82.349998,82.949997,82.349998,82.949997,1600.0,0.5999989999999968
8.0,6.0,78.650002,78.650002,78.650002,78.650002,0.0,0.0
8.0,3.0,78.650002,78.650002,78.650002,78.650002,0.0,0.0
8.0,2.0,78.650002,78.650002,78.650002,78.650002,0.0,0.0
8.0,1.0,78.650002,78.650002,78.650002,78.650002,0.0,0.0
7.0,31.0,78.650002,78.650002,78.650002,78.650002,0.0,0.0
7.0,30.0,78.650002,78.650002,78.650002,78.650002,0.0,0.0
7.0,27.0,78.650002,78.650002,78.650002,78.650002,0.0,0.0
7.0,26.0,78.650002,78.650002,78.650002,78.650002,2000.0,0.0
7.0,25.0,79.800003,79.800003,79.800003,79.800003,2000.0,0.0
7.0,24.0,83.0,83.0,83.0,83.0,0.0,0.0
7.0,23.0,83.0,83.0,83.0,83.0,0.0,0.0
7.0,20.0,83.0,83.0,83.0,83.0,0.0,0.0
7.0,19.0,83.0,83.0,83.0,83.0,0.0,0.0
7.0,18.0,83.0,83.0,83.0,83.0,0.0,0.0
7.0,17.0,83.0,83.0,83.0,83.0,800.0,0.0
7.0,16.0,78.0,78.0,78.0,78.0,0.0,0.0
7.0,13.0,78.0,78.0,78.0,78.0,0.0,0.0
7.0,12.0,78.0,78.0,78.0,78.0,0.0,0.0
7.0,11.0,78.0,78.0,78.0,78.0,0.0,0.0
7.0,10.0,78.0,78.0,78.0,78.0,0.0,0.0
7.0,9.0,78.0,78.0,78.0,78.0,0.0,0.0
7.0,6.0,78.0,78.0,78.0,78.0,0.0,0.0
7.0,5.0,78.0,78.0,78.0,78.0,0.0,0.0
7.0,3.0,78.0,78.0,78.0,78.0,0.0,0.0
7.0,2.0,78.0,78.0,78.0,78.0,0.0,0.0
6.0,29.0,78.0,78.0,78.0,78.0,0.0,0.0
6.0,28.0,78.0,78.0,78.0,78.0,0.0,0.0
6.0,27.0,78.0,78.0,78.0,78.0,0.0,0.0
6.0,26.0,78.0,78.0,78.0,78.0,0.0,0.0
6.0,25.0,78.0,78.0,78.0,78.0,0.0,0.0
6.0,22.0,78.0,78.0,78.0,78.0,400.0,0.0
6.0,21.0,77.400002,77.400002,77.400002,77.400002,400.0,0.0
6.0,20.0,72.0,72.0,72.0,72.0,0.0,0.0
6.0,19.0,72.0,72.0,72.0,72.0,0.0,0.0
6.0,18.0,72.0,72.0,72.0,72.0,0.0,0.0
6.0,15.0,72.0,72.0,72.0,72.0,0.0,0.0
6.0,14.0,72.0,72.0,72.0,72.0,800.0,0.0
6.0,13.0,72.650002,72.650002,72.650002,72.650002,800.0,0.0
6.0,12.0,74.949997,74.949997,74.949997,74.949997,0.0,0.0
6.0,11.0,74.949997,74.949997,74.949997,74.949997,0.0,0.0
6.0,8.0,74.949997,74.949997,74.949997,74.949997,0.0,0.0
6.0,7.0,74.849998,74.949997,74.849998,74.949997,8000.0,0.09999899999999684
6.0,6.0,70.300003,70.300003,70.300003,70.300003,0.0,0.0
6.0,5.0,70.300003,70.300003,70.300003,70.300003,0.0,0.0
6.0,4.0,70.300003,70.300003,70.300003,70.300003,0.0,0.0
6.0,1.0,70.300003,70.300003,70.300003,70.300003,0.0,0.0
5.0,31.0,70.300003,70.300003,70.300003,70.300003,0.0,0.0
5.0,30.0,70.300003,70.300003,70.300003,70.300003,800.0,0.0
5.0,29.0,74.599998,74.599998,74.599998,74.599998,0.0,0.0
5.0,25.0,74.599998,74.599998,74.599998,74.599998,0.0,0.0
5.0,24.0,74.599998,74.599998,74.599998,74.599998,0.0,0.0
5.0,23.0,74.599998,74.599998,74.599998,74.599998,0.0,0.0
5.0,22.0,74.599998,74.599998,74.599998,74.599998,1600.0,0.0
5.0,21.0,77.550003,77.550003,77.550003,77.550003,0.0,0.0
5.0,18.0,77.550003,77.550003,77.550003,77.550003,0.0,0.0
5.0,17.0,77.550003,77.550003,77.550003,77.550003,0.0,0.0
5.0,16.0,77.550003,77.550003,77.550003,77.550003,0.0,0.0
5.0,15.0,77.550003,77.550003,77.550003,77.550003,0.0,0.0
5.0,14.0,77.550003,77.550003,77.550003,77.550003,800.0,0.0
5.0,11.0,82.0,82.0,82.0,82.0,0.0,0.0
5.0,10.0,84.599998,84.599998,82.0,82.0,7200.0,-2.5999979999999994
5.0,9.0,85.099998,85.099998,85.099998,85.099998,400.0,0.0
5.0,8.0,88.949997,88.949997,88.949997,88.949997,0.0,0.0
5.0,7.0,88.949997,88.949997,88.949997,88.949997,0.0,0.0
5.0,4.0,88.949997,88.949997,88.949997,88.949997,0.0,0.0
5.0,3.0,88.949997,88.949997,88.949997,88.949997,400.0,0.0
5.0,2.0,89.949997,89.949997,89.949997,89.949997,0.0,0.0
5.0,1.0,89.949997,89.949997,89.949997,89.949997,0.0,0.0
4.0,30.0,89.949997,89.949997,89.949997,89.949997,0.0,0.0
4.0,27.0,89.949997,89.949997,89.949997,89.949997,0.0,0.0
4.0,26.0,89.949997,89.949997,89.949997,89.949997,0.0,0.0
4.0,25.0,89.949997,89.949997,89.949997,89.949997,2800.0,0.0
4.0,24.0,88.949997,88.949997,88.949997,88.949997,0.0,0.0
4.0,23.0,88.949997,88.949997,88.949997,88.949997,0.0,0.0
4.0,20.0,88.949997,88.949997,88.949997,88.949997,0.0,0.0
4.0,19.0,88.949997,88.949997,88.949997,88.949997,0.0,0.0
4.0,18.0,88.949997,88.949997,88.949997,88.949997,0.0,0.0
4.0,17.0,88.949997,88.949997,88.949997,88.949997,0.0,0.0
4.0,16.0,88.949997,88.949997,88.949997,88.949997,0.0,0.0
4.0,13.0,88.949997,88.949997,88.949997,88.949997,0.0,0.0
4.0,12.0,88.949997,88.949997,88.949997,88.949997,0.0,0.0
4.0,11.0,88.949997,88.949997,88.949997,88.949997,0.0,0.0
4.0,10.0,88.949997,88.949997,88.949997,88.949997,800.0,0.0
4.0,9.0,94.050003,94.050003,94.050003,94.050003,0.0,0.0
4.0,5.0,94.050003,94.050003,94.050003,94.050003,0.0,0.0
4.0,4.0,94.050003,94.050003,94.050003,94.050003,0.0,0.0
4.0,3.0,94.050003,94.050003,94.050003,94.050003,0.0,0.0
4.0,2.0,94.050003,94.050003,94.050003,94.050003,0.0,0.0
3.0,30.0,94.050003,94.050003,94.050003,94.050003,0.0,0.0
3.0,29.0,94.050003,94.050003,94.050003,94.050003,0.0,0.0
3.0,28.0,94.050003,94.050003,94.050003,94.050003,0.0,0.0
3.0,27.0,94.050003,94.050003,94.050003,94.050003,0.0,0.0
3.0,26.0,94.050003,94.050003,94.050003,94.050003,0.0,0.0
3.0,23.0,94.050003,94.050003,94.050003,94.050003,0.0,0.0
3.0,22.0,94.050003,94.050003,94.050003,94.050003,0.0,0.0
3.0,21.0,94.050003,94.050003,94.050003,94.050003,0.0,0.0
3.0,20.0,94.050003,94.050003,94.050003,94.050003,0.0,0.0
3.0,19.0,94.050003,94.050003,94.050003,94.050003,0.0,0.0
3.0,16.0,94.050003,94.050003,94.050003,94.050003,0.0,0.0
3.0,15.0,94.050003,94.050003,94.050003,94.050003,0.0,0.0
3.0,14.0,94.050003,94.050003,94.050003,94.050003,0.0,0.0
3.0,13.0,94.050003,94.050003,94.050003,94.050003,0.0,0.0
3.0,12.0,94.050003,94.050003,94.050003,94.050003,0.0,0.0
3.0,9.0,94.050003,94.050003,94.050003,94.050003,0.0,0.0
3.0,8.0,94.050003,94.050003,94.050003,94.050003,0.0,0.0
3.0,7.0,94.050003,94.050003,94.050003,94.050003,0.0,0.0
3.0,6.0,94.050003,94.050003,94.050003,94.050003,0.0,0.0
3.0,5.0,94.050003,94.050003,94.050003,94.050003,0.0,0.0
3.0,2.0,94.050003,94.050003,94.050003,94.050003,0.0,0.0
3.0,1.0,94.050003,94.050003,94.050003,94.050003,0.0,0.0
2.0,29.0,94.050003,94.050003,94.050003,94.050003,0.0,0.0
2.0,28.0,94.050003,94.050003,94.050003,94.050003,0.0,0.0
2.0,27.0,94.050003,94.050003,94.050003,94.050003,0.0,0.0
2.0,24.0,94.050003,94.050003,94.050003,94.050003,0.0,0.0
2.0,23.0,94.050003,94.050003,94.050003,94.050003,0.0,0.0
2.0,22.0,94.050003,94.050003,94.050003,94.050003,0.0,0.0
2.0,21.0,94.050003,94.050003,94.050003,94.050003,0.0,0.0
2.0,17.0,94.050003,94.050003,94.050003,94.050003,0.0,0.0
2.0,16.0,94.050003,94.050003,94.050003,94.050003,0.0,0.0
2.0,15.0,94.050003,94.050003,94.050003,94.050003,0.0,0.0
2.0,14.0,94.050003,94.050003,94.050003,94.050003,0.0,0.0
2.0,13.0,94.050003,94.050003,94.050003,94.050003,0.0,0.0
2.0,10.0,94.050003,94.050003,94.050003,94.050003,0.0,0.0
2.0,9.0,94.050003,94.050003,94.050003,94.050003,0.0,0.0
2.0,8.0,94.050003,94.050003,94.050003,94.050003,0.0,0.0
2.0,7.0,94.050003,94.050003,94.050003,94.050003,0.0,0.0
2.0,6.0,94.050003,94.050003,94.050003,94.050003,0.0,0.0
2.0,3.0,94.050003,94.050003,94.050003,94.050003,800.0,0.0
2.0,2.0,95.32,95.32,95.32,95.32,0.0,0.0
2.0,1.0,95.32,95.32,95.32,95.32,0.0,0.0
1.0,31.0,95.32,95.32,95.32,95.32,800.0,0.0
1.0,30.0,94.800003,94.800003,94.800003,94.800003,800.0,0.0
1.0,27.0,92.400002,92.400002,92.400002,92.400002,0.0,0.0
1.0,26.0,92.400002,92.400002,92.400002,92.400002,0.0,0.0
1.0,25.0,92.400002,92.400002,92.400002,92.400002,0.0,0.0
1.0,24.0,92.400002,92.400002,92.400002,92.400002,800.0,0.0
1.0,23.0,94.18,94.18,94.18,94.18,0.0,0.0
1.0,20.0,94.18,94.18,94.18,94.18,0.0,0.0
1.0,19.0,94.18,94.18,94.18,94.18,400.0,0.0
1.0,18.0,92.800003,92.800003,92.800003,92.800003,400.0,0.0
1.0,17.0,91.050003,91.050003,91.050003,91.050003,0.0,0.0
1.0,13.0,91.050003,91.050003,91.050003,91.050003,0.0,0.0
1.0,12.0,91.050003,91.050003,91.050003,91.050003,0.0,0.0
1.0,11.0,91.050003,91.050003,91.050003,91.050003,0.0,0.0
1.0,10.0,91.050003,91.050003,91.050003,91.050003,0.0,0.0
1.0,9.0,91.099998,91.099998,91.050003,91.050003,800.0,-0.04999499999999557
1.0,6.0,97.0,97.0,97.0,97.0,0.0,0.0
1.0,5.0,97.0,97.0,97.0,97.0,0.0,0.0
1.0,4.0,97.0,97.0,97.0,97.0,0.0,0.0
1.0,3.0,97.0,97.0,97.0,97.0,0.0,0.0
12.0,30.0,97.0,97.0,97.0,97.0,0.0,0.0
12.0,29.0,97.0,97.0,97.0,97.0,0.0,0.0
12.0,28.0,97.0,97.0,97.0,97.0,0.0,0.0
12.0,27.0,97.0,97.0,97.0,97.0,0.0,0.0
12.0,23.0,97.0,97.0,97.0,97.0,0.0,0.0
12.0,22.0,97.0,97.0,97.0,97.0,0.0,0.0
12.0,21.0,97.0,97.0,97.0,97.0,0.0,0.0
12.0,20.0,97.0,97.0,97.0,97.0,0.0,0.0
12.0,19.0,97.0,97.0,97.0,97.0,0.0,0.0
12.0,16.0,97.0,97.0,97.0,97.0,0.0,0.0
12.0,15.0,97.0,97.0,97.0,97.0,0.0,0.0
12.0,14.0,97.0,97.0,97.0,97.0,0.0,0.0
12.0,13.0,97.0,97.0,97.0,97.0,0.0,0.0
12.0,12.0,97.0,97.0,97.0,97.0,0.0,0.0
12.0,9.0,97.0,97.0,97.0,97.0,0.0,0.0
12.0,8.0,97.0,97.0,97.0,97.0,0.0,0.0
12.0,7.0,97.0,97.0,97.0,97.0,0.0,0.0
12.0,6.0,97.0,97.0,97.0,97.0,0.0,0.0
12.0,5.0,97.0,97.0,97.0,97.0,0.0,0.0
12.0,2.0,97.0,97.0,97.0,97.0,0.0,0.0
12.0,1.0,97.0,97.0,97.0,97.0,0.0,0.0
11.0,30.0,97.0,97.0,97.0,97.0,3200.0,0.0
11.0,29.0,99.0,99.0,99.0,99.0,0.0,0.0
11.0,28.0,99.0,99.0,99.0,99.0,0.0,0.0
11.0,25.0,99.0,99.0,99.0,99.0,0.0,0.0
11.0,23.0,99.0,99.0,99.0,99.0,0.0,0.0
11.0,22.0,99.0,99.0,99.0,99.0,0.0,0.0
11.0,21.0,99.0,99.0,99.0,99.0,0.0,0.0
11.0,18.0,99.0,99.0,99.0,99.0,0.0,0.0
11.0,17.0,99.0,99.0,99.0,99.0,0.0,0.0
11.0,16.0,99.0,99.0,99.0,99.0,0.0,0.0
11.0,15.0,99.0,99.0,99.0,99.0,0.0,0.0
11.0,14.0,98.550003,99.0,98.300003,99.0,13600.0,0.4499969999999962
11.0,11.0,92.019997,92.019997,92.019997,92.019997,0.0,0.0
11.0,10.0,92.019997,92.019997,92.019997,92.019997,0.0,0.0
11.0,9.0,92.019997,92.019997,92.019997,92.019997,800.0,0.0
11.0,8.0,97.480003,97.480003,97.480003,97.480003,0.0,0.0
11.0,7.0,97.480003,97.480003,97.480003,97.480003,0.0,0.0
11.0,4.0,97.480003,97.480003,97.480003,97.480003,800.0,0.0
11.0,3.0,107.5,107.5,107.5,107.5,0.0,0.0
11.0,2.0,107.5,107.5,107.5,107.5,0.0,0.0
11.0,1.0,107.5,107.5,107.5,107.5,0.0,0.0
10.0,31.0,107.5,107.5,107.5,107.5,0.0,0.0
10.0,28.0,107.5,107.5,107.5,107.5,800.0,0.0
10.0,27.0,102.400002,102.400002,102.400002,102.400002,800.0,0.0
10.0,26.0,98.800003,98.800003,98.5,98.5,2000.0,-0.3000030000000038
10.0,25.0,100.75,100.75,100.75,100.75,0.0,0.0
10.0,24.0,100.75,100.75,100.75,100.75,0.0,0.0
10.0,21.0,100.75,100.75,100.75,100.75,0.0,0.0
10.0,20.0,100.75,100.75,100.75,100.75,0.0,0.0
10.0,19.0,100.75,100.75,100.75,100.75,0.0,0.0
10.0,18.0,100.75,100.75,100.75,100.75,0.0,0.0
10.0,17.0,100.75,100.75,100.75,100.75,0.0,0.0
10.0,14.0,100.75,100.75,100.75,100.75,0.0,0.0
10.0,13.0,100.75,100.75,100.75,100.75,0.0,0.0
10.0,12.0,100.75,100.75,100.75,100.75,0.0,0.0
10.0,11.0,100.75,100.75,100.75,100.75,0.0,0.0
10.0,10.0,100.75,100.75,100.75,100.75,0.0,0.0
10.0,7.0,100.75,100.75,100.75,100.75,0.0,0.0
10.0,6.0,100.75,100.75,100.75,100.75,0.0,0.0
10.0,5.0,100.75,100.75,100.75,100.75,0.0,0.0
10.0,4.0,100.75,100.75,100.75,100.75,0.0,0.0
10.0,3.0,100.75,100.75,100.75,100.75,0.0,0.0
9.0,30.0,100.75,100.75,100.75,100.75,0.0,0.0
9.0,29.0,100.75,100.75,100.75,100.75,0.0,0.0
9.0,28.0,100.75,100.75,100.75,100.75,0.0,0.0
9.0,27.0,100.75,100.75,100.75,100.75,0.0,0.0
9.0,26.0,100.75,100.75,100.75,100.75,400.0,0.0
9.0,23.0,104.75,104.75,104.75,104.75,0.0,0.0
9.0,22.0,104.75,104.75,104.75,104.75,0.0,0.0
9.0,21.0,104.75,104.75,104.75,104.75,0.0,0.0
9.0,20.0,104.75,104.75,104.75,104.75,0.0,0.0
9.0,19.0,104.75,104.75,104.75,104.75,0.0,0.0
9.0,16.0,104.75,104.75,104.75,104.75,0.0,0.0
9.0,15.0,104.75,104.75,104.75,104.75,0.0,0.0
9.0,14.0,104.75,104.75,104.75,104.75,0.0,0.0
9.0,13.0,104.75,104.75,104.75,104.75,0.0,0.0
9.0,12.0,104.75,104.75,104.75,104.75,0.0,0.0
9.0,9.0,104.75,104.75,104.75,104.75,0.0,0.0
9.0,8.0,104.75,104.75,104.75,104.75,0.0,0.0
9.0,7.0,104.75,104.75,104.75,104.75,0.0,0.0
9.0,6.0,104.75,104.75,104.75,104.75,0.0,0.0
9.0,2.0,104.75,104.75,104.75,104.75,0.0,0.0
9.0,1.0,104.75,104.75,104.75,104.75,0.0,0.0
8.0,31.0,104.75,104.75,104.75,104.75,27200.0,0.0
8.0,30.0,104.029999,104.5,104.0,104.5,8400.0,0.47000099999999634
8.0,29.0,104.209999,104.5,104.0,104.5,5200.0,0.29000100000000373
8.0,26.0,103.0,104.0,103.0,103.059998,20800.0,0.05999799999999311
8.0,25.0,103.5,103.5,103.5,103.5,0.0,0.0
8.0,24.0,102.25,103.5,102.25,103.5,1200.0,1.25
8.0,23.0,104.0,104.75,104.0,104.5,24000.0,0.5
8.0,22.0,102.25,102.25,102.25,102.25,0.0,0.0
8.0,19.0,102.25,102.25,102.25,102.25,0.0,0.0
8.0,18.0,102.25,102.25,102.25,102.25,800.0,0.0
8.0,17.0,106.360001,106.360001,106.360001,106.360001,0.0,0.0
8.0,16.0,106.5,106.5,106.360001,106.360001,3600.0,-0.1399990000000031
8.0,15.0,104.0,104.0,104.0,104.0,0.0,0.0
8.0,12.0,104.0,104.25,104.0,104.0,20400.0,0.0
8.0,11.0,100.75,101.199997,100.75,101.199997,2800.0,0.4499969999999962
8.0,10.0,102.419998,102.419998,102.419998,102.419998,0.0,0.0
8.0,9.0,102.419998,102.419998,102.419998,102.419998,0.0,0.0
8.0,8.0,103.5,103.5,102.419998,102.419998,1200.0,-1.0800019999999932
8.0,5.0,105.489998,105.489998,104.75,104.75,2400.0,-0.7399979999999999
8.0,4.0,112.0,112.0,112.0,112.0,0.0,0.0
8.0,3.0,112.0,112.0,112.0,112.0,0.0,0.0
8.0,2.0,112.0,112.0,112.0,112.0,0.0,0.0
8.0,1.0,112.0,112.0,112.0,112.0,0.0,0.0
7.0,29.0,112.0,112.0,112.0,112.0,1600.0,0.0
7.0,28.0,114.809998,114.809998,114.809998,114.809998,0.0,0.0
7.0,27.0,114.809998,114.809998,114.809998,114.809998,800.0,0.0
7.0,26.0,115.0,115.0,115.0,115.0,0.0,0.0
7.0,25.0,115.0,115.0,115.0,115.0,0.0,0.0
7.0,22.0,115.0,115.0,115.0,115.0,800.0,0.0
7.0,21.0,113.25,113.25,113.25,113.25,0.0,0.0
7.0,20.0,113.25,113.25,113.25,113.25,400.0,0.0
7.0,19.0,113.0,113.0,113.0,113.0,1200.0,0.0
7.0,18.0,111.410004,111.410004,111.410004,111.410004,400.0,0.0
7.0,15.0,111.610001,111.610001,111.610001,111.610001,0.0,0.0
7.0,14.0,111.610001,111.610001,111.610001,111.610001,400.0,0.0
7.0,13.0,109.0,109.0,109.0,109.0,0.0,0.0
7.0,12.0,109.0,109.0,109.0,109.0,0.0,0.0
7.0,11.0,109.0,109.0,109.0,109.0,800.0,0.0
7.0,8.0,108.900002,108.900002,108.900002,108.900002,800.0,0.0
7.0,7.0,109.860001,109.860001,109.860001,109.860001,10800.0,0.0
7.0,6.0,108.75,108.75,108.75,108.75,0.0,0.0
7.0,5.0,108.75,108.75,108.75,108.75,800.0,0.0
7.0,1.0,107.349998,107.349998,107.349998,107.349998,0.0,0.0
6.0,30.0,107.349998,107.349998,107.349998,107.349998,800.0,0.0
6.0,29.0,105.25,105.25,105.25,105.25,0.0,0.0
6.0,28.0,105.239998,105.25,105.239998,105.25,1200.0,0.010002000000000066
6.0,27.0,105.0,105.0,105.0,105.0,0.0,0.0
6.0,24.0,105.0,105.0,105.0,105.0,0.0,0.0
6.0,23.0,105.0,105.0,105.0,105.0,0.0,0.0
6.0,22.0,105.0,105.0,105.0,105.0,0.0,0.0
6.0,21.0,105.0,105.0,105.0,105.0,0.0,0.0
6.0,20.0,105.0,105.0,105.0,105.0,0.0,0.0
6.0,17.0,105.0,105.0,105.0,105.0,0.0,0.0
6.0,16.0,105.0,105.0,105.0,105.0,800.0,0.0
6.0,15.0,107.910004,107.910004,107.910004,107.910004,0.0,0.0
6.0,14.0,107.910004,107.910004,107.910004,107.910004,0.0,0.0
6.0,13.0,107.910004,107.910004,107.910004,107.910004,0.0,0.0
6.0,10.0,107.910004,107.910004,107.910004,107.910004,800.0,0.0
6.0,9.0,109.5,109.5,109.5,109.5,0.0,0.0
6.0,8.0,109.5,109.5,109.5,109.5,400.0,0.0
6.0,7.0,111.419998,111.419998,111.419998,111.419998,0.0,0.0
6.0,6.0,111.419998,111.419998,111.419998,111.419998,0.0,0.0
6.0,3.0,111.419998,111.419998,111.419998,111.419998,0.0,0.0
6.0,2.0,111.419998,111.419998,111.419998,111.419998,0.0,0.0
6.0,1.0,111.419998,111.419998,111.419998,111.419998,0.0,0.0
5.0,31.0,111.419998,111.419998,111.419998,111.419998,0.0,0.0
5.0,27.0,111.419998,111.419998,111.419998,111.419998,800.0,0.0
5.0,26.0,108.150002,108.150002,108.150002,108.150002,0.0,0.0
5.0,25.0,108.150002,108.150002,108.150002,108.150002,0.0,0.0
5.0,24.0,108.150002,108.150002,108.150002,108.150002,0.0,0.0
5.0,23.0,108.150002,108.150002,108.150002,108.150002,0.0,0.0
5.0,20.0,108.150002,108.150002,108.150002,108.150002,800.0,0.0
5.0,19.0,113.75,113.75,113.75,113.75,0.0,0.0
5.0,18.0,113.75,113.75,113.75,113.75,0.0,0.0
5.0,17.0,113.75,113.75,113.75,113.75,0.0,0.0
5.0,16.0,113.75,113.75,113.75,113.75,0.0,0.0
5.0,13.0,113.75,113.75,113.75,113.75,0.0,0.0
5.0,12.0,113.75,113.75,113.75,113.75,0.0,0.0
5.0,11.0,113.75,113.75,113.75,113.75,0.0,0.0
5.0,10.0,113.75,113.75,113.75,113.75,800.0,0.0
5.0,9.0,111.75,111.75,111.75,111.75,0.0,0.0
5.0,6.0,111.75,111.75,111.75,111.75,0.0,0.0
5.0,5.0,111.75,111.75,111.75,111.75,0.0,0.0
5.0,4.0,111.75,111.75,111.75,111.75,0.0,0.0
5.0,3.0,111.75,111.75,111.75,111.75,0.0,0.0
5.0,2.0,111.75,111.75,111.75,111.75,1600.0,0.0
4.0,29.0,110.730003,110.730003,110.730003,110.730003,800.0,0.0
4.0,28.0,109.0,109.0,109.0,109.0,0.0,0.0
4.0,27.0,109.0,109.0,109.0,109.0,0.0,0.0
4.0,26.0,109.0,109.0,109.0,109.0,0.0,0.0
4.0,25.0,109.0,109.0,109.0,109.0,0.0,0.0
4.0,21.0,109.0,109.0,109.0,109.0,1200.0,0.0
4.0,20.0,104.620003,104.620003,104.620003,104.620003,0.0,0.0
4.0,19.0,104.620003,104.620003,104.620003,104.620003,0.0,0.0
4.0,18.0,104.620003,104.620003,104.620003,104.620003,800.0,0.0
4.0,15.0,103.5,103.5,103.5,103.5,0.0,0.0
4.0,14.0,103.5,103.5,103.5,103.5,0.0,0.0
4.0,13.0,103.5,103.5,103.5,103.5,800.0,0.0
4.0,12.0,102.940002,102.940002,102.940002,102.940002,800.0,0.0
4.0,11.0,103.949997,103.949997,103.949997,103.949997,0.0,0.0
4.0,8.0,103.949997,103.949997,103.949997,103.949997,800.0,0.0
4.0,7.0,106.25,106.25,106.25,106.25,0.0,0.0
4.0,6.0,106.25,106.25,106.25,106.25,0.0,0.0
4.0,5.0,106.25,106.25,106.25,106.25,0.0,0.0
4.0,4.0,106.25,106.25,106.25,106.25,0.0,0.0
4.0,1.0,106.25,106.25,106.25,106.25,0.0,0.0
3.0,31.0,106.25,106.25,106.25,106.25,0.0,0.0
3.0,30.0,106.25,106.25,106.25,106.25,800.0,0.0
3.0,29.0,94.0,94.0,94.0,94.0,0.0,0.0
3.0,28.0,94.0,94.0,94.0,94.0,0.0,0.0
3.0,25.0,94.0,94.0,94.0,94.0,0.0,0.0
3.0,24.0,94.0,94.0,94.0,94.0,0.0,0.0
3.0,23.0,94.0,94.0,94.0,94.0,0.0,0.0
3.0,22.0,94.0,94.0,94.0,94.0,0.0,0.0
3.0,21.0,94.0,94.0,94.0,94.0,0.0,0.0
3.0,18.0,94.0,94.0,94.0,94.0,0.0,0.0
3.0,17.0,94.0,94.0,94.0,94.0,0.0,0.0
3.0,16.0,94.0,94.0,94.0,94.0,0.0,0.0
3.0,15.0,94.0,94.0,94.0,94.0,400.0,0.0
3.0,14.0,108.07,108.07,108.07,108.07,0.0,0.0
3.0,11.0,108.07,108.07,108.07,108.07,0.0,0.0
3.0,10.0,108.07,108.07,108.07,108.07,0.0,0.0
3.0,9.0,108.07,108.07,108.07,108.07,0.0,0.0
3.0,8.0,108.07,108.07,108.07,108.07,0.0,0.0
3.0,7.0,108.07,108.07,108.07,108.07,800.0,0.0
3.0,4.0,110.169998,110.169998,110.169998,110.169998,800.0,0.0
3.0,3.0,109.0,109.0,109.0,109.0,400.0,0.0
3.0,2.0,105.0,105.0,105.0,105.0,0.0,0.0
3.0,1.0,105.0,105.0,105.0,105.0,0.0,0.0
2.0,28.0,105.0,105.0,105.0,105.0,0.0,0.0
2.0,25.0,105.0,105.0,105.0,105.0,0.0,0.0
2.0,24.0,105.0,105.0,105.0,105.0,1200.0,0.0
2.0,23.0,103.949997,103.949997,103.949997,103.949997,0.0,0.0
2.0,22.0,103.949997,103.949997,103.949997,103.949997,0.0,0.0
2.0,18.0,103.949997,103.949997,103.949997,103.949997,0.0,0.0
2.0,17.0,103.949997,103.949997,103.949997,103.949997,0.0,0.0
2.0,16.0,103.949997,103.949997,103.949997,103.949997,0.0,0.0
2.0,15.0,103.949997,103.949997,103.949997,103.949997,400.0,0.0
2.0,14.0,103.910004,103.910004,103.910004,103.910004,0.0,0.0
2.0,11.0,103.910004,103.910004,103.910004,103.910004,0.0,0.0
2.0,10.0,103.910004,103.910004,103.910004,103.910004,0.0,0.0
2.0,9.0,103.910004,103.910004,103.910004,103.910004,0.0,0.0
2.0,8.0,103.910004,103.910004,103.910004,103.910004,0.0,0.0
2.0,7.0,103.910004,103.910004,103.910004,103.910004,0.0,0.0
2.0,4.0,103.910004,103.910004,103.910004,103.910004,0.0,0.0
2.0,3.0,103.910004,103.910004,103.910004,103.910004,0.0,0.0
2.0,2.0,103.910004,103.910004,103.910004,103.910004,0.0,0.0
2.0,1.0,103.910004,103.910004,103.910004,103.910004,0.0,0.0
1.0,31.0,103.910004,103.910004,103.910004,103.910004,400.0,0.0
1.0,28.0,103.339996,103.339996,103.120003,103.120003,6800.0,-0.21999300000000233
1.0,27.0,106.5,107.400002,106.25,106.5,44400.0,0.0
1.0,26.0,107.5,107.5,107.5,107.5,0.0,0.0
1.0,25.0,107.5,107.5,107.5,107.5,0.0,0.0
1.0,24.0,107.5,107.5,107.5,107.5,0.0,0.0
1.0,21.0,107.5,107.5,107.5,107.5,800.0,0.0
1.0,20.0,113.0,113.0,113.0,113.0,0.0,0.0
1.0,19.0,113.0,113.0,113.0,113.0,0.0,0.0
1.0,18.0,113.0,113.0,113.0,113.0,0.0,0.0
1.0,14.0,113.0,113.0,113.0,113.0,0.0,0.0
1.0,13.0,113.0,113.0,113.0,113.0,0.0,0.0
1.0,12.0,113.0,113.0,113.0,113.0,0.0,0.0
1.0,11.0,113.0,113.0,113.0,113.0,0.0,0.0
1.0,10.0,113.0,113.0,113.0,113.0,0.0,0.0
1.0,7.0,113.0,113.0,113.0,113.0,0.0,0.0
1.0,6.0,113.0,113.0,113.0,113.0,800.0,0.0
1.0,5.0,112.25,112.25,112.25,112.25,0.0,0.0
1.0,4.0,112.0,112.25,112.0,112.25,1200.0,0.25
1.0,3.0,112.059998,112.059998,112.059998,112.059998,0.0,0.0
12.0,31.0,112.059998,112.059998,112.059998,112.059998,0.0,0.0
12.0,30.0,112.059998,112.059998,112.059998,112.059998,0.0,0.0
12.0,29.0,112.059998,112.059998,112.059998,112.059998,1200.0,0.0
12.0,28.0,111.5,111.5,111.5,111.5,0.0,0.0
12.0,27.0,111.5,111.5,111.5,111.5,800.0,0.0
12.0,23.0,110.25,110.25,110.25,110.25,0.0,0.0
12.0,22.0,110.25,110.25,110.25,110.25,1200.0,0.0
12.0,21.0,108.730003,108.730003,108.730003,108.730003,0.0,0.0
12.0,20.0,108.730003,108.730003,108.730003,108.730003,800.0,0.0
12.0,17.0,109.75,109.75,109.75,109.75,0.0,0.0
12.0,16.0,109.75,109.75,109.75,109.75,0.0,0.0
12.0,15.0,109.75,109.75,109.75,109.75,0.0,0.0
12.0,14.0,109.75,109.75,109.75,109.75,0.0,0.0
12.0,13.0,109.75,109.75,109.75,109.75,0.0,0.0
12.0,10.0,109.75,109.75,109.75,109.75,0.0,0.0
12.0,9.0,109.75,109.75,109.75,109.75,800.0,0.0
12.0,8.0,107.5,107.5,107.5,107.5,0.0,0.0
12.0,7.0,107.5,107.5,107.5,107.5,0.0,0.0
12.0,6.0,107.5,107.5,107.5,107.5,0.0,0.0
12.0,3.0,107.5,107.5,107.5,107.5,0.0,0.0
12.0,2.0,107.5,107.5,107.5,107.5,0.0,0.0
12.0,1.0,107.5,107.5,107.5,107.5,0.0,0.0
11.0,30.0,107.5,107.5,107.5,107.5,0.0,0.0
11.0,29.0,107.25,107.5,107.25,107.5,2000.0,0.25
11.0,26.0,108.5,108.5,108.5,108.5,0.0,0.0
11.0,24.0,108.5,108.5,108.5,108.5,800.0,0.0
11.0,23.0,107.209999,107.209999,107.209999,107.209999,400.0,0.0
11.0,22.0,107.629997,107.629997,107.629997,107.629997,800.0,0.0
11.0,19.0,106.75,106.75,106.75,106.75,0.0,0.0
11.0,18.0,106.75,106.75,106.75,106.75,800.0,0.0
11.0,17.0,106.0,106.0,106.0,106.0,0.0,0.0
11.0,16.0,106.0,106.0,106.0,106.0,0.0,0.0
11.0,15.0,106.0,106.0,106.0,106.0,400.0,0.0
11.0,12.0,105.0,105.0,104.0,104.0,1200.0,-1.0
11.0,11.0,107.25,107.25,107.25,107.25,0.0,0.0
11.0,10.0,107.25,107.25,107.25,107.25,0.0,0.0
11.0,9.0,107.25,107.25,107.25,107.25,800.0,0.0
11.0,8.0,106.75,108.25,106.5,108.25,2000.0,1.5
11.0,5.0,103.25,103.25,103.25,103.25,0.0,0.0
11.0,4.0,103.25,103.25,103.25,103.25,0.0,0.0
11.0,3.0,103.25,103.25,103.25,103.25,800.0,0.0
11.0,2.0,103.25,103.25,103.25,103.25,1200.0,0.0
11.0,1.0,101.0,101.0,101.0,101.0,800.0,0.0
10.0,29.0,102.0,102.0,101.0,101.0,2000.0,-1.0
10.0,28.0,104.0,104.0,104.0,104.0,0.0,0.0
10.0,27.0,104.0,104.0,104.0,104.0,400.0,0.0
10.0,26.0,106.5,106.5,106.5,106.5,0.0,0.0
10.0,25.0,106.5,106.5,106.5,106.5,800.0,0.0
10.0,22.0,106.0,106.0,106.0,106.0,0.0,0.0
10.0,21.0,106.0,106.0,106.0,106.0,0.0,0.0
10.0,20.0,106.0,106.0,106.0,106.0,0.0,0.0
10.0,19.0,106.0,106.0,106.0,106.0,400.0,0.0
10.0,18.0,104.75,104.75,104.75,104.75,0.0,0.0
10.0,15.0,104.75,104.75,104.75,104.75,800.0,0.0
10.0,14.0,103.349998,103.349998,103.349998,103.349998,0.0,0.0
10.0,13.0,103.349998,103.349998,103.349998,103.349998,0.0,0.0
10.0,12.0,103.349998,103.349998,103.349998,103.349998,400.0,0.0
10.0,11.0,105.5,105.5,105.5,105.5,1200.0,0.0
10.0,8.0,105.0,105.0,105.0,105.0,1200.0,0.0
10.0,7.0,106.0,106.0,106.0,106.0,800.0,0.0
10.0,6.0,104.0,104.0,104.0,104.0,0.0,0.0
10.0,5.0,104.0,104.0,104.0,104.0,0.0,0.0
10.0,4.0,105.0,105.0,104.0,104.0,2800.0,-1.0
10.0,1.0,107.25,107.25,107.25,107.25,0.0,0.0
9.0,30.0,107.099998,107.25,107.099998,107.25,1200.0,0.15000200000000063
9.0,29.0,109.5,109.5,109.5,109.5,0.0,0.0
9.0,28.0,109.5,109.5,109.5,109.5,0.0,0.0
9.0,27.0,109.5,109.5,109.5,109.5,800.0,0.0
9.0,24.0,108.0,108.0,108.0,108.0,0.0,0.0
9.0,23.0,108.0,108.0,108.0,108.0,0.0,0.0
9.0,22.0,108.25,108.25,108.0,108.0,2400.0,-0.25
9.0,21.0,108.0,108.0,108.0,108.0,0.0,0.0
9.0,20.0,108.0,108.0,108.0,108.0,400.0,0.0
9.0,17.0,108.75,108.75,108.75,108.75,0.0,0.0
9.0,16.0,108.75,108.75,108.75,108.75,1600.0,0.0
9.0,15.0,107.25,107.25,107.25,107.25,0.0,0.0
9.0,14.0,107.25,107.25,107.25,107.25,0.0,0.0
9.0,13.0,107.25,107.25,107.25,107.25,19200.0,0.0
9.0,10.0,107.0,107.0,107.0,107.0,1200.0,0.0
9.0,9.0,107.230003,107.230003,107.230003,107.230003,0.0,0.0
9.0,8.0,107.230003,107.230003,107.230003,107.230003,0.0,0.0
9.0,7.0,107.230003,107.230003,107.230003,107.230003,800.0,0.0
9.0,3.0,103.349998,103.349998,103.349998,103.349998,0.0,0.0
9.0,2.0,103.349998,103.349998,103.349998,103.349998,800.0,0.0
9.0,1.0,101.699997,101.699997,101.699997,101.699997,800.0,0.0
8.0,31.0,99.440002,99.440002,99.440002,99.440002,0.0,0.0
8.0,30.0,99.440002,99.440002,99.440002,99.440002,0.0,0.0
8.0,27.0,99.440002,99.440002,99.440002,99.440002,0.0,0.0
8.0,26.0,99.440002,99.440002,99.440002,99.440002,0.0,0.0
8.0,25.0,99.440002,99.440002,99.440002,99.440002,0.0,0.0
8.0,24.0,100.0,100.0,99.440002,99.440002,3200.0,-0.5599979999999931
8.0,23.0,101.75,101.75,101.75,101.75,0.0,0.0
8.0,20.0,101.75,101.75,101.75,101.75,0.0,0.0
8.0,19.0,101.75,101.75,101.75,101.75,0.0,0.0
8.0,18.0,101.75,101.75,101.75,101.75,0.0,0.0
8.0,17.0,101.75,101.75,101.75,101.75,0.0,0.0
8.0,16.0,101.75,101.75,101.75,101.75,33200.0,0.0
8.0,13.0,102.190002,102.190002,102.190002,102.190002,0.0,0.0
8.0,12.0,102.190002,102.190002,102.190002,102.190002,0.0,0.0
8.0,11.0,102.190002,102.190002,102.190002,102.190002,0.0,0.0
8.0,10.0,102.190002,102.190002,102.190002,102.190002,0.0,0.0
8.0,9.0,102.190002,102.190002,102.190002,102.190002,0.0,0.0
8.0,6.0,102.190002,102.190002,102.190002,102.190002,0.0,0.0
8.0,5.0,102.190002,102.190002,102.190002,102.190002,0.0,0.0
8.0,4.0,102.190002,102.190002,102.190002,102.190002,0.0,0.0
8.0,3.0,102.190002,102.190002,102.190002,102.190002,0.0,0.0
8.0,2.0,102.190002,102.190002,102.190002,102.190002,0.0,0.0
7.0,30.0,102.190002,102.190002,102.190002,102.190002,0.0,0.0
7.0,29.0,102.190002,102.190002,102.190002,102.190002,0.0,0.0
7.0,28.0,102.190002,102.190002,102.190002,102.190002,0.0,0.0
7.0,27.0,102.190002,102.190002,102.190002,102.190002,168000.0,0.0
7.0,26.0,101.739998,101.739998,101.739998,101.739998,800.0,0.0
7.0,23.0,98.449997,98.449997,98.449997,98.449997,0.0,0.0
7.0,22.0,98.449997,98.449997,98.449997,98.449997,800.0,0.0
7.0,21.0,99.75,99.75,99.75,99.75,1600.0,0.0
7.0,20.0,100.75,100.75,100.75,100.75,0.0,0.0
7.0,19.0,100.75,100.75,100.75,100.75,0.0,0.0
7.0,16.0,100.75,100.75,100.75,100.75,0.0,0.0
7.0,15.0,100.75,100.75,100.75,100.75,0.0,0.0
7.0,14.0,100.75,100.75,100.75,100.75,0.0,0.0
7.0,13.0,100.75,100.75,100.75,100.75,800.0,0.0
7.0,12.0,99.900002,99.900002,99.900002,99.900002,0.0,0.0
7.0,9.0,99.949997,99.949997,99.900002,99.900002,4800.0,-0.04999499999999557
7.0,8.0,98.699997,98.699997,98.699997,98.699997,800.0,0.0
7.0,7.0,98.75,98.75,98.75,98.75,0.0,0.0
7.0,6.0,98.75,98.75,98.75,98.75,0.0,0.0
7.0,2.0,98.75,98.75,98.75,98.75,0.0,0.0
7.0,1.0,98.75,98.75,98.75,98.75,0.0,0.0
6.0,30.0,98.75,98.75,98.75,98.75,0.0,0.0
6.0,29.0,98.75,98.75,98.75,98.75,0.0,0.0
6.0,28.0,98.75,98.75,98.75,98.75,0.0,0.0
6.0,25.0,98.75,98.75,98.75,98.75,0.0,0.0
6.0,24.0,98.75,98.75,98.75,98.75,0.0,0.0
6.0,23.0,98.75,98.75,98.75,98.75,800.0,0.0
6.0,22.0,92.699997,92.699997,92.699997,92.699997,0.0,0.0
6.0,21.0,92.699997,92.699997,92.699997,92.699997,0.0,0.0
6.0,18.0,92.699997,92.699997,92.699997,92.699997,0.0,0.0
6.0,17.0,92.699997,92.699997,92.699997,92.699997,0.0,0.0
6.0,16.0,92.699997,92.699997,92.699997,92.699997,0.0,0.0
6.0,15.0,92.699997,92.699997,92.699997,92.699997,0.0,0.0
6.0,14.0,92.699997,92.699997,92.699997,92.699997,0.0,0.0
6.0,11.0,92.699997,92.699997,92.699997,92.699997,0.0,0.0
6.0,10.0,92.699997,92.699997,92.699997,92.699997,0.0,0.0
6.0,9.0,92.699997,92.699997,92.699997,92.699997,800.0,0.0
6.0,8.0,92.410004,92.410004,92.410004,92.410004,800.0,0.0
6.0,7.0,94.75,94.75,94.75,94.75,0.0,0.0
6.0,4.0,94.75,94.75,94.75,94.75,800.0,0.0
6.0,3.0,91.150002,91.150002,91.150002,91.150002,0.0,0.0
6.0,2.0,91.150002,91.150002,91.150002,91.150002,0.0,0.0
6.0,1.0,91.150002,91.150002,91.150002,91.150002,0.0,0.0
5.0,28.0,91.150002,91.150002,91.150002,91.150002,0.0,0.0
5.0,27.0,91.150002,91.150002,91.150002,91.150002,0.0,0.0
5.0,26.0,91.150002,91.150002,91.150002,91.150002,0.0,0.0
5.0,25.0,91.150002,91.150002,91.150002,91.150002,800.0,0.0
5.0,24.0,93.800003,93.800003,93.800003,93.800003,800.0,0.0
5.0,21.0,97.32,97.32,97.32,97.32,0.0,0.0
5.0,20.0,97.32,97.32,97.32,97.32,0.0,0.0
5.0,19.0,97.32,97.32,97.32,97.32,0.0,0.0
5.0,18.0,97.349998,97.349998,97.32,97.32,1200.0,-0.029998000000006186
5.0,17.0,100.419998,100.419998,100.419998,100.419998,0.0,0.0
5.0,14.0,100.419998,100.419998,100.419998,100.419998,0.0,0.0
5.0,13.0,100.419998,100.419998,100.419998,100.419998,0.0,0.0
5.0,12.0,100.419998,100.419998,100.419998,100.419998,0.0,0.0
5.0,11.0,100.419998,100.419998,100.419998,100.419998,0.0,0.0
5.0,10.0,100.419998,100.419998,100.419998,100.419998,800.0,0.0
5.0,7.0,98.0,98.0,97.0,98.0,2800.0,0.0
5.0,6.0,102.75,102.75,102.75,102.75,800.0,0.0
5.0,5.0,99.0,99.0,99.0,99.0,0.0,0.0
5.0,4.0,99.0,99.0,99.0,99.0,1200.0,0.0
5.0,3.0,103.75,103.75,103.75,103.75,0.0,0.0
4.0,30.0,103.75,103.75,103.75,103.75,0.0,0.0
4.0,29.0,103.75,103.75,103.75,103.75,800.0,0.0
4.0,28.0,103.5,103.5,103.5,103.5,800.0,0.0
4.0,27.0,104.57,104.57,104.57,104.57,0.0,0.0
4.0,26.0,104.57,104.57,104.57,104.57,0.0,0.0
4.0,23.0,104.57,104.57,104.57,104.57,0.0,0.0
4.0,22.0,104.57,104.57,104.57,104.57,0.0,0.0
4.0,21.0,104.57,104.57,104.57,104.57,400.0,0.0
4.0,20.0,106.449997,106.449997,106.449997,106.449997,0.0,0.0
4.0,19.0,106.449997,106.449997,106.449997,106.449997,0.0,0.0
4.0,16.0,106.449997,106.449997,106.449997,106.449997,800.0,0.0
4.0,15.0,110.0,110.0,110.0,110.0,0.0,0.0
4.0,14.0,110.0,110.0,110.0,110.0,0.0,0.0
4.0,13.0,110.0,110.0,110.0,110.0,1200.0,0.0
4.0,12.0,110.650002,110.650002,110.650002,110.650002,0.0,0.0
4.0,9.0,110.5,110.650002,110.5,110.650002,2800.0,0.15000200000000063
4.0,8.0,109.050003,109.050003,109.050003,109.050003,0.0,0.0
4.0,7.0,109.050003,109.050003,109.050003,109.050003,800.0,0.0
4.0,6.0,108.0,108.0,108.0,108.0,0.0,0.0
4.0,5.0,108.0,108.0,108.0,108.0,0.0,0.0
4.0,1.0,108.0,108.0,108.0,108.0,0.0,0.0
3.0,31.0,108.0,108.0,108.0,108.0,0.0,0.0
3.0,30.0,108.0,108.0,108.0,108.0,0.0,0.0
3.0,29.0,108.0,108.0,108.0,108.0,800.0,0.0
3.0,26.0,107.75,107.75,107.75,107.75,0.0,0.0
3.0,25.0,107.75,107.75,107.75,107.75,0.0,0.0
3.0,24.0,107.75,107.75,107.75,107.75,0.0,0.0
3.0,23.0,107.75,107.75,107.75,107.75,0.0,0.0
3.0,22.0,107.75,107.75,107.75,107.75,0.0,0.0
3.0,19.0,107.75,107.75,107.75,107.75,0.0,0.0
3.0,18.0,107.75,107.75,107.75,107.75,0.0,0.0
3.0,17.0,107.75,107.75,107.75,107.75,0.0,0.0
3.0,16.0,107.75,107.75,107.75,107.75,0.0,0.0
3.0,15.0,107.75,107.75,107.75,107.75,0.0,0.0
3.0,12.0,107.75,107.75,107.75,107.75,0.0,0.0
3.0,11.0,107.75,107.75,107.75,107.75,0.0,0.0
3.0,10.0,107.75,107.75,107.75,107.75,0.0,0.0
3.0,9.0,107.75,107.75,107.75,107.75,0.0,0.0
3.0,8.0,107.75,107.75,107.75,107.75,0.0,0.0
3.0,5.0,107.75,107.75,107.75,107.75,0.0,0.0
3.0,4.0,107.75,107.75,107.75,107.75,800.0,0.0
3.0,3.0,108.650002,108.650002,108.650002,108.650002,0.0,0.0
3.0,2.0,108.650002,108.650002,108.650002,108.650002,0.0,0.0
3.0,1.0,108.650002,108.650002,108.650002,108.650002,800.0,0.0
2.0,26.0,108.949997,109.0,108.949997,109.0,2400.0,0.050003000000003794
2.0,25.0,107.480003,107.480003,107.480003,107.480003,0.0,0.0
2.0,24.0,107.480003,107.480003,107.480003,107.480003,0.0,0.0
2.0,23.0,107.480003,107.480003,107.480003,107.480003,0.0,0.0
2.0,22.0,107.480003,107.480003,107.480003,107.480003,0.0,0.0
2.0,19.0,107.480003,107.480003,107.480003,107.480003,0.0,0.0
2.0,18.0,107.480003,107.480003,107.480003,107.480003,0.0,0.0
2.0,17.0,107.480003,107.480003,107.480003,107.480003,800.0,0.0
2.0,16.0,109.5,109.5,109.5,109.5,0.0,0.0
2.0,12.0,109.5,109.5,109.5,109.5,0.0,0.0
2.0,11.0,109.5,109.5,109.5,109.5,800.0,0.0
2.0,10.0,107.5,107.5,107.5,107.5,800.0,0.0
2.0,9.0,109.25,109.5,109.25,109.5,1600.0,0.25
2.0,8.0,111.75,111.75,111.75,111.75,0.0,0.0
2.0,5.0,111.75,111.75,111.75,111.75,0.0,0.0
2.0,4.0,111.75,111.75,111.75,111.75,0.0,0.0
2.0,3.0,111.75,111.75,111.75,111.75,800.0,0.0
2.0,2.0,110.5,110.5,110.5,110.5,0.0,0.0
2.0,1.0,110.5,110.5,110.5,110.5,0.0,0.0
1.0,29.0,110.5,110.5,110.5,110.5,0.0,0.0
1.0,28.0,110.5,110.5,110.5,110.5,0.0,0.0
1.0,27.0,110.5,110.5,110.5,110.5,800.0,0.0
1.0,26.0,112.599998,112.599998,112.599998,112.599998,0.0,0.0
1.0,25.0,112.599998,112.599998,112.599998,112.599998,0.0,0.0
1.0,22.0,112.599998,112.599998,112.599998,112.599998,800.0,0.0
1.0,21.0,114.75,114.75,114.75,114.75,0.0,0.0
1.0,20.0,114.75,114.75,114.75,114.75,0.0,0.0
1.0,19.0,114.75,114.75,114.75,114.75,0.0,0.0
1.0,15.0,114.75,114.75,114.75,114.75,0.0,0.0
1.0,14.0,114.75,114.75,114.75,114.75,0.0,0.0
1.0,13.0,114.75,114.75,114.75,114.75,0.0,0.0
1.0,12.0,114.75,114.75,114.75,114.75,0.0,0.0
1.0,11.0,117.0,117.0,114.75,114.75,1600.0,-2.25
1.0,8.0,121.25,121.25,121.25,121.25,0.0,0.0
1.0,7.0,121.25,121.25,121.25,121.25,0.0,0.0
1.0,6.0,121.25,121.25,121.25,121.25,0.0,0.0
1.0,5.0,121.25,121.25,121.25,121.25,0.0,0.0
