9.0,25.0,13.0,13.01,12.41,12.44,196800.0,-0.5600000000000005
9.0,24.0,12.88,12.96,12.61,12.96,147300.0,0.08000000000000007
9.0,23.0,13.03,13.13,12.82,12.97,269700.0,-0.05999999999999872
9.0,22.0,13.0,13.05,12.58,12.98,655600.0,-0.019999999999999574
9.0,21.0,13.33,13.54,13.05,13.29,763000.0,-0.040000000000000924
9.0,18.0,13.19,13.35,12.81,13.11,513700.0,-0.08000000000000007
9.0,17.0,13.16,13.6,12.93,13.35,204300.0,0.1899999999999995
9.0,16.0,12.63,13.32,12.57,13.24,322200.0,0.6099999999999994
9.0,15.0,12.47,12.79,12.42,12.65,313400.0,0.17999999999999972
9.0,14.0,12.29,12.54,12.12,12.5,195300.0,0.21000000000000085
9.0,11.0,12.2,12.28,11.78,12.27,217500.0,0.07000000000000028
9.0,10.0,12.26,12.53,12.23,12.29,171200.0,0.02999999999999936
9.0,9.0,12.83,12.9,12.31,12.35,194200.0,-0.4800000000000004
9.0,8.0,12.65,13.09,12.65,12.78,274400.0,0.129999999999999
9.0,4.0,12.27,12.53,12.27,12.51,219000.0,0.2400000000000002
9.0,3.0,12.25,12.58,12.16,12.35,685500.0,0.09999999999999964
9.0,2.0,12.01,12.29,11.85,12.25,1094400.0,0.2400000000000002
9.0,1.0,11.72,11.98,11.62,11.69,235400.0,-0.030000000000001137
8.0,31.0,11.79,12.11,11.79,11.9,485500.0,0.11000000000000121
8.0,28.0,11.93,12.03,11.91,11.99,647000.0,0.0600000000000005
8.0,27.0,12.03,12.04,11.76,12.0,595300.0,-0.02999999999999936
8.0,26.0,12.01,12.04,11.56,12.0,678300.0,-0.009999999999999787
8.0,25.0,12.38,12.38,11.56,11.64,303900.0,-0.7400000000000002
8.0,24.0,11.78,12.41,11.32,11.92,466500.0,0.14000000000000057
8.0,21.0,12.27,13.02,12.16,12.45,1827400.0,0.17999999999999972
8.0,20.0,13.09,13.29,12.44,12.45,310700.0,-0.6400000000000006
8.0,19.0,13.85,13.85,13.23,13.25,230600.0,-0.5999999999999996
8.0,18.0,14.23,14.27,13.64,13.77,211900.0,-0.46000000000000085
8.0,17.0,13.89,14.26,13.59,14.15,253400.0,0.2599999999999998
8.0,14.0,13.42,14.03,13.32,14.0,188500.0,0.5800000000000001
8.0,13.0,13.63,14.18,13.47,13.48,349000.0,-0.15000000000000036
8.0,12.0,13.23,13.79,13.08,13.57,318200.0,0.33999999999999986
8.0,11.0,13.32,13.87,13.31,13.4,351800.0,0.08000000000000007
8.0,10.0,13.93,14.05,13.21,13.37,606700.0,-0.5600000000000005
8.0,7.0,13.63,14.12,13.53,13.89,281500.0,0.2599999999999998
8.0,6.0,13.75,13.94,13.5,13.66,275900.0,-0.08999999999999986
8.0,5.0,13.97,14.26,13.75,13.78,213200.0,-0.19000000000000128
8.0,4.0,13.91,14.45,13.88,13.92,168000.0,0.009999999999999787
8.0,3.0,14.24,14.41,13.75,13.94,286400.0,-0.3000000000000007
7.0,31.0,14.0,14.33,13.76,14.28,240800.0,0.27999999999999936
7.0,30.0,13.65,14.21,13.64,13.94,209600.0,0.28999999999999915
7.0,29.0,13.59,13.88,13.52,13.7,249600.0,0.10999999999999943
7.0,28.0,13.76,13.97,13.49,13.59,229900.0,-0.16999999999999993
7.0,27.0,13.88,13.94,13.5,13.65,356300.0,-0.23000000000000043
7.0,24.0,14.4,14.61,13.9,13.91,189700.0,-0.4900000000000002
7.0,23.0,14.44,14.97,14.19,14.45,424700.0,0.009999999999999787
7.0,22.0,13.65,14.61,13.65,14.43,931400.0,0.7799999999999994
7.0,21.0,14.73,15.0,12.89,13.77,1965800.0,-0.9600000000000009
7.0,20.0,14.36,14.86,14.3,14.6,520200.0,0.2400000000000002
7.0,17.0,14.55,14.57,14.33,14.4,195400.0,-0.15000000000000036
7.0,16.0,14.31,14.54,14.25,14.48,174900.0,0.16999999999999993
7.0,15.0,14.14,14.4,13.93,14.21,271200.0,0.07000000000000028
7.0,14.0,14.05,14.35,13.95,14.19,212500.0,0.1399999999999988
7.0,13.0,14.2,14.27,13.97,14.11,408000.0,-0.08999999999999986
7.0,10.0,13.65,14.15,13.54,14.06,359000.0,0.41000000000000014
7.0,9.0,13.24,13.65,13.07,13.49,221500.0,0.25
7.0,8.0,13.64,13.82,12.88,13.05,293800.0,-0.5899999999999999
7.0,7.0,13.89,13.93,13.46,13.77,228700.0,-0.120000000000001
7.0,6.0,13.72,14.05,13.6,13.9,224600.0,0.17999999999999972
7.0,2.0,14.3,14.34,13.85,13.98,360100.0,-0.3200000000000003
7.0,1.0,14.26,14.47,14.04,14.29,242000.0,0.02999999999999936
6.0,30.0,14.53,14.53,14.14,14.19,187300.0,-0.33999999999999986
6.0,29.0,15.0,15.09,14.25,14.44,206500.0,-0.5600000000000005
6.0,26.0,14.98,15.25,14.68,15.2,564500.0,0.21999999999999886
6.0,25.0,14.93,14.99,14.68,14.9,202800.0,-0.02999999999999936
6.0,24.0,14.9,14.97,14.71,14.88,168600.0,-0.019999999999999574
6.0,23.0,14.85,14.96,14.75,14.87,112400.0,0.019999999999999574
6.0,22.0,14.65,14.91,14.64,14.86,214100.0,0.20999999999999908
6.0,19.0,14.75,14.9,14.61,14.62,590900.0,-0.13000000000000078
6.0,18.0,14.78,14.99,14.67,14.72,180400.0,-0.05999999999999872
6.0,17.0,14.63,14.9,14.56,14.75,200200.0,0.11999999999999922
6.0,16.0,14.43,14.63,13.6,14.61,195600.0,0.17999999999999972
6.0,15.0,14.53,14.79,14.24,14.53,314600.0,0.0
6.0,12.0,14.48,14.62,14.33,14.59,245100.0,0.10999999999999943
6.0,11.0,13.9,14.5,13.9,14.49,508800.0,0.5899999999999999
6.0,10.0,13.55,14.13,13.53,13.89,422900.0,0.33999999999999986
6.0,9.0,13.36,13.55,13.01,13.48,283700.0,0.120000000000001
6.0,8.0,12.98,13.58,12.97,13.33,352300.0,0.34999999999999964
6.0,5.0,13.03,13.14,12.86,13.01,160300.0,-0.019999999999999574
6.0,4.0,13.01,13.15,12.97,13.07,172100.0,0.0600000000000005
6.0,3.0,12.9,13.19,12.86,13.17,188200.0,0.2699999999999996
6.0,2.0,12.51,12.89,12.51,12.85,177500.0,0.33999999999999986
6.0,1.0,12.51,12.75,12.35,12.56,263300.0,0.05000000000000071
5.0,29.0,12.33,12.5,12.17,12.47,364700.0,0.14000000000000057
5.0,28.0,12.27,12.54,11.96,12.37,312000.0,0.09999999999999964
5.0,27.0,12.25,12.44,12.01,12.34,243100.0,0.08999999999999986
5.0,26.0,12.54,12.6,12.18,12.26,187700.0,-0.27999999999999936
5.0,22.0,12.5,12.8,12.33,12.59,289800.0,0.08999999999999986
5.0,21.0,12.91,12.97,12.47,12.51,293500.0,-0.40000000000000036
5.0,20.0,13.28,13.41,12.88,12.95,195300.0,-0.33000000000000007
5.0,19.0,13.71,13.74,13.11,13.27,210100.0,-0.4400000000000013
5.0,18.0,13.53,13.86,13.44,13.68,310800.0,0.15000000000000036
5.0,15.0,13.42,13.54,13.31,13.45,682100.0,0.02999999999999936
5.0,14.0,13.06,13.59,12.88,13.37,621100.0,0.3099999999999987
5.0,13.0,13.41,13.49,13.03,13.05,281700.0,-0.35999999999999943
5.0,12.0,13.29,13.55,13.05,13.36,284200.0,0.07000000000000028
5.0,11.0,13.65,13.93,13.32,13.34,289600.0,-0.3100000000000005
5.0,8.0,13.88,14.0,13.65,13.67,553300.0,-0.21000000000000085
5.0,7.0,13.53,13.98,13.51,13.74,775000.0,0.21000000000000085
5.0,6.0,13.61,13.61,13.27,13.57,255400.0,-0.03999999999999915
5.0,5.0,13.58,13.83,13.26,13.6,531100.0,0.019999999999999574
5.0,4.0,12.82,13.85,12.81,13.66,638600.0,0.8399999999999999
5.0,1.0,13.04,13.14,12.5,12.8,509300.0,-0.23999999999999844
4.0,30.0,13.12,13.31,12.8,12.97,572400.0,-0.14999999999999858
4.0,29.0,13.74,13.83,13.08,13.15,732600.0,-0.5899999999999999
4.0,28.0,13.9,14.14,13.68,13.88,482900.0,-0.019999999999999574
4.0,27.0,13.99,14.41,13.88,13.98,489400.0,-0.009999999999999787
4.0,24.0,14.19,14.38,13.88,14.01,784000.0,-0.17999999999999972
4.0,23.0,14.53,14.7,14.16,14.18,1142900.0,-0.34999999999999964
4.0,22.0,14.93,15.1,14.46,14.52,1275100.0,-0.41000000000000014
4.0,21.0,13.07,14.91,13.07,14.85,3654200.0,1.7799999999999994
4.0,20.0,12.6,12.79,12.31,12.56,446800.0,-0.03999999999999915
4.0,17.0,12.9,13.14,12.46,12.56,365500.0,-0.33999999999999986
4.0,16.0,12.74,13.05,12.7,13.02,249500.0,0.27999999999999936
4.0,15.0,12.66,12.93,12.56,12.73,194900.0,0.07000000000000028
4.0,14.0,12.72,12.8,12.42,12.61,288700.0,-0.11000000000000121
4.0,13.0,12.5,12.77,12.4,12.68,200500.0,0.17999999999999972
4.0,10.0,12.69,12.78,12.4,12.54,168600.0,-0.15000000000000036
4.0,9.0,12.73,12.85,11.75,12.62,142700.0,-0.11000000000000121
4.0,8.0,12.54,12.92,12.45,12.75,328700.0,0.21000000000000085
4.0,7.0,12.4,12.63,12.26,12.51,230500.0,0.10999999999999943
4.0,6.0,12.13,12.54,11.94,12.41,294800.0,0.27999999999999936
4.0,2.0,11.72,12.42,11.68,12.29,442300.0,0.5699999999999985
4.0,1.0,12.02,12.27,11.51,11.73,331300.0,-0.28999999999999915
3.0,31.0,12.24,12.38,12.08,12.11,297700.0,-0.13000000000000078
3.0,30.0,11.73,12.55,11.7,12.29,559600.0,0.5599999999999987
3.0,27.0,11.54,11.73,11.49,11.68,262200.0,0.14000000000000057
3.0,26.0,11.58,11.64,11.18,11.56,431700.0,-0.019999999999999574
3.0,25.0,11.6,11.75,11.5,11.61,527400.0,0.009999999999999787
3.0,24.0,11.42,11.63,11.3,11.61,333300.0,0.1899999999999995
3.0,23.0,11.26,11.6,11.16,11.45,374300.0,0.1899999999999995
3.0,20.0,10.84,11.36,10.84,11.33,491400.0,0.4900000000000002
3.0,19.0,10.89,11.07,10.75,10.81,258600.0,-0.08000000000000007
3.0,18.0,11.34,11.34,10.69,10.98,304000.0,-0.35999999999999943
3.0,17.0,11.03,11.49,10.92,11.45,379000.0,0.41999999999999993
3.0,16.0,10.84,11.2,10.75,11.11,295600.0,0.2699999999999996
3.0,13.0,10.72,11.05,10.72,10.75,265900.0,0.02999999999999936
3.0,12.0,10.49,10.78,10.47,10.77,237200.0,0.27999999999999936
3.0,11.0,10.51,10.56,10.31,10.4,224200.0,-0.10999999999999943
3.0,10.0,10.54,10.7,10.38,10.47,350600.0,-0.06999999999999851
3.0,9.0,10.8,10.94,10.63,10.68,214000.0,-0.120000000000001
3.0,6.0,10.89,11.18,10.8,10.82,267300.0,-0.07000000000000028
3.0,5.0,10.64,11.02,10.63,10.95,444700.0,0.3099999999999987
3.0,4.0,10.4,10.72,10.23,10.41,412000.0,0.009999999999999787
3.0,3.0,10.64,10.86,10.31,10.44,721300.0,-0.20000000000000107
3.0,2.0,11.02,11.21,10.64,10.72,594900.0,-0.29999999999999893
2.0,27.0,11.25,11.3,10.96,11.04,364800.0,-0.21000000000000085
2.0,26.0,10.84,11.38,10.82,11.29,403000.0,0.4499999999999993
2.0,25.0,11.24,11.47,10.84,10.89,611900.0,-0.34999999999999964
2.0,24.0,11.47,11.59,11.21,11.29,360600.0,-0.1800000000000015
2.0,23.0,11.03,11.64,10.79,11.45,672300.0,0.41999999999999993
2.0,20.0,10.95,11.16,10.68,11.1,608900.0,0.15000000000000036
2.0,19.0,11.03,11.17,10.56,10.93,760600.0,-0.09999999999999964
2.0,18.0,10.25,11.28,9.9,11.28,1348500.0,1.0299999999999994
2.0,17.0,8.3,10.5,7.86,10.35,2301300.0,2.049999999999999
2.0,13.0,8.82,8.9,8.55,8.57,438400.0,-0.25
2.0,12.0,8.68,8.9,8.58,8.84,475800.0,0.16000000000000014
2.0,11.0,8.39,8.62,8.36,8.57,235100.0,0.17999999999999972
2.0,10.0,8.47,8.57,8.33,8.45,241400.0,-0.02000000000000135
2.0,9.0,8.3,8.58,8.21,8.39,387200.0,0.08999999999999986
2.0,6.0,8.74,8.75,8.25,8.34,376500.0,-0.40000000000000036
2.0,5.0,8.45,8.73,8.17,8.68,409900.0,0.23000000000000043
2.0,4.0,8.43,8.49,8.22,8.41,261700.0,-0.019999999999999574
2.0,3.0,7.91,8.46,7.7,8.44,674300.0,0.5299999999999994
2.0,2.0,8.11,8.17,7.81,7.88,489300.0,-0.22999999999999954
1.0,30.0,8.0,8.25,7.83,8.12,613000.0,0.11999999999999922
1.0,29.0,7.81,8.26,7.7,8.23,675000.0,0.4200000000000008
1.0,28.0,7.95,8.13,7.4,7.84,572100.0,-0.11000000000000032
1.0,27.0,7.33,7.98,7.33,7.92,514000.0,0.5899999999999999
1.0,26.0,7.22,7.65,7.22,7.61,534300.0,0.39000000000000057
1.0,23.0,7.0,7.51,6.95,7.46,954100.0,0.45999999999999996
1.0,22.0,8.26,8.68,7.05,7.18,1700800.0,-1.08
1.0,21.0,8.05,8.3,7.93,8.2,310400.0,0.14999999999999858
1.0,20.0,8.29,8.44,8.02,8.09,267800.0,-0.1999999999999993
1.0,16.0,8.27,8.44,8.21,8.31,183200.0,0.040000000000000924
1.0,15.0,8.83,8.83,8.22,8.25,663400.0,-0.5800000000000001
1.0,14.0,8.77,8.95,8.6,8.77,174200.0,0.0
1.0,13.0,9.0,9.28,8.76,8.92,293400.0,-0.08000000000000007
1.0,12.0,8.64,9.02,8.55,8.89,270000.0,0.25
1.0,9.0,8.9,8.93,8.57,8.6,246000.0,-0.3000000000000007
1.0,8.0,8.77,9.27,8.72,8.93,536400.0,0.16000000000000014
1.0,7.0,8.65,8.84,8.32,8.69,235300.0,0.03999999999999915
1.0,6.0,8.73,8.88,8.33,8.55,253000.0,-0.17999999999999972
1.0,5.0,8.68,8.95,8.55,8.67,277100.0,-0.009999999999999787
1.0,2.0,9.04,9.32,8.59,8.73,390300.0,-0.3099999999999987
12.0,31.0,8.94,9.31,8.85,8.88,452400.0,-0.05999999999999872
12.0,30.0,9.06,9.22,8.88,8.92,248600.0,-0.14000000000000057
12.0,29.0,8.81,9.25,8.75,9.14,320300.0,0.33000000000000007
12.0,26.0,8.86,9.05,8.72,8.84,201600.0,-0.019999999999999574
12.0,24.0,8.8,8.94,8.6,8.87,118100.0,0.06999999999999851
12.0,23.0,8.7,8.96,8.63,8.83,270700.0,0.13000000000000078
12.0,22.0,8.7,8.75,8.55,8.64,268200.0,-0.05999999999999872
12.0,19.0,8.99,9.01,8.6,8.71,625800.0,-0.27999999999999936
12.0,18.0,9.59,9.59,8.91,8.95,415800.0,-0.6400000000000006
12.0,17.0,8.76,9.49,8.76,9.39,506200.0,0.6300000000000008
12.0,16.0,8.77,9.07,8.77,8.8,283400.0,0.030000000000001137
12.0,15.0,8.9,9.16,8.78,8.83,276100.0,-0.07000000000000028
12.0,12.0,9.0,9.2,8.84,8.88,319200.0,-0.11999999999999922
12.0,11.0,8.9,9.41,8.82,9.11,292600.0,0.20999999999999908
12.0,10.0,9.42,9.49,8.82,8.83,298200.0,-0.5899999999999999
12.0,9.0,9.13,9.48,9.02,9.48,334600.0,0.34999999999999964
12.0,8.0,9.82,9.95,9.23,9.29,410300.0,-0.5300000000000011
12.0,5.0,9.78,9.99,9.72,9.89,201800.0,0.11000000000000121
12.0,4.0,10.12,10.12,9.61,9.72,321800.0,-0.3999999999999986
12.0,3.0,9.87,10.15,9.8,10.01,354500.0,0.14000000000000057
12.0,2.0,9.71,10.0,9.65,9.82,368500.0,0.10999999999999943
12.0,1.0,9.97,9.97,9.55,9.58,559100.0,-0.39000000000000057
11.0,28.0,9.76,10.04,9.54,9.98,424200.0,0.22000000000000064
11.0,26.0,9.39,10.06,9.05,9.75,628300.0,0.35999999999999943
11.0,25.0,9.25,9.44,8.98,9.4,413200.0,0.15000000000000036
11.0,24.0,8.96,9.3,8.89,9.28,259400.0,0.3199999999999985
11.0,21.0,9.35,9.35,8.75,8.9,381400.0,-0.4499999999999993
11.0,20.0,8.49,9.49,8.45,9.16,684600.0,0.6699999999999999
11.0,19.0,8.46,8.71,8.37,8.55,495900.0,0.08999999999999986
11.0,18.0,8.33,8.59,8.32,8.45,323200.0,0.11999999999999922
11.0,17.0,8.45,8.53,8.24,8.26,316000.0,-0.1899999999999995
11.0,14.0,8.52,8.68,8.38,8.48,641300.0,-0.03999999999999915
11.0,13.0,8.47,8.56,8.24,8.3,301000.0,-0.16999999999999993
11.0,12.0,8.17,8.55,8.16,8.49,422900.0,0.3200000000000003
11.0,11.0,8.82,8.99,8.16,8.22,2062600.0,-0.5999999999999996
11.0,10.0,8.75,9.1,8.55,8.84,1351400.0,0.08999999999999986
11.0,7.0,8.92,9.02,8.56,8.73,652000.0,-0.1899999999999995
11.0,6.0,8.63,9.09,8.61,8.97,540200.0,0.33999999999999986
11.0,5.0,8.8,8.81,8.59,8.65,540100.0,-0.15000000000000036
11.0,4.0,8.75,8.93,8.59,8.7,524400.0,-0.05000000000000071
11.0,3.0,8.88,9.11,8.63,8.67,994100.0,-0.21000000000000085
10.0,31.0,8.58,8.68,8.5,8.61,1015300.0,0.02999999999999936
10.0,30.0,8.7,8.85,8.4,8.41,619000.0,-0.28999999999999915
10.0,29.0,8.74,8.94,8.22,8.5,954200.0,-0.2400000000000002
10.0,28.0,7.34,8.87,6.94,8.76,2220800.0,1.42
10.0,27.0,8.55,8.69,7.94,7.96,609400.0,-0.5900000000000007
10.0,24.0,8.38,8.67,8.26,8.63,227700.0,0.25
10.0,23.0,8.52,8.66,8.3,8.39,291800.0,-0.129999999999999
10.0,22.0,8.55,8.71,8.23,8.39,421500.0,-0.16000000000000014
10.0,21.0,8.97,8.97,8.47,8.58,302000.0,-0.39000000000000057
10.0,20.0,8.5,8.99,8.43,8.9,285800.0,0.40000000000000036
10.0,17.0,8.71,8.95,8.47,8.57,279300.0,-0.14000000000000057
10.0,16.0,8.45,9.14,8.41,8.56,571300.0,0.11000000000000121
10.0,15.0,8.48,9.03,8.34,8.62,580600.0,0.1399999999999988
10.0,14.0,8.36,8.72,8.3,8.66,647500.0,0.3000000000000007
10.0,13.0,8.31,8.58,8.15,8.27,366300.0,-0.040000000000000924
10.0,10.0,8.48,8.78,8.18,8.27,531700.0,-0.21000000000000085
10.0,9.0,8.85,9.1,8.49,8.52,622600.0,-0.33000000000000007
10.0,8.0,8.5,9.01,8.41,8.97,753000.0,0.47000000000000064
10.0,7.0,9.29,9.29,8.5,8.51,735400.0,-0.7799999999999994
10.0,6.0,9.53,9.7,9.25,9.39,341400.0,-0.1399999999999988
10.0,3.0,10.04,10.14,9.52,9.53,379800.0,-0.5099999999999998
10.0,2.0,9.6,9.94,9.44,9.92,400200.0,0.3200000000000003
10.0,1.0,9.2,9.47,9.2,9.46,431500.0,0.26000000000000156
9.0,30.0,10.2,10.24,9.14,9.25,1249000.0,-0.9499999999999993
9.0,29.0,10.15,10.4,10.11,10.2,253800.0,0.049999999999998934
9.0,26.0,10.37,10.39,10.15,10.28,354200.0,-0.08999999999999986
9.0,25.0,10.32,10.39,9.91,10.29,384000.0,-0.030000000000001137
9.0,24.0,10.12,10.48,10.05,10.41,233900.0,0.2900000000000009
9.0,23.0,10.2,10.4,10.07,10.08,221700.0,-0.11999999999999922
9.0,22.0,10.53,10.53,10.22,10.22,183800.0,-0.3099999999999987
9.0,19.0,10.95,11.07,10.5,10.65,254300.0,-0.29999999999999893
9.0,18.0,11.06,11.14,10.77,10.92,235500.0,-0.14000000000000057
9.0,17.0,10.48,11.2,10.46,11.04,329700.0,0.5599999999999987
9.0,16.0,10.43,10.7,10.43,10.54,241800.0,0.10999999999999943
9.0,15.0,10.73,10.73,10.28,10.51,254600.0,-0.22000000000000064
9.0,12.0,10.78,10.81,10.58,10.7,374300.0,-0.08000000000000007
9.0,11.0,10.99,11.1,10.57,10.72,385000.0,-0.2699999999999996
9.0,10.0,11.2,11.29,10.9,11.08,187700.0,-0.11999999999999922
9.0,9.0,11.33,11.5,11.17,11.2,190800.0,-0.13000000000000078
9.0,8.0,11.14,11.45,11.14,11.32,188300.0,0.17999999999999972
9.0,5.0,11.22,11.33,11.1,11.17,180600.0,-0.05000000000000071
9.0,4.0,11.09,11.43,11.09,11.27,199400.0,0.17999999999999972
9.0,3.0,11.61,11.68,11.07,11.09,375200.0,-0.5199999999999996
9.0,2.0,11.58,11.74,11.46,11.55,248700.0,-0.02999999999999936
8.0,29.0,11.65,11.82,11.5,11.55,285500.0,-0.09999999999999964
8.0,28.0,11.76,11.84,11.5,11.65,262500.0,-0.10999999999999943
8.0,27.0,11.9,12.13,11.6,11.87,327000.0,-0.030000000000001137
8.0,26.0,11.96,11.97,11.68,11.89,304300.0,-0.07000000000000028
8.0,25.0,11.75,12.25,11.75,11.98,621700.0,0.23000000000000043
8.0,22.0,11.34,11.69,11.26,11.68,419300.0,0.33999999999999986
8.0,21.0,11.47,11.52,11.12,11.41,397500.0,-0.0600000000000005
8.0,20.0,11.78,11.81,11.41,11.48,409600.0,-0.29999999999999893
8.0,19.0,11.64,12.25,11.52,11.85,663700.0,0.20999999999999908
8.0,18.0,11.04,11.65,10.96,11.58,440100.0,0.5400000000000009
8.0,15.0,11.47,11.5,10.9,10.92,405700.0,-0.5500000000000007
8.0,14.0,11.25,11.35,11.14,11.35,385000.0,0.09999999999999964
8.0,13.0,11.0,11.27,10.95,11.2,416400.0,0.1999999999999993
8.0,12.0,11.18,11.37,10.87,10.93,435800.0,-0.25
8.0,11.0,11.12,11.58,11.0,11.38,724200.0,0.26000000000000156
8.0,8.0,10.6,11.21,10.51,11.09,683900.0,0.4900000000000002
8.0,7.0,10.67,10.94,10.52,10.6,468600.0,-0.07000000000000028
8.0,6.0,10.72,10.77,10.26,10.57,901300.0,-0.15000000000000036
8.0,5.0,10.31,11.26,10.25,10.89,1516300.0,0.5800000000000001
8.0,4.0,9.9,9.95,9.63,9.91,672400.0,0.009999999999999787
8.0,1.0,10.13,10.33,9.75,9.84,1022000.0,-0.2900000000000009
7.0,31.0,10.03,10.24,9.8,10.11,1260000.0,0.08000000000000007
7.0,30.0,9.5,9.72,9.41,9.7,934700.0,0.1999999999999993
7.0,29.0,9.5,9.85,9.06,9.44,3179000.0,-0.0600000000000005
7.0,28.0,10.9,10.9,9.93,10.56,2133900.0,-0.33999999999999986
7.0,25.0,10.79,11.17,10.61,10.9,1212500.0,0.11000000000000121
7.0,24.0,10.8,11.02,10.75,10.81,625100.0,0.009999999999999787
7.0,23.0,10.87,11.01,10.72,10.82,382800.0,-0.049999999999998934
7.0,22.0,10.63,11.06,10.61,10.87,634200.0,0.23999999999999844
7.0,21.0,10.84,10.89,10.57,10.61,379600.0,-0.23000000000000043
7.0,18.0,10.68,10.92,10.57,10.88,640300.0,0.20000000000000107
7.0,17.0,10.45,10.95,10.25,10.7,1185300.0,0.25
7.0,16.0,10.47,10.74,10.3,10.45,856200.0,-0.02000000000000135
7.0,15.0,10.99,11.06,10.35,10.43,1213200.0,-0.5600000000000005
7.0,14.0,11.21,11.4,10.83,10.97,926800.0,-0.2400000000000002
7.0,11.0,12.0,12.0,10.8,10.98,2127100.0,-1.0199999999999996
7.0,10.0,12.01,12.24,10.77,11.79,4276300.0,-0.22000000000000064
7.0,9.0,13.48,13.77,12.74,13.0,939600.0,-0.4800000000000004
7.0,8.0,14.01,14.09,13.13,13.38,732200.0,-0.629999999999999
7.0,7.0,14.69,14.69,14.01,14.02,354400.0,-0.6699999999999999
7.0,3.0,14.66,14.83,14.5,14.58,92400.0,-0.08000000000000007
7.0,2.0,14.58,14.79,14.11,14.64,507400.0,0.0600000000000005
7.0,1.0,15.51,15.94,14.51,14.65,767200.0,-0.8599999999999994
6.0,30.0,15.44,15.57,15.0,15.29,529500.0,-0.15000000000000036
6.0,27.0,15.7,15.81,15.21,15.38,1496000.0,-0.3199999999999985
6.0,26.0,16.110001,16.200001,15.67,15.76,205500.0,-0.3500010000000007
6.0,25.0,15.61,16.139999,15.61,16.129999,193600.0,0.5199990000000021
6.0,24.0,16.049999,16.129999,15.55,15.63,315300.0,-0.4199989999999989
6.0,23.0,16.17,16.4,15.94,16.24,219300.0,0.06999999999999673
6.0,20.0,16.32,16.48,16.16,16.18,406100.0,-0.14000000000000057
6.0,19.0,16.52,16.690001,16.129999,16.209999,282100.0,-0.31000099999999975
6.0,18.0,15.89,16.620001,15.75,16.469999,346700.0,0.5799990000000008
6.0,17.0,15.2,16.24,15.1,15.95,397000.0,0.75
6.0,16.0,15.0,15.27,14.83,15.15,248900.0,0.15000000000000036
6.0,13.0,15.42,15.42,14.92,14.99,360000.0,-0.4299999999999997
6.0,12.0,15.69,15.69,15.24,15.34,170000.0,-0.34999999999999964
6.0,11.0,15.82,15.96,15.52,15.69,190000.0,-0.13000000000000078
6.0,10.0,15.76,16.139999,15.76,15.85,136100.0,0.08999999999999986
6.0,9.0,15.86,16.27,15.64,15.89,463400.0,0.030000000000001137
6.0,6.0,15.49,15.93,15.45,15.61,233500.0,0.11999999999999922
6.0,5.0,15.48,15.7,15.13,15.52,271800.0,0.03999999999999915
6.0,4.0,14.66,15.87,14.65,15.35,411800.0,0.6899999999999995
6.0,3.0,14.81,14.85,14.5,14.71,216800.0,-0.09999999999999964
6.0,2.0,14.89,14.93,14.6,14.91,218600.0,0.019999999999999574
5.0,30.0,14.76,14.97,14.43,14.92,221200.0,0.16000000000000014
5.0,29.0,14.89,14.96,14.52,14.75,123200.0,-0.14000000000000057
5.0,28.0,15.13,15.15,14.61,14.86,285300.0,-0.27000000000000135
5.0,27.0,14.72,15.14,14.58,15.12,317700.0,0.3999999999999986
5.0,23.0,14.45,14.77,14.45,14.6,331400.0,0.15000000000000036
5.0,22.0,14.3,14.63,14.18,14.55,287400.0,0.25
5.0,21.0,14.76,14.76,14.21,14.25,283300.0,-0.5099999999999998
5.0,20.0,14.54,14.96,14.38,14.71,515200.0,0.1700000000000017
5.0,19.0,13.94,14.4,13.9,14.34,443400.0,0.40000000000000036
5.0,16.0,13.39,14.02,13.31,13.98,387600.0,0.5899999999999999
5.0,15.0,13.54,13.64,12.7,13.33,995700.0,-0.20999999999999908
5.0,14.0,14.05,14.18,13.36,13.54,393800.0,-0.5100000000000016
5.0,13.0,14.52,14.66,14.01,14.02,388000.0,-0.5
5.0,12.0,13.97,14.76,13.85,14.53,504900.0,0.5599999999999987
5.0,9.0,13.54,13.88,13.45,13.64,373800.0,0.10000000000000142
5.0,8.0,13.78,14.2,13.49,13.54,267600.0,-0.2400000000000002
5.0,7.0,14.0,14.16,13.55,13.74,503700.0,-0.2599999999999998
5.0,6.0,13.9,14.16,13.8,14.01,509100.0,0.10999999999999943
5.0,5.0,14.22,14.27,13.6,13.88,514700.0,-0.33999999999999986
5.0,2.0,14.54,14.67,14.0,14.22,651300.0,-0.3199999999999985
5.0,1.0,14.4,14.75,13.85,14.4,823700.0,0.0
4.0,30.0,13.3,14.23,11.75,14.1,2475900.0,0.7999999999999989
4.0,29.0,13.08,13.37,12.76,13.18,793800.0,0.09999999999999964
4.0,28.0,13.86,14.11,12.67,13.04,1034400.0,-0.8200000000000003
4.0,25.0,14.39,14.47,13.7,13.76,350400.0,-0.6300000000000008
4.0,24.0,14.96,15.18,14.47,14.51,338300.0,-0.45000000000000107
4.0,23.0,14.73,14.89,14.51,14.74,172800.0,0.009999999999999787
4.0,22.0,14.67,15.24,14.43,14.78,391600.0,0.10999999999999943
4.0,21.0,14.34,14.73,14.28,14.69,167100.0,0.34999999999999964
4.0,17.0,14.05,14.42,13.82,14.25,389300.0,0.1999999999999993
4.0,16.0,14.02,14.24,13.77,14.12,193800.0,0.09999999999999964
4.0,15.0,13.61,14.01,13.52,13.87,243200.0,0.2599999999999998
4.0,14.0,13.88,14.1,13.5,13.59,194100.0,-0.2900000000000009
4.0,11.0,14.17,14.27,13.59,13.78,355700.0,-0.39000000000000057
4.0,10.0,14.54,14.73,14.12,14.3,299600.0,-0.23999999999999844
4.0,9.0,14.42,14.68,14.26,14.57,247700.0,0.15000000000000036
4.0,8.0,14.3,14.51,13.91,14.33,830600.0,0.02999999999999936
4.0,7.0,15.15,15.46,14.06,14.32,673900.0,-0.8300000000000001
4.0,4.0,15.73,15.98,14.92,15.2,682400.0,-0.5300000000000011
4.0,3.0,15.7,16.129999,15.3,15.5,237200.0,-0.1999999999999993
4.0,2.0,16.02,16.16,15.57,15.71,302300.0,-0.3099999999999987
4.0,1.0,15.49,16.049999,15.48,16.02,421800.0,0.5299999999999994
3.0,31.0,15.32,15.95,15.32,15.45,370900.0,0.129999999999999
3.0,28.0,15.08,15.52,15.08,15.25,251200.0,0.16999999999999993
3.0,27.0,15.02,15.41,14.86,15.09,406000.0,0.07000000000000028
3.0,26.0,15.7,15.81,15.0,15.03,498000.0,-0.6699999999999999
3.0,25.0,15.51,15.98,15.5,15.54,301800.0,0.02999999999999936
3.0,24.0,16.1,16.290001,15.47,15.56,303100.0,-0.5400000000000009
3.0,21.0,16.35,16.620001,15.95,16.030001,474800.0,-0.3199990000000028
3.0,20.0,16.450001,16.450001,16.15,16.309999,431300.0,-0.14000199999999907
3.0,19.0,16.18,16.66,16.01,16.42,428500.0,0.240000000000002
3.0,18.0,15.95,16.219999,15.74,16.1,211400.0,0.15000000000000213
3.0,17.0,15.55,15.98,15.55,15.89,271700.0,0.33999999999999986
3.0,14.0,15.86,15.88,15.34,15.41,731900.0,-0.4499999999999993
3.0,13.0,16.75,17.0,15.92,15.96,396700.0,-0.7899999999999991
3.0,12.0,16.48,16.85,16.280001,16.73,252400.0,0.25
3.0,11.0,16.889999,16.940001,16.42,16.52,302800.0,-0.36999899999999997
3.0,10.0,17.049999,17.15,16.83,16.940001,329200.0,-0.10999800000000093
3.0,7.0,16.790001,17.219999,16.790001,17.07,615400.0,0.2799990000000001
3.0,6.0,16.969999,17.040001,16.52,16.91,511700.0,-0.059999000000001246
3.0,5.0,16.99,17.26,16.879999,17.049999,777400.0,0.059999000000001246
3.0,4.0,16.040001,16.799999,16.040001,16.790001,921400.0,0.75
3.0,3.0,15.34,15.98,15.19,15.8,722300.0,0.46000000000000085
2.0,28.0,15.99,16.0,15.31,15.42,1246500.0,-0.5700000000000003
2.0,27.0,16.32,16.389999,15.74,15.88,878400.0,-0.4399999999999995
2.0,26.0,15.56,15.79,15.32,15.49,500200.0,-0.07000000000000028
2.0,25.0,15.6,15.78,15.25,15.49,919700.0,-0.10999999999999943
2.0,24.0,15.48,15.72,15.15,15.31,1204700.0,-0.16999999999999993
2.0,21.0,14.15,15.99,14.01,14.85,3573900.0,0.6999999999999993
2.0,20.0,13.09,13.2,12.4,13.04,2132700.0,-0.05000000000000071
2.0,19.0,13.02,13.35,12.84,13.07,386500.0,0.05000000000000071
2.0,18.0,13.22,13.46,13.09,13.14,394600.0,-0.08000000000000007
2.0,14.0,13.26,13.5,12.78,13.13,1203100.0,-0.129999999999999
2.0,13.0,13.2,13.44,13.09,13.17,416100.0,-0.02999999999999936
2.0,12.0,13.32,13.45,13.22,13.25,431300.0,-0.07000000000000028
2.0,11.0,13.37,13.6,13.33,13.35,359000.0,-0.019999999999999574
2.0,10.0,13.52,13.74,13.33,13.41,625400.0,-0.10999999999999943
2.0,7.0,13.62,13.81,13.4,13.5,460000.0,-0.11999999999999922
2.0,6.0,13.59,13.92,13.55,13.6,419700.0,0.009999999999999787
2.0,5.0,13.51,13.69,13.36,13.59,424500.0,0.08000000000000007
2.0,4.0,13.66,14.24,13.38,13.55,438800.0,-0.10999999999999943
2.0,3.0,14.15,14.24,13.59,13.67,462600.0,-0.4800000000000004
1.0,31.0,14.25,14.43,14.04,14.13,735800.0,-0.11999999999999922
1.0,30.0,13.65,14.59,13.56,14.51,1112100.0,0.8599999999999994
1.0,29.0,13.7,13.8,13.38,13.61,1396200.0,-0.08999999999999986
1.0,28.0,13.46,14.25,13.12,13.74,4755900.0,0.27999999999999936
1.0,27.0,14.95,15.57,14.1,14.72,1431200.0,-0.22999999999999865
1.0,24.0,16.049999,16.309999,15.67,15.72,452300.0,-0.32999899999999904
1.0,23.0,15.98,16.23,15.58,16.18,542600.0,0.1999999999999993
1.0,22.0,16.219999,16.549999,15.71,16.09,596400.0,-0.12999900000000153
1.0,21.0,17.08,17.219999,16.040001,16.23,591100.0,-0.8499999999999979
1.0,17.0,17.33,17.77,16.9,16.99,324700.0,-0.33999999999999986
1.0,16.0,17.360001,17.549999,17.049999,17.32,477500.0,-0.040001000000000175
1.0,15.0,18.139999,18.33,16.879999,17.5,730500.0,-0.6399989999999995
1.0,14.0,17.91,18.52,17.66,18.08,537500.0,0.16999999999999815
1.0,13.0,18.379999,18.59,17.629999,17.780001,774500.0,-0.5999980000000029
1.0,10.0,17.870001,18.67,17.4,18.43,639700.0,0.5599990000000012
1.0,9.0,18.0,18.129999,17.299999,17.91,537000.0,-0.08999999999999986
1.0,8.0,17.41,18.02,17.41,18.01,540000.0,0.6000000000000014
1.0,7.0,17.51,17.860001,17.24,17.469999,553100.0,-0.040001000000000175
1.0,6.0,18.139999,18.35,17.52,17.629999,673700.0,-0.509999999999998
1.0,3.0,17.93,18.290001,17.76,18.139999,687300.0,0.20999899999999982
1.0,2.0,18.049999,18.27,17.709999,17.799999,723700.0,-0.25
12.0,31.0,17.959999,18.280001,17.959999,18.07,566000.0,0.11000100000000046
12.0,30.0,18.24,18.290001,17.870001,17.959999,471300.0,-0.2800009999999986
12.0,27.0,17.84,18.309999,17.719999,18.110001,1337600.0,0.2700010000000006
12.0,26.0,17.77,17.99,17.540001,17.85,311600.0,0.08000000000000185
12.0,24.0,17.73,17.969999,17.5,17.700001,196700.0,-0.02999900000000011
12.0,23.0,17.41,17.879999,17.209999,17.799999,325100.0,0.38999899999999954
12.0,20.0,17.49,17.700001,16.85,17.41,914500.0,-0.0799999999999983
12.0,19.0,17.469999,18.040001,17.309999,17.43,995900.0,-0.03999900000000167
12.0,18.0,16.92,17.58,16.690001,17.530001,1662100.0,0.6100009999999969
12.0,17.0,16.549999,16.959999,16.5,16.950001,721800.0,0.40000200000000063
12.0,16.0,16.27,16.76,16.200001,16.6,505000.0,0.33000000000000185
12.0,13.0,15.98,16.370001,15.94,16.24,388800.0,0.259999999999998
12.0,12.0,15.79,16.07,15.57,15.99,468600.0,0.20000000000000107
12.0,11.0,15.96,16.27,15.56,15.83,551500.0,-0.13000000000000078
12.0,10.0,16.48,16.49,15.75,16.0,789700.0,-0.4800000000000004
12.0,9.0,16.629999,16.77,16.25,16.5,561500.0,-0.12999900000000153
12.0,6.0,16.4,16.74,16.4,16.65,773100.0,0.25
12.0,5.0,16.01,16.549999,15.85,16.43,630500.0,0.41999999999999815
12.0,4.0,15.97,16.24,15.56,16.110001,799800.0,0.14000099999999982
12.0,3.0,16.040001,16.16,15.41,16.09,859300.0,0.04999899999999968
12.0,2.0,16.610001,16.67,15.56,15.84,1283700.0,-0.7700010000000006
11.0,29.0,16.59,16.879999,16.26,16.75,874300.0,0.16000000000000014
11.0,27.0,16.6,17.0,15.99,16.059999,1984800.0,-0.5400010000000002
11.0,26.0,14.34,16.469999,14.27,15.49,2249300.0,1.1500000000000004
11.0,25.0,13.84,14.34,13.54,14.25,830200.0,0.41000000000000014
11.0,22.0,15.84,15.85,13.12,13.88,3501700.0,-1.959999999999999
11.0,21.0,16.49,16.799999,15.76,15.83,1501400.0,-0.6599999999999984
11.0,20.0,17.82,17.83,15.05,16.15,3852400.0,-1.6700000000000017
11.0,19.0,16.860001,18.190001,16.65,17.83,4606600.0,0.9699989999999978
11.0,18.0,15.08,16.32,15.01,16.32,4325800.0,1.2400000000000002
11.0,15.0,12.33,14.63,10.05,14.5,2.01689E7,2.17
11.0,14.0,21.18,21.18,11.41,12.95,1.9635E7,-8.23
11.0,13.0,20.84,21.450001,20.84,21.219999,366400.0,0.37999900000000153
11.0,12.0,21.17,21.200001,20.58,20.950001,559300.0,-0.2199990000000014
11.0,11.0,21.15,21.549999,21.02,21.17,873900.0,0.020000000000003126
11.0,8.0,21.82,22.07,20.09,21.1,1535900.0,-0.7199999999999989
11.0,7.0,23.24,23.24,21.620001,21.790001,1095000.0,-1.4499989999999983
11.0,6.0,22.610001,23.370001,22.41,23.18,708200.0,0.5699989999999993
11.0,5.0,22.950001,23.110001,22.49,22.57,441300.0,-0.38000100000000003
11.0,4.0,22.639999,22.98,22.52,22.92,395600.0,0.28000100000000216
11.0,1.0,22.92,22.92,22.15,22.440001,1104000.0,-0.47999900000000295
10.0,31.0,23.5,23.51,19.35,22.33,4147400.0,-1.1700000000000017
10.0,30.0,24.48,24.620001,23.709999,23.9,626200.0,-0.5800000000000018
10.0,29.0,24.549999,25.27,24.040001,24.549999,228000.0,0.0
10.0,28.0,25.469999,25.469999,24.219999,24.450001,349500.0,-1.019998000000001
10.0,25.0,24.950001,25.450001,24.52,25.42,332000.0,0.4699990000000014
10.0,24.0,24.09,25.200001,23.5,25.0,795300.0,0.9100000000000001
10.0,23.0,22.98,24.17,22.629999,24.049999,932000.0,1.0699989999999993
10.0,22.0,23.75,24.280001,23.110001,23.209999,1223500.0,-0.5400010000000002
10.0,21.0,25.889999,26.190001,23.309999,23.790001,2868000.0,-2.0999979999999994
10.0,18.0,25.639999,25.92,25.389999,25.870001,958700.0,0.23000199999999893
10.0,17.0,26.01,26.18,25.549999,25.610001,271000.0,-0.3999990000000011
10.0,16.0,26.870001,28.32,25.57,26.17,432200.0,-0.7000009999999968
10.0,15.0,27.459999,28.0,26.49,26.6,418000.0,-0.8599989999999984
10.0,14.0,28.059999,28.08,27.23,27.48,171100.0,-0.5799990000000008
10.0,11.0,27.92,28.290001,27.870001,28.139999,175400.0,0.21999899999999784
10.0,10.0,27.370001,28.6,27.34,28.059999,275300.0,0.6899980000000028
10.0,9.0,27.48,27.48,26.68,27.0,326700.0,-0.4800000000000004
10.0,8.0,27.959999,28.219999,27.34,27.5,168100.0,-0.4599989999999998
10.0,7.0,28.35,28.58,27.879999,28.01,122400.0,-0.33999999999999986
10.0,4.0,28.040001,28.780001,28.040001,28.49,111400.0,0.44999899999999826
10.0,3.0,28.629999,28.67,28.0,28.219999,156700.0,-0.41000000000000014
10.0,2.0,28.870001,28.870001,28.290001,28.75,114300.0,-0.12000099999999847
10.0,1.0,29.57,29.9,28.559999,28.940001,287900.0,-0.6299990000000015
9.0,30.0,29.360001,30.110001,28.879999,29.49,394000.0,0.12999899999999798
9.0,27.0,29.379999,30.25,28.74,29.690001,230700.0,0.3100019999999972
9.0,26.0,28.34,29.950001,28.200001,29.530001,290700.0,1.1900009999999988
9.0,25.0,27.93,28.4,27.709999,28.25,121400.0,0.3200000000000003
9.0,24.0,27.98,28.5,27.530001,27.99,222700.0,0.00999999999999801
9.0,23.0,28.280001,28.389999,27.809999,27.92,337400.0,-0.3600009999999969
9.0,20.0,28.15,28.690001,28.030001,28.25,287700.0,0.10000000000000142
9.0,19.0,27.08,28.15,26.85,28.120001,307600.0,1.0400010000000002
9.0,18.0,27.059999,27.34,26.59,27.07,137900.0,0.010000999999999038
9.0,17.0,26.1,27.040001,26.1,27.030001,183300.0,0.9300009999999972
9.0,16.0,25.709999,26.549999,25.469999,26.09,243400.0,0.38000100000000003
9.0,13.0,24.700001,25.51,24.700001,25.459999,195800.0,0.7599979999999995
9.0,12.0,24.92,25.110001,24.52,24.719999,157600.0,-0.20000100000000032
9.0,11.0,25.780001,25.98,24.950001,24.99,190400.0,-0.7900010000000002
9.0,10.0,24.77,25.85,24.610001,25.790001,342500.0,1.0200010000000006
9.0,9.0,24.75,25.17,24.639999,24.75,238500.0,0.0
9.0,6.0,25.4,25.83,24.719999,24.75,194400.0,-0.6499999999999986
9.0,5.0,25.860001,25.98,25.27,25.33,231900.0,-0.5300010000000022
9.0,4.0,26.51,26.629999,25.74,25.9,220400.0,-0.610000000000003
9.0,3.0,26.76,27.120001,26.360001,26.5,183200.0,-0.26000000000000156
8.0,30.0,26.67,26.809999,26.42,26.57,245400.0,-0.10000000000000142
8.0,29.0,26.379999,26.879999,26.059999,26.74,141200.0,0.3600009999999969
8.0,28.0,26.030001,26.67,26.0,26.459999,129100.0,0.4299980000000012
8.0,27.0,26.1,26.200001,25.92,26.09,159600.0,-0.010000000000001563
8.0,26.0,26.110001,26.5,26.02,26.299999,95300.0,0.18999799999999922
8.0,23.0,26.0,26.49,25.870001,26.030001,322800.0,0.030000999999998612
8.0,22.0,25.959999,26.379999,25.9,26.0,150400.0,0.040001000000000175
8.0,21.0,26.040001,26.360001,25.43,25.91,199600.0,-0.13000100000000003
8.0,20.0,25.92,26.33,25.74,26.059999,184600.0,0.13999899999999954
8.0,19.0,25.68,26.0,25.360001,25.809999,354400.0,0.12999900000000153
8.0,16.0,26.290001,26.290001,25.610001,25.74,925400.0,-0.5500010000000017
8.0,15.0,26.6,26.93,25.799999,26.24,262000.0,-0.360000000000003
8.0,14.0,27.34,27.59,26.940001,27.01,205000.0,-0.3299999999999983
8.0,13.0,27.200001,27.370001,26.9,27.34,131600.0,0.13999899999999954
8.0,12.0,27.09,27.33,26.91,27.26,80400.0,0.1700000000000017
8.0,9.0,27.51,27.51,26.93,27.1,148200.0,-0.41000000000000014
8.0,8.0,26.889999,27.629999,26.690001,27.450001,121200.0,0.5600020000000008
8.0,7.0,27.030001,27.110001,26.59,26.719999,375300.0,-0.3100019999999972
8.0,6.0,27.93,27.950001,26.790001,27.139999,247500.0,-0.7900010000000002
8.0,5.0,27.809999,28.35,27.469999,28.040001,236400.0,0.23000199999999893
8.0,2.0,27.83,28.190001,27.5,27.879999,134600.0,0.049999000000003235
8.0,1.0,28.51,28.549999,27.52,27.780001,366300.0,-0.729999000000003
7.0,31.0,28.610001,28.82,27.26,28.43,816100.0,-0.18000100000000074
7.0,30.0,28.709999,29.700001,28.58,29.27,214000.0,0.5600009999999997
7.0,29.0,29.49,29.780001,28.450001,28.59,187100.0,-0.8999999999999986
7.0,26.0,28.440001,29.459999,28.25,29.389999,204600.0,0.9499980000000008
7.0,25.0,30.09,30.09,28.51,28.66,222300.0,-1.4299999999999997
7.0,24.0,29.59,30.48,29.559999,30.129999,257200.0,0.5399990000000017
7.0,23.0,29.5,29.700001,29.360001,29.540001,279000.0,0.040001000000000175
7.0,22.0,28.83,29.629999,28.83,29.440001,385900.0,0.6100010000000005
7.0,19.0,28.530001,29.01,28.190001,29.0,167100.0,0.4699990000000014
7.0,18.0,28.42,28.68,28.120001,28.549999,195200.0,0.12999899999999798
7.0,17.0,28.35,28.98,28.02,28.360001,342300.0,0.010000999999999038
7.0,16.0,28.459999,28.68,27.1,28.43,481400.0,-0.02999900000000011
7.0,15.0,29.25,29.65,28.309999,28.35,329200.0,-0.8999999999999986
7.0,12.0,29.85,30.23,29.209999,29.25,178500.0,-0.6000000000000014
7.0,11.0,30.610001,30.879999,29.91,29.950001,171200.0,-0.6600000000000001
7.0,10.0,30.01,30.59,29.75,30.309999,147500.0,0.2999989999999997
7.0,9.0,30.25,30.280001,29.540001,29.98,132800.0,-0.2699999999999996
7.0,8.0,29.889999,30.33,29.530001,30.049999,123600.0,0.16000000000000014
7.0,5.0,29.99,30.049999,29.34,29.790001,164800.0,-0.19999899999999826
7.0,3.0,29.059999,30.15,28.49,29.58,148000.0,0.520000999999997
7.0,2.0,29.01,29.33,28.18,29.15,230200.0,0.13999999999999702
7.0,1.0,29.139999,29.629999,28.629999,28.98,281100.0,-0.15999899999999911
6.0,28.0,29.629999,29.66,28.629999,28.959999,2708500.0,-0.6700000000000017
6.0,27.0,29.379999,29.92,28.809999,29.41,232500.0,0.030000999999998612
6.0,26.0,28.469999,29.530001,28.34,28.959999,229900.0,0.48999999999999844
6.0,25.0,27.57,28.379999,27.379999,28.120001,228700.0,0.5500009999999982
6.0,24.0,26.75,27.290001,26.1,27.1,344300.0,0.3500000000000014
6.0,21.0,27.799999,27.82,26.450001,27.120001,492300.0,-0.6799980000000012
6.0,20.0,28.879999,28.99,27.25,27.809999,372200.0,-1.0700000000000003
6.0,19.0,30.309999,30.33,28.4,29.01,516100.0,-1.2999989999999997
6.0,18.0,29.58,30.280001,29.57,30.25,213700.0,0.6700000000000017
6.0,17.0,29.93,30.129999,29.41,29.469999,394500.0,-0.46000099999999833
6.0,14.0,29.5,30.129999,29.09,29.67,224900.0,0.1700000000000017
6.0,13.0,28.51,29.58,28.299999,29.219999,243400.0,0.7099989999999998
6.0,12.0,29.129999,29.25,28.5,28.709999,242300.0,-0.4200000000000017
6.0,11.0,28.82,29.700001,28.42,29.07,390200.0,0.25
6.0,10.0,29.139999,29.48,28.68,29.200001,328100.0,0.06000200000000078
6.0,7.0,27.48,28.879999,27.43,28.780001,609100.0,1.3000009999999982
6.0,6.0,25.540001,27.200001,25.25,27.120001,773500.0,1.5799999999999983
6.0,5.0,25.1,25.5,24.83,25.459999,3048000.0,0.3599989999999984
6.0,4.0,25.0,25.02,23.84,24.65,570400.0,-0.3500000000000014
6.0,3.0,25.690001,25.85,25.24,25.35,168700.0,-0.34000099999999733
5.0,31.0,25.91,26.4,25.540001,25.6,368500.0,-0.3099999999999987
5.0,30.0,25.65,26.09,25.65,25.959999,82400.0,0.30999900000000125
5.0,29.0,26.09,26.129999,25.5,25.65,247900.0,-0.4400000000000013
5.0,28.0,26.030001,26.85,25.280001,26.030001,424000.0,0.0
5.0,24.0,25.32,25.610001,25.25,25.530001,367400.0,0.21000099999999833
5.0,23.0,25.370001,25.530001,25.120001,25.25,217500.0,-0.12000099999999847
5.0,22.0,25.42,25.74,24.370001,25.33,349200.0,-0.09000000000000341
5.0,21.0,25.75,25.75,24.559999,25.26,258000.0,-0.48999999999999844
5.0,20.0,25.85,26.450001,25.35,25.48,145800.0,-0.370000000000001
5.0,17.0,26.040001,26.450001,25.379999,25.82,444200.0,-0.2200009999999999
5.0,16.0,26.469999,27.209999,25.969999,26.09,196700.0,-0.37999900000000153
5.0,15.0,26.129999,26.58,26.08,26.459999,120400.0,0.3299999999999983
5.0,14.0,26.01,26.42,25.690001,26.25,135900.0,0.23999999999999844
5.0,13.0,25.99,26.0,25.5,25.719999,153200.0,-0.27000099999999705
5.0,10.0,25.290001,25.93,25.030001,25.879999,203900.0,0.5899980000000014
5.0,9.0,25.65,25.76,24.860001,25.23,99300.0,-0.41999999999999815
5.0,8.0,25.77,25.84,25.41,25.530001,150300.0,-0.23999900000000096
5.0,7.0,26.25,26.5,25.280001,25.59,154300.0,-0.6600000000000001
5.0,6.0,25.610001,26.440001,25.4,25.98,181200.0,0.36999899999999997
5.0,3.0,25.73,26.629999,25.23,25.450001,191100.0,-0.2799990000000001
5.0,2.0,24.82,25.629999,24.540001,25.41,331900.0,0.5899999999999999
5.0,1.0,24.799999,24.799999,23.33,24.1,264900.0,-0.6999989999999983
4.0,30.0,24.92,24.98,23.950001,24.799999,286900.0,-0.12000100000000202
4.0,29.0,24.84,25.049999,24.57,24.879999,230100.0,0.03999900000000167
4.0,26.0,24.93,25.1,24.75,24.77,198600.0,-0.16000000000000014
4.0,25.0,24.16,25.27,24.049999,24.85,240400.0,0.6900000000000013
4.0,24.0,23.65,24.370001,23.450001,24.0,262500.0,0.3500000000000014
4.0,23.0,22.9,23.99,22.9,23.559999,232200.0,0.6599990000000027
4.0,22.0,22.440001,22.85,22.049999,22.790001,99300.0,0.3500000000000014
4.0,19.0,21.93,22.469999,21.860001,22.42,149700.0,0.490000000000002
4.0,18.0,21.67,22.23,21.610001,22.0,111300.0,0.3299999999999983
4.0,17.0,21.5,21.92,21.059999,21.57,120800.0,0.07000000000000028
4.0,16.0,21.66,21.98,21.209999,21.700001,260900.0,0.040001000000000175
4.0,15.0,22.309999,22.59,21.719999,21.940001,259000.0,-0.3699980000000025
4.0,12.0,21.83,22.57,21.700001,22.1,170400.0,0.2700000000000031
4.0,11.0,22.68,22.68,21.6,21.73,268700.0,-0.9499999999999993
4.0,10.0,21.48,22.559999,21.139999,22.139999,148800.0,0.6599989999999991
4.0,9.0,21.48,21.790001,21.01,21.51,161700.0,0.030000000000001137
4.0,8.0,21.26,21.459999,20.92,21.34,321800.0,0.0799999999999983
4.0,5.0,20.07,21.040001,19.690001,20.629999,286500.0,0.5599990000000012
4.0,4.0,21.0,21.299999,20.16,20.209999,340300.0,-0.7900010000000002
4.0,3.0,21.49,21.49,20.74,20.91,141100.0,-0.5799999999999983
4.0,2.0,21.15,21.639999,21.09,21.41,204000.0,0.26000000000000156
4.0,1.0,21.1,21.48,20.860001,21.040001,141100.0,-0.059999000000001246
3.0,28.0,20.74,21.18,20.709999,21.01,116900.0,0.2700000000000031
3.0,27.0,20.860001,20.99,20.389999,20.76,167100.0,-0.1000009999999989
3.0,26.0,21.120001,21.299999,20.049999,20.99,219800.0,-0.13000100000000003
3.0,25.0,22.389999,22.389999,21.049999,21.200001,342600.0,-1.1899979999999992
3.0,22.0,21.52,22.32,21.43,22.030001,327100.0,0.510000999999999
3.0,21.0,21.950001,21.950001,20.9,21.440001,523600.0,-0.5100000000000016
3.0,20.0,20.879999,21.74,20.700001,20.959999,267700.0,0.0799999999999983
3.0,19.0,20.370001,20.809999,20.370001,20.65,215800.0,0.2799990000000001
3.0,18.0,19.85,20.459999,19.66,20.219999,346800.0,0.36999899999999997
3.0,15.0,19.49,19.9,19.360001,19.879999,551500.0,0.3899990000000031
3.0,14.0,19.0,19.99,18.940001,19.299999,655600.0,0.2999989999999997
3.0,13.0,18.16,19.200001,18.059999,18.74,473500.0,0.5799999999999983
3.0,12.0,17.85,18.1,17.780001,18.02,246600.0,0.16999999999999815
3.0,11.0,17.860001,17.98,17.799999,17.889999,241600.0,0.02999799999999908
3.0,8.0,17.940001,17.940001,17.58,17.799999,170400.0,-0.14000199999999907
3.0,7.0,17.950001,17.99,17.75,17.84,111700.0,-0.11000100000000046
3.0,6.0,17.68,17.93,17.58,17.889999,135100.0,0.20999899999999982
3.0,5.0,17.75,17.799999,17.41,17.620001,170900.0,-0.12999900000000153
3.0,4.0,17.77,17.780001,17.629999,17.719999,155300.0,-0.050000999999998186
3.0,1.0,17.75,17.790001,17.65,17.690001,158200.0,-0.059999000000001246
2.0,28.0,17.709999,17.82,17.440001,17.629999,255500.0,-0.0799999999999983
2.0,27.0,17.809999,17.84,17.1,17.200001,630600.0,-0.6099980000000009
2.0,26.0,17.889999,17.92,17.690001,17.76,281900.0,-0.12999899999999798
2.0,25.0,18.040001,18.1,17.76,17.889999,340300.0,-0.15000200000000063
2.0,22.0,18.0,18.040001,17.870001,17.940001,360500.0,-0.059999000000001246
2.0,21.0,17.85,18.030001,17.67,17.85,586900.0,0.0
2.0,20.0,17.76,18.049999,17.67,17.9,196500.0,0.13999999999999702
2.0,19.0,18.219999,18.219999,17.67,17.73,255200.0,-0.48999900000000096
2.0,15.0,17.75,17.92,17.360001,17.860001,125600.0,0.11000100000000046
2.0,14.0,17.73,18.0,17.73,17.77,53200.0,0.03999999999999915
2.0,13.0,17.950001,18.01,17.700001,17.83,84700.0,-0.12000100000000202
2.0,12.0,18.09,18.09,17.9,17.969999,95300.0,-0.12000099999999847
2.0,11.0,18.17,18.18,17.75,17.85,144700.0,-0.3200000000000003
2.0,8.0,17.950001,17.99,17.76,17.91,87000.0,-0.040001000000000175
2.0,7.0,17.950001,17.950001,17.76,17.870001,57600.0,-0.08000000000000185
2.0,6.0,17.959999,18.01,17.709999,17.93,30900.0,-0.02999900000000011
2.0,5.0,17.709999,17.99,17.709999,17.940001,47700.0,0.23000199999999893
2.0,4.0,17.93,18.0,17.66,17.74,102500.0,-0.19000000000000128
2.0,1.0,18.4,18.4,17.83,17.950001,154100.0,-0.44999899999999826
1.0,31.0,18.0,18.49,17.559999,18.389999,206400.0,0.38999899999999954
1.0,30.0,18.01,18.09,17.950001,18.08,578400.0,0.06999999999999673
1.0,29.0,18.059999,18.059999,17.35,18.0,512000.0,-0.059999000000001246
1.0,28.0,18.24,18.24,17.860001,17.959999,184000.0,-0.2800009999999986
1.0,25.0,17.67,18.0,17.67,18.0,365200.0,0.3299999999999983
1.0,24.0,17.59,17.74,17.5,17.66,224100.0,0.07000000000000028
1.0,23.0,17.92,17.92,17.360001,17.66,281900.0,-0.26000000000000156
1.0,22.0,17.27,18.16,16.91,17.57,344100.0,0.3000000000000007
1.0,18.0,16.91,17.26,16.719999,17.110001,310900.0,0.20000100000000032
1.0,17.0,17.0,17.0,16.620001,16.74,108800.0,-0.26000000000000156
1.0,16.0,16.77,16.77,16.450001,16.639999,188400.0,-0.13000100000000003
1.0,15.0,16.77,16.860001,16.57,16.73,312400.0,-0.03999999999999915
1.0,14.0,16.860001,16.969999,16.58,16.809999,87200.0,-0.050001999999999214
1.0,11.0,16.93,16.93,16.65,16.82,48000.0,-0.10999999999999943
1.0,10.0,16.9,16.99,16.719999,16.9,59800.0,0.0
1.0,9.0,16.91,17.030001,16.41,16.85,78500.0,-0.05999999999999872
1.0,8.0,16.65,16.98,16.65,16.93,35700.0,0.28000000000000114
1.0,7.0,16.799999,16.799999,16.5,16.719999,60900.0,-0.0799999999999983
1.0,4.0,16.870001,16.870001,16.51,16.77,131300.0,-0.1000009999999989
1.0,3.0,16.799999,16.9,16.549999,16.74,54200.0,-0.059999000000001246
1.0,2.0,17.549999,17.549999,16.6,16.809999,152900.0,-0.7399999999999984
12.0,31.0,16.950001,16.950001,16.58,16.83,171900.0,-0.12000100000000202
12.0,28.0,17.02,17.09,16.82,16.950001,124600.0,-0.06999899999999926
12.0,27.0,16.76,17.440001,16.700001,17.129999,248700.0,0.36999899999999997
12.0,26.0,16.75,16.969999,16.75,16.870001,119100.0,0.12000099999999847
12.0,24.0,17.559999,17.559999,16.110001,16.809999,51700.0,-0.75
12.0,21.0,16.66,16.76,16.309999,16.5,227900.0,-0.16000000000000014
12.0,20.0,16.4,17.24,16.190001,16.66,408200.0,0.26000000000000156
12.0,19.0,16.459999,16.610001,16.17,16.450001,196100.0,-0.009997999999999507
12.0,18.0,15.96,16.639999,15.75,16.549999,220600.0,0.5899989999999988
12.0,17.0,15.97,16.48,15.62,15.83,382300.0,-0.14000000000000057
12.0,14.0,15.75,16.18,15.6,15.81,195500.0,0.0600000000000005
12.0,13.0,15.35,16.1,15.18,15.76,2462700.0,0.41000000000000014
12.0,12.0,15.05,15.19,14.95,15.12,126300.0,0.06999999999999851
12.0,11.0,14.93,15.18,14.84,15.0,75400.0,0.07000000000000028
12.0,10.0,15.1,15.1,14.67,14.77,139700.0,-0.33000000000000007
12.0,7.0,14.85,15.51,14.84,15.11,231500.0,0.2599999999999998
12.0,6.0,15.2,15.46,14.85,14.87,207000.0,-0.33000000000000007
12.0,5.0,15.71,15.71,14.99,15.01,126200.0,-0.7000000000000011
12.0,4.0,16.0,16.950001,15.2,15.57,75800.0,-0.4299999999999997
12.0,3.0,15.81,16.18,15.51,15.99,381100.0,0.17999999999999972
11.0,30.0,15.6,15.81,15.28,15.67,140100.0,0.07000000000000028
11.0,29.0,15.86,15.89,14.93,15.8,101400.0,-0.05999999999999872
11.0,28.0,15.4,15.68,15.35,15.66,348200.0,0.2599999999999998
11.0,27.0,15.66,15.66,15.24,15.51,162400.0,-0.15000000000000036
11.0,26.0,15.63,15.63,14.65,15.38,124100.0,-0.25
11.0,23.0,14.84,15.19,14.82,14.96,8500.0,0.120000000000001
11.0,21.0,14.6,15.05,14.6,15.05,352600.0,0.45000000000000107
11.0,20.0,14.41,14.91,14.01,14.62,218000.0,0.20999999999999908
11.0,19.0,13.35,14.6,13.35,14.55,338400.0,1.200000000000001
11.0,16.0,13.26,13.8,13.21,13.56,101500.0,0.3000000000000007
11.0,15.0,13.6,14.19,13.2,13.3,77800.0,-0.29999999999999893
11.0,14.0,13.58,13.95,13.43,13.61,49200.0,0.02999999999999936
11.0,13.0,13.68,13.76,12.02,13.51,58600.0,-0.16999999999999993
11.0,12.0,13.66,13.87,12.0,13.69,71900.0,0.02999999999999936
11.0,9.0,13.55,14.28,13.29,13.5,92600.0,-0.05000000000000071
11.0,8.0,14.06,14.42,13.45,13.68,73000.0,-0.3800000000000008
11.0,7.0,14.3,14.3,13.7,14.2,60800.0,-0.10000000000000142
11.0,6.0,14.39,15.02,14.01,14.2,182900.0,-0.19000000000000128
11.0,5.0,14.57,14.6,14.17,14.21,40500.0,-0.35999999999999943
11.0,2.0,14.7,14.89,14.45,14.6,98600.0,-0.09999999999999964
11.0,1.0,14.26,14.7,14.26,14.4,36900.0,0.14000000000000057
10.0,31.0,14.53,14.82,14.26,14.38,40100.0,-0.14999999999999858
10.0,26.0,14.44,14.46,14.2,14.35,79400.0,-0.08999999999999986
10.0,25.0,14.65,14.65,14.2,14.41,27200.0,-0.2400000000000002
10.0,24.0,14.56,14.88,14.39,14.5,58800.0,-0.0600000000000005
10.0,23.0,14.37,14.82,14.26,14.38,64900.0,0.010000000000001563
10.0,22.0,13.5,14.78,13.5,14.57,41300.0,1.0700000000000003
10.0,19.0,15.25,15.25,14.14,14.71,22900.0,-0.5399999999999991
10.0,18.0,14.64,14.75,14.3,14.47,45900.0,-0.16999999999999993
10.0,17.0,14.91,15.1,14.56,14.64,48800.0,-0.2699999999999996
10.0,16.0,15.14,15.14,14.87,14.94,81400.0,-0.20000000000000107
10.0,15.0,15.26,15.26,14.99,15.12,329000.0,-0.14000000000000057
10.0,12.0,14.99,15.13,14.7,15.07,124600.0,0.08000000000000007
10.0,11.0,14.45,15.1,14.3,15.08,329100.0,0.6300000000000008
10.0,10.0,14.27,14.48,14.16,14.31,136000.0,0.040000000000000924
10.0,9.0,14.14,14.37,14.06,14.31,31300.0,0.16999999999999993
10.0,8.0,13.97,14.28,13.91,14.2,99500.0,0.22999999999999865
10.0,5.0,14.15,14.15,13.77,13.98,14300.0,-0.16999999999999993
10.0,4.0,13.99,14.07,13.97,14.05,95800.0,0.0600000000000005
10.0,3.0,13.99,14.06,13.58,13.97,102700.0,-0.019999999999999574
10.0,2.0,14.46,14.67,13.95,14.01,40000.0,-0.45000000000000107
10.0,1.0,14.57,14.7,14.25,14.49,213400.0,-0.08000000000000007
9.0,28.0,14.15,14.55,14.1,14.38,44800.0,0.23000000000000043
9.0,27.0,14.3,14.7,14.24,14.26,110700.0,-0.040000000000000924
9.0,26.0,14.09,15.32,14.09,14.72,24500.0,0.6300000000000008
9.0,25.0,14.6,14.86,14.34,14.44,56900.0,-0.16000000000000014
9.0,24.0,16.99,16.99,14.12,14.59,174400.0,-2.3999999999999986
9.0,21.0,15.0,15.7,14.55,14.9,565600.0,-0.09999999999999964
9.0,20.0,14.29,14.53,14.29,14.53,194800.0,0.2400000000000002
9.0,19.0,13.96,14.68,13.96,14.45,248500.0,0.48999999999999844
9.0,18.0,13.42,14.0,13.09,13.99,114800.0,0.5700000000000003
9.0,17.0,13.55,13.88,13.12,13.38,337800.0,-0.16999999999999993
9.0,14.0,13.74,13.74,13.55,13.55,131300.0,-0.1899999999999995
9.0,13.0,13.26,13.85,13.08,13.69,355800.0,0.4299999999999997
9.0,12.0,13.0,13.5,12.75,13.32,136700.0,0.3200000000000003
9.0,11.0,12.86,12.89,12.73,12.89,128000.0,0.030000000000001137
9.0,10.0,12.79,12.9,12.73,12.73,129800.0,-0.05999999999999872
9.0,7.0,12.85,12.85,12.75,12.75,89900.0,-0.09999999999999964
9.0,6.0,12.7,12.93,12.65,12.81,164500.0,0.11000000000000121
9.0,5.0,12.56,13.03,12.38,12.73,217400.0,0.16999999999999993
9.0,4.0,12.6,12.6,12.25,12.5,136900.0,-0.09999999999999964
8.0,31.0,12.32,12.65,12.19,12.55,62900.0,0.23000000000000043
8.0,30.0,12.0,12.65,11.75,12.5,795100.0,0.5
8.0,29.0,12.19,12.5,12.02,12.25,60300.0,0.0600000000000005
8.0,28.0,12.44,12.97,12.18,12.97,155100.0,0.5300000000000011
8.0,27.0,12.86,12.86,12.21,12.32,234300.0,-0.5399999999999991
8.0,24.0,12.56,12.75,12.15,12.25,561400.0,-0.3100000000000005
8.0,23.0,12.8,13.0,12.49,12.95,151800.0,0.14999999999999858
8.0,22.0,12.1,13.0,11.75,13.0,194200.0,0.9000000000000004
