9.0,25.0,18.48,18.48,17.91,17.91,73700.0,-0.5700000000000003
9.0,24.0,18.219999,18.379999,18.120001,18.24,55200.0,0.02000099999999705
9.0,23.0,18.360001,18.42,18.209999,18.290001,37000.0,-0.07000000000000028
9.0,22.0,18.07,18.5,18.07,18.27,89400.0,0.1999999999999993
9.0,21.0,18.459999,18.49,18.139999,18.41,54600.0,-0.04999899999999968
9.0,18.0,18.01,18.450001,18.01,18.450001,124100.0,0.44000099999999875
9.0,17.0,18.120001,18.379999,17.959999,18.25,73900.0,0.12999900000000153
9.0,16.0,18.25,18.32,18.049999,18.200001,124800.0,-0.04999899999999968
9.0,15.0,17.9,18.18,17.85,18.18,66000.0,0.28000000000000114
9.0,14.0,17.969999,17.969999,17.559999,17.959999,38600.0,-0.010000000000001563
9.0,11.0,17.75,18.0,17.584,17.969999,50300.0,0.2199990000000014
9.0,10.0,17.68,18.0,17.6,18.0,50000.0,0.3200000000000003
9.0,9.0,17.85,17.99,17.549999,17.67,57000.0,-0.17999999999999972
9.0,8.0,17.790001,17.9,17.66,17.85,64400.0,0.059999000000001246
9.0,4.0,17.620001,18.0,17.5,17.629999,78100.0,0.00999800000000306
9.0,3.0,18.18,18.18,17.68,17.9,71200.0,-0.28000000000000114
9.0,2.0,17.370001,18.450001,17.1,18.25,364000.0,0.8799990000000015
9.0,1.0,17.25,17.440001,17.1,17.18,61700.0,-0.07000000000000028
8.0,31.0,17.52,17.65,17.4,17.48,60500.0,-0.03999999999999915
8.0,28.0,17.18,17.65,17.120001,17.65,81200.0,0.46999999999999886
8.0,27.0,17.299999,17.51,17.08,17.290001,58800.0,-0.009997999999999507
8.0,26.0,17.280001,17.719999,17.0,17.25,172700.0,-0.030000999999998612
8.0,25.0,17.73,17.844999,17.0,17.01,102300.0,-0.7199999999999989
8.0,24.0,17.450001,17.639999,17.209999,17.24,92500.0,-0.21000100000000188
8.0,21.0,17.48,17.950001,17.469999,17.690001,183200.0,0.21000099999999833
8.0,20.0,17.969999,18.15,17.790001,17.790001,112400.0,-0.1799980000000012
8.0,19.0,17.59,17.92,17.4,17.780001,62700.0,0.19000099999999875
8.0,18.0,17.950001,17.965,17.610001,17.690001,36500.0,-0.26000000000000156
8.0,17.0,17.860001,17.99,17.790001,17.99,30700.0,0.12999899999999798
8.0,14.0,17.620001,17.889999,17.52,17.889999,76900.0,0.26999800000000107
8.0,13.0,17.59,17.780001,17.450001,17.75,63700.0,0.16000000000000014
8.0,12.0,17.870001,17.870001,17.309999,17.74,62600.0,-0.13000100000000003
8.0,11.0,17.370001,17.950001,17.271999,17.950001,74800.0,0.5800000000000018
8.0,10.0,17.57,17.889999,17.370001,17.59,129200.0,0.019999999999999574
8.0,7.0,17.58,17.809999,17.43,17.530001,60800.0,-0.04999899999999968
8.0,6.0,18.01,18.01,17.628,17.780001,50100.0,-0.22999900000000295
8.0,5.0,17.59,18.200001,17.59,17.75,118500.0,0.16000000000000014
8.0,4.0,18.059999,18.200001,17.91,18.049999,79000.0,-0.010000000000001563
8.0,3.0,18.049999,18.09,17.51,18.09,60500.0,0.040001000000000175
7.0,31.0,17.57,18.15,17.540001,18.139999,181700.0,0.5699989999999993
7.0,30.0,17.15,17.790001,17.049999,17.549999,135000.0,0.3999990000000011
7.0,29.0,17.360001,17.724001,17.07,17.25,177200.0,-0.11000100000000046
7.0,28.0,17.469999,17.84,17.15,17.34,60200.0,-0.12999900000000153
7.0,27.0,17.43,17.959999,17.280001,17.469999,116600.0,0.03999900000000167
7.0,24.0,17.129999,17.419001,17.037001,17.190001,87200.0,0.060001999999997224
7.0,23.0,17.5,17.58,17.0,17.209999,78400.0,-0.2900010000000002
7.0,22.0,17.41,17.860001,17.379999,17.65,88100.0,0.23999999999999844
7.0,21.0,17.059999,17.395,17.059999,17.18,40100.0,0.12000099999999847
7.0,20.0,17.52,17.57,17.09,17.129999,65200.0,-0.39000099999999804
7.0,17.0,17.559999,17.709999,17.35,17.59,68600.0,0.030000999999998612
7.0,16.0,17.76,17.9,17.57,17.620001,62300.0,-0.1399990000000031
7.0,15.0,16.690001,17.809999,16.690001,17.77,114500.0,1.0799990000000008
7.0,14.0,17.1,17.370001,16.51,16.690001,544200.0,-0.40999900000000267
7.0,13.0,17.190001,17.469999,17.049999,17.129999,140700.0,-0.060001999999997224
7.0,10.0,17.950001,18.030001,17.219999,17.42,242400.0,-0.5300009999999986
7.0,9.0,18.57,18.700001,17.76,17.959999,162400.0,-0.6100010000000005
7.0,8.0,18.18,18.9,18.0,18.58,281600.0,0.3999999999999986
7.0,7.0,18.139999,18.620001,17.775,18.360001,235200.0,0.22000200000000092
7.0,6.0,17.709999,18.299999,17.645,18.290001,117700.0,0.5800020000000004
7.0,2.0,17.73,18.32,17.59,17.84,242100.0,0.10999999999999943
7.0,1.0,17.59,17.879999,17.07,17.620001,115900.0,0.030000999999998612
6.0,30.0,17.6,17.76,17.370001,17.48,72100.0,-0.120000000000001
6.0,29.0,17.33,17.709999,17.33,17.450001,115400.0,0.12000100000000202
6.0,26.0,17.15,17.67,17.004999,17.6,3753400.0,0.45000000000000284
6.0,25.0,17.52,17.67,16.91,17.200001,216200.0,-0.31999899999999926
6.0,24.0,17.76,17.870001,17.27,17.299999,146600.0,-0.4600010000000019
6.0,23.0,18.1,18.209999,17.719999,17.82,99400.0,-0.28000000000000114
6.0,22.0,17.98,18.41,17.92,18.059999,106500.0,0.07999900000000082
6.0,19.0,18.08,18.08,17.940001,18.0,138900.0,-0.0799999999999983
6.0,18.0,18.129999,18.469999,17.93,18.15,141900.0,0.02000099999999705
6.0,17.0,18.5,18.662001,17.959999,18.23,155200.0,-0.2699999999999996
6.0,16.0,18.65,19.0,18.51,18.73,255200.0,0.08000000000000185
6.0,15.0,17.58,18.799999,17.58,18.68,363300.0,1.1000000000000014
6.0,12.0,17.5,17.6,17.389999,17.559999,71500.0,0.059999000000001246
6.0,11.0,17.23,17.667999,17.23,17.469999,99900.0,0.23999900000000096
6.0,10.0,17.719999,17.799999,17.549999,17.77,102800.0,0.050000999999998186
6.0,9.0,17.190001,17.700001,17.16,17.68,81500.0,0.48999900000000096
6.0,8.0,17.200001,17.309999,17.09,17.190001,110500.0,-0.010000000000001563
6.0,5.0,16.950001,17.16,16.811001,17.16,134000.0,0.20999899999999982
6.0,4.0,17.0,17.075001,16.629999,16.959999,267300.0,-0.040001000000000175
6.0,3.0,17.629999,17.690001,17.040001,17.08,152600.0,-0.5499990000000032
6.0,2.0,17.68,17.745001,17.549999,17.59,55800.0,-0.08999999999999986
6.0,1.0,17.879999,17.879999,17.58,17.700001,86500.0,-0.1799980000000012
5.0,29.0,17.43,17.83,17.4,17.75,64100.0,0.3200000000000003
5.0,28.0,17.26,17.57,17.01,17.52,119300.0,0.259999999999998
5.0,27.0,17.42,17.42,17.110001,17.26,150300.0,-0.16000000000000014
5.0,26.0,17.6,17.6,17.110001,17.33,99200.0,-0.2700000000000031
5.0,22.0,17.389999,17.575001,17.35,17.5,79500.0,0.11000100000000046
5.0,21.0,17.6,17.955,17.35,17.51,93000.0,-0.08999999999999986
5.0,20.0,17.32,17.950001,17.32,17.73,107700.0,0.41000000000000014
5.0,19.0,18.07,18.07,17.07,17.370001,156500.0,-0.6999990000000018
5.0,18.0,17.379999,18.01,17.24,17.93,143300.0,0.5500009999999982
5.0,15.0,17.43,17.605,17.219999,17.52,99900.0,0.08999999999999986
5.0,14.0,17.0,17.5,16.870001,17.41,129800.0,0.41000000000000014
5.0,13.0,17.110001,17.290001,16.75,16.82,196400.0,-0.2900010000000002
5.0,12.0,17.200001,17.360001,17.200001,17.25,111600.0,0.04999899999999968
5.0,11.0,17.34,17.450001,17.1,17.4,168300.0,0.05999999999999872
5.0,8.0,17.6,18.25,17.450001,17.450001,73200.0,-0.1499990000000011
5.0,7.0,17.5,17.879999,17.41,17.52,104500.0,0.019999999999999574
5.0,6.0,17.75,17.75,17.25,17.540001,92600.0,-0.20999899999999982
5.0,5.0,18.1,18.1,17.41,17.450001,105300.0,-0.6499990000000011
5.0,4.0,17.75,18.309999,17.75,18.09,68900.0,0.33999999999999986
5.0,1.0,17.719999,18.094999,17.636,17.790001,75900.0,0.07000199999999879
4.0,30.0,18.09,18.204,17.65,17.719999,107700.0,-0.37000099999999847
4.0,29.0,18.43,18.48,18.030001,18.059999,104100.0,-0.37000099999999847
4.0,28.0,18.43,18.889999,18.43,18.459999,64100.0,0.02999900000000011
4.0,27.0,18.299999,18.700001,18.155001,18.530001,70200.0,0.23000199999999893
4.0,24.0,18.57,18.719999,18.1,18.110001,112600.0,-0.4599989999999998
4.0,23.0,18.709999,18.790001,18.559999,18.57,76200.0,-0.13999899999999954
4.0,22.0,18.32,18.75,18.32,18.709999,119000.0,0.38999899999999954
4.0,21.0,18.9,18.9,18.299999,18.32,77400.0,-0.5799999999999983
4.0,20.0,18.6,18.940001,18.6,18.91,80700.0,0.3099999999999987
4.0,17.0,18.52,18.74,18.48,18.73,70200.0,0.21000000000000085
4.0,16.0,18.309999,18.530001,18.299999,18.530001,71500.0,0.22000199999999737
4.0,15.0,18.299999,18.5,18.290001,18.360001,80600.0,0.06000200000000078
4.0,14.0,18.309999,18.469999,18.15,18.23,75600.0,-0.07999900000000082
4.0,13.0,18.299999,18.35,18.1,18.290001,58700.0,-0.009997999999999507
4.0,10.0,18.190001,18.450001,18.120001,18.34,67000.0,0.1499990000000011
4.0,9.0,18.35,18.35,17.99,18.09,52100.0,-0.26000000000000156
4.0,8.0,18.450001,18.66,18.35,18.41,111800.0,-0.040001000000000175
4.0,7.0,18.120001,18.67,18.075001,18.48,238600.0,0.35999900000000196
4.0,6.0,17.98,18.164,17.860001,18.07,140200.0,0.08999999999999986
4.0,2.0,17.709999,18.0,17.709999,18.0,121700.0,0.2900010000000002
4.0,1.0,17.559999,17.725,17.389999,17.709999,42100.0,0.14999999999999858
3.0,31.0,18.0,18.129999,17.5,17.52,186500.0,-0.4800000000000004
3.0,30.0,17.969999,18.072001,17.9,18.049999,99000.0,0.0799999999999983
3.0,27.0,18.0,18.17,17.9,17.969999,80200.0,-0.030000999999998612
3.0,26.0,17.99,18.190001,17.85,18.0,136200.0,0.010000000000001563
3.0,25.0,18.0,18.0,17.91,17.99,72600.0,-0.010000000000001563
3.0,24.0,18.0,18.0,17.91,17.940001,57600.0,-0.059999000000001246
3.0,23.0,17.790001,17.98,17.719999,17.98,66600.0,0.18999900000000025
3.0,20.0,17.48,17.889999,17.35,17.809999,196100.0,0.3299990000000008
3.0,19.0,17.459999,17.5,17.25,17.299999,161300.0,-0.16000000000000014
3.0,18.0,17.209999,17.450001,17.200001,17.450001,70200.0,0.2400020000000005
3.0,17.0,17.27,17.485001,17.209999,17.309999,125400.0,0.03999900000000167
3.0,16.0,17.389999,17.469999,17.17,17.309999,66600.0,-0.0799999999999983
3.0,13.0,17.459999,17.5,17.25,17.469999,93400.0,0.010000000000001563
3.0,12.0,17.379999,17.441999,17.26,17.4,96800.0,0.02000099999999705
3.0,11.0,17.190001,17.392,17.01,17.299999,61500.0,0.10999800000000093
3.0,10.0,17.540001,17.540001,17.01,17.27,89100.0,-0.2700010000000006
3.0,9.0,17.18,17.639999,16.99,17.549999,114300.0,0.36999899999999997
3.0,6.0,17.59,17.59,16.75,17.16,127400.0,-0.4299999999999997
3.0,5.0,17.450001,17.6,17.219999,17.469999,135800.0,0.01999800000000107
3.0,4.0,17.77,17.77,17.121,17.33,133500.0,-0.4400000000000013
3.0,3.0,16.889999,17.74,16.59,17.709999,195300.0,0.8200000000000003
3.0,2.0,16.879999,16.99,16.51,16.620001,142500.0,-0.25999800000000306
2.0,27.0,16.809999,16.976,16.75,16.85,99000.0,0.040001000000000175
2.0,26.0,16.799999,16.945999,16.639999,16.75,109500.0,-0.04999899999999968
2.0,25.0,16.74,16.98,16.5,16.9,133200.0,0.16000000000000014
2.0,24.0,16.58,16.66,16.360001,16.620001,102200.0,0.040001000000000175
2.0,23.0,16.469999,16.75,16.35,16.620001,105300.0,0.15000199999999708
2.0,20.0,16.209999,16.66,16.200001,16.57,117100.0,0.36000100000000046
2.0,19.0,15.97,16.75,15.97,16.18,214000.0,0.20999999999999908
2.0,18.0,16.049999,16.530001,16.049999,16.49,80100.0,0.44000099999999875
2.0,17.0,16.23,16.465,16.02,16.02,185100.0,-0.21000000000000085
2.0,13.0,16.290001,16.5,16.15,16.5,70700.0,0.20999899999999982
2.0,12.0,16.040001,16.309999,16.01,16.219999,60800.0,0.1799980000000012
2.0,11.0,16.469999,16.469999,15.93,16.07,143400.0,-0.3999990000000011
2.0,10.0,16.860001,16.92,16.450001,16.469999,86100.0,-0.39000199999999907
2.0,9.0,16.85,16.92,16.75,16.799999,97200.0,-0.05000100000000174
2.0,6.0,16.92,16.950001,16.65,16.85,112000.0,-0.07000000000000028
2.0,5.0,16.75,16.938999,16.540001,16.790001,146000.0,0.040001000000000175
2.0,4.0,16.6,16.91,16.459999,16.639999,104700.0,0.03999899999999812
2.0,3.0,16.450001,16.91,16.450001,16.639999,115700.0,0.18999799999999922
2.0,2.0,16.34,16.790001,16.27,16.65,81200.0,0.3099999999999987
1.0,30.0,16.459999,17.0,16.23,16.24,151400.0,-0.2199990000000014
1.0,29.0,16.51,16.67,16.360001,16.540001,179300.0,0.030000999999998612
1.0,28.0,16.68,16.690001,16.389999,16.5,66100.0,-0.17999999999999972
1.0,27.0,16.450001,16.940001,16.41,16.459999,94400.0,0.009997999999999507
1.0,26.0,16.83,16.917,16.4,16.77,145000.0,-0.05999999999999872
1.0,23.0,16.969999,16.98,16.58,16.690001,64300.0,-0.27999800000000263
1.0,22.0,16.549999,17.040001,16.42,16.98,144900.0,0.43000100000000074
1.0,21.0,16.59,16.91,16.4,16.57,123600.0,-0.019999999999999574
1.0,20.0,16.940001,16.940001,16.209999,16.4,110400.0,-0.5400010000000002
1.0,16.0,16.82,17.014999,16.540001,16.83,97800.0,0.00999999999999801
1.0,15.0,17.02,17.190001,16.559999,16.700001,167300.0,-0.31999899999999926
1.0,14.0,17.4,17.450001,16.85,16.99,81100.0,-0.41000000000000014
1.0,13.0,17.6,17.620001,17.299999,17.450001,61000.0,-0.1499990000000011
1.0,12.0,17.75,17.76,17.190001,17.610001,52900.0,-0.13999899999999954
1.0,9.0,17.799999,17.969999,17.4,17.719999,69000.0,-0.0799999999999983
1.0,8.0,17.75,17.790001,17.4,17.77,83100.0,0.019999999999999574
1.0,7.0,17.129999,18.0,17.0,17.18,148200.0,0.050000999999998186
1.0,6.0,17.629999,17.780001,16.6,17.09,162400.0,-0.5399990000000017
1.0,5.0,17.799999,17.99,17.610001,17.790001,67000.0,-0.009997999999999507
1.0,2.0,18.379999,18.389999,17.799999,17.9,79400.0,-0.47999900000000295
12.0,31.0,17.780001,18.42,17.690001,18.34,240400.0,0.5599990000000012
12.0,30.0,16.93,17.959999,16.75,17.82,381600.0,0.8900000000000006
12.0,29.0,18.25,18.469999,15.98,16.77,742200.0,-1.4800000000000004
12.0,26.0,18.4,18.580999,18.219999,18.34,70000.0,-0.05999999999999872
12.0,24.0,18.34,18.389999,18.219999,18.27,24700.0,-0.07000000000000028
12.0,23.0,18.6,18.610001,18.25,18.27,86900.0,-0.33000000000000185
12.0,22.0,18.75,18.75,18.478001,18.620001,97500.0,-0.12999900000000153
12.0,19.0,18.790001,18.91,18.459999,18.67,103000.0,-0.12000099999999847
12.0,18.0,18.5,18.9,18.360001,18.719999,86700.0,0.2199990000000014
12.0,17.0,18.67,18.799999,18.200001,18.5,102000.0,-0.1700000000000017
12.0,16.0,18.540001,18.839001,18.5,18.74,66700.0,0.19999899999999826
12.0,15.0,19.07,19.1,18.540001,18.58,132400.0,-0.490000000000002
12.0,12.0,19.1,19.110001,18.860001,19.02,51100.0,-0.08000000000000185
12.0,11.0,19.120001,19.190001,19.0,19.059999,62800.0,-0.060001999999997224
12.0,10.0,19.280001,19.309999,19.02,19.02,57200.0,-0.26000099999999904
12.0,9.0,19.07,19.370001,19.02,19.26,59200.0,0.19000000000000128
12.0,8.0,19.18,19.23,19.01,19.02,40000.0,-0.16000000000000014
12.0,5.0,19.290001,19.299999,19.01,19.219999,86400.0,-0.07000199999999879
12.0,4.0,19.26,19.370001,19.219999,19.25,34500.0,-0.010000000000001563
12.0,3.0,19.17,19.334,19.110001,19.32,49700.0,0.14999999999999858
12.0,2.0,19.01,19.4,19.01,19.16,73700.0,0.14999999999999858
12.0,1.0,19.35,19.469999,19.02,19.09,66000.0,-0.26000000000000156
11.0,28.0,19.42,19.5,19.27,19.360001,10900.0,-0.059999000000001246
11.0,26.0,19.219999,19.549999,19.219999,19.51,58800.0,0.2900010000000002
11.0,25.0,19.540001,19.57,19.26,19.26,85000.0,-0.2800009999999986
11.0,24.0,19.59,19.6,19.299999,19.49,88400.0,-0.10000000000000142
11.0,21.0,19.6,19.6,19.379999,19.52,129600.0,-0.08000000000000185
11.0,20.0,19.43,19.6,19.41,19.57,78500.0,0.14000000000000057
11.0,19.0,19.4,19.52,19.290001,19.32,51100.0,-0.0799999999999983
11.0,18.0,19.719999,19.719999,19.4,19.42,54400.0,-0.2999989999999997
11.0,17.0,19.65,19.75,19.469999,19.73,127600.0,0.08000000000000185
11.0,14.0,19.48,19.74,19.41,19.65,149800.0,0.16999999999999815
11.0,13.0,19.110001,19.6,19.110001,19.5,103700.0,0.38999899999999954
11.0,12.0,19.35,19.58,19.299999,19.440001,41700.0,0.09000099999999733
11.0,11.0,19.25,19.549999,19.25,19.459999,61500.0,0.20999899999999982
11.0,10.0,19.25,19.440001,19.16,19.34,60700.0,0.08999999999999986
11.0,7.0,19.07,19.493999,19.07,19.25,76500.0,0.17999999999999972
11.0,6.0,19.030001,19.299999,19.0,19.09,130500.0,0.059999000000001246
11.0,5.0,19.120001,19.235001,19.0,19.110001,135200.0,-0.00999999999999801
11.0,4.0,19.059999,19.360001,19.059999,19.17,53800.0,0.11000100000000046
11.0,3.0,19.549999,19.67,19.200001,19.219999,49100.0,-0.3299999999999983
10.0,31.0,19.35,19.690001,19.200001,19.5,84500.0,0.14999999999999858
10.0,30.0,19.652,19.652,19.299999,19.42,73400.0,-0.23199999999999932
10.0,29.0,19.559999,19.75,19.0,19.58,171500.0,0.02000099999999705
10.0,28.0,19.530001,19.74,19.48,19.719999,52600.0,0.18999800000000278
10.0,27.0,19.85,19.85,19.4,19.43,160200.0,-0.4200000000000017
10.0,24.0,19.77,19.85,19.653999,19.85,94000.0,0.08000000000000185
10.0,23.0,19.629999,19.799999,19.6,19.780001,199200.0,0.15000199999999708
10.0,22.0,19.690001,19.74,19.58,19.65,213300.0,-0.040001000000000175
10.0,21.0,19.549999,19.700001,19.450001,19.52,190900.0,-0.02999900000000011
10.0,20.0,19.440001,19.58,19.299999,19.5,119500.0,0.059999000000001246
10.0,17.0,19.370001,19.5,19.190001,19.370001,54000.0,0.0
10.0,16.0,19.299999,19.440001,19.120001,19.209999,63900.0,-0.08999999999999986
10.0,15.0,19.280001,19.540001,19.280001,19.370001,82600.0,0.08999999999999986
10.0,14.0,19.73,19.73,19.389999,19.42,83300.0,-0.3099999999999987
10.0,13.0,19.700001,19.73,19.52,19.610001,95800.0,-0.08999999999999986
10.0,10.0,19.65,19.75,19.51,19.639999,50300.0,-0.010000999999999038
10.0,9.0,19.700001,19.73,19.48,19.700001,89500.0,0.0
10.0,8.0,19.52,19.719999,19.459999,19.620001,70500.0,0.1000009999999989
10.0,7.0,19.780001,19.799999,19.530001,19.6,80700.0,-0.1800009999999972
10.0,6.0,19.9,19.9,19.629999,19.700001,86600.0,-0.19999899999999826
10.0,3.0,19.620001,19.950001,19.309999,19.950001,469700.0,0.33000000000000185
10.0,2.0,19.57,19.737,19.41,19.68,102100.0,0.10999999999999943
10.0,1.0,19.620001,19.790001,19.51,19.635,93400.0,0.014999000000003093
9.0,30.0,19.75,19.82,19.559999,19.82,94600.0,0.07000000000000028
9.0,29.0,19.77,19.940001,19.51,19.700001,91500.0,-0.06999899999999926
9.0,26.0,19.85,19.98,19.559999,19.860001,167300.0,0.010000999999999038
9.0,25.0,19.75,19.98,19.51,19.940001,392500.0,0.19000099999999875
9.0,24.0,19.469999,19.76,19.379999,19.75,175100.0,0.2800009999999986
9.0,23.0,19.58,19.66,19.370001,19.459999,70000.0,-0.12000099999999847
9.0,22.0,19.65,19.77,19.490999,19.719999,104800.0,0.06999900000000281
9.0,19.0,19.5,19.77,19.200001,19.76,1133300.0,0.26000000000000156
9.0,18.0,19.41,19.5,19.200001,19.469999,219800.0,0.059999000000001246
9.0,17.0,19.4,19.5,19.083,19.49,137300.0,0.08999999999999986
9.0,16.0,18.969999,19.48,18.969999,19.389999,112900.0,0.41999999999999815
9.0,15.0,19.440001,19.440001,19.0,19.01,134900.0,-0.4300009999999972
9.0,12.0,19.200001,19.5,19.120001,19.43,130200.0,0.2299989999999994
9.0,11.0,19.42,19.59,18.969999,19.09,134000.0,-0.33000000000000185
9.0,10.0,19.190001,19.6,19.112,19.58,159800.0,0.38999899999999954
9.0,9.0,19.5,19.59,19.0,19.27,271800.0,-0.23000000000000043
9.0,8.0,18.799999,19.5,18.546,19.48,529400.0,0.6800010000000007
9.0,5.0,18.549999,18.82,18.530001,18.719999,69700.0,0.1700000000000017
9.0,4.0,18.67,18.83,18.51,18.549999,58900.0,-0.12000100000000202
9.0,3.0,18.58,18.889999,18.58,18.66,60900.0,0.08000000000000185
9.0,2.0,18.67,18.952,18.549999,18.85,78400.0,0.17999999999999972
8.0,29.0,18.52,18.73,18.370001,18.635,61900.0,0.11500000000000199
8.0,28.0,18.780001,18.84,18.51,18.549999,48800.0,-0.23000199999999893
8.0,27.0,18.99,18.99,18.52,18.73,54600.0,-0.259999999999998
8.0,26.0,18.790001,18.985001,18.705999,18.93,75200.0,0.13999899999999954
8.0,25.0,18.9,19.0,18.613001,18.99,123900.0,0.08999999999999986
8.0,22.0,18.74,18.889999,18.6,18.85,77900.0,0.11000000000000298
8.0,21.0,18.4,18.75,18.4,18.74,74100.0,0.33999999999999986
8.0,20.0,18.58,18.65,18.4,18.42,113900.0,-0.1599999999999966
8.0,19.0,18.610001,18.65,18.42,18.5,79800.0,-0.11000100000000046
8.0,18.0,18.469999,18.690001,18.4,18.59,53700.0,0.12000099999999847
8.0,15.0,18.66,18.742001,18.32,18.360001,75200.0,-0.2999989999999997
8.0,14.0,18.450001,18.719999,18.450001,18.549999,39500.0,0.09999799999999937
8.0,13.0,18.450001,18.75,18.4,18.5,118500.0,0.04999899999999968
8.0,12.0,19.0,19.0,18.27,18.629999,81500.0,-0.37000099999999847
8.0,11.0,18.549999,18.799999,18.360001,18.555,96500.0,0.005001000000000033
8.0,8.0,18.4,18.52,18.360001,18.52,80200.0,0.120000000000001
8.0,7.0,18.360001,18.57,18.312,18.379999,43800.0,0.01999800000000107
8.0,6.0,18.26,18.5,18.26,18.450001,50400.0,0.19000099999999875
8.0,5.0,18.549999,18.549999,18.26,18.280001,64300.0,-0.26999800000000107
8.0,4.0,18.73,18.74,18.5,18.58,50100.0,-0.15000000000000213
8.0,1.0,18.57,18.780001,18.549999,18.65,52400.0,0.0799999999999983
7.0,31.0,18.549999,18.700001,18.549999,18.65,81400.0,0.1000009999999989
7.0,30.0,18.26,18.59,18.26,18.549999,76500.0,0.2899989999999981
7.0,29.0,18.299999,18.6,18.200001,18.25,93300.0,-0.04999899999999968
7.0,28.0,18.5,18.709999,18.25,18.309999,124400.0,-0.19000099999999875
7.0,25.0,18.68,18.860001,18.5,18.530001,82100.0,-0.1499990000000011
7.0,24.0,18.889999,18.889999,18.35,18.58,100100.0,-0.30999900000000125
7.0,23.0,18.9,19.0,18.67,18.77,64100.0,-0.129999999999999
7.0,22.0,18.99,19.200001,18.67,18.799999,191400.0,-0.19000099999999875
7.0,21.0,18.940001,19.200001,18.75,18.809999,81300.0,-0.1300019999999975
7.0,18.0,18.299999,19.052,18.271999,19.049999,121000.0,0.75
7.0,17.0,17.950001,18.4,17.950001,18.280001,107600.0,0.3299999999999983
7.0,16.0,18.17,18.25,17.799999,18.059999,197700.0,-0.11000100000000046
7.0,15.0,18.360001,18.5,17.77,18.1,274700.0,-0.26000099999999904
7.0,14.0,18.6,18.889999,18.49,18.51,199500.0,-0.08999999999999986
7.0,11.0,18.950001,19.0,18.51,18.538,248200.0,-0.41200100000000006
7.0,10.0,19.309999,19.32,18.91,19.07,220800.0,-0.23999900000000096
7.0,9.0,19.351,19.389999,19.299999,19.379999,64400.0,0.02899900000000244
7.0,8.0,19.299999,19.4,19.299999,19.389999,56900.0,0.08999999999999986
7.0,7.0,19.389999,19.389999,19.27,19.370001,84500.0,-0.01999800000000107
7.0,3.0,19.26,19.290001,19.209999,19.26,34600.0,0.0
7.0,2.0,19.360001,19.360001,19.110001,19.26,123900.0,-0.1000009999999989
7.0,1.0,19.43,19.5,19.32,19.32,106100.0,-0.10999999999999943
6.0,30.0,19.370001,19.629999,19.370001,19.5,135500.0,0.12999900000000153
6.0,27.0,19.5,19.709999,19.290001,19.41,295500.0,-0.08999999999999986
6.0,26.0,19.5,19.5,19.280001,19.299999,146500.0,-0.20000100000000032
6.0,25.0,19.5,19.5,19.360001,19.370001,149900.0,-0.12999900000000153
6.0,24.0,19.5,19.6,19.4,19.452,117200.0,-0.047999999999998266
6.0,23.0,19.75,19.75,19.450001,19.5,148000.0,-0.25
6.0,20.0,19.530001,19.75,19.51,19.690001,186900.0,0.16000000000000014
6.0,19.0,19.549999,19.6,19.549999,19.580999,82900.0,0.030999999999998806
6.0,18.0,19.52,19.74,19.5,19.6,122300.0,0.08000000000000185
6.0,17.0,19.370001,19.620001,19.370001,19.540001,107700.0,0.1700000000000017
6.0,16.0,19.57,19.6,19.42,19.42,149500.0,-0.14999999999999858
6.0,13.0,19.690001,19.74,19.559999,19.58,154800.0,-0.11000100000000046
6.0,12.0,19.690001,19.75,19.690001,19.709999,94600.0,0.01999800000000107
6.0,11.0,19.639999,19.82,19.639999,19.82,202100.0,0.18000100000000074
6.0,10.0,19.75,19.889999,19.65,19.671,148700.0,-0.07900000000000063
6.0,9.0,19.610001,19.85,19.559999,19.659,168500.0,0.04899899999999846
6.0,6.0,19.75,19.764,19.5,19.610001,255200.0,-0.13999899999999954
6.0,5.0,19.5,19.83,19.5,19.6,250200.0,0.10000000000000142
6.0,4.0,21.040001,21.040001,18.719999,19.6,212700.0,-1.4400009999999988
