9.0,25.0,0.51,0.51,0.51,0.51,0.0,0.0
9.0,24.0,0.51,0.51,0.51,0.51,0.0,0.0
9.0,23.0,0.51,0.51,0.51,0.51,800.0,0.0
9.0,22.0,0.25,0.25,0.25,0.25,0.0,0.0
9.0,21.0,0.25,0.25,0.25,0.25,0.0,0.0
9.0,18.0,0.25,0.25,0.25,0.25,0.0,0.0
9.0,17.0,0.25,0.25,0.25,0.25,0.0,0.0
9.0,16.0,0.45,0.45,0.25,0.25,3300.0,-0.2
9.0,15.0,0.18,0.18,0.18,0.18,0.0,0.0
9.0,14.0,0.18,0.18,0.18,0.18,0.0,0.0
9.0,11.0,0.18,0.18,0.18,0.18,0.0,0.0
9.0,10.0,0.18,0.18,0.18,0.18,0.0,0.0
9.0,9.0,0.18,0.18,0.18,0.18,0.0,0.0
9.0,8.0,0.18,0.18,0.18,0.18,0.0,0.0
9.0,4.0,0.18,0.18,0.18,0.18,0.0,0.0
9.0,3.0,0.18,0.18,0.18,0.18,0.0,0.0
9.0,2.0,0.18,0.18,0.18,0.18,0.0,0.0
9.0,1.0,0.18,0.18,0.18,0.18,0.0,0.0
8.0,31.0,0.18,0.18,0.18,0.18,0.0,0.0
8.0,28.0,0.18,0.18,0.18,0.18,0.0,0.0
8.0,27.0,0.18,0.18,0.18,0.18,0.0,0.0
8.0,26.0,0.18,0.18,0.18,0.18,0.0,0.0
8.0,25.0,0.18,0.18,0.18,0.18,200.0,0.0
8.0,24.0,0.18,0.18,0.18,0.18,0.0,0.0
8.0,21.0,0.18,0.18,0.18,0.18,0.0,0.0
8.0,20.0,0.18,0.18,0.18,0.18,0.0,0.0
8.0,19.0,0.18,0.18,0.18,0.18,4700.0,0.0
8.0,18.0,0.18,0.18,0.18,0.18,300.0,0.0
8.0,17.0,0.18,0.18,0.18,0.18,4600.0,0.0
8.0,14.0,0.18,0.18,0.18,0.18,0.0,0.0
8.0,13.0,0.18,0.18,0.18,0.18,0.0,0.0
8.0,12.0,0.18,0.18,0.18,0.18,400.0,0.0
8.0,11.0,0.32,0.32,0.32,0.32,0.0,0.0
8.0,10.0,0.32,0.32,0.32,0.32,0.0,0.0
8.0,7.0,0.32,0.32,0.32,0.32,0.0,0.0
8.0,6.0,0.32,0.32,0.32,0.32,0.0,0.0
8.0,5.0,0.32,0.32,0.32,0.32,0.0,0.0
8.0,4.0,0.32,0.32,0.32,0.32,0.0,0.0
8.0,3.0,0.32,0.32,0.32,0.32,0.0,0.0
7.0,31.0,0.32,0.32,0.32,0.32,0.0,0.0
7.0,30.0,0.32,0.32,0.32,0.32,0.0,0.0
7.0,29.0,0.32,0.32,0.32,0.32,0.0,0.0
7.0,28.0,0.32,0.32,0.32,0.32,1000.0,0.0
7.0,27.0,0.27,0.27,0.27,0.27,1000.0,0.0
7.0,24.0,0.21,0.21,0.21,0.21,4000.0,0.0
7.0,23.0,0.21,0.21,0.21,0.21,1000.0,0.0
7.0,22.0,0.21,0.21,0.21,0.21,1000.0,0.0
7.0,21.0,0.24,0.24,0.21,0.21,6200.0,-0.03
7.0,20.0,0.24,0.24,0.24,0.24,0.0,0.0
7.0,17.0,0.35,0.35,0.24,0.24,800.0,-0.10999999999999999
7.0,16.0,0.35,0.35,0.35,0.35,0.0,0.0
7.0,15.0,0.35,0.35,0.35,0.35,0.0,0.0
7.0,14.0,0.35,0.35,0.35,0.35,900.0,0.0
7.0,13.0,0.35,0.35,0.35,0.35,1000.0,0.0
7.0,10.0,0.23,0.23,0.23,0.23,0.0,0.0
7.0,9.0,0.23,0.23,0.23,0.23,0.0,0.0
7.0,8.0,0.23,0.23,0.23,0.23,0.0,0.0
7.0,7.0,0.23,0.23,0.23,0.23,4200.0,0.0
7.0,6.0,0.35,0.35,0.35,0.35,0.0,0.0
7.0,2.0,0.35,0.35,0.35,0.35,0.0,0.0
7.0,1.0,0.35,0.35,0.35,0.35,0.0,0.0
6.0,30.0,0.35,0.35,0.35,0.35,0.0,0.0
6.0,29.0,0.35,0.35,0.35,0.35,0.0,0.0
6.0,26.0,0.35,0.35,0.35,0.35,0.0,0.0
6.0,25.0,0.35,0.35,0.35,0.35,500.0,0.0
6.0,24.0,0.27,0.27,0.27,0.27,0.0,0.0
6.0,23.0,0.27,0.27,0.27,0.27,0.0,0.0
6.0,22.0,0.27,0.27,0.27,0.27,0.0,0.0
6.0,19.0,0.27,0.27,0.27,0.27,0.0,0.0
6.0,18.0,0.27,0.27,0.27,0.27,0.0,0.0
6.0,17.0,0.4,0.4,0.27,0.27,4500.0,-0.13
6.0,16.0,0.45,0.45,0.45,0.45,0.0,0.0
6.0,15.0,0.45,0.45,0.45,0.45,0.0,0.0
6.0,12.0,0.45,0.45,0.45,0.45,0.0,0.0
6.0,11.0,0.45,0.45,0.45,0.45,500.0,0.0
6.0,10.0,0.5,0.5,0.5,0.5,200.0,0.0
6.0,9.0,0.5,0.5,0.5,0.5,0.0,0.0
6.0,8.0,0.5,0.5,0.5,0.5,900.0,0.0
6.0,5.0,0.27,0.27,0.27,0.27,0.0,0.0
6.0,4.0,0.27,0.27,0.27,0.27,200.0,0.0
6.0,3.0,0.27,0.27,0.27,0.27,1200.0,0.0
6.0,2.0,0.27,0.27,0.27,0.27,0.0,0.0
6.0,1.0,0.27,0.27,0.27,0.27,0.0,0.0
5.0,29.0,0.27,0.27,0.27,0.27,0.0,0.0
5.0,28.0,0.27,0.27,0.27,0.27,0.0,0.0
5.0,27.0,0.27,0.27,0.27,0.27,0.0,0.0
5.0,26.0,0.27,0.27,0.27,0.27,0.0,0.0
5.0,22.0,0.27,0.27,0.27,0.27,0.0,0.0
5.0,21.0,0.27,0.27,0.27,0.27,0.0,0.0
5.0,20.0,0.27,0.27,0.27,0.27,0.0,0.0
5.0,19.0,0.27,0.27,0.27,0.27,0.0,0.0
5.0,18.0,0.27,0.27,0.27,0.27,0.0,0.0
5.0,15.0,0.27,0.27,0.27,0.27,4000.0,0.0
5.0,14.0,0.26,0.26,0.26,0.26,0.0,0.0
5.0,13.0,0.26,0.26,0.26,0.26,0.0,0.0
5.0,12.0,0.26,0.26,0.26,0.26,0.0,0.0
5.0,11.0,0.26,0.26,0.26,0.26,0.0,0.0
5.0,8.0,0.26,0.26,0.26,0.26,0.0,0.0
5.0,7.0,0.26,0.26,0.26,0.26,0.0,0.0
5.0,6.0,0.26,0.26,0.26,0.26,0.0,0.0
5.0,5.0,0.26,0.26,0.26,0.26,0.0,0.0
5.0,4.0,0.26,0.26,0.26,0.26,2000.0,0.0
5.0,1.0,0.27,0.27,0.27,0.27,0.0,0.0
4.0,30.0,0.27,0.27,0.27,0.27,0.0,0.0
4.0,29.0,0.27,0.27,0.27,0.27,0.0,0.0
4.0,28.0,0.27,0.27,0.27,0.27,0.0,0.0
4.0,27.0,0.27,0.27,0.27,0.27,100.0,0.0
4.0,24.0,0.27,0.27,0.27,0.27,0.0,0.0
4.0,23.0,0.27,0.27,0.27,0.27,0.0,0.0
4.0,22.0,0.27,0.27,0.27,0.27,0.0,0.0
4.0,21.0,0.27,0.27,0.27,0.27,300.0,0.0
4.0,20.0,0.27,0.27,0.27,0.27,0.0,0.0
4.0,17.0,0.27,0.27,0.27,0.27,0.0,0.0
4.0,16.0,0.27,0.27,0.27,0.27,0.0,0.0
4.0,15.0,0.27,0.27,0.27,0.27,0.0,0.0
4.0,14.0,0.27,0.27,0.27,0.27,0.0,0.0
4.0,13.0,0.27,0.27,0.27,0.27,0.0,0.0
4.0,10.0,0.27,0.27,0.27,0.27,100.0,0.0
4.0,9.0,0.26,0.26,0.26,0.26,0.0,0.0
4.0,8.0,0.26,0.26,0.26,0.26,0.0,0.0
4.0,7.0,0.26,0.26,0.26,0.26,0.0,0.0
4.0,6.0,0.26,0.26,0.26,0.26,0.0,0.0
4.0,2.0,0.26,0.26,0.26,0.26,0.0,0.0
4.0,1.0,0.26,0.26,0.26,0.26,0.0,0.0
3.0,31.0,0.26,0.26,0.26,0.26,0.0,0.0
3.0,30.0,0.26,0.26,0.26,0.26,0.0,0.0
3.0,27.0,0.26,0.26,0.26,0.26,0.0,0.0
3.0,26.0,0.26,0.26,0.26,0.26,0.0,0.0
3.0,25.0,0.26,0.26,0.26,0.26,0.0,0.0
3.0,24.0,0.26,0.26,0.26,0.26,600.0,0.0
3.0,23.0,0.26,0.26,0.26,0.26,0.0,0.0
3.0,20.0,0.26,0.26,0.26,0.26,0.0,0.0
3.0,19.0,0.26,0.26,0.26,0.26,0.0,0.0
3.0,18.0,0.26,0.26,0.26,0.26,0.0,0.0
3.0,17.0,0.26,0.26,0.26,0.26,2100.0,0.0
3.0,16.0,0.22,0.22,0.22,0.22,0.0,0.0
3.0,13.0,0.22,0.22,0.22,0.22,0.0,0.0
3.0,12.0,0.22,0.22,0.22,0.22,0.0,0.0
3.0,11.0,0.22,0.22,0.22,0.22,0.0,0.0
3.0,10.0,0.22,0.22,0.22,0.22,0.0,0.0
3.0,9.0,0.22,0.22,0.22,0.22,0.0,0.0
3.0,6.0,0.22,0.22,0.22,0.22,0.0,0.0
3.0,5.0,0.22,0.22,0.22,0.22,300.0,0.0
3.0,4.0,0.23,0.23,0.23,0.23,0.0,0.0
3.0,3.0,0.23,0.23,0.23,0.23,0.0,0.0
3.0,2.0,0.23,0.23,0.23,0.23,0.0,0.0
2.0,27.0,0.23,0.23,0.23,0.23,0.0,0.0
2.0,26.0,0.23,0.23,0.23,0.23,0.0,0.0
2.0,25.0,0.23,0.23,0.23,0.23,0.0,0.0
2.0,24.0,0.23,0.23,0.23,0.23,0.0,0.0
2.0,23.0,0.23,0.23,0.23,0.23,0.0,0.0
2.0,20.0,0.23,0.23,0.23,0.23,700.0,0.0
2.0,19.0,0.22,0.22,0.22,0.22,0.0,0.0
2.0,18.0,0.22,0.22,0.22,0.22,0.0,0.0
2.0,17.0,0.2,0.22,0.2,0.22,700.0,0.01999999999999999
2.0,13.0,0.15,0.15,0.15,0.15,0.0,0.0
2.0,12.0,0.15,0.15,0.15,0.15,0.0,0.0
2.0,11.0,0.15,0.15,0.15,0.15,0.0,0.0
2.0,10.0,0.15,0.15,0.15,0.15,0.0,0.0
2.0,9.0,0.15,0.15,0.15,0.15,0.0,0.0
2.0,6.0,0.15,0.15,0.15,0.15,0.0,0.0
2.0,5.0,0.15,0.15,0.15,0.15,2000.0,0.0
2.0,4.0,0.25,0.25,0.25,0.25,0.0,0.0
2.0,3.0,0.25,0.25,0.25,0.25,0.0,0.0
2.0,2.0,0.25,0.25,0.25,0.25,0.0,0.0
1.0,30.0,0.25,0.25,0.25,0.25,2600.0,0.0
1.0,29.0,0.26,0.26,0.26,0.26,0.0,0.0
1.0,28.0,0.26,0.26,0.26,0.26,0.0,0.0
1.0,27.0,0.26,0.26,0.26,0.26,0.0,0.0
1.0,26.0,0.26,0.26,0.26,0.26,0.0,0.0
1.0,23.0,0.26,0.26,0.26,0.26,0.0,0.0
1.0,22.0,0.26,0.26,0.26,0.26,0.0,0.0
1.0,21.0,0.26,0.26,0.26,0.26,0.0,0.0
1.0,20.0,0.26,0.26,0.26,0.26,0.0,0.0
1.0,16.0,0.26,0.26,0.26,0.26,0.0,0.0
1.0,15.0,0.26,0.26,0.26,0.26,0.0,0.0
1.0,14.0,0.26,0.26,0.26,0.26,0.0,0.0
1.0,13.0,0.26,0.26,0.26,0.26,0.0,0.0
1.0,12.0,0.26,0.26,0.26,0.26,0.0,0.0
1.0,9.0,0.26,0.26,0.26,0.26,0.0,0.0
1.0,8.0,0.26,0.26,0.26,0.26,0.0,0.0
1.0,7.0,0.26,0.26,0.26,0.26,0.0,0.0
1.0,6.0,0.26,0.26,0.26,0.26,600.0,0.0
1.0,5.0,0.25,0.25,0.25,0.25,700.0,0.0
1.0,2.0,0.25,0.26,0.25,0.26,900.0,0.010000000000000009
12.0,31.0,0.25,0.25,0.25,0.25,0.0,0.0
12.0,30.0,0.25,0.25,0.25,0.25,0.0,0.0
12.0,29.0,0.25,0.25,0.25,0.25,0.0,0.0
12.0,26.0,0.25,0.25,0.25,0.25,0.0,0.0
12.0,24.0,0.25,0.25,0.25,0.25,0.0,0.0
12.0,23.0,0.25,0.25,0.25,0.25,0.0,0.0
12.0,22.0,0.25,0.25,0.25,0.25,100.0,0.0
12.0,19.0,0.25,0.25,0.25,0.25,700.0,0.0
12.0,18.0,0.25,0.25,0.25,0.25,0.0,0.0
12.0,17.0,0.25,0.25,0.25,0.25,500.0,0.0
12.0,16.0,0.25,0.25,0.25,0.25,0.0,0.0
12.0,15.0,0.25,0.25,0.25,0.25,0.0,0.0
12.0,12.0,0.25,0.25,0.25,0.25,0.0,0.0
12.0,11.0,0.25,0.25,0.25,0.25,0.0,0.0
12.0,10.0,0.25,0.25,0.25,0.25,0.0,0.0
12.0,9.0,0.25,0.25,0.25,0.25,0.0,0.0
12.0,8.0,0.25,0.25,0.25,0.25,0.0,0.0
12.0,5.0,0.25,0.25,0.25,0.25,0.0,0.0
12.0,4.0,0.25,0.25,0.25,0.25,200.0,0.0
12.0,3.0,0.25,0.25,0.25,0.25,200.0,0.0
12.0,2.0,0.25,0.25,0.25,0.25,0.0,0.0
12.0,1.0,0.25,0.25,0.25,0.25,0.0,0.0
11.0,28.0,0.25,0.25,0.25,0.25,0.0,0.0
11.0,26.0,0.25,0.25,0.25,0.25,0.0,0.0
11.0,25.0,0.25,0.25,0.25,0.25,0.0,0.0
11.0,24.0,0.25,0.25,0.25,0.25,500.0,0.0
11.0,21.0,0.25,0.25,0.25,0.25,0.0,0.0
11.0,20.0,0.23,0.25,0.23,0.25,700.0,0.01999999999999999
11.0,19.0,0.25,0.25,0.25,0.25,0.0,0.0
11.0,18.0,0.25,0.25,0.25,0.25,0.0,0.0
11.0,17.0,0.25,0.25,0.25,0.25,0.0,0.0
11.0,14.0,0.25,0.25,0.25,0.25,0.0,0.0
11.0,13.0,0.25,0.25,0.25,0.25,0.0,0.0
11.0,12.0,0.25,0.25,0.25,0.25,0.0,0.0
11.0,11.0,0.25,0.25,0.25,0.25,0.0,0.0
11.0,10.0,0.25,0.25,0.25,0.25,0.0,0.0
11.0,7.0,0.25,0.25,0.25,0.25,0.0,0.0
11.0,6.0,0.25,0.25,0.25,0.25,500.0,0.0
11.0,5.0,0.25,0.25,0.25,0.25,14200.0,0.0
11.0,4.0,0.26,0.26,0.24,0.24,25600.0,-0.020000000000000018
11.0,3.0,0.26,0.26,0.26,0.26,700.0,0.0
10.0,31.0,0.26,0.26,0.26,0.26,0.0,0.0
10.0,30.0,0.26,0.26,0.26,0.26,0.0,0.0
10.0,29.0,0.26,0.26,0.26,0.26,100.0,0.0
10.0,28.0,0.26,0.26,0.26,0.26,0.0,0.0
10.0,27.0,0.26,0.26,0.26,0.26,1300.0,0.0
10.0,24.0,0.26,0.26,0.26,0.26,0.0,0.0
10.0,23.0,0.26,0.26,0.26,0.26,200.0,0.0
10.0,22.0,0.26,0.26,0.26,0.26,500.0,0.0
10.0,21.0,0.23,0.23,0.23,0.23,0.0,0.0
10.0,20.0,0.27,0.27,0.23,0.23,300.0,-0.04000000000000001
10.0,17.0,0.23,0.23,0.23,0.23,200.0,0.0
10.0,16.0,0.5,0.5,0.5,0.5,0.0,0.0
10.0,15.0,0.5,0.5,0.5,0.5,0.0,0.0
10.0,14.0,0.5,0.5,0.5,0.5,0.0,0.0
10.0,13.0,0.23,0.5,0.23,0.5,1600.0,0.27
10.0,10.0,0.55,0.55,0.55,0.55,0.0,0.0
10.0,9.0,0.55,0.55,0.55,0.55,0.0,0.0
10.0,8.0,0.55,0.55,0.55,0.55,0.0,0.0
10.0,7.0,0.55,0.55,0.55,0.55,0.0,0.0
10.0,6.0,0.55,0.55,0.55,0.55,0.0,0.0
10.0,3.0,0.55,0.55,0.55,0.55,0.0,0.0
10.0,2.0,0.55,0.55,0.55,0.55,0.0,0.0
10.0,1.0,0.55,0.55,0.55,0.55,0.0,0.0
9.0,30.0,0.55,0.55,0.55,0.55,0.0,0.0
9.0,29.0,0.55,0.55,0.55,0.55,2000.0,0.0
9.0,26.0,0.25,0.25,0.25,0.25,0.0,0.0
9.0,25.0,0.25,0.25,0.25,0.25,0.0,0.0
9.0,24.0,0.25,0.25,0.25,0.25,0.0,0.0
9.0,23.0,0.25,0.25,0.25,0.25,0.0,0.0
9.0,22.0,0.26,0.5,0.22,0.25,4600.0,-0.010000000000000009
9.0,19.0,0.2,0.2,0.2,0.2,0.0,0.0
9.0,18.0,0.32,0.32,0.2,0.2,19500.0,-0.12
9.0,17.0,0.27,0.27,0.27,0.27,0.0,0.0
9.0,16.0,0.27,0.27,0.27,0.27,0.0,0.0
9.0,15.0,0.27,0.27,0.27,0.27,6500.0,0.0
9.0,12.0,0.27,0.27,0.27,0.27,3500.0,0.0
9.0,11.0,0.27,0.27,0.27,0.27,0.0,0.0
9.0,10.0,0.27,0.27,0.27,0.27,0.0,0.0
9.0,9.0,0.27,0.27,0.27,0.27,3000.0,0.0
9.0,8.0,0.27,0.27,0.27,0.27,0.0,0.0
9.0,5.0,0.27,0.27,0.27,0.27,0.0,0.0
9.0,4.0,0.27,0.27,0.27,0.27,0.0,0.0
9.0,3.0,0.27,0.27,0.27,0.27,400.0,0.0
9.0,2.0,0.27,0.27,0.27,0.27,200.0,0.0
8.0,29.0,0.27,0.27,0.27,0.27,0.0,0.0
8.0,28.0,0.27,0.27,0.27,0.27,200.0,0.0
8.0,27.0,0.25,0.25,0.25,0.25,0.0,0.0
8.0,26.0,0.32,0.32,0.23,0.25,26700.0,-0.07
8.0,25.0,0.32,0.32,0.32,0.32,0.0,0.0
8.0,22.0,0.32,0.32,0.32,0.32,0.0,0.0
8.0,21.0,0.32,0.32,0.32,0.32,200.0,0.0
8.0,20.0,0.32,0.32,0.32,0.32,0.0,0.0
8.0,19.0,0.32,0.32,0.32,0.32,0.0,0.0
8.0,18.0,0.32,0.32,0.32,0.32,0.0,0.0
8.0,15.0,0.32,0.32,0.32,0.32,0.0,0.0
8.0,14.0,0.32,0.32,0.32,0.32,0.0,0.0
8.0,13.0,0.32,0.32,0.32,0.32,0.0,0.0
8.0,12.0,0.32,0.32,0.32,0.32,0.0,0.0
8.0,11.0,0.32,0.32,0.32,0.32,0.0,0.0
8.0,8.0,0.32,0.32,0.32,0.32,0.0,0.0
8.0,7.0,0.32,0.32,0.32,0.32,0.0,0.0
8.0,6.0,0.32,0.32,0.32,0.32,0.0,0.0
8.0,5.0,0.32,0.32,0.32,0.32,0.0,0.0
8.0,4.0,0.32,0.32,0.32,0.32,0.0,0.0
8.0,1.0,0.32,0.32,0.32,0.32,0.0,0.0
7.0,31.0,0.32,0.32,0.32,0.32,0.0,0.0
7.0,30.0,0.32,0.32,0.32,0.32,0.0,0.0
7.0,29.0,0.32,0.32,0.32,0.32,0.0,0.0
7.0,28.0,0.32,0.32,0.32,0.32,10000.0,0.0
7.0,25.0,0.29,0.29,0.29,0.29,0.0,0.0
7.0,24.0,0.29,0.29,0.29,0.29,0.0,0.0
7.0,23.0,0.29,0.29,0.29,0.29,0.0,0.0
7.0,22.0,0.29,0.29,0.29,0.29,0.0,0.0
7.0,21.0,0.29,0.29,0.29,0.29,0.0,0.0
7.0,18.0,0.29,0.29,0.29,0.29,200.0,0.0
7.0,17.0,0.51,0.51,0.51,0.51,0.0,0.0
7.0,16.0,0.51,0.51,0.51,0.51,0.0,0.0
7.0,15.0,0.51,0.51,0.51,0.51,1000.0,0.0
7.0,14.0,0.85,0.85,0.85,0.85,0.0,0.0
7.0,11.0,0.85,0.85,0.85,0.85,0.0,0.0
7.0,10.0,0.85,0.85,0.85,0.85,0.0,0.0
7.0,9.0,0.85,0.85,0.85,0.85,0.0,0.0
7.0,8.0,0.85,0.85,0.85,0.85,200.0,0.0
7.0,7.0,0.52,0.52,0.52,0.52,0.0,0.0
7.0,3.0,0.52,0.52,0.52,0.52,0.0,0.0
7.0,2.0,0.52,0.52,0.52,0.52,0.0,0.0
7.0,1.0,0.52,0.52,0.52,0.52,0.0,0.0
6.0,30.0,0.52,0.52,0.52,0.52,0.0,0.0
6.0,27.0,0.52,0.52,0.52,0.52,0.0,0.0
6.0,26.0,0.52,0.52,0.52,0.52,0.0,0.0
6.0,25.0,0.52,0.52,0.52,0.52,0.0,0.0
6.0,24.0,0.52,0.52,0.52,0.52,0.0,0.0
6.0,23.0,0.52,0.52,0.52,0.52,0.0,0.0
6.0,20.0,0.52,0.52,0.52,0.52,0.0,0.0
6.0,19.0,0.52,0.52,0.52,0.52,0.0,0.0
6.0,18.0,0.51,0.53,0.51,0.52,1100.0,0.010000000000000009
6.0,17.0,0.51,0.51,0.51,0.51,0.0,0.0
6.0,16.0,0.51,0.51,0.51,0.51,0.0,0.0
6.0,13.0,0.51,0.51,0.51,0.51,0.0,0.0
6.0,12.0,0.51,0.51,0.51,0.51,0.0,0.0
6.0,11.0,0.51,0.51,0.51,0.51,0.0,0.0
6.0,10.0,0.51,0.51,0.51,0.51,0.0,0.0
6.0,9.0,0.51,0.51,0.51,0.51,0.0,0.0
6.0,6.0,0.51,0.51,0.51,0.51,0.0,0.0
6.0,5.0,0.51,0.51,0.51,0.51,0.0,0.0
6.0,4.0,0.85,0.85,0.51,0.51,800.0,-0.33999999999999997
6.0,3.0,0.55,0.55,0.55,0.55,0.0,0.0
6.0,2.0,0.55,0.55,0.55,0.55,0.0,0.0
5.0,30.0,0.55,0.55,0.55,0.55,0.0,0.0
5.0,29.0,0.55,0.55,0.55,0.55,0.0,0.0
5.0,28.0,0.55,0.55,0.51,0.55,5200.0,0.0
5.0,27.0,0.7,0.7,0.7,0.7,0.0,0.0
5.0,23.0,0.55,0.55,0.55,0.55,1600.0,0.0
5.0,22.0,0.7,0.7,0.7,0.7,0.0,0.0
5.0,21.0,0.7,0.7,0.7,0.7,0.0,0.0
5.0,20.0,0.63,0.7,0.63,0.7,10600.0,0.06999999999999995
5.0,19.0,0.63,0.63,0.63,0.63,0.0,0.0
5.0,16.0,0.63,0.63,0.63,0.63,0.0,0.0
5.0,15.0,0.63,0.63,0.63,0.63,0.0,0.0
5.0,14.0,0.63,0.63,0.63,0.63,0.0,0.0
5.0,13.0,0.59,0.63,0.59,0.63,6200.0,0.040000000000000036
5.0,12.0,0.59,0.59,0.59,0.59,0.0,0.0
5.0,9.0,0.59,0.59,0.59,0.59,1100.0,0.0
5.0,8.0,0.56,0.56,0.56,0.56,0.0,0.0
5.0,7.0,0.56,0.56,0.56,0.56,0.0,0.0
5.0,6.0,0.56,0.56,0.56,0.56,0.0,0.0
5.0,5.0,0.56,0.56,0.56,0.56,0.0,0.0
5.0,2.0,0.56,0.56,0.56,0.56,0.0,0.0
5.0,1.0,0.56,0.56,0.56,0.56,0.0,0.0
4.0,30.0,0.56,0.56,0.56,0.56,0.0,0.0
4.0,29.0,0.56,0.56,0.56,0.56,0.0,0.0
4.0,28.0,0.56,0.56,0.56,0.56,300.0,0.0
4.0,25.0,0.7,0.7,0.7,0.7,0.0,0.0
4.0,24.0,0.7,0.7,0.7,0.7,0.0,0.0
4.0,23.0,0.7,0.7,0.7,0.7,0.0,0.0
4.0,22.0,0.7,0.7,0.7,0.7,0.0,0.0
4.0,21.0,0.7,0.7,0.7,0.7,0.0,0.0
4.0,17.0,0.7,0.7,0.7,0.7,0.0,0.0
4.0,16.0,0.7,0.7,0.7,0.7,0.0,0.0
4.0,15.0,0.7,0.7,0.7,0.7,0.0,0.0
4.0,14.0,0.7,0.7,0.7,0.7,0.0,0.0
4.0,11.0,0.7,0.7,0.7,0.7,0.0,0.0
4.0,10.0,0.7,0.7,0.7,0.7,0.0,0.0
4.0,9.0,0.7,0.7,0.7,0.7,1600.0,0.0
4.0,8.0,0.7,0.7,0.7,0.7,0.0,0.0
4.0,7.0,0.7,0.7,0.7,0.7,0.0,0.0
4.0,4.0,0.7,0.7,0.7,0.7,0.0,0.0
4.0,3.0,0.7,0.7,0.7,0.7,0.0,0.0
4.0,2.0,0.7,0.7,0.7,0.7,1300.0,0.0
4.0,1.0,0.7,0.7,0.7,0.7,0.0,0.0
3.0,31.0,0.7,0.7,0.7,0.7,0.0,0.0
3.0,28.0,0.7,0.7,0.7,0.7,0.0,0.0
3.0,27.0,0.7,0.7,0.7,0.7,0.0,0.0
3.0,26.0,0.7,0.7,0.7,0.7,0.0,0.0
3.0,25.0,0.7,0.7,0.7,0.7,0.0,0.0
3.0,24.0,0.7,0.7,0.7,0.7,0.0,0.0
3.0,21.0,0.7,0.7,0.7,0.7,0.0,0.0
3.0,20.0,0.7,0.7,0.7,0.7,0.0,0.0
3.0,19.0,0.7,0.7,0.7,0.7,0.0,0.0
3.0,18.0,0.7,0.7,0.7,0.7,0.0,0.0
3.0,17.0,0.7,0.7,0.7,0.7,0.0,0.0
3.0,14.0,0.7,0.7,0.7,0.7,0.0,0.0
3.0,13.0,0.7,0.7,0.7,0.7,0.0,0.0
3.0,12.0,0.7,0.7,0.7,0.7,0.0,0.0
3.0,11.0,0.7,0.7,0.7,0.7,200.0,0.0
3.0,10.0,0.7,0.7,0.7,0.7,0.0,0.0
3.0,7.0,0.7,0.7,0.7,0.7,0.0,0.0
3.0,6.0,0.7,0.7,0.7,0.7,0.0,0.0
3.0,5.0,0.7,0.7,0.7,0.7,0.0,0.0
3.0,4.0,0.7,0.7,0.7,0.7,200.0,0.0
3.0,3.0,0.7,0.7,0.7,0.7,0.0,0.0
2.0,28.0,0.7,0.7,0.7,0.7,0.0,0.0
2.0,27.0,0.7,0.7,0.7,0.7,0.0,0.0
2.0,26.0,0.7,0.7,0.7,0.7,100.0,0.0
2.0,25.0,0.6,0.6,0.6,0.6,200.0,0.0
2.0,24.0,0.56,0.56,0.56,0.56,0.0,0.0
2.0,21.0,0.56,0.56,0.56,0.56,0.0,0.0
2.0,20.0,0.56,0.56,0.56,0.56,0.0,0.0
2.0,19.0,0.56,0.56,0.56,0.56,0.0,0.0
2.0,18.0,0.59,0.59,0.56,0.56,300.0,-0.029999999999999916
2.0,14.0,0.56,0.56,0.56,0.56,0.0,0.0
2.0,13.0,0.56,0.56,0.56,0.56,100.0,0.0
2.0,12.0,0.56,0.56,0.56,0.56,0.0,0.0
2.0,11.0,0.56,0.56,0.56,0.56,2100.0,0.0
2.0,10.0,0.7,0.7,0.7,0.7,0.0,0.0
2.0,7.0,0.7,0.7,0.7,0.7,0.0,0.0
2.0,6.0,0.7,0.7,0.7,0.7,0.0,0.0
2.0,5.0,0.7,0.7,0.7,0.7,0.0,0.0
2.0,4.0,0.7,0.7,0.7,0.7,1600.0,0.0
2.0,3.0,0.7,0.7,0.7,0.7,0.0,0.0
1.0,31.0,0.7,0.7,0.7,0.7,100.0,0.0
1.0,30.0,0.7,0.7,0.7,0.7,0.0,0.0
1.0,29.0,0.7,0.7,0.7,0.7,0.0,0.0
1.0,28.0,0.7,0.7,0.7,0.7,0.0,0.0
1.0,27.0,0.7,0.7,0.7,0.7,200.0,0.0
1.0,24.0,0.7,0.7,0.7,0.7,200.0,0.0
1.0,23.0,0.72,0.72,0.72,0.72,900.0,0.0
1.0,22.0,0.7,0.7,0.7,0.7,0.0,0.0
1.0,21.0,0.7,0.7,0.7,0.7,0.0,0.0
1.0,17.0,0.7,0.7,0.7,0.7,500.0,0.0
1.0,16.0,0.75,0.75,0.75,0.75,0.0,0.0
1.0,15.0,0.75,0.75,0.75,0.75,0.0,0.0
1.0,14.0,0.75,0.75,0.75,0.75,0.0,0.0
1.0,13.0,0.77,0.77,0.75,0.75,1500.0,-0.020000000000000018
1.0,10.0,0.75,0.75,0.75,0.75,0.0,0.0
1.0,9.0,0.75,0.75,0.75,0.75,1000.0,0.0
1.0,8.0,0.75,0.75,0.75,0.75,100.0,0.0
1.0,7.0,0.75,0.75,0.75,0.75,400.0,0.0
1.0,6.0,0.75,0.75,0.75,0.75,0.0,0.0
1.0,3.0,0.75,0.75,0.75,0.75,0.0,0.0
1.0,2.0,0.75,0.75,0.75,0.75,0.0,0.0
12.0,31.0,0.75,0.75,0.75,0.75,0.0,0.0
12.0,30.0,0.75,0.75,0.75,0.75,800.0,0.0
12.0,27.0,0.75,0.75,0.75,0.75,0.0,0.0
12.0,26.0,0.75,0.75,0.75,0.75,200.0,0.0
12.0,24.0,0.75,0.8,0.75,0.75,7700.0,0.0
12.0,23.0,0.85,0.85,0.85,0.85,0.0,0.0
12.0,20.0,0.75,0.85,0.75,0.85,3300.0,0.09999999999999998
12.0,19.0,0.75,0.75,0.75,0.75,0.0,0.0
12.0,18.0,0.75,0.75,0.75,0.75,0.0,0.0
12.0,17.0,0.7,0.75,0.7,0.75,1900.0,0.050000000000000044
12.0,16.0,0.7,0.7,0.7,0.7,1800.0,0.0
12.0,13.0,0.7,0.7,0.7,0.7,0.0,0.0
12.0,12.0,0.7,0.7,0.7,0.7,0.0,0.0
12.0,11.0,0.72,0.72,0.7,0.7,300.0,-0.020000000000000018
12.0,10.0,0.68,0.68,0.68,0.68,2000.0,0.0
12.0,9.0,0.59,0.9,0.55,0.9,2400.0,0.31000000000000005
12.0,6.0,0.55,0.55,0.55,0.55,1200.0,0.0
12.0,5.0,0.87,0.87,0.87,0.87,0.0,0.0
12.0,4.0,0.85,0.87,0.85,0.87,1900.0,0.020000000000000018
12.0,3.0,0.55,0.85,0.55,0.85,1000.0,0.29999999999999993
12.0,2.0,0.55,0.55,0.55,0.55,100.0,0.0
11.0,29.0,0.89,0.89,0.89,0.89,0.0,0.0
11.0,27.0,0.89,0.89,0.89,0.89,0.0,0.0
11.0,26.0,0.89,0.89,0.89,0.89,0.0,0.0
11.0,25.0,0.55,0.89,0.55,0.89,500.0,0.33999999999999997
11.0,22.0,0.9,0.9,0.9,0.9,0.0,0.0
11.0,21.0,0.9,0.9,0.9,0.9,200.0,0.0
11.0,20.0,0.9,0.9,0.9,0.9,0.0,0.0
11.0,19.0,0.9,0.9,0.9,0.9,0.0,0.0
11.0,18.0,0.9,0.9,0.9,0.9,0.0,0.0
11.0,15.0,0.9,0.9,0.9,0.9,100.0,0.0
11.0,14.0,1.0,1.0,1.0,1.0,0.0,0.0
11.0,13.0,1.0,1.0,1.0,1.0,0.0,0.0
11.0,12.0,1.0,1.0,1.0,1.0,0.0,0.0
11.0,11.0,0.55,1.0,0.55,1.0,1200.0,0.44999999999999996
11.0,8.0,1.0,1.0,1.0,1.0,0.0,0.0
11.0,7.0,1.0,1.0,1.0,1.0,0.0,0.0
11.0,6.0,1.0,1.0,1.0,1.0,0.0,0.0
11.0,5.0,1.0,1.0,1.0,1.0,200.0,0.0
11.0,4.0,0.7,0.7,0.7,0.7,0.0,0.0
11.0,1.0,0.7,0.7,0.7,0.7,0.0,0.0
10.0,31.0,0.75,0.8,0.7,0.7,9800.0,-0.050000000000000044
10.0,30.0,0.8,0.8,0.8,0.8,0.0,0.0
10.0,29.0,0.8,0.8,0.8,0.8,0.0,0.0
10.0,28.0,0.8,0.8,0.8,0.8,0.0,0.0
10.0,25.0,0.8,0.8,0.8,0.8,0.0,0.0
10.0,24.0,0.8,0.8,0.8,0.8,0.0,0.0
10.0,23.0,0.8,0.8,0.8,0.8,0.0,0.0
10.0,22.0,0.8,0.8,0.8,0.8,0.0,0.0
10.0,21.0,0.8,0.8,0.8,0.8,4800.0,0.0
10.0,18.0,0.88,0.88,0.88,0.88,0.0,0.0
10.0,17.0,0.88,0.88,0.88,0.88,3000.0,0.0
10.0,16.0,0.76,0.76,0.76,0.76,4000.0,0.0
10.0,15.0,0.98,0.98,0.98,0.98,0.0,0.0
10.0,14.0,0.98,0.98,0.98,0.98,0.0,0.0
10.0,11.0,0.98,0.98,0.98,0.98,0.0,0.0
10.0,10.0,0.98,0.98,0.98,0.98,300.0,0.0
10.0,9.0,0.76,0.76,0.76,0.76,700.0,0.0
10.0,8.0,0.76,0.76,0.76,0.76,0.0,0.0
10.0,7.0,0.76,0.76,0.76,0.76,0.0,0.0
10.0,4.0,0.76,0.76,0.76,0.76,100.0,0.0
10.0,3.0,0.85,0.85,0.76,0.76,4100.0,-0.08999999999999997
10.0,2.0,1.0,1.0,1.0,1.0,0.0,0.0
10.0,1.0,1.0,1.0,1.0,1.0,0.0,0.0
9.0,30.0,0.76,1.0,0.76,1.0,200.0,0.24
9.0,27.0,0.9,0.9,0.9,0.9,5900.0,0.0
9.0,26.0,1.0,1.0,1.0,1.0,1600.0,0.0
9.0,25.0,0.9,0.9,0.9,0.9,0.0,0.0
9.0,24.0,0.93,0.93,0.9,0.9,2900.0,-0.030000000000000027
9.0,23.0,0.91,0.91,0.91,0.91,1200.0,0.0
9.0,20.0,0.91,0.91,0.91,0.91,0.0,0.0
9.0,19.0,0.91,0.91,0.91,0.91,0.0,0.0
9.0,18.0,1.0,1.0,0.91,0.91,1400.0,-0.08999999999999997
9.0,17.0,0.99,0.99,0.99,0.99,0.0,0.0
9.0,16.0,0.99,0.99,0.99,0.99,2600.0,0.0
9.0,13.0,0.91,1.0,0.91,1.0,900.0,0.08999999999999997
9.0,12.0,1.0,1.0,1.0,1.0,0.0,0.0
9.0,11.0,0.91,1.0,0.91,1.0,1200.0,0.08999999999999997
9.0,10.0,0.91,0.91,0.91,0.91,0.0,0.0
9.0,9.0,0.91,0.91,0.91,0.91,0.0,0.0
9.0,6.0,1.0,1.0,0.91,0.91,1100.0,-0.08999999999999997
9.0,5.0,0.91,0.91,0.91,0.91,100.0,0.0
9.0,4.0,0.91,0.91,0.91,0.91,0.0,0.0
9.0,3.0,0.91,0.91,0.91,0.91,300.0,0.0
8.0,30.0,0.91,0.91,0.91,0.91,0.0,0.0
8.0,29.0,0.91,0.91,0.91,0.91,0.0,0.0
8.0,28.0,0.91,0.91,0.91,0.91,400.0,0.0
8.0,27.0,0.91,0.91,0.91,0.91,0.0,0.0
8.0,26.0,0.91,0.91,0.91,0.91,3200.0,0.0
8.0,23.0,1.15,1.15,1.15,1.15,4900.0,0.0
8.0,22.0,1.08,1.2,0.91,1.2,6200.0,0.11999999999999988
8.0,21.0,1.1,1.1,1.1,1.1,0.0,0.0
8.0,20.0,1.1,1.1,1.1,1.1,0.0,0.0
8.0,19.0,1.0,1.1,1.0,1.1,3100.0,0.10000000000000009
8.0,16.0,1.15,1.15,1.15,1.15,0.0,0.0
8.0,15.0,1.15,1.15,1.1,1.15,5600.0,0.0
8.0,14.0,1.1,1.1,1.1,1.1,5900.0,0.0
8.0,13.0,1.1,1.1,1.1,1.1,8000.0,0.0
8.0,12.0,1.1,1.1,1.1,1.1,8800.0,0.0
8.0,9.0,1.18,1.21,1.1,1.1,27300.0,-0.07999999999999985
8.0,8.0,1.14,1.3,0.82,0.95,51300.0,-0.18999999999999995
8.0,7.0,3.21,3.21,0.48,0.86,222100.0,-2.35
8.0,6.0,3.15,3.98,3.15,3.98,1100.0,0.8300000000000001
8.0,5.0,3.4,3.4,3.1,3.15,5400.0,-0.25
8.0,2.0,3.35,3.4,3.3,3.4,8700.0,0.04999999999999982
8.0,1.0,3.3,3.4,3.2,3.4,10700.0,0.10000000000000009
7.0,31.0,3.3,3.4,3.3,3.4,1400.0,0.10000000000000009
7.0,30.0,3.3,3.3,3.3,3.3,1300.0,0.0
7.0,29.0,3.4,3.6,3.4,3.6,5900.0,0.20000000000000018
7.0,26.0,3.5,3.75,3.4,3.4,8000.0,-0.10000000000000009
7.0,25.0,3.4,3.45,3.4,3.45,3000.0,0.050000000000000266
7.0,24.0,3.34,3.4,3.34,3.4,2300.0,0.06000000000000005
7.0,23.0,3.21,3.21,3.2,3.2,2900.0,-0.009999999999999787
7.0,22.0,3.2,3.34,3.2,3.2,3400.0,0.0
7.0,19.0,3.31,3.45,3.2,3.45,5500.0,0.14000000000000012
7.0,18.0,3.2,3.2,3.2,3.2,0.0,0.0
7.0,17.0,3.2,3.2,3.2,3.2,200.0,0.0
7.0,16.0,3.31,3.31,3.31,3.31,100.0,0.0
7.0,15.0,3.15,3.4,3.0,3.01,2600.0,-0.14000000000000012
7.0,12.0,3.0,3.0,3.0,3.0,0.0,0.0
7.0,11.0,3.0,3.06,3.0,3.0,9000.0,0.0
7.0,10.0,3.3,3.3,2.95,2.95,7600.0,-0.34999999999999964
7.0,9.0,3.36,3.64,3.36,3.64,800.0,0.28000000000000025
7.0,8.0,3.36,3.7,3.01,3.7,4200.0,0.3400000000000003
7.0,5.0,3.63,3.63,3.5,3.5,4400.0,-0.1299999999999999
7.0,3.0,3.61,3.61,3.61,3.61,500.0,0.0
7.0,2.0,3.68,3.68,3.68,3.68,2500.0,0.0
7.0,1.0,3.75,3.75,3.75,3.75,0.0,0.0
6.0,28.0,3.75,3.75,3.75,3.75,0.0,0.0
6.0,27.0,3.7,3.75,3.59,3.75,5500.0,0.04999999999999982
6.0,26.0,3.63,3.63,3.63,3.63,400.0,0.0
6.0,25.0,4.0,4.0,4.0,4.0,400.0,0.0
6.0,24.0,4.0,4.0,4.0,4.0,0.0,0.0
6.0,21.0,4.0,4.0,4.0,4.0,0.0,0.0
6.0,20.0,4.0,4.0,4.0,4.0,0.0,0.0
6.0,19.0,4.0,4.0,4.0,4.0,0.0,0.0
6.0,18.0,4.0,4.0,4.0,4.0,300.0,0.0
6.0,17.0,4.0,4.0,4.0,4.0,200.0,0.0
6.0,14.0,3.9,3.9,3.9,3.9,0.0,0.0
6.0,13.0,3.9,3.9,3.9,3.9,0.0,0.0
6.0,12.0,3.9,3.9,3.9,3.9,2000.0,0.0
6.0,11.0,4.01,4.01,4.01,4.01,100.0,0.0
6.0,10.0,3.55,3.55,3.55,3.55,0.0,0.0
6.0,7.0,3.85,3.85,3.55,3.55,3200.0,-0.30000000000000027
6.0,6.0,3.85,3.85,3.85,3.85,200.0,0.0
6.0,5.0,3.85,3.85,3.85,3.85,400.0,0.0
6.0,4.0,4.0,4.0,4.0,4.0,0.0,0.0
6.0,3.0,4.0,4.0,4.0,4.0,2000.0,0.0
5.0,31.0,4.0,4.05,4.0,4.0,1900.0,0.0
5.0,30.0,3.8,3.8,3.8,3.8,0.0,0.0
5.0,29.0,3.8,3.8,3.8,3.8,1000.0,0.0
5.0,28.0,3.82,4.0,3.82,4.0,1300.0,0.18000000000000016
5.0,24.0,3.8,3.8,3.8,3.8,0.0,0.0
5.0,23.0,3.8,3.8,3.8,3.8,100.0,0.0
5.0,22.0,3.9,3.9,3.8,3.8,2000.0,-0.10000000000000009
5.0,21.0,3.9,3.9,3.9,3.9,200.0,0.0
5.0,20.0,4.02,4.02,3.9,3.9,5900.0,-0.11999999999999966
5.0,17.0,3.62,3.62,3.62,3.62,0.0,0.0
5.0,16.0,3.82,3.82,3.51,3.62,4100.0,-0.19999999999999973
5.0,15.0,3.95,4.02,3.9,3.9,7100.0,-0.050000000000000266
5.0,14.0,4.02,4.02,4.02,4.02,0.0,0.0
5.0,13.0,3.95,4.02,3.95,4.02,3000.0,0.0699999999999994
5.0,10.0,3.81,3.9,3.81,3.83,3400.0,0.020000000000000018
5.0,9.0,3.81,3.81,3.8,3.8,4000.0,-0.010000000000000231
5.0,8.0,3.9,3.9,3.9,3.9,800.0,0.0
5.0,7.0,4.0,4.0,4.0,4.0,0.0,0.0
5.0,6.0,4.04,4.04,4.0,4.0,6800.0,-0.040000000000000036
5.0,3.0,4.07,4.07,4.03,4.03,2300.0,-0.040000000000000036
5.0,2.0,4.35,4.35,4.06,4.06,11900.0,-0.29000000000000004
5.0,1.0,4.16,4.16,4.11,4.12,3500.0,-0.040000000000000036
4.0,30.0,4.25,4.25,4.12,4.25,1400.0,0.0
4.0,29.0,4.26,4.26,4.25,4.25,5700.0,-0.009999999999999787
4.0,26.0,4.25,4.25,4.17,4.17,700.0,-0.08000000000000007
4.0,25.0,4.75,4.75,4.5,4.5,7200.0,-0.25
4.0,24.0,4.64,4.95,4.64,4.95,2200.0,0.3100000000000005
4.0,23.0,4.58,4.8,4.5,4.8,14600.0,0.21999999999999975
4.0,22.0,5.0,5.0,4.58,4.58,500.0,-0.41999999999999993
4.0,19.0,6.0,6.0,5.03,5.09,22600.0,-0.9100000000000001
4.0,18.0,5.5,6.5,5.5,6.25,6500.0,0.75
4.0,17.0,4.8,6.5,4.8,5.1,11500.0,0.2999999999999998
4.0,16.0,4.78,5.0,4.6,4.8,13400.0,0.019999999999999574
4.0,15.0,4.0,4.0,4.0,4.0,1900.0,0.0
4.0,12.0,3.76,3.8,3.75,3.8,3500.0,0.040000000000000036
4.0,11.0,3.75,3.75,3.75,3.75,0.0,0.0
4.0,10.0,3.75,3.75,3.75,3.75,0.0,0.0
4.0,9.0,3.75,3.75,3.75,3.75,100.0,0.0
4.0,8.0,3.9,3.9,3.9,3.9,0.0,0.0
4.0,5.0,4.11,4.11,3.9,3.9,3100.0,-0.2100000000000004
4.0,4.0,4.11,4.11,4.11,4.11,1000.0,0.0
4.0,3.0,4.63,4.63,4.0,4.01,5900.0,-0.6200000000000001
4.0,2.0,4.76,4.85,4.75,4.75,3900.0,-0.009999999999999787
4.0,1.0,4.76,4.76,4.76,4.76,100.0,0.0
3.0,28.0,4.8,5.45,4.5,4.5,3200.0,-0.2999999999999998
3.0,27.0,4.26,4.5,4.25,4.5,4000.0,0.2400000000000002
3.0,26.0,4.1,4.5,4.1,4.5,1000.0,0.40000000000000036
3.0,25.0,4.5,4.8,4.5,4.5,1000.0,0.0
3.0,22.0,4.49,4.99,4.49,4.99,2000.0,0.5
3.0,21.0,4.13,4.4,4.13,4.4,1000.0,0.27000000000000046
3.0,20.0,4.13,4.13,4.13,4.13,300.0,0.0
3.0,19.0,4.11,4.11,4.11,4.11,300.0,0.0
3.0,18.0,3.94,3.99,3.7,3.96,3200.0,0.020000000000000018
3.0,15.0,3.71,3.71,3.71,3.71,200.0,0.0
3.0,14.0,3.7,3.94,3.7,3.94,4100.0,0.23999999999999977
3.0,13.0,3.5,3.9,3.5,3.9,700.0,0.3999999999999999
3.0,12.0,3.4,3.4,3.4,3.4,100.0,0.0
3.0,11.0,3.3,3.3,3.3,3.3,1100.0,0.0
3.0,8.0,3.01,3.01,3.01,3.01,100.0,0.0
3.0,7.0,3.06,3.06,3.01,3.01,6000.0,-0.050000000000000266
3.0,6.0,3.06,3.15,3.06,3.06,1500.0,0.0
3.0,5.0,3.15,3.15,3.01,3.01,300.0,-0.14000000000000012
3.0,4.0,3.1,3.1,3.06,3.06,700.0,-0.040000000000000036
3.0,1.0,3.31,3.31,3.0,3.1,8700.0,-0.20999999999999996
2.0,28.0,3.94,3.94,3.31,3.31,300.0,-0.6299999999999999
2.0,27.0,3.31,3.31,3.31,3.31,0.0,0.0
2.0,26.0,3.5,3.5,3.31,3.31,400.0,-0.18999999999999995
2.0,25.0,3.2,3.5,3.2,3.5,800.0,0.2999999999999998
2.0,22.0,3.0,3.5,3.0,3.5,1200.0,0.5
2.0,21.0,3.0,3.0,3.0,3.0,200.0,0.0
2.0,20.0,3.0,3.0,3.0,3.0,200.0,0.0
2.0,19.0,3.23,3.23,3.05,3.05,3200.0,-0.18000000000000016
2.0,15.0,3.0,3.01,3.0,3.01,2200.0,0.009999999999999787
2.0,14.0,3.0,3.0,3.0,3.0,100.0,0.0
2.0,13.0,3.15,3.15,2.9,2.9,300.0,-0.25
2.0,12.0,3.0,3.4,3.0,3.4,1100.0,0.3999999999999999
2.0,11.0,3.5,3.5,3.5,3.5,800.0,0.0
2.0,8.0,3.4,3.4,3.2,3.4,400.0,0.0
2.0,7.0,3.25,3.26,3.25,3.26,300.0,0.009999999999999787
2.0,6.0,3.21,3.21,3.21,3.21,700.0,0.0
2.0,5.0,3.53,3.53,3.2,3.2,4000.0,-0.3299999999999996
2.0,4.0,3.5,3.5,3.5,3.5,200.0,0.0
2.0,1.0,3.5,3.75,3.5,3.75,300.0,0.25
1.0,31.0,3.29,3.99,3.29,3.99,1800.0,0.7000000000000002
1.0,30.0,3.4,3.4,3.29,3.4,1900.0,0.0
1.0,29.0,3.05,3.27,3.05,3.27,2200.0,0.2200000000000002
1.0,28.0,3.1,3.1,3.09,3.1,2200.0,0.0
1.0,25.0,3.1,3.1,3.1,3.1,3600.0,0.0
1.0,24.0,3.1,3.1,3.1,3.1,300.0,0.0
1.0,23.0,3.25,3.25,3.25,3.25,1400.0,0.0
1.0,22.0,3.75,3.75,3.25,3.25,900.0,-0.5
1.0,18.0,3.15,3.15,3.1,3.12,400.0,-0.029999999999999805
1.0,17.0,3.2,3.25,3.1,3.25,1400.0,0.04999999999999982
1.0,16.0,3.4,3.4,3.25,3.25,1700.0,-0.1499999999999999
1.0,15.0,3.35,3.35,3.35,3.35,0.0,0.0
1.0,14.0,3.42,3.42,3.35,3.35,400.0,-0.06999999999999984
1.0,11.0,3.45,3.45,3.45,3.45,4400.0,0.0
1.0,10.0,3.54,3.54,3.48,3.49,6200.0,-0.04999999999999982
1.0,9.0,3.85,3.85,3.5,3.5,1300.0,-0.3500000000000001
1.0,8.0,3.99,3.99,3.85,3.95,1400.0,-0.040000000000000036
1.0,7.0,3.75,3.75,3.75,3.75,0.0,0.0
1.0,4.0,3.75,3.75,3.75,3.75,200.0,0.0
1.0,3.0,4.01,4.01,3.5,3.75,1300.0,-0.2599999999999998
1.0,2.0,3.9,4.0,3.9,4.0,1900.0,0.10000000000000009
12.0,31.0,3.7,3.7,3.7,3.7,0.0,0.0
12.0,28.0,3.9,3.9,3.5,3.7,1500.0,-0.19999999999999973
12.0,27.0,3.8,4.0,3.8,3.8,5200.0,0.0
12.0,26.0,3.95,4.0,3.8,3.8,6100.0,-0.15000000000000036
12.0,24.0,4.1,4.1,4.1,4.1,100.0,0.0
12.0,21.0,4.1,4.1,3.95,4.1,4400.0,0.0
12.0,20.0,3.9,4.14,3.9,4.14,1500.0,0.23999999999999977
12.0,19.0,4.5,4.5,3.73,4.0,24100.0,-0.5
12.0,18.0,4.26,5.05,4.26,4.59,18000.0,0.33000000000000007
12.0,17.0,4.9,5.2,4.51,4.51,7000.0,-0.39000000000000057
12.0,14.0,5.2,5.2,4.52,5.2,6500.0,0.0
12.0,13.0,5.45,5.45,5.2,5.2,5800.0,-0.25
12.0,12.0,5.3,5.5,5.3,5.44,2000.0,0.14000000000000057
12.0,11.0,5.15,5.25,5.15,5.25,500.0,0.09999999999999964
12.0,10.0,5.0,5.11,5.0,5.0,5700.0,0.0
12.0,7.0,5.04,5.04,4.99,5.0,10800.0,-0.040000000000000036
12.0,6.0,5.04,5.04,5.04,5.04,100.0,0.0
12.0,5.0,5.1,5.1,5.0,5.04,1300.0,-0.05999999999999961
12.0,4.0,5.04,5.04,5.04,5.04,0.0,0.0
12.0,3.0,5.04,5.1,5.0,5.04,2900.0,0.0
11.0,30.0,5.03,5.1,4.8,5.0,6800.0,-0.03000000000000025
11.0,29.0,3.6,5.03,3.6,5.03,5300.0,1.4300000000000002
11.0,28.0,4.7,4.87,4.0,4.0,4600.0,-0.7000000000000002
11.0,27.0,4.3,4.72,4.3,4.72,8500.0,0.41999999999999993
11.0,26.0,5.05,5.2,3.0,4.3,24800.0,-0.75
11.0,23.0,5.39,5.39,5.05,5.05,2900.0,-0.33999999999999986
11.0,21.0,5.6,5.9,5.25,5.47,5300.0,-0.1299999999999999
11.0,20.0,5.9,6.0,5.6,5.6,2100.0,-0.3000000000000007
11.0,19.0,5.8,6.23,5.5,5.62,2900.0,-0.17999999999999972
11.0,16.0,6.68,6.85,5.5,5.5,4600.0,-1.1799999999999997
11.0,15.0,6.55,6.55,6.55,6.55,300.0,0.0
11.0,14.0,6.55,6.55,6.55,6.55,0.0,0.0
11.0,13.0,6.55,6.55,6.55,6.55,0.0,0.0
11.0,12.0,6.38,6.55,6.38,6.55,500.0,0.16999999999999993
11.0,9.0,6.55,6.55,6.55,6.55,200.0,0.0
11.0,8.0,6.51,6.51,6.51,6.51,200.0,0.0
11.0,7.0,8.0,8.0,8.0,8.0,0.0,0.0
11.0,6.0,8.0,8.0,8.0,8.0,200.0,0.0
11.0,5.0,7.5,7.5,7.5,7.5,0.0,0.0
11.0,2.0,7.25,7.5,7.25,7.5,900.0,0.25
11.0,1.0,7.0,7.5,7.0,7.5,1200.0,0.5
10.0,31.0,6.55,6.55,6.55,6.55,100.0,0.0
10.0,26.0,6.5,6.5,6.5,6.5,700.0,0.0
10.0,25.0,6.5,6.5,6.5,6.5,600.0,0.0
10.0,24.0,6.5,7.25,6.5,6.5,4200.0,0.0
10.0,23.0,6.3,8.0,6.3,8.0,800.0,1.7000000000000002
10.0,22.0,5.85,6.3,5.85,6.3,9700.0,0.4500000000000002
10.0,19.0,6.0,6.5,6.0,6.0,6200.0,0.0
10.0,18.0,4.95,5.62,4.95,5.62,5900.0,0.6699999999999999
10.0,17.0,5.3,5.36,4.95,5.36,1300.0,0.0600000000000005
10.0,16.0,5.26,5.26,5.26,5.26,0.0,0.0
10.0,15.0,5.01,5.64,5.0,5.26,3200.0,0.25
10.0,12.0,5.26,5.7,4.26,5.59,5600.0,0.33000000000000007
10.0,11.0,5.58,5.58,5.26,5.26,1400.0,-0.3200000000000003
10.0,10.0,5.95,5.95,5.95,5.95,1300.0,0.0
10.0,9.0,6.25,6.25,6.25,6.25,0.0,0.0
10.0,8.0,6.25,6.25,6.25,6.25,0.0,0.0
10.0,5.0,6.0,7.6,6.0,6.25,1900.0,0.25
10.0,4.0,6.03,6.11,6.03,6.11,500.0,0.08000000000000007
10.0,3.0,8.25,8.25,8.25,8.25,0.0,0.0
10.0,2.0,6.04,8.25,6.04,8.25,500.0,2.21
10.0,1.0,8.3,8.3,8.3,8.3,0.0,0.0
9.0,28.0,8.35,8.35,8.3,8.3,400.0,-0.049999999999998934
9.0,27.0,8.4,8.4,8.35,8.35,1700.0,-0.05000000000000071
9.0,26.0,3.55,8.5,3.55,8.5,300.0,4.95
9.0,25.0,8.74,8.74,8.74,8.74,0.0,0.0
9.0,24.0,8.74,8.74,8.74,8.74,500.0,0.0
9.0,21.0,2.109979,2.109979,1.919981,1.94998,8500.0,-0.159999
9.0,20.0,2.169978,2.169978,2.119979,2.129979,6700.0,-0.039998999999999896
9.0,19.0,2.549975,2.549975,1.98998,2.399976,11900.0,-0.14999899999999977
9.0,18.0,2.649973,2.679973,2.549975,2.549975,5500.0,-0.09999800000000025
9.0,17.0,2.649973,2.749973,2.649973,2.669973,3800.0,0.020000000000000018
9.0,14.0,2.799972,2.899971,2.579974,2.649973,9200.0,-0.14999899999999977
9.0,13.0,2.98997,2.98997,2.799972,2.829972,6300.0,-0.15999799999999986
9.0,12.0,2.899971,2.96997,2.799972,2.95997,6800.0,0.05999900000000036
9.0,11.0,2.889971,2.899971,2.749973,2.869971,8900.0,-0.020000000000000018
9.0,10.0,2.98997,2.98997,2.799972,2.889971,5000.0,-0.09999899999999995
9.0,7.0,2.95997,2.96997,2.859971,2.869971,4900.0,-0.08999900000000016
9.0,6.0,2.859971,2.99997,2.849972,2.95997,7700.0,0.0999990000000004
9.0,5.0,2.699973,2.889971,2.689973,2.859971,5900.0,0.15999799999999986
9.0,4.0,2.909971,2.919971,2.649973,2.649973,9900.0,-0.25999799999999995
8.0,31.0,2.849972,2.949971,2.829972,2.899971,7600.0,0.04999899999999968
8.0,30.0,2.799972,2.899971,2.749973,2.749973,2500.0,-0.04999900000000013
8.0,29.0,2.949971,2.949971,2.749973,2.799972,11000.0,-0.14999900000000022
8.0,28.0,2.99997,3.03997,2.899971,2.899971,26600.0,-0.09999899999999995
8.0,27.0,2.899971,2.99997,2.799972,2.99997,38500.0,0.09999899999999995
8.0,24.0,2.749973,2.859971,2.599974,2.859971,17000.0,0.10999800000000004
8.0,23.0,2.899971,2.99997,2.749973,2.779972,15200.0,-0.11999899999999997
8.0,22.0,2.869971,2.899971,2.749973,2.879971,3000.0,0.009999999999999787
8.0,21.0,2.899971,2.899971,2.499975,2.869971,1400.0,-0.029999999999999805
8.0,20.0,2.949971,2.949971,2.199978,2.909971,700.0,-0.040000000000000036
8.0,17.0,2.939971,2.939971,2.749973,2.929971,2000.0,-0.009999999999999787
8.0,16.0,2.99997,2.99997,2.749973,2.749973,4400.0,-0.24999700000000002
8.0,15.0,2.679973,2.749973,2.679973,2.749973,1400.0,0.06999999999999984
8.0,14.0,2.699973,2.699973,2.599974,2.679973,900.0,-0.020000000000000018
8.0,13.0,2.99997,2.99997,2.499975,2.699973,5700.0,-0.29999699999999985
8.0,10.0,2.499975,2.499975,2.499975,2.499975,600.0,0.0
8.0,9.0,2.499975,2.499975,2.499975,2.499975,700.0,0.0
8.0,8.0,2.749973,2.749973,2.749973,2.749973,100.0,0.0
8.0,7.0,2.749973,2.749973,2.669973,2.749973,300.0,0.0
8.0,6.0,2.879971,2.879971,2.659973,2.749973,500.0,-0.12999800000000006
8.0,3.0,2.99997,2.99997,2.99997,2.99997,100.0,0.0
8.0,2.0,2.289977,2.99997,2.239978,2.99997,1500.0,0.7099929999999999
8.0,1.0,2.059979,2.99997,2.059979,2.99997,100.0,0.939991
7.0,31.0,1.99998,2.99997,1.99998,2.249978,1500.0,0.24999799999999994
7.0,30.0,1.619984,1.799982,1.619984,1.799982,300.0,0.17999799999999988
7.0,27.0,1.99998,2.04998,1.699983,1.699983,1200.0,-0.29999700000000007
7.0,26.0,2.04998,2.04998,2.04998,2.04998,200.0,0.0
7.0,25.0,2.249978,2.299977,1.749983,2.04998,1300.0,-0.1999979999999999
7.0,24.0,2.719973,2.99997,2.249978,2.249978,3900.0,-0.46999499999999994
7.0,23.0,2.99997,2.99997,2.99997,2.99997,0.0,0.0
7.0,20.0,2.99997,2.99997,2.99997,2.99997,0.0,0.0
7.0,19.0,2.99997,2.99997,2.99997,2.99997,0.0,0.0
7.0,18.0,2.99997,2.99997,2.99997,2.99997,0.0,0.0
7.0,17.0,2.99997,2.99997,2.99997,2.99997,0.0,0.0
7.0,16.0,2.99997,2.99997,2.99997,2.99997,0.0,0.0
7.0,13.0,2.99997,2.99997,2.99997,2.99997,0.0,0.0
7.0,12.0,3.049969,3.049969,2.99997,2.99997,1000.0,-0.04999900000000013
7.0,11.0,3.199968,3.199968,3.049969,3.049969,600.0,-0.14999900000000022
7.0,10.0,3.00997,3.02997,3.00997,3.00997,1500.0,0.0
7.0,9.0,2.95997,3.199968,2.95997,3.099969,2100.0,0.13999899999999998
7.0,6.0,3.00997,3.00997,3.00997,3.00997,0.0,0.0
7.0,5.0,3.199968,3.199968,2.99997,2.99997,1400.0,-0.19999800000000034
7.0,3.0,3.199968,3.199968,3.199968,3.199968,0.0,0.0
7.0,2.0,3.349967,3.349967,2.809972,3.099969,700.0,-0.24999799999999972
6.0,29.0,3.299967,3.299967,3.00997,3.00997,1200.0,-0.28999700000000006
6.0,28.0,3.349967,3.349967,3.349967,3.349967,100.0,0.0
6.0,27.0,2.99997,3.399966,2.99997,3.399966,200.0,0.39999600000000024
6.0,26.0,3.399966,3.399966,3.239968,3.249968,3700.0,-0.14999800000000008
6.0,25.0,3.199968,3.299967,3.099969,3.299967,7100.0,0.09999899999999995
6.0,22.0,3.399966,3.399966,3.199968,3.199968,2900.0,-0.1999979999999999
6.0,21.0,3.299967,3.299967,2.899971,3.199968,1200.0,-0.09999899999999995
6.0,20.0,3.299967,3.299967,2.729973,3.299967,700.0,0.0
6.0,19.0,3.299967,3.299967,3.299967,3.299967,0.0,0.0
6.0,18.0,3.299967,3.299967,3.299967,3.299967,0.0,0.0
6.0,15.0,3.349967,3.349967,3.349967,3.349967,2100.0,0.0
6.0,14.0,3.049969,3.399966,3.049969,3.399966,1600.0,0.3499970000000001
6.0,13.0,3.049969,3.149968,3.049969,3.149968,700.0,0.09999899999999995
6.0,12.0,3.049969,3.049969,3.049969,3.049969,1500.0,0.0
6.0,11.0,3.099969,3.449966,2.99997,3.049969,2600.0,-0.050000000000000266
6.0,8.0,3.109969,3.449966,3.109969,3.449966,0.0,0.3399969999999999
6.0,7.0,3.209968,3.209968,3.209968,3.209968,0.0,0.0
6.0,6.0,3.249968,3.339967,3.209968,3.209968,3000.0,-0.040000000000000036
6.0,5.0,3.249968,3.249968,3.249968,3.249968,2300.0,0.0
6.0,4.0,3.349967,3.349967,3.349967,3.349967,0.0,0.0
6.0,1.0,3.299967,3.349967,3.299967,3.349967,300.0,0.04999999999999982
5.0,31.0,3.449966,3.449966,3.449966,3.449966,0.0,0.0
5.0,30.0,3.399966,3.399966,3.399966,3.399966,0.0,0.0
5.0,29.0,3.399966,3.399966,3.399966,3.399966,0.0,0.0
5.0,25.0,3.419966,3.419966,3.399966,3.399966,800.0,-0.020000000000000018
5.0,24.0,3.849962,3.869961,3.449966,3.449966,3500.0,-0.39999600000000024
5.0,23.0,3.799962,3.799962,3.749963,3.749963,6700.0,-0.04999899999999968
5.0,22.0,3.409966,3.99996,3.409966,3.849962,9700.0,0.4399960000000003
5.0,21.0,3.649963,3.749963,3.649963,3.749963,2700.0,0.10000000000000009
5.0,18.0,3.849962,3.849962,3.649963,3.649963,2600.0,-0.19999900000000004
5.0,17.0,3.599964,3.679963,3.599964,3.649963,1000.0,0.04999900000000013
5.0,16.0,3.889961,3.889961,3.889961,3.889961,0.0,0.0
5.0,15.0,3.599964,3.889961,3.599964,3.889961,2900.0,0.28999700000000006
5.0,14.0,3.409966,3.409966,3.409966,3.409966,0.0,0.0
5.0,11.0,3.409966,3.409966,3.409966,3.409966,0.0,0.0
5.0,10.0,3.409966,3.409966,3.409966,3.409966,500.0,0.0
5.0,9.0,3.699963,3.699963,3.429966,3.429966,100.0,-0.26999700000000004
5.0,8.0,3.549964,4.01996,3.499965,4.00996,15000.0,0.4599960000000003
5.0,7.0,3.249968,3.249968,3.249968,3.249968,400.0,0.0
5.0,4.0,3.479965,3.479965,3.249968,3.249968,400.0,-0.229997
5.0,3.0,3.699963,4.499955,3.699963,3.849962,1800.0,0.14999900000000022
5.0,2.0,3.699963,3.699963,3.389966,3.649963,400.0,-0.04999999999999982
5.0,1.0,3.499965,3.749963,3.499965,3.749963,2400.0,0.24999800000000016
4.0,30.0,3.499965,3.499965,3.499965,3.499965,400.0,0.0
4.0,27.0,3.529965,3.649963,3.349967,3.649963,600.0,0.11999800000000027
4.0,26.0,3.649963,3.649963,3.349967,3.349967,500.0,-0.29999600000000015
4.0,25.0,3.499965,3.499965,3.499965,3.499965,900.0,0.0
4.0,24.0,3.649963,3.649963,3.649963,3.649963,0.0,0.0
4.0,23.0,3.649963,3.649963,3.649963,3.649963,0.0,0.0
4.0,20.0,3.649963,3.649963,3.649963,3.649963,300.0,0.0
4.0,19.0,3.749963,3.749963,3.749963,3.749963,0.0,0.0
4.0,18.0,3.749963,3.749963,3.749963,3.749963,0.0,0.0
4.0,17.0,2.819972,3.749963,2.819972,3.749963,200.0,0.9299910000000002
4.0,16.0,3.749963,3.749963,3.329967,3.539965,300.0,-0.20999800000000013
4.0,13.0,3.209968,3.209968,3.199968,3.199968,1700.0,-0.009999999999999787
4.0,12.0,2.819972,2.819972,2.819972,2.819972,0.0,0.0
4.0,11.0,2.819972,2.819972,2.819972,2.819972,100.0,0.0
4.0,10.0,3.099969,3.099969,3.099969,3.099969,0.0,0.0
4.0,9.0,3.619964,3.619964,3.099969,3.099969,500.0,-0.5199949999999998
4.0,5.0,3.779962,3.779962,3.779962,3.779962,0.0,0.0
4.0,4.0,3.779962,3.779962,3.779962,3.779962,0.0,0.0
4.0,3.0,3.779962,3.779962,3.779962,3.779962,500.0,0.0
4.0,2.0,3.549964,3.549964,3.429966,3.429966,300.0,-0.11999800000000027
3.0,30.0,3.799962,3.799962,3.749963,3.749963,2300.0,-0.04999899999999968
3.0,29.0,3.799962,3.799962,3.799962,3.799962,500.0,0.0
3.0,28.0,3.949961,3.949961,3.929961,3.929961,900.0,-0.020000000000000018
3.0,27.0,3.949961,3.949961,3.899961,3.899961,800.0,-0.050000000000000266
3.0,26.0,3.909961,3.97996,3.899961,3.96996,5000.0,0.059998999999999914
3.0,23.0,3.699963,3.949961,3.549964,3.909961,6200.0,0.20999800000000013
3.0,22.0,3.429966,3.429966,3.419966,3.419966,300.0,-0.009999999999999787
3.0,21.0,3.549964,3.549964,3.549964,3.549964,100.0,0.0
3.0,20.0,3.619964,3.739963,3.619964,3.739963,800.0,0.11999899999999997
3.0,19.0,3.599964,3.649963,3.549964,3.649963,1000.0,0.04999900000000013
3.0,16.0,3.609964,3.799962,3.109969,3.749963,2000.0,0.13999899999999998
3.0,15.0,3.949961,3.949961,3.949961,3.949961,100.0,0.0
3.0,14.0,3.97996,3.97996,3.97996,3.97996,0.0,0.0
3.0,13.0,3.96996,3.97996,3.96996,3.97996,1000.0,0.010000000000000231
3.0,12.0,3.96996,3.96996,3.96996,3.96996,200.0,0.0
3.0,9.0,3.199968,3.96996,3.199968,3.96996,500.0,0.7699919999999998
3.0,8.0,3.339967,3.97996,3.339967,3.97996,100.0,0.639993
3.0,7.0,3.97996,3.97996,3.97996,3.97996,0.0,0.0
3.0,6.0,3.97996,3.97996,3.97996,3.97996,100.0,0.0
3.0,5.0,3.97996,3.97996,3.97996,3.97996,200.0,0.0
3.0,2.0,3.97996,3.97996,3.97996,3.97996,0.0,0.0
3.0,1.0,3.97996,3.98996,3.97996,3.98996,200.0,0.009999999999999787
2.0,29.0,3.98996,3.98996,3.649963,3.649963,400.0,-0.3399969999999999
2.0,28.0,3.98996,3.98996,3.98996,3.98996,300.0,0.0
2.0,27.0,3.98996,3.98996,3.98996,3.98996,300.0,0.0
2.0,24.0,3.98996,3.98996,3.98996,3.98996,300.0,0.0
2.0,23.0,3.98996,3.98996,3.98996,3.98996,300.0,0.0
2.0,22.0,3.98996,3.98996,3.98996,3.98996,0.0,0.0
2.0,21.0,3.98996,3.98996,3.98996,3.98996,0.0,0.0
2.0,17.0,3.98996,3.98996,3.98996,3.98996,0.0,0.0
2.0,16.0,3.98996,3.98996,3.98996,3.98996,0.0,0.0
2.0,15.0,4.099959,4.099959,4.099959,4.099959,100.0,0.0
2.0,14.0,4.199958,4.199958,4.199958,4.199958,0.0,0.0
2.0,13.0,3.98996,4.199958,3.98996,4.199958,500.0,0.20999799999999968
2.0,10.0,3.98996,3.98996,3.98996,3.98996,0.0,0.0
2.0,9.0,3.98996,3.98996,3.98996,3.98996,1100.0,0.0
2.0,8.0,2.399976,3.98996,2.399976,3.98996,300.0,1.5899839999999998
2.0,7.0,3.99996,3.99996,3.99996,3.99996,0.0,0.0
2.0,6.0,3.99996,3.99996,3.99996,3.99996,100.0,0.0
2.0,3.0,4.099959,4.099959,4.099959,4.099959,300.0,0.0
2.0,2.0,3.98996,3.98996,3.98996,3.98996,0.0,0.0
2.0,1.0,4.099959,4.199958,3.98996,3.98996,200.0,-0.10999900000000018
1.0,31.0,4.199958,4.199958,4.149959,4.149959,400.0,-0.04999899999999968
1.0,30.0,3.199968,4.299957,3.199968,4.299957,1200.0,1.0999889999999999
1.0,27.0,4.249958,4.249958,4.249958,4.249958,0.0,0.0
1.0,26.0,4.249958,4.249958,4.249958,4.249958,0.0,0.0
1.0,25.0,4.249958,4.249958,4.249958,4.249958,0.0,0.0
1.0,24.0,4.249958,4.249958,4.249958,4.249958,0.0,0.0
1.0,23.0,4.249958,4.249958,3.199968,4.249958,600.0,0.0
1.0,20.0,3.99996,3.99996,3.00997,3.00997,100.0,-0.9899900000000001
1.0,19.0,4.299957,4.299957,4.299957,4.299957,0.0,0.0
1.0,18.0,4.299957,4.299957,4.299957,4.299957,0.0,0.0
1.0,17.0,4.299957,4.299957,4.299957,4.299957,0.0,0.0
1.0,13.0,4.299957,4.299957,4.299957,4.299957,0.0,0.0
1.0,12.0,4.749953,4.749953,4.749953,4.749953,0.0,0.0
1.0,11.0,4.749953,4.749953,4.749953,4.749953,0.0,0.0
1.0,10.0,4.749953,4.749953,4.749953,4.749953,0.0,0.0
1.0,9.0,4.749953,4.749953,4.749953,4.749953,0.0,0.0
1.0,6.0,4.749953,4.749953,4.749953,4.749953,0.0,0.0
1.0,5.0,4.749953,4.749953,4.749953,4.749953,0.0,0.0
1.0,4.0,4.749953,4.749953,4.749953,4.749953,0.0,0.0
1.0,3.0,4.749953,4.749953,4.749953,4.749953,0.0,0.0
12.0,30.0,5.249948,5.249948,4.749953,4.749953,1600.0,-0.4999950000000002
12.0,29.0,4.249958,4.249958,4.249958,4.249958,100.0,0.0
12.0,28.0,5.499945,5.499945,5.499945,5.499945,0.0,0.0
12.0,27.0,5.499945,5.499945,5.499945,5.499945,0.0,0.0
12.0,23.0,5.499945,5.499945,5.499945,5.499945,0.0,0.0
12.0,22.0,5.499945,5.499945,5.499945,5.499945,0.0,0.0
12.0,21.0,5.499945,5.499945,5.499945,5.499945,0.0,0.0
12.0,20.0,5.499945,5.499945,5.499945,5.499945,0.0,0.0
12.0,19.0,5.499945,5.499945,5.499945,5.499945,0.0,0.0
12.0,16.0,5.499945,5.499945,5.499945,5.499945,100.0,0.0
12.0,15.0,4.379956,4.379956,4.379956,4.379956,0.0,0.0
12.0,14.0,4.379956,4.379956,4.379956,4.379956,100.0,0.0
12.0,13.0,4.379956,4.379956,4.379956,4.379956,0.0,0.0
12.0,12.0,4.379956,4.379956,4.379956,4.379956,0.0,0.0
12.0,9.0,1.749956,1.749956,1.739957,1.749956,100.0,0.0
12.0,8.0,1.749956,1.749956,1.749956,1.749956,0.0,0.0
12.0,7.0,1.749956,1.749956,1.749956,1.749956,200.0,0.0
12.0,6.0,1.749956,1.749956,1.749956,1.749956,0.0,0.0
12.0,5.0,1.699958,1.749956,1.699958,1.749956,0.0,0.04999799999999999
12.0,2.0,1.799955,1.799955,1.649959,1.699958,500.0,-0.09999699999999989
12.0,1.0,1.799955,1.799955,1.749956,1.749956,200.0,-0.049998999999999905
11.0,30.0,1.849954,1.849954,1.799955,1.799955,100.0,-0.04999900000000013
11.0,29.0,1.58996,1.749956,1.58996,1.749956,300.0,0.15999600000000003
11.0,28.0,1.499963,1.58996,1.399965,1.58996,600.0,0.0899970000000001
11.0,25.0,1.399965,1.399965,1.399965,1.399965,100.0,0.0
11.0,23.0,1.409965,1.409965,1.399965,1.399965,2300.0,-0.010000000000000009
11.0,22.0,1.399965,1.499963,1.399965,1.499963,2200.0,0.09999800000000003
11.0,21.0,1.849954,1.849954,1.499963,1.499963,4300.0,-0.34999100000000016
11.0,18.0,1.889953,1.899953,1.759956,1.759956,600.0,-0.12999699999999992
11.0,17.0,1.799955,1.799955,1.799955,1.799955,200.0,0.0
11.0,16.0,1.889953,1.889953,1.799955,1.799955,600.0,-0.08999800000000002
11.0,15.0,1.899953,1.899953,1.899953,1.899953,700.0,0.0
11.0,14.0,1.249969,1.98995,1.249969,1.899953,13400.0,0.6499839999999999
11.0,11.0,1.98995,1.98995,1.98995,1.98995,200.0,0.0
11.0,10.0,1.98995,1.98995,1.98995,1.98995,0.0,0.0
11.0,9.0,1.99995,1.99995,1.99995,1.99995,0.0,0.0
11.0,8.0,1.98995,1.99995,1.98995,1.99995,600.0,0.009999999999999787
11.0,7.0,1.849954,1.949951,1.849954,1.949951,200.0,0.09999699999999989
11.0,4.0,1.849954,1.849954,1.849954,1.849954,2300.0,0.0
11.0,3.0,1.889953,1.899953,1.799955,1.899953,1600.0,0.010000000000000009
11.0,2.0,1.889953,1.889953,1.889953,1.889953,200.0,0.0
11.0,1.0,1.699958,1.699958,1.499963,1.699958,200.0,0.0
10.0,31.0,1.99995,1.99995,1.699958,1.699958,4500.0,-0.2999919999999998
10.0,28.0,1.799955,1.99995,1.699958,1.699958,3300.0,-0.09999699999999989
10.0,27.0,1.699958,1.799955,1.699958,1.799955,400.0,0.09999699999999989
10.0,26.0,1.559961,2.199945,1.359966,1.699958,7400.0,0.13999700000000015
10.0,25.0,1.149971,2.189945,1.149971,1.539962,4100.0,0.389991
10.0,24.0,1.149971,1.149971,1.149971,1.149971,600.0,0.0
10.0,21.0,1.099973,1.099973,1.099973,1.099973,200.0,0.0
10.0,20.0,1.19997,1.19997,1.049974,1.049974,200.0,-0.14999600000000002
10.0,19.0,0.999975,0.999975,0.999975,0.999975,0.0,0.0
10.0,18.0,1.19997,1.19997,0.999975,0.999975,1100.0,-0.19999500000000003
10.0,17.0,1.19997,1.19997,1.049974,1.049974,500.0,-0.14999600000000002
10.0,14.0,1.19997,1.19997,1.19997,1.19997,200.0,0.0
10.0,13.0,1.18997,1.18997,1.18997,1.18997,0.0,0.0
10.0,12.0,1.19997,1.19997,1.19997,1.19997,0.0,0.0
10.0,11.0,1.039974,1.19997,1.039974,1.19997,0.0,0.15999600000000003
10.0,10.0,1.099973,1.099973,0.849979,1.039974,200.0,-0.059999000000000136
10.0,7.0,1.099973,1.099973,1.099973,1.099973,600.0,0.0
10.0,6.0,1.19997,1.19997,1.019975,1.099973,1000.0,-0.09999699999999989
10.0,5.0,1.219969,1.219969,1.219969,1.219969,200.0,0.0
10.0,4.0,1.219969,1.219969,1.219969,1.219969,0.0,0.0
10.0,3.0,1.219969,1.219969,1.219969,1.219969,0.0,0.0
9.0,30.0,1.219969,1.219969,1.219969,1.219969,100.0,0.0
9.0,29.0,1.259968,1.259968,1.249969,1.249969,2200.0,-0.009998999999999869
9.0,28.0,1.299968,1.299968,1.299968,1.299968,0.0,0.0
9.0,27.0,1.299968,1.299968,1.299968,1.299968,400.0,0.0
9.0,26.0,1.299968,1.299968,1.299968,1.299968,0.0,0.0
9.0,23.0,1.309967,1.309967,1.299968,1.299968,1100.0,-0.009999000000000091
9.0,22.0,1.399965,1.399965,1.399965,1.399965,0.0,0.0
9.0,21.0,1.349966,1.399965,1.349966,1.399965,100.0,0.049998999999999905
9.0,20.0,1.399965,1.399965,1.309967,1.309967,200.0,-0.0899979999999998
9.0,19.0,1.439964,1.439964,1.309967,1.309967,13800.0,-0.12999699999999992
9.0,16.0,1.409965,1.409965,1.409965,1.409965,0.0,0.0
9.0,15.0,1.409965,1.409965,1.409965,1.409965,0.0,0.0
9.0,14.0,1.409965,1.409965,1.409965,1.409965,0.0,0.0
9.0,13.0,1.409965,1.409965,1.409965,1.409965,0.0,0.0
9.0,12.0,1.409965,1.409965,1.409965,1.409965,0.0,0.0
9.0,9.0,1.399965,1.409965,1.399965,1.409965,500.0,0.010000000000000009
9.0,8.0,1.399965,1.399965,1.399965,1.399965,0.0,0.0
9.0,7.0,1.399965,1.399965,1.399965,1.399965,0.0,0.0
9.0,6.0,1.399965,1.399965,1.399965,1.399965,0.0,0.0
9.0,2.0,1.399965,1.399965,1.399965,1.399965,0.0,0.0
9.0,1.0,1.399965,1.399965,1.399965,1.399965,0.0,0.0
8.0,31.0,1.399965,1.399965,1.399965,1.399965,0.0,0.0
8.0,30.0,1.399965,1.399965,1.399965,1.399965,0.0,0.0
8.0,29.0,1.409965,1.409965,1.399965,1.399965,400.0,-0.010000000000000009
8.0,26.0,1.409965,1.409965,1.409965,1.409965,0.0,0.0
8.0,25.0,1.409965,1.409965,1.409965,1.409965,0.0,0.0
8.0,24.0,1.699958,1.699958,1.699958,1.699958,200.0,0.0
8.0,23.0,1.499963,1.649959,1.499963,1.499963,200.0,0.0
8.0,22.0,1.659959,1.659959,1.659959,1.659959,0.0,0.0
8.0,19.0,1.659959,1.659959,1.659959,1.659959,0.0,0.0
8.0,18.0,1.639959,1.639959,1.639959,1.639959,0.0,0.0
8.0,17.0,1.639959,1.639959,1.639959,1.639959,0.0,0.0
8.0,16.0,1.639959,1.639959,1.639959,1.639959,0.0,0.0
8.0,15.0,1.449964,1.639959,1.349966,1.639959,400.0,0.18999499999999991
8.0,12.0,1.59996,1.59996,1.499963,1.499963,2400.0,-0.09999700000000011
8.0,11.0,1.649959,1.649959,1.59996,1.59996,1000.0,-0.049998999999999905
8.0,10.0,1.60996,1.649959,1.59996,1.649959,2000.0,0.039998999999999896
8.0,9.0,1.60996,1.60996,1.60996,1.60996,0.0,0.0
8.0,8.0,1.60996,1.60996,1.60996,1.60996,100.0,0.0
8.0,5.0,1.59996,1.60996,1.59996,1.60996,2000.0,0.010000000000000009
8.0,4.0,1.659959,1.699958,1.59996,1.59996,2000.0,-0.059998999999999914
8.0,3.0,1.649959,1.649959,1.649959,1.649959,0.0,0.0
8.0,2.0,1.679958,1.679958,1.649959,1.649959,100.0,-0.02999900000000011
8.0,1.0,1.649959,1.649959,1.649959,1.649959,200.0,0.0
7.0,29.0,1.619959,1.619959,1.60996,1.60996,700.0,-0.009998999999999869
7.0,28.0,1.789955,1.789955,1.699958,1.699958,100.0,-0.08999699999999988
7.0,27.0,1.699958,1.799955,1.59996,1.799955,200.0,0.09999699999999989
7.0,26.0,1.59996,1.59996,1.59996,1.59996,0.0,0.0
7.0,25.0,1.59996,1.59996,1.59996,1.59996,100.0,0.0
7.0,22.0,1.59996,1.749956,1.549961,1.749956,300.0,0.14999600000000002
7.0,21.0,1.569961,1.889953,1.559961,1.699958,700.0,0.12999700000000014
7.0,20.0,1.58996,1.659959,1.529962,1.549961,2000.0,-0.03999900000000012
7.0,19.0,1.369966,1.469963,1.319967,1.469963,7100.0,0.09999699999999989
7.0,18.0,1.389965,1.449964,1.319967,1.389965,7900.0,0.0
7.0,15.0,1.509962,1.509962,1.319967,1.389965,7200.0,-0.11999700000000013
7.0,14.0,1.399965,1.699958,1.399965,1.699958,200.0,0.2999930000000002
7.0,13.0,1.389965,1.389965,1.299968,1.309967,7500.0,-0.07999799999999979
7.0,12.0,1.309967,1.309967,1.309967,1.309967,100.0,0.0
7.0,11.0,1.309967,1.309967,1.309967,1.309967,4300.0,0.0
7.0,8.0,1.439964,1.439964,1.299968,1.299968,16200.0,-0.139996
7.0,7.0,1.409965,1.419964,1.409965,1.419964,1000.0,0.009999000000000091
7.0,6.0,1.419964,1.419964,1.399965,1.399965,5600.0,-0.0199990000000001
7.0,5.0,1.399965,1.449964,1.399965,1.399965,6800.0,0.0
7.0,1.0,1.409965,1.409965,1.399965,1.399965,1000.0,-0.010000000000000009
6.0,30.0,1.699958,1.699958,1.699958,1.699958,0.0,0.0
6.0,29.0,1.699958,1.699958,1.699958,1.699958,0.0,0.0
6.0,28.0,1.699958,1.699958,1.699958,1.699958,0.0,0.0
6.0,27.0,1.699958,1.699958,1.699958,1.699958,0.0,0.0
6.0,24.0,1.399965,1.699958,1.399965,1.699958,200.0,0.2999930000000002
6.0,23.0,1.509962,1.509962,1.349966,1.399965,18200.0,-0.10999700000000012
6.0,22.0,1.549961,1.549961,1.549961,1.549961,0.0,0.0
6.0,21.0,1.549961,1.549961,1.549961,1.549961,300.0,0.0
6.0,20.0,1.549961,1.549961,1.549961,1.549961,100.0,0.0
6.0,17.0,1.549961,1.549961,1.549961,1.549961,300.0,0.0
6.0,16.0,1.499963,1.499963,1.499963,1.499963,5300.0,0.0
6.0,15.0,1.699958,1.699958,1.699958,1.699958,0.0,0.0
6.0,14.0,1.699958,1.699958,1.699958,1.699958,0.0,0.0
6.0,13.0,1.699958,1.699958,1.699958,1.699958,100.0,0.0
6.0,10.0,2.049949,2.049949,2.049949,2.049949,0.0,0.0
6.0,9.0,1.99995,1.99995,1.99995,1.99995,100.0,0.0
6.0,8.0,1.699958,1.699958,1.699958,1.699958,0.0,0.0
6.0,7.0,1.919952,1.919952,1.699958,1.699958,500.0,-0.21999400000000002
6.0,6.0,1.899953,2.049949,1.699958,1.699958,200.0,-0.19999499999999992
6.0,3.0,2.199945,2.199945,2.199945,2.199945,0.0,0.0
6.0,2.0,2.219944,2.219944,2.219944,2.219944,0.0,0.0
6.0,1.0,1.99995,2.219944,1.99995,2.219944,700.0,0.21999400000000002
5.0,31.0,2.239944,2.239944,1.899953,1.899953,100.0,-0.33999099999999993
5.0,27.0,1.849954,2.199945,1.849954,1.949951,1900.0,0.09999699999999989
5.0,26.0,1.699958,1.99995,1.699958,1.99995,700.0,0.2999919999999998
5.0,25.0,1.799955,1.949951,1.799955,1.949951,300.0,0.14999600000000002
5.0,24.0,1.799955,1.949951,1.799955,1.949951,200.0,0.14999600000000002
5.0,23.0,1.869953,1.99995,1.799955,1.799955,200.0,-0.069998
5.0,20.0,1.869953,1.869953,1.869953,1.869953,0.0,0.0
5.0,19.0,1.899953,2.189945,1.899953,2.099948,300.0,0.19999499999999992
5.0,18.0,1.899953,2.239944,1.849954,2.239944,1500.0,0.33999099999999993
5.0,17.0,1.799955,2.249944,1.799955,1.99995,200.0,0.19999499999999992
5.0,16.0,1.839954,2.499938,1.839954,2.099948,2200.0,0.25999399999999984
5.0,13.0,1.799955,1.799955,1.799955,1.799955,200.0,0.0
5.0,12.0,1.749956,1.839954,1.749956,1.839954,100.0,0.08999800000000002
5.0,11.0,1.699958,1.749956,1.699958,1.749956,300.0,0.04999799999999999
5.0,10.0,1.699958,1.829954,1.699958,1.699958,500.0,0.0
5.0,9.0,1.699958,1.699958,1.699958,1.699958,100.0,0.0
5.0,6.0,1.549961,1.749956,1.549961,1.709957,1600.0,0.15999600000000003
5.0,5.0,1.59996,1.699958,1.59996,1.699958,800.0,0.09999800000000003
5.0,4.0,1.549961,1.829954,1.549961,1.829954,1800.0,0.27999300000000016
5.0,3.0,1.449964,1.459964,1.449964,1.459964,200.0,0.010000000000000009
5.0,2.0,1.459964,1.479963,1.459964,1.479963,200.0,0.019998999999999878
4.0,29.0,1.499963,1.509962,1.499963,1.499963,6900.0,0.0
4.0,28.0,1.509962,1.58996,1.449964,1.58996,6600.0,0.07999800000000001
4.0,27.0,1.59996,1.699958,1.59996,1.699958,700.0,0.09999800000000003
4.0,26.0,1.499963,1.499963,1.499963,1.499963,0.0,0.0
4.0,25.0,1.499963,1.499963,1.499963,1.499963,800.0,0.0
4.0,21.0,1.699958,1.699958,1.699958,1.699958,100.0,0.0
4.0,20.0,1.549961,1.549961,1.549961,1.549961,700.0,0.0
4.0,19.0,1.549961,1.739957,1.549961,1.739957,100.0,0.18999600000000005
4.0,18.0,1.699958,1.699958,1.499963,1.499963,4600.0,-0.19999500000000014
4.0,15.0,1.699958,1.699958,1.699958,1.699958,400.0,0.0
4.0,14.0,1.699958,1.699958,1.699958,1.699958,400.0,0.0
4.0,13.0,1.789955,1.789955,1.789955,1.789955,0.0,0.0
4.0,12.0,1.789955,1.789955,1.789955,1.789955,0.0,0.0
4.0,11.0,1.789955,1.789955,1.789955,1.789955,0.0,0.0
4.0,8.0,1.449964,1.789955,1.449964,1.789955,100.0,0.33999099999999993
4.0,7.0,1.449964,1.449964,1.449964,1.449964,300.0,0.0
4.0,6.0,1.539962,1.539962,1.539962,1.539962,0.0,0.0
4.0,5.0,1.539962,1.539962,1.539962,1.539962,0.0,0.0
4.0,4.0,1.539962,1.839954,1.539962,1.539962,200.0,0.0
4.0,1.0,1.839954,1.839954,1.839954,1.839954,200.0,0.0
3.0,31.0,1.799955,1.799955,1.799955,1.799955,0.0,0.0
3.0,30.0,1.549961,1.59996,1.499963,1.499963,500.0,-0.04999799999999999
3.0,29.0,1.499963,1.499963,1.499963,1.499963,0.0,0.0
3.0,28.0,1.59996,1.649959,1.499963,1.499963,2000.0,-0.09999700000000011
3.0,25.0,1.549961,1.899953,1.499963,1.499963,1900.0,-0.04999799999999999
3.0,24.0,1.449964,1.449964,1.449964,1.449964,0.0,0.0
3.0,23.0,1.449964,1.449964,1.449964,1.449964,0.0,0.0
3.0,22.0,1.449964,1.449964,1.449964,1.449964,400.0,0.0
3.0,21.0,1.399965,1.499963,1.399965,1.479963,300.0,0.07999800000000001
3.0,18.0,1.449964,1.449964,1.449964,1.449964,0.0,0.0
3.0,17.0,1.449964,1.449964,1.449964,1.449964,0.0,0.0
3.0,16.0,1.449964,1.449964,1.449964,1.449964,0.0,0.0
3.0,15.0,1.459964,1.459964,1.449964,1.449964,200.0,-0.010000000000000009
3.0,14.0,1.569961,1.569961,1.569961,1.569961,0.0,0.0
3.0,11.0,1.569961,1.569961,1.569961,1.569961,0.0,0.0
3.0,10.0,1.579961,1.579961,1.569961,1.569961,600.0,-0.010000000000000009
3.0,9.0,1.579961,1.579961,1.579961,1.579961,0.0,0.0
3.0,8.0,1.579961,1.579961,1.579961,1.579961,100.0,0.0
3.0,7.0,1.499963,1.579961,1.479963,1.579961,6700.0,0.07999800000000001
3.0,4.0,1.499963,1.549961,1.499963,1.499963,12100.0,0.0
3.0,3.0,1.499963,1.499963,1.499963,1.499963,7400.0,0.0
3.0,2.0,1.509962,1.509962,1.509962,1.509962,300.0,0.0
3.0,1.0,1.499963,1.549961,1.499963,1.549961,1600.0,0.04999799999999999
2.0,28.0,1.549961,1.549961,1.509962,1.509962,200.0,-0.039998999999999896
2.0,25.0,1.59996,1.59996,1.59996,1.59996,0.0,0.0
2.0,24.0,1.59996,1.59996,1.59996,1.59996,0.0,0.0
2.0,23.0,1.59996,1.59996,1.59996,1.59996,0.0,0.0
2.0,22.0,1.59996,1.59996,1.59996,1.59996,5000.0,0.0
2.0,18.0,1.59996,1.59996,1.59996,1.59996,900.0,0.0
2.0,17.0,1.59996,1.59996,1.59996,1.59996,0.0,0.0
2.0,16.0,1.59996,1.59996,1.59996,1.59996,100.0,0.0
2.0,15.0,1.649959,1.649959,1.649959,1.649959,0.0,0.0
2.0,14.0,1.659959,1.659959,1.649959,1.649959,700.0,-0.010000000000000009
2.0,11.0,1.709957,1.709957,1.699958,1.699958,400.0,-0.009998999999999869
2.0,10.0,1.709957,1.709957,1.709957,1.709957,0.0,0.0
2.0,9.0,1.709957,1.709957,1.709957,1.709957,400.0,0.0
2.0,8.0,1.879953,1.879953,1.879953,1.879953,0.0,0.0
2.0,7.0,1.749956,1.99995,1.749956,1.879953,13200.0,0.12999699999999992
2.0,4.0,1.749956,1.749956,1.699958,1.709957,500.0,-0.03999900000000012
2.0,3.0,1.749956,1.749956,1.729957,1.749956,1500.0,0.0
2.0,2.0,1.699958,1.699958,1.699958,1.699958,0.0,0.0
2.0,1.0,1.749956,1.949951,1.59996,1.59996,20200.0,-0.14999600000000002
1.0,31.0,1.729957,1.729957,1.729957,1.729957,0.0,0.0
1.0,28.0,1.739957,1.739957,1.729957,1.729957,1400.0,-0.010000000000000009
1.0,27.0,1.799955,1.799955,1.699958,1.749956,2500.0,-0.049998999999999905
1.0,26.0,1.799955,1.799955,1.799955,1.799955,400.0,0.0
1.0,25.0,1.849954,1.899953,1.799955,1.799955,7200.0,-0.04999900000000013
1.0,24.0,1.899953,1.899953,1.849954,1.849954,1200.0,-0.049998999999999905
1.0,21.0,1.949951,1.949951,1.899953,1.899953,1600.0,-0.04999799999999999
1.0,20.0,1.899953,1.949951,1.899953,1.949951,1600.0,0.04999799999999999
1.0,19.0,1.99995,1.99995,1.99995,1.99995,0.0,0.0
1.0,18.0,1.99995,1.99995,1.849954,1.99995,13100.0,0.0
1.0,14.0,1.99995,2.00995,1.99995,2.00995,100.0,0.010000000000000009
1.0,13.0,2.00995,2.00995,2.00995,2.00995,0.0,0.0
1.0,12.0,2.00995,2.00995,2.00995,2.00995,0.0,0.0
1.0,11.0,2.00995,2.00995,2.00995,2.00995,400.0,0.0
1.0,10.0,2.00995,2.049949,2.00995,2.00995,2300.0,0.0
1.0,7.0,2.00995,2.00995,2.00995,2.00995,100.0,0.0
1.0,6.0,2.019949,2.019949,1.99995,2.019949,1000.0,0.0
1.0,5.0,2.019949,2.019949,2.019949,2.019949,0.0,0.0
1.0,4.0,2.00995,2.00995,1.99995,1.99995,1300.0,-0.010000000000000009
1.0,3.0,1.99995,1.99995,1.99995,1.99995,0.0,0.0
12.0,31.0,2.099948,2.099948,1.99995,1.99995,500.0,-0.09999800000000003
12.0,30.0,2.099948,2.099948,2.099948,2.099948,1300.0,0.0
12.0,29.0,2.109947,2.109947,2.099948,2.099948,2600.0,-0.009999000000000091
12.0,28.0,2.299943,2.299943,2.299943,2.299943,0.0,0.0
12.0,27.0,2.109947,2.299943,2.109947,2.299943,900.0,0.18999599999999983
12.0,23.0,2.109947,2.109947,2.109947,2.109947,0.0,0.0
12.0,22.0,2.109947,2.109947,2.109947,2.109947,100.0,0.0
12.0,21.0,2.199945,2.199945,2.199945,2.199945,0.0,0.0
12.0,20.0,2.199945,2.199945,2.199945,2.199945,0.0,0.0
12.0,17.0,2.199945,2.199945,2.199945,2.199945,2200.0,0.0
12.0,16.0,2.199945,2.199945,2.199945,2.199945,500.0,0.0
12.0,15.0,2.319942,2.349941,2.199945,2.199945,8100.0,-0.11999700000000013
12.0,14.0,2.049949,2.359941,2.049949,2.319942,33200.0,0.26999300000000037
12.0,13.0,2.099948,2.219944,2.099948,2.149946,700.0,0.04999799999999999
12.0,10.0,2.299943,2.299943,2.199945,2.299943,2900.0,0.0
12.0,9.0,2.349941,2.349941,2.349941,2.349941,1400.0,0.0
12.0,8.0,2.349941,2.349941,2.349941,2.349941,200.0,0.0
12.0,7.0,2.39994,2.39994,2.39994,2.39994,0.0,0.0
12.0,6.0,2.669933,2.699933,2.449939,2.499938,1100.0,-0.16999499999999967
12.0,3.0,2.239944,2.589935,2.199945,2.589935,9300.0,0.34999100000000016
12.0,2.0,2.269943,2.299943,2.049949,2.049949,8500.0,-0.21999400000000024
12.0,1.0,2.299943,2.299943,2.299943,2.299943,0.0,0.0
11.0,30.0,2.299943,2.299943,2.299943,2.299943,0.0,0.0
11.0,29.0,2.449939,2.449939,2.449939,2.449939,0.0,0.0
11.0,26.0,2.449939,2.449939,2.449939,2.449939,0.0,0.0
11.0,24.0,2.449939,2.449939,2.279943,2.449939,400.0,0.0
11.0,23.0,2.649934,2.649934,2.499938,2.589935,500.0,-0.059998999999999914
11.0,22.0,2.649934,2.699933,2.649934,2.699933,300.0,0.04999900000000013
11.0,19.0,2.699933,2.699933,2.699933,2.699933,0.0,0.0
11.0,18.0,2.699933,2.699933,2.699933,2.699933,100.0,0.0
11.0,17.0,2.699933,2.699933,2.699933,2.699933,0.0,0.0
11.0,16.0,2.699933,2.699933,2.699933,2.699933,0.0,0.0
11.0,15.0,2.889928,2.889928,2.889928,2.889928,0.0,0.0
11.0,12.0,2.899928,2.899928,2.889928,2.889928,400.0,-0.010000000000000231
11.0,11.0,2.899928,2.899928,2.899928,2.899928,0.0,0.0
11.0,10.0,2.899928,2.899928,2.899928,2.899928,0.0,0.0
11.0,9.0,2.899928,2.899928,2.899928,2.899928,100.0,0.0
11.0,8.0,2.79993,2.79993,2.79993,2.79993,0.0,0.0
11.0,5.0,2.849929,2.849929,2.849929,2.849929,0.0,0.0
11.0,4.0,2.849929,2.899928,2.849929,2.849929,200.0,0.0
11.0,3.0,2.899928,2.899928,2.899928,2.899928,0.0,0.0
11.0,2.0,2.899928,2.899928,2.899928,2.899928,0.0,0.0
11.0,1.0,2.999925,3.049924,2.899928,2.899928,5500.0,-0.09999700000000011
10.0,29.0,2.919927,2.919927,2.919927,2.919927,0.0,0.0
10.0,28.0,2.949926,2.999925,2.949926,2.949926,500.0,0.0
10.0,27.0,2.949926,2.949926,2.949926,2.949926,2100.0,0.0
10.0,26.0,2.999925,2.999925,2.999925,2.999925,0.0,0.0
10.0,25.0,2.999925,2.999925,2.999925,2.999925,0.0,0.0
10.0,22.0,2.999925,2.999925,2.999925,2.999925,1300.0,0.0
10.0,21.0,2.999925,2.999925,2.999925,2.999925,0.0,0.0
10.0,20.0,2.999925,2.999925,2.999925,2.999925,0.0,0.0
10.0,19.0,2.899928,2.899928,2.899928,2.899928,1400.0,0.0
10.0,18.0,2.899928,2.899928,2.899928,2.899928,0.0,0.0
10.0,15.0,2.899928,2.949926,2.899928,2.899928,2000.0,0.0
10.0,14.0,2.899928,2.899928,2.899928,2.899928,500.0,0.0
10.0,13.0,2.899928,2.899928,2.899928,2.899928,0.0,0.0
10.0,12.0,3.099923,3.099923,2.899928,2.899928,200.0,-0.19999499999999992
10.0,11.0,3.19992,3.19992,3.19992,3.19992,0.0,0.0
10.0,8.0,2.899928,2.899928,2.899928,2.899928,0.0,0.0
10.0,7.0,2.899928,3.249919,2.899928,3.249919,800.0,0.3499909999999997
10.0,6.0,2.999925,2.999925,2.999925,2.999925,100.0,0.0
10.0,5.0,2.999925,2.999925,2.999925,2.999925,0.0,0.0
10.0,4.0,2.999925,2.999925,2.999925,2.999925,400.0,0.0
10.0,1.0,3.399915,3.399915,3.399915,3.399915,0.0,0.0
9.0,30.0,3.099923,3.429914,3.099923,3.399915,6600.0,0.29999200000000004
9.0,29.0,3.049924,3.049924,3.049924,3.049924,300.0,0.0
9.0,28.0,2.899928,2.899928,2.899928,2.899928,0.0,0.0
9.0,27.0,2.899928,2.899928,2.899928,2.899928,0.0,0.0
9.0,24.0,3.149921,3.179921,3.149921,3.169921,2200.0,0.020000000000000018
9.0,23.0,3.18992,3.18992,3.18992,3.18992,100.0,0.0
9.0,22.0,3.179921,3.179921,3.179921,3.179921,0.0,0.0
9.0,21.0,3.299918,3.299918,2.899928,3.179921,1400.0,-0.11999699999999969
9.0,20.0,2.859929,3.299918,2.859929,3.299918,1600.0,0.43998899999999974
9.0,17.0,3.249919,3.249919,3.249919,3.249919,0.0,0.0
9.0,16.0,2.999925,3.699908,2.999925,3.249919,3200.0,0.2499939999999996
9.0,15.0,3.249919,3.249919,2.849929,2.999925,400.0,-0.2499939999999996
9.0,14.0,3.699908,3.699908,3.699908,3.699908,0.0,0.0
9.0,13.0,3.699908,3.749906,3.699908,3.699908,900.0,0.0
9.0,10.0,3.149921,3.689908,3.149921,3.149921,500.0,0.0
9.0,9.0,3.689908,3.749906,3.689908,3.749906,1700.0,0.05999800000000022
9.0,8.0,2.949926,2.949926,2.949926,2.949926,0.0,0.0
9.0,7.0,3.749906,3.749906,3.749906,3.749906,0.0,0.0
9.0,3.0,3.749906,3.749906,3.749906,3.749906,0.0,0.0
9.0,2.0,3.19992,3.839904,3.19992,3.749906,0.0,0.5499860000000001
9.0,1.0,3.749906,3.749906,3.749906,3.749906,0.0,0.0
8.0,31.0,3.499913,3.749906,3.19992,3.749906,700.0,0.24999300000000035
8.0,30.0,3.59991,3.59991,3.499913,3.499913,600.0,-0.09999700000000011
8.0,27.0,3.59991,3.59991,3.59991,3.59991,0.0,0.0
8.0,26.0,4.449889,4.449889,3.59991,3.59991,100.0,-0.8499789999999998
8.0,25.0,3.739906,3.799905,3.739906,3.799905,700.0,0.059998999999999914
8.0,24.0,3.749906,3.799905,3.749906,3.799905,800.0,0.04999899999999968
8.0,23.0,3.9899,3.9899,3.9899,3.9899,0.0,0.0
8.0,20.0,3.949901,3.9999,3.549911,3.749906,1700.0,-0.19999499999999992
8.0,19.0,3.949901,3.9899,3.949901,3.949901,400.0,0.0
8.0,18.0,3.849904,3.849904,3.849904,3.849904,0.0,0.0
8.0,17.0,3.849904,3.849904,3.849904,3.849904,0.0,0.0
8.0,16.0,3.949901,3.949901,3.849904,3.849904,0.0,-0.09999700000000011
8.0,13.0,3.949901,3.969901,3.949901,3.969901,600.0,0.020000000000000018
8.0,12.0,3.899903,3.899903,3.899903,3.899903,400.0,0.0
8.0,11.0,3.949901,3.9999,3.949901,3.9999,600.0,0.04999899999999968
8.0,10.0,4.739881,4.739881,3.949901,3.949901,200.0,-0.7899799999999995
8.0,9.0,3.899903,3.949901,3.899903,3.949901,1800.0,0.04999799999999999
8.0,6.0,3.499913,3.899903,3.349916,3.899903,900.0,0.3999900000000003
8.0,5.0,3.939901,3.939901,3.499913,3.499913,300.0,-0.43998800000000005
8.0,4.0,3.889903,3.949901,3.889903,3.949901,1300.0,0.05999800000000022
8.0,3.0,3.949901,3.949901,3.949901,3.949901,800.0,0.0
8.0,2.0,3.949901,3.949901,3.499913,3.949901,2200.0,0.0
7.0,30.0,3.949901,3.949901,3.799905,3.949901,3000.0,0.0
7.0,29.0,3.899903,3.949901,3.899903,3.899903,1100.0,0.0
7.0,28.0,3.499913,3.499913,3.499913,3.499913,0.0,0.0
7.0,27.0,3.939901,3.939901,3.499913,3.499913,200.0,-0.43998800000000005
7.0,26.0,3.249919,3.849904,3.249919,3.59991,100.0,0.34999100000000016
7.0,23.0,3.749906,3.749906,3.749906,3.749906,0.0,0.0
7.0,22.0,3.749906,3.749906,3.749906,3.749906,0.0,0.0
7.0,21.0,3.9999,3.9999,3.749906,3.749906,500.0,-0.2499939999999996
7.0,20.0,3.749906,3.9999,3.749906,3.9999,1700.0,0.2499939999999996
7.0,19.0,3.9999,4.099898,3.749906,3.749906,800.0,-0.2499939999999996
7.0,16.0,3.9999,3.9999,3.849904,3.949901,1800.0,-0.04999899999999968
7.0,15.0,3.9999,3.9999,3.399915,3.949901,400.0,-0.04999899999999968
7.0,14.0,3.9999,3.9999,3.949901,3.949901,500.0,-0.04999899999999968
7.0,13.0,3.9999,4.099898,3.749906,3.9999,1600.0,0.0
7.0,12.0,4.499888,4.499888,3.9899,3.9999,4600.0,-0.49998800000000054
7.0,9.0,4.099898,4.499888,4.099898,4.199895,6100.0,0.09999700000000011
7.0,8.0,3.849904,3.849904,3.499913,3.499913,1300.0,-0.34999100000000016
7.0,7.0,4.0099,4.0099,3.249919,3.749906,900.0,-0.25999399999999984
7.0,6.0,3.9899,3.9899,3.9899,3.9899,0.0,0.0
7.0,2.0,4.199895,4.199895,3.9899,3.9899,500.0,-0.2099949999999997
7.0,1.0,3.099923,3.9999,2.999925,3.9999,200.0,0.8999769999999998
6.0,30.0,4.049899,4.37989,3.9999,4.279893,1100.0,0.22999400000000048
6.0,29.0,4.249894,4.249894,4.249894,4.249894,0.0,0.0
6.0,28.0,3.499913,4.249894,3.499913,4.249894,200.0,0.7499810000000005
6.0,25.0,4.499888,4.499888,4.499888,4.499888,0.0,0.0
6.0,24.0,4.499888,4.499888,4.499888,4.499888,0.0,0.0
6.0,23.0,3.59991,4.499888,3.59991,4.499888,300.0,0.8999780000000004
6.0,22.0,3.9999,4.479888,3.749906,4.469889,300.0,0.46998900000000043
6.0,21.0,4.879878,4.879878,4.879878,4.879878,0.0,0.0
6.0,18.0,4.689883,4.689883,4.689883,4.689883,0.0,0.0
6.0,17.0,4.749881,4.879878,2.999925,4.879878,300.0,0.12999699999999947
6.0,16.0,4.949876,4.949876,4.949876,4.949876,100.0,0.0
6.0,15.0,4.699883,4.699883,4.699883,4.699883,0.0,0.0
6.0,14.0,4.849879,4.849879,4.849879,4.849879,0.0,0.0
6.0,11.0,4.749881,4.749881,4.749881,4.749881,0.0,0.0
6.0,10.0,5.149871,5.149871,5.149871,5.149871,0.0,0.0
6.0,9.0,5.349866,5.349866,5.349866,5.349866,0.0,0.0
6.0,8.0,5.349866,5.349866,5.349866,5.349866,0.0,0.0
6.0,7.0,5.349866,5.349866,5.349866,5.349866,0.0,0.0
6.0,4.0,5.399865,5.489863,4.849879,4.849879,0.0,-0.5499860000000005
6.0,3.0,5.399865,5.399865,5.399865,5.399865,0.0,0.0
6.0,2.0,5.299868,5.469864,4.999875,4.999875,1600.0,-0.29999299999999973
6.0,1.0,5.249869,5.449864,5.249869,5.249869,300.0,0.0
5.0,28.0,5.499863,5.499863,5.299868,5.299868,200.0,-0.19999500000000037
5.0,27.0,5.19987,5.499863,5.19987,5.489863,500.0,0.28999299999999995
5.0,26.0,4.999875,5.59986,4.999875,5.499863,4800.0,0.4999880000000001
5.0,25.0,4.999875,4.999875,4.999875,4.999875,0.0,0.0
5.0,24.0,4.299893,5.009875,4.299893,4.999875,200.0,0.6999820000000003
5.0,21.0,5.099873,5.489863,5.099873,5.489863,0.0,0.38999000000000006
5.0,20.0,5.19987,5.19987,5.19987,5.19987,0.0,0.0
5.0,19.0,5.499863,5.499863,5.449864,5.449864,0.0,-0.04999900000000057
5.0,18.0,4.499888,5.449864,4.499888,5.449864,500.0,0.9499759999999995
5.0,17.0,5.499863,5.499863,5.499863,5.499863,0.0,0.0
5.0,14.0,5.499863,5.499863,5.499863,5.499863,0.0,0.0
5.0,13.0,5.499863,5.499863,5.499863,5.499863,0.0,0.0
5.0,12.0,4.999875,5.499863,4.999875,5.499863,500.0,0.4999880000000001
5.0,11.0,5.99985,5.99985,5.99985,5.99985,0.0,0.0
5.0,10.0,5.99985,5.99985,5.99985,5.99985,0.0,0.0
5.0,7.0,5.99985,5.99985,5.99985,5.99985,0.0,0.0
5.0,6.0,5.99985,5.99985,5.99985,5.99985,0.0,0.0
5.0,5.0,5.99985,5.99985,5.99985,5.99985,0.0,0.0
5.0,4.0,5.99985,5.99985,5.99985,5.99985,0.0,0.0
5.0,3.0,5.99985,5.99985,5.99985,5.99985,0.0,0.0
4.0,30.0,5.499863,5.99985,5.449864,5.99985,400.0,0.49998699999999996
4.0,29.0,4.999875,4.999875,4.999875,4.999875,0.0,0.0
4.0,28.0,4.999875,4.999875,4.999875,4.999875,0.0,0.0
4.0,27.0,4.999875,4.999875,4.999875,4.999875,0.0,0.0
4.0,26.0,4.999875,4.999875,4.999875,4.999875,0.0,0.0
4.0,23.0,4.999875,4.999875,4.999875,4.999875,0.0,0.0
4.0,22.0,5.499863,5.499863,5.499863,5.499863,0.0,0.0
4.0,21.0,5.499863,5.499863,5.499863,5.499863,0.0,0.0
4.0,20.0,5.499863,5.499863,5.499863,5.499863,0.0,0.0
4.0,19.0,5.749856,5.749856,5.749856,5.749856,200.0,0.0
4.0,16.0,5.19987,5.19987,5.19987,5.19987,0.0,0.0
4.0,15.0,5.19987,5.19987,5.19987,5.19987,0.0,0.0
4.0,14.0,5.19987,5.19987,5.19987,5.19987,0.0,0.0
4.0,13.0,5.19987,5.19987,5.19987,5.19987,0.0,0.0
4.0,12.0,5.19987,5.19987,5.19987,5.19987,0.0,0.0
4.0,9.0,5.19987,5.19987,5.19987,5.19987,0.0,0.0
4.0,8.0,5.99985,5.99985,5.99985,5.99985,0.0,0.0
4.0,7.0,5.99985,5.99985,5.99985,5.99985,0.0,0.0
4.0,6.0,5.99985,5.99985,5.99985,5.99985,0.0,0.0
4.0,5.0,5.99985,5.99985,5.99985,5.99985,0.0,0.0
4.0,1.0,5.499863,5.99985,4.999875,5.99985,200.0,0.49998699999999996
3.0,31.0,4.999875,6.499838,4.899878,6.499838,600.0,1.4999629999999993
3.0,30.0,5.099873,5.099873,5.099873,5.099873,0.0,0.0
3.0,29.0,5.099873,5.099873,5.099873,5.099873,0.0,0.0
3.0,26.0,5.99985,5.99985,5.99985,5.99985,0.0,0.0
3.0,25.0,5.99985,5.99985,5.99985,5.99985,0.0,0.0
3.0,24.0,5.99985,5.99985,5.99985,5.99985,0.0,0.0
3.0,23.0,5.99985,5.99985,5.99985,5.99985,0.0,0.0
3.0,22.0,5.99985,5.99985,5.99985,5.99985,0.0,0.0
3.0,19.0,5.99985,5.99985,5.99985,5.99985,0.0,0.0
3.0,18.0,5.99985,5.99985,5.99985,5.99985,0.0,0.0
3.0,17.0,5.99985,5.99985,5.99985,5.99985,0.0,0.0
3.0,16.0,5.99985,5.99985,5.99985,5.99985,0.0,0.0
3.0,15.0,5.99985,5.99985,5.99985,5.99985,0.0,0.0
3.0,12.0,5.99985,5.99985,5.99985,5.99985,0.0,0.0
3.0,11.0,5.99985,5.99985,5.99985,5.99985,0.0,0.0
3.0,10.0,5.99985,5.99985,5.99985,5.99985,0.0,0.0
3.0,9.0,5.099873,5.099873,5.099873,5.099873,0.0,0.0
3.0,8.0,5.099873,5.099873,5.099873,5.099873,0.0,0.0
3.0,5.0,5.099873,5.099873,5.099873,5.099873,0.0,0.0
3.0,4.0,5.099873,5.099873,5.099873,5.099873,0.0,0.0
3.0,3.0,5.099873,5.099873,5.099873,5.099873,0.0,0.0
3.0,2.0,5.099873,5.099873,5.099873,5.099873,0.0,0.0
3.0,1.0,5.099873,5.099873,5.099873,5.099873,0.0,0.0
2.0,26.0,5.099873,5.099873,5.099873,5.099873,0.0,0.0
2.0,25.0,5.099873,5.099873,5.099873,5.099873,0.0,0.0
2.0,24.0,5.099873,5.099873,5.099873,5.099873,0.0,0.0
2.0,23.0,5.099873,5.099873,5.099873,5.099873,0.0,0.0
2.0,22.0,5.099873,5.099873,5.099873,5.099873,200.0,0.0
2.0,19.0,5.109872,5.109872,5.109872,5.109872,0.0,0.0
2.0,18.0,5.109872,5.109872,5.109872,5.109872,0.0,0.0
2.0,17.0,5.099873,5.099873,5.099873,5.099873,0.0,0.0
2.0,16.0,5.099873,5.099873,5.099873,5.099873,0.0,0.0
2.0,12.0,5.099873,5.099873,5.099873,5.099873,0.0,0.0
2.0,11.0,5.099873,5.099873,5.099873,5.099873,0.0,0.0
2.0,10.0,5.099873,5.099873,5.099873,5.099873,0.0,0.0
2.0,9.0,5.099873,5.099873,5.099873,5.099873,0.0,0.0
2.0,8.0,5.099873,5.099873,5.099873,5.099873,0.0,0.0
2.0,5.0,5.099873,5.099873,5.099873,5.099873,0.0,0.0
2.0,4.0,5.099873,5.099873,5.099873,5.099873,0.0,0.0
2.0,3.0,5.099873,5.099873,5.099873,5.099873,0.0,0.0
2.0,2.0,5.099873,5.099873,5.099873,5.099873,0.0,0.0
2.0,1.0,6.79983,6.79983,5.099873,5.099873,600.0,-1.6999570000000004
1.0,29.0,4.0099,4.0099,4.0099,4.0099,0.0,0.0
1.0,28.0,4.0099,4.0099,4.0099,4.0099,0.0,0.0
1.0,27.0,4.0099,4.0099,4.0099,4.0099,0.0,0.0
1.0,26.0,4.0099,4.0099,4.0099,4.0099,0.0,0.0
1.0,25.0,4.0099,4.0099,4.0099,4.0099,0.0,0.0
1.0,22.0,4.0099,4.0099,4.0099,4.0099,0.0,0.0
1.0,21.0,4.0099,4.0099,4.0099,4.0099,0.0,0.0
1.0,20.0,4.0099,4.0099,4.0099,4.0099,0.0,0.0
1.0,19.0,3.9999,4.0099,3.9999,4.0099,200.0,0.010000000000000231
1.0,15.0,6.999825,6.999825,6.999825,6.999825,0.0,0.0
1.0,14.0,6.999825,6.999825,6.999825,6.999825,0.0,0.0
1.0,13.0,6.999825,6.999825,6.999825,6.999825,0.0,0.0
1.0,12.0,4.999875,4.999875,4.999875,4.999875,0.0,0.0
1.0,11.0,4.999875,4.999875,4.999875,4.999875,0.0,0.0
1.0,8.0,6.999825,6.999825,4.999875,4.999875,0.0,-1.9999500000000001
1.0,7.0,6.999825,6.999825,6.999825,6.999825,0.0,0.0
1.0,6.0,6.999825,6.999825,4.999875,4.999875,100.0,-1.9999500000000001
1.0,5.0,3.9999,3.9999,3.9999,3.9999,0.0,0.0
1.0,4.0,3.9999,3.9999,3.9999,3.9999,0.0,0.0
12.0,31.0,3.9999,3.9999,3.9999,3.9999,0.0,0.0
12.0,30.0,3.9999,3.9999,3.9999,3.9999,0.0,0.0
12.0,29.0,3.9999,3.9999,3.9999,3.9999,0.0,0.0
12.0,28.0,3.9999,3.9999,3.9999,3.9999,0.0,0.0
12.0,24.0,3.9999,3.9999,3.9999,3.9999,0.0,0.0
12.0,23.0,3.9999,3.9999,3.9999,3.9999,0.0,0.0
12.0,22.0,3.9999,3.9999,3.9999,3.9999,0.0,0.0
12.0,21.0,3.9999,3.9999,3.9999,3.9999,0.0,0.0
12.0,18.0,3.9999,3.9999,3.9999,3.9999,0.0,0.0
12.0,17.0,3.9999,3.9999,3.9999,3.9999,0.0,0.0
12.0,16.0,3.9999,3.9999,3.9999,3.9999,0.0,0.0
12.0,15.0,3.9999,3.9999,3.9999,3.9999,0.0,0.0
12.0,14.0,3.9999,3.9999,3.9999,3.9999,0.0,0.0
12.0,11.0,3.9999,3.9999,3.9999,3.9999,0.0,0.0
12.0,10.0,3.9999,3.9999,3.9999,3.9999,0.0,0.0
12.0,9.0,3.9999,3.9999,3.9999,3.9999,0.0,0.0
12.0,8.0,3.9999,3.9999,3.9999,3.9999,0.0,0.0
12.0,7.0,3.9999,3.9999,3.9999,3.9999,0.0,0.0
12.0,4.0,3.9999,3.9999,3.9999,3.9999,0.0,0.0
12.0,3.0,3.9999,3.9999,3.9999,3.9999,0.0,0.0
12.0,2.0,3.9999,3.9999,3.9999,3.9999,0.0,0.0
12.0,1.0,3.9999,3.9999,3.9999,3.9999,0.0,0.0
11.0,30.0,3.9999,3.9999,3.9999,3.9999,0.0,0.0
11.0,27.0,3.9999,3.9999,3.9999,3.9999,0.0,0.0
11.0,25.0,3.9999,3.9999,3.9999,3.9999,0.0,0.0
11.0,24.0,2.999925,2.999925,2.999925,2.999925,0.0,0.0
11.0,23.0,2.999925,2.999925,2.999925,2.999925,0.0,0.0
11.0,20.0,2.999925,2.999925,2.999925,2.999925,0.0,0.0
11.0,19.0,2.999925,2.999925,2.999925,2.999925,0.0,0.0
11.0,18.0,4.999875,4.999875,4.999875,4.999875,0.0,0.0
11.0,17.0,4.999875,4.999875,4.999875,4.999875,0.0,0.0
11.0,16.0,4.999875,4.999875,4.999875,4.999875,0.0,0.0
11.0,13.0,7.499813,7.499813,7.499813,7.499813,100.0,0.0
11.0,12.0,2.949926,2.949926,2.949926,2.949926,0.0,0.0
11.0,11.0,6.499838,6.499838,6.499838,6.499838,0.0,0.0
11.0,10.0,6.499838,6.499838,6.499838,6.499838,0.0,0.0
11.0,9.0,6.499838,6.499838,6.499838,6.499838,0.0,0.0
11.0,6.0,5.499863,5.499863,5.499863,5.499863,0.0,0.0
11.0,5.0,5.499863,5.499863,5.499863,5.499863,0.0,0.0
11.0,4.0,5.499863,5.499863,5.499863,5.499863,0.0,0.0
11.0,3.0,5.499863,5.499863,5.499863,5.499863,0.0,0.0
11.0,2.0,5.499863,5.499863,5.499863,5.499863,0.0,0.0
10.0,30.0,5.499863,5.499863,5.499863,5.499863,0.0,0.0
10.0,29.0,5.499863,5.499863,5.499863,5.499863,0.0,0.0
10.0,28.0,5.499863,5.499863,5.499863,5.499863,0.0,0.0
10.0,27.0,5.499863,5.499863,5.499863,5.499863,0.0,0.0
10.0,26.0,5.499863,5.499863,5.499863,5.499863,0.0,0.0
10.0,23.0,5.499863,5.499863,5.499863,5.499863,0.0,0.0
10.0,22.0,5.499863,5.499863,5.499863,5.499863,0.0,0.0
10.0,21.0,5.499863,5.499863,5.499863,5.499863,0.0,0.0
10.0,20.0,5.499863,5.499863,5.499863,5.499863,0.0,0.0
10.0,19.0,5.499863,5.499863,5.499863,5.499863,0.0,0.0
10.0,16.0,5.499863,5.499863,5.499863,5.499863,0.0,0.0
10.0,15.0,5.499863,5.499863,5.499863,5.499863,0.0,0.0
10.0,14.0,5.499863,5.499863,5.499863,5.499863,0.0,0.0
10.0,13.0,5.499863,5.499863,5.499863,5.499863,0.0,0.0
10.0,12.0,5.499863,5.499863,5.499863,5.499863,0.0,0.0
10.0,9.0,5.499863,5.499863,5.499863,5.499863,0.0,0.0
10.0,8.0,5.499863,5.499863,5.499863,5.499863,0.0,0.0
10.0,7.0,5.499863,5.499863,5.499863,5.499863,0.0,0.0
10.0,6.0,5.499863,5.499863,5.499863,5.499863,0.0,0.0
10.0,5.0,5.499863,5.499863,5.499863,5.499863,0.0,0.0
10.0,2.0,5.499863,5.499863,5.499863,5.499863,0.0,0.0
10.0,1.0,5.499863,5.499863,5.499863,5.499863,0.0,0.0
9.0,30.0,5.499863,5.499863,5.499863,5.499863,0.0,0.0
9.0,29.0,5.499863,5.499863,5.499863,5.499863,0.0,0.0
9.0,28.0,5.499863,5.499863,5.499863,5.499863,0.0,0.0
9.0,25.0,3.9999,5.499863,3.9999,5.499863,100.0,1.4999630000000006
9.0,24.0,2.749931,2.749931,2.749931,2.749931,0.0,0.0
9.0,23.0,2.749931,2.749931,2.749931,2.749931,0.0,0.0
9.0,22.0,2.749931,2.749931,2.749931,2.749931,0.0,0.0
9.0,21.0,2.749931,2.749931,2.749931,2.749931,0.0,0.0
9.0,18.0,2.749931,2.749931,2.749931,2.749931,100.0,0.0
9.0,17.0,2.749931,2.749931,2.749931,2.749931,0.0,0.0
9.0,16.0,2.749931,2.749931,2.749931,2.749931,0.0,0.0
9.0,15.0,2.749931,2.749931,2.749931,2.749931,300.0,0.0
9.0,14.0,2.999925,2.999925,2.999925,2.999925,0.0,0.0
9.0,11.0,2.999925,2.999925,2.999925,2.999925,0.0,0.0
9.0,10.0,2.999925,2.999925,2.999925,2.999925,0.0,0.0
9.0,9.0,2.999925,2.999925,2.999925,2.999925,0.0,0.0
9.0,8.0,2.999925,2.999925,2.999925,2.999925,0.0,0.0
9.0,4.0,2.999925,2.999925,2.999925,2.999925,0.0,0.0
9.0,3.0,2.999925,2.999925,2.999925,2.999925,0.0,0.0
9.0,2.0,2.999925,2.999925,2.999925,2.999925,0.0,0.0
9.0,1.0,2.999925,2.999925,2.999925,2.999925,0.0,0.0
8.0,31.0,2.999925,2.999925,2.999925,2.999925,0.0,0.0
8.0,28.0,2.999925,2.999925,2.999925,2.999925,0.0,0.0
8.0,27.0,2.999925,2.999925,2.999925,2.999925,0.0,0.0
8.0,26.0,2.999925,2.999925,2.999925,2.999925,0.0,0.0
8.0,25.0,2.999925,2.999925,2.999925,2.999925,0.0,0.0
8.0,24.0,2.999925,2.999925,2.999925,2.999925,0.0,0.0
8.0,21.0,2.999925,2.999925,2.999925,2.999925,0.0,0.0
8.0,20.0,2.999925,2.999925,2.999925,2.999925,0.0,0.0
8.0,19.0,2.999925,2.999925,2.999925,2.999925,0.0,0.0
8.0,18.0,2.499938,2.999925,2.499938,2.999925,200.0,0.49998699999999996
8.0,17.0,2.499938,2.499938,2.499938,2.499938,0.0,0.0
8.0,14.0,2.499938,2.499938,2.499938,2.499938,0.0,0.0
8.0,13.0,2.499938,2.499938,2.499938,2.499938,0.0,0.0
8.0,12.0,2.499938,2.499938,2.499938,2.499938,0.0,0.0
8.0,11.0,1.049974,2.499938,1.049974,2.499938,0.0,1.4499640000000003
8.0,10.0,1.99995,1.99995,1.99995,1.99995,0.0,0.0
8.0,7.0,1.99995,1.99995,1.99995,1.99995,0.0,0.0
8.0,6.0,1.049974,1.049974,1.049974,1.049974,0.0,0.0
8.0,5.0,1.049974,1.049974,1.049974,1.049974,0.0,0.0
8.0,4.0,1.049974,1.049974,1.049974,1.049974,0.0,0.0
8.0,3.0,1.049974,1.049974,1.049974,1.049974,0.0,0.0
7.0,31.0,1.049974,1.049974,1.049974,1.049974,0.0,0.0
7.0,30.0,1.049974,1.049974,1.049974,1.049974,0.0,0.0
7.0,29.0,1.049974,1.049974,1.049974,1.049974,0.0,0.0
7.0,28.0,1.049974,1.049974,1.049974,1.049974,0.0,0.0
7.0,27.0,1.009975,1.009975,1.009975,1.009975,0.0,0.0
7.0,24.0,1.009975,1.009975,1.009975,1.009975,0.0,0.0
7.0,23.0,1.009975,1.009975,1.009975,1.009975,0.0,0.0
7.0,22.0,1.009975,1.009975,1.009975,1.009975,0.0,0.0
7.0,21.0,1.009975,1.009975,1.009975,1.009975,0.0,0.0
7.0,20.0,1.009975,1.009975,1.009975,1.009975,0.0,0.0
7.0,17.0,1.009975,1.009975,1.009975,1.009975,0.0,0.0
7.0,16.0,0.999975,0.999975,0.999975,0.999975,0.0,0.0
7.0,15.0,0.999975,0.999975,0.999975,0.999975,0.0,0.0
7.0,14.0,0.999975,0.999975,0.999975,0.999975,0.0,0.0
7.0,13.0,0.999975,0.999975,0.999975,0.999975,200.0,0.0
7.0,10.0,2.499938,2.499938,2.499938,2.499938,0.0,0.0
7.0,9.0,2.499938,2.499938,2.499938,2.499938,0.0,0.0
7.0,8.0,2.499938,2.499938,2.499938,2.499938,0.0,0.0
7.0,7.0,2.499938,2.499938,2.499938,2.499938,0.0,0.0
7.0,6.0,2.499938,2.499938,2.499938,2.499938,0.0,0.0
7.0,2.0,2.499938,2.499938,2.499938,2.499938,0.0,0.0
7.0,1.0,2.499938,2.499938,2.499938,2.499938,0.0,0.0
6.0,30.0,2.499938,2.499938,2.499938,2.499938,0.0,0.0
6.0,29.0,2.499938,2.499938,2.499938,2.499938,0.0,0.0
6.0,26.0,2.499938,2.499938,2.499938,2.499938,0.0,0.0
6.0,25.0,2.499938,2.499938,2.499938,2.499938,0.0,0.0
6.0,24.0,2.499938,2.499938,2.499938,2.499938,0.0,0.0
6.0,23.0,2.499938,2.499938,2.499938,2.499938,0.0,0.0
6.0,22.0,2.499938,2.499938,2.499938,2.499938,0.0,0.0
6.0,19.0,2.499938,2.499938,2.499938,2.499938,0.0,0.0
6.0,18.0,2.499938,2.499938,2.499938,2.499938,0.0,0.0
6.0,17.0,2.499938,2.499938,2.499938,2.499938,0.0,0.0
6.0,16.0,2.499938,2.499938,2.499938,2.499938,0.0,0.0
6.0,15.0,2.499938,2.499938,2.499938,2.499938,0.0,0.0
6.0,12.0,2.499938,2.499938,2.499938,2.499938,0.0,0.0
6.0,11.0,2.499938,2.499938,2.499938,2.499938,0.0,0.0
6.0,10.0,2.499938,2.499938,2.499938,2.499938,0.0,0.0
6.0,9.0,1.249969,1.249969,1.249969,1.249969,0.0,0.0
6.0,8.0,1.249969,1.249969,1.249969,1.249969,0.0,0.0
6.0,5.0,1.249969,1.249969,1.249969,1.249969,0.0,0.0
6.0,4.0,1.249969,1.249969,1.249969,1.249969,0.0,0.0
6.0,3.0,1.249969,1.249969,1.249969,1.249969,0.0,0.0
6.0,2.0,1.249969,1.249969,1.249969,1.249969,0.0,0.0
6.0,1.0,1.249969,1.249969,1.249969,1.249969,0.0,0.0
5.0,29.0,1.249969,1.249969,1.249969,1.249969,0.0,0.0
5.0,28.0,1.249969,1.249969,1.249969,1.249969,0.0,0.0
5.0,27.0,1.249969,1.249969,1.249969,1.249969,0.0,0.0
5.0,26.0,1.249969,1.249969,1.249969,1.249969,0.0,0.0
5.0,22.0,1.249969,1.249969,1.249969,1.249969,0.0,0.0
5.0,21.0,1.249969,1.249969,1.249969,1.249969,0.0,0.0
5.0,20.0,1.249969,1.249969,1.249969,1.249969,0.0,0.0
5.0,19.0,1.249969,1.249969,1.249969,1.249969,0.0,0.0
5.0,18.0,1.249969,1.249969,1.249969,1.249969,0.0,0.0
5.0,15.0,1.249969,1.249969,1.249969,1.249969,0.0,0.0
5.0,14.0,1.249969,1.249969,1.249969,1.249969,0.0,0.0
5.0,13.0,1.249969,1.249969,1.249969,1.249969,0.0,0.0
5.0,12.0,1.249969,1.249969,1.249969,1.249969,0.0,0.0
5.0,11.0,1.249969,1.249969,1.249969,1.249969,0.0,0.0
5.0,8.0,1.249969,1.249969,1.249969,1.249969,0.0,0.0
5.0,7.0,1.249969,1.249969,1.249969,1.249969,0.0,0.0
5.0,6.0,1.249969,1.249969,1.249969,1.249969,0.0,0.0
5.0,5.0,1.249969,1.249969,1.249969,1.249969,0.0,0.0
5.0,4.0,1.249969,1.249969,1.249969,1.249969,0.0,0.0
5.0,1.0,1.249969,1.249969,1.249969,1.249969,0.0,0.0
4.0,30.0,1.249969,1.249969,1.249969,1.249969,0.0,0.0
4.0,29.0,1.249969,1.249969,1.249969,1.249969,0.0,0.0
4.0,28.0,1.249969,1.249969,1.249969,1.249969,0.0,0.0
4.0,27.0,1.249969,1.249969,1.249969,1.249969,0.0,0.0
4.0,24.0,1.249969,1.249969,1.249969,1.249969,0.0,0.0
4.0,23.0,1.249969,1.249969,1.249969,1.249969,0.0,0.0
4.0,22.0,1.249969,1.249969,1.249969,1.249969,0.0,0.0
4.0,21.0,1.249969,1.249969,1.249969,1.249969,0.0,0.0
4.0,20.0,1.249969,1.249969,1.249969,1.249969,0.0,0.0
4.0,17.0,1.249969,1.249969,1.249969,1.249969,0.0,0.0
4.0,16.0,1.249969,1.249969,1.249969,1.249969,0.0,0.0
4.0,15.0,1.249969,1.249969,1.249969,1.249969,0.0,0.0
4.0,14.0,1.249969,1.249969,1.249969,1.249969,0.0,0.0
4.0,13.0,1.249969,1.249969,1.249969,1.249969,0.0,0.0
4.0,9.0,1.249969,1.249969,1.249969,1.249969,0.0,0.0
4.0,8.0,1.249969,1.249969,1.249969,1.249969,0.0,0.0
4.0,7.0,1.249969,1.249969,1.249969,1.249969,0.0,0.0
4.0,6.0,1.249969,1.249969,1.249969,1.249969,0.0,0.0
4.0,3.0,1.249969,1.249969,1.249969,1.249969,0.0,0.0
4.0,2.0,1.249969,1.249969,1.249969,1.249969,0.0,0.0
4.0,1.0,1.249969,1.249969,1.249969,1.249969,0.0,0.0
3.0,31.0,1.249969,1.249969,1.249969,1.249969,0.0,0.0
3.0,30.0,1.249969,1.249969,1.249969,1.249969,0.0,0.0
3.0,27.0,1.249969,1.249969,1.249969,1.249969,0.0,0.0
3.0,26.0,1.249969,1.249969,1.249969,1.249969,0.0,0.0
3.0,25.0,1.249969,1.249969,1.249969,1.249969,0.0,0.0
3.0,24.0,1.249969,1.249969,1.249969,1.249969,0.0,0.0
3.0,23.0,1.249969,1.249969,1.249969,1.249969,0.0,0.0
3.0,20.0,1.249969,1.249969,1.249969,1.249969,0.0,0.0
3.0,19.0,1.249969,1.249969,1.249969,1.249969,0.0,0.0
3.0,18.0,1.249969,1.249969,1.249969,1.249969,0.0,0.0
3.0,17.0,1.249969,1.249969,1.249969,1.249969,0.0,0.0
3.0,16.0,0.279993,0.279993,0.279993,0.279993,0.0,0.0
3.0,13.0,0.279993,0.279993,0.279993,0.279993,0.0,0.0
3.0,12.0,0.279993,0.279993,0.279993,0.279993,0.0,0.0
3.0,11.0,0.279993,0.279993,0.279993,0.279993,0.0,0.0
3.0,10.0,0.279993,0.279993,0.279993,0.279993,0.0,0.0
3.0,9.0,0.279993,0.279993,0.279993,0.279993,0.0,0.0
3.0,6.0,0.279993,0.279993,0.279993,0.279993,0.0,0.0
3.0,5.0,0.279993,0.279993,0.279993,0.279993,0.0,0.0
3.0,4.0,0.279993,0.279993,0.279993,0.279993,0.0,0.0
3.0,3.0,0.309992,0.309992,0.309992,0.309992,0.0,0.0
3.0,2.0,0.309992,0.309992,0.309992,0.309992,0.0,0.0
2.0,27.0,0.309992,0.309992,0.309992,0.309992,0.0,0.0
2.0,26.0,0.309992,0.309992,0.309992,0.309992,0.0,0.0
2.0,25.0,0.309992,0.309992,0.309992,0.309992,0.0,0.0
2.0,24.0,0.309992,0.309992,0.309992,0.309992,0.0,0.0
2.0,23.0,0.309992,0.309992,0.309992,0.309992,0.0,0.0
2.0,20.0,0.309992,0.309992,0.309992,0.309992,0.0,0.0
2.0,19.0,0.289993,0.289993,0.289993,0.289993,0.0,0.0
2.0,18.0,0.289993,0.289993,0.289993,0.289993,0.0,0.0
2.0,17.0,1.19997,1.399965,1.19997,1.399965,0.0,0.19999499999999992
2.0,13.0,1.249969,1.249969,1.249969,1.249969,0.0,0.0
2.0,12.0,0.989975,2.349941,0.989975,1.249969,400.0,0.25999400000000006
2.0,11.0,1.069973,1.069973,1.069973,1.069973,0.0,0.0
2.0,10.0,1.069973,1.069973,1.069973,1.069973,0.0,0.0
2.0,9.0,0.39999,1.069973,0.39999,1.069973,200.0,0.669983
2.0,6.0,2.499938,2.499938,2.499938,2.499938,0.0,0.0
2.0,5.0,2.499938,2.499938,2.499938,2.499938,0.0,0.0
2.0,4.0,2.499938,2.499938,2.499938,2.499938,0.0,0.0
2.0,3.0,2.499938,2.499938,2.499938,2.499938,0.0,0.0
2.0,2.0,0.749981,0.749981,0.749981,0.749981,0.0,0.0
1.0,30.0,0.999975,0.999975,0.999975,0.999975,0.0,0.0
1.0,29.0,1.019975,1.019975,1.019975,1.019975,0.0,0.0
1.0,28.0,7.9998,7.9998,7.9998,7.9998,0.0,0.0
1.0,27.0,7.9998,7.9998,7.9998,7.9998,0.0,0.0
1.0,26.0,7.9998,7.9998,7.9998,7.9998,0.0,0.0
1.0,23.0,7.9998,7.9998,7.9998,7.9998,0.0,0.0
1.0,22.0,7.9998,7.9998,7.9998,7.9998,0.0,0.0
1.0,21.0,7.9998,7.9998,7.9998,7.9998,0.0,0.0
1.0,20.0,7.9998,7.9998,7.9998,7.9998,0.0,0.0
1.0,16.0,7.9998,7.9998,7.9998,7.9998,0.0,0.0
1.0,15.0,0.1995,0.1995,0.01995,0.0798,0.0,-0.11970000000000001
1.0,14.0,0.1995,0.1995,0.1995,0.1995,0.0,0.0
1.0,13.0,0.09975,0.09975,0.09975,0.09975,0.0,0.0
1.0,12.0,0.049875,0.149625,0.049875,0.09975,0.0,0.049875
1.0,9.0,0.049875,0.049875,0.049875,0.049875,0.0,0.0
1.0,8.0,0.049875,0.049875,0.049875,0.049875,0.0,0.0
1.0,7.0,0.049875,0.049875,0.049875,0.049875,0.0,0.0
1.0,6.0,0.049875,0.049875,0.049875,0.049875,0.0,0.0
1.0,5.0,0.049875,0.049875,0.049875,0.049875,0.0,0.0
1.0,2.0,0.049875,0.049875,0.049875,0.049875,0.0,0.0
12.0,31.0,0.049875,0.049875,0.049875,0.049875,0.0,0.0
12.0,30.0,0.049875,0.049875,0.049875,0.049875,0.0,0.0
12.0,29.0,0.049875,0.049875,0.049875,0.049875,0.0,0.0
12.0,26.0,0.049875,0.049875,0.049875,0.049875,0.0,0.0
12.0,24.0,0.049875,0.049875,0.029925,0.029925,0.0,-0.019950000000000002
12.0,23.0,0.049875,0.049875,0.049875,0.049875,0.0,0.0
12.0,22.0,0.049875,0.049875,0.049875,0.049875,0.0,0.0
12.0,19.0,0.01995,0.01995,0.01995,0.01995,0.0,0.0
12.0,18.0,0.029925,0.029925,0.01995,0.01995,0.0,-0.009975000000000001
12.0,17.0,0.0399,0.0399,0.0399,0.0399,0.0,0.0
12.0,16.0,0.0399,0.0399,0.0399,0.0399,0.0,0.0
12.0,15.0,0.049875,0.049875,0.0399,0.0399,0.0,-0.009975000000000005
12.0,12.0,0.049875,0.049875,0.049875,0.049875,0.0,0.0
12.0,11.0,0.049875,0.049875,0.049875,0.049875,0.0,0.0
12.0,10.0,0.049875,0.049875,0.049875,0.049875,0.0,0.0
12.0,9.0,0.029925,0.029925,0.029925,0.029925,0.0,0.0
12.0,8.0,0.0399,0.0399,0.0399,0.0399,0.0,0.0
12.0,5.0,0.0399,0.0399,0.0399,0.0399,0.0,0.0
12.0,4.0,0.029925,0.029925,0.029925,0.029925,0.0,0.0
12.0,3.0,0.089775,0.089775,0.009975,0.029925,0.0,-0.059849999999999993
12.0,2.0,0.1197,0.1197,0.1197,0.1197,0.0,0.0
12.0,1.0,0.1197,0.1197,0.1197,0.1197,0.0,0.0
11.0,28.0,0.1197,0.1197,0.1197,0.1197,0.0,0.0
11.0,26.0,0.1197,0.1197,0.1197,0.1197,0.0,0.0
11.0,25.0,0.1197,0.1197,0.1197,0.1197,0.0,0.0
11.0,24.0,0.1197,0.1197,0.1197,0.1197,0.0,0.0
11.0,21.0,0.1197,0.1197,0.1197,0.1197,0.0,0.0
11.0,20.0,0.1197,0.1197,0.1197,0.1197,0.0,0.0
11.0,19.0,0.1197,0.1197,0.1197,0.1197,0.0,0.0
11.0,18.0,0.1197,0.1197,0.1197,0.1197,0.0,0.0
11.0,17.0,0.1197,0.1197,0.1197,0.1197,0.0,0.0
11.0,14.0,0.1197,0.1197,0.1197,0.1197,0.0,0.0
11.0,13.0,0.1197,0.1197,0.1197,0.1197,0.0,0.0
11.0,12.0,0.129675,0.129675,0.129675,0.129675,0.0,0.0
11.0,11.0,0.129675,0.129675,0.129675,0.129675,0.0,0.0
11.0,10.0,0.129675,0.129675,0.129675,0.129675,0.0,0.0
11.0,7.0,0.129675,0.129675,0.129675,0.129675,0.0,0.0
11.0,6.0,0.129675,0.129675,0.129675,0.129675,0.0,0.0
11.0,5.0,0.129675,0.129675,0.129675,0.129675,0.0,0.0
11.0,4.0,0.129675,0.129675,0.129675,0.129675,0.0,0.0
11.0,3.0,0.129675,0.129675,0.129675,0.129675,0.0,0.0
10.0,31.0,0.129675,0.129675,0.129675,0.129675,0.0,0.0
10.0,30.0,0.129675,0.129675,0.129675,0.129675,0.0,0.0
10.0,29.0,0.129675,0.129675,0.129675,0.129675,0.0,0.0
10.0,28.0,0.129675,0.129675,0.129675,0.129675,0.0,0.0
10.0,27.0,0.129675,0.129675,0.129675,0.129675,0.0,0.0
10.0,24.0,0.129675,0.129675,0.129675,0.129675,0.0,0.0
10.0,23.0,0.129675,0.129675,0.129675,0.129675,0.0,0.0
10.0,22.0,0.129675,0.129675,0.129675,0.129675,0.0,0.0
10.0,21.0,0.129675,0.129675,0.129675,0.129675,0.0,0.0
10.0,20.0,0.129675,0.129675,0.129675,0.129675,0.0,0.0
10.0,17.0,0.129675,0.129675,0.129675,0.129675,0.0,0.0
10.0,16.0,0.129675,0.129675,0.129675,0.129675,0.0,0.0
10.0,15.0,0.129675,0.129675,0.129675,0.129675,0.0,0.0
10.0,14.0,0.129675,0.129675,0.129675,0.129675,0.0,0.0
10.0,13.0,0.129675,0.129675,0.129675,0.129675,0.0,0.0
10.0,10.0,0.129675,0.129675,0.129675,0.129675,0.0,0.0
10.0,9.0,0.129675,0.129675,0.129675,0.129675,0.0,0.0
10.0,8.0,0.129675,0.129675,0.129675,0.129675,0.0,0.0
10.0,7.0,0.129675,0.129675,0.129675,0.129675,0.0,0.0
10.0,6.0,0.129675,0.129675,0.129675,0.129675,0.0,0.0
10.0,3.0,0.129675,0.129675,0.129675,0.129675,0.0,0.0
10.0,2.0,0.129675,0.129675,0.129675,0.129675,0.0,0.0
10.0,1.0,0.1197,0.129675,0.1197,0.129675,0.0,0.009975000000000012
9.0,30.0,0.129675,0.129675,0.129675,0.129675,0.0,0.0
9.0,29.0,0.129675,0.129675,0.129675,0.129675,0.0,0.0
9.0,26.0,0.149625,0.149625,0.149625,0.149625,0.0,0.0
9.0,25.0,0.149625,0.149625,0.149625,0.149625,0.0,0.0
9.0,24.0,0.149625,0.149625,0.149625,0.149625,0.0,0.0
9.0,23.0,0.149625,0.149625,0.149625,0.149625,0.0,0.0
9.0,22.0,0.149625,0.149625,0.149625,0.149625,0.0,0.0
9.0,19.0,0.149625,0.149625,0.149625,0.149625,0.0,0.0
9.0,18.0,0.149625,0.149625,0.149625,0.149625,0.0,0.0
9.0,17.0,0.149625,0.149625,0.149625,0.149625,0.0,0.0
9.0,16.0,0.149625,0.149625,0.149625,0.149625,0.0,0.0
9.0,15.0,0.149625,0.149625,0.149625,0.149625,0.0,0.0
9.0,12.0,0.149625,0.149625,0.149625,0.149625,0.0,0.0
9.0,11.0,0.149625,0.149625,0.149625,0.149625,0.0,0.0
9.0,10.0,0.149625,0.149625,0.149625,0.149625,0.0,0.0
9.0,9.0,0.149625,0.149625,0.149625,0.149625,0.0,0.0
9.0,8.0,0.149625,0.149625,0.149625,0.149625,0.0,0.0
9.0,5.0,0.149625,0.149625,0.149625,0.149625,0.0,0.0
9.0,4.0,0.149625,0.149625,0.149625,0.149625,0.0,0.0
9.0,3.0,0.149625,0.149625,0.149625,0.149625,0.0,0.0
9.0,2.0,0.149625,0.149625,0.149625,0.149625,0.0,0.0
8.0,29.0,0.149625,0.149625,0.149625,0.149625,0.0,0.0
8.0,28.0,0.149625,0.149625,0.149625,0.149625,0.0,0.0
8.0,27.0,0.149625,0.149625,0.149625,0.149625,0.0,0.0
8.0,26.0,0.149625,0.149625,0.149625,0.149625,0.0,0.0
8.0,25.0,0.09975,0.09975,0.09975,0.09975,0.0,0.0
8.0,22.0,0.09975,0.09975,0.09975,0.09975,0.0,0.0
8.0,21.0,0.09975,0.09975,0.09975,0.09975,0.0,0.0
8.0,20.0,0.09975,0.09975,0.09975,0.09975,0.0,0.0
8.0,19.0,0.09975,0.09975,0.09975,0.09975,0.0,0.0
8.0,18.0,0.09975,0.09975,0.09975,0.09975,0.0,0.0
8.0,15.0,0.09975,0.09975,0.09975,0.09975,0.0,0.0
8.0,14.0,0.09975,0.09975,0.09975,0.09975,0.0,0.0
8.0,13.0,0.09975,0.09975,0.09975,0.09975,0.0,0.0
8.0,12.0,0.09975,0.09975,0.09975,0.09975,0.0,0.0
8.0,11.0,0.09975,0.09975,0.09975,0.09975,0.0,0.0
8.0,8.0,0.09975,0.09975,0.09975,0.09975,0.0,0.0
8.0,7.0,0.09975,0.09975,0.09975,0.09975,0.0,0.0
8.0,6.0,0.09975,0.09975,0.09975,0.09975,0.0,0.0
8.0,5.0,0.09975,0.09975,0.09975,0.09975,0.0,0.0
8.0,4.0,0.09975,0.09975,0.09975,0.09975,0.0,0.0
8.0,1.0,0.09975,0.09975,0.09975,0.09975,0.0,0.0
7.0,31.0,0.09975,0.09975,0.09975,0.09975,0.0,0.0
7.0,30.0,0.09975,0.09975,0.09975,0.09975,0.0,0.0
7.0,29.0,0.09975,0.09975,0.09975,0.09975,0.0,0.0
7.0,28.0,0.09975,0.09975,0.09975,0.09975,0.0,0.0
7.0,25.0,0.09975,0.09975,0.09975,0.09975,0.0,0.0
7.0,24.0,0.09975,0.09975,0.09975,0.09975,0.0,0.0
7.0,23.0,0.09975,0.09975,0.09975,0.09975,0.0,0.0
7.0,22.0,0.09975,0.09975,0.09975,0.09975,0.0,0.0
7.0,21.0,0.09975,0.09975,0.09975,0.09975,0.0,0.0
7.0,18.0,0.09975,0.09975,0.09975,0.09975,0.0,0.0
7.0,17.0,0.09975,0.09975,0.09975,0.09975,0.0,0.0
7.0,16.0,0.09975,0.09975,0.09975,0.09975,0.0,0.0
7.0,15.0,0.09975,0.09975,0.09975,0.09975,0.0,0.0
7.0,14.0,0.09975,0.09975,0.09975,0.09975,0.0,0.0
7.0,11.0,0.09975,0.09975,0.09975,0.09975,0.0,0.0
7.0,10.0,0.09975,0.09975,0.09975,0.09975,0.0,0.0
7.0,9.0,0.09975,0.09975,0.09975,0.09975,0.0,0.0
7.0,8.0,0.09975,0.09975,0.09975,0.09975,0.0,0.0
7.0,7.0,0.09975,0.09975,0.09975,0.09975,0.0,0.0
7.0,3.0,0.09975,0.09975,0.09975,0.09975,0.0,0.0
7.0,2.0,0.09975,0.09975,0.09975,0.09975,0.0,0.0
7.0,1.0,0.09975,0.09975,0.09975,0.09975,0.0,0.0
6.0,30.0,0.09975,0.09975,0.09975,0.09975,0.0,0.0
6.0,27.0,0.09975,0.09975,0.09975,0.09975,0.0,0.0
6.0,26.0,0.09975,0.09975,0.09975,0.09975,0.0,0.0
6.0,25.0,0.09975,0.09975,0.09975,0.09975,0.0,0.0
6.0,24.0,0.1995,0.1995,0.1995,0.1995,0.0,0.0
6.0,23.0,0.1995,0.1995,0.1995,0.1995,0.0,0.0
6.0,20.0,0.1995,0.1995,0.1995,0.1995,0.0,0.0
6.0,19.0,0.1995,0.1995,0.1995,0.1995,0.0,0.0
6.0,18.0,0.1995,0.1995,0.1995,0.1995,0.0,0.0
6.0,17.0,0.1995,0.1995,0.1995,0.1995,0.0,0.0
6.0,16.0,0.1995,0.1995,0.1995,0.1995,0.0,0.0
6.0,13.0,0.1995,0.1995,0.1995,0.1995,0.0,0.0
6.0,12.0,0.249375,0.249375,0.249375,0.249375,0.0,0.0
6.0,11.0,0.329175,0.329175,0.249375,0.249375,0.0,-0.07979999999999998
6.0,10.0,0.329175,0.329175,0.329175,0.329175,0.0,0.0
6.0,9.0,0.329175,0.329175,0.329175,0.329175,0.0,0.0
6.0,6.0,0.329175,0.329175,0.329175,0.329175,0.0,0.0
6.0,5.0,0.329175,0.329175,0.329175,0.329175,0.0,0.0
6.0,4.0,0.329175,0.329175,0.329175,0.329175,0.0,0.0
6.0,3.0,0.369075,0.369075,0.369075,0.369075,0.0,0.0
6.0,2.0,0.369075,0.369075,0.369075,0.369075,0.0,0.0
5.0,30.0,0.369075,0.369075,0.369075,0.369075,0.0,0.0
5.0,29.0,0.369075,0.369075,0.369075,0.369075,0.0,0.0
5.0,28.0,0.369075,0.369075,0.369075,0.369075,0.0,0.0
5.0,27.0,0.369075,0.369075,0.369075,0.369075,0.0,0.0
5.0,23.0,0.349125,0.349125,0.349125,0.349125,0.0,0.0
5.0,22.0,0.349125,0.349125,0.349125,0.349125,0.0,0.0
5.0,21.0,0.349125,0.349125,0.349125,0.349125,0.0,0.0
5.0,20.0,0.349125,0.349125,0.349125,0.349125,0.0,0.0
5.0,19.0,0.349125,0.349125,0.349125,0.349125,0.0,0.0
5.0,16.0,0.349125,0.349125,0.349125,0.349125,0.0,0.0
5.0,15.0,0.399,0.399,0.399,0.399,0.0,0.0
5.0,14.0,0.399,0.399,0.399,0.399,0.0,0.0
5.0,13.0,0.399,0.399,0.399,0.399,0.0,0.0
5.0,12.0,0.399,0.399,0.399,0.399,0.0,0.0
5.0,9.0,0.399,0.399,0.399,0.399,0.0,0.0
5.0,8.0,0.399,0.399,0.399,0.399,0.0,0.0
5.0,7.0,0.399,0.399,0.399,0.399,0.0,0.0
5.0,6.0,0.399,0.399,0.399,0.399,0.0,0.0
5.0,5.0,0.399,0.399,0.399,0.399,0.0,0.0
5.0,2.0,0.399,0.399,0.399,0.399,0.0,0.0
5.0,1.0,0.399,0.399,0.399,0.399,0.0,0.0
4.0,30.0,0.29925,0.29925,0.29925,0.29925,0.0,0.0
4.0,29.0,0.29925,0.29925,0.29925,0.29925,0.0,0.0
4.0,28.0,0.29925,0.29925,0.29925,0.29925,0.0,0.0
4.0,25.0,0.29925,0.29925,0.29925,0.29925,0.0,0.0
4.0,24.0,0.29925,0.29925,0.29925,0.29925,0.0,0.0
4.0,23.0,0.29925,0.29925,0.29925,0.29925,0.0,0.0
4.0,22.0,0.29925,0.29925,0.29925,0.29925,0.0,0.0
4.0,21.0,0.29925,0.29925,0.29925,0.29925,0.0,0.0
4.0,18.0,0.29925,0.29925,0.29925,0.29925,0.0,0.0
4.0,17.0,0.29925,0.29925,0.29925,0.29925,0.0,0.0
4.0,16.0,0.29925,0.29925,0.29925,0.29925,0.0,0.0
4.0,15.0,0.29925,0.29925,0.29925,0.29925,0.0,0.0
4.0,14.0,0.29925,0.29925,0.29925,0.29925,0.0,0.0
4.0,11.0,0.29925,0.29925,0.29925,0.29925,0.0,0.0
4.0,10.0,0.29925,0.29925,0.29925,0.29925,0.0,0.0
4.0,9.0,0.29925,0.29925,0.29925,0.29925,0.0,0.0
4.0,8.0,0.29925,0.29925,0.29925,0.29925,0.0,0.0
4.0,7.0,0.29925,0.29925,0.29925,0.29925,0.0,0.0
4.0,4.0,0.399,0.399,0.399,0.399,0.0,0.0
4.0,3.0,0.399,0.399,0.399,0.399,0.0,0.0
4.0,2.0,0.029925,0.399,0.029925,0.399,200.0,0.36907500000000004
