9.0,25.0,12.2,12.2,12.2,12.2,0.0,0.0
9.0,24.0,12.2,12.2,12.2,12.2,0.0,0.0
9.0,23.0,12.2,12.2,12.2,12.2,0.0,0.0
9.0,22.0,12.2,12.2,12.2,12.2,0.0,0.0
9.0,21.0,12.2,12.2,12.2,12.2,0.0,0.0
9.0,18.0,12.2,12.2,12.2,12.2,0.0,0.0
9.0,17.0,12.2,12.2,12.2,12.2,0.0,0.0
9.0,16.0,12.2,12.2,12.2,12.2,0.0,0.0
9.0,15.0,12.5,12.5,12.2,12.2,2900.0,-0.3000000000000007
9.0,14.0,12.23,12.23,12.2,12.2,5200.0,-0.030000000000001137
9.0,11.0,12.2,12.2,12.2,12.2,0.0,0.0
9.0,10.0,12.2,12.2,12.2,12.2,0.0,0.0
9.0,9.0,12.2,12.2,12.2,12.2,200.0,0.0
9.0,8.0,12.15,12.15,12.15,12.15,0.0,0.0
9.0,4.0,12.15,12.15,12.15,12.15,0.0,0.0
9.0,3.0,12.15,12.15,12.15,12.15,0.0,0.0
9.0,2.0,12.15,12.15,12.15,12.15,0.0,0.0
9.0,1.0,12.15,12.15,12.15,12.15,0.0,0.0
8.0,31.0,12.15,12.15,12.15,12.15,0.0,0.0
8.0,28.0,12.15,12.15,12.15,12.15,0.0,0.0
8.0,27.0,12.3,12.3,12.15,12.15,400.0,-0.15000000000000036
8.0,26.0,12.3,12.3,12.3,12.3,0.0,0.0
8.0,25.0,12.3,12.3,12.3,12.3,0.0,0.0
8.0,24.0,12.3,12.3,12.3,12.3,100.0,0.0
8.0,21.0,12.5,12.5,12.5,12.5,0.0,0.0
8.0,20.0,12.5,12.5,12.5,12.5,0.0,0.0
8.0,19.0,12.5,12.5,12.5,12.5,0.0,0.0
8.0,18.0,12.41,12.55,12.4,12.5,3900.0,0.08999999999999986
8.0,17.0,12.41,12.6,12.41,12.6,600.0,0.1899999999999995
8.0,14.0,12.41,12.41,12.41,12.41,0.0,0.0
8.0,13.0,12.41,12.41,12.41,12.41,0.0,0.0
8.0,12.0,12.41,12.41,12.41,12.41,0.0,0.0
8.0,11.0,12.41,12.41,12.41,12.41,1000.0,0.0
8.0,10.0,12.41,12.41,12.41,12.41,0.0,0.0
8.0,7.0,12.41,12.41,12.41,12.41,0.0,0.0
8.0,6.0,12.41,12.41,12.41,12.41,0.0,0.0
8.0,5.0,12.41,12.41,12.41,12.41,0.0,0.0
8.0,4.0,12.41,12.41,12.41,12.41,0.0,0.0
8.0,3.0,12.41,12.41,12.41,12.41,0.0,0.0
7.0,31.0,12.41,12.41,12.41,12.41,0.0,0.0
7.0,30.0,12.41,12.41,12.41,12.41,0.0,0.0
7.0,29.0,12.4,12.41,12.4,12.41,400.0,0.009999999999999787
7.0,28.0,12.41,12.41,12.41,12.41,500.0,0.0
7.0,27.0,12.47,12.47,12.47,12.47,0.0,0.0
7.0,24.0,12.47,12.47,12.47,12.47,0.0,0.0
7.0,23.0,12.47,12.47,12.47,12.47,0.0,0.0
7.0,22.0,12.47,12.47,12.47,12.47,0.0,0.0
7.0,21.0,12.47,12.47,12.47,12.47,0.0,0.0
7.0,20.0,12.47,12.47,12.47,12.47,0.0,0.0
7.0,17.0,12.47,12.47,12.47,12.47,0.0,0.0
7.0,16.0,12.47,12.47,12.47,12.47,100.0,0.0
7.0,15.0,12.4,12.4,12.4,12.4,0.0,0.0
7.0,14.0,12.4,12.4,12.4,12.4,0.0,0.0
7.0,13.0,12.4,12.4,12.4,12.4,0.0,0.0
7.0,10.0,12.4,12.4,12.4,12.4,0.0,0.0
7.0,9.0,12.4,12.4,12.4,12.4,0.0,0.0
7.0,8.0,12.4,12.4,12.4,12.4,200.0,0.0
7.0,7.0,12.4,12.4,12.4,12.4,0.0,0.0
7.0,6.0,12.4,12.4,12.4,12.4,0.0,0.0
7.0,2.0,12.4,12.4,12.4,12.4,0.0,0.0
7.0,1.0,12.4,12.4,12.4,12.4,0.0,0.0
6.0,30.0,12.4,12.4,12.4,12.4,0.0,0.0
6.0,29.0,12.4,12.4,12.4,12.4,0.0,0.0
6.0,26.0,12.4,12.4,12.4,12.4,2600.0,0.0
6.0,25.0,12.43,12.43,12.43,12.43,5000.0,0.0
6.0,24.0,12.43,12.43,12.43,12.43,500.0,0.0
6.0,23.0,12.75,12.75,12.75,12.75,100.0,0.0
6.0,22.0,12.5,12.75,12.5,12.75,1200.0,0.25
6.0,19.0,12.47,12.47,12.47,12.47,0.0,0.0
6.0,18.0,12.5,12.5,12.47,12.47,800.0,-0.02999999999999936
6.0,17.0,12.5,12.5,12.5,12.5,0.0,0.0
6.0,16.0,12.5,12.5,12.5,12.5,0.0,0.0
6.0,15.0,12.5,12.5,12.5,12.5,200.0,0.0
6.0,12.0,12.5,12.5,12.5,12.5,1300.0,0.0
6.0,11.0,12.35,12.5,12.15,12.5,43900.0,0.15000000000000036
6.0,10.0,12.25,12.25,12.25,12.25,1500.0,0.0
6.0,9.0,12.25,12.25,12.25,12.25,0.0,0.0
6.0,8.0,12.25,12.25,12.25,12.25,0.0,0.0
6.0,5.0,12.35,12.35,12.25,12.25,10600.0,-0.09999999999999964
6.0,4.0,12.3,12.35,12.3,12.35,7400.0,0.049999999999998934
6.0,3.0,12.25,12.25,12.25,12.25,28800.0,0.0
6.0,2.0,12.35,12.35,12.35,12.35,0.0,0.0
6.0,1.0,12.35,12.35,12.35,12.35,0.0,0.0
5.0,29.0,12.35,12.35,12.35,12.35,0.0,0.0
5.0,28.0,12.35,12.35,12.35,12.35,0.0,0.0
5.0,27.0,12.35,12.35,12.35,12.35,0.0,0.0
5.0,26.0,12.35,12.35,12.35,12.35,100.0,0.0
5.0,22.0,12.2,12.2,12.2,12.2,0.0,0.0
5.0,21.0,12.2,12.2,12.2,12.2,0.0,0.0
5.0,20.0,12.2,12.2,12.15,12.2,7200.0,0.0
5.0,19.0,12.2,12.2,12.2,12.2,0.0,0.0
5.0,18.0,12.2,12.2,12.2,12.2,0.0,0.0
5.0,15.0,12.2,12.2,12.2,12.2,0.0,0.0
5.0,14.0,12.35,12.35,12.2,12.2,1600.0,-0.15000000000000036
5.0,13.0,12.35,12.35,12.35,12.35,0.0,0.0
5.0,12.0,12.35,12.35,12.35,12.35,0.0,0.0
5.0,11.0,12.4,12.4,12.35,12.35,2900.0,-0.05000000000000071
5.0,8.0,12.4,12.4,12.35,12.35,1200.0,-0.05000000000000071
5.0,7.0,12.55,12.55,12.55,12.55,200.0,0.0
5.0,6.0,12.35,12.35,12.35,12.35,0.0,0.0
5.0,5.0,12.35,12.35,12.35,12.35,100.0,0.0
5.0,4.0,12.25,12.25,12.25,12.25,0.0,0.0
5.0,1.0,12.25,12.25,12.25,12.25,0.0,0.0
4.0,30.0,12.25,12.25,12.25,12.25,0.0,0.0
4.0,29.0,12.25,12.25,12.25,12.25,0.0,0.0
4.0,28.0,12.25,12.25,12.25,12.25,0.0,0.0
4.0,27.0,12.25,12.25,12.25,12.25,0.0,0.0
4.0,24.0,12.25,12.25,12.25,12.25,0.0,0.0
4.0,23.0,12.25,12.25,12.25,12.25,0.0,0.0
4.0,22.0,12.25,12.25,12.25,12.25,0.0,0.0
4.0,21.0,12.25,12.25,12.25,12.25,0.0,0.0
4.0,20.0,12.25,12.25,12.25,12.25,0.0,0.0
4.0,17.0,12.25,12.25,12.25,12.25,0.0,0.0
4.0,16.0,12.25,12.25,12.25,12.25,0.0,0.0
4.0,15.0,12.25,12.25,12.25,12.25,0.0,0.0
4.0,14.0,12.25,12.25,12.25,12.25,2000.0,0.0
4.0,13.0,12.3,12.3,12.25,12.25,3700.0,-0.05000000000000071
4.0,10.0,12.3,12.3,12.3,12.3,0.0,0.0
4.0,9.0,12.3,12.3,12.3,12.3,0.0,0.0
4.0,8.0,12.3,12.3,12.3,12.3,900.0,0.0
4.0,7.0,12.3,12.3,12.3,12.3,0.0,0.0
4.0,6.0,12.3,12.3,12.3,12.3,0.0,0.0
4.0,2.0,12.5,12.5,12.3,12.3,400.0,-0.1999999999999993
4.0,1.0,12.5,12.5,12.5,12.5,0.0,0.0
3.0,31.0,12.5,12.5,12.5,12.5,500.0,0.0
3.0,30.0,12.25,12.25,12.25,12.25,0.0,0.0
3.0,27.0,12.25,12.25,12.25,12.25,0.0,0.0
3.0,26.0,12.25,12.25,12.25,12.25,0.0,0.0
3.0,25.0,12.25,12.25,12.25,12.25,0.0,0.0
3.0,24.0,12.25,12.25,12.25,12.25,0.0,0.0
3.0,23.0,12.25,12.25,12.25,12.25,3200.0,0.0
3.0,20.0,12.75,12.75,12.75,12.75,0.0,0.0
3.0,19.0,12.75,12.75,12.75,12.75,100.0,0.0
3.0,18.0,12.15,12.15,12.15,12.15,0.0,0.0
3.0,17.0,12.2,12.2,12.15,12.15,5300.0,-0.049999999999998934
3.0,16.0,12.15,12.15,12.15,12.15,0.0,0.0
3.0,13.0,12.15,12.15,12.15,12.15,0.0,0.0
3.0,12.0,12.15,12.15,12.15,12.15,0.0,0.0
3.0,11.0,12.15,12.15,12.15,12.15,0.0,0.0
3.0,10.0,12.15,12.15,12.15,12.15,0.0,0.0
3.0,9.0,12.2,12.2,12.15,12.15,2000.0,-0.049999999999998934
3.0,6.0,12.06,12.06,12.06,12.06,0.0,0.0
3.0,5.0,12.06,12.06,12.06,12.06,0.0,0.0
3.0,4.0,12.06,12.06,12.06,12.06,0.0,0.0
3.0,3.0,12.06,12.06,12.06,12.06,0.0,0.0
3.0,2.0,12.06,12.06,12.06,12.06,0.0,0.0
2.0,27.0,12.06,12.06,12.06,12.06,0.0,0.0
2.0,26.0,12.06,12.06,12.06,12.06,0.0,0.0
2.0,25.0,12.06,12.06,12.06,12.06,0.0,0.0
2.0,24.0,12.06,12.06,12.06,12.06,0.0,0.0
2.0,23.0,12.06,12.06,12.06,12.06,0.0,0.0
2.0,20.0,12.06,12.06,12.06,12.06,200.0,0.0
2.0,19.0,12.0,12.0,12.0,12.0,0.0,0.0
2.0,18.0,12.0,12.0,12.0,12.0,0.0,0.0
2.0,17.0,12.0,12.0,12.0,12.0,0.0,0.0
2.0,13.0,12.0,12.0,12.0,12.0,200.0,0.0
2.0,12.0,11.858,11.858,11.858,11.858,0.0,0.0
2.0,11.0,11.858,11.858,11.858,11.858,900.0,0.0
2.0,10.0,11.85,11.85,11.85,11.85,100.0,0.0
2.0,9.0,12.1,12.1,12.1,12.1,0.0,0.0
2.0,6.0,12.1,12.1,12.1,12.1,0.0,0.0
2.0,5.0,12.1,12.1,12.1,12.1,0.0,0.0
2.0,4.0,12.1,12.1,12.1,12.1,3200.0,0.0
2.0,3.0,12.25,12.25,12.25,12.25,100.0,0.0
2.0,2.0,11.8,11.8,11.8,11.8,0.0,0.0
1.0,30.0,11.8,11.8,11.8,11.8,100.0,0.0
1.0,29.0,11.85,12.25,11.85,12.25,1500.0,0.40000000000000036
1.0,28.0,11.75,11.75,11.75,11.75,3400.0,0.0
1.0,27.0,12.0,12.0,12.0,12.0,0.0,0.0
1.0,26.0,12.0,12.0,12.0,12.0,0.0,0.0
1.0,23.0,12.0,12.0,12.0,12.0,0.0,0.0
1.0,22.0,12.0,12.0,12.0,12.0,0.0,0.0
1.0,21.0,12.24,12.24,12.0,12.0,1600.0,-0.2400000000000002
1.0,20.0,11.75,11.75,11.75,11.75,0.0,0.0
1.0,16.0,11.75,11.75,11.75,11.75,0.0,0.0
1.0,15.0,11.75,11.75,11.75,11.75,0.0,0.0
1.0,14.0,11.75,11.75,11.75,11.75,100.0,0.0
1.0,13.0,11.73,11.73,11.73,11.73,0.0,0.0
1.0,12.0,11.73,11.73,11.73,11.73,0.0,0.0
1.0,9.0,11.73,11.73,11.73,11.73,1600.0,0.0
1.0,8.0,11.7,11.7,11.7,11.7,0.0,0.0
1.0,7.0,11.7,11.7,11.7,11.7,300.0,0.0
1.0,6.0,12.0,12.0,11.95,11.95,2100.0,-0.05000000000000071
1.0,5.0,11.65,11.69,11.65,11.69,2000.0,0.03999999999999915
1.0,2.0,11.69,11.69,11.69,11.69,0.0,0.0
12.0,31.0,11.69,11.69,11.69,11.69,0.0,0.0
12.0,30.0,11.69,11.69,11.69,11.69,0.0,0.0
12.0,29.0,11.69,11.69,11.69,11.69,0.0,0.0
12.0,26.0,11.69,11.69,11.69,11.69,0.0,0.0
12.0,24.0,11.69,11.69,11.69,11.69,0.0,0.0
12.0,23.0,11.69,11.69,11.69,11.69,0.0,0.0
12.0,22.0,11.75,11.75,11.69,11.69,600.0,-0.0600000000000005
12.0,19.0,11.76,11.76,11.76,11.76,0.0,0.0
12.0,18.0,11.76,11.76,11.76,11.76,0.0,0.0
12.0,17.0,11.76,11.76,11.76,11.76,0.0,0.0
12.0,16.0,11.76,11.76,11.76,11.76,0.0,0.0
12.0,15.0,11.76,11.76,11.76,11.76,0.0,0.0
12.0,12.0,11.76,11.76,11.76,11.76,0.0,0.0
12.0,11.0,11.76,11.76,11.76,11.76,0.0,0.0
12.0,10.0,11.76,11.76,11.76,11.76,0.0,0.0
12.0,9.0,11.76,11.76,11.76,11.76,0.0,0.0
12.0,8.0,11.76,11.76,11.76,11.76,0.0,0.0
12.0,5.0,11.76,11.76,11.76,11.76,0.0,0.0
12.0,4.0,11.76,11.76,11.76,11.76,0.0,0.0
12.0,3.0,11.76,11.76,11.76,11.76,0.0,0.0
12.0,2.0,11.76,11.76,11.76,11.76,0.0,0.0
12.0,1.0,11.76,11.76,11.76,11.76,0.0,0.0
11.0,28.0,11.76,11.76,11.76,11.76,0.0,0.0
11.0,26.0,11.76,11.76,11.76,11.76,0.0,0.0
11.0,25.0,11.76,11.76,11.76,11.76,0.0,0.0
11.0,24.0,11.76,11.76,11.76,11.76,0.0,0.0
11.0,21.0,11.76,11.76,11.76,11.76,0.0,0.0
11.0,20.0,11.76,11.76,11.76,11.76,0.0,0.0
11.0,19.0,11.76,11.76,11.76,11.76,0.0,0.0
11.0,18.0,11.76,11.76,11.76,11.76,0.0,0.0
11.0,17.0,11.76,11.76,11.76,11.76,0.0,0.0
11.0,14.0,11.76,11.76,11.76,11.76,0.0,0.0
11.0,13.0,11.76,11.76,11.76,11.76,0.0,0.0
11.0,12.0,11.76,11.76,11.76,11.76,0.0,0.0
11.0,11.0,11.76,11.76,11.76,11.76,0.0,0.0
11.0,10.0,11.76,11.76,11.76,11.76,0.0,0.0
11.0,7.0,11.65,11.76,11.65,11.76,1000.0,0.10999999999999943
11.0,6.0,11.65,11.65,11.65,11.65,0.0,0.0
11.0,5.0,11.65,11.65,11.65,11.65,0.0,0.0
11.0,4.0,11.65,11.65,11.65,11.65,0.0,0.0
11.0,3.0,11.65,11.65,11.65,11.65,0.0,0.0
10.0,31.0,11.65,11.65,11.65,11.65,0.0,0.0
10.0,30.0,11.65,11.65,11.65,11.65,0.0,0.0
10.0,29.0,11.65,11.65,11.65,11.65,0.0,0.0
10.0,28.0,11.65,11.65,11.65,11.65,0.0,0.0
10.0,27.0,11.65,11.65,11.65,11.65,0.0,0.0
10.0,24.0,11.65,11.65,11.65,11.65,0.0,0.0
10.0,23.0,11.65,11.65,11.65,11.65,0.0,0.0
10.0,22.0,11.65,11.65,11.65,11.65,1200.0,0.0
10.0,21.0,11.65,11.65,11.65,11.65,0.0,0.0
10.0,20.0,11.65,11.65,11.65,11.65,0.0,0.0
10.0,17.0,11.65,11.65,11.65,11.65,0.0,0.0
10.0,16.0,11.65,11.65,11.65,11.65,100.0,0.0
10.0,15.0,11.5,11.69,11.5,11.65,6200.0,0.15000000000000036
10.0,14.0,11.41,11.42,11.41,11.42,5300.0,0.009999999999999787
10.0,13.0,11.41,11.47,11.41,11.47,2800.0,0.0600000000000005
10.0,10.0,11.41,11.41,11.41,11.41,1400.0,0.0
10.0,9.0,11.6,11.6,11.6,11.6,0.0,0.0
10.0,8.0,11.6,11.6,11.6,11.6,0.0,0.0
10.0,7.0,11.6,11.6,11.6,11.6,0.0,0.0
10.0,6.0,11.6,11.6,11.6,11.6,0.0,0.0
10.0,3.0,11.6,11.6,11.6,11.6,0.0,0.0
10.0,2.0,11.6,11.6,11.6,11.6,0.0,0.0
10.0,1.0,11.6,11.6,11.6,11.6,0.0,0.0
9.0,30.0,11.6,11.6,11.6,11.6,0.0,0.0
9.0,29.0,11.6,11.6,11.6,11.6,1000.0,0.0
9.0,26.0,11.51,11.51,11.51,11.51,0.0,0.0
9.0,25.0,11.51,11.51,11.51,11.51,0.0,0.0
9.0,24.0,11.51,11.51,11.51,11.51,1000.0,0.0
9.0,23.0,11.58,11.58,11.58,11.58,0.0,0.0
9.0,22.0,11.58,11.58,11.58,11.58,0.0,0.0
9.0,19.0,11.58,11.58,11.58,11.58,0.0,0.0
9.0,18.0,11.58,11.58,11.58,11.58,0.0,0.0
9.0,17.0,11.58,11.58,11.58,11.58,0.0,0.0
9.0,16.0,11.58,11.58,11.58,11.58,0.0,0.0
9.0,15.0,11.58,11.58,11.58,11.58,0.0,0.0
9.0,12.0,11.58,11.58,11.58,11.58,0.0,0.0
9.0,11.0,11.58,11.58,11.58,11.58,0.0,0.0
9.0,10.0,11.58,11.58,11.58,11.58,0.0,0.0
9.0,9.0,11.58,11.58,11.58,11.58,0.0,0.0
9.0,8.0,11.58,11.58,11.58,11.58,0.0,0.0
9.0,5.0,11.58,11.58,11.58,11.58,0.0,0.0
9.0,4.0,11.58,11.58,11.58,11.58,800.0,0.0
9.0,3.0,11.6,11.6,11.6,11.6,0.0,0.0
9.0,2.0,11.6,11.6,11.6,11.6,0.0,0.0
8.0,29.0,11.6,11.6,11.6,11.6,100.0,0.0
8.0,28.0,11.41,11.41,11.41,11.41,0.0,0.0
8.0,27.0,11.41,11.41,11.41,11.41,0.0,0.0
8.0,26.0,11.41,11.41,11.41,11.41,100.0,0.0
8.0,25.0,11.41,11.41,11.41,11.41,0.0,0.0
8.0,22.0,11.41,11.41,11.41,11.41,0.0,0.0
8.0,21.0,11.41,11.41,11.41,11.41,0.0,0.0
8.0,20.0,11.41,11.41,11.41,11.41,0.0,0.0
8.0,19.0,11.56,11.56,11.41,11.41,900.0,-0.15000000000000036
8.0,18.0,11.68,11.68,11.68,11.68,0.0,0.0
8.0,15.0,11.68,11.68,11.68,11.68,0.0,0.0
8.0,14.0,11.68,11.68,11.68,11.68,0.0,0.0
8.0,13.0,11.6,11.68,11.56,11.68,9300.0,0.08000000000000007
8.0,12.0,11.56,11.56,11.56,11.56,0.0,0.0
8.0,11.0,11.56,11.56,11.56,11.56,0.0,0.0
8.0,8.0,11.56,11.56,11.56,11.56,0.0,0.0
8.0,7.0,11.56,11.56,11.56,11.56,0.0,0.0
8.0,6.0,11.56,11.56,11.56,11.56,0.0,0.0
8.0,5.0,11.56,11.56,11.56,11.56,300.0,0.0
8.0,4.0,11.56,11.56,11.56,11.56,400.0,0.0
8.0,1.0,11.56,11.56,11.56,11.56,1300.0,0.0
7.0,31.0,11.56,11.56,11.56,11.56,100.0,0.0
7.0,30.0,11.56,11.56,11.56,11.56,100.0,0.0
7.0,29.0,11.56,11.56,11.56,11.56,200.0,0.0
7.0,28.0,11.56,11.56,11.56,11.56,0.0,0.0
7.0,25.0,11.56,11.56,11.56,11.56,0.0,0.0
7.0,24.0,11.56,11.56,11.56,11.56,0.0,0.0
7.0,23.0,11.56,11.56,11.56,11.56,400.0,0.0
7.0,22.0,11.6,11.6,11.6,11.6,0.0,0.0
7.0,21.0,11.6,11.6,11.6,11.6,0.0,0.0
7.0,18.0,11.6,11.6,11.6,11.6,0.0,0.0
7.0,17.0,11.6,11.6,11.6,11.6,0.0,0.0
7.0,16.0,11.6,11.6,11.6,11.6,0.0,0.0
7.0,15.0,11.6,11.6,11.6,11.6,0.0,0.0
7.0,14.0,11.6,11.6,11.6,11.6,1100.0,0.0
7.0,11.0,11.56,11.56,11.56,11.56,0.0,0.0
7.0,10.0,11.57,11.57,11.56,11.56,400.0,-0.009999999999999787
7.0,9.0,11.55,11.55,11.55,11.55,100.0,0.0
7.0,8.0,11.4,11.4,11.4,11.4,0.0,0.0
7.0,7.0,11.4,11.4,11.4,11.4,0.0,0.0
7.0,3.0,11.4,11.4,11.4,11.4,0.0,0.0
7.0,2.0,11.4,11.4,11.4,11.4,0.0,0.0
7.0,1.0,11.4,11.4,11.4,11.4,0.0,0.0
6.0,30.0,11.4,11.4,11.4,11.4,0.0,0.0
6.0,27.0,11.4,11.4,11.4,11.4,0.0,0.0
6.0,26.0,11.4,11.4,11.4,11.4,0.0,0.0
6.0,25.0,11.4,11.4,11.4,11.4,0.0,0.0
6.0,24.0,11.4,11.4,11.4,11.4,0.0,0.0
6.0,23.0,11.4,11.4,11.4,11.4,0.0,0.0
6.0,20.0,11.4,11.4,11.4,11.4,0.0,0.0
6.0,19.0,11.4,11.4,11.4,11.4,200.0,0.0
6.0,18.0,11.4,11.4,11.4,11.4,0.0,0.0
6.0,17.0,11.4,11.4,11.4,11.4,0.0,0.0
6.0,16.0,11.4,11.4,11.4,11.4,0.0,0.0
6.0,13.0,11.4,11.4,11.4,11.4,0.0,0.0
6.0,12.0,11.4,11.4,11.4,11.4,0.0,0.0
6.0,11.0,11.65,11.65,11.4,11.4,500.0,-0.25
6.0,10.0,12.0,12.0,12.0,12.0,0.0,0.0
6.0,9.0,12.0,12.0,12.0,12.0,0.0,0.0
6.0,6.0,12.0,12.0,12.0,12.0,100.0,0.0
6.0,5.0,11.49,12.0,11.49,12.0,500.0,0.5099999999999998
6.0,4.0,11.46,11.46,11.46,11.46,0.0,0.0
6.0,3.0,11.46,11.46,11.46,11.46,0.0,0.0
6.0,2.0,11.35,11.46,11.35,11.46,5900.0,0.11000000000000121
5.0,30.0,11.4,11.4,11.4,11.4,100.0,0.0
5.0,29.0,11.51,11.51,11.51,11.51,0.0,0.0
5.0,28.0,11.51,11.51,11.51,11.51,0.0,0.0
5.0,27.0,11.51,11.51,11.51,11.51,0.0,0.0
5.0,23.0,11.4,11.51,11.4,11.51,2800.0,0.10999999999999943
5.0,22.0,11.64,11.64,11.64,11.64,500.0,0.0
5.0,21.0,11.4,11.4,11.4,11.4,0.0,0.0
5.0,20.0,11.4,11.4,11.4,11.4,0.0,0.0
5.0,19.0,11.4,11.4,11.4,11.4,0.0,0.0
5.0,16.0,11.4,11.4,11.4,11.4,400.0,0.0
5.0,15.0,11.3,11.3,11.3,11.3,700.0,0.0
5.0,14.0,11.5,11.5,11.5,11.5,0.0,0.0
5.0,13.0,11.5,11.5,11.5,11.5,0.0,0.0
5.0,12.0,11.5,11.5,11.5,11.5,0.0,0.0
5.0,9.0,11.5,11.5,11.5,11.5,100.0,0.0
5.0,8.0,11.25,11.25,11.25,11.25,300.0,0.0
5.0,7.0,11.25,11.25,11.25,11.25,0.0,0.0
5.0,6.0,11.25,11.25,11.25,11.25,0.0,0.0
5.0,5.0,11.25,11.25,11.25,11.25,400.0,0.0
5.0,2.0,12.0,12.0,12.0,12.0,0.0,0.0
5.0,1.0,11.63,12.0,11.6,12.0,2100.0,0.3699999999999992
4.0,30.0,11.2,11.28,11.2,11.28,6700.0,0.08000000000000007
4.0,29.0,11.65,11.65,11.65,11.65,0.0,0.0
4.0,28.0,11.65,11.65,11.65,11.65,0.0,0.0
4.0,25.0,11.65,11.65,11.65,11.65,0.0,0.0
4.0,24.0,11.65,11.65,11.65,11.65,100.0,0.0
4.0,23.0,11.02,11.02,11.02,11.02,0.0,0.0
4.0,22.0,11.02,11.02,11.02,11.02,0.0,0.0
4.0,21.0,11.02,11.02,11.02,11.02,0.0,0.0
4.0,17.0,11.02,11.02,11.02,11.02,600.0,0.0
4.0,16.0,10.92,10.92,10.92,10.92,0.0,0.0
4.0,15.0,10.92,10.92,10.92,10.92,0.0,0.0
4.0,14.0,10.92,10.92,10.92,10.92,1000.0,0.0
4.0,11.0,10.92,10.92,10.92,10.92,0.0,0.0
4.0,10.0,10.92,10.92,10.92,10.92,0.0,0.0
4.0,9.0,10.92,10.92,10.92,10.92,0.0,0.0
4.0,8.0,10.92,10.92,10.92,10.92,0.0,0.0
4.0,7.0,10.82,10.92,10.82,10.92,500.0,0.09999999999999964
4.0,4.0,11.0,11.0,11.0,11.0,0.0,0.0
4.0,3.0,11.0,11.0,11.0,11.0,0.0,0.0
4.0,2.0,11.0,11.0,11.0,11.0,0.0,0.0
4.0,1.0,11.0,11.0,11.0,11.0,0.0,0.0
3.0,31.0,11.0,11.0,11.0,11.0,1000.0,0.0
3.0,28.0,10.92,10.92,10.92,10.92,0.0,0.0
3.0,27.0,10.81,10.92,10.81,10.92,3100.0,0.10999999999999943
3.0,26.0,10.81,10.81,10.81,10.81,0.0,0.0
3.0,25.0,10.81,10.81,10.81,10.81,0.0,0.0
3.0,24.0,10.81,10.81,10.81,10.81,0.0,0.0
3.0,21.0,10.81,10.81,10.81,10.81,0.0,0.0
3.0,20.0,10.81,10.81,10.81,10.81,0.0,0.0
3.0,19.0,10.81,10.81,10.81,10.81,0.0,0.0
3.0,18.0,10.81,10.81,10.81,10.81,0.0,0.0
3.0,17.0,10.81,10.81,10.81,10.81,0.0,0.0
3.0,14.0,10.81,10.81,10.81,10.81,1400.0,0.0
3.0,13.0,10.81,10.81,10.81,10.81,200.0,0.0
3.0,12.0,10.81,10.81,10.81,10.81,1100.0,0.0
3.0,11.0,10.75,10.75,10.75,10.75,0.0,0.0
3.0,10.0,10.75,10.75,10.75,10.75,0.0,0.0
3.0,7.0,10.75,10.75,10.75,10.75,0.0,0.0
3.0,6.0,10.75,10.75,10.75,10.75,0.0,0.0
3.0,5.0,10.75,10.75,10.75,10.75,0.0,0.0
3.0,4.0,10.75,10.75,10.75,10.75,0.0,0.0
3.0,3.0,10.75,10.75,10.75,10.75,0.0,0.0
2.0,28.0,10.75,10.75,10.75,10.75,0.0,0.0
2.0,27.0,10.75,10.75,10.75,10.75,0.0,0.0
2.0,26.0,10.75,10.75,10.75,10.75,0.0,0.0
2.0,25.0,10.75,10.75,10.75,10.75,0.0,0.0
2.0,24.0,10.63,10.75,10.63,10.75,7400.0,0.11999999999999922
2.0,21.0,10.6,10.6,10.6,10.6,0.0,0.0
2.0,20.0,10.6,10.6,10.6,10.6,0.0,0.0
2.0,19.0,10.6,10.6,10.6,10.6,0.0,0.0
2.0,18.0,10.65,10.65,10.6,10.6,1300.0,-0.05000000000000071
2.0,14.0,10.53,10.63,10.53,10.63,4600.0,0.10000000000000142
