9.0,25.0,22.68,22.99,21.959999,22.17,1667500.0,-0.509999999999998
9.0,24.0,22.469999,22.67,22.0,22.58,2752100.0,0.1100009999999969
9.0,23.0,23.5,23.5,22.93,23.1,1645200.0,-0.3999999999999986
9.0,22.0,23.92,24.49,23.209999,23.35,2389900.0,-0.5700000000000003
9.0,21.0,24.860001,24.959999,24.1,24.23,2267300.0,-0.630001
9.0,18.0,24.74,25.440001,24.549999,24.75,2556500.0,0.010000000000001563
9.0,17.0,25.120001,25.68,24.9,25.129999,1989000.0,0.00999800000000306
9.0,16.0,24.809999,25.93,24.73,25.290001,3294900.0,0.48000199999999893
9.0,15.0,24.41,25.200001,24.299999,24.940001,1316500.0,0.5300009999999986
9.0,14.0,24.77,24.940001,24.17,24.469999,1678700.0,-0.3000009999999982
9.0,11.0,25.0,25.370001,24.629999,24.709999,1695400.0,-0.2900010000000002
9.0,10.0,24.73,25.5,24.6,25.120001,1786900.0,0.39000099999999804
9.0,9.0,24.08,25.33,24.07,24.68,2660400.0,0.6000000000000014
9.0,8.0,24.610001,24.610001,23.940001,23.98,3223000.0,-0.630001
9.0,4.0,23.700001,24.66,23.6,24.209999,1894400.0,0.5099979999999995
9.0,3.0,24.299999,24.48,23.879999,24.17,1609600.0,-0.12999899999999798
9.0,2.0,23.700001,24.290001,23.24,24.280001,2354600.0,0.5799999999999983
9.0,1.0,23.59,24.389999,23.16,23.4,3156600.0,-0.19000000000000128
8.0,31.0,23.91,24.58,23.700001,24.280001,2257200.0,0.37000099999999847
8.0,28.0,23.639999,24.33,23.639999,23.959999,2618800.0,0.3200000000000003
8.0,27.0,24.040001,24.530001,23.16,23.98,3895100.0,-0.06000099999999975
8.0,26.0,23.34,23.51,22.51,23.379999,3207200.0,0.03999900000000167
8.0,25.0,23.870001,24.15,22.719999,22.75,2746600.0,-1.1200009999999985
8.0,24.0,21.66,24.23,20.5,22.98,4879200.0,1.3200000000000003
8.0,21.0,23.709999,23.719999,22.67,23.09,5439700.0,-0.619999
8.0,20.0,24.719999,25.040001,24.0,24.01,2912300.0,-0.7099989999999998
8.0,19.0,25.129999,25.68,24.709999,25.25,2255700.0,0.12000099999999847
8.0,18.0,26.610001,26.66,25.01,25.41,4036100.0,-1.2000010000000003
8.0,17.0,25.73,27.040001,25.5,26.639999,4060900.0,0.9099989999999991
8.0,14.0,25.26,26.139999,24.91,25.77,4242700.0,0.509999999999998
8.0,13.0,25.52,25.75,24.51,24.540001,2123900.0,-0.9799989999999994
8.0,12.0,24.93,25.629999,24.57,25.469999,2341800.0,0.5399990000000017
8.0,11.0,25.65,25.969999,24.91,25.35,2356000.0,-0.29999999999999716
8.0,10.0,25.6,26.459999,25.530001,26.0,2139100.0,0.3999999999999986
8.0,7.0,25.280001,25.75,24.99,25.35,2167200.0,0.06999900000000281
8.0,6.0,26.02,26.23,25.040001,25.379999,2389000.0,-0.640000999999998
8.0,5.0,26.290001,27.07,26.049999,26.129999,2828100.0,-0.16000199999999865
8.0,4.0,25.879999,26.32,25.4,26.18,3171000.0,0.3000009999999982
8.0,3.0,26.6,27.700001,25.559999,25.92,6631000.0,-0.6799999999999997
7.0,31.0,25.690001,27.48,25.690001,26.4,7875500.0,0.7099989999999998
7.0,30.0,24.91,26.440001,24.809999,26.030001,7868300.0,1.1200009999999985
7.0,29.0,24.940001,25.5,23.66,25.059999,3.45351E7,0.11999800000000249
7.0,28.0,33.060001,33.799999,32.360001,33.509998,6984800.0,0.4499970000000033
7.0,27.0,33.98,34.32,33.529999,33.73,3458700.0,-0.25
7.0,24.0,35.290001,35.299999,34.0,34.560001,2094600.0,-0.7299999999999969
7.0,23.0,34.439999,35.450001,34.34,35.040001,2185000.0,0.6000019999999964
7.0,22.0,34.950001,35.290001,33.889999,34.439999,2851200.0,-0.5100020000000001
7.0,21.0,34.549999,35.650002,34.5,35.57,2818900.0,1.0200010000000006
7.0,20.0,33.939999,35.349998,33.349998,34.549999,4202000.0,0.6099999999999994
7.0,17.0,35.459999,35.900002,34.669998,34.959999,3007100.0,-0.5
7.0,16.0,35.25,35.549999,34.549999,35.110001,2179900.0,-0.1399990000000031
7.0,15.0,35.799999,36.080002,34.849998,35.0,2761600.0,-0.7999989999999997
7.0,14.0,35.43,36.040001,34.73,35.990002,2971000.0,0.5600019999999972
7.0,13.0,34.84,35.700001,34.650002,35.43,4068000.0,0.5899999999999963
7.0,10.0,35.099998,35.43,34.650002,34.73,2220900.0,-0.3699980000000025
7.0,9.0,35.919998,36.060001,34.630001,34.75,2770000.0,-1.1699979999999996
7.0,8.0,35.639999,36.25,35.139999,35.400002,2426500.0,-0.23999700000000246
7.0,7.0,37.310001,37.360001,35.099998,36.299999,6270500.0,-1.010002
7.0,6.0,37.709999,38.34,36.650002,37.490002,6536900.0,-0.21999700000000644
7.0,2.0,42.369999,42.369999,36.099998,38.18,1.32228E7,-4.189999
7.0,1.0,43.360001,43.490002,42.049999,42.439999,1696000.0,-0.9200019999999967
6.0,30.0,42.970001,43.349998,42.540001,43.029999,1834600.0,0.05999799999999311
6.0,29.0,43.669998,44.32,42.32,42.470001,2367600.0,-1.1999969999999962
6.0,26.0,44.959999,45.240002,44.209999,44.509998,2766200.0,-0.4500010000000003
6.0,25.0,45.540001,45.849998,44.84,44.880001,1368800.0,-0.6599999999999966
6.0,24.0,46.0,46.25,45.189999,45.25,1427000.0,-0.75
6.0,23.0,45.509998,46.400002,45.080002,46.02,1831700.0,0.5100020000000001
6.0,22.0,45.349998,46.02,44.830002,45.279999,2103700.0,-0.06999900000000281
6.0,19.0,45.060001,45.459999,44.75,45.119999,2260600.0,0.05999800000000022
6.0,18.0,44.509998,45.830002,44.360001,45.439999,2038700.0,0.9300009999999972
6.0,17.0,44.939999,45.189999,44.18,44.599998,1711700.0,-0.3400010000000009
6.0,16.0,43.939999,46.220001,43.830002,44.700001,5068300.0,0.7600020000000001
6.0,15.0,43.490002,44.389999,43.490002,44.0,2339400.0,0.5099980000000031
6.0,12.0,43.380001,44.299999,43.25,44.040001,3400700.0,0.6599999999999966
6.0,11.0,44.610001,44.860001,43.41,43.540001,5003100.0,-1.0700000000000003
6.0,10.0,45.810001,45.810001,44.400002,44.459999,3714700.0,-1.3500019999999964
6.0,9.0,45.970001,46.27,45.23,45.439999,2630500.0,-0.5300020000000032
6.0,8.0,47.900002,48.040001,45.619999,45.669998,3707000.0,-2.230004000000001
6.0,5.0,47.529999,48.5,47.099998,48.220001,2711000.0,0.6900020000000069
6.0,4.0,47.330002,47.860001,46.790001,47.150002,3160400.0,-0.17999999999999972
6.0,3.0,48.66,48.799999,47.279999,47.560001,2196700.0,-1.0999989999999968
6.0,2.0,47.450001,48.900002,47.310001,48.580002,2060700.0,1.130001
6.0,1.0,47.709999,48.27,46.869999,47.41,2296200.0,-0.2999990000000068
5.0,29.0,47.16,48.689999,46.75,47.91,3600400.0,0.75
5.0,28.0,45.099998,47.919998,44.849998,47.75,4832000.0,2.6500020000000006
5.0,27.0,45.849998,46.68,44.830002,45.52,2544100.0,-0.32999799999999624
5.0,26.0,46.130001,46.810001,45.360001,45.549999,2136900.0,-0.5800020000000004
5.0,22.0,46.0,46.830002,46.0,46.48,1370900.0,0.4799999999999969
5.0,21.0,46.099998,46.880001,45.849998,46.139999,1929800.0,0.04000100000000373
5.0,20.0,46.549999,46.93,45.75,46.43,1605000.0,-0.11999899999999997
5.0,19.0,46.52,48.560001,46.0,46.459999,4674400.0,-0.06000099999999975
5.0,18.0,45.700001,46.619999,45.5,46.560001,2890700.0,0.8599999999999994
5.0,15.0,47.360001,47.57,46.68,46.889999,3567700.0,-0.4700019999999938
5.0,14.0,47.849998,48.470001,47.259998,47.349998,3533900.0,-0.5
5.0,13.0,48.830002,49.349998,47.25,47.84,5575100.0,-0.9900019999999969
5.0,12.0,48.220001,49.860001,48.150002,48.830002,7555100.0,0.6100009999999969
5.0,11.0,49.360001,50.290001,47.880001,48.619999,1.04221E7,-0.7400019999999969
5.0,8.0,47.25,50.990002,47.200001,49.93,2.40921E7,2.6799999999999997
5.0,7.0,38.220001,48.73,38.220001,47.009998,3.36331E7,8.789997
5.0,6.0,38.799999,39.09,37.91,38.220001,2677500.0,-0.5799979999999962
5.0,5.0,39.540001,39.990002,38.689999,38.880001,2499300.0,-0.6599999999999966
5.0,4.0,39.689999,39.709999,38.68,39.610001,5169300.0,-0.07999800000000334
5.0,1.0,39.310001,39.889999,38.540001,39.759998,5872600.0,0.4499970000000033
4.0,30.0,41.25,42.290001,38.75,39.389999,2.52438E7,-1.860000999999997
4.0,29.0,51.0,51.73,50.380001,51.279999,5280800.0,0.27999899999999656
4.0,28.0,51.299999,52.25,51.060001,51.220001,2428700.0,-0.07999799999999624
4.0,27.0,50.98,52.509998,50.880001,51.02,2388300.0,0.04000000000000625
4.0,24.0,50.830002,51.220001,50.27,50.610001,1433500.0,-0.22000100000000344
4.0,23.0,50.509998,50.75,49.700001,50.32,1457100.0,-0.18999800000000278
4.0,22.0,49.959999,51.150002,49.790001,50.450001,2484600.0,0.49000199999999694
4.0,21.0,48.419998,49.75,48.150002,49.310001,1686900.0,0.8900030000000001
4.0,20.0,48.450001,48.490002,47.830002,48.25,1112200.0,-0.20000100000000032
4.0,17.0,48.91,49.009998,47.939999,48.299999,2068500.0,-0.6100009999999969
4.0,16.0,49.330002,50.0,48.529999,49.369999,2694500.0,0.039996999999999616
4.0,15.0,47.619999,50.200001,47.580002,49.57,5389900.0,1.9500010000000003
4.0,14.0,47.360001,47.950001,46.709999,47.599998,1692500.0,0.23999700000000246
4.0,13.0,47.720001,48.34,47.27,47.400002,1485900.0,-0.3199990000000028
4.0,10.0,47.049999,47.720001,46.549999,47.650002,1407400.0,0.600003000000001
4.0,9.0,47.400002,48.099998,46.779999,47.0,1184400.0,-0.40000200000000063
4.0,8.0,46.82,47.779999,46.369999,47.43,1856500.0,0.6099999999999994
4.0,7.0,47.279999,48.169998,46.959999,46.990002,1434800.0,-0.2899969999999996
4.0,6.0,46.25,47.82,46.080002,47.310001,1560500.0,1.0600009999999997
4.0,2.0,45.400002,47.5,45.32,47.139999,2594600.0,1.7399970000000025
4.0,1.0,47.25,47.369999,45.09,45.5,3670000.0,-1.75
3.0,31.0,47.029999,47.919998,46.790001,47.349998,1922500.0,0.3199990000000028
3.0,30.0,47.099998,48.240002,46.709999,47.389999,3333800.0,0.29000100000000373
3.0,27.0,45.82,47.349998,45.759998,47.16,1889500.0,1.3399999999999963
3.0,26.0,45.650002,46.599998,45.310001,45.709999,1692000.0,0.05999700000000274
3.0,25.0,47.040001,47.240002,45.73,45.759998,2524700.0,-1.2800029999999936
3.0,24.0,46.970001,47.360001,46.529999,47.040001,2266600.0,0.06999999999999318
3.0,23.0,44.860001,47.150002,44.740002,47.029999,3681700.0,2.1699979999999996
3.0,20.0,45.32,46.400002,44.860001,44.939999,4240400.0,-0.38000100000000003
3.0,19.0,46.669998,47.240002,44.34,45.18,9280900.0,-1.489998
3.0,18.0,47.040001,47.57,46.599998,46.82,2514800.0,-0.22000099999999634
3.0,17.0,46.599998,47.59,46.310001,47.220001,1723000.0,0.6200030000000041
3.0,16.0,46.349998,46.75,45.599998,46.709999,1607800.0,0.360001000000004
3.0,13.0,46.759998,47.5,46.130001,46.450001,2259400.0,-0.30999700000000274
3.0,12.0,45.900002,46.82,45.540001,46.799999,1657400.0,0.899996999999999
3.0,11.0,45.080002,46.73,44.73,45.73,2227300.0,0.6499979999999965
3.0,10.0,45.040001,45.900002,44.25,45.23,2379500.0,0.18999900000000025
3.0,9.0,46.959999,46.959999,45.34,45.82,2554800.0,-1.139999000000003
3.0,6.0,47.75,48.580002,46.919998,47.049999,1994800.0,-0.7000010000000003
3.0,5.0,47.689999,48.700001,47.41,47.939999,1696900.0,0.25
3.0,4.0,48.68,48.869999,47.310001,47.790001,2218800.0,-0.8899990000000031
3.0,3.0,47.75,48.98,47.330002,48.580002,2352100.0,0.8300020000000004
3.0,2.0,48.02,48.459999,47.189999,47.860001,1933700.0,-0.15999900000000622
2.0,27.0,48.32,48.439999,47.049999,48.0,2118400.0,-0.3200000000000003
2.0,26.0,48.630001,48.810001,47.560001,47.75,3059400.0,-0.880001
2.0,25.0,46.939999,47.450001,46.5,47.150002,1924600.0,0.21000300000000038
2.0,24.0,46.98,47.73,46.619999,47.290001,1506500.0,0.31000099999999975
2.0,23.0,47.549999,47.740002,46.529999,47.349998,2086000.0,-0.20000100000000032
2.0,20.0,47.400002,47.919998,47.099998,47.790001,1688500.0,0.389998999999996
2.0,19.0,47.16,47.790001,46.869999,47.34,1642200.0,0.18000000000000682
2.0,18.0,47.939999,48.689999,47.200001,47.540001,2541300.0,-0.39999800000000363
2.0,17.0,47.439999,48.619999,47.029999,48.189999,2390100.0,0.75
2.0,13.0,48.509998,49.049999,47.220001,47.529999,4713100.0,-0.9799990000000065
2.0,12.0,46.450001,47.84,45.950001,47.630001,4375000.0,1.1799999999999997
2.0,11.0,45.389999,46.43,44.810001,46.18,6359400.0,0.7900009999999966
2.0,10.0,43.830002,45.549999,43.310001,44.66,1.12677E7,0.8299979999999962
2.0,9.0,44.91,45.040001,42.099998,42.169998,1.30793E7,-2.740001999999997
2.0,6.0,47.700001,48.169998,44.860001,45.110001,2.51374E7,-2.5900000000000034
2.0,5.0,57.599998,57.700001,56.080002,57.470001,4657300.0,-0.12999699999999592
2.0,4.0,55.529999,57.07,55.25,56.740002,2498600.0,1.2100030000000004
2.0,3.0,53.830002,55.93,53.41,55.779999,2885400.0,1.9499969999999962
2.0,2.0,52.939999,53.5,51.209999,53.470001,2105500.0,0.5300020000000032
1.0,30.0,52.59,53.419998,52.049999,52.470001,1875400.0,-0.11999899999999997
1.0,29.0,52.849998,53.310001,51.41,52.93,1844100.0,0.08000200000000035
1.0,28.0,56.150002,56.150002,52.919998,53.0,2013100.0,-3.1500020000000006
1.0,27.0,56.060001,56.16,54.57,55.630001,2410400.0,-0.4299999999999997
1.0,26.0,55.119999,55.790001,54.830002,55.41,1450300.0,0.2900009999999966
1.0,23.0,54.66,55.639999,54.299999,55.189999,1636400.0,0.5299990000000037
1.0,22.0,53.869999,55.279999,53.119999,54.799999,2295400.0,0.9299999999999997
1.0,21.0,51.200001,53.5,51.200001,53.41,3248100.0,2.2099989999999963
1.0,20.0,51.650002,51.779999,50.689999,51.41,1227600.0,-0.24000200000000405
1.0,16.0,50.18,51.490002,50.029999,51.389999,2183300.0,1.2099990000000034
1.0,15.0,53.0,53.610001,50.029999,50.119999,2640400.0,-2.880001
1.0,14.0,52.799999,53.68,51.459999,52.200001,1854600.0,-0.5999979999999994
1.0,13.0,54.470001,54.799999,52.52,53.18,1952100.0,-1.2900010000000037
1.0,12.0,56.0,56.060001,53.43,54.02,2405100.0,-1.9799999999999969
1.0,9.0,55.959999,56.990002,54.720001,56.07,6222600.0,0.1100009999999969
1.0,8.0,52.59,54.139999,51.759998,53.830002,2015300.0,1.240001999999997
1.0,7.0,53.32,53.75,51.759998,52.209999,1548200.0,-1.110000999999997
1.0,6.0,52.549999,53.93,50.75,52.439999,3762800.0,-0.10999999999999943
1.0,5.0,54.540001,54.950001,52.330002,52.529999,2023000.0,-2.010002
1.0,2.0,55.459999,55.599998,54.240002,55.150002,1664500.0,-0.30999700000000274
12.0,31.0,54.709999,55.57,54.16,54.73,1858000.0,0.020000999999993496
12.0,30.0,53.09,54.950001,52.849998,54.240002,2336800.0,1.1500019999999935
12.0,29.0,52.77,53.860001,52.52,53.009998,1181500.0,0.23999799999999993
12.0,26.0,53.0,53.459999,52.66,52.939999,763000.0,-0.06000099999999975
12.0,24.0,53.400002,53.950001,52.98,53.0,588300.0,-0.40000200000000063
12.0,23.0,53.0,54.049999,52.889999,53.360001,1236700.0,0.3600009999999969
12.0,22.0,54.299999,55.639999,52.959999,53.0,2931700.0,-1.2999989999999997
12.0,19.0,52.490002,54.799999,52.290001,54.59,2935200.0,2.0999980000000065
12.0,18.0,52.950001,52.950001,51.970001,52.490002,2239500.0,-0.4599990000000034
12.0,17.0,50.099998,52.330002,49.169998,51.900002,2188700.0,1.8000040000000013
12.0,16.0,52.529999,53.09,49.849998,50.040001,2921200.0,-2.489998
12.0,15.0,53.09,54.34,53.049999,53.259998,2213300.0,0.16999799999999965
12.0,12.0,51.669998,53.34,51.529999,52.700001,2056400.0,1.0300030000000007
12.0,11.0,52.240002,53.380001,52.02,52.450001,2009200.0,0.20999900000000338
12.0,10.0,52.73,53.400002,51.650002,51.959999,2122900.0,-0.7700009999999935
12.0,9.0,50.060001,52.939999,50.02,52.73,2668700.0,2.669998999999997
12.0,8.0,53.279999,53.93,51.02,51.52,2893100.0,-1.7599989999999934
12.0,5.0,55.02,55.619999,53.049999,53.84,2678300.0,-1.1799999999999997
12.0,4.0,54.939999,56.240002,54.610001,55.139999,1594400.0,0.20000000000000284
12.0,3.0,54.93,55.93,54.580002,54.77,1610700.0,-0.1599999999999966
12.0,2.0,55.450001,55.619999,54.119999,55.169998,1708300.0,-0.28000300000000067
12.0,1.0,56.880001,57.0,54.709999,55.130001,2218100.0,-1.75
11.0,28.0,58.25,58.349998,56.880001,57.09,1069100.0,-1.1599999999999966
11.0,26.0,58.490002,59.369999,58.110001,58.400002,1212800.0,-0.0899999999999963
11.0,25.0,58.790001,59.349998,58.119999,58.82,1359700.0,0.02999900000000366
11.0,24.0,58.099998,58.900002,57.720001,58.84,1449000.0,0.740002000000004
11.0,21.0,58.599998,58.849998,58.0,58.09,1922300.0,-0.509997999999996
11.0,20.0,55.599998,58.369999,55.169998,57.880001,2618700.0,2.2800030000000007
11.0,19.0,57.290001,57.68,55.5,55.77,3063300.0,-1.5200009999999935
11.0,18.0,58.200001,58.889999,57.009998,57.459999,2451000.0,-0.7400019999999969
11.0,17.0,58.939999,60.0,57.720001,58.0,2036300.0,-0.9399990000000003
11.0,14.0,58.110001,59.889999,57.549999,59.82,2453600.0,1.7099990000000034
11.0,13.0,60.77,61.5,57.18,58.099998,4310700.0,-2.6700020000000038
11.0,12.0,61.59,61.900002,59.52,60.580002,3526200.0,-1.009998000000003
11.0,11.0,59.0,62.380001,58.82,62.310001,3409200.0,3.3100009999999997
11.0,10.0,58.509998,59.59,58.099998,59.07,1215200.0,0.5600019999999972
11.0,7.0,58.790001,59.240002,57.830002,58.41,1556900.0,-0.38000100000000003
11.0,6.0,57.669998,58.889999,57.200001,58.779999,2123900.0,1.110000999999997
11.0,5.0,60.790001,60.98,57.509998,57.650002,3177800.0,-3.139998999999996
11.0,4.0,60.849998,62.049999,60.049999,60.099998,2515800.0,-0.75
11.0,3.0,60.27,63.759998,59.720001,61.32,6988900.0,1.0499999999999972
10.0,31.0,58.75,60.009998,57.639999,60.0,4378500.0,1.25
10.0,30.0,56.169998,57.799999,54.639999,57.279999,3269300.0,1.110000999999997
10.0,29.0,58.970001,59.439999,56.0,56.68,4084000.0,-2.2900010000000037
10.0,28.0,57.59,59.57,57.360001,59.110001,3401600.0,1.5200009999999935
10.0,27.0,59.450001,59.880001,57.040001,57.209999,4968600.0,-2.240001999999997
10.0,24.0,57.77,59.540001,57.0,59.419998,7388300.0,1.6499979999999965
10.0,23.0,61.490002,62.259998,56.419998,57.169998,2.71294E7,-4.320003999999997
10.0,22.0,72.5,73.410004,69.699997,70.230003,8358100.0,-2.2699970000000036
10.0,21.0,69.879997,71.550003,69.5,71.279999,3085900.0,1.4000020000000006
10.0,20.0,67.129997,68.93,66.519997,68.779999,2473800.0,1.6500020000000006
10.0,17.0,68.379997,68.540001,66.410004,67.089996,2199500.0,-1.2900010000000037
10.0,16.0,64.599998,68.220001,64.529999,67.0,2953100.0,2.4000020000000006
10.0,15.0,63.419998,67.139999,62.509998,66.709999,4252600.0,3.2900009999999966
10.0,14.0,62.619999,66.610001,62.619999,65.190002,3928500.0,2.570003000000007
10.0,13.0,66.459999,66.849998,61.900002,62.119999,4224100.0,-4.339999999999996
10.0,10.0,70.790001,70.940002,65.650002,66.059998,3961400.0,-4.730003000000011
10.0,9.0,70.0,72.410004,69.010002,69.620003,4304900.0,-0.379997000000003
10.0,8.0,68.160004,70.400002,66.300003,70.150002,2747900.0,1.989998
10.0,7.0,68.839996,70.129997,68.230003,68.32,2131900.0,-0.5199960000000061
10.0,6.0,69.809998,70.779999,68.970001,69.160004,1944200.0,-0.6499939999999924
10.0,3.0,70.050003,71.32,69.419998,69.440002,2613300.0,-0.6100009999999969
10.0,2.0,66.940002,69.68,66.260002,69.07,2957600.0,2.1299979999999863
10.0,1.0,68.209999,68.370003,66.080002,67.110001,2748500.0,-1.0999979999999994
9.0,30.0,70.230003,70.489998,67.32,68.25,3420400.0,-1.9800029999999964
9.0,29.0,69.75,71.980003,69.169998,69.540001,3003800.0,-0.20999899999999627
9.0,26.0,70.769997,71.519997,70.150002,70.900002,1841300.0,0.13000499999999704
9.0,25.0,72.900002,73.379997,70.410004,70.419998,2456000.0,-2.480003999999994
9.0,24.0,72.220001,73.809998,71.199997,72.970001,3478100.0,0.75
9.0,23.0,71.209999,72.459999,69.470001,71.730003,2797500.0,0.5200040000000001
9.0,22.0,75.800003,75.889999,71.129997,71.68,3163700.0,-4.120002999999997
9.0,19.0,76.559998,76.949997,74.699997,75.889999,2127700.0,-0.66999899999999
9.0,18.0,76.239998,77.470001,75.68,76.07,1756400.0,-0.16999800000000675
9.0,17.0,77.080002,77.440002,75.849998,76.040001,1978400.0,-1.0400009999999895
9.0,16.0,75.419998,76.839996,75.050003,76.540001,3952200.0,1.120002999999997
9.0,15.0,81.620003,81.699997,75.5,76.620003,3720000.0,-5.0
9.0,12.0,81.75,82.169998,80.690002,81.779999,1562600.0,0.02999900000000366
9.0,11.0,82.220001,83.0,81.0,81.949997,1878300.0,-0.27000400000000013
9.0,10.0,80.959999,83.18,80.150002,82.639999,2197300.0,1.6800000000000068
9.0,9.0,82.720001,82.849998,80.620003,80.879997,1701500.0,-1.8400039999999933
9.0,8.0,83.209999,83.309998,82.339996,82.43,1618800.0,-0.7799989999999895
9.0,5.0,81.889999,83.5,80.68,83.279999,2475500.0,1.3900000000000006
9.0,4.0,83.279999,84.239998,81.57,81.910004,2280100.0,-1.369995000000003
9.0,3.0,85.349998,86.879997,83.050003,83.290001,3207200.0,-2.0599969999999956
9.0,2.0,82.860001,85.43,82.260002,84.959999,3065400.0,2.0999979999999994
8.0,29.0,82.629997,83.199997,81.839996,82.419998,1887800.0,-0.20999899999999627
8.0,28.0,82.029999,82.559998,81.43,82.32,1909600.0,0.2900009999999895
8.0,27.0,83.050003,83.18,81.699997,82.860001,2353300.0,-0.1900020000000069
8.0,26.0,82.589996,83.190002,81.379997,82.389999,2795300.0,-0.1999969999999962
8.0,25.0,82.07,83.360001,81.779999,82.599998,3181500.0,0.5299980000000062
8.0,22.0,79.989998,82.199997,79.5,81.599998,3015900.0,1.6099999999999994
8.0,21.0,80.019997,81.25,79.690002,80.32,2796500.0,0.3000029999999896
8.0,20.0,78.290001,80.699997,77.699997,80.300003,4909200.0,2.010002
8.0,19.0,77.57,79.300003,77.5,79.150002,2914200.0,1.5800020000000075
8.0,18.0,76.739998,78.599998,75.800003,77.849998,4615500.0,1.1099999999999994
8.0,15.0,74.949997,77.519997,74.389999,76.529999,5303800.0,1.5800020000000075
8.0,14.0,74.239998,74.949997,70.110001,74.900002,4570600.0,0.6600040000000007
8.0,13.0,70.32,75.870003,70.169998,74.459999,6598400.0,4.139999000000003
8.0,12.0,70.529999,71.199997,69.510002,69.919998,2261400.0,-0.6100009999999969
8.0,11.0,69.029999,70.279999,68.470001,70.160004,2980000.0,1.130004999999997
8.0,8.0,68.699997,68.870003,67.0,68.0,2216700.0,-0.6999969999999962
8.0,7.0,68.07,69.900002,68.010002,68.620003,3797200.0,0.5500030000000038
8.0,6.0,67.650002,68.809998,67.410004,67.779999,3280900.0,0.12999700000000303
8.0,5.0,68.150002,69.099998,67.150002,68.230003,4151800.0,0.08000099999999577
8.0,4.0,66.57,68.800003,65.400002,68.57,5696100.0,2.0
8.0,1.0,67.870003,68.699997,64.699997,66.309998,6969700.0,-1.5600050000000039
7.0,31.0,71.57,71.660004,66.360001,67.160004,1.75695E7,-4.4099959999999925
7.0,30.0,71.349998,76.489998,70.860001,75.599998,1.46467E7,4.25
7.0,29.0,69.379997,70.300003,68.550003,69.480003,2775000.0,0.10000599999999338
7.0,28.0,69.93,70.309998,68.25,69.330002,3058500.0,-0.5999980000000136
7.0,25.0,68.849998,69.440002,68.040001,68.68,2468700.0,-0.16999799999999254
7.0,24.0,70.120003,71.349998,68.050003,69.769997,3093400.0,-0.3500059999999934
7.0,23.0,69.18,69.75,68.279999,68.699997,1566900.0,-0.4800030000000106
7.0,22.0,68.699997,70.309998,68.120003,68.57,2595700.0,-0.12999700000000303
7.0,21.0,67.470001,68.940002,67.239998,68.32,2030000.0,0.8499989999999968
7.0,18.0,67.209999,69.0,67.150002,68.349998,3345600.0,1.139999000000003
7.0,17.0,67.57,68.93,66.150002,66.529999,2878200.0,-1.0400009999999895
7.0,16.0,69.110001,70.050003,67.75,68.07,3051900.0,-1.0400010000000037
7.0,15.0,70.529999,70.980003,67.330002,69.019997,4126700.0,-1.510002
7.0,14.0,71.169998,72.580002,69.629997,71.110001,3018800.0,-0.05999700000000985
7.0,11.0,71.690002,71.730003,69.529999,70.620003,2247000.0,-1.06999900000001
7.0,10.0,68.610001,71.400002,67.540001,70.910004,4103900.0,2.300003000000004
7.0,9.0,70.690002,71.529999,68.230003,71.360001,4718900.0,0.66999899999999
7.0,8.0,75.839996,75.900002,68.209999,70.709999,6698000.0,-5.129997000000003
7.0,7.0,79.0,79.010002,75.57,75.760002,2306400.0,-3.239998
7.0,3.0,79.900002,80.510002,77.080002,78.889999,2162900.0,-1.0100029999999975
7.0,2.0,78.309998,82.809998,77.779999,79.370003,5118800.0,1.0600050000000039
7.0,1.0,77.349998,78.25,76.25,77.629997,2897100.0,0.27999900000000366
6.0,30.0,77.809998,78.099998,76.199997,76.68,2587600.0,-1.1299979999999863
6.0,27.0,76.540001,78.199997,76.099998,77.279999,6105900.0,0.7399979999999999
6.0,26.0,78.540001,78.620003,75.82,76.900002,3279900.0,-1.639999000000003
6.0,25.0,75.440002,78.129997,75.010002,78.0,3103900.0,2.559997999999993
6.0,24.0,77.309998,79.300003,75.440002,75.830002,4495700.0,-1.4799959999999999
6.0,23.0,75.089996,78.199997,74.849998,77.639999,4447100.0,2.550003000000004
6.0,20.0,76.239998,76.379997,73.690002,74.93,3699400.0,-1.3099979999999931
6.0,19.0,77.169998,77.699997,75.300003,76.019997,2948500.0,-1.1500010000000032
6.0,18.0,74.5,77.650002,73.93,77.010002,5596000.0,2.510002
6.0,17.0,73.160004,74.889999,73.019997,74.639999,3811900.0,1.4799950000000024
6.0,16.0,73.910004,74.199997,71.629997,73.480003,6740500.0,-0.4300010000000043
6.0,13.0,73.0,75.68,71.830002,74.919998,1.86786E7,1.9199980000000068
6.0,12.0,65.93,67.989998,65.330002,65.839996,5671700.0,-0.09000400000000752
6.0,11.0,64.580002,66.550003,64.25,65.769997,4359500.0,1.1899950000000104
6.0,10.0,65.580002,66.330002,64.349998,65.0,3402400.0,-0.5800019999999932
6.0,9.0,64.900002,67.150002,64.589996,65.489998,4155500.0,0.5899959999999993
6.0,6.0,65.519997,66.0,64.080002,65.230003,4388200.0,-0.2899940000000072
6.0,5.0,65.0,66.190002,63.700001,65.0,4783800.0,0.0
6.0,4.0,64.010002,66.279999,62.529999,64.580002,4409000.0,0.5699999999999932
6.0,3.0,64.0,65.089996,63.330002,64.669998,3335400.0,0.6699980000000068
6.0,2.0,66.129997,66.730003,62.82,64.610001,5864700.0,-1.5199960000000061
5.0,30.0,67.949997,68.019997,64.919998,66.150002,8238100.0,-1.7999949999999956
5.0,29.0,63.990002,68.870003,63.779999,68.559998,8615200.0,4.569995999999996
5.0,28.0,63.5,63.689999,62.049999,63.419998,3785600.0,-0.08000200000000035
5.0,27.0,62.209999,63.599998,61.77,63.560001,4157400.0,1.3500019999999964
5.0,23.0,59.790001,61.630001,59.66,61.540001,3738500.0,1.75
5.0,22.0,58.049999,61.540001,58.049999,60.5,6854000.0,2.4500010000000003
5.0,21.0,57.41,57.98,56.450001,57.720001,4500800.0,0.31000100000000685
5.0,20.0,57.5,58.73,56.700001,57.380001,5966000.0,-0.11999899999999997
5.0,19.0,53.959999,57.5,53.900002,57.310001,5753600.0,3.3500019999999964
5.0,16.0,54.549999,55.099998,53.349998,54.720001,4086700.0,0.17000200000000376
5.0,15.0,54.470001,55.310001,52.549999,55.200001,5853700.0,0.7299999999999969
5.0,14.0,54.75,56.630001,54.5,54.610001,3963500.0,-0.1399990000000031
5.0,13.0,56.32,57.619999,55.470001,55.529999,6042800.0,-0.7900010000000037
5.0,12.0,55.0,56.639999,54.049999,56.599998,6586200.0,1.5999979999999994
5.0,9.0,53.419998,55.119999,52.5,54.220001,6376000.0,0.8000030000000038
5.0,8.0,53.77,56.240002,52.529999,53.290001,9051600.0,-0.4799990000000065
5.0,7.0,52.450001,53.439999,49.110001,52.740002,1.0975E7,0.2900009999999966
5.0,6.0,59.700001,59.919998,51.799999,52.130001,1.38888E7,-7.57
5.0,5.0,58.400002,60.650002,57.099998,60.189999,8915800.0,1.7899969999999996
5.0,2.0,64.0,65.139999,59.720001,59.759998,9532500.0,-4.240001999999997
5.0,1.0,63.25,66.690002,61.700001,64.019997,2.24193E7,0.7699970000000036
4.0,30.0,57.330002,58.880001,54.68,58.32,1.3784E7,0.9899979999999999
4.0,29.0,55.200001,59.720001,55.009998,58.919998,7810600.0,3.7199969999999993
4.0,28.0,57.830002,57.919998,52.400002,55.549999,1.09716E7,-2.2800030000000007
4.0,25.0,61.07,62.75,57.41,57.630001,6991500.0,-3.4399990000000003
4.0,24.0,65.449997,65.650002,61.02,62.700001,5891800.0,-2.749995999999996
4.0,23.0,68.330002,68.5,64.300003,64.5,4971400.0,-3.8300019999999932
4.0,22.0,67.059998,68.959999,66.580002,68.309998,4091900.0,1.25
4.0,21.0,65.129997,67.419998,64.790001,67.050003,4235900.0,1.9200060000000008
4.0,17.0,64.809998,66.279999,63.799999,64.870003,4200300.0,0.06000500000000386
4.0,16.0,65.82,66.959999,63.200001,65.800003,5940700.0,-0.019996999999989384
4.0,15.0,62.080002,63.799999,58.810001,63.060001,7158900.0,0.9799989999999994
4.0,14.0,63.0,64.639999,60.720001,61.939999,4571400.0,-1.0600009999999997
4.0,11.0,61.810001,65.279999,61.0,61.720001,6575600.0,-0.0899999999999963
4.0,10.0,70.870003,71.25,63.41,63.470001,7874300.0,-7.4000019999999935
4.0,9.0,69.199997,71.370003,67.629997,71.25,6356500.0,2.050003000000004
4.0,8.0,67.230003,69.639999,65.599998,67.25,7116200.0,0.019997000000003595
4.0,7.0,65.519997,69.5,63.700001,66.0,8681300.0,0.4800029999999964
4.0,4.0,71.040001,71.620003,64.75,65.760002,1.23531E7,-5.279999000000004
4.0,3.0,75.910004,78.0,70.260002,70.610001,8115100.0,-5.300003000000004
4.0,2.0,81.379997,81.400002,74.839996,75.629997,5468500.0,-5.75
4.0,1.0,77.529999,80.730003,77.300003,80.18,3803000.0,2.650001000000003
3.0,31.0,77.389999,79.589996,76.32,76.93,3704500.0,-0.45999899999999627
3.0,28.0,78.75,79.32,75.169998,76.440002,3296500.0,-2.309997999999993
3.0,27.0,78.809998,80.0,74.25,78.18,5016700.0,-0.6299979999999863
3.0,26.0,80.019997,82.269997,77.150002,77.300003,4463700.0,-2.719994
3.0,25.0,81.120003,81.980003,76.639999,78.959999,5722600.0,-2.1600040000000007
3.0,24.0,86.07,86.550003,80.029999,81.169998,5451300.0,-4.900001999999986
3.0,21.0,86.690002,86.839996,82.639999,83.43,3238900.0,-3.260002
3.0,20.0,87.589996,88.209999,84.019997,84.309998,3207900.0,-3.279998000000006
3.0,19.0,90.199997,91.389999,86.699997,87.82,2411600.0,-2.379997000000003
3.0,18.0,89.160004,91.489998,88.650002,90.110001,2300200.0,0.9499969999999962
3.0,17.0,88.269997,89.870003,86.5,89.010002,2775200.0,0.7400049999999965
3.0,14.0,86.650002,88.139999,85.300003,86.790001,2957800.0,0.1399990000000031
3.0,13.0,94.010002,94.550003,85.080002,87.370003,5389300.0,-6.639999000000003
3.0,12.0,89.849998,93.480003,87.550003,92.790001,3066900.0,2.9400030000000044
3.0,11.0,93.949997,94.0,89.559998,90.0,3425700.0,-3.949996999999996
3.0,10.0,97.489998,97.489998,91.790001,92.720001,3508000.0,-4.769997000000004
3.0,7.0,99.800003,101.239998,95.830002,97.25,3042500.0,-2.550003000000004
3.0,6.0,98.699997,99.5,96.760002,97.800003,2296100.0,-0.8999939999999924
3.0,5.0,98.220001,101.75,97.25,97.769997,3585100.0,-0.45000399999999274
3.0,4.0,96.800003,99.650002,95.760002,98.040001,3243500.0,1.239998
3.0,3.0,91.82,95.5,91.650002,94.970001,2955200.0,3.150001000000003
2.0,28.0,98.739998,99.989998,91.0,94.419998,4856400.0,-4.319999999999993
2.0,27.0,95.639999,99.25,95.400002,97.389999,3274700.0,1.75
2.0,26.0,95.169998,98.860001,94.300003,95.449997,4187600.0,0.27999899999998945
2.0,25.0,94.849998,96.32,93.709999,94.699997,2643000.0,-0.15000100000000316
2.0,24.0,92.0,97.230003,91.32,94.669998,4089300.0,2.6699980000000068
2.0,21.0,92.32,93.050003,91.0,91.82,2784300.0,-0.5
2.0,20.0,91.010002,92.900002,90.129997,91.370003,2702500.0,0.3600009999999969
2.0,19.0,91.330002,94.25,89.5,90.0,3135200.0,-1.3300019999999932
2.0,18.0,89.629997,92.25,89.610001,91.739998,2511200.0,2.110000999999997
2.0,14.0,92.199997,92.790001,89.669998,89.779999,2193200.0,-2.4199979999999925
2.0,13.0,89.580002,93.18,89.0,91.970001,2661400.0,2.389999000000003
2.0,12.0,92.559998,93.379997,90.269997,90.760002,3392600.0,-1.799995999999993
2.0,11.0,91.160004,94.029999,88.779999,92.779999,4614000.0,1.619995000000003
2.0,10.0,96.959999,96.959999,90.550003,91.110001,6833500.0,-5.849997999999999
2.0,7.0,89.57,90.529999,87.580002,89.410004,4658300.0,-0.15999599999999248
2.0,6.0,82.639999,91.489998,82.379997,89.459999,1.37685E7,6.819999999999993
2.0,5.0,77.550003,78.5,73.849998,75.230003,6329800.0,-2.3200000000000074
2.0,4.0,75.349998,78.209999,75.190002,77.790001,2942300.0,2.4400030000000044
2.0,3.0,76.75,77.830002,73.150002,74.489998,2827300.0,-2.260002
1.0,31.0,74.209999,77.589996,73.449997,75.949997,2230100.0,1.739998
1.0,30.0,75.599998,76.25,73.610001,75.470001,2738100.0,-0.12999700000000303
1.0,29.0,74.019997,75.370003,71.410004,71.949997,2921300.0,-2.0700000000000074
1.0,28.0,73.029999,76.25,72.889999,76.089996,2391000.0,3.0599969999999956
1.0,27.0,76.040001,76.040001,69.800003,72.440002,5578700.0,-3.599998999999997
1.0,24.0,77.699997,78.489998,75.629997,75.989998,2621600.0,-1.7099989999999963
1.0,23.0,80.239998,80.349998,77.110001,79.449997,2646600.0,-0.7900010000000037
1.0,22.0,82.410004,82.989998,80.400002,81.279999,2285200.0,-1.130004999999997
1.0,21.0,83.690002,83.959999,81.080002,82.209999,2037600.0,-1.4800030000000106
1.0,17.0,81.169998,83.449997,81.059998,82.360001,2604700.0,1.1900029999999902
1.0,16.0,80.209999,82.110001,80.099998,81.150002,1971100.0,0.9400030000000044
1.0,15.0,81.739998,83.470001,79.010002,80.93,2843500.0,-0.8099979999999931
1.0,14.0,77.25,81.57,76.339996,81.400002,3747400.0,4.150002000000001
1.0,13.0,81.940002,82.080002,75.269997,75.839996,4423300.0,-6.100006000000008
1.0,10.0,78.379997,82.43,77.120003,82.209999,3722800.0,3.8300019999999932
1.0,9.0,79.339996,81.419998,77.580002,78.419998,4287300.0,-0.9199979999999925
1.0,8.0,74.110001,79.889999,74.110001,78.419998,5579400.0,4.30999700000001
1.0,7.0,72.0,73.879997,71.139999,72.660004,2778300.0,0.6600040000000007
1.0,6.0,68.370003,72.389999,68.110001,71.720001,3804500.0,3.3499979999999994
1.0,3.0,68.0,68.629997,66.470001,67.660004,1621500.0,-0.3399959999999993
1.0,2.0,68.75,69.489998,66.720001,67.919998,1910400.0,-0.8300019999999932
12.0,31.0,66.029999,69.139999,65.919998,68.949997,2532500.0,2.9199979999999925
12.0,30.0,65.599998,66.370003,63.630001,66.010002,1618300.0,0.4100040000000007
12.0,27.0,68.019997,68.360001,65.800003,65.919998,1804800.0,-2.099998999999997
12.0,26.0,68.440002,69.239998,67.669998,68.160004,1153300.0,-0.2799980000000062
12.0,24.0,68.099998,68.75,66.769997,67.830002,1006900.0,-0.2699960000000061
12.0,23.0,68.0,68.970001,67.019997,68.300003,1600200.0,0.3000030000000038
12.0,20.0,65.959999,68.459999,65.410004,68.010002,3353700.0,2.050003000000004
12.0,19.0,65.07,67.690002,64.68,65.489998,1906200.0,0.41999800000000675
12.0,18.0,66.230003,66.779999,63.029999,65.790001,3220700.0,-0.4400019999999927
12.0,17.0,64.059998,67.480003,63.299999,66.800003,2842100.0,2.7400050000000107
12.0,16.0,64.349998,65.370003,63.610001,64.139999,1493400.0,-0.20999899999999627
12.0,13.0,64.82,65.989998,63.169998,64.050003,1893800.0,-0.7699969999999894
12.0,12.0,62.900002,65.389999,62.59,64.379997,2297500.0,1.4799950000000024
12.0,11.0,65.75,65.989998,62.529999,63.099998,2213200.0,-2.6500020000000006
12.0,10.0,62.66,65.800003,62.52,65.529999,2935100.0,2.869999000000007
12.0,9.0,63.200001,64.190002,62.25,63.790001,1884100.0,0.5899999999999963
12.0,6.0,63.240002,63.68,61.5,62.860001,2342500.0,-0.38000100000000003
12.0,5.0,62.509998,63.720001,61.68,62.619999,2155400.0,0.1100009999999969
12.0,4.0,59.200001,63.310001,59.18,63.07,3353300.0,3.869999
12.0,3.0,59.16,60.369999,59.110001,60.27,2115200.0,1.1100000000000065
12.0,2.0,60.060001,60.610001,58.419998,59.959999,3125200.0,-0.10000199999999637
11.0,29.0,61.650002,61.689999,59.59,60.689999,1516100.0,-0.9600030000000004
11.0,27.0,61.790001,62.970001,60.599998,61.540001,2455000.0,-0.25
11.0,26.0,58.099998,62.09,57.049999,61.919998,4608900.0,3.8200000000000003
11.0,25.0,62.599998,62.599998,56.650002,58.200001,6520400.0,-4.399996999999999
11.0,22.0,64.07,64.900002,60.75,62.389999,3025200.0,-1.68000099999999
11.0,21.0,62.599998,64.290001,62.439999,63.93,1775000.0,1.3300020000000004
11.0,20.0,63.849998,64.949997,61.939999,62.330002,2897100.0,-1.519995999999999
11.0,19.0,64.5,66.199997,62.75,63.060001,3920500.0,-1.4399990000000003
11.0,18.0,70.440002,71.0,64.019997,64.43,4613000.0,-6.010002
11.0,15.0,68.389999,71.0,67.610001,70.769997,3776400.0,2.3799980000000005
11.0,14.0,66.489998,68.279999,66.0,67.25,2361100.0,0.7600020000000001
11.0,13.0,64.739998,66.879997,64.309998,66.809998,2072800.0,2.069999999999993
11.0,12.0,63.93,66.699997,63.790001,65.129997,3682100.0,1.1999970000000033
11.0,11.0,62.400002,63.52,61.209999,62.77,2742800.0,0.3699980000000025
11.0,8.0,60.450001,64.029999,60.419998,63.380001,4877000.0,2.9299999999999997
11.0,7.0,66.620003,67.550003,61.400002,61.830002,6139500.0,-4.790000999999997
11.0,6.0,71.18,71.870003,66.089996,66.610001,4888100.0,-4.56999900000001
11.0,5.0,68.650002,71.389999,68.110001,71.129997,3097300.0,2.4799950000000024
11.0,4.0,67.349998,69.400002,65.790001,69.230003,3174700.0,1.880004999999997
11.0,1.0,67.830002,69.93,66.900002,67.150002,3985900.0,-0.6799999999999926
10.0,31.0,66.599998,68.0,64.089996,67.75,7639800.0,1.1500020000000006
10.0,30.0,62.98,67.5,62.68,67.050003,1.02138E7,4.070003000000007
10.0,29.0,68.419998,69.300003,65.540001,68.830002,6240800.0,0.4100039999999865
10.0,28.0,69.5,69.5,65.019997,67.589996,2912100.0,-1.9100040000000007
10.0,25.0,69.129997,69.68,66.839996,68.0,1969600.0,-1.129997000000003
10.0,24.0,66.690002,69.120003,66.489998,68.519997,2356400.0,1.8299949999999967
10.0,23.0,68.169998,68.940002,65.029999,66.010002,3555200.0,-2.1599960000000067
10.0,22.0,71.650002,73.279999,67.199997,69.410004,4202500.0,-2.239998
10.0,21.0,75.0,75.370003,70.57,71.059998,3569600.0,-3.940002000000007
10.0,18.0,71.139999,74.949997,71.0,74.889999,4324200.0,3.75
10.0,17.0,70.209999,70.980003,68.25,68.900002,2797500.0,-1.3099969999999956
10.0,16.0,68.190002,70.989998,68.190002,70.150002,2599000.0,1.9599999999999937
10.0,15.0,68.32,69.739998,67.120003,67.82,2510400.0,-0.5
10.0,14.0,65.949997,68.440002,65.510002,68.330002,2452900.0,2.380004999999997
10.0,11.0,66.330002,68.220001,65.940002,67.330002,2115100.0,1.0
10.0,10.0,65.169998,66.860001,64.82,66.25,3235300.0,1.0800019999999932
10.0,9.0,64.809998,65.25,60.830002,63.470001,4700200.0,-1.3399969999999897
10.0,8.0,70.099998,70.93,62.75,64.599998,6796100.0,-5.5
10.0,7.0,72.07,72.269997,69.660004,69.93,2856900.0,-2.1399999999999864
10.0,4.0,71.050003,73.449997,70.510002,73.220001,3423400.0,2.1699979999999925
10.0,3.0,72.110001,72.760002,68.720001,71.019997,4468300.0,-1.0900039999999933
10.0,2.0,70.879997,73.199997,69.68,70.690002,3729400.0,-0.18999499999999614
10.0,1.0,67.360001,71.18,66.260002,71.120003,3792000.0,3.760002
9.0,30.0,66.5,67.489998,65.029999,66.18,2405300.0,-0.3199999999999932
9.0,27.0,67.75,69.160004,67.18,68.050003,2144000.0,0.3000030000000038
9.0,26.0,69.419998,69.830002,68.050003,68.449997,1978900.0,-0.9700010000000105
9.0,25.0,67.68,69.940002,66.900002,68.93,2425500.0,1.25
9.0,24.0,65.699997,68.720001,65.589996,67.360001,3110200.0,1.6600040000000007
9.0,23.0,69.129997,69.470001,63.5,65.800003,6079800.0,-3.3299939999999992
9.0,20.0,70.720001,71.5,67.830002,70.019997,4647800.0,-0.7000039999999927
9.0,19.0,70.120003,71.080002,67.330002,70.589996,4768600.0,0.4699930000000023
9.0,18.0,66.0,69.769997,65.260002,69.089996,4971300.0,3.0899959999999993
9.0,17.0,62.98,65.980003,61.389999,65.919998,3019400.0,2.93999800000001
9.0,16.0,64.290001,64.599998,62.580002,62.759998,2406700.0,-1.5300030000000007
9.0,13.0,64.199997,64.589996,61.619999,62.91,2436300.0,-1.2899969999999996
9.0,12.0,65.239998,65.949997,63.349998,63.77,3566200.0,-1.4699979999999968
9.0,11.0,63.130001,66.239998,62.619999,64.580002,3554000.0,1.4500009999999932
9.0,10.0,62.799999,64.25,62.18,63.200001,2920200.0,0.40000200000000063
9.0,9.0,62.75,63.09,60.950001,61.91,3833500.0,-0.8400000000000034
9.0,6.0,61.0,64.389999,60.0,62.400002,8792700.0,1.4000020000000006
9.0,5.0,56.509998,59.0,56.110001,58.91,5877400.0,2.4000019999999935
9.0,4.0,52.310001,55.959999,52.310001,55.950001,3616600.0,3.6400000000000006
9.0,3.0,52.650002,53.599998,51.619999,52.369999,1824200.0,-0.28000300000000067
8.0,30.0,54.200001,54.509998,51.669998,51.98,2378000.0,-2.2200010000000034
8.0,29.0,51.900002,54.689999,51.889999,53.799999,4883100.0,1.899996999999999
8.0,28.0,50.970001,52.23,50.610001,51.669998,2013000.0,0.6999969999999962
8.0,27.0,50.209999,52.77,50.200001,51.470001,2428800.0,1.260002
8.0,26.0,51.599998,52.139999,50.299999,51.259998,1465400.0,-0.3399999999999963
8.0,23.0,52.709999,52.98,51.07,51.830002,1822700.0,-0.879997000000003
8.0,22.0,52.119999,52.560001,51.639999,52.099998,1725300.0,-0.0200010000000006
8.0,21.0,49.509998,52.540001,49.5,51.450001,3648700.0,1.9400029999999973
8.0,20.0,49.57,50.240002,49.009998,49.639999,1149200.0,0.06999900000000281
8.0,19.0,49.73,50.25,49.0,49.23,1812500.0,-0.5
8.0,16.0,47.540001,50.400002,46.959999,50.130001,3847500.0,2.5900000000000034
8.0,15.0,49.459999,49.66,47.439999,47.75,4568000.0,-1.7099990000000034
8.0,14.0,51.450001,52.0,50.02,50.82,2490600.0,-0.630001
8.0,13.0,50.75,51.77,49.91,51.290001,3003400.0,0.5400009999999966
8.0,12.0,51.41,53.360001,50.610001,50.75,3549800.0,-0.6599999999999966
8.0,9.0,51.23,51.990002,50.549999,51.849998,2693900.0,0.6199980000000025
8.0,8.0,53.0,53.0,50.560001,51.259998,3485000.0,-1.740001999999997
8.0,7.0,51.759998,53.150002,50.610001,52.080002,5535000.0,0.3200039999999973
8.0,6.0,53.689999,53.959999,51.75,51.990002,4269100.0,-1.6999970000000033
8.0,5.0,57.02,57.040001,53.549999,54.009998,7293500.0,-3.010002
8.0,2.0,52.990002,59.349998,52.599998,57.02,1.24026E7,4.029998000000006
8.0,1.0,49.599998,52.77,49.220001,51.5,1.23432E7,1.9000020000000006
7.0,31.0,42.200001,42.5,40.380001,41.799999,4252500.0,-0.40000200000000063
7.0,30.0,42.119999,42.650002,41.540001,41.790001,1697400.0,-0.32999800000000334
7.0,29.0,42.0,42.119999,40.310001,42.119999,497600.0,0.11999899999999997
7.0,26.0,41.119999,42.490002,41.110001,42.099998,1507000.0,0.9799989999999994
7.0,25.0,41.349998,41.950001,40.02,41.52,2068900.0,0.17000200000000376
7.0,24.0,40.310001,40.790001,39.240002,39.91,847400.0,-0.40000100000000316
7.0,23.0,41.0,41.5,39.299999,39.939999,1644000.0,-1.0600009999999997
7.0,22.0,42.23,42.84,40.82,40.990002,2042100.0,-1.239998
7.0,19.0,40.02,42.299999,39.880001,42.130001,2513100.0,2.110000999999997
7.0,18.0,40.139999,41.049999,39.450001,39.75,1964500.0,-0.3899990000000031
7.0,17.0,39.029999,41.09,39.0,39.970001,1815900.0,0.9400020000000069
7.0,16.0,38.82,39.459999,38.52,38.970001,1111800.0,0.15000100000000316
7.0,15.0,39.02,39.470001,38.200001,38.669998,1372300.0,-0.3500020000000035
7.0,12.0,38.119999,40.59,37.869999,39.400002,2329300.0,1.2800030000000007
7.0,11.0,37.830002,37.91,37.0,37.450001,1590200.0,-0.38000100000000003
7.0,10.0,37.0,37.400002,35.580002,36.900002,2187100.0,-0.09999799999999937
7.0,9.0,35.049999,37.66,34.619999,37.240002,2356000.0,2.1900029999999973
7.0,8.0,35.209999,35.610001,34.720001,34.91,824700.0,-0.2999990000000068
7.0,5.0,35.119999,35.52,34.5,34.990002,881000.0,-0.12999700000000303
7.0,3.0,34.41,35.43,34.049999,34.450001,586600.0,0.04000100000000373
7.0,2.0,34.889999,36.009998,34.080002,34.509998,1879500.0,-0.38000100000000003
7.0,1.0,34.709999,35.490002,33.93,34.02,1060100.0,-0.6899990000000003
6.0,28.0,33.98,35.200001,33.200001,34.77,2832800.0,0.7900000000000063
6.0,27.0,35.32,36.139999,34.209999,34.330002,2749300.0,-0.9899979999999999
6.0,26.0,31.43,34.959999,31.4,34.869999,2864100.0,3.4399990000000003
6.0,25.0,31.4,31.790001,30.719999,31.110001,900600.0,-0.2899989999999981
6.0,24.0,30.379999,31.440001,29.26,30.940001,1498300.0,0.5600019999999972
6.0,21.0,31.18,31.75,30.23,31.24,1504000.0,0.05999999999999872
6.0,20.0,32.360001,32.470001,30.85,31.0,1444100.0,-1.360000999999997
6.0,19.0,31.280001,33.0,30.969999,32.93,1611200.0,1.649999000000001
6.0,18.0,31.950001,32.110001,31.4,31.549999,721700.0,-0.40000200000000063
6.0,17.0,31.33,31.809999,30.870001,31.75,1254800.0,0.4200000000000017
6.0,14.0,30.0,31.1,29.43,30.84,1013100.0,0.8399999999999999
6.0,13.0,29.360001,29.99,29.07,29.48,603300.0,0.11999899999999997
6.0,12.0,29.57,29.99,29.139999,29.389999,665500.0,-0.18000100000000074
6.0,11.0,29.23,29.9,28.85,29.52,698000.0,0.28999999999999915
6.0,10.0,30.040001,30.110001,29.41,29.92,760900.0,-0.12000099999999847
6.0,7.0,29.0,30.18,28.719999,30.110001,878200.0,1.1100010000000005
6.0,6.0,28.200001,29.139999,27.700001,29.09,796400.0,0.8899989999999995
6.0,5.0,27.4,28.879999,27.200001,28.200001,1079700.0,0.8000010000000017
6.0,4.0,28.09,28.559999,27.33,27.459999,1057200.0,-0.630001
6.0,3.0,29.629999,29.76,26.75,28.15,2646100.0,-1.479999000000003
5.0,31.0,29.9,30.17,29.620001,29.809999,579400.0,-0.09000099999999733
5.0,30.0,30.01,30.42,29.809999,29.99,799500.0,-0.020000000000003126
5.0,29.0,29.93,30.549999,29.639999,30.09,824900.0,0.16000000000000014
5.0,28.0,29.469999,30.5,29.469999,29.950001,981400.0,0.48000199999999893
5.0,24.0,29.34,29.719999,29.0,29.34,1151300.0,0.0
5.0,23.0,28.91,29.780001,28.15,29.459999,1672500.0,0.5499989999999997
5.0,22.0,31.6,32.220001,29.049999,29.4,2588300.0,-2.200000000000003
5.0,21.0,30.85,32.610001,30.85,31.58,2390700.0,0.7299999999999969
5.0,20.0,30.799999,32.880001,30.58,30.969999,2728900.0,0.1700000000000017
5.0,17.0,30.42,31.040001,30.030001,30.790001,1735500.0,0.37000099999999847
5.0,16.0,30.219999,31.360001,30.1,30.43,2690700.0,0.21000099999999833
5.0,15.0,30.77,31.99,29.75,30.01,2729300.0,-0.759999999999998
5.0,14.0,31.030001,31.49,30.610001,30.969999,2233100.0,-0.060001999999997224
5.0,13.0,31.01,31.65,29.870001,30.92,1491900.0,-0.08999999999999986
5.0,10.0,30.780001,31.23,30.450001,30.93,909400.0,0.1499990000000011
5.0,9.0,30.09,31.049999,29.780001,30.67,1371400.0,0.5800000000000018
5.0,8.0,30.719999,30.91,29.299999,29.91,2513900.0,-0.8099990000000012
5.0,7.0,30.700001,31.219999,30.200001,30.67,1309400.0,-0.030000999999998612
5.0,6.0,30.790001,31.6,30.110001,30.690001,2412500.0,-0.10000000000000142
5.0,3.0,32.369999,32.799999,31.02,31.120001,2727200.0,-1.2499980000000015
5.0,2.0,29.5,32.389999,28.780001,32.220001,1.01458E7,2.7200010000000034
5.0,1.0,26.059999,26.33,25.17,25.299999,1380900.0,-0.7600000000000016
4.0,30.0,26.639999,27.17,25.799999,26.030001,1549900.0,-0.6099980000000009
4.0,29.0,25.6,26.73,25.58,26.620001,1084400.0,1.020000999999997
4.0,26.0,25.5,25.719999,25.02,25.450001,621500.0,-0.04999899999999968
4.0,25.0,25.16,25.959999,24.940001,25.42,784500.0,0.26000000000000156
4.0,24.0,25.370001,25.59,24.76,24.969999,709800.0,-0.4000019999999971
4.0,23.0,25.5,26.24,25.059999,25.290001,570300.0,-0.20999899999999982
4.0,22.0,25.610001,25.610001,24.75,25.32,640000.0,-0.2900010000000002
4.0,19.0,25.459999,25.959999,25.09,25.5,452100.0,0.040001000000000175
4.0,18.0,26.200001,26.360001,25.190001,25.33,696800.0,-0.870001000000002
4.0,17.0,25.690001,26.26,25.030001,26.1,693600.0,0.40999900000000267
4.0,16.0,25.91,26.24,25.450001,25.709999,760200.0,-0.20000100000000032
4.0,15.0,26.75,27.0,25.26,25.83,1074500.0,-0.9200000000000017
4.0,12.0,26.190001,27.299999,25.809999,26.959999,586500.0,0.7699980000000011
4.0,11.0,25.799999,27.1,25.709999,26.35,1026600.0,0.5500010000000017
4.0,10.0,24.200001,25.889999,24.1,25.75,1192700.0,1.5499989999999997
4.0,9.0,24.959999,25.23,24.6,24.620001,744900.0,-0.33999800000000135
4.0,8.0,25.459999,26.27,24.75,25.0,1757400.0,-0.4599989999999998
4.0,5.0,23.5,25.879999,23.110001,25.700001,2074600.0,2.2000010000000003
4.0,4.0,23.049999,23.790001,22.74,23.67,704100.0,0.620001000000002
4.0,3.0,23.02,23.389999,22.48,23.049999,1050800.0,0.02999900000000011
4.0,2.0,23.459999,23.76,22.67,22.77,885500.0,-0.6899990000000003
4.0,1.0,23.65,23.68,22.75,22.889999,1065100.0,-0.760000999999999
3.0,28.0,23.99,24.1,23.559999,23.709999,757500.0,-0.2800009999999986
3.0,27.0,23.549999,24.049999,23.129999,23.719999,1180700.0,0.1700000000000017
3.0,26.0,23.58,23.83,23.389999,23.68,476500.0,0.10000000000000142
3.0,25.0,23.93,24.459999,23.41,23.49,765300.0,-0.4400000000000013
3.0,22.0,24.0,24.030001,23.610001,23.790001,409000.0,-0.20999899999999982
3.0,21.0,24.02,24.27,23.860001,24.0,747400.0,-0.019999999999999574
3.0,20.0,24.889999,25.120001,24.01,24.120001,1164100.0,-0.7699980000000011
3.0,19.0,24.5,24.76,24.07,24.280001,685800.0,-0.2199990000000014
3.0,18.0,24.77,25.01,24.35,24.5,889600.0,-0.2699999999999996
3.0,15.0,25.0,25.4,24.879999,25.1,947900.0,0.10000000000000142
3.0,14.0,25.01,25.35,24.65,25.049999,603000.0,0.03999899999999812
3.0,13.0,23.790001,25.23,23.75,25.02,1344700.0,1.2299989999999994
3.0,12.0,25.049999,25.059999,23.51,23.73,1361800.0,-1.3199989999999993
3.0,11.0,24.85,25.459999,24.389999,25.129999,1324300.0,0.2799990000000001
3.0,8.0,23.48,25.200001,23.059999,25.01,2637400.0,1.5300000000000011
3.0,7.0,22.84,24.129999,22.75,23.459999,1383900.0,0.619999
3.0,6.0,23.209999,23.290001,22.75,23.02,1110300.0,-0.18999900000000025
3.0,5.0,23.25,24.34,22.85,23.02,2403200.0,-0.23000000000000043
3.0,4.0,22.9,23.379999,22.51,23.18,957400.0,0.28000000000000114
3.0,1.0,21.889999,23.120001,21.77,23.01,1750400.0,1.120001000000002
2.0,28.0,21.77,22.379999,21.65,22.190001,1310700.0,0.4200009999999992
2.0,27.0,21.110001,22.059999,20.959999,21.860001,1269400.0,0.75
2.0,26.0,21.639999,21.889999,20.940001,21.290001,830600.0,-0.34999799999999937
2.0,25.0,22.219999,22.469999,21.530001,21.620001,835900.0,-0.5999980000000029
2.0,22.0,22.0,22.299999,21.73,22.18,682800.0,0.17999999999999972
2.0,21.0,21.610001,22.059999,21.360001,22.0,706000.0,0.38999899999999954
2.0,20.0,22.09,22.129999,21.709999,21.889999,684100.0,-0.20000100000000032
2.0,19.0,21.940001,22.58,21.76,21.879999,1107800.0,-0.060001999999997224
2.0,15.0,21.530001,22.059999,21.190001,21.959999,732100.0,0.4299980000000012
2.0,14.0,21.77,21.780001,21.049999,21.440001,866600.0,-0.3299990000000008
2.0,13.0,21.67,21.85,21.43,21.790001,459800.0,0.12000099999999847
2.0,12.0,21.719999,22.17,21.18,21.66,1623100.0,-0.059999000000001246
2.0,11.0,21.719999,22.219999,21.049999,21.629999,1505200.0,-0.08999999999999986
2.0,8.0,21.52,22.959999,21.52,21.85,1707800.0,0.33000000000000185
2.0,7.0,21.360001,22.35,20.139999,21.35,2962300.0,-0.010000999999999038
2.0,6.0,21.440001,22.629999,20.799999,22.379999,2118500.0,0.9399980000000028
2.0,5.0,20.469999,21.299999,20.370001,21.18,674400.0,0.7100009999999983
2.0,4.0,20.5,20.6,20.1,20.34,597400.0,-0.16000000000000014
2.0,1.0,21.440001,21.67,20.34,20.469999,602700.0,-0.9700019999999974
1.0,31.0,20.48,21.52,20.1,21.24,925500.0,0.759999999999998
1.0,30.0,20.93,21.200001,20.32,20.459999,546000.0,-0.4700009999999999
1.0,29.0,21.0,21.07,20.58,20.84,995400.0,-0.16000000000000014
1.0,28.0,21.209999,21.24,20.709999,21.030001,700800.0,-0.1799980000000012
1.0,25.0,21.1,21.17,20.799999,21.17,841800.0,0.07000000000000028
1.0,24.0,20.41,21.299999,20.41,20.83,741700.0,0.41999999999999815
1.0,23.0,20.120001,20.450001,19.93,20.34,791900.0,0.2199990000000014
1.0,22.0,20.299999,20.440001,19.82,19.9,1476100.0,-0.3999990000000011
1.0,18.0,20.379999,20.559999,20.190001,20.299999,1294200.0,-0.08000000000000185
1.0,17.0,20.35,20.5,20.1,20.27,854300.0,-0.08000000000000185
1.0,16.0,20.17,20.549999,19.450001,20.360001,1822800.0,0.19000099999999875
1.0,15.0,22.27,22.290001,20.049999,20.610001,3383500.0,-1.6599989999999991
1.0,14.0,22.129999,22.129999,21.42,21.969999,858400.0,-0.16000000000000014
1.0,11.0,22.24,22.440001,21.92,22.120001,766700.0,-0.11999899999999997
1.0,10.0,20.75,22.290001,20.74,22.190001,1346300.0,1.4400009999999988
1.0,9.0,20.9,21.0,20.25,20.76,536300.0,-0.13999999999999702
1.0,8.0,21.0,21.190001,20.02,20.83,918300.0,-0.1700000000000017
1.0,7.0,21.33,21.360001,20.52,21.08,1079800.0,-0.25
1.0,4.0,20.290001,21.620001,20.110001,21.52,1966800.0,1.2299989999999994
1.0,3.0,20.0,20.360001,19.709999,20.15,1195100.0,0.14999999999999858
1.0,2.0,19.17,20.59,19.129999,19.700001,1587100.0,0.5300009999999986
12.0,31.0,18.74,19.09,18.66,18.85,666600.0,0.11000000000000298
12.0,28.0,18.68,19.23,18.629999,18.870001,545700.0,0.19000099999999875
12.0,27.0,18.639999,18.950001,18.4,18.83,713200.0,0.19000099999999875
12.0,26.0,18.440001,18.780001,18.26,18.629999,387900.0,0.18999800000000278
12.0,24.0,18.860001,18.99,18.32,18.440001,541100.0,-0.4200000000000017
12.0,21.0,18.66,19.049999,18.32,19.0,1056800.0,0.33999999999999986
12.0,20.0,18.459999,19.09,18.27,18.91,1101000.0,0.4500010000000003
12.0,19.0,18.17,18.59,18.0,18.450001,1455300.0,0.2800009999999986
12.0,18.0,19.209999,19.209999,17.9,18.059999,1543000.0,-1.1499999999999986
12.0,17.0,19.309999,19.719999,18.6,18.93,1027100.0,-0.37999900000000153
12.0,14.0,19.66,19.959999,19.27,19.459999,467100.0,-0.20000100000000032
12.0,13.0,19.190001,19.83,18.799999,19.66,868000.0,0.4699990000000014
12.0,12.0,19.68,20.200001,19.01,19.620001,1603000.0,-0.059999000000001246
12.0,11.0,18.870001,19.59,18.83,19.299999,1140800.0,0.4299980000000012
12.0,10.0,19.219999,19.25,18.299999,18.82,530700.0,-0.3999990000000011
12.0,7.0,18.27,19.25,18.15,19.049999,1282800.0,0.7799990000000001
12.0,6.0,18.469999,18.99,17.48,18.09,1579500.0,-0.37999900000000153
12.0,5.0,19.030001,19.440001,18.700001,18.84,597100.0,-0.19000099999999875
12.0,4.0,19.129999,19.5,18.75,19.049999,678300.0,-0.08000000000000185
12.0,3.0,18.9,19.93,18.860001,19.27,937200.0,0.370000000000001
11.0,30.0,19.530001,19.74,18.75,18.91,1587900.0,-0.6200009999999985
11.0,29.0,20.360001,20.6,19.26,19.450001,700500.0,-0.9100000000000001
11.0,28.0,20.129999,20.48,19.700001,20.200001,872500.0,0.07000199999999879
11.0,27.0,19.74,20.33,19.35,20.24,1466400.0,0.5
11.0,26.0,18.940001,19.57,18.57,18.99,664200.0,0.04999899999999968
11.0,23.0,18.389999,19.110001,18.389999,18.98,259400.0,0.5900010000000009
11.0,21.0,18.91,18.99,18.370001,18.709999,411100.0,-0.20000100000000032
11.0,20.0,19.74,19.76,18.549999,18.809999,716800.0,-0.9300009999999972
11.0,19.0,17.74,18.879999,17.51,18.799999,1374200.0,1.0599990000000012
11.0,16.0,17.030001,17.75,16.940001,17.32,985000.0,0.28999900000000167
11.0,15.0,16.940001,17.309999,16.32,17.209999,907800.0,0.26999800000000107
11.0,14.0,17.299999,17.48,16.65,16.77,795100.0,-0.5299990000000001
11.0,13.0,17.059999,17.540001,16.85,17.209999,852800.0,0.14999999999999858
11.0,12.0,17.75,17.780001,17.01,17.07,1013800.0,-0.6799999999999997
11.0,9.0,17.66,18.18,17.6,17.719999,1086000.0,0.059999000000001246
11.0,8.0,18.65,18.65,17.620001,17.77,1150500.0,-0.879999999999999
11.0,7.0,18.110001,19.200001,17.6,18.4,2057300.0,0.2899989999999981
11.0,6.0,19.0,19.379999,18.18,18.25,2010000.0,-0.75
11.0,5.0,20.51,20.530001,18.950001,19.110001,1819700.0,-1.399999000000001
11.0,2.0,24.16,24.16,20.32,20.51,2532600.0,-3.6499999999999986
11.0,1.0,24.190001,24.51,23.58,24.030001,724400.0,-0.16000000000000014
10.0,31.0,23.190001,24.5,23.0,24.1,628300.0,0.9099990000000027
10.0,26.0,24.08,24.360001,22.700001,23.17,711100.0,-0.9099999999999966
10.0,25.0,25.940001,26.16,23.700001,24.030001,862200.0,-1.9100000000000001
10.0,24.0,25.58,27.65,25.549999,25.77,1654800.0,0.19000000000000128
10.0,23.0,23.969999,24.25,23.719999,24.0,732900.0,0.030000999999998612
10.0,22.0,24.16,24.700001,24.0,24.27,484800.0,0.10999999999999943
10.0,19.0,24.67,25.09,24.059999,24.610001,700400.0,-0.059999000000001246
10.0,18.0,25.620001,25.950001,24.309999,24.76,669700.0,-0.8600009999999969
10.0,17.0,24.719999,25.84,24.5,25.700001,483400.0,0.9800019999999989
10.0,16.0,25.030001,25.370001,24.58,24.85,762400.0,-0.1800009999999972
10.0,15.0,25.24,25.66,25.0,25.309999,228900.0,0.06999900000000281
10.0,12.0,25.73,26.01,25.0,25.24,417100.0,-0.490000000000002
10.0,11.0,25.780001,26.43,25.540001,25.73,790700.0,-0.050000999999998186
10.0,10.0,27.5,27.5,25.35,25.610001,1473100.0,-1.8899989999999995
10.0,9.0,28.24,28.629999,26.389999,27.43,611400.0,-0.8099999999999987
10.0,8.0,28.27,28.639999,27.83,28.27,526200.0,0.0
10.0,5.0,29.0,29.440001,27.75,28.4,961400.0,-0.6000000000000014
10.0,4.0,28.24,29.48,28.110001,28.889999,1432200.0,0.6499990000000011
10.0,3.0,27.559999,28.58,27.24,28.09,718100.0,0.5300009999999986
10.0,2.0,27.82,28.299999,27.0,27.59,621300.0,-0.23000000000000043
10.0,1.0,26.67,28.48,26.52,27.76,1327200.0,1.0899999999999999
9.0,28.0,26.09,27.08,25.889999,27.049999,1074100.0,0.9599989999999998
9.0,27.0,25.9,26.42,25.440001,26.24,672000.0,0.33999999999999986
9.0,26.0,25.200001,26.549999,24.639999,25.68,1086100.0,0.4799989999999994
9.0,25.0,26.0,26.77,25.389999,25.5,1134400.0,-0.5
9.0,24.0,26.35,26.6,25.469999,25.67,853600.0,-0.6799999999999997
9.0,21.0,26.639999,26.9,26.0,26.780001,1248100.0,0.14000199999999907
9.0,20.0,25.49,27.4,25.200001,26.309999,1815800.0,0.8199990000000028
9.0,19.0,24.950001,27.1,24.950001,25.709999,2073000.0,0.7599979999999995
9.0,18.0,24.940001,25.73,24.299999,24.77,1103900.0,-0.17000099999999918
9.0,17.0,25.58,26.25,25.16,25.700001,500000.0,0.12000100000000202
9.0,14.0,24.379999,26.5,24.059999,26.18,1726200.0,1.8000009999999982
9.0,13.0,25.73,26.0,23.790001,23.950001,1635100.0,-1.779999
9.0,12.0,26.299999,26.5,25.5,25.799999,1757900.0,-0.5
9.0,11.0,24.870001,26.299999,24.83,26.200001,1536500.0,1.3300000000000018
9.0,10.0,24.74,25.709999,24.5,25.07,852100.0,0.33000000000000185
9.0,7.0,25.469999,25.969999,24.27,24.82,1095100.0,-0.6499990000000011
9.0,6.0,25.889999,26.6,24.389999,25.549999,1642900.0,-0.33999999999999986
9.0,5.0,24.040001,26.360001,24.030001,25.77,3174300.0,1.7299989999999994
9.0,4.0,21.99,24.41,21.700001,24.25,2335300.0,2.2600000000000016
8.0,31.0,21.82,22.219999,21.43,22.0,1377200.0,0.17999999999999972
8.0,30.0,22.35,22.35,21.42,21.690001,2238300.0,-0.6599990000000027
8.0,29.0,17.51,22.889999,17.5,22.370001,8652400.0,4.860000999999997
8.0,28.0,18.870001,19.0,18.09,18.26,1352500.0,-0.6100009999999969
8.0,27.0,19.5,19.74,18.709999,19.110001,931500.0,-0.38999899999999954
8.0,24.0,18.200001,20.290001,18.200001,19.48,1745000.0,1.279999
8.0,23.0,17.92,18.389999,17.799999,18.190001,923000.0,0.27000099999999705
8.0,22.0,18.959999,19.129999,17.610001,17.870001,1232900.0,-1.0899980000000014
8.0,21.0,20.120001,20.219999,18.790001,19.0,1098700.0,-1.1200009999999985
8.0,20.0,21.469999,21.5,19.93,20.219999,1242500.0,-1.25
8.0,17.0,21.82,23.0,21.200001,21.5,906300.0,-0.3200000000000003
8.0,16.0,22.120001,22.5,21.4,21.76,890900.0,-0.3600009999999969
8.0,15.0,22.27,22.77,21.549999,22.110001,778500.0,-0.15999899999999911
8.0,14.0,23.790001,24.690001,22.030001,22.290001,1040400.0,-1.5
8.0,13.0,25.790001,25.85,23.75,23.870001,694300.0,-1.9200000000000017
8.0,10.0,25.639999,26.389999,24.799999,25.85,547100.0,0.21000100000000188
8.0,9.0,26.450001,28.93,24.92,25.73,1810200.0,-0.7200009999999999
8.0,8.0,25.74,26.49,24.67,26.459999,674000.0,0.7199990000000014
8.0,7.0,25.83,26.1,24.51,25.84,664500.0,0.010000000000001563
8.0,6.0,23.4,26.49,23.33,25.43,1264600.0,2.030000000000001
8.0,3.0,22.469999,23.4,21.5,23.4,702000.0,0.9300009999999972
8.0,2.0,21.0,23.469999,20.690001,22.0,2671600.0,1.0
8.0,1.0,20.049999,20.67,18.530001,18.82,896900.0,-1.2299989999999994
7.0,31.0,20.52,20.91,19.639999,19.959999,309700.0,-0.5600009999999997
7.0,30.0,19.709999,22.200001,19.610001,20.620001,440400.0,0.9100019999999986
7.0,27.0,19.07,19.73,18.879999,19.51,464400.0,0.4400000000000013
7.0,26.0,21.42,21.74,19.24,19.68,754900.0,-1.740000000000002
7.0,25.0,22.73,22.73,21.0,21.5,436900.0,-1.2300000000000004
7.0,24.0,24.09,24.09,22.16,22.51,226800.0,-1.5799999999999983
7.0,23.0,23.73,24.26,23.110001,23.290001,440900.0,-0.43999900000000025
7.0,20.0,24.0,24.73,23.790001,24.049999,333200.0,0.04999899999999968
7.0,19.0,22.74,24.379999,22.559999,24.0,423600.0,1.2600000000000016
7.0,18.0,22.940001,23.219999,22.5,22.700001,271700.0,-0.23999999999999844
7.0,17.0,21.950001,23.33,21.43,23.02,404400.0,1.0699989999999993
7.0,16.0,21.57,21.68,21.0,21.43,244200.0,-0.14000000000000057
7.0,13.0,22.379999,22.889999,21.5,21.639999,318600.0,-0.740000000000002
7.0,12.0,21.01,22.17,20.52,22.139999,379700.0,1.129998999999998
7.0,11.0,22.6,23.129999,20.77,21.360001,363500.0,-1.239999000000001
7.0,10.0,24.9,25.0,22.52,22.629999,744600.0,-2.270000999999997
7.0,9.0,26.32,27.52,24.4,24.790001,490800.0,-1.529999
7.0,6.0,26.0,26.5,25.030001,25.299999,344600.0,-0.7000010000000003
7.0,5.0,24.98,27.74,24.98,26.16,1601800.0,1.1799999999999997
7.0,3.0,24.1,25.0,23.98,24.719999,340800.0,0.619999
7.0,2.0,23.4,23.74,22.969999,23.74,336800.0,0.33999999999999986
6.0,29.0,23.370001,23.48,22.57,22.73,479800.0,-0.640000999999998
6.0,28.0,22.639999,22.700001,22.01,22.51,446500.0,-0.12999899999999798
6.0,27.0,22.139999,23.48,21.139999,22.790001,758100.0,0.6500020000000006
6.0,26.0,21.98,22.360001,21.75,22.040001,401100.0,0.06000099999999975
6.0,25.0,21.799999,22.48,21.200001,21.950001,466300.0,0.15000200000000063
6.0,22.0,21.32,21.67,21.0,21.639999,1356400.0,0.31999899999999926
6.0,21.0,21.07,21.25,20.58,21.0,520600.0,-0.07000000000000028
6.0,20.0,21.139999,21.389999,20.709999,21.07,276600.0,-0.06999899999999926
6.0,19.0,21.549999,21.66,20.67,21.389999,369500.0,-0.16000000000000014
6.0,18.0,20.620001,22.0,20.299999,21.15,847300.0,0.5299990000000001
6.0,15.0,19.75,21.200001,19.18,21.129999,726000.0,1.3799990000000015
6.0,14.0,19.24,19.9,19.02,19.85,253900.0,0.610000000000003
6.0,13.0,19.620001,19.889999,18.82,19.780001,307500.0,0.16000000000000014
6.0,12.0,18.76,19.799999,18.040001,19.65,394400.0,0.889999999999997
6.0,11.0,19.540001,20.389999,18.33,18.85,1040100.0,-0.6900009999999988
6.0,8.0,17.4,20.120001,17.139999,19.639999,1129600.0,2.239999000000001
6.0,7.0,16.52,17.879999,16.209999,17.52,737100.0,1.0
6.0,6.0,15.38,16.59,15.17,16.459999,528100.0,1.079998999999999
6.0,5.0,15.17,15.26,14.53,15.22,647600.0,0.05000000000000071
6.0,4.0,15.65,15.65,14.1,15.22,555400.0,-0.4299999999999997
6.0,1.0,16.280001,16.280001,15.42,15.69,522100.0,-0.5900009999999991
5.0,31.0,16.469999,16.879999,15.66,16.709999,470800.0,0.23999999999999844
5.0,30.0,16.9,17.0,16.030001,16.610001,792000.0,-0.2899989999999981
5.0,29.0,18.4,18.4,16.799999,17.07,664000.0,-1.3299999999999983
5.0,25.0,18.66,18.66,18.01,18.190001,327400.0,-0.4699990000000014
5.0,24.0,18.139999,18.889999,17.52,18.889999,315300.0,0.75
5.0,23.0,17.799999,18.530001,17.5,18.32,426000.0,0.5200010000000006
5.0,22.0,19.16,20.0,17.35,18.0,791700.0,-1.1600000000000001
5.0,21.0,17.950001,20.83,16.209999,19.299999,1661800.0,1.3499979999999994
5.0,18.0,21.26,21.889999,17.700001,18.639999,1458900.0,-2.620001000000002
5.0,17.0,21.629999,21.83,20.370001,21.27,557500.0,-0.35999900000000196
5.0,16.0,21.290001,21.75,20.870001,21.6,452900.0,0.30999900000000125
5.0,15.0,20.059999,21.709999,20.059999,20.799999,743900.0,0.7399999999999984
5.0,14.0,19.809999,20.129999,19.6,20.040001,779200.0,0.23000199999999893
5.0,11.0,19.860001,20.43,19.620001,20.27,460700.0,0.4099989999999991
5.0,10.0,21.1,21.299999,19.860001,20.049999,509700.0,-1.0500010000000017
5.0,9.0,20.58,20.99,19.870001,20.98,557300.0,0.40000000000000213
5.0,8.0,21.6,21.83,20.26,20.809999,505600.0,-0.7900010000000002
5.0,7.0,21.4,21.860001,20.620001,21.41,450000.0,0.010000000000001563
5.0,4.0,20.690001,21.530001,20.110001,21.299999,389800.0,0.6099980000000009
5.0,3.0,23.24,23.690001,20.299999,20.639999,1779800.0,-2.600000999999999
5.0,2.0,22.99,23.5,22.389999,23.16,872200.0,0.1700000000000017
5.0,1.0,23.290001,23.52,22.129999,22.57,368400.0,-0.7200009999999999
4.0,30.0,21.940001,23.52,21.6,22.860001,614800.0,0.9200000000000017
4.0,27.0,21.49,22.52,21.49,21.9,655000.0,0.41000000000000014
4.0,26.0,20.73,21.950001,20.5,21.200001,734700.0,0.4700009999999999
4.0,25.0,21.540001,21.780001,20.559999,21.129999,567800.0,-0.41000199999999865
4.0,24.0,22.15,22.15,20.27,21.18,905500.0,-0.9699999999999989
4.0,23.0,22.639999,22.83,22.0,22.27,593000.0,-0.36999899999999997
4.0,20.0,24.290001,24.5,22.75,23.1,439900.0,-1.1900009999999988
4.0,19.0,24.719999,24.92,23.299999,24.27,604700.0,-0.4499990000000018
4.0,18.0,25.549999,25.74,24.549999,24.99,343900.0,-0.5599990000000012
4.0,17.0,25.870001,26.24,25.1,25.57,387100.0,-0.3000009999999982
4.0,16.0,27.0,27.440001,25.02,25.870001,631800.0,-1.1299990000000015
4.0,13.0,26.0,26.969999,25.440001,26.33,508200.0,0.3299999999999983
4.0,12.0,25.209999,26.440001,25.17,26.200001,728000.0,0.9900020000000005
4.0,11.0,25.469999,26.25,24.57,25.43,1004200.0,-0.03999900000000167
4.0,10.0,25.450001,26.51,24.5,25.809999,1027500.0,0.35999800000000093
4.0,9.0,23.860001,25.58,22.74,25.219999,1397800.0,1.359998000000001
4.0,5.0,25.959999,26.4,24.02,24.17,1352200.0,-1.7899989999999981
4.0,4.0,25.940001,27.0,25.940001,26.16,440700.0,0.2199990000000014
4.0,3.0,27.200001,28.4,25.92,26.700001,1384800.0,-0.5
4.0,2.0,26.9,27.799999,25.27,27.120001,1166500.0,0.2200009999999999
3.0,30.0,28.58,29.27,25.82,26.889999,1887200.0,-1.6900009999999988
3.0,29.0,27.99,29.780001,27.58,28.01,1425200.0,0.020000000000003126
3.0,28.0,27.52,31.959999,27.1,28.09,5267300.0,0.5700000000000003
3.0,27.0,24.799999,27.75,24.25,27.65,3141300.0,2.850000999999999
3.0,26.0,23.26,24.879999,23.01,24.6,1052000.0,1.3399999999999999
3.0,23.0,23.219999,23.25,22.299999,23.18,307000.0,-0.03999900000000167
3.0,22.0,23.32,23.32,22.440001,23.219999,370800.0,-0.1000009999999989
3.0,21.0,23.0,24.1,22.68,23.120001,1375000.0,0.12000099999999847
3.0,20.0,23.15,23.469999,22.1,22.9,782200.0,-0.25
3.0,19.0,22.200001,23.93,21.700001,22.99,858400.0,0.7899989999999981
3.0,16.0,21.93,22.17,21.059999,21.74,433600.0,-0.19000000000000128
3.0,15.0,22.450001,23.290001,21.360001,21.75,875600.0,-0.7000010000000003
3.0,14.0,23.27,23.35,22.200001,22.32,589600.0,-0.9499999999999993
3.0,13.0,22.549999,24.4,22.200001,23.299999,2053900.0,0.75
3.0,12.0,19.799999,22.49,19.52,22.49,1358200.0,2.6900009999999988
3.0,9.0,20.0,20.1,19.5,19.799999,668200.0,-0.20000100000000032
3.0,8.0,20.299999,20.389999,19.959999,20.0,436900.0,-0.2999989999999997
3.0,7.0,20.450001,20.629999,19.950001,20.25,444800.0,-0.20000100000000032
3.0,6.0,19.83,20.5,19.360001,20.5,1154300.0,0.6700000000000017
3.0,5.0,24.85,24.860001,20.9,20.99,2988200.0,-3.860000000000003
3.0,2.0,22.01,26.0,22.0,24.58,4809400.0,2.5699999999999967
