9.0,25.0,0.32,0.32,0.306,0.32,38100.0,0.0
9.0,24.0,0.32,0.32,0.32,0.32,60300.0,0.0
9.0,23.0,0.33,0.33,0.31,0.32,26800.0,-0.010000000000000009
9.0,22.0,0.332,0.332,0.322,0.33,66400.0,-0.0020000000000000018
9.0,21.0,0.313,0.34,0.313,0.334,122500.0,0.02100000000000002
9.0,18.0,0.312,0.34,0.29,0.33,223700.0,0.018000000000000016
9.0,17.0,0.32,0.325,0.31,0.32,41500.0,0.0
9.0,16.0,0.32,0.325,0.32,0.325,36200.0,0.0050000000000000044
9.0,15.0,0.311,0.325,0.31,0.325,110300.0,0.014000000000000012
9.0,14.0,0.305,0.312,0.305,0.311,114100.0,0.006000000000000005
9.0,11.0,0.315,0.315,0.305,0.305,102500.0,-0.010000000000000009
9.0,10.0,0.315,0.32,0.315,0.315,23900.0,0.0
9.0,9.0,0.325,0.325,0.304,0.32,101200.0,-0.0050000000000000044
9.0,8.0,0.316,0.34,0.316,0.32,29500.0,0.0040000000000000036
9.0,4.0,0.325,0.336,0.325,0.336,70000.0,0.01100000000000001
9.0,3.0,0.32,0.325,0.31,0.325,106000.0,0.0050000000000000044
9.0,2.0,0.32,0.32,0.32,0.32,51000.0,0.0
9.0,1.0,0.32,0.32,0.316,0.318,10300.0,-0.0020000000000000018
8.0,31.0,0.31,0.31,0.31,0.31,4600.0,0.0
8.0,28.0,0.315,0.32,0.3,0.301,52300.0,-0.014000000000000012
8.0,27.0,0.32,0.32,0.305,0.315,19600.0,-0.0050000000000000044
8.0,26.0,0.32,0.32,0.32,0.32,6700.0,0.0
8.0,25.0,0.3,0.32,0.29,0.32,48200.0,0.020000000000000018
8.0,24.0,0.3,0.31,0.3,0.3,60400.0,0.0
8.0,21.0,0.285,0.3,0.28,0.3,137400.0,0.015000000000000013
8.0,20.0,0.3,0.305,0.23,0.285,271700.0,-0.015000000000000013
8.0,19.0,0.3,0.31,0.3,0.31,19700.0,0.010000000000000009
8.0,18.0,0.3,0.31,0.3,0.3,174800.0,0.0
8.0,17.0,0.31,0.31,0.301,0.301,30200.0,-0.009000000000000008
8.0,14.0,0.33,0.33,0.3,0.31,139000.0,-0.020000000000000018
8.0,13.0,0.318,0.33,0.305,0.33,89200.0,0.01200000000000001
8.0,12.0,0.321,0.33,0.3,0.308,178700.0,-0.013000000000000012
8.0,11.0,0.321,0.333,0.321,0.321,108100.0,0.0
8.0,10.0,0.322,0.34,0.32,0.32,19000.0,-0.0020000000000000018
8.0,7.0,0.322,0.34,0.322,0.34,15500.0,0.018000000000000016
8.0,6.0,0.3,0.322,0.3,0.322,42900.0,0.02200000000000002
8.0,5.0,0.305,0.31,0.3,0.31,152200.0,0.0050000000000000044
8.0,4.0,0.33,0.33,0.31,0.32,37300.0,-0.010000000000000009
8.0,3.0,0.315,0.33,0.31,0.33,48500.0,0.015000000000000013
7.0,31.0,0.325,0.34,0.31,0.31,200300.0,-0.015000000000000013
7.0,30.0,0.36,0.36,0.34,0.34,132000.0,-0.019999999999999962
7.0,29.0,0.352,0.354,0.34,0.34,41300.0,-0.011999999999999955
7.0,28.0,0.352,0.354,0.34,0.352,84700.0,0.0
7.0,27.0,0.34,0.35,0.338,0.342,98400.0,0.0020000000000000018
7.0,24.0,0.345,0.35,0.34,0.34,45700.0,-0.004999999999999949
7.0,23.0,0.36,0.36,0.33,0.344,141500.0,-0.016000000000000014
7.0,22.0,0.37,0.37,0.34,0.36,206700.0,-0.010000000000000009
7.0,21.0,0.37,0.37,0.355,0.36,28800.0,-0.010000000000000009
7.0,20.0,0.36,0.38,0.35,0.372,44200.0,0.01200000000000001
7.0,17.0,0.34,0.37,0.28,0.35,645700.0,0.009999999999999953
7.0,16.0,0.379,0.379,0.37,0.37,16900.0,-0.009000000000000008
7.0,15.0,0.39,0.39,0.37,0.388,20300.0,-0.0020000000000000018
7.0,14.0,0.375,0.39,0.375,0.38,25900.0,0.0050000000000000044
7.0,13.0,0.38,0.386,0.36,0.365,33600.0,-0.015000000000000013
7.0,10.0,0.388,0.39,0.38,0.39,55300.0,0.0020000000000000018
7.0,9.0,0.36,0.388,0.36,0.386,16900.0,0.026000000000000023
7.0,8.0,0.37,0.39,0.36,0.36,46100.0,-0.010000000000000009
7.0,7.0,0.36,0.38,0.36,0.38,48600.0,0.020000000000000018
7.0,6.0,0.374,0.38,0.371,0.371,39000.0,-0.0030000000000000027
7.0,2.0,0.375,0.388,0.375,0.375,11300.0,0.0
7.0,1.0,0.377,0.388,0.377,0.377,66500.0,0.0
6.0,30.0,0.376,0.388,0.376,0.377,32400.0,0.0010000000000000009
6.0,29.0,0.371,0.395,0.371,0.38,93200.0,0.009000000000000008
6.0,26.0,0.384,0.395,0.37,0.385,38500.0,0.0010000000000000009
6.0,25.0,0.39,0.39,0.373,0.39,72900.0,0.0
6.0,24.0,0.389,0.39,0.37,0.388,23600.0,-0.0010000000000000009
6.0,23.0,0.37,0.398,0.37,0.398,47600.0,0.028000000000000025
6.0,22.0,0.39,0.39,0.37,0.37,24400.0,-0.020000000000000018
6.0,19.0,0.395,0.395,0.375,0.38,38600.0,-0.015000000000000013
6.0,18.0,0.395,0.395,0.375,0.375,44300.0,-0.020000000000000018
6.0,17.0,0.385,0.395,0.385,0.395,82300.0,0.010000000000000009
6.0,16.0,0.37,0.39,0.37,0.39,26200.0,0.020000000000000018
6.0,15.0,0.37,0.385,0.37,0.382,46400.0,0.01200000000000001
6.0,12.0,0.375,0.385,0.367,0.372,59800.0,-0.0030000000000000027
6.0,11.0,0.37,0.385,0.37,0.375,81100.0,0.0050000000000000044
6.0,10.0,0.37,0.37,0.368,0.37,97500.0,0.0
6.0,9.0,0.389,0.389,0.355,0.365,93300.0,-0.02400000000000002
6.0,8.0,0.36,0.4,0.36,0.4,40300.0,0.040000000000000036
6.0,5.0,0.352,0.368,0.34,0.36,122100.0,0.008000000000000007
6.0,4.0,0.374,0.374,0.326,0.346,451300.0,-0.028000000000000025
6.0,3.0,0.392,0.397,0.355,0.374,822400.0,-0.018000000000000016
6.0,2.0,0.4,0.4,0.385,0.397,189400.0,-0.0030000000000000027
6.0,1.0,0.38,0.4,0.38,0.4,293800.0,0.020000000000000018
5.0,29.0,0.39,0.4,0.38,0.385,313200.0,-0.0050000000000000044
5.0,28.0,0.38,0.41,0.38,0.39,330800.0,0.010000000000000009
5.0,27.0,0.369,0.384,0.36,0.38,261100.0,0.01100000000000001
5.0,26.0,0.358,0.369,0.355,0.365,97700.0,0.007000000000000006
5.0,22.0,0.369,0.369,0.355,0.369,57600.0,0.0
5.0,21.0,0.356,0.369,0.351,0.369,74400.0,0.013000000000000012
5.0,20.0,0.36,0.36,0.35,0.353,128000.0,-0.007000000000000006
5.0,19.0,0.36,0.368,0.34,0.35,121300.0,-0.010000000000000009
5.0,18.0,0.358,0.368,0.35,0.368,319300.0,0.010000000000000009
5.0,15.0,0.37,0.37,0.36,0.36,133900.0,-0.010000000000000009
5.0,14.0,0.37,0.37,0.36,0.37,140100.0,0.0
5.0,13.0,0.364,0.37,0.364,0.37,62500.0,0.006000000000000005
5.0,12.0,0.345,0.37,0.345,0.369,87000.0,0.02400000000000002
5.0,11.0,0.365,0.365,0.345,0.35,188600.0,-0.015000000000000013
5.0,8.0,0.35,0.365,0.341,0.365,111800.0,0.015000000000000013
5.0,7.0,0.325,0.35,0.325,0.35,123400.0,0.024999999999999967
5.0,6.0,0.321,0.38,0.321,0.33,52800.0,0.009000000000000008
5.0,5.0,0.35,0.35,0.322,0.33,152700.0,-0.019999999999999962
5.0,4.0,0.35,0.35,0.32,0.35,150600.0,0.0
5.0,1.0,0.362,0.38,0.34,0.35,384300.0,-0.01200000000000001
4.0,30.0,0.372,0.397,0.355,0.368,1389400.0,-0.0040000000000000036
4.0,29.0,0.335,0.394,0.335,0.372,738100.0,0.03699999999999998
4.0,28.0,0.302,0.34,0.295,0.335,390600.0,0.03300000000000003
4.0,27.0,0.31,0.31,0.3,0.301,255200.0,-0.009000000000000008
4.0,24.0,0.3,0.31,0.29,0.31,278300.0,0.010000000000000009
4.0,23.0,0.289,0.3,0.28,0.3,211000.0,0.01100000000000001
4.0,22.0,0.29,0.292,0.275,0.29,362700.0,0.0
4.0,21.0,0.283,0.3,0.275,0.29,437000.0,0.007000000000000006
4.0,20.0,0.266,0.29,0.266,0.29,241900.0,0.023999999999999966
4.0,17.0,0.265,0.27,0.26,0.27,162500.0,0.0050000000000000044
4.0,16.0,0.262,0.262,0.26,0.26,28000.0,-0.0020000000000000018
4.0,15.0,0.265,0.27,0.261,0.262,145300.0,-0.0030000000000000027
4.0,14.0,0.258,0.265,0.255,0.26,323200.0,0.0020000000000000018
4.0,13.0,0.255,0.27,0.241,0.258,368500.0,0.0030000000000000027
4.0,10.0,0.269,0.27,0.255,0.255,228500.0,-0.014000000000000012
4.0,9.0,0.255,0.258,0.245,0.258,87700.0,0.0030000000000000027
4.0,8.0,0.245,0.255,0.245,0.255,54500.0,0.010000000000000009
4.0,7.0,0.25,0.255,0.24,0.245,124600.0,-0.0050000000000000044
4.0,6.0,0.252,0.262,0.25,0.258,60300.0,0.006000000000000005
4.0,2.0,0.25,0.26,0.25,0.26,37600.0,0.010000000000000009
4.0,1.0,0.25,0.25,0.25,0.25,40000.0,0.0
3.0,31.0,0.26,0.265,0.235,0.25,246600.0,-0.010000000000000009
3.0,30.0,0.251,0.26,0.24,0.26,196400.0,0.009000000000000008
3.0,27.0,0.25,0.25,0.245,0.245,85000.0,-0.0050000000000000044
3.0,26.0,0.25,0.25,0.241,0.25,127400.0,0.0
3.0,25.0,0.25,0.25,0.25,0.25,232200.0,0.0
3.0,24.0,0.25,0.25,0.242,0.25,370900.0,0.0
3.0,23.0,0.25,0.25,0.242,0.25,81100.0,0.0
3.0,20.0,0.25,0.25,0.245,0.245,15000.0,-0.0050000000000000044
3.0,19.0,0.25,0.25,0.24,0.242,24900.0,-0.008000000000000007
3.0,18.0,0.238,0.25,0.238,0.25,24100.0,0.01200000000000001
3.0,17.0,0.25,0.25,0.238,0.25,50300.0,0.0
3.0,16.0,0.25,0.25,0.25,0.25,16900.0,0.0
3.0,13.0,0.25,0.25,0.24,0.24,51800.0,-0.010000000000000009
3.0,12.0,0.24,0.24,0.24,0.24,10300.0,0.0
3.0,11.0,0.242,0.245,0.24,0.245,129500.0,0.0030000000000000027
3.0,10.0,0.245,0.245,0.241,0.242,24800.0,-0.0030000000000000027
3.0,9.0,0.25,0.25,0.24,0.245,89400.0,-0.0050000000000000044
3.0,6.0,0.25,0.25,0.24,0.25,93900.0,0.0
3.0,5.0,0.24,0.25,0.24,0.25,600.0,0.010000000000000009
3.0,4.0,0.241,0.254,0.235,0.254,90800.0,0.013000000000000012
3.0,3.0,0.25,0.25,0.235,0.25,33600.0,0.0
3.0,2.0,0.25,0.25,0.25,0.25,30600.0,0.0
2.0,27.0,0.254,0.254,0.246,0.246,41500.0,-0.008000000000000007
2.0,26.0,0.244,0.255,0.244,0.25,83400.0,0.006000000000000005
2.0,25.0,0.24,0.24,0.235,0.24,49100.0,0.0
2.0,24.0,0.235,0.25,0.235,0.24,103200.0,0.0050000000000000044
2.0,23.0,0.242,0.244,0.233,0.244,52300.0,0.0020000000000000018
2.0,20.0,0.24,0.242,0.233,0.242,113900.0,0.0020000000000000018
2.0,19.0,0.242,0.242,0.235,0.235,66900.0,-0.007000000000000006
2.0,18.0,0.23,0.242,0.23,0.242,4500.0,0.011999999999999983
2.0,17.0,0.23,0.242,0.23,0.24,14800.0,0.009999999999999981
2.0,13.0,0.255,0.255,0.23,0.243,83200.0,-0.01200000000000001
2.0,12.0,0.26,0.26,0.241,0.252,256000.0,-0.008000000000000007
2.0,11.0,0.235,0.255,0.235,0.245,447600.0,0.010000000000000009
2.0,10.0,0.229,0.235,0.229,0.235,4400.0,0.005999999999999978
2.0,9.0,0.22,0.23,0.22,0.23,38500.0,0.010000000000000009
2.0,6.0,0.234,0.235,0.22,0.22,161400.0,-0.014000000000000012
2.0,5.0,0.245,0.245,0.234,0.234,9900.0,-0.010999999999999982
2.0,4.0,0.24,0.245,0.234,0.245,85100.0,0.0050000000000000044
2.0,3.0,0.23,0.24,0.223,0.24,82500.0,0.009999999999999981
2.0,2.0,0.24,0.24,0.23,0.23,99000.0,-0.009999999999999981
1.0,30.0,0.23,0.231,0.225,0.231,36400.0,0.0010000000000000009
1.0,29.0,0.223,0.23,0.223,0.223,13900.0,0.0
1.0,28.0,0.23,0.233,0.225,0.233,30400.0,0.0030000000000000027
1.0,27.0,0.22,0.23,0.22,0.23,98600.0,0.010000000000000009
1.0,26.0,0.23,0.23,0.22,0.223,145500.0,-0.007000000000000006
1.0,23.0,0.24,0.24,0.24,0.24,59200.0,0.0
1.0,22.0,0.23,0.241,0.23,0.24,21700.0,0.009999999999999981
1.0,21.0,0.23,0.248,0.23,0.247,18000.0,0.016999999999999987
1.0,20.0,0.23,0.24,0.223,0.23,33300.0,0.0
1.0,16.0,0.24,0.248,0.24,0.24,30100.0,0.0
1.0,15.0,0.24,0.248,0.24,0.24,22400.0,0.0
1.0,14.0,0.249,0.249,0.246,0.249,92100.0,0.0
1.0,13.0,0.238,0.249,0.222,0.245,133800.0,0.007000000000000006
1.0,12.0,0.241,0.243,0.241,0.243,100900.0,0.0020000000000000018
1.0,9.0,0.245,0.245,0.24,0.241,5700.0,-0.0040000000000000036
1.0,8.0,0.24,0.249,0.227,0.245,113300.0,0.0050000000000000044
1.0,7.0,0.24,0.249,0.23,0.24,85700.0,0.0
1.0,6.0,0.24,0.24,0.224,0.24,98400.0,0.0
1.0,5.0,0.25,0.25,0.224,0.24,29300.0,-0.010000000000000009
1.0,2.0,0.22,0.259,0.22,0.25,50100.0,0.03
12.0,31.0,0.24,0.24,0.226,0.24,3800.0,0.0
12.0,30.0,0.235,0.24,0.23,0.23,51800.0,-0.004999999999999977
12.0,29.0,0.235,0.235,0.225,0.23,183600.0,-0.004999999999999977
12.0,26.0,0.24,0.24,0.235,0.235,26900.0,-0.0050000000000000044
12.0,24.0,0.235,0.235,0.235,0.235,24700.0,0.0
12.0,23.0,0.23,0.235,0.23,0.235,9800.0,0.004999999999999977
12.0,22.0,0.24,0.24,0.23,0.23,99900.0,-0.009999999999999981
12.0,19.0,0.24,0.242,0.24,0.24,112800.0,0.0
12.0,18.0,0.24,0.245,0.23,0.24,181000.0,0.0
12.0,17.0,0.24,0.245,0.24,0.245,16000.0,0.0050000000000000044
12.0,16.0,0.242,0.245,0.24,0.245,94600.0,0.0030000000000000027
12.0,15.0,0.24,0.245,0.24,0.242,74700.0,0.0020000000000000018
12.0,12.0,0.238,0.24,0.235,0.24,74700.0,0.0020000000000000018
12.0,11.0,0.24,0.24,0.24,0.24,4100.0,0.0
12.0,10.0,0.2,0.24,0.2,0.24,56200.0,0.03999999999999998
12.0,9.0,0.24,0.24,0.23,0.24,14400.0,0.0
12.0,8.0,0.245,0.245,0.225,0.24,63000.0,-0.0050000000000000044
12.0,5.0,0.24,0.245,0.228,0.245,71100.0,0.0050000000000000044
12.0,4.0,0.24,0.24,0.23,0.23,75600.0,-0.009999999999999981
12.0,3.0,0.25,0.25,0.23,0.25,97600.0,0.0
12.0,2.0,0.24,0.25,0.24,0.245,37000.0,0.0050000000000000044
12.0,1.0,0.25,0.259,0.245,0.259,51400.0,0.009000000000000008
11.0,28.0,0.25,0.25,0.25,0.25,9100.0,0.0
11.0,26.0,0.245,0.259,0.24,0.255,58100.0,0.010000000000000009
11.0,25.0,0.23,0.245,0.23,0.245,63700.0,0.014999999999999986
11.0,24.0,0.245,0.248,0.23,0.24,63000.0,-0.0050000000000000044
11.0,21.0,0.244,0.25,0.236,0.245,94300.0,0.0010000000000000009
11.0,20.0,0.242,0.25,0.24,0.24,51500.0,-0.0020000000000000018
11.0,19.0,0.225,0.25,0.225,0.243,34800.0,0.017999999999999988
11.0,18.0,0.222,0.245,0.222,0.245,59200.0,0.022999999999999993
11.0,17.0,0.26,0.26,0.222,0.24,47800.0,-0.020000000000000018
11.0,14.0,0.215,0.268,0.21,0.26,170600.0,0.04500000000000001
11.0,13.0,0.215,0.215,0.205,0.215,50500.0,0.0
11.0,12.0,0.23,0.23,0.205,0.215,51700.0,-0.015000000000000013
11.0,11.0,0.22,0.23,0.205,0.23,67800.0,0.010000000000000009
11.0,10.0,0.226,0.228,0.223,0.225,18200.0,-0.0010000000000000009
11.0,7.0,0.22,0.23,0.22,0.23,30800.0,0.010000000000000009
11.0,6.0,0.22,0.23,0.22,0.23,62000.0,0.010000000000000009
11.0,5.0,0.205,0.23,0.205,0.21,44400.0,0.0050000000000000044
11.0,4.0,0.21,0.23,0.21,0.23,18000.0,0.020000000000000018
11.0,3.0,0.2,0.24,0.196,0.22,167800.0,0.01999999999999999
10.0,31.0,0.198,0.198,0.185,0.198,72000.0,0.0
10.0,30.0,0.21,0.21,0.188,0.19,72800.0,-0.01999999999999999
10.0,29.0,0.2,0.21,0.18,0.21,273700.0,0.009999999999999981
10.0,28.0,0.218,0.22,0.2,0.2,428500.0,-0.017999999999999988
10.0,27.0,0.22,0.225,0.2,0.22,76000.0,0.0
10.0,24.0,0.23,0.23,0.22,0.22,83200.0,-0.010000000000000009
10.0,23.0,0.225,0.228,0.222,0.225,80400.0,0.0
10.0,22.0,0.238,0.245,0.225,0.225,49900.0,-0.012999999999999984
10.0,21.0,0.238,0.25,0.231,0.231,45900.0,-0.0069999999999999785
10.0,20.0,0.225,0.26,0.225,0.235,56000.0,0.009999999999999981
10.0,17.0,0.245,0.245,0.225,0.225,188000.0,-0.01999999999999999
10.0,16.0,0.238,0.245,0.232,0.245,7500.0,0.007000000000000006
10.0,15.0,0.24,0.25,0.23,0.238,57800.0,-0.0020000000000000018
10.0,14.0,0.235,0.24,0.23,0.24,10500.0,0.0050000000000000044
10.0,13.0,0.25,0.265,0.23,0.26,65900.0,0.010000000000000009
10.0,10.0,0.23,0.24,0.23,0.23,25000.0,0.0
10.0,9.0,0.25,0.25,0.225,0.23,281500.0,-0.01999999999999999
10.0,8.0,0.24,0.25,0.24,0.25,17700.0,0.010000000000000009
10.0,7.0,0.245,0.265,0.24,0.25,34200.0,0.0050000000000000044
10.0,6.0,0.253,0.276,0.23,0.245,144200.0,-0.008000000000000007
10.0,3.0,0.235,0.28,0.235,0.26,103300.0,0.025000000000000022
10.0,2.0,0.24,0.25,0.23,0.25,185100.0,0.010000000000000009
10.0,1.0,0.25,0.26,0.23,0.24,136800.0,-0.010000000000000009
9.0,30.0,0.31,0.31,0.25,0.25,272200.0,-0.06
9.0,29.0,0.295,0.3,0.28,0.28,160900.0,-0.014999999999999958
9.0,26.0,0.3,0.3,0.295,0.296,43600.0,-0.0040000000000000036
9.0,25.0,0.29,0.325,0.29,0.31,42000.0,0.020000000000000018
9.0,24.0,0.328,0.328,0.29,0.29,356200.0,-0.038000000000000034
9.0,23.0,0.31,0.338,0.306,0.32,152300.0,0.010000000000000009
9.0,22.0,0.34,0.34,0.3,0.31,310700.0,-0.030000000000000027
9.0,19.0,0.3,0.31,0.29,0.3,474200.0,0.0
9.0,18.0,0.295,0.3,0.29,0.3,111300.0,0.0050000000000000044
9.0,17.0,0.28,0.295,0.28,0.295,86400.0,0.014999999999999958
9.0,16.0,0.28,0.29,0.265,0.28,88500.0,0.0
9.0,15.0,0.272,0.3,0.272,0.283,228700.0,0.010999999999999954
9.0,12.0,0.29,0.29,0.272,0.272,78800.0,-0.01799999999999996
9.0,11.0,0.265,0.27,0.26,0.27,88200.0,0.0050000000000000044
9.0,10.0,0.246,0.28,0.246,0.265,195200.0,0.019000000000000017
9.0,9.0,0.247,0.278,0.247,0.276,248300.0,0.029000000000000026
9.0,8.0,0.247,0.25,0.247,0.249,113200.0,0.0020000000000000018
9.0,5.0,0.245,0.25,0.237,0.25,284800.0,0.0050000000000000044
9.0,4.0,0.248,0.248,0.235,0.245,438000.0,-0.0030000000000000027
9.0,3.0,0.24,0.24,0.235,0.239,78700.0,-0.0010000000000000009
9.0,2.0,0.235,0.27,0.23,0.24,159100.0,0.0050000000000000044
8.0,29.0,0.223,0.23,0.222,0.23,88300.0,0.007000000000000006
8.0,28.0,0.228,0.24,0.221,0.233,154400.0,0.0050000000000000044
8.0,27.0,0.221,0.234,0.221,0.222,57700.0,0.0010000000000000009
8.0,26.0,0.23,0.23,0.221,0.228,124200.0,-0.0020000000000000018
8.0,25.0,0.223,0.233,0.222,0.228,125000.0,0.0050000000000000044
8.0,22.0,0.23,0.23,0.23,0.23,80200.0,0.0
8.0,21.0,0.23,0.233,0.23,0.232,57400.0,0.0020000000000000018
8.0,20.0,0.239,0.239,0.227,0.232,147100.0,-0.0069999999999999785
8.0,19.0,0.223,0.24,0.223,0.237,210600.0,0.013999999999999985
8.0,18.0,0.229,0.229,0.223,0.225,123400.0,-0.0040000000000000036
8.0,15.0,0.237,0.237,0.228,0.229,124900.0,-0.00799999999999998
8.0,14.0,0.24,0.24,0.234,0.238,251000.0,-0.0020000000000000018
8.0,13.0,0.228,0.242,0.22,0.24,495300.0,0.011999999999999983
8.0,12.0,0.23,0.23,0.215,0.218,108900.0,-0.01200000000000001
8.0,11.0,0.227,0.244,0.225,0.23,50400.0,0.0030000000000000027
8.0,8.0,0.243,0.243,0.23,0.24,2800.0,-0.0030000000000000027
8.0,7.0,0.24,0.245,0.235,0.245,27300.0,0.0050000000000000044
8.0,6.0,0.237,0.237,0.237,0.237,500.0,0.0
8.0,5.0,0.244,0.248,0.225,0.237,45000.0,-0.007000000000000006
8.0,4.0,0.232,0.245,0.232,0.24,103200.0,0.00799999999999998
8.0,1.0,0.23,0.232,0.23,0.23,37900.0,0.0
7.0,31.0,0.223,0.232,0.22,0.232,67500.0,0.009000000000000008
7.0,30.0,0.223,0.223,0.223,0.223,7000.0,0.0
7.0,29.0,0.223,0.232,0.223,0.223,23700.0,0.0
7.0,28.0,0.222,0.235,0.221,0.233,18800.0,0.01100000000000001
7.0,25.0,0.234,0.235,0.231,0.235,125300.0,9.999999999999731E-4
7.0,24.0,0.219,0.236,0.219,0.236,65600.0,0.016999999999999987
7.0,23.0,0.228,0.23,0.228,0.23,25700.0,0.0020000000000000018
7.0,22.0,0.222,0.236,0.215,0.232,210700.0,0.010000000000000009
7.0,21.0,0.225,0.225,0.221,0.221,23600.0,-0.0040000000000000036
7.0,18.0,0.22,0.236,0.22,0.235,26700.0,0.014999999999999986
7.0,17.0,0.239,0.239,0.22,0.235,18700.0,-0.0040000000000000036
7.0,16.0,0.23,0.239,0.215,0.239,55300.0,0.00899999999999998
7.0,15.0,0.25,0.25,0.22,0.23,44900.0,-0.01999999999999999
7.0,14.0,0.216,0.225,0.216,0.225,7300.0,0.009000000000000008
7.0,11.0,0.219,0.219,0.21,0.216,37900.0,-0.0030000000000000027
7.0,10.0,0.23,0.23,0.215,0.215,120700.0,-0.015000000000000013
7.0,9.0,0.225,0.23,0.215,0.23,11400.0,0.0050000000000000044
7.0,8.0,0.221,0.225,0.215,0.225,57200.0,0.0040000000000000036
7.0,7.0,0.23,0.23,0.219,0.22,91600.0,-0.010000000000000009
7.0,3.0,0.239,0.239,0.219,0.23,20900.0,-0.00899999999999998
7.0,2.0,0.239,0.239,0.224,0.239,8500.0,0.0
7.0,1.0,0.239,0.239,0.23,0.235,240200.0,-0.0040000000000000036
6.0,30.0,0.239,0.239,0.223,0.223,61200.0,-0.015999999999999986
6.0,27.0,0.23,0.239,0.219,0.239,35800.0,0.00899999999999998
6.0,26.0,0.218,0.23,0.218,0.225,150000.0,0.007000000000000006
6.0,25.0,0.225,0.23,0.225,0.225,156500.0,0.0
6.0,24.0,0.235,0.24,0.225,0.236,75100.0,0.0010000000000000009
6.0,23.0,0.24,0.24,0.23,0.24,78400.0,0.0
6.0,20.0,0.23,0.24,0.215,0.24,65100.0,0.009999999999999981
6.0,19.0,0.26,0.26,0.214,0.23,219400.0,-0.03
6.0,18.0,0.26,0.26,0.249,0.25,34300.0,-0.010000000000000009
6.0,17.0,0.245,0.26,0.24,0.249,102100.0,0.0040000000000000036
6.0,16.0,0.243,0.249,0.24,0.24,33300.0,-0.0030000000000000027
6.0,13.0,0.245,0.249,0.226,0.243,230400.0,-0.0020000000000000018
6.0,12.0,0.25,0.25,0.23,0.245,22300.0,-0.0050000000000000044
6.0,11.0,0.254,0.254,0.23,0.25,95100.0,-0.0040000000000000036
6.0,10.0,0.23,0.255,0.23,0.254,8500.0,0.023999999999999994
6.0,9.0,0.23,0.255,0.22,0.255,421600.0,0.024999999999999994
6.0,6.0,0.24,0.24,0.215,0.239,97700.0,-0.0010000000000000009
6.0,5.0,0.22,0.24,0.22,0.23,86500.0,0.010000000000000009
6.0,4.0,0.23,0.24,0.23,0.24,46400.0,0.009999999999999981
6.0,3.0,0.23,0.23,0.216,0.23,80300.0,0.0
6.0,2.0,0.23,0.23,0.23,0.23,2000.0,0.0
5.0,30.0,0.23,0.23,0.218,0.23,15400.0,0.0
5.0,29.0,0.223,0.23,0.22,0.23,75800.0,0.007000000000000006
5.0,28.0,0.23,0.23,0.22,0.225,102600.0,-0.0050000000000000044
5.0,27.0,0.24,0.24,0.23,0.23,132900.0,-0.009999999999999981
5.0,23.0,0.24,0.24,0.24,0.24,124000.0,0.0
5.0,22.0,0.259,0.269,0.23,0.249,211300.0,-0.010000000000000009
5.0,21.0,0.25,0.27,0.246,0.255,195700.0,0.0050000000000000044
5.0,20.0,0.29,0.29,0.245,0.255,138300.0,-0.034999999999999976
5.0,19.0,0.256,0.29,0.256,0.258,65000.0,0.0020000000000000018
5.0,16.0,0.265,0.265,0.253,0.26,17900.0,-0.0050000000000000044
5.0,15.0,0.259,0.27,0.251,0.26,103200.0,0.0010000000000000009
5.0,14.0,0.244,0.26,0.244,0.259,172700.0,0.015000000000000013
5.0,13.0,0.245,0.245,0.231,0.244,201900.0,-0.0010000000000000009
5.0,12.0,0.23,0.25,0.23,0.245,8100.0,0.014999999999999986
5.0,9.0,0.23,0.25,0.23,0.245,66700.0,0.014999999999999986
5.0,8.0,0.24,0.24,0.23,0.23,71100.0,-0.009999999999999981
5.0,7.0,0.24,0.25,0.23,0.24,112100.0,0.0
5.0,6.0,0.239,0.24,0.231,0.24,132900.0,0.0010000000000000009
5.0,5.0,0.225,0.254,0.22,0.24,436900.0,0.014999999999999986
5.0,2.0,0.21,0.225,0.21,0.22,172100.0,0.010000000000000009
5.0,1.0,0.2,0.21,0.197,0.21,202300.0,0.009999999999999981
4.0,30.0,0.195,0.2,0.19,0.2,100600.0,0.0050000000000000044
4.0,29.0,0.22,0.22,0.17,0.195,256000.0,-0.024999999999999994
4.0,28.0,0.2,0.204,0.2,0.2,297000.0,0.0
4.0,25.0,0.19,0.2,0.19,0.2,13200.0,0.010000000000000009
4.0,24.0,0.19,0.198,0.18,0.198,162600.0,0.008000000000000007
4.0,23.0,0.19,0.2,0.19,0.19,35800.0,0.0
4.0,22.0,0.186,0.2,0.186,0.2,29700.0,0.014000000000000012
4.0,21.0,0.2,0.2,0.19,0.19,17400.0,-0.010000000000000009
4.0,17.0,0.195,0.2,0.185,0.2,35000.0,0.0050000000000000044
4.0,16.0,0.19,0.195,0.18,0.195,66100.0,0.0050000000000000044
4.0,15.0,0.19,0.19,0.164,0.19,70100.0,0.0
4.0,14.0,0.19,0.19,0.18,0.19,53800.0,0.0
4.0,11.0,0.19,0.19,0.19,0.19,100.0,0.0
4.0,10.0,0.19,0.19,0.172,0.19,70200.0,0.0
4.0,9.0,0.188,0.188,0.188,0.188,26800.0,0.0
4.0,8.0,0.19,0.19,0.188,0.188,16000.0,-0.0020000000000000018
4.0,7.0,0.183,0.2,0.18,0.19,129900.0,0.007000000000000006
4.0,4.0,0.19,0.2,0.183,0.19,66800.0,0.0
4.0,3.0,0.2,0.2,0.185,0.19,134300.0,-0.010000000000000009
4.0,2.0,0.2,0.23,0.188,0.188,58800.0,-0.01200000000000001
4.0,1.0,0.22,0.23,0.19,0.21,138500.0,-0.010000000000000009
3.0,31.0,0.225,0.23,0.21,0.23,140300.0,0.0050000000000000044
3.0,28.0,0.205,0.225,0.19,0.22,414200.0,0.015000000000000013
3.0,27.0,0.162,0.205,0.162,0.205,147300.0,0.04299999999999998
3.0,26.0,0.188,0.194,0.16,0.19,114600.0,0.0020000000000000018
3.0,25.0,0.18,0.189,0.18,0.188,30400.0,0.008000000000000007
3.0,24.0,0.19,0.199,0.16,0.18,235100.0,-0.010000000000000009
3.0,21.0,0.19,0.19,0.19,0.19,30100.0,0.0
3.0,20.0,0.19,0.215,0.19,0.19,67000.0,0.0
3.0,19.0,0.2,0.21,0.19,0.19,225300.0,-0.010000000000000009
3.0,18.0,0.21,0.217,0.2,0.2,86200.0,-0.009999999999999981
3.0,17.0,0.217,0.217,0.185,0.21,104700.0,-0.007000000000000006
3.0,14.0,0.2,0.217,0.2,0.2,34800.0,0.0
3.0,13.0,0.193,0.193,0.193,0.193,27200.0,0.0
3.0,12.0,0.23,0.23,0.17,0.19,267500.0,-0.04000000000000001
3.0,11.0,0.21,0.22,0.195,0.21,430000.0,0.0
3.0,10.0,0.17,0.2,0.169,0.17,542800.0,0.0
3.0,7.0,0.178,0.178,0.159,0.17,284600.0,-0.00799999999999998
3.0,6.0,0.155,0.159,0.15,0.159,133400.0,0.0040000000000000036
3.0,5.0,0.159,0.159,0.15,0.155,210400.0,-0.0040000000000000036
3.0,4.0,0.16,0.16,0.145,0.155,411700.0,-0.0050000000000000044
3.0,3.0,0.172,0.173,0.15,0.16,484300.0,-0.011999999999999983
2.0,28.0,0.178,0.178,0.17,0.173,114100.0,-0.0050000000000000044
2.0,27.0,0.174,0.181,0.17,0.181,855400.0,0.007000000000000006
2.0,26.0,0.17,0.18,0.17,0.174,76700.0,0.003999999999999976
2.0,25.0,0.185,0.185,0.165,0.17,214000.0,-0.014999999999999986
2.0,24.0,0.185,0.187,0.175,0.185,349900.0,0.0
2.0,21.0,0.185,0.185,0.185,0.185,27800.0,0.0
2.0,20.0,0.19,0.19,0.175,0.185,420500.0,-0.0050000000000000044
2.0,19.0,0.183,0.19,0.182,0.19,60700.0,0.007000000000000006
2.0,18.0,0.174,0.198,0.174,0.183,39000.0,0.009000000000000008
2.0,14.0,0.17,0.185,0.17,0.183,27300.0,0.012999999999999984
2.0,13.0,0.18,0.185,0.18,0.182,46300.0,0.0020000000000000018
2.0,12.0,0.189,0.189,0.175,0.184,174300.0,-0.0050000000000000044
2.0,11.0,0.19,0.19,0.18,0.189,79900.0,-0.0010000000000000009
2.0,10.0,0.185,0.195,0.18,0.19,911100.0,0.0050000000000000044
2.0,7.0,0.19,0.2,0.19,0.194,268000.0,0.0040000000000000036
2.0,6.0,0.18,0.2,0.177,0.2,127200.0,0.020000000000000018
2.0,5.0,0.18,0.185,0.17,0.177,365500.0,-0.0030000000000000027
2.0,4.0,0.18,0.19,0.18,0.185,234200.0,0.0050000000000000044
2.0,3.0,0.2,0.2,0.18,0.19,187500.0,-0.010000000000000009
1.0,31.0,0.198,0.21,0.19,0.2,24500.0,0.0020000000000000018
1.0,30.0,0.18,0.198,0.18,0.198,118400.0,0.018000000000000016
1.0,29.0,0.198,0.198,0.188,0.188,62500.0,-0.010000000000000009
1.0,28.0,0.195,0.22,0.188,0.198,266700.0,0.0030000000000000027
1.0,27.0,0.195,0.2,0.195,0.195,63600.0,0.0
1.0,24.0,0.2,0.21,0.192,0.21,74600.0,0.009999999999999981
1.0,23.0,0.201,0.21,0.189,0.199,135000.0,-0.0020000000000000018
1.0,22.0,0.21,0.22,0.2,0.201,70700.0,-0.00899999999999998
1.0,21.0,0.222,0.222,0.2,0.21,73700.0,-0.01200000000000001
1.0,17.0,0.215,0.229,0.215,0.219,16500.0,0.0040000000000000036
1.0,16.0,0.2,0.24,0.19,0.21,169500.0,0.009999999999999981
1.0,15.0,0.2,0.2,0.197,0.2,21200.0,0.0
1.0,14.0,0.182,0.21,0.182,0.2,110700.0,0.018000000000000016
1.0,13.0,0.21,0.215,0.21,0.21,75800.0,0.0
1.0,10.0,0.21,0.22,0.21,0.215,215700.0,0.0050000000000000044
1.0,9.0,0.23,0.235,0.2,0.21,480900.0,-0.020000000000000018
1.0,8.0,0.255,0.255,0.22,0.235,135600.0,-0.020000000000000018
1.0,7.0,0.255,0.255,0.23,0.255,196600.0,0.0
1.0,6.0,0.248,0.26,0.245,0.255,148800.0,0.007000000000000006
1.0,3.0,0.236,0.25,0.236,0.245,51500.0,0.009000000000000008
1.0,2.0,0.24,0.253,0.24,0.25,49900.0,0.010000000000000009
12.0,31.0,0.23,0.24,0.23,0.24,114300.0,0.009999999999999981
12.0,30.0,0.235,0.25,0.23,0.25,137700.0,0.015000000000000013
12.0,27.0,0.253,0.253,0.23,0.25,181700.0,-0.0030000000000000027
12.0,26.0,0.245,0.253,0.23,0.25,246800.0,0.0050000000000000044
12.0,24.0,0.235,0.245,0.235,0.245,77800.0,0.010000000000000009
12.0,23.0,0.235,0.235,0.222,0.222,99400.0,-0.012999999999999984
12.0,20.0,0.239,0.245,0.222,0.225,69300.0,-0.013999999999999985
12.0,19.0,0.24,0.245,0.23,0.235,282300.0,-0.0050000000000000044
12.0,18.0,0.208,0.24,0.208,0.24,111900.0,0.032
12.0,17.0,0.21,0.235,0.21,0.235,11900.0,0.024999999999999994
12.0,16.0,0.205,0.22,0.205,0.218,57100.0,0.013000000000000012
12.0,13.0,0.213,0.22,0.205,0.21,129700.0,-0.0030000000000000027
12.0,12.0,0.211,0.215,0.21,0.212,182700.0,0.0010000000000000009
12.0,11.0,0.206,0.24,0.206,0.235,40800.0,0.028999999999999998
12.0,10.0,0.21,0.235,0.21,0.235,124200.0,0.024999999999999994
12.0,9.0,0.24,0.25,0.23,0.23,47600.0,-0.009999999999999981
12.0,6.0,0.242,0.26,0.24,0.245,248400.0,0.0030000000000000027
12.0,5.0,0.25,0.26,0.25,0.258,116200.0,0.008000000000000007
12.0,4.0,0.25,0.25,0.24,0.25,20400.0,0.0
12.0,3.0,0.245,0.25,0.24,0.24,67200.0,-0.0050000000000000044
12.0,2.0,0.23,0.25,0.23,0.25,325200.0,0.01999999999999999
11.0,29.0,0.22,0.24,0.22,0.24,52900.0,0.01999999999999999
11.0,27.0,0.2,0.22,0.2,0.22,54900.0,0.01999999999999999
11.0,26.0,0.19,0.2,0.19,0.2,136700.0,0.010000000000000009
11.0,25.0,0.195,0.2,0.195,0.2,68400.0,0.0050000000000000044
11.0,22.0,0.192,0.2,0.183,0.2,41300.0,0.008000000000000007
11.0,21.0,0.18,0.2,0.18,0.185,82800.0,0.0050000000000000044
11.0,20.0,0.18,0.18,0.18,0.18,196800.0,0.0
11.0,19.0,0.18,0.184,0.17,0.183,507500.0,0.0030000000000000027
11.0,18.0,0.182,0.185,0.18,0.18,70300.0,-0.0020000000000000018
11.0,15.0,0.185,0.185,0.18,0.182,130600.0,-0.0030000000000000027
11.0,14.0,0.183,0.19,0.176,0.185,219600.0,0.0020000000000000018
11.0,13.0,0.18,0.185,0.17,0.183,1131300.0,0.0030000000000000027
11.0,12.0,0.185,0.185,0.18,0.18,242400.0,-0.0050000000000000044
11.0,11.0,0.173,0.19,0.173,0.185,93900.0,0.01200000000000001
11.0,8.0,0.177,0.177,0.171,0.177,86000.0,0.0
11.0,7.0,0.17,0.177,0.17,0.177,85800.0,0.0069999999999999785
11.0,6.0,0.178,0.179,0.172,0.179,177900.0,0.0010000000000000009
11.0,5.0,0.185,0.185,0.17,0.178,576400.0,-0.007000000000000006
11.0,4.0,0.185,0.19,0.17,0.185,200300.0,0.0
11.0,1.0,0.178,0.185,0.178,0.185,81600.0,0.007000000000000006
10.0,31.0,0.182,0.185,0.175,0.175,37900.0,-0.007000000000000006
10.0,30.0,0.2,0.2,0.18,0.18,451500.0,-0.020000000000000018
10.0,29.0,0.19,0.2,0.19,0.2,42400.0,0.010000000000000009
10.0,28.0,0.168,0.19,0.16,0.19,38300.0,0.021999999999999992
10.0,25.0,0.18,0.19,0.16,0.185,121600.0,0.0050000000000000044
10.0,24.0,0.185,0.19,0.18,0.185,145100.0,0.0
10.0,23.0,0.19,0.19,0.19,0.19,67000.0,0.0
10.0,22.0,0.19,0.195,0.18,0.19,469400.0,0.0
10.0,21.0,0.18,0.19,0.175,0.185,47500.0,0.0050000000000000044
10.0,18.0,0.181,0.195,0.18,0.195,141200.0,0.014000000000000012
10.0,17.0,0.204,0.204,0.181,0.185,138700.0,-0.01899999999999999
10.0,16.0,0.2,0.22,0.18,0.191,284100.0,-0.009000000000000008
10.0,15.0,0.21,0.21,0.2,0.2,184300.0,-0.009999999999999981
10.0,14.0,0.22,0.23,0.2,0.21,228200.0,-0.010000000000000009
10.0,11.0,0.26,0.26,0.22,0.22,110300.0,-0.04000000000000001
10.0,10.0,0.23,0.24,0.225,0.24,64700.0,0.009999999999999981
10.0,9.0,0.225,0.235,0.215,0.23,164000.0,0.0050000000000000044
10.0,8.0,0.218,0.225,0.216,0.225,93400.0,0.007000000000000006
10.0,7.0,0.229,0.23,0.22,0.23,90200.0,0.0010000000000000009
10.0,4.0,0.23,0.23,0.216,0.22,184500.0,-0.010000000000000009
10.0,3.0,0.22,0.25,0.22,0.23,221900.0,0.010000000000000009
10.0,2.0,0.23,0.245,0.22,0.234,79300.0,0.0040000000000000036
10.0,1.0,0.25,0.25,0.218,0.247,47300.0,-0.0030000000000000027
9.0,30.0,0.216,0.25,0.216,0.25,43600.0,0.034
9.0,27.0,0.231,0.231,0.22,0.229,203400.0,-0.0020000000000000018
9.0,26.0,0.255,0.255,0.235,0.235,132900.0,-0.020000000000000018
9.0,25.0,0.25,0.25,0.245,0.25,36300.0,0.0
9.0,24.0,0.23,0.25,0.23,0.25,50200.0,0.01999999999999999
9.0,23.0,0.225,0.238,0.222,0.238,12700.0,0.012999999999999984
9.0,20.0,0.235,0.24,0.222,0.23,34600.0,-0.004999999999999977
9.0,19.0,0.25,0.25,0.23,0.235,179800.0,-0.015000000000000013
9.0,18.0,0.265,0.265,0.23,0.247,115500.0,-0.018000000000000016
9.0,17.0,0.27,0.273,0.258,0.265,39300.0,-0.0050000000000000044
9.0,16.0,0.25,0.29,0.25,0.28,21400.0,0.030000000000000027
9.0,13.0,0.25,0.28,0.25,0.275,34400.0,0.025000000000000022
9.0,12.0,0.29,0.29,0.27,0.28,79700.0,-0.009999999999999953
9.0,11.0,0.285,0.285,0.274,0.28,28000.0,-0.004999999999999949
9.0,10.0,0.299,0.299,0.275,0.299,45100.0,0.0
9.0,9.0,0.29,0.3,0.29,0.3,27600.0,0.010000000000000009
9.0,6.0,0.28,0.3,0.28,0.299,22400.0,0.01899999999999996
9.0,5.0,0.3,0.3,0.282,0.296,11200.0,-0.0040000000000000036
9.0,4.0,0.285,0.3,0.281,0.297,92900.0,0.01200000000000001
9.0,3.0,0.28,0.285,0.28,0.285,31200.0,0.004999999999999949
8.0,30.0,0.27,0.28,0.27,0.28,32500.0,0.010000000000000009
8.0,29.0,0.28,0.285,0.27,0.28,33000.0,0.0
8.0,28.0,0.274,0.28,0.27,0.28,84000.0,0.006000000000000005
8.0,27.0,0.28,0.28,0.266,0.27,57000.0,-0.010000000000000009
8.0,26.0,0.295,0.3,0.28,0.28,38300.0,-0.014999999999999958
8.0,23.0,0.28,0.3,0.28,0.29,30300.0,0.009999999999999953
8.0,22.0,0.29,0.29,0.28,0.29,16400.0,0.0
8.0,21.0,0.285,0.29,0.28,0.28,42000.0,-0.004999999999999949
8.0,20.0,0.285,0.295,0.285,0.285,34100.0,0.0
8.0,19.0,0.29,0.3,0.28,0.3,41000.0,0.010000000000000009
8.0,16.0,0.3,0.3,0.285,0.285,16600.0,-0.015000000000000013
8.0,15.0,0.284,0.29,0.284,0.29,34100.0,0.006000000000000005
8.0,14.0,0.3,0.3,0.283,0.29,25800.0,-0.010000000000000009
8.0,13.0,0.3,0.3,0.283,0.299,28700.0,-0.0010000000000000009
8.0,12.0,0.29,0.3,0.283,0.29,22100.0,0.0
8.0,9.0,0.31,0.31,0.281,0.286,69600.0,-0.02400000000000002
8.0,8.0,0.281,0.31,0.281,0.31,7900.0,0.02899999999999997
8.0,7.0,0.3,0.309,0.3,0.309,11900.0,0.009000000000000008
8.0,6.0,0.29,0.297,0.29,0.29,13600.0,0.0
8.0,5.0,0.285,0.297,0.28,0.297,25900.0,0.01200000000000001
8.0,2.0,0.285,0.297,0.28,0.29,13000.0,0.0050000000000000044
8.0,1.0,0.305,0.305,0.29,0.29,36900.0,-0.015000000000000013
7.0,31.0,0.3,0.3,0.29,0.295,13800.0,-0.0050000000000000044
7.0,30.0,0.285,0.3,0.281,0.3,254200.0,0.015000000000000013
7.0,29.0,0.28,0.3,0.28,0.285,61600.0,0.004999999999999949
7.0,26.0,0.3,0.3,0.28,0.295,82000.0,-0.0050000000000000044
7.0,25.0,0.3,0.31,0.3,0.3,56000.0,0.0
7.0,24.0,0.3,0.319,0.3,0.319,34800.0,0.019000000000000017
7.0,23.0,0.3,0.3,0.3,0.3,10200.0,0.0
7.0,22.0,0.305,0.305,0.281,0.29,202800.0,-0.015000000000000013
7.0,19.0,0.31,0.31,0.3,0.31,16800.0,0.0
7.0,18.0,0.31,0.31,0.3,0.31,45600.0,0.0
7.0,17.0,0.315,0.323,0.31,0.31,11800.0,-0.0050000000000000044
7.0,16.0,0.325,0.325,0.31,0.323,84600.0,-0.0020000000000000018
7.0,15.0,0.316,0.325,0.315,0.325,32600.0,0.009000000000000008
7.0,12.0,0.32,0.325,0.316,0.32,62800.0,0.0
7.0,11.0,0.33,0.33,0.312,0.315,56600.0,-0.015000000000000013
7.0,10.0,0.335,0.335,0.32,0.32,58200.0,-0.015000000000000013
7.0,9.0,0.335,0.335,0.312,0.335,73400.0,0.0
7.0,8.0,0.32,0.32,0.31,0.32,7800.0,0.0
7.0,5.0,0.318,0.325,0.318,0.32,58600.0,0.0020000000000000018
7.0,3.0,0.32,0.32,0.318,0.318,69600.0,-0.0020000000000000018
7.0,2.0,0.321,0.329,0.315,0.32,90800.0,-0.0010000000000000009
7.0,1.0,0.32,0.335,0.31,0.32,94000.0,0.0
6.0,28.0,0.31,0.325,0.31,0.325,1600.0,0.015000000000000013
6.0,27.0,0.31,0.32,0.31,0.32,36200.0,0.010000000000000009
6.0,26.0,0.33,0.33,0.315,0.315,27000.0,-0.015000000000000013
6.0,25.0,0.329,0.329,0.32,0.329,8400.0,0.0
6.0,24.0,0.32,0.33,0.305,0.305,124400.0,-0.015000000000000013
6.0,21.0,0.323,0.34,0.32,0.33,69800.0,0.007000000000000006
6.0,20.0,0.33,0.338,0.32,0.323,48000.0,-0.007000000000000006
6.0,19.0,0.325,0.34,0.32,0.34,46600.0,0.015000000000000013
6.0,18.0,0.335,0.34,0.325,0.34,70800.0,0.0050000000000000044
6.0,17.0,0.33,0.335,0.325,0.33,71400.0,0.0
6.0,14.0,0.348,0.348,0.33,0.34,0.0,-0.007999999999999952
6.0,13.0,0.335,0.345,0.326,0.34,26000.0,0.0050000000000000044
6.0,12.0,0.34,0.345,0.32,0.345,279400.0,0.004999999999999949
6.0,11.0,0.34,0.34,0.32,0.34,16800.0,0.0
6.0,10.0,0.34,0.34,0.32,0.32,58600.0,-0.020000000000000018
6.0,7.0,0.331,0.34,0.32,0.34,74200.0,0.009000000000000008
6.0,6.0,0.33,0.33,0.31,0.33,10600.0,0.0
6.0,5.0,0.332,0.332,0.31,0.33,41600.0,-0.0020000000000000018
6.0,4.0,0.35,0.35,0.317,0.332,240600.0,-0.01799999999999996
6.0,3.0,0.325,0.349,0.312,0.335,206600.0,0.010000000000000009
5.0,31.0,0.318,0.318,0.298,0.302,46000.0,-0.016000000000000014
5.0,30.0,0.319,0.319,0.305,0.318,34000.0,-0.0010000000000000009
5.0,29.0,0.319,0.319,0.307,0.319,36300.0,0.0
5.0,28.0,0.305,0.32,0.305,0.307,90100.0,0.0020000000000000018
5.0,24.0,0.318,0.318,0.295,0.305,61000.0,-0.013000000000000012
5.0,23.0,0.32,0.32,0.301,0.318,45400.0,-0.0020000000000000018
5.0,22.0,0.31,0.33,0.31,0.33,26300.0,0.020000000000000018
5.0,21.0,0.32,0.33,0.31,0.32,95500.0,0.0
5.0,20.0,0.32,0.33,0.31,0.33,82100.0,0.010000000000000009
5.0,17.0,0.33,0.33,0.32,0.33,17100.0,0.0
5.0,16.0,0.31,0.334,0.31,0.33,142300.0,0.020000000000000018
5.0,15.0,0.31,0.31,0.303,0.31,48800.0,0.0
5.0,14.0,0.325,0.325,0.312,0.312,84700.0,-0.013000000000000012
5.0,13.0,0.32,0.33,0.31,0.325,65400.0,0.0050000000000000044
5.0,10.0,0.35,0.35,0.315,0.32,155100.0,-0.02999999999999997
5.0,9.0,0.33,0.34,0.311,0.311,99900.0,-0.019000000000000017
5.0,8.0,0.315,0.33,0.315,0.324,297300.0,0.009000000000000008
5.0,7.0,0.288,0.315,0.288,0.315,103100.0,0.027000000000000024
5.0,6.0,0.281,0.3,0.281,0.3,53600.0,0.01899999999999996
5.0,3.0,0.29,0.3,0.287,0.3,228700.0,0.010000000000000009
5.0,2.0,0.29,0.3,0.288,0.3,108200.0,0.010000000000000009
5.0,1.0,0.28,0.285,0.28,0.285,65900.0,0.004999999999999949
4.0,30.0,0.285,0.29,0.275,0.28,122100.0,-0.004999999999999949
4.0,29.0,0.27,0.289,0.27,0.28,57700.0,0.010000000000000009
4.0,26.0,0.27,0.27,0.265,0.27,57600.0,0.0
4.0,25.0,0.28,0.29,0.26,0.27,108000.0,-0.010000000000000009
4.0,24.0,0.272,0.29,0.272,0.28,33700.0,0.008000000000000007
4.0,23.0,0.28,0.28,0.272,0.275,32600.0,-0.0050000000000000044
4.0,22.0,0.28,0.28,0.27,0.28,67700.0,0.0
4.0,19.0,0.279,0.295,0.265,0.28,63500.0,0.0010000000000000009
4.0,18.0,0.27,0.28,0.27,0.28,38100.0,0.010000000000000009
4.0,17.0,0.28,0.28,0.26,0.27,117300.0,-0.010000000000000009
4.0,16.0,0.273,0.303,0.273,0.28,107600.0,0.007000000000000006
4.0,15.0,0.29,0.29,0.275,0.28,193300.0,-0.009999999999999953
4.0,12.0,0.285,0.29,0.285,0.29,144300.0,0.0050000000000000044
4.0,11.0,0.3,0.305,0.28,0.305,116000.0,0.0050000000000000044
4.0,10.0,0.3,0.305,0.29,0.305,16500.0,0.0050000000000000044
4.0,9.0,0.305,0.31,0.29,0.3,99300.0,-0.0050000000000000044
4.0,8.0,0.299,0.31,0.275,0.31,220000.0,0.01100000000000001
4.0,5.0,0.315,0.315,0.3,0.31,59200.0,-0.0050000000000000044
4.0,4.0,0.3,0.315,0.3,0.315,16200.0,0.015000000000000013
4.0,3.0,0.308,0.32,0.3,0.315,115800.0,0.007000000000000006
4.0,2.0,0.34,0.34,0.3,0.308,230300.0,-0.03200000000000003
4.0,1.0,0.3,0.32,0.3,0.32,66600.0,0.020000000000000018
3.0,28.0,0.32,0.32,0.291,0.32,15900.0,0.0
3.0,27.0,0.3,0.32,0.29,0.32,37400.0,0.020000000000000018
3.0,26.0,0.31,0.31,0.29,0.3,147500.0,-0.010000000000000009
3.0,25.0,0.333,0.34,0.3,0.31,180800.0,-0.02300000000000002
3.0,22.0,0.325,0.34,0.3,0.33,169500.0,0.0050000000000000044
3.0,21.0,0.32,0.33,0.32,0.325,168900.0,0.0050000000000000044
3.0,20.0,0.285,0.31,0.285,0.31,87800.0,0.025000000000000022
3.0,19.0,0.278,0.295,0.273,0.295,119000.0,0.01699999999999996
3.0,18.0,0.28,0.28,0.27,0.278,21600.0,-0.0020000000000000018
3.0,15.0,0.28,0.28,0.265,0.28,61400.0,0.0
3.0,14.0,0.268,0.28,0.268,0.28,366300.0,0.01200000000000001
3.0,13.0,0.3,0.314,0.26,0.273,331200.0,-0.02699999999999997
3.0,12.0,0.33,0.33,0.294,0.3,315300.0,-0.030000000000000027
3.0,11.0,0.338,0.338,0.311,0.33,213100.0,-0.008000000000000007
3.0,8.0,0.349,0.349,0.325,0.338,87200.0,-0.010999999999999954
3.0,7.0,0.355,0.36,0.324,0.335,195500.0,-0.019999999999999962
3.0,6.0,0.36,0.36,0.331,0.349,1013100.0,-0.01100000000000001
3.0,5.0,0.33,0.35,0.33,0.349,440600.0,0.01899999999999996
3.0,4.0,0.31,0.33,0.305,0.33,221300.0,0.020000000000000018
3.0,1.0,0.3,0.32,0.299,0.31,544300.0,0.010000000000000009
2.0,28.0,0.268,0.298,0.268,0.298,245600.0,0.02999999999999997
2.0,27.0,0.26,0.27,0.25,0.269,236300.0,0.009000000000000008
2.0,26.0,0.27,0.27,0.25,0.26,228200.0,-0.010000000000000009
2.0,25.0,0.25,0.27,0.23,0.27,373000.0,0.020000000000000018
2.0,22.0,0.254,0.27,0.24,0.25,274300.0,-0.0040000000000000036
2.0,21.0,0.24,0.265,0.239,0.258,187400.0,0.018000000000000016
2.0,20.0,0.228,0.245,0.2,0.235,288000.0,0.0069999999999999785
2.0,19.0,0.188,0.25,0.183,0.228,484400.0,0.04000000000000001
2.0,15.0,0.183,0.185,0.181,0.185,85100.0,0.0020000000000000018
2.0,14.0,0.18,0.183,0.175,0.183,135300.0,0.0030000000000000027
2.0,13.0,0.185,0.188,0.181,0.188,186500.0,0.0030000000000000027
2.0,12.0,0.18,0.185,0.18,0.18,100700.0,0.0
2.0,11.0,0.17,0.188,0.17,0.188,154200.0,0.017999999999999988
2.0,8.0,0.18,0.188,0.18,0.188,77800.0,0.008000000000000007
2.0,7.0,0.185,0.185,0.18,0.18,163900.0,-0.0050000000000000044
2.0,6.0,0.18,0.189,0.18,0.189,61700.0,0.009000000000000008
2.0,5.0,0.18,0.185,0.18,0.18,166400.0,0.0
2.0,4.0,0.19,0.19,0.177,0.18,23000.0,-0.010000000000000009
2.0,1.0,0.165,0.19,0.165,0.19,147800.0,0.024999999999999994
1.0,31.0,0.19,0.19,0.17,0.177,109700.0,-0.013000000000000012
1.0,30.0,0.19,0.19,0.18,0.19,81400.0,0.0
1.0,29.0,0.18,0.195,0.18,0.185,550700.0,0.0050000000000000044
1.0,28.0,0.17,0.18,0.17,0.18,233900.0,0.009999999999999981
1.0,25.0,0.171,0.171,0.155,0.165,85400.0,-0.006000000000000005
1.0,24.0,0.175,0.175,0.17,0.17,74400.0,-0.004999999999999977
1.0,23.0,0.17,0.175,0.17,0.175,38500.0,0.004999999999999977
1.0,22.0,0.16,0.175,0.16,0.175,64700.0,0.014999999999999986
1.0,18.0,0.16,0.17,0.16,0.17,17000.0,0.010000000000000009
1.0,17.0,0.16,0.169,0.16,0.169,140600.0,0.009000000000000008
1.0,16.0,0.162,0.17,0.16,0.17,282300.0,0.008000000000000007
1.0,15.0,0.156,0.165,0.156,0.164,30100.0,0.008000000000000007
1.0,14.0,0.16,0.168,0.16,0.165,70100.0,0.0050000000000000044
1.0,11.0,0.171,0.182,0.153,0.17,400500.0,-0.0010000000000000009
1.0,10.0,0.166,0.182,0.166,0.182,18700.0,0.015999999999999986
1.0,9.0,0.175,0.18,0.166,0.179,231600.0,0.0040000000000000036
1.0,8.0,0.175,0.183,0.175,0.183,68000.0,0.008000000000000007
1.0,7.0,0.168,0.183,0.168,0.183,47300.0,0.014999999999999986
1.0,4.0,0.175,0.175,0.165,0.17,138700.0,-0.004999999999999977
1.0,3.0,0.17,0.175,0.166,0.175,40800.0,0.004999999999999977
1.0,2.0,0.181,0.185,0.17,0.18,245600.0,-0.0010000000000000009
12.0,31.0,0.163,0.185,0.155,0.185,213200.0,0.021999999999999992
12.0,28.0,0.16,0.17,0.15,0.165,356200.0,0.0050000000000000044
12.0,27.0,0.162,0.175,0.16,0.165,125400.0,0.0030000000000000027
12.0,26.0,0.162,0.168,0.162,0.168,59800.0,0.006000000000000005
12.0,24.0,0.162,0.162,0.162,0.162,11200.0,0.0
12.0,21.0,0.162,0.167,0.162,0.162,35900.0,0.0
12.0,20.0,0.157,0.167,0.155,0.167,43400.0,0.010000000000000009
12.0,19.0,0.155,0.157,0.141,0.157,251700.0,0.0020000000000000018
12.0,18.0,0.14,0.155,0.137,0.15,179600.0,0.009999999999999981
12.0,17.0,0.135,0.145,0.135,0.14,66900.0,0.0050000000000000044
12.0,14.0,0.14,0.145,0.135,0.145,93400.0,0.004999999999999977
12.0,13.0,0.146,0.15,0.14,0.145,140100.0,-0.0010000000000000009
12.0,12.0,0.14,0.16,0.135,0.15,76200.0,0.009999999999999981
12.0,11.0,0.166,0.166,0.14,0.159,53200.0,-0.007000000000000006
12.0,10.0,0.168,0.168,0.14,0.168,80400.0,0.0
12.0,7.0,0.155,0.168,0.14,0.149,303800.0,-0.006000000000000005
12.0,6.0,0.155,0.16,0.155,0.16,28500.0,0.0050000000000000044
12.0,5.0,0.155,0.16,0.155,0.16,5100.0,0.0050000000000000044
12.0,4.0,0.16,0.168,0.155,0.165,71000.0,0.0050000000000000044
12.0,3.0,0.16,0.16,0.155,0.16,36000.0,0.0
11.0,30.0,0.157,0.165,0.155,0.165,40800.0,0.008000000000000007
11.0,29.0,0.16,0.165,0.155,0.165,87800.0,0.0050000000000000044
11.0,28.0,0.151,0.168,0.151,0.165,23100.0,0.014000000000000012
11.0,27.0,0.16,0.168,0.151,0.151,47600.0,-0.009000000000000008
11.0,26.0,0.168,0.168,0.155,0.155,77000.0,-0.013000000000000012
11.0,23.0,0.16,0.166,0.16,0.162,25300.0,0.0020000000000000018
11.0,21.0,0.156,0.169,0.15,0.166,27600.0,0.010000000000000009
11.0,20.0,0.143,0.155,0.14,0.153,96100.0,0.010000000000000009
11.0,19.0,0.155,0.155,0.15,0.155,69400.0,0.0
11.0,16.0,0.158,0.159,0.145,0.159,21400.0,0.0010000000000000009
11.0,15.0,0.14,0.158,0.14,0.158,40900.0,0.017999999999999988
11.0,14.0,0.159,0.159,0.145,0.15,57500.0,-0.009000000000000008
11.0,13.0,0.16,0.161,0.141,0.159,71700.0,-0.0010000000000000009
11.0,12.0,0.17,0.17,0.151,0.16,19700.0,-0.010000000000000009
11.0,9.0,0.15,0.17,0.15,0.153,46100.0,0.0030000000000000027
11.0,8.0,0.17,0.17,0.152,0.152,183700.0,-0.018000000000000016
11.0,7.0,0.155,0.17,0.15,0.16,22800.0,0.0050000000000000044
11.0,6.0,0.17,0.17,0.16,0.17,12300.0,0.0
11.0,5.0,0.17,0.17,0.15,0.17,4900.0,0.0
11.0,2.0,0.16,0.164,0.15,0.162,83800.0,0.0020000000000000018
11.0,1.0,0.16,0.165,0.16,0.16,34300.0,0.0
10.0,31.0,0.16,0.16,0.15,0.16,44300.0,0.0
10.0,26.0,0.16,0.17,0.145,0.16,55300.0,0.0
10.0,25.0,0.16,0.165,0.15,0.165,19100.0,0.0050000000000000044
10.0,24.0,0.15,0.17,0.15,0.165,85700.0,0.015000000000000013
10.0,23.0,0.169,0.17,0.165,0.17,168000.0,0.0010000000000000009
10.0,22.0,0.167,0.169,0.15,0.169,75300.0,0.0020000000000000018
10.0,19.0,0.161,0.173,0.16,0.16,40400.0,-0.0010000000000000009
10.0,18.0,0.17,0.175,0.161,0.175,5000.0,0.004999999999999977
10.0,17.0,0.175,0.175,0.162,0.175,60000.0,0.0
10.0,16.0,0.16,0.175,0.144,0.175,149900.0,0.014999999999999986
10.0,15.0,0.155,0.16,0.155,0.155,50700.0,0.0
10.0,12.0,0.16,0.16,0.16,0.16,1000.0,0.0
10.0,11.0,0.16,0.16,0.15,0.159,43500.0,-0.0010000000000000009
10.0,10.0,0.162,0.162,0.14,0.16,71800.0,-0.0020000000000000018
10.0,9.0,0.173,0.179,0.17,0.17,13200.0,-0.002999999999999975
10.0,8.0,0.169,0.179,0.155,0.172,93700.0,0.002999999999999975
10.0,5.0,0.165,0.17,0.15,0.169,89900.0,0.0040000000000000036
10.0,4.0,0.155,0.17,0.145,0.17,229600.0,0.015000000000000013
10.0,3.0,0.175,0.185,0.16,0.17,243800.0,-0.004999999999999977
10.0,2.0,0.185,0.19,0.168,0.185,48400.0,0.0
10.0,1.0,0.166,0.19,0.166,0.185,61600.0,0.01899999999999999
9.0,28.0,0.18,0.18,0.166,0.18,19200.0,0.0
9.0,27.0,0.18,0.19,0.166,0.18,174300.0,0.0
9.0,26.0,0.195,0.195,0.175,0.189,34300.0,-0.006000000000000005
9.0,25.0,0.2,0.204,0.19,0.195,105700.0,-0.0050000000000000044
9.0,24.0,0.19,0.204,0.175,0.204,103200.0,0.013999999999999985
9.0,21.0,0.175,0.195,0.17,0.19,77500.0,0.015000000000000013
9.0,20.0,0.18,0.18,0.165,0.175,81700.0,-0.0050000000000000044
9.0,19.0,0.183,0.19,0.163,0.178,177700.0,-0.0050000000000000044
9.0,18.0,0.167,0.178,0.167,0.17,43200.0,0.0030000000000000027
9.0,17.0,0.16,0.168,0.16,0.168,61700.0,0.008000000000000007
9.0,14.0,0.17,0.17,0.161,0.167,161300.0,-0.0030000000000000027
9.0,13.0,0.175,0.175,0.161,0.17,32900.0,-0.004999999999999977
9.0,12.0,0.179,0.179,0.163,0.169,53800.0,-0.009999999999999981
9.0,11.0,0.185,0.185,0.161,0.179,51400.0,-0.006000000000000005
9.0,10.0,0.16,0.175,0.16,0.175,151100.0,0.014999999999999986
9.0,7.0,0.17,0.175,0.156,0.165,166100.0,-0.0050000000000000044
9.0,6.0,0.169,0.179,0.162,0.179,269700.0,0.009999999999999981
9.0,5.0,0.13,0.18,0.13,0.169,359400.0,0.03900000000000001
9.0,4.0,0.155,0.155,0.121,0.13,385800.0,-0.024999999999999994
8.0,31.0,0.18,0.18,0.132,0.16,260900.0,-0.01999999999999999
8.0,30.0,0.18,0.183,0.175,0.18,174000.0,0.0
8.0,29.0,0.19,0.195,0.167,0.18,140800.0,-0.010000000000000009
8.0,28.0,0.2,0.2,0.183,0.19,148500.0,-0.010000000000000009
8.0,27.0,0.205,0.208,0.18,0.2,140700.0,-0.004999999999999977
8.0,24.0,0.203,0.215,0.202,0.202,20900.0,-0.0010000000000000009
8.0,23.0,0.21,0.215,0.2,0.21,85000.0,0.0
8.0,22.0,0.206,0.22,0.203,0.208,64700.0,0.0020000000000000018
8.0,21.0,0.21,0.22,0.2,0.22,156100.0,0.010000000000000009
8.0,20.0,0.215,0.22,0.201,0.22,164100.0,0.0050000000000000044
8.0,17.0,0.205,0.235,0.2,0.235,61200.0,0.03
8.0,16.0,0.235,0.235,0.2,0.235,141600.0,0.0
8.0,15.0,0.225,0.225,0.202,0.22,20500.0,-0.0050000000000000044
8.0,14.0,0.23,0.24,0.22,0.22,86800.0,-0.010000000000000009
8.0,13.0,0.24,0.24,0.23,0.232,54000.0,-0.00799999999999998
8.0,10.0,0.24,0.24,0.225,0.24,98900.0,0.0
8.0,9.0,0.233,0.24,0.231,0.232,131100.0,-0.0010000000000000009
8.0,8.0,0.24,0.24,0.231,0.235,45100.0,-0.0050000000000000044
8.0,7.0,0.24,0.24,0.235,0.24,121800.0,0.0
8.0,6.0,0.234,0.24,0.23,0.235,94200.0,9.999999999999731E-4
8.0,3.0,0.227,0.24,0.227,0.24,33700.0,0.012999999999999984
8.0,2.0,0.24,0.24,0.228,0.229,79500.0,-0.010999999999999982
8.0,1.0,0.24,0.24,0.226,0.24,35600.0,0.0
7.0,31.0,0.233,0.25,0.228,0.24,149800.0,0.0069999999999999785
7.0,30.0,0.245,0.245,0.225,0.236,90900.0,-0.009000000000000008
7.0,27.0,0.22,0.25,0.22,0.245,64800.0,0.024999999999999994
7.0,26.0,0.22,0.221,0.2,0.204,230900.0,-0.016000000000000014
7.0,25.0,0.22,0.235,0.22,0.22,84800.0,0.0
7.0,24.0,0.24,0.24,0.22,0.225,56400.0,-0.014999999999999986
7.0,23.0,0.235,0.24,0.23,0.24,35400.0,0.0050000000000000044
7.0,20.0,0.247,0.247,0.235,0.24,47500.0,-0.007000000000000006
7.0,19.0,0.24,0.247,0.23,0.247,87400.0,0.007000000000000006
7.0,18.0,0.23,0.265,0.23,0.24,57500.0,0.009999999999999981
7.0,17.0,0.235,0.25,0.23,0.25,57200.0,0.015000000000000013
7.0,16.0,0.25,0.26,0.233,0.25,63300.0,0.0
7.0,13.0,0.25,0.25,0.23,0.25,47000.0,0.0
7.0,12.0,0.23,0.25,0.22,0.25,98200.0,0.01999999999999999
7.0,11.0,0.26,0.26,0.22,0.239,77800.0,-0.02100000000000002
7.0,10.0,0.28,0.28,0.245,0.26,116800.0,-0.020000000000000018
7.0,9.0,0.285,0.285,0.25,0.28,165300.0,-0.004999999999999949
7.0,6.0,0.285,0.285,0.28,0.285,53500.0,0.0
7.0,5.0,0.275,0.3,0.275,0.3,110800.0,0.024999999999999967
7.0,3.0,0.275,0.285,0.275,0.285,47800.0,0.009999999999999953
7.0,2.0,0.29,0.29,0.275,0.282,38900.0,-0.008000000000000007
6.0,29.0,0.27,0.293,0.27,0.285,92800.0,0.014999999999999958
6.0,28.0,0.276,0.29,0.272,0.29,158300.0,0.013999999999999957
6.0,27.0,0.28,0.289,0.28,0.285,117700.0,0.004999999999999949
6.0,26.0,0.283,0.289,0.255,0.289,285400.0,0.006000000000000005
6.0,25.0,0.285,0.29,0.26,0.285,144400.0,0.0
6.0,22.0,0.269,0.293,0.243,0.293,92400.0,0.023999999999999966
6.0,21.0,0.255,0.28,0.255,0.269,81100.0,0.014000000000000012
6.0,20.0,0.255,0.27,0.24,0.27,99400.0,0.015000000000000013
6.0,19.0,0.25,0.27,0.24,0.255,273000.0,0.0050000000000000044
6.0,18.0,0.27,0.295,0.245,0.26,104700.0,-0.010000000000000009
6.0,15.0,0.24,0.27,0.22,0.27,117300.0,0.030000000000000027
6.0,14.0,0.24,0.264,0.24,0.25,57800.0,0.010000000000000009
6.0,13.0,0.25,0.27,0.23,0.264,243500.0,0.014000000000000012
6.0,12.0,0.23,0.25,0.215,0.25,67800.0,0.01999999999999999
6.0,11.0,0.21,0.23,0.207,0.23,79800.0,0.020000000000000018
6.0,8.0,0.219,0.219,0.21,0.218,93300.0,-0.0010000000000000009
6.0,7.0,0.219,0.219,0.211,0.219,58800.0,0.0
6.0,6.0,0.215,0.219,0.205,0.219,94400.0,0.0040000000000000036
6.0,5.0,0.207,0.22,0.205,0.215,150500.0,0.008000000000000007
6.0,4.0,0.2,0.23,0.2,0.22,137700.0,0.01999999999999999
6.0,1.0,0.21,0.23,0.2,0.225,189600.0,0.015000000000000013
5.0,31.0,0.23,0.23,0.215,0.215,40000.0,-0.015000000000000013
5.0,30.0,0.23,0.23,0.22,0.23,48100.0,0.0
5.0,29.0,0.224,0.23,0.224,0.23,31900.0,0.006000000000000005
5.0,25.0,0.224,0.23,0.22,0.224,22300.0,0.0
5.0,24.0,0.23,0.24,0.22,0.23,74000.0,0.0
5.0,23.0,0.23,0.237,0.22,0.23,148500.0,0.0
5.0,22.0,0.23,0.239,0.221,0.23,95500.0,0.0
5.0,21.0,0.24,0.245,0.23,0.23,127700.0,-0.009999999999999981
5.0,18.0,0.245,0.245,0.22,0.24,158000.0,-0.0050000000000000044
5.0,17.0,0.231,0.245,0.22,0.245,152900.0,0.013999999999999985
5.0,16.0,0.271,0.271,0.181,0.245,875700.0,-0.026000000000000023
5.0,15.0,0.282,0.299,0.282,0.29,178600.0,0.008000000000000007
5.0,14.0,0.299,0.299,0.282,0.295,148000.0,-0.0040000000000000036
5.0,11.0,0.281,0.299,0.281,0.295,122500.0,0.013999999999999957
5.0,10.0,0.28,0.3,0.28,0.295,156000.0,0.014999999999999958
5.0,9.0,0.29,0.29,0.275,0.285,48100.0,-0.0050000000000000044
5.0,8.0,0.29,0.29,0.28,0.29,26600.0,0.0
5.0,7.0,0.281,0.292,0.28,0.29,126200.0,0.008999999999999952
5.0,4.0,0.296,0.296,0.281,0.281,93800.0,-0.014999999999999958
5.0,3.0,0.271,0.3,0.271,0.296,101500.0,0.024999999999999967
5.0,2.0,0.299,0.299,0.28,0.29,285000.0,-0.009000000000000008
5.0,1.0,0.283,0.304,0.27,0.297,114000.0,0.014000000000000012
4.0,30.0,0.29,0.309,0.24,0.304,101400.0,0.014000000000000012
4.0,27.0,0.31,0.31,0.285,0.309,335800.0,-0.0010000000000000009
4.0,26.0,0.286,0.31,0.286,0.31,942100.0,0.02400000000000002
4.0,25.0,0.271,0.319,0.271,0.3,106500.0,0.02899999999999997
4.0,24.0,0.262,0.32,0.262,0.29,221000.0,0.02799999999999997
4.0,23.0,0.27,0.326,0.25,0.29,233000.0,0.019999999999999962
4.0,20.0,0.289,0.29,0.27,0.29,341400.0,0.0010000000000000009
4.0,19.0,0.24,0.29,0.24,0.28,262400.0,0.040000000000000036
4.0,18.0,0.25,0.272,0.245,0.272,445000.0,0.02200000000000002
4.0,17.0,0.25,0.255,0.24,0.245,236600.0,-0.0050000000000000044
4.0,16.0,0.24,0.255,0.24,0.25,346000.0,0.010000000000000009
4.0,13.0,0.25,0.265,0.23,0.235,388100.0,-0.015000000000000013
4.0,12.0,0.26,0.273,0.23,0.25,367400.0,-0.010000000000000009
4.0,11.0,0.269,0.28,0.235,0.275,148100.0,0.006000000000000005
4.0,10.0,0.277,0.277,0.249,0.249,119900.0,-0.028000000000000025
4.0,9.0,0.27,0.28,0.243,0.277,301500.0,0.007000000000000006
4.0,5.0,0.27,0.27,0.26,0.27,71200.0,0.0
4.0,4.0,0.265,0.279,0.26,0.27,84000.0,0.0050000000000000044
4.0,3.0,0.279,0.28,0.24,0.26,230000.0,-0.019000000000000017
4.0,2.0,0.27,0.28,0.26,0.278,87000.0,0.008000000000000007
3.0,30.0,0.27,0.28,0.27,0.28,134500.0,0.010000000000000009
3.0,29.0,0.29,0.29,0.265,0.275,213900.0,-0.014999999999999958
3.0,28.0,0.275,0.29,0.27,0.29,8400.0,0.014999999999999958
3.0,27.0,0.29,0.29,0.275,0.29,120500.0,0.0
3.0,26.0,0.27,0.29,0.27,0.29,83800.0,0.019999999999999962
3.0,23.0,0.296,0.296,0.275,0.28,56800.0,-0.01599999999999996
3.0,22.0,0.28,0.299,0.275,0.29,139800.0,0.009999999999999953
3.0,21.0,0.29,0.29,0.275,0.284,252400.0,-0.006000000000000005
3.0,20.0,0.281,0.299,0.281,0.299,142300.0,0.01799999999999996
3.0,19.0,0.287,0.3,0.285,0.29,142500.0,0.0030000000000000027
3.0,16.0,0.292,0.3,0.287,0.29,111100.0,-0.0020000000000000018
3.0,15.0,0.29,0.299,0.288,0.292,75400.0,0.0020000000000000018
3.0,14.0,0.29,0.3,0.288,0.293,95100.0,0.0030000000000000027
3.0,13.0,0.3,0.3,0.285,0.3,50000.0,0.0
3.0,12.0,0.31,0.31,0.29,0.3,179400.0,-0.010000000000000009
3.0,9.0,0.3,0.308,0.285,0.3,140000.0,0.0
3.0,8.0,0.31,0.31,0.299,0.3,46000.0,-0.010000000000000009
3.0,7.0,0.3,0.31,0.3,0.3,82400.0,0.0
3.0,6.0,0.32,0.32,0.3,0.31,111000.0,-0.010000000000000009
3.0,5.0,0.32,0.329,0.31,0.32,69500.0,0.0
3.0,2.0,0.32,0.329,0.3,0.325,165100.0,0.0050000000000000044
3.0,1.0,0.31,0.32,0.29,0.32,121000.0,0.010000000000000009
2.0,29.0,0.32,0.32,0.29,0.31,152700.0,-0.010000000000000009
2.0,28.0,0.295,0.32,0.295,0.31,115700.0,0.015000000000000013
2.0,27.0,0.32,0.329,0.296,0.3,128600.0,-0.020000000000000018
2.0,24.0,0.328,0.33,0.291,0.32,104600.0,-0.008000000000000007
2.0,23.0,0.33,0.34,0.29,0.32,74900.0,-0.010000000000000009
2.0,22.0,0.3,0.33,0.3,0.33,154200.0,0.030000000000000027
2.0,21.0,0.31,0.31,0.281,0.306,188600.0,-0.0040000000000000036
2.0,17.0,0.32,0.34,0.3,0.3,234900.0,-0.020000000000000018
2.0,16.0,0.35,0.35,0.309,0.31,323600.0,-0.03999999999999998
2.0,15.0,0.27,0.31,0.26,0.29,255700.0,0.019999999999999962
2.0,14.0,0.29,0.295,0.275,0.28,212500.0,-0.009999999999999953
2.0,13.0,0.27,0.299,0.251,0.299,117100.0,0.02899999999999997
2.0,10.0,0.28,0.28,0.265,0.27,113300.0,-0.010000000000000009
2.0,9.0,0.27,0.285,0.261,0.28,190500.0,0.010000000000000009
2.0,8.0,0.29,0.29,0.255,0.275,524700.0,-0.014999999999999958
2.0,7.0,0.285,0.294,0.27,0.29,355100.0,0.0050000000000000044
2.0,6.0,0.3,0.327,0.282,0.305,121600.0,0.0050000000000000044
2.0,3.0,0.31,0.32,0.281,0.31,284200.0,0.0
