6.0,19.0,0.03,0.03,0.03,0.03,0.0,0.0
6.0,18.0,0.03,0.03,0.03,0.03,0.0,0.0
6.0,17.0,0.03,0.03,0.03,0.03,0.0,0.0
6.0,16.0,0.03,0.03,0.03,0.03,0.0,0.0
6.0,15.0,0.03,0.03,0.03,0.03,0.0,0.0
6.0,12.0,0.03,0.03,0.03,0.03,0.0,0.0
6.0,11.0,0.03,0.03,0.03,0.03,0.0,0.0
6.0,10.0,0.03,0.03,0.03,0.03,0.0,0.0
6.0,9.0,0.03,0.03,0.03,0.03,0.0,0.0
6.0,8.0,0.03,0.03,0.03,0.03,0.0,0.0
6.0,5.0,0.03,0.03,0.03,0.03,0.0,0.0
6.0,4.0,0.03,0.03,0.03,0.03,0.0,0.0
6.0,3.0,0.03,0.03,0.03,0.03,0.0,0.0
6.0,2.0,0.03,0.03,0.03,0.03,0.0,0.0
6.0,1.0,0.03,0.03,0.03,0.03,0.0,0.0
5.0,29.0,0.03,0.03,0.03,0.03,0.0,0.0
5.0,28.0,0.03,0.03,0.03,0.03,10000.0,0.0
5.0,27.0,0.05,0.05,0.05,0.05,0.0,0.0
5.0,26.0,0.05,0.05,0.05,0.05,0.0,0.0
5.0,25.0,0.05,0.05,0.05,0.05,0.0,0.0
5.0,22.0,0.05,0.05,0.05,0.05,0.0,0.0
5.0,21.0,0.05,0.05,0.05,0.05,0.0,0.0
5.0,20.0,0.05,0.05,0.05,0.05,0.0,0.0
5.0,19.0,0.05,0.05,0.05,0.05,0.0,0.0
5.0,18.0,0.05,0.05,0.05,0.05,0.0,0.0
5.0,15.0,0.05,0.05,0.05,0.05,0.0,0.0
5.0,14.0,0.05,0.05,0.05,0.05,0.0,0.0
5.0,13.0,0.05,0.05,0.05,0.05,0.0,0.0
5.0,12.0,0.05,0.05,0.05,0.05,0.0,0.0
5.0,11.0,0.05,0.05,0.05,0.05,0.0,0.0
5.0,8.0,0.05,0.05,0.05,0.05,0.0,0.0
5.0,7.0,0.05,0.05,0.05,0.05,0.0,0.0
5.0,6.0,0.05,0.05,0.05,0.05,0.0,0.0
5.0,5.0,0.05,0.05,0.05,0.05,0.0,0.0
5.0,4.0,0.05,0.05,0.05,0.05,0.0,0.0
5.0,1.0,0.05,0.05,0.05,0.05,0.0,0.0
4.0,30.0,0.05,0.05,0.05,0.05,0.0,0.0
4.0,29.0,0.05,0.05,0.05,0.05,0.0,0.0
4.0,28.0,0.05,0.05,0.05,0.05,0.0,0.0
4.0,27.0,0.05,0.05,0.05,0.05,0.0,0.0
4.0,24.0,0.05,0.05,0.05,0.05,0.0,0.0
4.0,23.0,0.05,0.05,0.05,0.05,0.0,0.0
4.0,22.0,0.05,0.05,0.05,0.05,0.0,0.0
4.0,21.0,0.05,0.05,0.05,0.05,0.0,0.0
4.0,20.0,0.05,0.05,0.05,0.05,0.0,0.0
4.0,17.0,0.05,0.05,0.05,0.05,0.0,0.0
4.0,16.0,0.05,0.05,0.05,0.05,0.0,0.0
4.0,15.0,0.05,0.05,0.05,0.05,0.0,0.0
4.0,14.0,0.05,0.05,0.05,0.05,0.0,0.0
4.0,13.0,0.05,0.05,0.05,0.05,0.0,0.0
4.0,10.0,0.05,0.05,0.05,0.05,0.0,0.0
4.0,9.0,0.05,0.05,0.05,0.05,0.0,0.0
4.0,8.0,0.05,0.05,0.05,0.05,10000.0,0.0
4.0,7.0,0.025,0.025,0.025,0.025,0.0,0.0
4.0,6.0,0.025,0.025,0.025,0.025,0.0,0.0
4.0,3.0,0.025,0.025,0.025,0.025,0.0,0.0
4.0,2.0,0.025,0.025,0.025,0.025,0.0,0.0
4.0,1.0,0.025,0.025,0.025,0.025,5000.0,0.0
3.0,31.0,0.1,0.1,0.1,0.1,0.0,0.0
3.0,30.0,0.1,0.1,0.1,0.1,0.0,0.0
3.0,27.0,0.1,0.1,0.1,0.1,0.0,0.0
3.0,26.0,0.1,0.1,0.1,0.1,0.0,0.0
3.0,25.0,0.1,0.1,0.1,0.1,0.0,0.0
3.0,24.0,0.1,0.1,0.1,0.1,0.0,0.0
3.0,23.0,0.1,0.1,0.1,0.1,0.0,0.0
3.0,20.0,0.1,0.1,0.1,0.1,0.0,0.0
3.0,19.0,0.1,0.1,0.1,0.1,0.0,0.0
3.0,18.0,0.1,0.1,0.1,0.1,0.0,0.0
3.0,17.0,0.1,0.1,0.1,0.1,0.0,0.0
3.0,16.0,0.1,0.1,0.1,0.1,0.0,0.0
3.0,13.0,0.1,0.1,0.1,0.1,0.0,0.0
3.0,12.0,0.1,0.1,0.1,0.1,0.0,0.0
3.0,11.0,0.1,0.1,0.1,0.1,0.0,0.0
3.0,10.0,0.1,0.1,0.1,0.1,0.0,0.0
3.0,9.0,0.1,0.1,0.1,0.1,0.0,0.0
3.0,6.0,0.1,0.1,0.1,0.1,0.0,0.0
3.0,5.0,0.1,0.1,0.1,0.1,0.0,0.0
3.0,4.0,0.1,0.1,0.1,0.1,0.0,0.0
3.0,3.0,0.1,0.1,0.1,0.1,0.0,0.0
3.0,2.0,0.1,0.1,0.1,0.1,0.0,0.0
2.0,27.0,0.1,0.1,0.1,0.1,0.0,0.0
2.0,26.0,0.1,0.1,0.08,0.1,3100.0,0.0
2.0,25.0,0.044,0.044,0.044,0.044,1000.0,0.0
2.0,24.0,0.03,0.03,0.03,0.03,0.0,0.0
2.0,23.0,0.03,0.03,0.03,0.03,0.0,0.0
2.0,20.0,0.03,0.03,0.03,0.03,0.0,0.0
2.0,19.0,0.03,0.03,0.03,0.03,0.0,0.0
2.0,18.0,0.03,0.03,0.03,0.03,1000.0,0.0
2.0,17.0,0.025,0.025,0.025,0.025,0.0,0.0
2.0,16.0,0.025,0.025,0.025,0.025,0.0,0.0
2.0,13.0,0.025,0.025,0.025,0.025,0.0,0.0
2.0,12.0,0.025,0.025,0.025,0.025,0.0,0.0
2.0,11.0,0.025,0.025,0.025,0.025,0.0,0.0
2.0,10.0,0.025,0.025,0.025,0.025,0.0,0.0
2.0,9.0,0.025,0.025,0.025,0.025,0.0,0.0
2.0,6.0,0.025,0.025,0.025,0.025,0.0,0.0
2.0,5.0,0.025,0.025,0.025,0.025,0.0,0.0
2.0,4.0,0.025,0.025,0.025,0.025,0.0,0.0
2.0,3.0,0.025,0.025,0.025,0.025,0.0,0.0
2.0,2.0,0.025,0.025,0.025,0.025,0.0,0.0
1.0,30.0,0.025,0.025,0.025,0.025,0.0,0.0
1.0,29.0,0.025,0.025,0.025,0.025,0.0,0.0
1.0,28.0,0.025,0.025,0.025,0.025,0.0,0.0
1.0,27.0,0.025,0.025,0.025,0.025,0.0,0.0
1.0,26.0,0.025,0.025,0.025,0.025,0.0,0.0
1.0,23.0,0.025,0.025,0.025,0.025,0.0,0.0
1.0,22.0,0.025,0.025,0.025,0.025,0.0,0.0
1.0,21.0,0.025,0.025,0.025,0.025,0.0,0.0
1.0,20.0,0.025,0.025,0.025,0.025,0.0,0.0
1.0,19.0,0.025,0.025,0.025,0.025,0.0,0.0
1.0,16.0,0.025,0.025,0.025,0.025,3000.0,0.0
1.0,15.0,0.03,0.03,0.03,0.03,0.0,0.0
1.0,14.0,0.03,0.03,0.03,0.03,0.0,0.0
1.0,13.0,0.03,0.03,0.03,0.03,7000.0,0.0
1.0,12.0,0.03,0.03,0.03,0.03,0.0,0.0
1.0,9.0,0.03,0.03,0.03,0.03,0.0,0.0
1.0,8.0,0.03,0.03,0.03,0.03,0.0,0.0
1.0,7.0,0.03,0.03,0.03,0.03,0.0,0.0
1.0,6.0,0.03,0.03,0.03,0.03,9400.0,0.0
1.0,5.0,0.025,0.025,0.025,0.025,0.0,0.0
1.0,2.0,0.025,0.025,0.025,0.025,0.0,0.0
1.0,1.0,0.025,0.025,0.025,0.025,0.0,0.0
12.0,31.0,0.025,0.025,0.025,0.025,0.0,0.0
12.0,30.0,0.025,0.025,0.025,0.025,10000.0,0.0
12.0,29.0,0.025,0.025,0.025,0.025,0.0,0.0
12.0,26.0,0.025,0.025,0.025,0.025,0.0,0.0
12.0,25.0,0.025,0.025,0.025,0.025,0.0,0.0
12.0,24.0,0.025,0.025,0.025,0.025,0.0,0.0
12.0,23.0,0.025,0.025,0.025,0.025,0.0,0.0
12.0,22.0,0.025,0.025,0.025,0.025,0.0,0.0
12.0,19.0,0.025,0.025,0.025,0.025,0.0,0.0
12.0,18.0,0.025,0.025,0.025,0.025,0.0,0.0
12.0,17.0,0.025,0.025,0.025,0.025,0.0,0.0
12.0,16.0,0.025,0.025,0.025,0.025,0.0,0.0
12.0,15.0,0.025,0.025,0.025,0.025,0.0,0.0
12.0,12.0,0.025,0.025,0.025,0.025,0.0,0.0
12.0,11.0,0.025,0.025,0.025,0.025,0.0,0.0
12.0,10.0,0.025,0.025,0.025,0.025,0.0,0.0
12.0,9.0,0.025,0.025,0.025,0.025,0.0,0.0
12.0,8.0,0.025,0.025,0.025,0.025,0.0,0.0
12.0,5.0,0.025,0.025,0.025,0.025,0.0,0.0
12.0,4.0,0.025,0.025,0.025,0.025,0.0,0.0
12.0,3.0,0.025,0.025,0.025,0.025,0.0,0.0
12.0,2.0,0.025,0.025,0.025,0.025,0.0,0.0
12.0,1.0,0.025,0.025,0.025,0.025,0.0,0.0
11.0,28.0,0.025,0.025,0.025,0.025,0.0,0.0
11.0,27.0,0.025,0.025,0.025,0.025,0.0,0.0
11.0,26.0,0.025,0.025,0.025,0.025,0.0,0.0
11.0,25.0,0.025,0.025,0.025,0.025,0.0,0.0
11.0,24.0,0.025,0.025,0.025,0.025,0.0,0.0
11.0,21.0,0.025,0.025,0.025,0.025,0.0,0.0
11.0,20.0,0.025,0.025,0.025,0.025,0.0,0.0
11.0,19.0,0.025,0.025,0.025,0.025,0.0,0.0
11.0,18.0,0.025,0.025,0.025,0.025,0.0,0.0
11.0,17.0,0.025,0.025,0.025,0.025,0.0,0.0
11.0,14.0,0.025,0.025,0.025,0.025,0.0,0.0
11.0,13.0,0.025,0.025,0.025,0.025,0.0,0.0
11.0,12.0,0.025,0.025,0.025,0.025,0.0,0.0
11.0,11.0,0.025,0.025,0.025,0.025,0.0,0.0
11.0,10.0,0.025,0.025,0.025,0.025,0.0,0.0
11.0,7.0,0.025,0.025,0.025,0.025,100.0,0.0
11.0,6.0,0.035,0.035,0.035,0.035,0.0,0.0
11.0,5.0,0.035,0.035,0.035,0.035,0.0,0.0
11.0,4.0,0.035,0.035,0.035,0.035,0.0,0.0
11.0,3.0,0.035,0.035,0.035,0.035,0.0,0.0
10.0,31.0,0.035,0.035,0.035,0.035,0.0,0.0
10.0,30.0,0.035,0.035,0.035,0.035,0.0,0.0
10.0,29.0,0.035,0.035,0.035,0.035,0.0,0.0
10.0,28.0,0.035,0.035,0.035,0.035,0.0,0.0
10.0,27.0,0.035,0.035,0.035,0.035,0.0,0.0
10.0,24.0,0.035,0.035,0.035,0.035,0.0,0.0
10.0,23.0,0.035,0.035,0.035,0.035,0.0,0.0
10.0,22.0,0.035,0.035,0.035,0.035,0.0,0.0
10.0,21.0,0.035,0.035,0.035,0.035,0.0,0.0
10.0,20.0,0.035,0.035,0.035,0.035,0.0,0.0
10.0,17.0,0.035,0.035,0.035,0.035,0.0,0.0
10.0,16.0,0.035,0.035,0.035,0.035,0.0,0.0
10.0,15.0,0.035,0.035,0.035,0.035,0.0,0.0
10.0,14.0,0.035,0.035,0.035,0.035,0.0,0.0
10.0,13.0,0.035,0.035,0.035,0.035,0.0,0.0
10.0,10.0,0.035,0.035,0.035,0.035,0.0,0.0
10.0,9.0,0.035,0.035,0.035,0.035,0.0,0.0
10.0,8.0,0.035,0.035,0.035,0.035,15000.0,0.0
10.0,7.0,0.035,0.035,0.035,0.035,15000.0,0.0
10.0,6.0,0.035,0.035,0.035,0.035,15000.0,0.0
10.0,3.0,0.035,0.035,0.035,0.035,0.0,0.0
10.0,2.0,0.035,0.035,0.035,0.035,20000.0,0.0
10.0,1.0,0.025,0.025,0.025,0.025,0.0,0.0
9.0,30.0,0.025,0.025,0.025,0.025,100.0,0.0
9.0,29.0,0.025,0.025,0.025,0.025,0.0,0.0
9.0,26.0,0.025,0.025,0.025,0.025,0.0,0.0
9.0,25.0,0.025,0.025,0.025,0.025,0.0,0.0
9.0,24.0,0.025,0.025,0.025,0.025,0.0,0.0
9.0,23.0,0.025,0.025,0.025,0.025,0.0,0.0
9.0,22.0,0.025,0.025,0.025,0.025,0.0,0.0
9.0,19.0,0.025,0.025,0.025,0.025,400.0,0.0
9.0,18.0,0.03,0.035,0.03,0.035,40000.0,0.0050000000000000044
9.0,17.0,0.025,0.025,0.025,0.025,0.0,0.0
9.0,16.0,0.025,0.025,0.025,0.025,0.0,0.0
9.0,15.0,0.025,0.025,0.025,0.025,0.0,0.0
9.0,12.0,0.025,0.025,0.025,0.025,0.0,0.0
9.0,11.0,0.025,0.025,0.025,0.025,0.0,0.0
9.0,10.0,0.025,0.025,0.025,0.025,0.0,0.0
9.0,9.0,0.025,0.025,0.025,0.025,15000.0,0.0
9.0,8.0,0.03,0.03,0.03,0.03,0.0,0.0
9.0,5.0,0.03,0.03,0.03,0.03,0.0,0.0
9.0,4.0,0.03,0.03,0.03,0.03,0.0,0.0
9.0,3.0,0.03,0.03,0.03,0.03,0.0,0.0
9.0,2.0,0.03,0.03,0.03,0.03,0.0,0.0
9.0,1.0,0.03,0.03,0.03,0.03,0.0,0.0
8.0,29.0,0.03,0.03,0.03,0.03,0.0,0.0
8.0,28.0,0.03,0.03,0.03,0.03,10000.0,0.0
8.0,27.0,0.035,0.035,0.035,0.035,0.0,0.0
8.0,26.0,0.035,0.035,0.035,0.035,20000.0,0.0
8.0,25.0,0.03,0.03,0.03,0.03,0.0,0.0
8.0,22.0,0.03,0.03,0.03,0.03,0.0,0.0
8.0,21.0,0.03,0.03,0.03,0.03,0.0,0.0
8.0,20.0,0.03,0.03,0.03,0.03,0.0,0.0
8.0,19.0,0.03,0.03,0.03,0.03,0.0,0.0
8.0,18.0,0.03,0.03,0.03,0.03,0.0,0.0
8.0,15.0,0.03,0.03,0.03,0.03,0.0,0.0
8.0,14.0,0.03,0.03,0.03,0.03,0.0,0.0
8.0,13.0,0.03,0.03,0.03,0.03,0.0,0.0
8.0,12.0,0.03,0.03,0.03,0.03,0.0,0.0
8.0,11.0,0.03,0.03,0.03,0.03,0.0,0.0
8.0,8.0,0.03,0.03,0.03,0.03,0.0,0.0
8.0,7.0,0.03,0.03,0.03,0.03,0.0,0.0
8.0,6.0,0.03,0.03,0.03,0.03,0.0,0.0
8.0,5.0,0.03,0.03,0.03,0.03,0.0,0.0
8.0,4.0,0.03,0.03,0.03,0.03,0.0,0.0
8.0,1.0,0.03,0.03,0.03,0.03,2900.0,0.0
7.0,31.0,0.03,0.03,0.03,0.03,0.0,0.0
7.0,30.0,0.03,0.03,0.03,0.03,0.0,0.0
7.0,29.0,0.03,0.03,0.03,0.03,0.0,0.0
7.0,28.0,0.03,0.03,0.03,0.03,0.0,0.0
7.0,25.0,0.03,0.03,0.03,0.03,0.0,0.0
7.0,24.0,0.03,0.03,0.03,0.03,0.0,0.0
7.0,23.0,0.03,0.03,0.03,0.03,0.0,0.0
7.0,22.0,0.03,0.03,0.03,0.03,0.0,0.0
7.0,21.0,0.03,0.03,0.03,0.03,0.0,0.0
7.0,18.0,0.03,0.03,0.03,0.03,0.0,0.0
7.0,17.0,0.03,0.03,0.03,0.03,0.0,0.0
7.0,16.0,0.03,0.03,0.03,0.03,0.0,0.0
7.0,15.0,0.03,0.03,0.03,0.03,0.0,0.0
7.0,14.0,0.03,0.03,0.03,0.03,0.0,0.0
7.0,11.0,0.03,0.03,0.03,0.03,0.0,0.0
7.0,10.0,0.03,0.03,0.03,0.03,0.0,0.0
7.0,9.0,0.03,0.03,0.03,0.03,0.0,0.0
7.0,8.0,0.03,0.03,0.03,0.03,18400.0,0.0
7.0,7.0,0.03,0.03,0.03,0.03,0.0,0.0
7.0,4.0,0.03,0.03,0.03,0.03,0.0,0.0
7.0,3.0,0.03,0.03,0.03,0.03,0.0,0.0
7.0,2.0,0.03,0.03,0.03,0.03,0.0,0.0
7.0,1.0,0.03,0.03,0.03,0.03,0.0,0.0
6.0,30.0,0.03,0.03,0.03,0.03,0.0,0.0
6.0,27.0,0.03,0.03,0.03,0.03,1000.0,0.0
6.0,26.0,0.03,0.03,0.03,0.03,0.0,0.0
6.0,25.0,0.03,0.03,0.03,0.03,0.0,0.0
6.0,24.0,0.03,0.03,0.03,0.03,10000.0,0.0
6.0,23.0,0.03,0.03,0.03,0.03,0.0,0.0
6.0,20.0,0.03,0.03,0.03,0.03,0.0,0.0
6.0,19.0,0.03,0.03,0.03,0.03,0.0,0.0
6.0,18.0,0.03,0.03,0.03,0.03,0.0,0.0
6.0,17.0,0.03,0.03,0.03,0.03,0.0,0.0
6.0,16.0,0.03,0.03,0.03,0.03,4600.0,0.0
6.0,13.0,0.035,0.035,0.035,0.035,0.0,0.0
6.0,12.0,0.035,0.035,0.035,0.035,0.0,0.0
6.0,11.0,0.035,0.035,0.035,0.035,20000.0,0.0
6.0,10.0,0.025,0.025,0.025,0.025,0.0,0.0
6.0,9.0,0.025,0.025,0.025,0.025,0.0,0.0
6.0,6.0,0.025,0.025,0.025,0.025,0.0,0.0
6.0,5.0,0.025,0.025,0.025,0.025,0.0,0.0
6.0,4.0,0.025,0.025,0.025,0.025,0.0,0.0
6.0,3.0,0.025,0.025,0.025,0.025,0.0,0.0
6.0,2.0,0.025,0.025,0.025,0.025,0.0,0.0
5.0,30.0,0.025,0.025,0.025,0.025,0.0,0.0
5.0,29.0,0.025,0.025,0.025,0.025,0.0,0.0
5.0,28.0,0.025,0.025,0.025,0.025,0.0,0.0
5.0,27.0,0.025,0.025,0.025,0.025,0.0,0.0
5.0,26.0,0.025,0.025,0.025,0.025,0.0,0.0
5.0,23.0,0.025,0.025,0.025,0.025,0.0,0.0
5.0,22.0,0.025,0.025,0.025,0.025,0.0,0.0
5.0,21.0,0.025,0.025,0.025,0.025,0.0,0.0
5.0,20.0,0.025,0.025,0.025,0.025,0.0,0.0
5.0,19.0,0.025,0.025,0.025,0.025,0.0,0.0
5.0,16.0,0.025,0.025,0.025,0.025,0.0,0.0
5.0,15.0,0.025,0.025,0.025,0.025,0.0,0.0
5.0,14.0,0.025,0.025,0.025,0.025,0.0,0.0
5.0,13.0,0.025,0.025,0.025,0.025,0.0,0.0
5.0,12.0,0.025,0.025,0.025,0.025,700.0,0.0
5.0,9.0,0.035,0.035,0.035,0.035,0.0,0.0
5.0,8.0,0.035,0.035,0.035,0.035,0.0,0.0
5.0,7.0,0.035,0.035,0.035,0.035,0.0,0.0
5.0,6.0,0.035,0.035,0.035,0.035,0.0,0.0
5.0,5.0,0.035,0.035,0.035,0.035,0.0,0.0
5.0,2.0,0.035,0.035,0.035,0.035,0.0,0.0
5.0,1.0,0.035,0.035,0.035,0.035,0.0,0.0
4.0,30.0,0.035,0.035,0.035,0.035,0.0,0.0
4.0,29.0,0.035,0.035,0.035,0.035,0.0,0.0
4.0,28.0,0.035,0.035,0.035,0.035,0.0,0.0
4.0,25.0,0.035,0.035,0.035,0.035,0.0,0.0
4.0,24.0,0.035,0.035,0.035,0.035,0.0,0.0
4.0,23.0,0.035,0.035,0.035,0.035,0.0,0.0
4.0,22.0,0.035,0.035,0.035,0.035,0.0,0.0
4.0,21.0,0.035,0.035,0.035,0.035,0.0,0.0
4.0,18.0,0.035,0.035,0.035,0.035,0.0,0.0
4.0,17.0,0.035,0.035,0.035,0.035,0.0,0.0
4.0,16.0,0.035,0.035,0.035,0.035,32500.0,0.0
4.0,15.0,0.02,0.02,0.02,0.02,0.0,0.0
4.0,14.0,0.02,0.02,0.02,0.02,0.0,0.0
4.0,11.0,0.02,0.02,0.02,0.02,0.0,0.0
4.0,10.0,0.02,0.02,0.02,0.02,1500.0,0.0
4.0,9.0,0.035,0.035,0.035,0.035,0.0,0.0
4.0,8.0,0.035,0.035,0.035,0.035,0.0,0.0
4.0,7.0,0.035,0.035,0.035,0.035,0.0,0.0
4.0,4.0,0.035,0.035,0.035,0.035,0.0,0.0
4.0,3.0,0.035,0.035,0.035,0.035,0.0,0.0
4.0,2.0,0.035,0.035,0.035,0.035,0.0,0.0
4.0,1.0,0.035,0.035,0.035,0.035,0.0,0.0
3.0,31.0,0.035,0.035,0.035,0.035,0.0,0.0
3.0,28.0,0.035,0.035,0.035,0.035,0.0,0.0
3.0,27.0,0.035,0.035,0.035,0.035,0.0,0.0
3.0,26.0,0.035,0.035,0.035,0.035,0.0,0.0
3.0,25.0,0.035,0.035,0.035,0.035,0.0,0.0
3.0,24.0,0.035,0.035,0.035,0.035,0.0,0.0
3.0,21.0,0.035,0.035,0.035,0.035,0.0,0.0
3.0,20.0,0.035,0.035,0.035,0.035,0.0,0.0
3.0,19.0,0.035,0.035,0.035,0.035,0.0,0.0
3.0,18.0,0.035,0.035,0.035,0.035,0.0,0.0
3.0,17.0,0.035,0.035,0.035,0.035,0.0,0.0
3.0,14.0,0.035,0.035,0.035,0.035,0.0,0.0
3.0,13.0,0.035,0.035,0.035,0.035,0.0,0.0
3.0,12.0,0.035,0.035,0.035,0.035,0.0,0.0
3.0,11.0,0.035,0.035,0.035,0.035,0.0,0.0
3.0,10.0,0.035,0.035,0.035,0.035,0.0,0.0
3.0,7.0,0.035,0.035,0.035,0.035,0.0,0.0
3.0,6.0,0.035,0.035,0.035,0.035,0.0,0.0
3.0,5.0,0.035,0.035,0.035,0.035,0.0,0.0
3.0,4.0,0.035,0.035,0.035,0.035,0.0,0.0
3.0,3.0,0.035,0.035,0.035,0.035,5900.0,0.0
2.0,28.0,0.035,0.035,0.035,0.035,12400.0,0.0
2.0,27.0,0.02,0.02,0.02,0.02,0.0,0.0
2.0,26.0,0.02,0.02,0.02,0.02,0.0,0.0
2.0,25.0,0.02,0.02,0.02,0.02,0.0,0.0
2.0,24.0,0.02,0.02,0.02,0.02,0.0,0.0
2.0,21.0,0.02,0.02,0.02,0.02,0.0,0.0
2.0,20.0,0.02,0.02,0.02,0.02,0.0,0.0
2.0,19.0,0.02,0.02,0.02,0.02,0.0,0.0
2.0,18.0,0.02,0.02,0.02,0.02,0.0,0.0
2.0,17.0,0.02,0.02,0.02,0.02,0.0,0.0
2.0,14.0,0.02,0.02,0.02,0.02,0.0,0.0
2.0,13.0,0.02,0.02,0.02,0.02,0.0,0.0
2.0,12.0,0.02,0.02,0.02,0.02,0.0,0.0
2.0,11.0,0.02,0.02,0.02,0.02,0.0,0.0
2.0,10.0,0.02,0.02,0.02,0.02,0.0,0.0
2.0,7.0,0.02,0.02,0.02,0.02,0.0,0.0
2.0,6.0,0.02,0.02,0.02,0.02,0.0,0.0
2.0,5.0,0.02,0.02,0.02,0.02,0.0,0.0
2.0,4.0,0.02,0.02,0.02,0.02,0.0,0.0
2.0,3.0,0.02,0.02,0.02,0.02,0.0,0.0
1.0,31.0,0.02,0.02,0.02,0.02,0.0,0.0
1.0,30.0,0.02,0.02,0.02,0.02,0.0,0.0
1.0,29.0,0.02,0.02,0.02,0.02,0.0,0.0
1.0,28.0,0.02,0.02,0.02,0.02,0.0,0.0
1.0,27.0,0.02,0.02,0.02,0.02,0.0,0.0
1.0,24.0,0.02,0.02,0.02,0.02,0.0,0.0
1.0,23.0,0.035,0.035,0.02,0.02,32900.0,-0.015000000000000003
1.0,22.0,0.035,0.035,0.035,0.035,0.0,0.0
1.0,21.0,0.035,0.035,0.035,0.035,0.0,0.0
1.0,20.0,0.035,0.035,0.035,0.035,0.0,0.0
1.0,17.0,0.035,0.035,0.035,0.035,0.0,0.0
1.0,16.0,0.035,0.035,0.035,0.035,0.0,0.0
1.0,15.0,0.035,0.035,0.035,0.035,0.0,0.0
1.0,14.0,0.035,0.035,0.035,0.035,10500.0,0.0
1.0,13.0,0.035,0.035,0.035,0.035,0.0,0.0
1.0,10.0,0.035,0.035,0.035,0.035,0.0,0.0
1.0,9.0,0.035,0.035,0.035,0.035,0.0,0.0
1.0,8.0,0.035,0.035,0.035,0.035,0.0,0.0
1.0,7.0,0.035,0.035,0.035,0.035,0.0,0.0
1.0,6.0,0.035,0.035,0.035,0.035,0.0,0.0
1.0,3.0,0.035,0.035,0.035,0.035,0.0,0.0
1.0,2.0,0.035,0.035,0.035,0.035,0.0,0.0
1.0,1.0,0.035,0.035,0.035,0.035,0.0,0.0
12.0,31.0,0.035,0.035,0.035,0.035,0.0,0.0
12.0,30.0,0.035,0.035,0.035,0.035,0.0,0.0
12.0,27.0,0.035,0.035,0.035,0.035,0.0,0.0
12.0,26.0,0.035,0.035,0.035,0.035,0.0,0.0
12.0,25.0,0.035,0.035,0.035,0.035,0.0,0.0
12.0,24.0,0.035,0.035,0.035,0.035,0.0,0.0
12.0,23.0,0.035,0.035,0.035,0.035,100.0,0.0
12.0,20.0,0.035,0.035,0.035,0.035,0.0,0.0
12.0,19.0,0.035,0.035,0.035,0.035,0.0,0.0
12.0,18.0,0.035,0.035,0.035,0.035,0.0,0.0
12.0,17.0,0.035,0.035,0.035,0.035,0.0,0.0
12.0,16.0,0.035,0.035,0.035,0.035,0.0,0.0
12.0,13.0,0.035,0.035,0.035,0.035,0.0,0.0
12.0,12.0,0.035,0.035,0.035,0.035,0.0,0.0
12.0,11.0,0.035,0.035,0.035,0.035,0.0,0.0
12.0,10.0,0.035,0.035,0.035,0.035,0.0,0.0
12.0,9.0,0.035,0.035,0.035,0.035,0.0,0.0
12.0,6.0,0.035,0.035,0.035,0.035,0.0,0.0
12.0,5.0,0.035,0.035,0.035,0.035,0.0,0.0
12.0,4.0,0.035,0.035,0.035,0.035,0.0,0.0
12.0,3.0,0.035,0.035,0.035,0.035,2000.0,0.0
12.0,2.0,0.04,0.04,0.04,0.04,0.0,0.0
11.0,29.0,0.04,0.04,0.04,0.04,0.0,0.0
11.0,28.0,0.04,0.04,0.04,0.04,0.0,0.0
11.0,27.0,0.04,0.04,0.04,0.04,0.0,0.0
11.0,26.0,0.04,0.04,0.04,0.04,0.0,0.0
11.0,25.0,0.04,0.04,0.04,0.04,1500.0,0.0
11.0,22.0,0.035,0.035,0.035,0.035,0.0,0.0
11.0,21.0,0.035,0.035,0.035,0.035,0.0,0.0
11.0,20.0,0.035,0.035,0.035,0.035,0.0,0.0
11.0,19.0,0.035,0.035,0.035,0.035,0.0,0.0
11.0,18.0,0.035,0.035,0.035,0.035,0.0,0.0
11.0,15.0,0.035,0.035,0.035,0.035,1000.0,0.0
11.0,14.0,0.04,0.04,0.04,0.04,0.0,0.0
11.0,13.0,0.04,0.04,0.04,0.04,0.0,0.0
11.0,12.0,0.04,0.04,0.04,0.04,0.0,0.0
11.0,11.0,0.04,0.04,0.04,0.04,500.0,0.0
11.0,8.0,0.04,0.04,0.04,0.04,1000.0,0.0
11.0,7.0,0.06,0.06,0.06,0.06,0.0,0.0
11.0,6.0,0.06,0.06,0.06,0.06,0.0,0.0
11.0,5.0,0.06,0.06,0.06,0.06,0.0,0.0
11.0,4.0,0.06,0.06,0.06,0.06,0.0,0.0
11.0,1.0,0.06,0.06,0.06,0.06,0.0,0.0
10.0,31.0,0.06,0.06,0.06,0.06,0.0,0.0
10.0,30.0,0.06,0.06,0.06,0.06,0.0,0.0
10.0,29.0,0.06,0.06,0.06,0.06,0.0,0.0
10.0,28.0,0.06,0.06,0.06,0.06,0.0,0.0
10.0,25.0,0.06,0.06,0.06,0.06,0.0,0.0
10.0,24.0,0.06,0.06,0.06,0.06,0.0,0.0
10.0,23.0,0.06,0.06,0.06,0.06,0.0,0.0
10.0,22.0,0.06,0.06,0.06,0.06,0.0,0.0
10.0,21.0,0.06,0.06,0.06,0.06,0.0,0.0
10.0,18.0,0.06,0.06,0.06,0.06,0.0,0.0
10.0,17.0,0.06,0.06,0.06,0.06,0.0,0.0
10.0,16.0,0.06,0.06,0.06,0.06,0.0,0.0
10.0,15.0,0.06,0.06,0.06,0.06,0.0,0.0
10.0,14.0,0.06,0.06,0.06,0.06,25000.0,0.0
10.0,11.0,0.06,0.06,0.06,0.06,0.0,0.0
10.0,10.0,0.06,0.06,0.06,0.06,0.0,0.0
10.0,9.0,0.06,0.06,0.06,0.06,0.0,0.0
10.0,8.0,0.06,0.06,0.06,0.06,0.0,0.0
10.0,7.0,0.06,0.06,0.06,0.06,0.0,0.0
10.0,4.0,0.06,0.06,0.06,0.06,10000.0,0.0
10.0,3.0,0.06,0.06,0.06,0.06,0.0,0.0
10.0,2.0,0.06,0.06,0.06,0.06,0.0,0.0
10.0,1.0,0.0529,0.06,0.0529,0.06,4500.0,0.007099999999999995
9.0,30.0,0.05,0.05,0.05,0.05,0.0,0.0
9.0,27.0,0.05,0.05,0.05,0.05,5000.0,0.0
9.0,26.0,0.05,0.05,0.05,0.05,0.0,0.0
9.0,25.0,0.05,0.05,0.05,0.05,0.0,0.0
9.0,24.0,0.05,0.05,0.05,0.05,0.0,0.0
9.0,23.0,0.05,0.05,0.05,0.05,0.0,0.0
9.0,20.0,0.05,0.05,0.05,0.05,0.0,0.0
9.0,19.0,0.05,0.05,0.05,0.05,0.0,0.0
9.0,18.0,0.05,0.05,0.05,0.05,0.0,0.0
9.0,17.0,0.05,0.05,0.05,0.05,0.0,0.0
9.0,16.0,0.05,0.05,0.05,0.05,0.0,0.0
9.0,13.0,0.05,0.05,0.05,0.05,0.0,0.0
9.0,12.0,0.05,0.05,0.05,0.05,0.0,0.0
9.0,11.0,0.05,0.05,0.05,0.05,0.0,0.0
9.0,10.0,0.05,0.05,0.05,0.05,0.0,0.0
9.0,9.0,0.05,0.05,0.05,0.05,0.0,0.0
9.0,6.0,0.05,0.05,0.05,0.05,0.0,0.0
9.0,5.0,0.05,0.05,0.05,0.05,0.0,0.0
9.0,4.0,0.05,0.05,0.05,0.05,0.0,0.0
9.0,3.0,0.05,0.05,0.05,0.05,0.0,0.0
9.0,2.0,0.05,0.05,0.05,0.05,0.0,0.0
8.0,30.0,0.05,0.05,0.05,0.05,20000.0,0.0
8.0,29.0,0.045,0.045,0.045,0.045,0.0,0.0
8.0,28.0,0.045,0.045,0.045,0.045,0.0,0.0
8.0,27.0,0.045,0.045,0.045,0.045,0.0,0.0
8.0,26.0,0.045,0.045,0.045,0.045,5000.0,0.0
8.0,23.0,0.045,0.045,0.045,0.045,0.0,0.0
8.0,22.0,0.045,0.045,0.045,0.045,0.0,0.0
8.0,21.0,0.045,0.045,0.045,0.045,0.0,0.0
8.0,20.0,0.045,0.045,0.045,0.045,0.0,0.0
8.0,19.0,0.045,0.045,0.045,0.045,0.0,0.0
8.0,16.0,0.045,0.045,0.045,0.045,0.0,0.0
8.0,15.0,0.045,0.045,0.045,0.045,5000.0,0.0
8.0,14.0,0.05,0.05,0.05,0.05,0.0,0.0
8.0,13.0,0.05,0.05,0.05,0.05,0.0,0.0
8.0,12.0,0.05,0.05,0.05,0.05,0.0,0.0
8.0,9.0,0.05,0.05,0.05,0.05,0.0,0.0
8.0,8.0,0.05,0.05,0.05,0.05,0.0,0.0
8.0,7.0,0.05,0.05,0.05,0.05,0.0,0.0
8.0,6.0,0.045,0.05,0.045,0.05,20000.0,0.0050000000000000044
8.0,5.0,0.04,0.04,0.04,0.04,17500.0,0.0
8.0,2.0,0.035,0.035,0.035,0.035,0.0,0.0
8.0,1.0,0.035,0.035,0.035,0.035,0.0,0.0
7.0,31.0,0.035,0.035,0.035,0.035,0.0,0.0
7.0,30.0,0.035,0.035,0.035,0.035,0.0,0.0
7.0,29.0,0.03,0.035,0.03,0.035,20000.0,0.0050000000000000044
7.0,26.0,0.025,0.025,0.025,0.025,0.0,0.0
7.0,25.0,0.025,0.025,0.025,0.025,6000.0,0.0
7.0,24.0,0.03,0.03,0.03,0.03,4000.0,0.0
7.0,23.0,0.03,0.03,0.03,0.03,0.0,0.0
7.0,22.0,0.03,0.03,0.03,0.03,10000.0,0.0
7.0,19.0,0.035,0.035,0.035,0.035,0.0,0.0
7.0,18.0,0.035,0.035,0.035,0.035,0.0,0.0
7.0,17.0,0.035,0.035,0.035,0.035,0.0,0.0
7.0,16.0,0.035,0.035,0.035,0.035,0.0,0.0
7.0,15.0,0.035,0.035,0.035,0.035,0.0,0.0
7.0,12.0,0.035,0.035,0.035,0.035,0.0,0.0
7.0,11.0,0.035,0.035,0.035,0.035,0.0,0.0
7.0,10.0,0.035,0.035,0.035,0.035,0.0,0.0
7.0,9.0,0.035,0.035,0.035,0.035,0.0,0.0
7.0,8.0,0.035,0.035,0.035,0.035,0.0,0.0
7.0,5.0,0.035,0.035,0.035,0.035,0.0,0.0
7.0,4.0,0.035,0.035,0.035,0.035,0.0,0.0
7.0,3.0,0.035,0.035,0.035,0.035,0.0,0.0
7.0,2.0,0.035,0.035,0.035,0.035,0.0,0.0
7.0,1.0,0.035,0.035,0.035,0.035,0.0,0.0
6.0,28.0,0.034,0.035,0.034,0.035,20000.0,0.0010000000000000009
6.0,27.0,0.034,0.034,0.034,0.034,4000.0,0.0
6.0,26.0,0.034,0.034,0.034,0.034,0.0,0.0
6.0,25.0,0.034,0.034,0.034,0.034,0.0,0.0
6.0,24.0,0.034,0.034,0.034,0.034,0.0,0.0
6.0,21.0,0.034,0.034,0.034,0.034,0.0,0.0
6.0,20.0,0.034,0.034,0.034,0.034,0.0,0.0
6.0,19.0,0.034,0.034,0.034,0.034,0.0,0.0
6.0,18.0,0.034,0.034,0.034,0.034,0.0,0.0
6.0,17.0,0.034,0.034,0.034,0.034,0.0,0.0
6.0,14.0,0.034,0.034,0.034,0.034,0.0,0.0
6.0,13.0,0.034,0.034,0.034,0.034,0.0,0.0
6.0,12.0,0.034,0.034,0.034,0.034,0.0,0.0
6.0,11.0,0.034,0.034,0.034,0.034,0.0,0.0
6.0,10.0,0.034,0.034,0.034,0.034,0.0,0.0
6.0,7.0,0.034,0.034,0.034,0.034,3000.0,0.0
6.0,6.0,0.034,0.034,0.034,0.034,0.0,0.0
6.0,5.0,0.034,0.034,0.034,0.034,0.0,0.0
6.0,4.0,0.034,0.034,0.034,0.034,0.0,0.0
6.0,3.0,0.034,0.034,0.034,0.034,0.0,0.0
5.0,31.0,0.034,0.034,0.034,0.034,4000.0,0.0
5.0,30.0,0.034,0.034,0.034,0.034,0.0,0.0
5.0,29.0,0.034,0.034,0.034,0.034,0.0,0.0
5.0,28.0,0.034,0.034,0.034,0.034,4000.0,0.0
5.0,27.0,0.034,0.034,0.034,0.034,0.0,0.0
5.0,24.0,0.034,0.034,0.034,0.034,0.0,0.0
5.0,23.0,0.034,0.034,0.034,0.034,0.0,0.0
5.0,22.0,0.034,0.034,0.034,0.034,4500.0,0.0
5.0,21.0,0.034,0.034,0.034,0.034,0.0,0.0
5.0,20.0,0.034,0.034,0.034,0.034,3900.0,0.0
5.0,17.0,0.025,0.025,0.025,0.025,0.0,0.0
5.0,16.0,0.025,0.025,0.025,0.025,0.0,0.0
5.0,15.0,0.039,0.039,0.025,0.025,34000.0,-0.013999999999999999
5.0,14.0,0.039,0.039,0.039,0.039,4000.0,0.0
5.0,13.0,0.0405,0.0405,0.02,0.02,90500.0,-0.0205
5.0,10.0,0.0405,0.0405,0.0405,0.0405,0.0,0.0
5.0,9.0,0.0405,0.0405,0.0405,0.0405,0.0,0.0
5.0,8.0,0.0405,0.0405,0.0405,0.0405,0.0,0.0
5.0,7.0,0.0405,0.0405,0.0405,0.0405,0.0,0.0
5.0,6.0,0.0405,0.0405,0.0405,0.0405,0.0,0.0
5.0,3.0,0.0405,0.0405,0.0405,0.0405,0.0,0.0
5.0,2.0,0.0405,0.0405,0.0405,0.0405,0.0,0.0
5.0,1.0,0.0405,0.0405,0.0405,0.0405,0.0,0.0
4.0,30.0,0.0405,0.0405,0.0405,0.0405,0.0,0.0
4.0,29.0,0.0405,0.0405,0.0405,0.0405,0.0,0.0
4.0,26.0,0.0405,0.0405,0.0405,0.0405,0.0,0.0
4.0,25.0,0.0405,0.0405,0.0405,0.0405,0.0,0.0
4.0,24.0,0.0405,0.0405,0.0405,0.0405,0.0,0.0
4.0,23.0,0.0405,0.0405,0.0405,0.0405,10000.0,0.0
4.0,22.0,0.0405,0.0405,0.0405,0.0405,0.0,0.0
4.0,19.0,0.0405,0.0405,0.0405,0.0405,0.0,0.0
4.0,18.0,0.0405,0.0405,0.0405,0.0405,0.0,0.0
4.0,17.0,0.0405,0.0405,0.0405,0.0405,0.0,0.0
4.0,16.0,0.0405,0.0405,0.0405,0.0405,4000.0,0.0
4.0,15.0,0.0405,0.0405,0.0405,0.0405,0.0,0.0
4.0,12.0,0.0405,0.0405,0.0405,0.0405,0.0,0.0
4.0,11.0,0.0405,0.0405,0.0405,0.0405,0.0,0.0
4.0,10.0,0.0405,0.0405,0.0405,0.0405,21500.0,0.0
4.0,9.0,0.0405,0.0405,0.0405,0.0405,0.0,0.0
4.0,8.0,0.0405,0.0405,0.0405,0.0405,0.0,0.0
4.0,5.0,0.0405,0.0405,0.0405,0.0405,0.0,0.0
4.0,4.0,0.0405,0.0405,0.0405,0.0405,0.0,0.0
4.0,3.0,0.0405,0.0405,0.0405,0.0405,0.0,0.0
4.0,2.0,0.0405,0.0405,0.0405,0.0405,0.0,0.0
4.0,1.0,0.0405,0.0405,0.0405,0.0405,0.0,0.0
3.0,29.0,0.0405,0.0405,0.0405,0.0405,0.0,0.0
3.0,28.0,0.0405,0.0405,0.0405,0.0405,0.0,0.0
3.0,27.0,0.0405,0.0405,0.0405,0.0405,0.0,0.0
3.0,26.0,0.0405,0.0405,0.0405,0.0405,0.0,0.0
3.0,25.0,0.0405,0.0405,0.0405,0.0405,0.0,0.0
3.0,22.0,0.0405,0.0405,0.0405,0.0405,0.0,0.0
3.0,21.0,0.0405,0.0405,0.0405,0.0405,0.0,0.0
3.0,20.0,0.0405,0.0405,0.0405,0.0405,0.0,0.0
3.0,19.0,0.0405,0.0405,0.0405,0.0405,0.0,0.0
3.0,18.0,0.0405,0.0405,0.0405,0.0405,0.0,0.0
3.0,15.0,0.0405,0.0405,0.0405,0.0405,0.0,0.0
3.0,14.0,0.0405,0.0405,0.0405,0.0405,0.0,0.0
3.0,13.0,0.0405,0.0405,0.0405,0.0405,0.0,0.0
3.0,12.0,0.0405,0.0405,0.0405,0.0405,0.0,0.0
3.0,11.0,0.0405,0.0405,0.0405,0.0405,0.0,0.0
3.0,8.0,0.0405,0.0405,0.0405,0.0405,0.0,0.0
3.0,7.0,0.0405,0.0405,0.0405,0.0405,0.0,0.0
3.0,6.0,0.0405,0.0405,0.0405,0.0405,0.0,0.0
3.0,5.0,0.0405,0.0405,0.0405,0.0405,0.0,0.0
3.0,4.0,0.0405,0.0405,0.0405,0.0405,0.0,0.0
3.0,1.0,0.0405,0.0405,0.0405,0.0405,0.0,0.0
2.0,28.0,0.0405,0.0405,0.0405,0.0405,0.0,0.0
2.0,27.0,0.0405,0.0405,0.0405,0.0405,0.0,0.0
2.0,26.0,0.0405,0.0405,0.0405,0.0405,0.0,0.0
2.0,25.0,0.0405,0.0405,0.0405,0.0405,0.0,0.0
2.0,22.0,0.0405,0.0405,0.0405,0.0405,0.0,0.0
2.0,21.0,0.0405,0.0405,0.0405,0.0405,0.0,0.0
2.0,20.0,0.0405,0.0405,0.0405,0.0405,0.0,0.0
2.0,19.0,0.0405,0.0405,0.0405,0.0405,0.0,0.0
2.0,18.0,0.0405,0.0405,0.0405,0.0405,0.0,0.0
2.0,15.0,0.0405,0.0405,0.0405,0.0405,0.0,0.0
2.0,14.0,0.0405,0.0405,0.0405,0.0405,0.0,0.0
2.0,13.0,0.0405,0.0405,0.0405,0.0405,0.0,0.0
2.0,12.0,0.0405,0.0405,0.0405,0.0405,0.0,0.0
2.0,11.0,0.0405,0.0405,0.0405,0.0405,0.0,0.0
2.0,8.0,0.0405,0.0405,0.0405,0.0405,0.0,0.0
2.0,7.0,0.0405,0.0405,0.0405,0.0405,0.0,0.0
2.0,6.0,0.0405,0.0405,0.0405,0.0405,0.0,0.0
2.0,5.0,0.0405,0.0405,0.0405,0.0405,0.0,0.0
2.0,4.0,0.0405,0.0405,0.0405,0.0405,0.0,0.0
2.0,1.0,0.0405,0.0405,0.0405,0.0405,0.0,0.0
1.0,31.0,0.0405,0.0405,0.0405,0.0405,10000.0,0.0
1.0,30.0,0.05,0.05,0.05,0.05,0.0,0.0
1.0,29.0,0.05,0.05,0.05,0.05,0.0,0.0
1.0,28.0,0.05,0.05,0.05,0.05,0.0,0.0
1.0,25.0,0.05,0.05,0.05,0.05,0.0,0.0
1.0,24.0,0.05,0.05,0.05,0.05,0.0,0.0
1.0,23.0,0.05,0.05,0.05,0.05,0.0,0.0
1.0,22.0,0.05,0.05,0.05,0.05,0.0,0.0
1.0,21.0,0.05,0.05,0.05,0.05,0.0,0.0
1.0,18.0,0.05,0.05,0.05,0.05,0.0,0.0
1.0,17.0,0.05,0.05,0.05,0.05,0.0,0.0
1.0,16.0,0.05,0.05,0.05,0.05,0.0,0.0
1.0,15.0,0.05,0.05,0.05,0.05,10000.0,0.0
1.0,14.0,0.04,0.04,0.04,0.04,0.0,0.0
1.0,11.0,0.04,0.04,0.04,0.04,0.0,0.0
1.0,10.0,0.04,0.04,0.04,0.04,0.0,0.0
1.0,9.0,0.04,0.04,0.04,0.04,0.0,0.0
1.0,8.0,0.04,0.04,0.04,0.04,0.0,0.0
1.0,7.0,0.04,0.04,0.04,0.04,12500.0,0.0
1.0,4.0,0.045,0.045,0.045,0.045,0.0,0.0
1.0,3.0,0.045,0.045,0.045,0.045,200.0,0.0
1.0,2.0,0.035,0.035,0.035,0.035,10000.0,0.0
1.0,1.0,0.038,0.038,0.038,0.038,0.0,0.0
12.0,31.0,0.038,0.038,0.038,0.038,0.0,0.0
12.0,28.0,0.038,0.038,0.038,0.038,0.0,0.0
12.0,27.0,0.038,0.038,0.038,0.038,0.0,0.0
12.0,26.0,0.038,0.038,0.038,0.038,0.0,0.0
12.0,25.0,0.038,0.038,0.038,0.038,0.0,0.0
12.0,24.0,0.038,0.038,0.038,0.038,0.0,0.0
12.0,21.0,0.038,0.038,0.038,0.038,0.0,0.0
12.0,20.0,0.038,0.038,0.038,0.038,0.0,0.0
12.0,19.0,0.038,0.038,0.038,0.038,0.0,0.0
12.0,18.0,0.038,0.038,0.038,0.038,0.0,0.0
12.0,17.0,0.038,0.038,0.038,0.038,0.0,0.0
12.0,14.0,0.038,0.038,0.038,0.038,0.0,0.0
12.0,13.0,0.038,0.038,0.038,0.038,0.0,0.0
12.0,12.0,0.038,0.038,0.038,0.038,0.0,0.0
12.0,11.0,0.038,0.038,0.038,0.038,0.0,0.0
12.0,10.0,0.038,0.038,0.038,0.038,0.0,0.0
12.0,7.0,0.038,0.038,0.038,0.038,0.0,0.0
12.0,6.0,0.038,0.038,0.038,0.038,0.0,0.0
12.0,5.0,0.038,0.038,0.038,0.038,0.0,0.0
12.0,4.0,0.038,0.038,0.038,0.038,0.0,0.0
12.0,3.0,0.038,0.038,0.038,0.038,0.0,0.0
11.0,30.0,0.038,0.038,0.038,0.038,0.0,0.0
11.0,29.0,0.038,0.038,0.038,0.038,0.0,0.0
11.0,28.0,0.038,0.038,0.038,0.038,0.0,0.0
11.0,27.0,0.038,0.038,0.038,0.038,0.0,0.0
11.0,26.0,0.038,0.038,0.038,0.038,0.0,0.0
11.0,23.0,0.038,0.038,0.038,0.038,0.0,0.0
11.0,22.0,0.038,0.038,0.038,0.038,0.0,0.0
11.0,21.0,0.038,0.038,0.038,0.038,0.0,0.0
11.0,20.0,0.038,0.038,0.038,0.038,0.0,0.0
11.0,19.0,0.038,0.038,0.038,0.038,0.0,0.0
11.0,16.0,0.038,0.038,0.038,0.038,0.0,0.0
11.0,15.0,0.038,0.038,0.038,0.038,0.0,0.0
11.0,14.0,0.038,0.038,0.038,0.038,0.0,0.0
11.0,13.0,0.038,0.038,0.038,0.038,0.0,0.0
11.0,12.0,0.038,0.038,0.038,0.038,0.0,0.0
11.0,9.0,0.038,0.038,0.038,0.038,0.0,0.0
11.0,8.0,0.038,0.038,0.038,0.038,0.0,0.0
11.0,7.0,0.038,0.038,0.038,0.038,0.0,0.0
11.0,6.0,0.052,0.052,0.038,0.038,10700.0,-0.013999999999999999
11.0,5.0,0.045,0.045,0.045,0.045,0.0,0.0
11.0,2.0,0.045,0.045,0.045,0.045,0.0,0.0
11.0,1.0,0.045,0.045,0.045,0.045,0.0,0.0
10.0,31.0,0.045,0.045,0.045,0.045,0.0,0.0
10.0,30.0,0.045,0.045,0.045,0.045,0.0,0.0
10.0,29.0,0.045,0.045,0.045,0.045,0.0,0.0
10.0,26.0,0.045,0.045,0.045,0.045,0.0,0.0
10.0,25.0,0.045,0.045,0.045,0.045,1300.0,0.0
10.0,24.0,0.07,0.07,0.07,0.07,0.0,0.0
10.0,23.0,0.07,0.07,0.07,0.07,0.0,0.0
10.0,22.0,0.07,0.07,0.07,0.07,0.0,0.0
10.0,19.0,0.07,0.07,0.07,0.07,0.0,0.0
10.0,18.0,0.07,0.07,0.07,0.07,5400.0,0.0
10.0,17.0,0.042,0.042,0.042,0.042,200.0,0.0
10.0,16.0,0.042,0.042,0.042,0.042,0.0,0.0
10.0,15.0,0.0225,0.042,0.0225,0.042,167500.0,0.019500000000000003
6.0,18.0,0.065,0.065,0.065,0.065,0.0,0.0
6.0,15.0,0.065,0.065,0.065,0.065,0.0,0.0
6.0,14.0,0.065,0.065,0.065,0.065,0.0,0.0
6.0,13.0,0.065,0.065,0.065,0.065,0.0,0.0
6.0,12.0,0.065,0.065,0.065,0.065,0.0,0.0
6.0,11.0,0.065,0.065,0.065,0.065,0.0,0.0
6.0,8.0,0.065,0.065,0.065,0.065,0.0,0.0
6.0,7.0,0.065,0.065,0.065,0.065,0.0,0.0
6.0,6.0,0.065,0.065,0.065,0.065,0.0,0.0
6.0,5.0,0.065,0.065,0.065,0.065,0.0,0.0
6.0,4.0,0.065,0.065,0.065,0.065,0.0,0.0
6.0,1.0,0.065,0.065,0.065,0.065,0.0,0.0
5.0,31.0,0.065,0.065,0.065,0.065,1100.0,0.0
5.0,30.0,0.07,0.07,0.07,0.07,0.0,0.0
5.0,29.0,0.07,0.07,0.07,0.07,0.0,0.0
5.0,28.0,0.07,0.07,0.07,0.07,0.0,0.0
5.0,25.0,0.07,0.07,0.07,0.07,0.0,0.0
5.0,24.0,0.07,0.07,0.07,0.07,0.0,0.0
5.0,23.0,0.07,0.07,0.07,0.07,0.0,0.0
5.0,22.0,0.07,0.07,0.07,0.07,0.0,0.0
5.0,21.0,0.07,0.07,0.07,0.07,0.0,0.0
5.0,18.0,0.07,0.07,0.07,0.07,0.0,0.0
5.0,17.0,0.07,0.07,0.07,0.07,0.0,0.0
5.0,16.0,0.07,0.07,0.07,0.07,0.0,0.0
5.0,15.0,0.07,0.07,0.07,0.07,0.0,0.0
5.0,14.0,0.07,0.07,0.07,0.07,0.0,0.0
5.0,11.0,0.07,0.07,0.07,0.07,0.0,0.0
5.0,10.0,0.07,0.07,0.07,0.07,0.0,0.0
5.0,9.0,0.07,0.07,0.07,0.07,0.0,0.0
5.0,8.0,0.07,0.07,0.07,0.07,0.0,0.0
5.0,7.0,0.07,0.07,0.07,0.07,0.0,0.0
5.0,4.0,0.07,0.07,0.07,0.07,0.0,0.0
5.0,3.0,0.07,0.07,0.07,0.07,0.0,0.0
5.0,2.0,0.07,0.07,0.07,0.07,0.0,0.0
5.0,1.0,0.07,0.07,0.07,0.07,0.0,0.0
4.0,30.0,0.07,0.07,0.07,0.07,0.0,0.0
4.0,27.0,0.07,0.07,0.07,0.07,10900.0,0.0
4.0,26.0,0.05,0.05,0.05,0.05,2800.0,0.0
4.0,25.0,0.07,0.07,0.07,0.07,0.0,0.0
4.0,24.0,0.07,0.07,0.07,0.07,0.0,0.0
4.0,23.0,0.07,0.07,0.07,0.07,0.0,0.0
4.0,20.0,0.07,0.07,0.07,0.07,0.0,0.0
4.0,19.0,0.07,0.07,0.07,0.07,0.0,0.0
4.0,18.0,0.07,0.07,0.07,0.07,0.0,0.0
4.0,17.0,0.07,0.07,0.07,0.07,0.0,0.0
4.0,16.0,0.07,0.07,0.07,0.07,0.0,0.0
4.0,13.0,0.07,0.07,0.07,0.07,0.0,0.0
4.0,12.0,0.07,0.07,0.07,0.07,0.0,0.0
4.0,11.0,0.07,0.07,0.07,0.07,0.0,0.0
4.0,10.0,0.07,0.07,0.07,0.07,0.0,0.0
4.0,9.0,0.07,0.07,0.07,0.07,0.0,0.0
4.0,6.0,0.07,0.07,0.07,0.07,0.0,0.0
4.0,5.0,0.07,0.07,0.07,0.07,0.0,0.0
4.0,4.0,0.07,0.07,0.07,0.07,0.0,0.0
4.0,3.0,0.07,0.07,0.07,0.07,0.0,0.0
4.0,2.0,0.07,0.07,0.07,0.07,0.0,0.0
3.0,30.0,0.07,0.07,0.07,0.07,0.0,0.0
3.0,29.0,0.07,0.07,0.07,0.07,0.0,0.0
3.0,28.0,0.07,0.07,0.07,0.07,0.0,0.0
3.0,27.0,0.07,0.07,0.07,0.07,0.0,0.0
3.0,26.0,0.07,0.07,0.07,0.07,0.0,0.0
3.0,23.0,0.07,0.07,0.07,0.07,0.0,0.0
3.0,22.0,0.07,0.07,0.07,0.07,0.0,0.0
3.0,21.0,0.07,0.07,0.07,0.07,0.0,0.0
3.0,20.0,0.07,0.07,0.07,0.07,0.0,0.0
3.0,19.0,0.07,0.07,0.07,0.07,4900.0,0.0
3.0,16.0,0.05,0.05,0.05,0.05,0.0,0.0
3.0,15.0,0.05,0.05,0.05,0.05,0.0,0.0
3.0,14.0,0.05,0.05,0.05,0.05,0.0,0.0
3.0,13.0,0.05,0.05,0.05,0.05,7000.0,0.0
3.0,12.0,0.05,0.05,0.05,0.05,0.0,0.0
3.0,9.0,0.05,0.05,0.05,0.05,0.0,0.0
3.0,8.0,0.05,0.05,0.05,0.05,0.0,0.0
3.0,7.0,0.05,0.05,0.05,0.05,0.0,0.0
3.0,6.0,0.05,0.05,0.05,0.05,0.0,0.0
3.0,5.0,0.05,0.05,0.05,0.05,0.0,0.0
3.0,2.0,0.05,0.05,0.05,0.05,0.0,0.0
3.0,1.0,0.05,0.05,0.05,0.05,0.0,0.0
2.0,29.0,0.05,0.05,0.05,0.05,0.0,0.0
2.0,28.0,0.05,0.05,0.05,0.05,1600.0,0.0
2.0,27.0,0.06,0.06,0.06,0.06,0.0,0.0
2.0,24.0,0.06,0.06,0.06,0.06,0.0,0.0
2.0,23.0,0.06,0.06,0.06,0.06,7000.0,0.0
2.0,22.0,0.05,0.05,0.05,0.05,0.0,0.0
2.0,21.0,0.05,0.05,0.05,0.05,0.0,0.0
2.0,20.0,0.05,0.05,0.05,0.05,0.0,0.0
2.0,17.0,0.05,0.05,0.05,0.05,0.0,0.0
2.0,16.0,0.05,0.05,0.05,0.05,0.0,0.0
2.0,15.0,0.05,0.05,0.05,0.05,0.0,0.0
2.0,14.0,0.05,0.05,0.05,0.05,4900.0,0.0
2.0,13.0,0.05,0.05,0.05,0.05,0.0,0.0
2.0,10.0,0.05,0.05,0.05,0.05,0.0,0.0
2.0,9.0,0.05,0.05,0.05,0.05,0.0,0.0
2.0,8.0,0.05,0.05,0.05,0.05,0.0,0.0
2.0,7.0,0.05,0.05,0.05,0.05,0.0,0.0
2.0,6.0,0.05,0.05,0.05,0.05,0.0,0.0
2.0,3.0,0.05,0.05,0.05,0.05,0.0,0.0
2.0,2.0,0.05,0.05,0.05,0.05,0.0,0.0
2.0,1.0,0.05,0.05,0.05,0.05,0.0,0.0
1.0,31.0,0.05,0.05,0.05,0.05,0.0,0.0
1.0,30.0,0.05,0.05,0.05,0.05,0.0,0.0
1.0,27.0,0.05,0.05,0.05,0.05,0.0,0.0
1.0,26.0,0.05,0.05,0.05,0.05,0.0,0.0
1.0,25.0,0.05,0.05,0.05,0.05,0.0,0.0
1.0,24.0,0.05,0.05,0.05,0.05,0.0,0.0
1.0,23.0,0.05,0.05,0.05,0.05,0.0,0.0
1.0,20.0,0.05,0.05,0.05,0.05,0.0,0.0
1.0,19.0,0.05,0.05,0.05,0.05,0.0,0.0
1.0,18.0,0.05,0.05,0.05,0.05,0.0,0.0
1.0,17.0,0.08,0.08,0.05,0.05,24000.0,-0.03
1.0,16.0,0.05,0.05,0.05,0.05,0.0,0.0
1.0,13.0,0.05,0.05,0.05,0.05,0.0,0.0
1.0,12.0,0.05,0.05,0.05,0.05,0.0,0.0
1.0,11.0,0.05,0.05,0.05,0.05,12000.0,0.0
1.0,10.0,0.08,0.08,0.08,0.08,0.0,0.0
1.0,9.0,0.03,0.08,0.03,0.08,25000.0,0.05
1.0,6.0,0.01,0.01,0.01,0.01,0.0,0.0
1.0,5.0,0.01,0.01,0.01,0.01,0.0,0.0
1.0,4.0,0.01,0.01,0.01,0.01,0.0,0.0
1.0,3.0,0.01,0.01,0.01,0.01,0.0,0.0
1.0,2.0,0.01,0.01,0.01,0.01,0.0,0.0
12.0,30.0,0.01,0.01,0.01,0.01,0.0,0.0
12.0,29.0,0.01,0.01,0.01,0.01,0.0,0.0
12.0,28.0,0.01,0.01,0.01,0.01,0.0,0.0
12.0,27.0,0.01,0.01,0.01,0.01,0.0,0.0
12.0,26.0,0.01,0.01,0.01,0.01,0.0,0.0
12.0,23.0,0.01,0.01,0.01,0.01,0.0,0.0
12.0,22.0,0.01,0.01,0.01,0.01,0.0,0.0
12.0,21.0,0.01,0.01,0.01,0.01,0.0,0.0
12.0,20.0,0.01,0.01,0.01,0.01,0.0,0.0
12.0,19.0,0.01,0.01,0.01,0.01,0.0,0.0
12.0,16.0,0.01,0.01,0.01,0.01,0.0,0.0
12.0,15.0,0.01,0.01,0.01,0.01,0.0,0.0
12.0,14.0,0.01,0.01,0.01,0.01,0.0,0.0
12.0,13.0,0.01,0.01,0.01,0.01,0.0,0.0
12.0,12.0,0.01,0.01,0.01,0.01,0.0,0.0
12.0,9.0,0.01,0.01,0.01,0.01,0.0,0.0
12.0,8.0,0.01,0.01,0.01,0.01,0.0,0.0
12.0,7.0,0.01,0.01,0.01,0.01,0.0,0.0
12.0,6.0,0.01,0.01,0.01,0.01,0.0,0.0
12.0,5.0,0.01,0.01,0.01,0.01,0.0,0.0
12.0,2.0,0.01,0.01,0.01,0.01,0.0,0.0
12.0,1.0,0.01,0.01,0.01,0.01,0.0,0.0
11.0,30.0,0.01,0.01,0.01,0.01,0.0,0.0
11.0,29.0,0.01,0.01,0.01,0.01,0.0,0.0
11.0,28.0,0.01,0.01,0.01,0.01,0.0,0.0
11.0,25.0,0.01,0.01,0.01,0.01,0.0,0.0
11.0,24.0,0.01,0.01,0.01,0.01,0.0,0.0
11.0,23.0,0.01,0.01,0.01,0.01,0.0,0.0
11.0,22.0,0.01,0.01,0.01,0.01,0.0,0.0
11.0,21.0,0.01,0.01,0.01,0.01,400.0,0.0
11.0,18.0,0.01,0.01,0.01,0.01,2000.0,0.0
11.0,17.0,0.01,0.01,0.01,0.01,0.0,0.0
9.0,23.0,0.01,0.01,0.01,0.01,5000.0,0.0
8.0,22.0,0.011,0.011,0.011,0.011,29000.0,0.0
8.0,16.0,0.02,0.02,0.011,0.011,15000.0,-0.009000000000000001
8.0,12.0,0.025,0.025,0.025,0.025,15000.0,0.0
7.0,19.0,0.03,0.03,0.03,0.03,4000.0,0.0
7.0,1.0,0.025,0.025,0.025,0.025,6400.0,0.0
4.0,11.0,0.04,0.04,0.04,0.04,4000.0,0.0
4.0,4.0,0.04,0.04,0.04,0.04,4000.0,0.0
3.0,31.0,0.02,0.02,0.02,0.02,200000.0,0.0
3.0,29.0,0.02,0.02,0.02,0.02,100000.0,0.0
3.0,22.0,0.02,0.02,0.02,0.02,4000.0,0.0
3.0,21.0,0.02,0.02,0.02,0.02,4000.0,0.0
3.0,18.0,0.02,0.02,0.02,0.02,4000.0,0.0
3.0,17.0,0.05,0.05,0.01,0.01,37000.0,-0.04
3.0,15.0,0.05,0.05,0.05,0.05,17000.0,0.0
3.0,14.0,0.05,0.05,0.05,0.05,4000.0,0.0
3.0,8.0,0.02,0.02,0.02,0.02,4500.0,0.0
2.0,3.0,0.02,0.02,0.02,0.02,14000.0,0.0
1.0,14.0,0.02,0.02,0.02,0.02,100000.0,0.0
12.0,9.0,0.015,0.02,0.015,0.02,104400.0,0.005000000000000001
11.0,8.0,0.003,0.003,0.003,0.003,10500.0,0.0
10.0,29.0,0.003,0.003,0.003,0.003,1000.0,0.0
10.0,28.0,0.006,0.006,0.006,0.006,6500.0,0.0
10.0,5.0,0.01,0.01,0.01,0.01,60000.0,0.0
9.0,17.0,0.01,0.01,0.01,0.01,500.0,0.0
9.0,15.0,0.01,0.01,0.01,0.01,6100.0,0.0
7.0,15.0,0.01,0.01,0.01,0.01,3700.0,0.0
7.0,6.0,0.015,0.015,0.015,0.015,23100.0,0.0
7.0,2.0,0.008,0.008,0.008,0.008,1000.0,0.0
6.0,28.0,0.002,0.008,0.002,0.008,5000.0,0.006
6.0,22.0,0.002,0.03,0.002,0.03,55500.0,0.027999999999999997
6.0,14.0,0.002,0.005,0.002,0.005,63600.0,0.003
5.0,28.0,0.002,0.002,0.002,0.002,58000.0,0.0
5.0,17.0,0.002,0.002,0.002,0.002,1300.0,0.0
4.0,9.0,0.002,0.002,0.002,0.002,1000.0,0.0
3.0,9.0,0.002,0.002,0.002,0.002,25000.0,0.0
2.0,22.0,0.002,0.002,0.002,0.002,46000.0,0.0
11.0,11.0,0.002,0.002,0.002,0.002,20000.0,0.0
9.0,4.0,0.002,0.002,0.002,0.002,0.0,0.0
9.0,3.0,0.002,0.002,0.002,0.002,0.0,0.0
9.0,2.0,0.002,0.002,0.002,0.002,0.0,0.0
9.0,1.0,0.002,0.002,0.002,0.002,0.0,0.0
8.0,31.0,0.002,0.002,0.002,0.002,0.0,0.0
8.0,28.0,0.002,0.002,0.002,0.002,0.0,0.0
8.0,27.0,0.002,0.002,0.002,0.002,0.0,0.0
8.0,26.0,0.002,0.002,0.002,0.002,0.0,0.0
8.0,25.0,0.002,0.002,0.002,0.002,0.0,0.0
8.0,24.0,0.002,0.002,0.002,0.002,0.0,0.0
8.0,21.0,0.002,0.002,0.002,0.002,0.0,0.0
8.0,20.0,0.002,0.002,0.002,0.002,0.0,0.0
8.0,19.0,0.002,0.002,0.002,0.002,0.0,0.0
8.0,18.0,0.002,0.002,0.002,0.002,0.0,0.0
8.0,17.0,0.003,0.003,0.002,0.002,170000.0,-0.001
8.0,14.0,0.009,0.009,0.009,0.009,0.0,0.0
8.0,13.0,0.009,0.009,0.009,0.009,0.0,0.0
8.0,12.0,0.009,0.009,0.009,0.009,0.0,0.0
8.0,11.0,0.009,0.009,0.009,0.009,0.0,0.0
8.0,10.0,0.009,0.009,0.009,0.009,0.0,0.0
8.0,7.0,0.009,0.009,0.009,0.009,0.0,0.0
8.0,6.0,0.009,0.009,0.009,0.009,0.0,0.0
8.0,5.0,0.009,0.009,0.009,0.009,0.0,0.0
8.0,4.0,0.009,0.009,0.009,0.009,0.0,0.0
8.0,3.0,0.009,0.009,0.009,0.009,0.0,0.0
7.0,31.0,0.009,0.009,0.009,0.009,0.0,0.0
7.0,30.0,0.009,0.009,0.009,0.009,0.0,0.0
7.0,29.0,0.009,0.009,0.009,0.009,0.0,0.0
7.0,28.0,0.009,0.009,0.009,0.009,5000.0,0.0
7.0,27.0,0.009,0.009,0.009,0.009,0.0,0.0
7.0,24.0,0.009,0.009,0.009,0.009,0.0,0.0
7.0,23.0,0.009,0.009,0.009,0.009,0.0,0.0
7.0,22.0,0.009,0.009,0.009,0.009,0.0,0.0
7.0,21.0,0.009,0.009,0.009,0.009,0.0,0.0
7.0,20.0,0.009,0.009,0.009,0.009,0.0,0.0
7.0,17.0,0.009,0.009,0.009,0.009,0.0,0.0
7.0,16.0,0.009,0.009,0.009,0.009,0.0,0.0
7.0,15.0,0.009,0.009,0.009,0.009,0.0,0.0
7.0,14.0,0.009,0.009,0.009,0.009,0.0,0.0
7.0,13.0,0.009,0.009,0.009,0.009,0.0,0.0
6.0,26.0,0.009,0.009,0.009,0.009,5000.0,0.0
6.0,19.0,0.002,0.006,0.002,0.006,60000.0,0.004
3.0,5.0,0.0011,0.0011,0.0011,0.0011,2000.0,0.0
3.0,3.0,0.0011,0.0011,0.0011,0.0011,3000.0,0.0
1.0,20.0,0.0011,0.0011,0.0011,0.0011,31500.0,0.0
10.0,24.0,0.0015,0.0015,0.0011,0.0011,18300.0,-3.9999999999999996E-4
10.0,17.0,0.0015,0.0015,0.0015,0.0015,28500.0,0.0
7.0,14.0,0.0015,0.0015,0.0015,0.0015,2000.0,0.0
5.0,22.0,0.0015,0.0015,0.0015,0.0015,16000.0,0.0
5.0,14.0,0.0015,0.0015,0.0015,0.0015,35000.0,0.0
4.0,30.0,0.0015,0.0015,0.001,0.001,72000.0,-5.0E-4
4.0,17.0,0.0015,0.0015,0.0015,0.0015,6000.0,0.0
4.0,10.0,0.0015,0.0015,0.0015,0.0015,1000.0,0.0
3.0,28.0,0.0015,0.0015,0.0015,0.0015,1000.0,0.0
3.0,27.0,0.0015,0.0015,0.0015,0.0015,1000.0,0.0
3.0,20.0,0.0015,0.0015,0.0015,0.0015,1800.0,0.0
3.0,19.0,0.0015,0.0015,0.0015,0.0015,1800.0,0.0
3.0,14.0,0.0015,0.0015,0.0015,0.0015,25000.0,0.0
3.0,7.0,0.002,0.002,0.002,0.002,5000.0,0.0
2.0,28.0,0.002,0.002,0.002,0.002,15000.0,0.0
1.0,15.0,0.003,0.003,0.003,0.003,5000.0,0.0
12.0,17.0,0.003,0.003,0.003,0.003,5000.0,0.0
12.0,14.0,0.003,0.003,0.003,0.003,5000.0,0.0
12.0,13.0,0.003,0.003,0.003,0.003,5000.0,0.0
12.0,6.0,0.003,0.003,0.003,0.003,19500.0,0.0
12.0,5.0,0.003,0.003,0.003,0.003,20000.0,0.0
11.0,26.0,0.003,0.003,0.003,0.003,10000.0,0.0
11.0,5.0,0.003,0.003,0.003,0.003,18000.0,0.0
10.0,19.0,0.006,0.006,0.003,0.003,30000.0,-0.003
9.0,28.0,0.006,0.006,0.006,0.006,300.0,0.0
9.0,27.0,0.006,0.006,0.006,0.006,300.0,0.0
9.0,12.0,0.006,0.006,0.006,0.006,6000.0,0.0
8.0,24.0,0.006,0.006,0.006,0.006,2000.0,0.0
8.0,23.0,0.006,0.006,0.006,0.006,2000.0,0.0
8.0,10.0,0.01,0.01,0.01,0.01,21000.0,0.0
8.0,6.0,0.008,0.01,0.008,0.01,105000.0,0.002
6.0,29.0,12.5909,12.5909,12.5909,12.5909,200.0,0.0
5.0,9.0,0.0055,0.0055,0.003,0.003,17700.0,-0.0024999999999999996
4.0,2.0,0.0055,0.0055,0.0055,0.0055,5000.0,0.0
3.0,27.0,0.0055,0.0055,0.0055,0.0055,2000.0,0.0
3.0,26.0,0.008,0.008,0.0055,0.0055,75600.0,-0.0025000000000000005
3.0,22.0,0.008,0.008,0.008,0.008,35600.0,0.0
3.0,14.0,0.015,0.015,0.015,0.015,1000.0,0.0
2.0,28.0,0.015,0.015,0.015,0.015,1000.0,0.0
2.0,22.0,0.013,0.015,0.013,0.015,95800.0,0.002
2.0,20.0,0.007,0.007,0.007,0.007,2500.0,0.0
2.0,12.0,0.007,0.007,0.007,0.007,200.0,0.0
2.0,7.0,0.01,0.01,0.01,0.01,5000.0,0.0
2.0,6.0,0.01,0.01,0.01,0.01,5000.0,0.0
1.0,29.0,0.007,0.007,0.007,0.007,5000.0,0.0
12.0,29.0,0.0025,0.0025,0.0025,0.0025,5000.0,0.0
12.0,28.0,0.0042,0.0042,0.0025,0.0025,101000.0,-0.0016999999999999997
12.0,22.0,0.005,0.005,0.005,0.005,22000.0,0.0
12.0,20.0,0.005,0.005,0.005,0.005,20000.0,0.0
12.0,18.0,0.005,0.005,0.005,0.005,20000.0,0.0
12.0,15.0,0.005,0.005,0.005,0.005,2200.0,0.0
12.0,14.0,0.005,0.005,0.005,0.005,2200.0,0.0
12.0,13.0,0.005,0.005,0.005,0.005,1000.0,0.0
10.0,17.0,0.005,0.005,0.005,0.005,15000.0,0.0
9.0,11.0,0.005,0.005,0.005,0.005,4500.0,0.0
9.0,8.0,0.005,0.005,0.005,0.005,10000.0,0.0
9.0,7.0,0.003,0.01,0.003,0.01,41700.0,0.007
8.0,11.0,0.003,0.003,0.003,0.003,29700.0,0.0
8.0,7.0,0.003,0.003,0.003,0.003,15000.0,0.0
6.0,27.0,0.003,0.003,0.003,0.003,15500.0,0.0
5.0,1.0,0.003,0.003,0.003,0.003,22200.0,0.0
3.0,28.0,0.003,0.003,0.003,0.003,10000.0,0.0
3.0,22.0,0.005,0.005,0.003,0.003,70000.0,-0.002
3.0,6.0,0.006,0.006,0.005,0.005,45000.0,-0.001
1.0,31.0,0.006,0.006,0.006,0.006,2000.0,0.0
1.0,24.0,0.007,0.007,0.007,0.007,10000.0,0.0
1.0,20.0,0.007,0.007,0.007,0.007,162100.0,0.0
1.0,19.0,0.007,0.007,0.007,0.007,162100.0,0.0
1.0,18.0,0.007,0.007,0.007,0.007,162100.0,0.0
1.0,13.0,0.007,0.007,0.007,0.007,3000.0,0.0
1.0,6.0,0.007,0.007,0.007,0.007,1000.0,0.0
12.0,30.0,0.007,0.007,0.007,0.007,2300.0,0.0
12.0,29.0,0.007,0.007,0.007,0.007,15500.0,0.0
12.0,28.0,0.008,0.012,0.008,0.008,17500.0,0.0
12.0,27.0,0.012,0.012,0.008,0.012,150100.0,0.0
12.0,22.0,0.008,0.008,0.008,0.008,70000.0,0.0
12.0,16.0,0.008,0.008,0.008,0.008,1000.0,0.0
12.0,14.0,0.008,0.008,0.008,0.008,5000.0,0.0
12.0,13.0,0.008,0.008,0.008,0.008,4500.0,0.0
12.0,12.0,0.008,0.008,0.008,0.008,10000.0,0.0
12.0,2.0,0.008,0.008,0.008,0.008,21100.0,0.0
11.0,30.0,0.01,0.01,0.006,0.01,205000.0,0.0
11.0,29.0,0.006,0.006,0.006,0.006,4800.0,0.0
11.0,10.0,0.006,0.006,0.006,0.006,150000.0,0.0
10.0,27.0,0.006,0.006,0.006,0.006,1000.0,0.0
10.0,4.0,0.006,0.006,0.006,0.006,700.0,0.0
8.0,18.0,0.005,0.005,0.005,0.005,100.0,0.0
8.0,16.0,0.005,0.005,0.005,0.005,40000.0,0.0
8.0,15.0,0.005,0.009,0.005,0.005,41000.0,0.0
8.0,12.0,0.006,0.007,0.006,0.006,34000.0,0.0
8.0,11.0,0.009,0.01,0.005,0.009,156000.0,0.0
8.0,10.0,0.01,0.03,0.01,0.01,343200.0,0.0
8.0,9.0,0.03,0.035,0.03,0.03,95500.0,0.0
8.0,3.0,0.04,0.04,0.035,0.04,58600.0,0.0
8.0,2.0,0.035,0.05,0.035,0.035,24400.0,0.0
8.0,1.0,0.05,0.05,0.05,0.05,5000.0,0.0
7.0,29.0,0.06,0.06,0.06,0.06,15000.0,0.0
7.0,28.0,0.07,0.07,0.07,0.07,9900.0,0.0
7.0,26.0,0.12,0.12,0.12,0.12,15000.0,0.0
7.0,22.0,0.09,0.09,0.09,0.09,4100.0,0.0
7.0,20.0,0.07,0.07,0.07,0.07,3000.0,0.0
7.0,18.0,0.07,0.08,0.07,0.07,25000.0,0.0
7.0,14.0,0.08,0.08,0.08,0.08,500.0,0.0
7.0,13.0,0.08,0.11,0.07,0.08,116000.0,0.0
7.0,12.0,0.13,0.13,0.13,0.13,15000.0,0.0
7.0,11.0,0.13,0.13,0.13,0.13,15000.0,0.0
7.0,8.0,0.13,0.13,0.13,0.13,15000.0,0.0
7.0,1.0,0.13,0.13,0.13,0.13,1100.0,0.0
6.0,30.0,0.13,0.13,0.07,0.13,66900.0,0.0
6.0,28.0,0.065,0.065,0.065,0.065,5000.0,0.0
6.0,22.0,0.05,0.05,0.05,0.05,2600.0,0.0
6.0,17.0,0.05,0.08,0.05,0.05,50000.0,0.0
6.0,15.0,0.085,0.085,0.08,0.085,10000.0,0.0
6.0,14.0,0.08,0.095,0.08,0.08,81200.0,0.0
6.0,13.0,0.09,0.095,0.09,0.09,36000.0,0.0
6.0,10.0,0.09,0.09,0.09,0.09,20000.0,0.0
6.0,9.0,0.085,0.095,0.08,0.085,280000.0,0.0
6.0,7.0,0.075,0.075,0.07,0.075,15000.0,0.0
6.0,6.0,0.07,0.07,0.06,0.07,61500.0,0.0
6.0,3.0,0.055,0.055,0.055,0.055,600.0,0.0
6.0,2.0,0.06,0.06,0.06,0.06,5000.0,0.0
5.0,31.0,0.06,0.06,0.06,0.06,1000.0,0.0
5.0,25.0,0.045,0.045,0.045,0.045,10000.0,0.0
5.0,24.0,0.045,0.045,0.045,0.045,14000.0,0.0
5.0,23.0,0.05,0.05,0.05,0.05,15000.0,0.0
5.0,20.0,0.035,0.035,0.035,0.035,15000.0,0.0
5.0,19.0,0.035,0.035,0.035,0.035,10500.0,0.0
5.0,18.0,0.035,0.035,0.035,0.035,0.0,0.0
5.0,17.0,0.035,0.035,0.035,0.035,0.0,0.0
5.0,16.0,0.035,0.035,0.035,0.035,5100.0,0.0
5.0,13.0,0.04,0.04,0.035,0.035,70000.0,-0.0049999999999999975
5.0,12.0,0.05,0.055,0.04,0.045,107900.0,-0.0050000000000000044
5.0,11.0,0.04,0.05,0.04,0.05,52800.0,0.010000000000000002
5.0,10.0,0.04,0.04,0.035,0.035,83900.0,-0.0049999999999999975
5.0,9.0,0.07,0.07,0.04,0.04,442800.0,-0.030000000000000006
5.0,6.0,0.09,0.09,0.06,0.065,250000.0,-0.024999999999999994
5.0,5.0,0.12,0.12,0.08,0.09,114300.0,-0.03
5.0,4.0,0.14,0.14,0.14,0.14,5000.0,0.0
5.0,3.0,0.14,0.14,0.14,0.14,0.0,0.0
5.0,2.0,0.12,0.14,0.12,0.14,12500.0,0.020000000000000018
4.0,29.0,0.13,0.13,0.13,0.13,0.0,0.0
4.0,28.0,0.13,0.13,0.13,0.13,0.0,0.0
4.0,27.0,0.13,0.13,0.13,0.13,0.0,0.0
4.0,26.0,0.12,0.13,0.12,0.13,400.0,0.010000000000000009
4.0,25.0,0.13,0.13,0.13,0.13,10000.0,0.0
4.0,22.0,0.17,0.17,0.17,0.17,0.0,0.0
4.0,21.0,0.12,0.17,0.12,0.17,19500.0,0.05000000000000002
4.0,20.0,0.14,0.14,0.14,0.14,5000.0,0.0
4.0,19.0,0.14,0.14,0.14,0.14,9700.0,0.0
4.0,18.0,0.16,0.16,0.16,0.16,0.0,0.0
4.0,15.0,0.15,0.17,0.13,0.16,47000.0,0.010000000000000009
4.0,14.0,0.2,0.2,0.15,0.18,66400.0,-0.020000000000000018
4.0,13.0,0.2,0.2,0.2,0.2,5000.0,0.0
4.0,12.0,0.21,0.22,0.18,0.2,377100.0,-0.009999999999999981
4.0,11.0,0.23,0.25,0.19,0.19,86000.0,-0.04000000000000001
4.0,8.0,0.29,0.29,0.29,0.29,0.0,0.0
4.0,7.0,0.29,0.29,0.29,0.29,0.0,0.0
4.0,6.0,0.29,0.29,0.29,0.29,0.0,0.0
4.0,5.0,0.29,0.29,0.29,0.29,0.0,0.0
4.0,4.0,0.29,0.29,0.29,0.29,20000.0,0.0
4.0,1.0,0.3,0.3,0.3,0.3,0.0,0.0
3.0,31.0,0.27,0.3,0.23,0.3,93000.0,0.02999999999999997
3.0,30.0,0.29,0.3,0.29,0.29,18100.0,0.0
3.0,29.0,0.28,0.299,0.26,0.29,63800.0,0.009999999999999953
3.0,28.0,0.33,0.33,0.28,0.28,35000.0,-0.04999999999999999
3.0,24.0,0.3,0.32,0.28,0.28,166600.0,-0.019999999999999962
3.0,23.0,0.3,0.3,0.3,0.3,500.0,0.0
3.0,22.0,0.29,0.29,0.29,0.29,15000.0,0.0
3.0,21.0,0.26,0.26,0.26,0.26,7000.0,0.0
3.0,18.0,0.29,0.3,0.26,0.27,65800.0,-0.019999999999999962
3.0,17.0,0.26,0.29,0.26,0.29,14700.0,0.02999999999999997
3.0,16.0,0.27,0.27,0.27,0.27,13000.0,0.0
3.0,15.0,0.31,0.31,0.31,0.31,0.0,0.0
3.0,14.0,0.3,0.31,0.3,0.31,20000.0,0.010000000000000009
3.0,11.0,0.27,0.27,0.27,0.27,0.0,0.0
3.0,10.0,0.27,0.27,0.27,0.27,7000.0,0.0
3.0,9.0,0.32,0.32,0.32,0.32,0.0,0.0
3.0,8.0,0.32,0.32,0.3,0.32,24600.0,0.0
3.0,7.0,0.3,0.32,0.28,0.32,28100.0,0.020000000000000018
3.0,4.0,0.38,0.38,0.26,0.28,382900.0,-0.09999999999999998
3.0,3.0,0.43,0.43,0.38,0.38,28200.0,-0.04999999999999999
3.0,2.0,0.43,0.43,0.43,0.43,2000.0,0.0
3.0,1.0,0.45,0.45,0.45,0.45,17600.0,0.0
2.0,28.0,0.42,0.45,0.4,0.45,21600.0,0.030000000000000027
2.0,25.0,0.48,0.48,0.44,0.44,13500.0,-0.03999999999999998
2.0,24.0,0.47,0.47,0.47,0.47,5000.0,0.0
2.0,23.0,0.43,0.43,0.43,0.43,600.0,0.0
2.0,22.0,0.43,0.43,0.42,0.42,22000.0,-0.010000000000000009
2.0,18.0,0.48,0.48,0.48,0.48,0.0,0.0
2.0,17.0,0.48,0.48,0.48,0.48,0.0,0.0
2.0,16.0,0.48,0.48,0.48,0.48,15000.0,0.0
2.0,15.0,0.42,0.42,0.42,0.42,2000.0,0.0
2.0,14.0,0.45,0.45,0.45,0.45,0.0,0.0
2.0,11.0,0.45,0.45,0.45,0.45,0.0,0.0
2.0,10.0,0.44,0.5,0.4,0.45,84400.0,0.010000000000000009
2.0,9.0,0.36,0.4,0.36,0.4,32000.0,0.040000000000000036
2.0,8.0,0.34,0.34,0.34,0.34,0.0,0.0
2.0,7.0,0.34,0.34,0.34,0.34,0.0,0.0
2.0,4.0,0.34,0.34,0.34,0.34,5000.0,0.0
2.0,3.0,0.37,0.37,0.37,0.37,12500.0,0.0
2.0,2.0,0.4,0.41,0.31,0.37,81000.0,-0.030000000000000027
2.0,1.0,0.45,0.45,0.4,0.41,66500.0,-0.040000000000000036
1.0,31.0,0.46,0.47,0.44,0.45,78000.0,-0.010000000000000009
1.0,28.0,0.49,0.5,0.45,0.45,76700.0,-0.03999999999999998
1.0,27.0,0.52,0.55,0.44,0.46,127000.0,-0.06
1.0,26.0,0.34,0.63,0.3,0.52,754900.0,0.18
1.0,25.0,0.35,0.4,0.35,0.35,50500.0,0.0
1.0,24.0,0.39,0.39,0.35,0.35,34000.0,-0.040000000000000036
1.0,21.0,0.33,0.33,0.33,0.33,0.0,0.0
1.0,20.0,0.33,0.33,0.33,0.33,10000.0,0.0
1.0,19.0,0.36,0.36,0.36,0.36,11200.0,0.0
1.0,18.0,0.41,0.41,0.38,0.38,18000.0,-0.02999999999999997
1.0,14.0,0.41,0.41,0.41,0.41,0.0,0.0
1.0,13.0,0.41,0.41,0.41,0.41,1600.0,0.0
1.0,12.0,0.4,0.41,0.4,0.41,13000.0,0.009999999999999953
1.0,11.0,0.41,0.41,0.41,0.41,5000.0,0.0
1.0,10.0,0.4,0.4,0.4,0.4,0.0,0.0
1.0,7.0,0.4,0.4,0.4,0.4,0.0,0.0
1.0,6.0,0.41,0.41,0.36,0.4,49500.0,-0.009999999999999953
1.0,5.0,0.41,0.41,0.41,0.41,0.0,0.0
1.0,4.0,0.41,0.43,0.4,0.41,30500.0,0.0
1.0,3.0,0.43,0.43,0.42,0.42,25000.0,-0.010000000000000009
12.0,31.0,0.44,0.44,0.41,0.44,86000.0,0.0
12.0,30.0,0.46,0.46,0.42,0.44,56000.0,-0.020000000000000018
12.0,29.0,0.45,0.45,0.45,0.45,2000.0,0.0
12.0,28.0,0.43,0.45,0.41,0.415,70700.0,-0.015000000000000013
12.0,27.0,0.45,0.45,0.43,0.43,24200.0,-0.020000000000000018
12.0,23.0,0.44,0.46,0.44,0.45,83000.0,0.010000000000000009
12.0,22.0,0.44,0.48,0.4,0.48,113000.0,0.03999999999999998
12.0,21.0,0.5,0.5,0.43,0.44,106100.0,-0.06
12.0,20.0,0.44,0.52,0.43,0.52,171000.0,0.08000000000000002
12.0,17.0,0.46,0.46,0.42,0.42,187500.0,-0.040000000000000036
12.0,16.0,0.44,0.46,0.42,0.42,50200.0,-0.020000000000000018
12.0,15.0,0.45,0.45,0.42,0.42,80000.0,-0.030000000000000027
12.0,14.0,0.47,0.47,0.43,0.43,153600.0,-0.03999999999999998
12.0,13.0,0.47,0.48,0.45,0.45,75500.0,-0.019999999999999962
12.0,10.0,0.53,0.53,0.46,0.46,58700.0,-0.07
12.0,9.0,0.53,0.53,0.5,0.5,39200.0,-0.030000000000000027
12.0,8.0,0.62,0.65,0.54,0.54,28700.0,-0.07999999999999996
12.0,7.0,0.55,0.62,0.53,0.62,10700.0,0.06999999999999995
12.0,6.0,0.47,0.62,0.45,0.55,85700.0,0.08000000000000007
12.0,3.0,0.46,0.47,0.45,0.46,36000.0,0.0
12.0,2.0,0.41,0.45,0.41,0.44,20000.0,0.030000000000000027
12.0,1.0,0.47,0.47,0.47,0.47,0.0,0.0
11.0,30.0,0.47,0.47,0.47,0.47,0.0,0.0
11.0,29.0,0.47,0.47,0.47,0.47,0.0,0.0
11.0,26.0,0.47,0.47,0.47,0.47,4000.0,0.0
11.0,24.0,0.41,0.46,0.41,0.46,10600.0,0.050000000000000044
11.0,23.0,0.45,0.45,0.45,0.45,0.0,0.0
11.0,22.0,0.47,0.47,0.45,0.45,23700.0,-0.019999999999999962
11.0,19.0,0.47,0.47,0.44,0.44,43000.0,-0.02999999999999997
11.0,18.0,0.45,0.45,0.39,0.39,92000.0,-0.06
11.0,17.0,0.4,0.4,0.39,0.4,59100.0,0.0
11.0,16.0,0.45,0.45,0.38,0.4,6600.0,-0.04999999999999999
11.0,15.0,0.42,0.45,0.39,0.39,71500.0,-0.02999999999999997
11.0,12.0,0.42,0.42,0.42,0.42,3500.0,0.0
11.0,11.0,0.38,0.45,0.38,0.42,44700.0,0.03999999999999998
11.0,10.0,0.35,0.38,0.33,0.38,49500.0,0.030000000000000027
11.0,9.0,0.45,0.45,0.36,0.36,81700.0,-0.09000000000000002
11.0,8.0,0.4,0.44,0.39,0.44,73000.0,0.03999999999999998
11.0,5.0,0.46,0.48,0.42,0.42,64500.0,-0.040000000000000036
11.0,4.0,0.5,0.5,0.46,0.465,48000.0,-0.034999999999999976
11.0,3.0,0.5,0.52,0.45,0.45,70000.0,-0.04999999999999999
11.0,2.0,0.51,0.54,0.46,0.5,90500.0,-0.010000000000000009
11.0,1.0,0.51,0.53,0.5,0.53,9500.0,0.020000000000000018
10.0,29.0,0.43,0.51,0.43,0.51,50500.0,0.08000000000000002
10.0,28.0,0.75,0.78,0.35,0.41,177000.0,-0.34
10.0,27.0,0.75,0.75,0.75,0.75,600.0,0.0
10.0,26.0,0.75,0.75,0.75,0.75,0.0,0.0
10.0,25.0,0.73,0.75,0.7,0.75,50000.0,0.020000000000000018
10.0,22.0,0.85,0.85,0.7,0.8,51200.0,-0.04999999999999993
10.0,21.0,0.9,0.9,0.9,0.9,0.0,0.0
10.0,20.0,0.9,0.9,0.9,0.9,1400.0,0.0
10.0,19.0,0.85,0.85,0.85,0.85,21500.0,0.0
10.0,18.0,0.77,0.85,0.77,0.85,7500.0,0.07999999999999996
10.0,15.0,0.8,0.8,0.8,0.8,100.0,0.0
10.0,14.0,0.8,0.8,0.8,0.8,100.0,0.0
10.0,13.0,0.72,0.72,0.72,0.72,0.0,0.0
10.0,12.0,0.7,0.77,0.65,0.72,14800.0,0.020000000000000018
10.0,11.0,0.65,0.65,0.61,0.61,500.0,-0.040000000000000036
10.0,8.0,0.7,0.7,0.6,0.7,29000.0,0.0
10.0,7.0,0.7,0.7,0.7,0.7,500.0,0.0
10.0,6.0,0.72,0.72,0.72,0.72,1700.0,0.0
10.0,5.0,0.8,0.8,0.6,0.75,51800.0,-0.050000000000000044
10.0,4.0,0.8,0.8,0.8,0.8,8000.0,0.0
10.0,1.0,0.95,1.01,0.75,0.8,62700.0,-0.1499999999999999
9.0,30.0,0.85,0.85,0.69,0.8,29600.0,-0.04999999999999993
9.0,29.0,1.5,1.5,0.65,0.69,81700.0,-0.81
9.0,28.0,1.6,1.6,1.5,1.5,6200.0,-0.10000000000000009
9.0,27.0,1.6,1.6,1.6,1.6,0.0,0.0
9.0,24.0,1.6,1.6,1.6,1.6,0.0,0.0
9.0,23.0,1.6,1.6,1.6,1.6,1200.0,0.0
9.0,22.0,1.55,1.55,1.5,1.5,1100.0,-0.050000000000000044
9.0,21.0,1.5,1.6,1.5,1.56,5900.0,0.06000000000000005
9.0,20.0,1.5,1.5,1.5,1.5,600.0,0.0
9.0,17.0,1.6,1.6,1.6,1.6,100.0,0.0
9.0,16.0,1.6,1.6,1.6,1.6,1200.0,0.0
9.0,15.0,1.5,1.5,1.5,1.5,2100.0,0.0
9.0,14.0,1.6,1.6,1.6,1.6,0.0,0.0
9.0,13.0,1.5,1.6,1.5,1.6,5100.0,0.10000000000000009
9.0,10.0,1.7,1.7,1.5,1.6,2500.0,-0.09999999999999987
9.0,9.0,1.5,1.55,1.5,1.55,1100.0,0.050000000000000044
9.0,8.0,1.5,1.55,1.5,1.55,6800.0,0.050000000000000044
9.0,7.0,1.7,1.95,1.5,1.5,5000.0,-0.19999999999999996
9.0,3.0,1.5,1.5,1.5,1.5,0.0,0.0
9.0,2.0,1.65,1.7,1.5,1.5,8500.0,-0.1499999999999999
9.0,1.0,1.7,1.7,1.7,1.7,500.0,0.0
8.0,31.0,1.65,1.65,1.6,1.6,2000.0,-0.04999999999999982
8.0,30.0,1.85,1.85,1.85,1.85,2000.0,0.0
8.0,27.0,1.75,1.75,1.75,1.75,8200.0,0.0
8.0,26.0,1.55,1.75,1.55,1.75,900.0,0.19999999999999996
8.0,25.0,1.5,1.7,1.5,1.7,16300.0,0.19999999999999996
8.0,24.0,1.75,1.77,1.5,1.6,51400.0,-0.1499999999999999
8.0,23.0,1.75,1.75,1.75,1.75,4500.0,0.0
8.0,20.0,1.75,1.75,1.75,1.75,9700.0,0.0
8.0,19.0,1.75,1.75,1.75,1.75,6700.0,0.0
8.0,18.0,1.7,1.8,1.7,1.73,27500.0,0.030000000000000027
8.0,17.0,1.35,1.75,1.35,1.75,5900.0,0.3999999999999999
8.0,16.0,1.6,1.75,1.3,1.35,17500.0,-0.25
8.0,13.0,1.55,1.55,1.55,1.55,200.0,0.0
8.0,12.0,1.57,1.57,1.35,1.35,7200.0,-0.21999999999999997
8.0,11.0,1.85,1.85,1.85,1.85,7000.0,0.0
8.0,10.0,1.9,1.91,1.9,1.9,18000.0,0.0
8.0,9.0,1.9,1.9,1.9,1.9,5000.0,0.0
8.0,6.0,1.8,1.9,1.3,1.9,15400.0,0.09999999999999987
8.0,5.0,2.0,2.15,1.9,1.9,25800.0,-0.10000000000000009
8.0,4.0,1.75,2.0,1.75,1.9,10300.0,0.1499999999999999
8.0,3.0,1.78,1.9,1.78,1.9,21000.0,0.11999999999999988
8.0,2.0,1.8,1.87,1.8,1.87,23000.0,0.07000000000000006
7.0,30.0,1.9,1.9,1.8,1.8,1600.0,-0.09999999999999987
7.0,29.0,1.9,1.9,1.9,1.9,1200.0,0.0
7.0,28.0,1.7,1.7,1.7,1.7,0.0,0.0
7.0,27.0,1.95,1.95,1.7,1.7,1400.0,-0.25
7.0,26.0,2.0,2.0,2.0,2.0,2000.0,0.0
7.0,23.0,1.9,2.0,1.8,2.0,7600.0,0.10000000000000009
7.0,22.0,2.0,2.05,1.8,2.05,10300.0,0.04999999999999982
7.0,21.0,1.75,2.2,1.75,2.1,26500.0,0.3500000000000001
7.0,20.0,2.1,2.1,1.75,2.1,34700.0,0.0
7.0,19.0,2.1,2.1,2.1,2.1,0.0,0.0
7.0,16.0,2.1,2.3,2.1,2.1,5900.0,0.0
7.0,15.0,2.15,2.35,1.85,1.95,33500.0,-0.19999999999999996
7.0,14.0,2.4,2.4,2.4,2.4,0.0,0.0
7.0,13.0,2.5,2.5,2.35,2.4,10500.0,-0.10000000000000009
7.0,12.0,2.25,2.25,2.25,2.25,0.0,0.0
7.0,9.0,2.3,2.3,2.25,2.25,3100.0,-0.04999999999999982
7.0,8.0,2.2,2.5,2.0,2.1,14000.0,-0.10000000000000009
7.0,7.0,2.1,2.2,2.1,2.1,6000.0,0.0
7.0,6.0,2.1,2.1,2.1,2.1,600.0,0.0
7.0,2.0,2.4,2.45,2.1,2.1,17900.0,-0.2999999999999998
7.0,1.0,2.5,2.5,2.05,2.05,4000.0,-0.4500000000000002
6.0,30.0,2.45,2.45,2.45,2.45,10000.0,0.0
6.0,29.0,2.45,2.45,2.45,2.45,4700.0,0.0
6.0,28.0,2.4,2.5,2.4,2.5,2000.0,0.10000000000000009
6.0,25.0,2.4,2.4,2.4,2.4,4000.0,0.0
6.0,24.0,2.4,2.4,2.35,2.4,4800.0,0.0
6.0,23.0,2.8,2.85,2.5,2.5,10500.0,-0.2999999999999998
6.0,22.0,2.7,2.8,2.7,2.8,1600.0,0.09999999999999964
6.0,21.0,3.0,3.0,2.95,2.95,3000.0,-0.04999999999999982
6.0,18.0,2.65,3.0,2.65,3.0,8000.0,0.3500000000000001
6.0,17.0,2.7,2.7,2.5,2.55,14800.0,-0.15000000000000036
6.0,16.0,2.75,2.75,2.7,2.7,4000.0,-0.04999999999999982
6.0,15.0,2.75,2.8,2.75,2.8,3000.0,0.04999999999999982
6.0,14.0,2.6,2.65,2.25,2.65,6100.0,0.04999999999999982
6.0,10.0,2.35,2.57,2.2,2.57,7700.0,0.21999999999999975
6.0,9.0,2.1,2.25,1.85,2.25,40500.0,0.1499999999999999
6.0,8.0,1.85,2.0,1.85,2.0,4200.0,0.1499999999999999
6.0,7.0,1.9,1.9,1.9,1.9,500.0,0.0
6.0,4.0,1.95,1.95,1.9,1.9,1500.0,-0.050000000000000044
6.0,3.0,1.95,1.98,1.85,1.85,9400.0,-0.09999999999999987
6.0,2.0,1.95,1.95,1.95,1.95,2500.0,0.0
6.0,1.0,2.0,2.0,1.7,1.71,5000.0,-0.29000000000000004
5.0,28.0,1.85,1.85,1.85,1.85,0.0,0.0
5.0,27.0,2.1,2.1,1.85,1.85,3000.0,-0.25
5.0,26.0,1.9,2.0,1.9,2.0,1500.0,0.10000000000000009
5.0,25.0,2.0,2.2,2.0,2.0,11300.0,0.0
5.0,24.0,2.0,2.1,1.75,2.0,10500.0,0.0
5.0,21.0,2.0,2.0,2.0,2.0,500.0,0.0
5.0,20.0,2.15,2.15,2.15,2.15,0.0,0.0
5.0,19.0,2.15,2.6,2.15,2.15,1800.0,0.0
5.0,18.0,2.15,2.15,2.15,2.15,0.0,0.0
5.0,17.0,2.15,2.15,2.15,2.15,400.0,0.0
5.0,14.0,2.25,2.25,2.25,2.25,0.0,0.0
5.0,13.0,2.25,2.25,2.25,2.25,0.0,0.0
5.0,12.0,2.25,2.25,2.25,2.25,0.0,0.0
5.0,11.0,2.25,2.25,2.25,2.25,0.0,0.0
5.0,10.0,2.25,2.25,2.25,2.25,0.0,0.0
5.0,7.0,2.3,2.3,2.25,2.25,2500.0,-0.04999999999999982
5.0,6.0,2.3,2.3,2.3,2.3,0.0,0.0
5.0,5.0,2.3,2.3,2.3,2.3,0.0,0.0
5.0,4.0,2.3,2.3,2.3,2.3,0.0,0.0
5.0,3.0,2.35,2.35,2.25,2.3,5500.0,-0.050000000000000266
4.0,30.0,2.5,2.5,2.4,2.4,9400.0,-0.10000000000000009
4.0,29.0,2.45,2.55,2.3,2.5,10800.0,0.04999999999999982
4.0,28.0,2.25,2.25,2.25,2.25,0.0,0.0
4.0,27.0,2.25,2.26,2.25,2.25,6300.0,0.0
4.0,26.0,2.25,2.25,2.25,2.25,2000.0,0.0
4.0,23.0,2.4,2.4,2.4,2.4,200.0,0.0
4.0,22.0,2.25,2.25,2.25,2.25,0.0,0.0
4.0,21.0,2.4,2.45,2.25,2.25,8600.0,-0.1499999999999999
4.0,20.0,2.3,2.3,2.3,2.3,1400.0,0.0
4.0,19.0,2.3,2.4,2.25,2.4,10400.0,0.10000000000000009
4.0,16.0,2.2,2.3,2.2,2.3,14900.0,0.09999999999999964
4.0,15.0,2.25,2.25,2.2,2.2,1000.0,-0.04999999999999982
4.0,14.0,2.2,2.25,2.2,2.25,10200.0,0.04999999999999982
4.0,13.0,2.05,2.05,2.05,2.05,5000.0,0.0
4.0,12.0,2.05,2.05,2.05,2.05,0.0,0.0
4.0,8.0,2.05,2.05,2.05,2.05,0.0,0.0
4.0,7.0,2.05,2.05,2.05,2.05,0.0,0.0
4.0,6.0,2.05,2.1,2.05,2.05,5000.0,0.0
4.0,5.0,2.04,2.05,1.95,2.0,9500.0,-0.040000000000000036
4.0,2.0,2.05,2.1,1.96,2.05,18100.0,0.0
4.0,1.0,2.19,2.19,2.0,2.0,7000.0,-0.18999999999999995
3.0,31.0,1.95,1.95,1.95,1.95,0.0,0.0
3.0,30.0,2.05,2.05,1.95,1.95,18500.0,-0.09999999999999987
3.0,29.0,2.05,2.05,1.95,1.95,12200.0,-0.09999999999999987
3.0,26.0,1.96,1.96,1.96,1.96,700.0,0.0
3.0,25.0,2.1,2.1,2.0,2.0,16600.0,-0.10000000000000009
3.0,24.0,2.0,2.0,2.0,2.0,0.0,0.0
3.0,23.0,2.02,2.02,1.97,2.0,7700.0,-0.020000000000000018
3.0,22.0,2.0,2.0,2.0,2.0,0.0,0.0
3.0,19.0,2.05,2.1,2.0,2.0,17500.0,-0.04999999999999982
3.0,18.0,2.1,2.1,1.95,2.1,16500.0,0.0
3.0,17.0,1.95,2.2,1.95,2.2,47000.0,0.2500000000000002
3.0,16.0,1.75,2.05,1.6,1.9,37500.0,0.1499999999999999
3.0,15.0,1.95,1.95,1.95,1.95,2500.0,0.0
3.0,12.0,2.02,2.02,1.7,1.9,39500.0,-0.1200000000000001
3.0,11.0,2.11,2.11,2.0,2.0,4000.0,-0.10999999999999988
3.0,10.0,2.03,2.4,2.03,2.4,7500.0,0.3700000000000001
3.0,9.0,2.3,2.3,1.5,1.8,31600.0,-0.4999999999999998
3.0,8.0,2.4,2.5,2.32,2.32,16000.0,-0.08000000000000007
3.0,5.0,2.37,2.54,2.37,2.4,22000.0,0.029999999999999805
3.0,4.0,2.35,2.35,2.35,2.35,1000.0,0.0
3.0,3.0,2.42,2.42,2.4,2.4,11000.0,-0.020000000000000018
3.0,2.0,2.47,2.48,2.44,2.48,28000.0,0.009999999999999787
3.0,1.0,2.47,2.47,2.47,2.47,14000.0,0.0
2.0,27.0,2.52,2.55,2.5,2.5,5400.0,-0.020000000000000018
2.0,26.0,2.52,2.52,2.5,2.5,7300.0,-0.020000000000000018
2.0,25.0,2.5,2.52,2.5,2.5,4000.0,0.0
2.0,24.0,2.5,2.5,2.45,2.5,4000.0,0.0
2.0,23.0,2.6,2.6,2.5,2.55,10500.0,-0.050000000000000266
2.0,20.0,2.62,2.62,2.55,2.55,20500.0,-0.07000000000000028
2.0,19.0,2.72,2.8,2.69,2.73,19500.0,0.009999999999999787
2.0,18.0,2.75,2.75,2.75,2.75,1000.0,0.0
2.0,17.0,2.82,2.82,2.75,2.75,13000.0,-0.06999999999999984
2.0,13.0,2.85,2.85,2.85,2.85,3000.0,0.0
2.0,12.0,2.85,2.85,2.8,2.85,22100.0,0.0
2.0,11.0,2.8,2.9,2.8,2.85,8800.0,0.050000000000000266
2.0,10.0,2.8,2.85,2.8,2.8,11500.0,0.0
2.0,9.0,2.8,2.8,2.8,2.8,1000.0,0.0
2.0,6.0,2.8,2.8,2.75,2.75,3000.0,-0.04999999999999982
2.0,5.0,2.75,2.75,2.75,2.75,2000.0,0.0
2.0,4.0,2.75,2.75,2.75,2.75,1500.0,0.0
2.0,3.0,2.75,2.75,2.75,2.75,0.0,0.0
2.0,2.0,2.75,2.75,2.75,2.75,0.0,0.0
1.0,30.0,2.75,2.75,2.75,2.75,0.0,0.0
1.0,29.0,2.75,2.75,2.75,2.75,1000.0,0.0
1.0,28.0,2.7,2.7,2.65,2.65,1600.0,-0.050000000000000266
1.0,27.0,2.7,2.7,2.65,2.65,2000.0,-0.050000000000000266
1.0,26.0,2.6,2.7,2.6,2.7,2500.0,0.10000000000000009
1.0,23.0,2.45,2.6,2.45,2.6,14000.0,0.1499999999999999
1.0,22.0,2.35,2.45,2.35,2.45,9000.0,0.10000000000000009
1.0,21.0,2.1,2.1,2.1,2.1,0.0,0.0
1.0,20.0,2.1,2.1,2.1,2.1,0.0,0.0
1.0,16.0,2.1,2.1,2.1,2.1,0.0,0.0
1.0,15.0,2.35,2.35,2.1,2.1,200.0,-0.25
1.0,14.0,2.3,2.3,2.3,2.3,0.0,0.0
1.0,13.0,2.3,2.3,2.3,2.3,0.0,0.0
1.0,12.0,2.3,2.3,2.3,2.3,500.0,0.0
1.0,9.0,2.3,2.3,2.3,2.3,0.0,0.0
1.0,8.0,2.3,2.3,2.3,2.3,0.0,0.0
1.0,7.0,2.3,2.3,2.3,2.3,11000.0,0.0
1.0,6.0,2.35,2.35,2.35,2.35,0.0,0.0
1.0,5.0,2.35,2.35,2.35,2.35,0.0,0.0
1.0,2.0,2.35,2.35,2.35,2.35,0.0,0.0
12.0,31.0,2.35,2.35,2.35,2.35,0.0,0.0
12.0,30.0,2.1,2.35,2.1,2.35,700.0,0.25
12.0,29.0,2.35,2.35,2.35,2.35,0.0,0.0
12.0,26.0,2.35,2.35,2.35,2.35,400.0,0.0
12.0,24.0,2.35,2.35,2.35,2.35,300.0,0.0
12.0,23.0,2.25,2.35,2.15,2.35,2300.0,0.10000000000000009
12.0,22.0,2.0,2.0,2.0,2.0,300.0,0.0
12.0,19.0,2.0,2.0,2.0,2.0,0.0,0.0
12.0,18.0,2.0,2.0,2.0,2.0,500.0,0.0
12.0,17.0,2.25,2.25,2.25,2.25,200.0,0.0
12.0,16.0,2.25,2.25,2.25,2.25,0.0,0.0
12.0,15.0,1.8,2.25,1.8,2.25,3300.0,0.44999999999999996
12.0,12.0,1.55,1.55,1.55,1.55,0.0,0.0
12.0,11.0,1.55,1.55,1.55,1.55,0.0,0.0
12.0,10.0,1.8,1.8,1.55,1.55,18200.0,-0.25
12.0,9.0,1.85,1.85,1.85,1.85,0.0,0.0
12.0,8.0,1.85,1.85,1.85,1.85,0.0,0.0
12.0,5.0,1.85,1.85,1.85,1.85,0.0,0.0
12.0,4.0,1.95,1.95,1.85,1.85,1600.0,-0.09999999999999987
12.0,3.0,1.65,1.65,1.65,1.65,0.0,0.0
12.0,2.0,1.65,1.65,1.65,1.65,0.0,0.0
12.0,1.0,1.65,1.65,1.65,1.65,0.0,0.0
11.0,28.0,1.65,1.65,1.65,1.65,0.0,0.0
11.0,26.0,1.65,1.65,1.65,1.65,0.0,0.0
11.0,25.0,1.65,1.65,1.65,1.65,0.0,0.0
11.0,24.0,1.65,1.65,1.65,1.65,4300.0,0.0
11.0,21.0,1.8,2.0,1.75,2.0,3800.0,0.19999999999999996
11.0,20.0,2.0,2.0,2.0,2.0,0.0,0.0
11.0,19.0,2.0,2.0,2.0,2.0,0.0,0.0
11.0,18.0,2.0,2.0,2.0,2.0,0.0,0.0
11.0,17.0,2.0,2.0,2.0,2.0,1000.0,0.0
11.0,14.0,2.5,2.5,2.5,2.5,0.0,0.0
11.0,13.0,2.5,2.5,2.5,2.5,0.0,0.0
11.0,12.0,2.5,2.5,2.5,2.5,0.0,0.0
11.0,11.0,2.5,2.5,2.5,2.5,0.0,0.0
11.0,10.0,2.5,2.5,2.5,2.5,0.0,0.0
11.0,7.0,2.5,2.5,2.5,2.5,0.0,0.0
11.0,6.0,2.5,2.5,2.5,2.5,0.0,0.0
11.0,5.0,2.5,2.5,2.5,2.5,0.0,0.0
11.0,4.0,2.5,2.5,2.5,2.5,0.0,0.0
11.0,3.0,2.5,2.5,2.5,2.5,0.0,0.0
10.0,31.0,2.5,2.5,2.5,2.5,0.0,0.0
10.0,30.0,2.5,2.5,2.5,2.5,0.0,0.0
10.0,29.0,2.5,2.5,2.5,2.5,0.0,0.0
10.0,28.0,2.5,2.5,2.5,2.5,0.0,0.0
10.0,27.0,2.5,2.5,2.5,2.5,1000.0,0.0
10.0,24.0,2.5,2.5,2.5,2.5,500.0,0.0
10.0,23.0,2.25,2.25,2.25,2.25,0.0,0.0
10.0,22.0,2.25,2.25,2.25,2.25,0.0,0.0
10.0,21.0,2.25,2.25,2.25,2.25,0.0,0.0
10.0,20.0,2.25,2.25,2.25,2.25,0.0,0.0
10.0,17.0,2.25,2.25,2.25,2.25,0.0,0.0
10.0,16.0,2.25,2.25,2.25,2.25,0.0,0.0
10.0,15.0,2.25,2.25,2.25,2.25,0.0,0.0
10.0,14.0,2.25,2.25,2.25,2.25,0.0,0.0
10.0,13.0,2.25,2.25,2.25,2.25,0.0,0.0
10.0,10.0,2.25,2.25,2.25,2.25,0.0,0.0
10.0,9.0,2.25,2.25,2.25,2.25,0.0,0.0
10.0,8.0,2.25,2.25,2.25,2.25,0.0,0.0
10.0,7.0,2.25,2.25,2.25,2.25,0.0,0.0
10.0,6.0,2.25,2.25,2.25,2.25,0.0,0.0
10.0,3.0,2.35,2.35,2.25,2.25,1200.0,-0.10000000000000009
10.0,2.0,2.5,2.5,2.25,2.25,4800.0,-0.25
10.0,1.0,2.25,2.25,2.25,2.25,0.0,0.0
9.0,30.0,2.25,2.25,2.25,2.25,0.0,0.0
9.0,29.0,2.25,2.25,2.25,2.25,0.0,0.0
9.0,26.0,2.25,2.25,2.25,2.25,0.0,0.0
9.0,25.0,2.25,2.25,2.25,2.25,0.0,0.0
9.0,24.0,2.25,2.25,2.25,2.25,0.0,0.0
9.0,23.0,2.25,2.25,2.25,2.25,0.0,0.0
9.0,22.0,2.25,2.25,2.25,2.25,0.0,0.0
9.0,19.0,2.25,2.25,2.25,2.25,0.0,0.0
9.0,18.0,2.25,2.25,2.25,2.25,0.0,0.0
9.0,17.0,2.25,2.25,2.25,2.25,0.0,0.0
9.0,16.0,2.25,2.25,2.25,2.25,0.0,0.0
9.0,15.0,2.25,2.25,2.25,2.25,0.0,0.0
9.0,12.0,2.25,2.25,2.25,2.25,1100.0,0.0
9.0,11.0,2.6,2.6,2.6,2.6,0.0,0.0
9.0,10.0,2.6,2.6,2.6,2.6,0.0,0.0
9.0,9.0,2.6,2.6,2.6,2.6,0.0,0.0
9.0,8.0,2.6,2.6,2.6,2.6,0.0,0.0
9.0,5.0,2.6,2.6,2.6,2.6,0.0,0.0
9.0,4.0,2.6,2.6,2.6,2.6,0.0,0.0
9.0,3.0,2.6,2.6,2.6,2.6,0.0,0.0
9.0,2.0,2.6,2.6,2.6,2.6,0.0,0.0
8.0,29.0,2.6,2.6,2.6,2.6,0.0,0.0
8.0,28.0,2.5,2.6,2.5,2.6,1500.0,0.10000000000000009
8.0,27.0,2.0,2.0,2.0,2.0,0.0,0.0
8.0,26.0,2.0,2.0,2.0,2.0,0.0,0.0
8.0,25.0,2.0,2.0,2.0,2.0,0.0,0.0
8.0,22.0,2.0,2.0,2.0,2.0,0.0,0.0
8.0,21.0,2.0,2.0,2.0,2.0,0.0,0.0
8.0,20.0,2.0,2.0,2.0,2.0,0.0,0.0
8.0,19.0,2.0,2.0,2.0,2.0,600.0,0.0
8.0,18.0,2.0,2.0,2.0,2.0,0.0,0.0
8.0,15.0,2.0,2.0,2.0,2.0,0.0,0.0
8.0,14.0,2.1,2.12,2.0,2.0,3300.0,-0.10000000000000009
8.0,13.0,2.06,2.12,2.06,2.1,700.0,0.040000000000000036
8.0,12.0,2.3,2.3,2.3,2.3,1000.0,0.0
8.0,6.0,2.3,2.6,2.3,2.6,2200.0,0.30000000000000027
7.0,22.0,2.5,2.5,2.5,2.5,1000.0,0.0
7.0,21.0,5.33,5.33,5.33,5.33,0.0,0.0
7.0,18.0,2.3,2.3,2.3,2.3,22000.0,0.0
7.0,16.0,2.3,2.3,2.3,2.3,1000.0,0.0
7.0,15.0,2.3,2.3,2.3,2.3,37000.0,0.0
7.0,14.0,6.3,6.3,6.3,6.3,15000.0,0.0
6.0,30.0,4.2,4.2,4.2,4.2,15000.0,0.0
6.0,27.0,3.5,4.2,3.5,4.2,41800.0,0.7000000000000002
6.0,24.0,3.5,3.5,3.5,3.5,20000.0,0.0
6.0,12.0,3.5,4.2,3.5,4.2,51600.0,0.7000000000000002
6.0,6.0,2.8,3.5,2.8,3.5,70000.0,0.7000000000000002
6.0,5.0,2.8,3.5,2.8,3.5,18500.0,0.7000000000000002
6.0,3.0,4.2,4.2,4.2,4.2,20000.0,0.0
5.0,29.0,3.5,3.5,3.5,3.5,20000.0,0.0
5.0,28.0,2.8,3.5,2.8,3.5,37500.0,0.7000000000000002
5.0,27.0,2.8,4.2,2.8,4.2,30000.0,1.4000000000000004
5.0,23.0,4.2,4.2,4.2,4.2,5000.0,0.0
5.0,22.0,3.5,4.2,3.5,4.2,30000.0,0.7000000000000002
5.0,21.0,2.1,2.1,2.1,2.1,10000.0,0.0
5.0,20.0,2.1,2.1,2.1,2.1,15000.0,0.0
5.0,16.0,1.75,1.75,1.75,1.75,5000.0,0.0
5.0,14.0,0.91,0.91,0.91,0.91,10000.0,0.0
4.0,7.0,0.91,0.91,0.91,0.91,2000.0,0.0
3.0,24.0,1.05,1.05,1.05,1.05,10000.0,0.0
3.0,4.0,1.05,1.05,1.05,1.05,5000.0,0.0
11.0,26.0,0.35,0.35,0.35,0.35,100.0,0.0
11.0,5.0,0.35,0.35,0.35,0.35,9500.0,0.0
10.0,29.0,0.35,0.35,0.35,0.35,9500.0,0.0
10.0,16.0,0.035,0.035,0.035,0.035,22100.0,0.0
9.0,18.0,0.07,0.07,0.07,0.07,41600.0,0.0
7.0,25.0,0.067,0.067,0.067,0.067,0.0,0.0
5.0,22.0,3.332,3.332,3.332,3.332,0.0,0.0
12.0,19.0,0.067,1.0,0.067,0.067,0.0,0.0
7.0,18.0,1.0,1.333,1.0,1.0,100.0,0.0
2.0,22.0,1.999,1.999,1.999,1.999,100.0,0.0
2.0,20.0,1.999,1.999,1.999,1.999,100.0,0.0
2.0,16.0,1.999,1.999,1.999,1.999,400.0,0.0
2.0,15.0,2.665,3.332,2.665,2.665,700.0,0.0
2.0,14.0,1.999,1.999,1.999,1.999,1000.0,0.0
2.0,13.0,1.333,5.997,1.333,1.333,1500.0,0.0
2.0,12.0,5.997,10.395,5.997,5.997,1800.0,0.0
2.0,9.0,10.395,16.659,10.395,10.395,600.0,0.0
2.0,8.0,16.659,16.659,16.659,16.659,100.0,0.0
2.0,7.0,20.79,20.79,20.79,20.79,0.0,0.0
2.0,6.0,33.318,33.318,33.318,33.318,0.0,0.0
1.0,31.0,35.383,35.383,35.383,35.383,100.0,0.0
1.0,22.0,33.318,33.318,33.318,33.318,100.0,0.0
1.0,19.0,31.185,41.647,29.119,31.185,1100.0,0.0
1.0,18.0,31.185,39.515,31.185,31.185,200.0,0.0
1.0,16.0,24.988,37.449,24.988,24.988,100.0,0.0
1.0,11.0,37.449,37.449,37.449,37.449,400.0,0.0
1.0,10.0,33.318,37.449,33.318,33.318,300.0,0.0
1.0,9.0,35.383,35.383,35.383,35.383,0.0,0.0
1.0,8.0,29.119,33.318,29.119,29.119,400.0,0.0
1.0,5.0,33.318,52.042,33.318,33.318,500.0,0.0
1.0,4.0,68.701,68.701,68.034,68.701,300.0,0.0
1.0,3.0,68.701,68.701,68.701,68.701,0.0,0.0
1.0,2.0,66.635,66.635,62.437,66.635,500.0,0.0
12.0,29.0,62.437,66.635,62.437,62.437,200.0,0.0
12.0,27.0,62.437,68.701,62.437,62.437,600.0,0.0
12.0,26.0,70.766,70.766,70.766,70.766,0.0,0.0
12.0,22.0,66.635,83.294,66.635,66.635,400.0,0.0
12.0,21.0,70.766,70.766,66.635,70.766,100.0,0.0
12.0,20.0,72.832,72.832,64.503,72.832,600.0,0.0
12.0,19.0,68.168,72.632,68.168,68.168,400.0,0.0
12.0,18.0,70.233,70.633,70.233,70.233,100.0,0.0
12.0,15.0,66.635,66.635,66.635,66.635,200.0,0.0
12.0,14.0,70.766,74.964,68.701,70.766,400.0,0.0
12.0,13.0,58.306,58.306,58.306,58.306,0.0,0.0
12.0,12.0,74.964,74.964,74.964,74.964,0.0,0.0
12.0,11.0,83.294,83.294,83.294,83.294,0.0,0.0
12.0,8.0,91.623,91.623,54.108,91.623,300.0,0.0
12.0,7.0,66.635,70.766,66.635,66.635,0.0,0.0
12.0,5.0,49.976,49.976,49.976,49.976,0.0,0.0
11.0,30.0,49.976,79.096,49.976,49.976,100.0,0.0
11.0,29.0,79.096,79.096,79.096,79.096,0.0,0.0
11.0,28.0,79.096,79.096,79.096,79.096,0.0,0.0
11.0,21.0,91.623,91.623,87.425,91.623,0.0,0.0
11.0,17.0,87.425,97.82,87.425,87.425,0.0,0.0
11.0,16.0,99.953,99.953,99.953,99.953,0.0,0.0
11.0,15.0,99.953,99.953,95.754,99.953,0.0,0.0
11.0,8.0,99.953,99.953,99.953,99.953,0.0,0.0
11.0,6.0,95.754,99.953,95.754,95.754,0.0,0.0
11.0,2.0,99.953,116.611,99.953,99.953,0.0,0.0
10.0,31.0,116.611,120.743,116.611,116.611,0.0,0.0
10.0,30.0,124.941,133.27,124.941,124.941,0.0,0.0
10.0,27.0,133.27,133.27,129.072,133.27,300.0,0.0
10.0,26.0,124.941,124.941,116.611,124.941,0.0,0.0
10.0,25.0,104.084,104.084,104.084,104.084,0.0,0.0
10.0,24.0,99.953,104.084,99.953,99.953,0.0,0.0
10.0,23.0,108.282,108.282,104.084,108.282,0.0,0.0
10.0,20.0,99.953,99.953,70.766,99.953,100.0,0.0
10.0,19.0,70.766,70.766,70.766,70.766,0.0,0.0
10.0,18.0,70.766,70.766,70.766,70.766,0.0,0.0
10.0,16.0,70.766,70.766,70.766,70.766,0.0,0.0
10.0,12.0,70.766,70.766,70.766,70.766,0.0,0.0
10.0,11.0,87.425,87.425,62.437,87.425,100.0,0.0
10.0,10.0,62.437,62.437,62.437,62.437,0.0,0.0
10.0,9.0,68.701,74.964,68.701,68.701,0.0,0.0
10.0,6.0,74.964,74.964,74.964,74.964,0.0,0.0
10.0,5.0,83.294,83.294,83.294,83.294,0.0,0.0
10.0,4.0,83.294,99.953,83.294,83.294,100.0,0.0
10.0,3.0,95.754,99.953,95.754,95.754,0.0,0.0
10.0,2.0,95.754,112.413,95.754,95.754,0.0,0.0
9.0,25.0,108.282,108.282,108.282,108.282,100.0,0.0
9.0,22.0,99.953,99.953,99.953,99.953,0.0,0.0
9.0,21.0,112.413,112.413,108.282,112.413,100.0,0.0
9.0,20.0,112.413,112.413,112.413,112.413,0.0,0.0
9.0,18.0,108.282,112.413,108.282,108.282,0.0,0.0
9.0,15.0,114.479,120.743,114.479,114.479,200.0,0.0
9.0,14.0,116.611,116.611,116.611,116.611,0.0,0.0
9.0,13.0,108.282,116.611,108.282,108.282,200.0,0.0
9.0,12.0,124.941,124.941,124.941,124.941,100.0,0.0
9.0,11.0,124.941,124.941,112.413,124.941,400.0,0.0
9.0,8.0,108.282,108.282,108.282,108.282,100.0,0.0
9.0,7.0,116.611,116.611,116.611,116.611,300.0,0.0
9.0,5.0,104.084,116.611,104.084,104.084,100.0,0.0
8.0,31.0,120.743,124.941,120.743,120.743,0.0,0.0
8.0,30.0,124.941,124.941,116.611,124.941,0.0,0.0
8.0,29.0,133.27,133.27,133.27,133.27,0.0,0.0
8.0,28.0,154.06,154.06,154.06,154.06,0.0,0.0
8.0,25.0,158.258,158.258,158.258,158.258,0.0,0.0
8.0,24.0,133.27,141.599,133.27,133.27,0.0,0.0
8.0,23.0,141.599,141.599,141.599,141.599,0.0,0.0
8.0,18.0,158.258,158.258,158.258,158.258,0.0,0.0
8.0,7.0,158.258,174.917,158.258,158.258,0.0,0.0
8.0,4.0,166.588,174.917,166.588,166.588,100.0,0.0
8.0,3.0,183.246,199.905,183.246,183.246,0.0,0.0
8.0,2.0,220.695,220.695,208.234,220.695,0.0,0.0
8.0,1.0,208.234,208.234,208.234,208.234,0.0,0.0
7.0,31.0,208.234,208.234,208.234,208.234,0.0,0.0
7.0,28.0,208.234,208.234,208.234,208.234,0.0,0.0
7.0,27.0,216.564,216.564,208.234,216.564,100.0,0.0
7.0,26.0,212.366,216.564,212.366,212.366,100.0,0.0
7.0,25.0,220.695,220.695,216.564,220.695,0.0,0.0
7.0,19.0,224.893,224.893,224.893,224.893,0.0,0.0
7.0,17.0,229.024,229.024,229.024,229.024,0.0,0.0
7.0,13.0,224.893,224.893,224.893,224.893,0.0,0.0
7.0,12.0,233.223,241.552,233.223,233.223,0.0,0.0
7.0,11.0,258.211,258.211,241.552,258.211,100.0,0.0
7.0,10.0,258.211,258.211,233.223,258.211,0.0,0.0
7.0,7.0,249.881,274.869,249.881,249.881,300.0,0.0
7.0,6.0,274.869,274.869,270.671,274.869,100.0,0.0
7.0,5.0,266.54,266.54,266.54,266.54,0.0,0.0
6.0,30.0,274.869,274.869,270.671,274.869,100.0,0.0
6.0,28.0,274.869,279.001,274.869,274.869,200.0,0.0
6.0,26.0,279.001,279.001,270.671,279.001,0.0,0.0
6.0,21.0,274.869,279.001,274.869,274.869,0.0,0.0
6.0,20.0,274.869,274.869,274.869,274.869,0.0,0.0
6.0,19.0,274.869,299.858,274.869,274.869,100.0,0.0
6.0,16.0,320.648,328.977,320.648,320.648,100.0,0.0
6.0,15.0,299.858,299.858,299.858,299.858,0.0,0.0
6.0,14.0,308.187,320.648,308.187,308.187,0.0,0.0
6.0,5.0,266.54,299.858,266.54,266.54,0.0,0.0
5.0,26.0,316.516,316.516,316.516,316.516,0.0,0.0
5.0,18.0,333.175,333.175,333.175,333.175,0.0,0.0
5.0,12.0,333.175,333.175,333.175,333.175,0.0,0.0
5.0,10.0,333.175,341.504,333.175,333.175,0.0,0.0
5.0,5.0,333.175,337.306,333.175,333.175,0.0,0.0
5.0,2.0,466.445,466.445,466.445,466.445,0.0,0.0
