9.0,25.0,2.4,2.42,2.32,2.34,8156300.0,-0.06000000000000005
9.0,24.0,2.38,2.42,2.36,2.38,7694600.0,0.0
9.0,23.0,2.44,2.45,2.35,2.39,9638100.0,-0.04999999999999982
9.0,22.0,2.47,2.5,2.41,2.42,8747500.0,-0.050000000000000266
9.0,21.0,2.5,2.54,2.45,2.5,8188000.0,0.0
9.0,18.0,2.48,2.52,2.47,2.52,9743700.0,0.040000000000000036
9.0,17.0,2.5,2.54,2.48,2.49,5804000.0,-0.009999999999999787
9.0,16.0,2.52,2.53,2.48,2.51,7019900.0,-0.010000000000000231
9.0,15.0,2.48,2.58,2.48,2.52,7551700.0,0.040000000000000036
9.0,14.0,2.45,2.5,2.42,2.49,7132400.0,0.040000000000000036
9.0,11.0,2.47,2.51,2.44,2.47,1.43314E7,0.0
9.0,10.0,2.5,2.53,2.44,2.47,1.56597E7,-0.029999999999999805
9.0,9.0,2.52,2.55,2.46,2.51,1.62813E7,-0.010000000000000231
9.0,8.0,2.52,2.57,2.49,2.5,1.15376E7,-0.020000000000000018
9.0,4.0,2.5,2.53,2.49,2.5,4969000.0,0.0
9.0,3.0,2.51,2.58,2.51,2.54,7333500.0,0.03000000000000025
9.0,2.0,2.5,2.54,2.47,2.5,7378200.0,0.0
9.0,1.0,2.47,2.53,2.46,2.5,1.06855E7,0.029999999999999805
8.0,31.0,2.49,2.55,2.49,2.53,1.02451E7,0.03999999999999959
8.0,28.0,2.41,2.54,2.41,2.52,1.1078E7,0.10999999999999988
8.0,27.0,2.46,2.48,2.39,2.42,1.24633E7,-0.040000000000000036
8.0,26.0,2.47,2.5,2.4,2.43,8259100.0,-0.040000000000000036
8.0,25.0,2.43,2.5,2.4,2.44,1.42955E7,0.009999999999999787
8.0,24.0,2.27,2.48,2.2,2.37,1.82805E7,0.10000000000000009
8.0,21.0,2.51,2.51,2.44,2.44,9975500.0,-0.06999999999999984
8.0,20.0,2.53,2.56,2.48,2.52,1.29301E7,-0.009999999999999787
8.0,19.0,2.6,2.64,2.56,2.58,7365800.0,-0.020000000000000018
8.0,18.0,2.61,2.69,2.61,2.62,1.0502E7,0.010000000000000231
8.0,17.0,2.66,2.69,2.61,2.65,9602000.0,-0.010000000000000231
8.0,14.0,2.67,2.7,2.65,2.7,6223200.0,0.03000000000000025
8.0,13.0,2.74,2.75,2.67,2.7,9497700.0,-0.040000000000000036
8.0,12.0,2.63,2.75,2.6,2.75,1.12111E7,0.1200000000000001
8.0,11.0,2.63,2.72,2.62,2.67,1.0524E7,0.040000000000000036
8.0,10.0,2.64,2.72,2.61,2.67,1.10336E7,0.029999999999999805
8.0,7.0,2.48,2.64,2.44,2.64,3.02961E7,0.16000000000000014
8.0,6.0,2.5,2.51,2.45,2.45,1.94453E7,-0.04999999999999982
8.0,5.0,2.51,2.54,2.48,2.51,1.21791E7,0.0
8.0,4.0,2.46,2.52,2.46,2.49,1.16922E7,0.03000000000000025
8.0,3.0,2.49,2.5,2.43,2.49,1.09493E7,0.0
7.0,31.0,2.5,2.61,2.47,2.48,1.77205E7,-0.020000000000000018
7.0,30.0,2.52,2.53,2.46,2.47,5840400.0,-0.04999999999999982
7.0,29.0,2.51,2.54,2.45,2.51,1.14165E7,0.0
7.0,28.0,2.55,2.57,2.48,2.48,2.26262E7,-0.06999999999999984
7.0,27.0,2.62,2.63,2.51,2.54,1.3088E7,-0.08000000000000007
7.0,24.0,2.7,2.7,2.6,2.62,1.17764E7,-0.08000000000000007
7.0,23.0,2.69,2.72,2.62,2.67,7171800.0,-0.020000000000000018
7.0,22.0,2.69,2.73,2.66,2.66,3450100.0,-0.029999999999999805
7.0,21.0,2.66,2.75,2.66,2.69,7096600.0,0.029999999999999805
7.0,20.0,2.74,2.74,2.65,2.65,6584000.0,-0.0900000000000003
7.0,17.0,2.77,2.84,2.7,2.71,1.01638E7,-0.06000000000000005
7.0,16.0,2.73,2.78,2.7,2.75,6809700.0,0.020000000000000018
7.0,15.0,2.78,2.81,2.7,2.7,6153700.0,-0.07999999999999963
7.0,14.0,2.7,2.78,2.69,2.75,8065300.0,0.04999999999999982
7.0,13.0,2.66,2.71,2.66,2.67,6756700.0,0.009999999999999787
7.0,10.0,2.68,2.7,2.61,2.65,1.01903E7,-0.03000000000000025
7.0,9.0,2.77,2.78,2.63,2.65,2.02817E7,-0.1200000000000001
7.0,8.0,2.81,2.82,2.73,2.74,6926600.0,-0.06999999999999984
7.0,7.0,2.8,2.88,2.76,2.84,7976300.0,0.040000000000000036
7.0,6.0,2.83,2.83,2.76,2.81,6725700.0,-0.020000000000000018
7.0,2.0,2.82,2.89,2.82,2.84,4283700.0,0.020000000000000018
7.0,1.0,2.87,2.96,2.82,2.84,1.26274E7,-0.03000000000000025
6.0,30.0,2.9,2.91,2.86,2.86,4877900.0,-0.040000000000000036
6.0,29.0,2.92,2.94,2.87,2.88,7511000.0,-0.040000000000000036
6.0,26.0,2.99,3.0,2.93,2.94,5080000.0,-0.050000000000000266
6.0,25.0,2.97,3.0,2.95,2.99,6515300.0,0.020000000000000018
6.0,24.0,2.95,2.99,2.93,2.98,3994100.0,0.029999999999999805
6.0,23.0,2.97,2.99,2.94,2.96,4691500.0,-0.010000000000000231
6.0,22.0,2.98,3.01,2.97,2.98,4166100.0,0.0
6.0,19.0,3.0,3.02,2.98,2.99,6626100.0,-0.009999999999999787
6.0,18.0,2.97,3.02,2.92,2.99,7313600.0,0.020000000000000018
6.0,17.0,2.96,2.98,2.95,2.96,4480100.0,0.0
6.0,16.0,2.99,3.01,2.91,2.95,8845900.0,-0.040000000000000036
6.0,15.0,3.04,3.04,2.98,2.99,9491500.0,-0.04999999999999982
6.0,12.0,2.99,3.06,2.97,3.04,8085600.0,0.04999999999999982
6.0,11.0,3.01,3.05,2.98,2.99,6866000.0,-0.019999999999999574
6.0,10.0,2.98,3.07,2.98,3.01,9360400.0,0.029999999999999805
6.0,9.0,2.98,3.0,2.94,2.98,8109700.0,0.0
6.0,8.0,3.06,3.07,2.98,2.99,6972100.0,-0.06999999999999984
6.0,5.0,3.01,3.07,3.0,3.06,7842200.0,0.050000000000000266
6.0,4.0,3.01,3.08,3.0,3.02,5645800.0,0.010000000000000231
6.0,3.0,2.99,3.05,2.98,3.04,8794400.0,0.04999999999999982
6.0,2.0,2.94,2.99,2.93,2.98,6454100.0,0.040000000000000036
6.0,1.0,2.95,2.98,2.93,2.94,1.19975E7,-0.010000000000000231
5.0,29.0,2.91,2.96,2.89,2.95,1.26891E7,0.040000000000000036
5.0,28.0,2.87,2.99,2.86,2.94,1.1378E7,0.06999999999999984
5.0,27.0,2.87,2.9,2.84,2.86,8550400.0,-0.010000000000000231
5.0,26.0,2.93,2.94,2.85,2.85,7235400.0,-0.08000000000000007
5.0,22.0,2.97,2.98,2.92,2.93,7871300.0,-0.040000000000000036
5.0,21.0,2.96,2.99,2.93,2.97,1.0771E7,0.010000000000000231
5.0,20.0,3.01,3.03,2.88,2.96,1.7009E7,-0.04999999999999982
5.0,19.0,2.98,3.08,2.97,3.0,1.51686E7,0.020000000000000018
5.0,18.0,3.05,3.1,2.96,2.97,1.31678E7,-0.07999999999999963
5.0,15.0,3.01,3.13,3.01,3.05,2.61966E7,0.040000000000000036
5.0,14.0,3.03,3.11,2.93,3.05,2.81437E7,0.020000000000000018
5.0,13.0,2.96,3.04,2.95,3.01,3.58152E7,0.04999999999999982
5.0,12.0,2.87,2.97,2.87,2.93,1.91841E7,0.06000000000000005
5.0,11.0,2.86,2.96,2.85,2.9,2.5434E7,0.040000000000000036
5.0,8.0,2.76,2.9,2.73,2.86,2.75387E7,0.10000000000000009
5.0,7.0,2.71,2.83,2.64,2.8,5.22204E7,0.08999999999999986
5.0,6.0,2.48,2.64,2.46,2.61,4.33077E7,0.1299999999999999
5.0,5.0,2.51,2.53,2.46,2.5,2.2148E7,-0.009999999999999787
5.0,4.0,2.48,2.51,2.46,2.49,1.76471E7,0.010000000000000231
5.0,1.0,2.46,2.52,2.46,2.47,7291500.0,0.010000000000000231
4.0,30.0,2.45,2.5,2.43,2.45,9938200.0,0.0
4.0,29.0,2.43,2.47,2.42,2.45,1.16116E7,0.020000000000000018
4.0,28.0,2.46,2.5,2.42,2.45,7159400.0,-0.009999999999999787
4.0,27.0,2.51,2.51,2.45,2.47,9212600.0,-0.03999999999999959
4.0,24.0,2.5,2.55,2.49,2.52,8092500.0,0.020000000000000018
4.0,23.0,2.51,2.54,2.51,2.53,5429700.0,0.020000000000000018
4.0,22.0,2.51,2.53,2.46,2.51,1.35794E7,0.0
4.0,21.0,2.45,2.5,2.44,2.49,1.95817E7,0.040000000000000036
4.0,20.0,2.47,2.47,2.38,2.44,1.85528E7,-0.03000000000000025
4.0,17.0,2.46,2.47,2.42,2.45,1.10062E7,-0.009999999999999787
4.0,16.0,2.45,2.48,2.44,2.46,1.13625E7,0.009999999999999787
4.0,15.0,2.44,2.49,2.42,2.46,1.39538E7,0.020000000000000018
4.0,14.0,2.5,2.5,2.41,2.44,1.7605E7,-0.06000000000000005
4.0,13.0,2.5,2.52,2.44,2.47,1.76411E7,-0.029999999999999805
4.0,10.0,2.43,2.51,2.42,2.49,4.41509E7,0.06000000000000005
4.0,9.0,2.5,2.57,2.35,2.38,1.289477E8,-0.1200000000000001
4.0,8.0,2.82,2.9,2.81,2.9,4.3854E7,0.08000000000000007
4.0,7.0,2.76,2.81,2.7,2.8,7110200.0,0.040000000000000036
4.0,6.0,2.76,2.81,2.75,2.77,6784800.0,0.010000000000000231
4.0,2.0,2.78,2.82,2.75,2.78,7000700.0,0.0
4.0,1.0,2.86,2.87,2.78,2.79,1.06917E7,-0.06999999999999984
3.0,31.0,2.75,2.89,2.75,2.85,2.06021E7,0.10000000000000009
3.0,30.0,2.76,2.82,2.73,2.78,1.51028E7,0.020000000000000018
3.0,27.0,2.72,2.82,2.72,2.77,8261600.0,0.04999999999999982
3.0,26.0,2.74,2.8,2.71,2.72,1.14532E7,-0.020000000000000018
3.0,25.0,2.82,2.84,2.75,2.77,1.92925E7,-0.04999999999999982
3.0,24.0,2.75,2.89,2.71,2.81,3.92929E7,0.06000000000000005
3.0,23.0,2.71,2.79,2.7,2.76,1.61675E7,0.04999999999999982
3.0,20.0,2.65,2.73,2.64,2.7,1.14623E7,0.050000000000000266
3.0,19.0,2.63,2.66,2.61,2.65,6965000.0,0.020000000000000018
3.0,18.0,2.6,2.68,2.59,2.62,1.21031E7,0.020000000000000018
3.0,17.0,2.55,2.69,2.55,2.62,1.31687E7,0.07000000000000028
3.0,16.0,2.59,2.63,2.51,2.57,1.66631E7,-0.020000000000000018
3.0,13.0,2.7,2.72,2.56,2.59,2.89795E7,-0.11000000000000032
3.0,12.0,2.6,2.72,2.59,2.68,2.5108E7,0.08000000000000007
3.0,11.0,2.56,2.63,2.51,2.61,1.70648E7,0.04999999999999982
3.0,10.0,2.52,2.56,2.48,2.55,9761000.0,0.029999999999999805
3.0,9.0,2.53,2.59,2.48,2.54,1.39218E7,0.010000000000000231
3.0,6.0,2.4,2.6,2.39,2.54,2.56398E7,0.14000000000000012
3.0,5.0,2.41,2.44,2.38,2.41,1.34358E7,0.0
3.0,4.0,2.34,2.41,2.33,2.39,2.44481E7,0.050000000000000266
3.0,3.0,2.34,2.39,2.3,2.35,2.49595E7,0.010000000000000231
3.0,2.0,2.29,2.33,2.28,2.32,9748500.0,0.029999999999999805
2.0,27.0,2.3,2.32,2.27,2.3,1.30328E7,0.0
2.0,26.0,2.35,2.36,2.28,2.31,2.77003E7,-0.040000000000000036
2.0,25.0,2.3,2.35,2.3,2.33,1.25641E7,0.03000000000000025
2.0,24.0,2.29,2.32,2.28,2.32,9213900.0,0.029999999999999805
2.0,23.0,2.3,2.33,2.29,2.32,1.01951E7,0.020000000000000018
2.0,20.0,2.29,2.33,2.29,2.32,1.47816E7,0.029999999999999805
2.0,19.0,2.28,2.32,2.24,2.32,1.70304E7,0.040000000000000036
2.0,18.0,2.35,2.36,2.27,2.31,1.49003E7,-0.040000000000000036
2.0,17.0,2.25,2.37,2.24,2.32,2.6153E7,0.06999999999999984
2.0,13.0,2.27,2.32,2.2,2.24,9.24403E7,-0.029999999999999805
2.0,12.0,2.8,2.8,2.63,2.66,5.55259E7,-0.13999999999999968
2.0,11.0,2.81,2.87,2.78,2.81,1.44319E7,0.0
2.0,10.0,2.76,2.84,2.73,2.8,1.17964E7,0.040000000000000036
2.0,9.0,2.75,2.79,2.71,2.75,1.20173E7,0.0
2.0,6.0,2.65,2.78,2.64,2.74,1.37534E7,0.0900000000000003
2.0,5.0,2.6,2.69,2.6,2.64,9808500.0,0.040000000000000036
2.0,4.0,2.62,2.62,2.55,2.58,6932900.0,-0.040000000000000036
2.0,3.0,2.59,2.63,2.56,2.59,1.13814E7,0.0
2.0,2.0,2.56,2.59,2.54,2.57,8432400.0,0.009999999999999787
1.0,30.0,2.56,2.62,2.54,2.56,6233500.0,0.0
1.0,29.0,2.55,2.63,2.52,2.58,9042800.0,0.03000000000000025
1.0,28.0,2.68,2.68,2.57,2.58,8391500.0,-0.10000000000000009
1.0,27.0,2.65,2.69,2.64,2.66,5742500.0,0.010000000000000231
1.0,26.0,2.72,2.76,2.65,2.67,7695000.0,-0.050000000000000266
1.0,23.0,2.62,2.77,2.62,2.73,1.14722E7,0.10999999999999988
1.0,22.0,2.6,2.68,2.56,2.62,8082500.0,0.020000000000000018
1.0,21.0,2.61,2.63,2.53,2.59,1.59479E7,-0.020000000000000018
1.0,20.0,2.61,2.67,2.58,2.63,1.9775E7,0.020000000000000018
1.0,16.0,2.55,2.66,2.54,2.61,1.94082E7,0.06000000000000005
1.0,15.0,2.61,2.62,2.5,2.59,1.42111E7,-0.020000000000000018
1.0,14.0,2.52,2.6,2.48,2.6,9016800.0,0.08000000000000007
1.0,13.0,2.6,2.62,2.5,2.56,9970600.0,-0.040000000000000036
1.0,12.0,2.61,2.62,2.52,2.62,1.28858E7,0.010000000000000231
1.0,9.0,2.6,2.65,2.55,2.64,1.06391E7,0.040000000000000036
1.0,8.0,2.68,2.71,2.58,2.58,1.17708E7,-0.10000000000000009
1.0,7.0,2.7,2.75,2.63,2.68,1.32916E7,-0.020000000000000018
1.0,6.0,2.71,2.72,2.61,2.7,1.49353E7,-0.009999999999999787
1.0,5.0,2.7,2.74,2.66,2.71,1.50189E7,0.009999999999999787
1.0,2.0,2.7,2.73,2.65,2.73,1.25793E7,0.029999999999999805
12.0,31.0,2.7,2.73,2.65,2.66,9332200.0,-0.040000000000000036
12.0,30.0,2.73,2.74,2.68,2.72,6924600.0,-0.009999999999999787
12.0,29.0,2.66,2.75,2.65,2.74,1.14814E7,0.08000000000000007
12.0,26.0,2.69,2.77,2.65,2.67,8393500.0,-0.020000000000000018
12.0,24.0,2.7,2.72,2.65,2.71,5553800.0,0.009999999999999787
12.0,23.0,2.8,2.87,2.7,2.72,1.44902E7,-0.07999999999999963
12.0,22.0,2.7,2.83,2.7,2.81,1.73469E7,0.10999999999999988
12.0,19.0,2.45,2.71,2.43,2.7,2.93762E7,0.25
12.0,18.0,2.43,2.52,2.42,2.44,1.63439E7,0.009999999999999787
12.0,17.0,2.38,2.47,2.35,2.39,1.4666E7,0.010000000000000231
12.0,16.0,2.41,2.52,2.3,2.32,2.81809E7,-0.0900000000000003
12.0,15.0,2.49,2.55,2.42,2.44,1.6925E7,-0.050000000000000266
12.0,12.0,2.42,2.53,2.42,2.5,8420500.0,0.08000000000000007
12.0,11.0,2.5,2.55,2.45,2.47,7321800.0,-0.029999999999999805
12.0,10.0,2.55,2.59,2.47,2.51,1.00386E7,-0.040000000000000036
12.0,9.0,2.43,2.61,2.39,2.56,1.44639E7,0.1299999999999999
12.0,8.0,2.52,2.55,2.45,2.48,7624700.0,-0.040000000000000036
12.0,5.0,2.54,2.58,2.49,2.51,8233400.0,-0.03000000000000025
12.0,4.0,2.54,2.55,2.47,2.53,8396500.0,-0.010000000000000231
12.0,3.0,2.45,2.59,2.45,2.54,1.10674E7,0.08999999999999986
12.0,2.0,2.5,2.52,2.45,2.48,8194200.0,-0.020000000000000018
12.0,1.0,2.58,2.59,2.5,2.51,9465600.0,-0.07000000000000028
11.0,28.0,2.63,2.64,2.57,2.6,4792800.0,-0.029999999999999805
11.0,26.0,2.62,2.67,2.62,2.63,5755600.0,0.009999999999999787
11.0,25.0,2.66,2.68,2.62,2.64,1.06033E7,-0.020000000000000018
11.0,24.0,2.71,2.74,2.61,2.68,8361000.0,-0.029999999999999805
11.0,21.0,2.72,2.73,2.68,2.69,8804700.0,-0.03000000000000025
11.0,20.0,2.65,2.74,2.64,2.69,8979900.0,0.040000000000000036
11.0,19.0,2.68,2.72,2.65,2.69,8689600.0,0.009999999999999787
11.0,18.0,2.74,2.78,2.66,2.71,1.1124E7,-0.03000000000000025
11.0,17.0,2.78,2.78,2.63,2.75,1.68826E7,-0.029999999999999805
11.0,14.0,2.73,2.8,2.66,2.77,1.48171E7,0.040000000000000036
11.0,13.0,2.81,2.92,2.7,2.73,2.7981E7,-0.08000000000000007
11.0,12.0,2.72,2.86,2.7,2.81,3.06698E7,0.08999999999999986
11.0,11.0,2.61,2.78,2.55,2.75,5.75233E7,0.14000000000000012
11.0,10.0,2.46,2.48,2.38,2.48,2.39997E7,0.020000000000000018
11.0,7.0,2.59,2.69,2.35,2.43,8.39131E7,-0.1599999999999997
11.0,6.0,2.35,2.43,2.31,2.36,2.43429E7,0.009999999999999787
11.0,5.0,2.44,2.47,2.34,2.35,1.82395E7,-0.08999999999999986
11.0,4.0,2.6,2.62,2.4,2.43,1.23298E7,-0.16999999999999993
11.0,3.0,2.55,2.62,2.55,2.56,1.11362E7,0.010000000000000231
10.0,31.0,2.43,2.68,2.42,2.55,3.17221E7,0.11999999999999966
10.0,30.0,2.32,2.41,2.31,2.4,1.04186E7,0.08000000000000007
10.0,29.0,2.38,2.4,2.31,2.34,7925700.0,-0.040000000000000036
10.0,28.0,2.36,2.43,2.36,2.4,6043900.0,0.040000000000000036
10.0,27.0,2.37,2.38,2.31,2.38,7203200.0,0.009999999999999787
10.0,24.0,2.34,2.41,2.34,2.37,5673100.0,0.03000000000000025
10.0,23.0,2.34,2.41,2.34,2.37,7779200.0,0.03000000000000025
10.0,22.0,2.42,2.55,2.31,2.34,2.2594E7,-0.08000000000000007
10.0,21.0,2.31,2.48,2.29,2.43,2.23175E7,0.1200000000000001
10.0,20.0,2.27,2.34,2.25,2.29,1.28778E7,0.020000000000000018
10.0,17.0,2.35,2.37,2.28,2.29,1.37928E7,-0.06000000000000005
10.0,16.0,2.25,2.4,2.24,2.29,1.6316E7,0.040000000000000036
10.0,15.0,2.25,2.3,2.2,2.28,1.36237E7,0.029999999999999805
10.0,14.0,2.25,2.32,2.23,2.27,2.29662E7,0.020000000000000018
10.0,13.0,2.39,2.4,2.25,2.28,2.88495E7,-0.11000000000000032
10.0,10.0,2.37,2.39,2.23,2.37,2.26679E7,0.0
10.0,9.0,2.57,2.59,2.36,2.4,2.68413E7,-0.16999999999999993
10.0,8.0,2.6,2.61,2.45,2.56,3.94598E7,-0.040000000000000036
10.0,7.0,2.53,2.72,2.53,2.56,1.84001E7,0.03000000000000025
10.0,6.0,2.62,2.66,2.52,2.55,1.88847E7,-0.07000000000000028
10.0,3.0,2.64,2.68,2.6,2.62,1.12108E7,-0.020000000000000018
10.0,2.0,2.66,2.67,2.55,2.62,3.57033E7,-0.040000000000000036
10.0,1.0,2.71,2.73,2.6,2.69,2.10829E7,-0.020000000000000018
9.0,30.0,2.79,2.8,2.7,2.7,1.6821E7,-0.08999999999999986
9.0,29.0,2.81,2.83,2.74,2.79,3.64185E7,-0.020000000000000018
9.0,26.0,2.96,2.99,2.83,2.83,1.94621E7,-0.1299999999999999
9.0,25.0,3.0,3.02,2.94,2.96,8361500.0,-0.040000000000000036
9.0,24.0,2.98,3.04,2.94,3.01,1.49067E7,0.029999999999999805
9.0,23.0,3.1,3.11,2.98,3.0,1.11464E7,-0.10000000000000009
9.0,22.0,3.02,3.08,2.99,3.05,1.44226E7,0.029999999999999805
9.0,19.0,3.1,3.11,3.04,3.06,2.03292E7,-0.040000000000000036
9.0,18.0,3.15,3.19,3.06,3.08,2.59483E7,-0.06999999999999984
9.0,17.0,3.02,3.15,3.02,3.15,3.12707E7,0.1299999999999999
9.0,16.0,2.89,3.03,2.85,3.02,2.05193E7,0.1299999999999999
9.0,15.0,2.93,2.93,2.82,2.9,1.16572E7,-0.03000000000000025
9.0,12.0,2.93,2.96,2.91,2.92,6419700.0,-0.010000000000000231
9.0,11.0,2.96,2.98,2.93,2.94,6376900.0,-0.020000000000000018
9.0,10.0,2.94,3.01,2.9,2.99,1.1423E7,0.050000000000000266
9.0,9.0,3.0,3.02,2.91,2.95,1.86751E7,-0.04999999999999982
9.0,8.0,3.08,3.08,3.01,3.02,7934400.0,-0.06000000000000005
9.0,5.0,3.03,3.09,3.0,3.08,1.37592E7,0.050000000000000266
9.0,4.0,3.07,3.09,3.02,3.05,1.38113E7,-0.020000000000000018
9.0,3.0,3.05,3.06,2.95,3.01,1.78173E7,-0.040000000000000036
9.0,2.0,2.9,3.01,2.9,3.01,1.59929E7,0.10999999999999988
8.0,29.0,2.88,2.91,2.86,2.9,5350300.0,0.020000000000000018
8.0,28.0,2.89,2.92,2.84,2.88,9183000.0,-0.010000000000000231
8.0,27.0,2.93,2.96,2.88,2.88,1.27268E7,-0.050000000000000266
8.0,26.0,3.02,3.02,2.91,2.95,1.4058E7,-0.06999999999999984
8.0,25.0,3.07,3.08,3.0,3.01,9948500.0,-0.06000000000000005
8.0,22.0,3.1,3.1,3.04,3.08,1.56597E7,-0.020000000000000018
8.0,21.0,3.1,3.11,3.01,3.06,1.93198E7,-0.040000000000000036
8.0,20.0,3.09,3.14,3.03,3.12,1.45807E7,0.03000000000000025
8.0,19.0,3.05,3.15,3.04,3.11,3.07617E7,0.06000000000000005
8.0,18.0,2.93,3.09,2.92,3.08,3.59806E7,0.1499999999999999
8.0,15.0,2.88,2.92,2.83,2.91,1.21254E7,0.03000000000000025
8.0,14.0,2.85,2.88,2.82,2.85,1.13626E7,0.0
8.0,13.0,2.81,2.86,2.81,2.83,1.13716E7,0.020000000000000018
8.0,12.0,2.82,2.87,2.76,2.86,2.6213E7,0.040000000000000036
8.0,11.0,2.9,2.9,2.76,2.85,2.68079E7,-0.04999999999999982
8.0,8.0,2.73,2.89,2.7,2.88,8.50442E7,0.1499999999999999
8.0,7.0,2.81,2.95,2.77,2.92,5.30095E7,0.10999999999999988
8.0,6.0,2.81,2.84,2.73,2.79,2.53712E7,-0.020000000000000018
8.0,5.0,2.87,2.88,2.79,2.85,1.73017E7,-0.020000000000000018
8.0,4.0,2.88,2.94,2.81,2.84,1.43499E7,-0.040000000000000036
8.0,1.0,2.91,2.93,2.83,2.87,1.12779E7,-0.040000000000000036
7.0,31.0,2.92,2.93,2.86,2.92,1.59388E7,0.0
7.0,30.0,2.95,2.96,2.9,2.92,1.43009E7,-0.03000000000000025
7.0,29.0,3.01,3.02,2.92,2.93,1.84232E7,-0.07999999999999963
7.0,28.0,3.0,3.05,3.0,3.02,1.73073E7,0.020000000000000018
7.0,25.0,3.02,3.06,3.0,3.0,1.89649E7,-0.020000000000000018
7.0,24.0,3.06,3.09,3.02,3.04,1.19827E7,-0.020000000000000018
7.0,23.0,3.05,3.09,3.03,3.06,1.08246E7,0.010000000000000231
7.0,22.0,3.11,3.14,3.02,3.04,2.01537E7,-0.06999999999999984
7.0,21.0,3.06,3.12,3.02,3.1,1.76492E7,0.040000000000000036
7.0,18.0,3.05,3.13,2.97,3.05,5.81959E7,0.0
7.0,17.0,3.01,3.14,3.01,3.08,3.0301E7,0.07000000000000028
7.0,16.0,3.1,3.13,3.02,3.02,1.24679E7,-0.08000000000000007
7.0,15.0,3.19,3.21,3.09,3.1,1.10747E7,-0.08999999999999986
7.0,14.0,3.24,3.27,3.17,3.18,1.11001E7,-0.06000000000000005
7.0,11.0,3.15,3.26,3.11,3.24,1.68352E7,0.0900000000000003
7.0,10.0,3.0,3.15,2.97,3.12,1.79896E7,0.1200000000000001
7.0,9.0,3.04,3.08,3.0,3.01,1.44381E7,-0.03000000000000025
7.0,8.0,3.12,3.13,2.96,3.04,2.32139E7,-0.08000000000000007
7.0,7.0,3.16,3.21,3.12,3.15,9885000.0,-0.010000000000000231
7.0,3.0,3.2,3.25,3.15,3.19,5909300.0,-0.010000000000000231
7.0,2.0,3.23,3.26,3.19,3.2,1.03465E7,-0.029999999999999805
7.0,1.0,3.22,3.28,3.21,3.23,1.35035E7,0.009999999999999787
6.0,30.0,3.24,3.25,3.19,3.21,1.57508E7,-0.03000000000000025
6.0,27.0,3.2,3.29,3.2,3.23,2.56805E7,0.029999999999999805
6.0,26.0,3.13,3.2,3.07,3.19,1.63483E7,0.06000000000000005
6.0,25.0,3.05,3.13,3.04,3.1,2.11028E7,0.050000000000000266
6.0,24.0,3.12,3.15,3.03,3.06,1.83366E7,-0.06000000000000005
6.0,23.0,3.06,3.15,3.03,3.12,1.43621E7,0.06000000000000005
6.0,20.0,3.08,3.1,3.01,3.04,1.5518E7,-0.040000000000000036
6.0,19.0,3.12,3.13,3.05,3.06,1.24962E7,-0.06000000000000005
6.0,18.0,3.15,3.19,3.1,3.11,1.70812E7,-0.040000000000000036
6.0,17.0,3.09,3.14,3.07,3.13,1.22521E7,0.040000000000000036
6.0,16.0,3.04,3.13,3.02,3.08,1.36797E7,0.040000000000000036
6.0,13.0,3.16,3.19,3.08,3.1,1.58279E7,-0.06000000000000005
6.0,12.0,3.2,3.25,3.07,3.1,2.16781E7,-0.10000000000000009
6.0,11.0,3.16,3.25,3.11,3.18,2.19677E7,0.020000000000000018
6.0,10.0,3.06,3.22,3.06,3.2,4.34113E7,0.14000000000000012
6.0,9.0,2.99,3.07,2.98,3.0,1.95462E7,0.009999999999999787
6.0,6.0,2.99,3.07,2.91,2.98,3.09404E7,-0.010000000000000231
6.0,5.0,3.21,3.22,2.73,2.97,1.521328E8,-0.23999999999999977
6.0,4.0,3.31,3.34,3.25,3.27,2.71452E7,-0.040000000000000036
6.0,3.0,3.41,3.41,3.3,3.31,2.51832E7,-0.10000000000000009
6.0,2.0,3.44,3.47,3.37,3.39,1.95439E7,-0.04999999999999982
5.0,30.0,3.4,3.49,3.35,3.45,2.51312E7,0.050000000000000266
5.0,29.0,3.47,3.51,3.37,3.41,2.60859E7,-0.06000000000000005
5.0,28.0,3.41,3.49,3.4,3.44,2.00582E7,0.029999999999999805
5.0,27.0,3.32,3.45,3.29,3.41,2.6414E7,0.0900000000000003
5.0,23.0,3.32,3.35,3.25,3.28,2.56725E7,-0.040000000000000036
5.0,22.0,3.39,3.45,3.29,3.3,2.59772E7,-0.0900000000000003
5.0,21.0,3.38,3.42,3.29,3.39,2.49021E7,0.010000000000000231
5.0,20.0,3.47,3.51,3.32,3.35,1.75801E7,-0.1200000000000001
5.0,19.0,3.27,3.52,3.27,3.5,3.38992E7,0.22999999999999998
5.0,16.0,3.33,3.45,3.25,3.35,3.33799E7,0.020000000000000018
5.0,15.0,3.5,3.53,3.34,3.36,4.22954E7,-0.14000000000000012
5.0,14.0,3.64,3.68,3.5,3.52,2.33508E7,-0.1200000000000001
5.0,13.0,3.64,3.81,3.59,3.66,2.38325E7,0.020000000000000018
5.0,12.0,3.53,3.66,3.53,3.59,1.78635E7,0.06000000000000005
5.0,9.0,3.53,3.54,3.47,3.48,1.4237E7,-0.04999999999999982
5.0,8.0,3.53,3.67,3.5,3.54,1.79808E7,0.010000000000000231
5.0,7.0,3.72,3.72,3.44,3.56,3.22471E7,-0.16000000000000014
5.0,6.0,3.85,3.85,3.68,3.71,1.86062E7,-0.14000000000000012
5.0,5.0,3.84,3.9,3.8,3.84,9230700.0,0.0
5.0,2.0,3.93,4.0,3.85,3.86,1.72551E7,-0.07000000000000028
5.0,1.0,4.1,4.13,3.88,3.9,2.70302E7,-0.19999999999999973
4.0,30.0,3.95,4.05,3.84,4.05,3.1563E7,0.09999999999999964
4.0,29.0,3.87,4.0,3.82,3.95,2.40639E7,0.08000000000000007
4.0,28.0,4.08,4.11,3.76,3.9,4.50435E7,-0.18000000000000016
4.0,25.0,4.26,4.28,4.01,4.08,4.35239E7,-0.17999999999999972
4.0,24.0,4.64,4.66,4.2,4.35,7.12711E7,-0.29000000000000004
4.0,23.0,4.6,4.64,4.41,4.42,5.43128E7,-0.17999999999999972
4.0,22.0,4.47,4.64,4.46,4.56,3.39313E7,0.08999999999999986
4.0,21.0,4.33,4.55,4.33,4.47,4.6468E7,0.13999999999999968
4.0,17.0,4.15,4.38,4.1,4.29,3.91775E7,0.13999999999999968
4.0,16.0,4.08,4.13,4.0,4.11,2.61978E7,0.03000000000000025
4.0,15.0,4.06,4.06,3.79,4.01,3.66856E7,-0.04999999999999982
4.0,14.0,4.15,4.17,3.89,4.01,2.96868E7,-0.14000000000000057
4.0,11.0,4.12,4.2,4.0,4.07,3.21545E7,-0.04999999999999982
4.0,10.0,4.4,4.4,4.05,4.07,3.27864E7,-0.33000000000000007
4.0,9.0,4.33,4.39,4.28,4.37,2.47753E7,0.040000000000000036
4.0,8.0,4.26,4.37,4.22,4.3,2.9562E7,0.040000000000000036
4.0,7.0,4.26,4.34,4.11,4.19,6.315E7,-0.0699999999999994
4.0,4.0,4.2,4.33,4.08,4.2,3.80657E7,0.0
4.0,3.0,4.33,4.39,4.1,4.15,3.69882E7,-0.17999999999999972
4.0,2.0,4.4,4.54,4.32,4.32,3.63259E7,-0.08000000000000007
4.0,1.0,4.34,4.49,4.32,4.38,3.24418E7,0.040000000000000036
3.0,31.0,4.52,4.54,4.21,4.3,3.11747E7,-0.21999999999999975
3.0,28.0,4.67,4.67,4.26,4.42,4.60377E7,-0.25
3.0,27.0,4.6,4.63,4.36,4.47,5.54568E7,-0.1299999999999999
3.0,26.0,4.75,4.75,4.52,4.64,5.80921E7,-0.11000000000000032
3.0,25.0,4.75,5.08,4.75,4.84,4.54907E7,0.08999999999999986
3.0,24.0,4.87,4.95,4.66,4.7,3.44114E7,-0.16999999999999993
3.0,21.0,5.07,5.13,4.87,4.95,3.75299E7,-0.1200000000000001
3.0,20.0,5.12,5.28,5.01,5.08,2.67781E7,-0.040000000000000036
3.0,19.0,5.31,5.38,5.05,5.14,3.62247E7,-0.16999999999999993
3.0,18.0,5.34,5.47,5.18,5.35,2.81701E7,0.009999999999999787
3.0,17.0,5.58,5.59,5.33,5.34,2.76788E7,-0.2400000000000002
3.0,14.0,5.52,5.57,5.42,5.46,1.79492E7,-0.05999999999999961
3.0,13.0,5.78,5.79,5.42,5.52,3.92795E7,-0.2600000000000007
3.0,12.0,5.65,5.87,5.5,5.79,3.58454E7,0.13999999999999968
3.0,11.0,5.52,5.89,5.41,5.65,4.59487E7,0.13000000000000078
3.0,10.0,5.55,5.62,5.48,5.53,1.51452E7,-0.019999999999999574
3.0,7.0,5.57,5.63,5.48,5.58,2.48342E7,0.009999999999999787
3.0,6.0,5.65,5.7,5.46,5.51,2.62134E7,-0.14000000000000057
3.0,5.0,5.68,5.85,5.64,5.69,3.66647E7,0.010000000000000675
3.0,4.0,5.46,5.74,5.43,5.65,5.76687E7,0.1900000000000004
3.0,3.0,5.05,5.26,4.92,5.24,3.187E7,0.1900000000000004
2.0,28.0,5.23,5.32,4.91,5.06,3.45582E7,-0.17000000000000082
2.0,27.0,5.21,5.24,5.08,5.21,3.04608E7,0.0
2.0,26.0,5.11,5.34,5.09,5.24,3.0243E7,0.1299999999999999
2.0,25.0,5.0,5.22,4.96,5.08,3.29591E7,0.08000000000000007
2.0,24.0,5.0,5.07,4.97,5.0,1.87995E7,0.0
2.0,21.0,5.07,5.08,4.93,5.0,2.6652E7,-0.07000000000000028
2.0,20.0,5.07,5.11,4.97,5.09,2.15327E7,0.019999999999999574
2.0,19.0,5.09,5.14,5.01,5.07,3.55087E7,-0.019999999999999574
2.0,18.0,4.89,5.16,4.88,5.15,4.60426E7,0.2600000000000007
2.0,14.0,4.8,5.06,4.74,4.87,5.18354E7,0.07000000000000028
2.0,13.0,4.72,4.81,4.62,4.76,3.54123E7,0.040000000000000036
2.0,12.0,4.62,4.92,4.58,4.8,7.36185E7,0.17999999999999972
2.0,11.0,4.5,4.67,4.5,4.63,2.02801E7,0.1299999999999999
2.0,10.0,4.67,4.76,4.54,4.56,3.6814E7,-0.11000000000000032
2.0,7.0,4.44,4.6,4.4,4.53,2.65135E7,0.08999999999999986
2.0,6.0,4.47,4.55,4.38,4.47,2.71477E7,0.0
2.0,5.0,4.52,4.6,4.37,4.46,3.99484E7,-0.05999999999999961
2.0,4.0,4.7,4.97,4.49,4.59,8.85387E7,-0.11000000000000032
2.0,3.0,4.19,4.58,4.16,4.49,7.5477E7,0.2999999999999998
1.0,31.0,4.25,4.5,4.1,4.4,1.702063E8,0.15000000000000036
1.0,30.0,3.53,3.57,3.49,3.56,2.60636E7,0.03000000000000025
1.0,29.0,3.38,3.45,3.36,3.42,1.18615E7,0.040000000000000036
1.0,28.0,3.41,3.48,3.35,3.39,2.34611E7,-0.020000000000000018
1.0,27.0,3.45,3.51,3.37,3.42,1.25929E7,-0.03000000000000025
1.0,24.0,3.51,3.53,3.31,3.5,2.78603E7,-0.009999999999999787
1.0,23.0,3.6,3.6,3.51,3.56,9988400.0,-0.040000000000000036
1.0,22.0,3.67,3.68,3.58,3.63,8809000.0,-0.040000000000000036
1.0,21.0,3.54,3.66,3.48,3.63,1.82299E7,0.08999999999999986
1.0,17.0,3.56,3.61,3.48,3.55,1.94003E7,-0.010000000000000231
1.0,16.0,3.95,3.99,3.53,3.54,8.03415E7,-0.41000000000000014
1.0,15.0,4.06,4.11,4.01,4.03,8340600.0,-0.02999999999999936
1.0,14.0,4.02,4.08,4.0,4.06,8482800.0,0.040000000000000036
1.0,13.0,4.09,4.16,3.98,4.03,1.40657E7,-0.05999999999999961
1.0,10.0,4.14,4.18,4.1,4.11,5871000.0,-0.02999999999999936
1.0,9.0,4.2,4.21,4.1,4.12,9991500.0,-0.08000000000000007
1.0,8.0,4.18,4.25,4.12,4.18,1.86478E7,0.0
1.0,7.0,4.06,4.22,4.05,4.14,2.92527E7,0.08000000000000007
1.0,6.0,4.06,4.07,3.97,4.04,1.63136E7,-0.019999999999999574
1.0,3.0,3.94,4.02,3.91,3.97,1.08708E7,0.03000000000000025
1.0,2.0,3.8,3.97,3.8,3.95,1.10074E7,0.15000000000000036
12.0,31.0,3.86,3.89,3.77,3.8,2.00084E7,-0.06000000000000005
12.0,30.0,3.95,3.98,3.84,3.88,1.25169E7,-0.07000000000000028
12.0,27.0,4.04,4.06,3.95,3.95,1.20333E7,-0.08999999999999986
12.0,26.0,4.15,4.16,4.04,4.07,6772100.0,-0.08000000000000007
12.0,24.0,4.07,4.16,4.07,4.11,8151000.0,0.040000000000000036
12.0,23.0,4.0,4.1,3.97,4.08,2.04534E7,0.08000000000000007
12.0,20.0,4.07,4.09,3.96,4.0,3.18944E7,-0.07000000000000028
12.0,19.0,4.09,4.15,4.06,4.06,9594400.0,-0.03000000000000025
12.0,18.0,4.16,4.16,4.02,4.1,1.50314E7,-0.0600000000000005
12.0,17.0,4.09,4.16,4.07,4.14,7344000.0,0.04999999999999982
12.0,16.0,4.11,4.17,4.02,4.1,1.02805E7,-0.010000000000000675
12.0,13.0,4.2,4.22,4.11,4.11,1.10781E7,-0.08999999999999986
12.0,12.0,4.08,4.2,4.01,4.14,1.26484E7,0.05999999999999961
12.0,11.0,4.15,4.15,4.03,4.05,1.4009E7,-0.10000000000000053
12.0,10.0,4.0,4.14,3.96,4.13,2.62835E7,0.1299999999999999
12.0,9.0,3.99,4.05,3.92,3.99,1.50416E7,0.0
12.0,6.0,4.03,4.11,3.97,3.99,2.30396E7,-0.040000000000000036
12.0,5.0,4.09,4.15,3.99,4.01,2.44897E7,-0.08000000000000007
12.0,4.0,4.08,4.17,4.0,4.07,2.49912E7,-0.009999999999999787
12.0,3.0,4.24,4.25,4.07,4.09,3.20698E7,-0.15000000000000036
12.0,2.0,4.39,4.39,4.24,4.29,1.8958E7,-0.09999999999999964
11.0,29.0,4.39,4.45,4.34,4.35,7462200.0,-0.040000000000000036
11.0,27.0,4.46,4.55,4.33,4.41,2.48712E7,-0.04999999999999982
11.0,26.0,4.46,4.52,4.41,4.46,2.93628E7,0.0
11.0,25.0,4.43,4.52,4.37,4.5,2.50656E7,0.07000000000000028
11.0,22.0,4.4,4.55,4.26,4.38,3.12647E7,-0.020000000000000462
11.0,21.0,4.33,4.49,4.31,4.37,5.53697E7,0.040000000000000036
11.0,20.0,4.01,4.28,3.97,4.27,5.57907E7,0.2599999999999998
11.0,19.0,3.85,4.01,3.82,3.99,1.72654E7,0.14000000000000012
11.0,18.0,4.05,4.09,3.81,3.84,2.55922E7,-0.20999999999999996
11.0,15.0,3.96,4.12,3.91,4.02,4.4039E7,0.05999999999999961
11.0,14.0,3.83,3.98,3.76,3.91,2.92623E7,0.08000000000000007
11.0,13.0,3.49,3.84,3.48,3.81,3.9273E7,0.31999999999999984
11.0,12.0,3.41,3.54,3.4,3.51,1.14765E7,0.09999999999999964
11.0,11.0,3.47,3.52,3.41,3.43,1.11451E7,-0.040000000000000036
11.0,8.0,3.47,3.55,3.42,3.46,1.72698E7,-0.010000000000000231
11.0,7.0,3.68,3.74,3.41,3.46,3.37713E7,-0.2200000000000002
11.0,6.0,3.8,3.84,3.68,3.71,1.65857E7,-0.08999999999999986
11.0,5.0,3.7,3.84,3.65,3.8,1.76055E7,0.09999999999999964
11.0,4.0,3.61,3.75,3.57,3.74,2.0031E7,0.13000000000000034
11.0,1.0,3.57,3.59,3.51,3.58,1.26219E7,0.010000000000000231
10.0,31.0,3.57,3.59,3.48,3.58,1.93315E7,0.010000000000000231
10.0,30.0,3.7,3.75,3.53,3.59,2.01946E7,-0.11000000000000032
10.0,29.0,3.78,3.8,3.62,3.69,2.24734E7,-0.08999999999999986
10.0,28.0,3.66,3.79,3.6,3.78,2.44537E7,0.11999999999999966
10.0,25.0,3.87,4.05,3.67,3.73,9.03473E7,-0.14000000000000012
10.0,24.0,3.55,3.61,3.45,3.54,4.791E7,-0.009999999999999787
10.0,23.0,3.68,3.69,3.54,3.55,1.34127E7,-0.13000000000000034
10.0,22.0,3.69,3.76,3.57,3.64,1.43098E7,-0.04999999999999982
10.0,21.0,3.7,3.79,3.66,3.69,2.12481E7,-0.010000000000000231
10.0,18.0,3.56,3.76,3.55,3.67,1.64528E7,0.10999999999999988
10.0,17.0,3.55,3.65,3.5,3.58,3.20428E7,0.03000000000000025
10.0,16.0,3.54,3.62,3.53,3.59,1.00356E7,0.04999999999999982
10.0,15.0,3.56,3.66,3.5,3.52,1.27279E7,-0.040000000000000036
10.0,14.0,3.54,3.58,3.5,3.55,1.97033E7,0.009999999999999787
10.0,11.0,3.54,3.69,3.52,3.61,1.39946E7,0.06999999999999984
10.0,10.0,3.54,3.6,3.51,3.53,1.71741E7,-0.010000000000000231
10.0,9.0,3.56,3.57,3.32,3.48,2.68143E7,-0.08000000000000007
10.0,8.0,3.71,3.75,3.5,3.54,2.05943E7,-0.16999999999999993
10.0,7.0,3.7,3.77,3.65,3.7,1.30055E7,0.0
10.0,4.0,3.7,3.79,3.69,3.76,1.26536E7,0.05999999999999961
10.0,3.0,3.82,3.87,3.66,3.67,2.19887E7,-0.1499999999999999
10.0,2.0,3.82,3.95,3.79,3.82,3.58284E7,0.0
10.0,1.0,3.67,3.86,3.64,3.84,3.09993E7,0.16999999999999993
9.0,30.0,3.63,3.85,3.56,3.67,3.14802E7,0.040000000000000036
9.0,27.0,3.52,3.8,3.51,3.78,3.32588E7,0.2599999999999998
9.0,26.0,3.81,3.87,3.48,3.61,5.3287E7,-0.20000000000000018
9.0,25.0,3.64,3.9,3.6,3.79,5.39793E7,0.1499999999999999
9.0,24.0,3.57,3.69,3.52,3.61,3.74841E7,0.040000000000000036
9.0,23.0,3.46,3.56,3.41,3.52,2.35007E7,0.06000000000000005
9.0,20.0,3.47,3.54,3.43,3.48,3.34776E7,0.009999999999999787
9.0,19.0,3.25,3.5,3.25,3.47,4.51473E7,0.2200000000000002
9.0,18.0,3.28,3.4,3.21,3.27,2.83387E7,-0.009999999999999787
9.0,17.0,3.1,3.3,3.08,3.27,3.11547E7,0.16999999999999993
9.0,16.0,3.1,3.11,3.07,3.09,2.12197E7,-0.010000000000000231
9.0,13.0,3.05,3.11,2.98,3.08,1.43042E7,0.03000000000000025
9.0,12.0,3.08,3.12,3.02,3.02,1.4748E7,-0.06000000000000005
9.0,11.0,3.01,3.04,2.97,3.0,1.68776E7,-0.009999999999999787
9.0,10.0,3.12,3.13,3.0,3.03,1.35098E7,-0.0900000000000003
9.0,9.0,3.03,3.12,3.02,3.1,2.26721E7,0.07000000000000028
9.0,6.0,3.02,3.05,2.98,3.02,2.81675E7,0.0
9.0,5.0,2.93,3.01,2.9,3.0,1.48443E7,0.06999999999999984
9.0,4.0,2.84,2.96,2.84,2.92,1.50795E7,0.08000000000000007
9.0,3.0,2.86,2.89,2.84,2.87,7844900.0,0.010000000000000231
8.0,30.0,2.88,2.89,2.81,2.83,7101400.0,-0.04999999999999982
8.0,29.0,2.88,2.91,2.87,2.91,7580400.0,0.03000000000000025
8.0,28.0,2.79,2.9,2.79,2.88,8491300.0,0.08999999999999986
8.0,27.0,2.82,2.89,2.79,2.79,9012300.0,-0.029999999999999805
8.0,26.0,2.86,2.92,2.85,2.9,9502100.0,0.040000000000000036
8.0,23.0,2.83,2.91,2.79,2.89,1.19562E7,0.06000000000000005
8.0,22.0,2.77,2.85,2.76,2.81,1.27128E7,0.040000000000000036
8.0,21.0,2.75,2.8,2.72,2.75,1.37626E7,0.0
8.0,20.0,2.79,2.85,2.74,2.75,2.32617E7,-0.040000000000000036
8.0,19.0,2.88,2.9,2.83,2.83,9492200.0,-0.04999999999999982
8.0,16.0,2.87,2.91,2.83,2.9,1.42063E7,0.029999999999999805
8.0,15.0,2.94,2.96,2.87,2.88,2.20303E7,-0.06000000000000005
8.0,14.0,2.91,3.02,2.9,2.97,2.30887E7,0.06000000000000005
8.0,13.0,2.97,2.97,2.88,2.91,1.21736E7,-0.06000000000000005
8.0,12.0,2.97,3.0,2.93,2.94,1.39012E7,-0.03000000000000025
8.0,9.0,2.91,3.04,2.9,3.0,2.50909E7,0.08999999999999986
8.0,8.0,2.88,2.92,2.82,2.87,2.00357E7,-0.009999999999999787
8.0,7.0,2.9,2.92,2.85,2.85,2.12834E7,-0.04999999999999982
8.0,6.0,2.92,2.94,2.89,2.92,1.40469E7,0.0
8.0,5.0,3.0,3.02,2.91,2.94,1.71475E7,-0.06000000000000005
8.0,2.0,3.02,3.04,2.96,3.0,1.20489E7,-0.020000000000000018
8.0,1.0,3.0,3.05,2.98,3.03,2.27259E7,0.029999999999999805
7.0,31.0,2.97,3.02,2.92,2.98,1.97312E7,0.009999999999999787
7.0,30.0,3.02,3.05,2.93,2.97,2.25368E7,-0.04999999999999982
7.0,29.0,3.0,3.11,2.99,3.02,2.07697E7,0.020000000000000018
7.0,26.0,2.94,3.02,2.85,3.01,8.0413E7,0.06999999999999984
7.0,25.0,3.43,3.62,3.38,3.5,8.89103E7,0.06999999999999984
7.0,24.0,3.26,3.4,3.23,3.28,2.0144E7,0.020000000000000018
7.0,23.0,3.33,3.34,3.22,3.27,1.79863E7,-0.06000000000000005
7.0,22.0,3.41,3.42,3.29,3.3,1.46319E7,-0.11000000000000032
7.0,19.0,3.42,3.46,3.31,3.36,1.3728E7,-0.06000000000000005
7.0,18.0,3.47,3.52,3.4,3.42,1.32072E7,-0.050000000000000266
7.0,17.0,3.44,3.51,3.43,3.46,1.3742E7,0.020000000000000018
7.0,16.0,3.6,3.6,3.45,3.46,1.79689E7,-0.14000000000000012
7.0,15.0,3.5,3.6,3.45,3.55,1.66892E7,0.04999999999999982
7.0,12.0,3.56,3.64,3.45,3.5,2.99942E7,-0.06000000000000005
7.0,11.0,3.43,3.54,3.41,3.54,2.86722E7,0.10999999999999988
7.0,10.0,3.39,3.45,3.36,3.39,1.95414E7,0.0
7.0,9.0,3.3,3.34,3.15,3.34,2.16515E7,0.040000000000000036
7.0,8.0,3.45,3.46,3.28,3.29,2.64597E7,-0.16000000000000014
7.0,5.0,3.48,3.5,3.39,3.43,3.66673E7,-0.04999999999999982
7.0,3.0,3.39,3.48,3.32,3.42,4.90765E7,0.029999999999999805
7.0,2.0,3.44,3.48,3.21,3.27,9.8833E7,-0.16999999999999993
7.0,1.0,2.77,3.14,2.76,3.07,5.53729E7,0.2999999999999998
6.0,28.0,2.8,2.84,2.71,2.78,3.71749E7,-0.020000000000000018
6.0,27.0,2.79,2.86,2.78,2.86,9307500.0,0.06999999999999984
6.0,26.0,2.73,2.83,2.73,2.8,1.10267E7,0.06999999999999984
6.0,25.0,2.59,2.78,2.57,2.75,1.45291E7,0.16000000000000014
6.0,24.0,2.64,2.65,2.5,2.58,1.92037E7,-0.06000000000000005
6.0,21.0,2.8,2.82,2.65,2.71,2.83035E7,-0.08999999999999986
6.0,20.0,2.85,2.9,2.85,2.86,7725800.0,0.009999999999999787
6.0,19.0,2.88,2.9,2.86,2.89,7029600.0,0.010000000000000231
6.0,18.0,2.86,2.91,2.86,2.89,8365100.0,0.03000000000000025
6.0,17.0,2.82,2.9,2.82,2.87,9052200.0,0.050000000000000266
6.0,14.0,2.78,2.84,2.78,2.82,5469600.0,0.040000000000000036
6.0,13.0,2.8,2.81,2.76,2.8,7248400.0,0.0
6.0,12.0,2.89,2.9,2.8,2.82,1.0162E7,-0.07000000000000028
6.0,11.0,2.86,2.9,2.81,2.88,1.16853E7,0.020000000000000018
6.0,10.0,2.81,2.93,2.8,2.86,1.42979E7,0.04999999999999982
6.0,7.0,2.78,2.85,2.76,2.84,1.77136E7,0.06000000000000005
6.0,6.0,2.85,2.92,2.73,2.85,3.47583E7,0.0
6.0,5.0,3.02,3.05,2.85,2.87,3.67285E7,-0.1499999999999999
6.0,4.0,3.04,3.1,2.95,3.05,3.833E7,0.009999999999999787
6.0,3.0,3.41,3.44,2.87,2.99,6.50582E7,-0.41999999999999993
5.0,31.0,3.39,3.44,3.38,3.4,1.83507E7,0.009999999999999787
5.0,30.0,3.43,3.53,3.4,3.43,1.73582E7,0.0
5.0,29.0,3.38,3.44,3.35,3.42,1.42643E7,0.040000000000000036
5.0,28.0,3.42,3.47,3.36,3.4,1.84072E7,-0.020000000000000018
5.0,24.0,3.34,3.43,3.33,3.39,1.43276E7,0.050000000000000266
5.0,23.0,3.3,3.4,3.25,3.39,1.99091E7,0.0900000000000003
5.0,22.0,3.44,3.53,3.35,3.4,2.50769E7,-0.040000000000000036
5.0,21.0,3.4,3.59,3.38,3.45,2.53287E7,0.050000000000000266
5.0,20.0,3.39,3.5,3.38,3.4,1.16846E7,0.009999999999999787
5.0,17.0,3.4,3.46,3.35,3.38,1.37197E7,-0.020000000000000018
5.0,16.0,3.5,3.55,3.36,3.37,2.39793E7,-0.1299999999999999
5.0,15.0,3.34,3.63,3.31,3.48,5.5943E7,0.14000000000000012
5.0,14.0,3.47,3.49,3.3,3.34,2.30289E7,-0.13000000000000034
5.0,13.0,3.2,3.5,3.19,3.47,3.96526E7,0.27
5.0,10.0,3.21,3.24,3.18,3.23,9223100.0,0.020000000000000018
5.0,9.0,3.23,3.29,3.19,3.21,1.08718E7,-0.020000000000000018
5.0,8.0,3.13,3.27,3.12,3.26,1.60811E7,0.1299999999999999
5.0,7.0,3.2,3.22,3.1,3.13,1.9566E7,-0.07000000000000028
5.0,6.0,3.17,3.23,3.17,3.21,1.27413E7,0.040000000000000036
5.0,3.0,3.2,3.23,3.17,3.22,1.25422E7,0.020000000000000018
5.0,2.0,3.21,3.23,3.19,3.2,1.0798E7,-0.009999999999999787
5.0,1.0,3.18,3.22,3.16,3.18,1.12714E7,0.0
4.0,30.0,3.27,3.27,3.18,3.19,2.46905E7,-0.08000000000000007
4.0,29.0,3.38,3.41,3.22,3.27,2.2238E7,-0.10999999999999988
4.0,26.0,3.16,3.42,3.15,3.35,5.24505E7,0.18999999999999995
4.0,25.0,3.02,3.16,3.01,3.13,5.96391E7,0.10999999999999988
4.0,24.0,3.2,3.35,3.14,3.35,5.19294E7,0.1499999999999999
4.0,23.0,3.26,3.26,3.14,3.18,2.3646E7,-0.07999999999999963
4.0,22.0,3.25,3.29,3.16,3.23,1.32306E7,-0.020000000000000018
4.0,19.0,3.21,3.22,3.09,3.19,1.31045E7,-0.020000000000000018
4.0,18.0,3.22,3.26,3.05,3.18,2.81832E7,-0.040000000000000036
4.0,17.0,3.27,3.35,3.17,3.22,1.55348E7,-0.04999999999999982
4.0,16.0,3.28,3.33,3.25,3.3,1.31897E7,0.020000000000000018
4.0,15.0,3.39,3.4,3.21,3.22,2.34983E7,-0.16999999999999993
4.0,12.0,3.4,3.49,3.37,3.42,1.17382E7,0.020000000000000018
4.0,11.0,3.48,3.5,3.4,3.41,1.28806E7,-0.06999999999999984
4.0,10.0,3.41,3.53,3.41,3.45,1.53792E7,0.040000000000000036
4.0,9.0,3.44,3.49,3.37,3.39,1.56356E7,-0.04999999999999982
4.0,8.0,3.54,3.57,3.43,3.47,2.39323E7,-0.06999999999999984
4.0,5.0,3.38,3.62,3.31,3.55,4.25902E7,0.16999999999999993
4.0,4.0,3.5,3.5,3.35,3.45,3.1554E7,-0.04999999999999982
4.0,3.0,3.4,3.63,3.3,3.53,9.78385E7,0.1299999999999999
4.0,2.0,3.2,3.24,3.05,3.07,2.60523E7,-0.13000000000000034
4.0,1.0,3.37,3.38,3.13,3.16,2.55531E7,-0.20999999999999996
3.0,28.0,3.39,3.4,3.33,3.36,9379700.0,-0.03000000000000025
3.0,27.0,3.33,3.37,3.31,3.35,1.18263E7,0.020000000000000018
3.0,26.0,3.41,3.45,3.31,3.36,1.8496E7,-0.050000000000000266
3.0,25.0,3.46,3.52,3.38,3.41,1.61476E7,-0.04999999999999982
3.0,22.0,3.4,3.44,3.4,3.42,1.11789E7,0.020000000000000018
3.0,21.0,3.36,3.45,3.35,3.35,1.8239E7,-0.009999999999999787
3.0,20.0,3.37,3.41,3.27,3.34,3.17463E7,-0.03000000000000025
3.0,19.0,3.56,3.62,3.41,3.47,2.41034E7,-0.08999999999999986
3.0,18.0,3.51,3.61,3.45,3.51,2.46002E7,0.0
3.0,15.0,3.73,3.74,3.57,3.62,2.49345E7,-0.10999999999999988
3.0,14.0,3.68,3.78,3.62,3.7,2.89099E7,0.020000000000000018
3.0,13.0,3.73,3.73,3.57,3.64,3.0042E7,-0.08999999999999986
3.0,12.0,4.02,4.03,3.66,3.73,7.69748E7,-0.2899999999999996
3.0,11.0,3.7,4.0,3.67,3.93,9.04519E7,0.22999999999999998
3.0,8.0,3.56,3.6,3.52,3.57,1.72449E7,0.009999999999999787
3.0,7.0,3.52,3.59,3.49,3.53,1.88649E7,0.009999999999999787
3.0,6.0,3.59,3.64,3.48,3.52,2.21882E7,-0.06999999999999984
3.0,5.0,3.63,3.65,3.48,3.54,3.30523E7,-0.08999999999999986
3.0,4.0,3.53,3.67,3.5,3.64,4.79332E7,0.11000000000000032
3.0,1.0,3.34,3.48,3.31,3.43,2.71532E7,0.0900000000000003
2.0,28.0,3.51,3.59,3.36,3.38,4.57744E7,-0.1299999999999999
2.0,27.0,3.44,3.66,3.41,3.52,8.6332E7,0.08000000000000007
2.0,26.0,3.42,3.54,3.26,3.36,5.93223E7,-0.06000000000000005
2.0,25.0,3.49,3.69,3.4,3.43,1.031951E8,-0.06000000000000005
2.0,22.0,3.06,3.21,3.03,3.19,3.85031E7,0.1299999999999999
2.0,21.0,3.02,3.05,2.84,2.96,4.82644E7,-0.06000000000000005
2.0,20.0,3.27,3.3,3.03,3.08,3.10444E7,-0.18999999999999995
2.0,19.0,3.27,3.28,3.23,3.25,1.54994E7,-0.020000000000000018
2.0,15.0,3.31,3.34,3.17,3.2,2.72258E7,-0.10999999999999988
2.0,14.0,3.19,3.28,3.12,3.25,3.52122E7,0.06000000000000005
2.0,13.0,3.3,3.4,3.15,3.17,5.69923E7,-0.1299999999999999
2.0,12.0,3.73,3.75,3.24,3.24,9.0665E7,-0.48999999999999977
2.0,11.0,3.55,3.75,3.46,3.67,9.87779E7,0.1200000000000001
2.0,8.0,3.12,3.55,3.12,3.43,9.91404E7,0.31000000000000005
2.0,7.0,2.96,3.13,2.86,3.09,5.22177E7,0.1299999999999999
2.0,6.0,2.9,3.12,2.76,2.99,9.41338E7,0.0900000000000003
2.0,5.0,2.74,2.8,2.66,2.74,5.88734E7,0.0
2.0,4.0,2.63,2.66,2.54,2.56,1.28012E7,-0.06999999999999984
2.0,1.0,2.75,2.78,2.62,2.66,1.77489E7,-0.08999999999999986
1.0,31.0,2.55,2.73,2.54,2.71,1.88795E7,0.16000000000000014
1.0,30.0,2.58,2.65,2.52,2.53,1.69024E7,-0.050000000000000266
1.0,29.0,2.81,2.82,2.58,2.6,3.84042E7,-0.20999999999999996
1.0,28.0,2.51,2.85,2.5,2.84,5.62027E7,0.33000000000000007
1.0,25.0,2.47,2.53,2.45,2.49,1.10054E7,0.020000000000000018
1.0,24.0,2.45,2.54,2.44,2.47,1.27268E7,0.020000000000000018
1.0,23.0,2.46,2.5,2.44,2.45,9911900.0,-0.009999999999999787
1.0,22.0,2.44,2.46,2.4,2.42,1.72045E7,-0.020000000000000018
1.0,18.0,2.48,2.53,2.43,2.45,9339600.0,-0.029999999999999805
1.0,17.0,2.6,2.6,2.47,2.49,1.43531E7,-0.10999999999999988
1.0,16.0,2.55,2.63,2.54,2.56,1.28425E7,0.010000000000000231
1.0,15.0,2.63,2.67,2.55,2.59,1.25877E7,-0.040000000000000036
1.0,14.0,2.64,2.7,2.61,2.62,2.38491E7,-0.020000000000000018
1.0,11.0,2.5,2.63,2.47,2.59,3.44716E7,0.08999999999999986
1.0,10.0,2.46,2.53,2.46,2.48,1.40358E7,0.020000000000000018
1.0,9.0,2.5,2.54,2.42,2.43,1.15389E7,-0.06999999999999984
1.0,8.0,2.59,2.62,2.48,2.5,1.49581E7,-0.08999999999999986
1.0,7.0,2.67,2.76,2.62,2.62,3.10788E7,-0.04999999999999982
1.0,4.0,2.43,2.69,2.42,2.63,3.68482E7,0.19999999999999973
1.0,3.0,2.39,2.45,2.35,2.41,1.35897E7,0.020000000000000018
1.0,2.0,2.41,2.45,2.34,2.39,1.9488E7,-0.020000000000000018
12.0,31.0,2.32,2.41,2.31,2.36,1.6252E7,0.040000000000000036
12.0,28.0,2.38,2.41,2.32,2.33,1.28463E7,-0.04999999999999982
12.0,27.0,2.41,2.44,2.38,2.42,1.03255E7,0.009999999999999787
12.0,26.0,2.35,2.43,2.35,2.39,1.84065E7,0.040000000000000036
12.0,24.0,2.31,2.4,2.3,2.33,6744400.0,0.020000000000000018
12.0,21.0,2.35,2.35,2.29,2.33,1.4359E7,-0.020000000000000018
12.0,20.0,2.4,2.42,2.35,2.38,8150200.0,-0.020000000000000018
12.0,19.0,2.41,2.43,2.38,2.41,1.34451E7,0.0
12.0,18.0,2.46,2.46,2.36,2.38,1.80546E7,-0.08000000000000007
12.0,17.0,2.54,2.55,2.41,2.44,1.81272E7,-0.10000000000000009
12.0,14.0,2.64,2.7,2.5,2.54,1.59091E7,-0.10000000000000009
12.0,13.0,2.68,2.73,2.59,2.62,2.52771E7,-0.06000000000000005
12.0,12.0,2.46,2.68,2.46,2.63,2.51276E7,0.16999999999999993
12.0,11.0,2.46,2.49,2.41,2.45,1.00743E7,-0.009999999999999787
12.0,10.0,2.55,2.56,2.39,2.43,1.43164E7,-0.11999999999999966
12.0,7.0,2.55,2.6,2.51,2.55,2.46578E7,0.0
12.0,6.0,2.46,2.55,2.42,2.49,4.10214E7,0.03000000000000025
12.0,5.0,2.3,2.35,2.22,2.32,2.02344E7,0.020000000000000018
12.0,4.0,2.29,2.33,2.25,2.25,1.8014E7,-0.040000000000000036
12.0,3.0,2.43,2.46,2.21,2.23,3.15844E7,-0.20000000000000018
11.0,30.0,2.39,2.55,2.37,2.46,6.67616E7,0.06999999999999984
11.0,29.0,2.57,2.67,2.53,2.62,3.3445E7,0.050000000000000266
11.0,28.0,2.37,2.53,2.35,2.51,1.56032E7,0.13999999999999968
11.0,27.0,2.44,2.52,2.35,2.35,2.38533E7,-0.08999999999999986
11.0,26.0,2.3,2.45,2.24,2.4,1.8897E7,0.10000000000000009
11.0,23.0,2.42,2.43,2.3,2.32,8612800.0,-0.10000000000000009
11.0,21.0,2.24,2.42,2.22,2.38,1.91488E7,0.13999999999999968
11.0,20.0,2.18,2.29,2.18,2.25,1.33072E7,0.06999999999999984
11.0,19.0,2.21,2.26,2.15,2.19,8180300.0,-0.020000000000000018
11.0,16.0,2.25,2.27,2.18,2.21,1.15705E7,-0.040000000000000036
11.0,15.0,2.12,2.32,2.12,2.29,2.03382E7,0.16999999999999993
11.0,14.0,2.1,2.21,2.1,2.14,1.24234E7,0.040000000000000036
11.0,13.0,2.1,2.15,2.1,2.11,6020100.0,0.009999999999999787
11.0,12.0,2.12,2.15,2.09,2.1,9208000.0,-0.020000000000000018
11.0,9.0,2.13,2.14,2.09,2.12,1.61075E7,-0.009999999999999787
11.0,8.0,2.21,2.26,2.13,2.16,1.27372E7,-0.04999999999999982
11.0,7.0,2.24,2.24,2.18,2.23,1.53289E7,-0.010000000000000231
11.0,6.0,2.25,2.28,2.23,2.24,1.31199E7,-0.009999999999999787
11.0,5.0,2.32,2.37,2.23,2.24,1.74081E7,-0.07999999999999963
11.0,2.0,2.23,2.35,2.23,2.3,1.24608E7,0.06999999999999984
11.0,1.0,2.21,2.25,2.2,2.23,9816700.0,0.020000000000000018
10.0,31.0,2.25,2.29,2.16,2.24,2.14449E7,-0.009999999999999787
10.0,26.0,2.37,2.4,2.26,2.31,1.73011E7,-0.06000000000000005
10.0,25.0,2.45,2.5,2.31,2.39,6.27457E7,-0.06000000000000005
10.0,24.0,2.32,2.32,2.1,2.13,6.22547E7,-0.18999999999999995
10.0,23.0,2.29,2.31,2.17,2.2,2.12776E7,-0.08999999999999986
10.0,22.0,2.43,2.44,2.3,2.32,1.2123E7,-0.11000000000000032
10.0,19.0,2.45,2.51,2.4,2.4,6525700.0,-0.050000000000000266
10.0,18.0,2.5,2.6,2.48,2.51,8161700.0,0.009999999999999787
10.0,17.0,2.47,2.62,2.44,2.55,1.49984E7,0.07999999999999963
10.0,16.0,2.44,2.5,2.38,2.5,1.00792E7,0.06000000000000005
10.0,15.0,2.41,2.47,2.38,2.42,6021300.0,0.009999999999999787
10.0,12.0,2.4,2.5,2.4,2.43,1.06473E7,0.03000000000000025
10.0,11.0,2.32,2.56,2.31,2.43,2.12765E7,0.11000000000000032
10.0,10.0,2.37,2.39,2.3,2.35,1.70098E7,-0.020000000000000018
10.0,9.0,2.43,2.45,2.36,2.44,1.52751E7,0.009999999999999787
10.0,8.0,2.42,2.53,2.38,2.43,1.85749E7,0.010000000000000231
10.0,5.0,2.28,2.5,2.21,2.48,1.320494E8,0.20000000000000018
10.0,4.0,2.79,2.83,2.75,2.82,1.3546E7,0.029999999999999805
10.0,3.0,2.8,2.84,2.75,2.8,7304700.0,0.0
10.0,2.0,2.76,2.82,2.72,2.78,6831800.0,0.020000000000000018
10.0,1.0,2.83,2.9,2.74,2.75,1.33049E7,-0.08000000000000007
9.0,28.0,2.81,2.92,2.8,2.84,1.00652E7,0.029999999999999805
9.0,27.0,2.91,2.94,2.83,2.84,7548100.0,-0.07000000000000028
9.0,26.0,2.81,2.89,2.79,2.84,8769000.0,0.029999999999999805
9.0,25.0,3.0,3.0,2.78,2.82,1.7363E7,-0.18000000000000016
9.0,24.0,3.11,3.15,2.91,2.94,2.02324E7,-0.16999999999999993
9.0,21.0,3.17,3.24,3.08,3.24,2.5883E7,0.07000000000000028
9.0,20.0,3.14,3.23,3.06,3.18,1.6343E7,0.040000000000000036
9.0,19.0,3.09,3.24,3.06,3.2,1.84354E7,0.11000000000000032
9.0,18.0,3.06,3.22,3.0,3.08,9374100.0,0.020000000000000018
9.0,17.0,3.25,3.25,3.05,3.08,1.10663E7,-0.16999999999999993
9.0,14.0,3.04,3.27,3.02,3.18,3.13706E7,0.14000000000000012
9.0,13.0,3.07,3.08,2.92,2.96,1.31121E7,-0.10999999999999988
9.0,12.0,2.83,3.08,2.83,3.07,2.7004E7,0.23999999999999977
9.0,11.0,2.78,2.88,2.75,2.79,1.63252E7,0.010000000000000231
9.0,10.0,2.85,2.88,2.79,2.82,4746000.0,-0.03000000000000025
9.0,7.0,2.94,2.95,2.87,2.88,4671700.0,-0.06000000000000005
9.0,6.0,2.95,2.96,2.85,2.94,7555300.0,-0.010000000000000231
9.0,5.0,2.93,2.95,2.85,2.92,8145100.0,-0.010000000000000231
9.0,4.0,2.81,2.84,2.67,2.83,1.23568E7,0.020000000000000018
8.0,31.0,2.88,2.89,2.8,2.8,1.13322E7,-0.08000000000000007
8.0,30.0,2.94,2.96,2.88,2.89,7682000.0,-0.04999999999999982
8.0,29.0,3.05,3.06,2.95,2.96,1.33122E7,-0.08999999999999986
8.0,28.0,3.02,3.12,2.98,3.08,1.17118E7,0.06000000000000005
8.0,27.0,3.24,3.26,3.02,3.06,1.69478E7,-0.18000000000000016
8.0,24.0,3.23,3.28,3.16,3.27,9486700.0,0.040000000000000036
8.0,23.0,3.27,3.4,3.19,3.25,2.00502E7,-0.020000000000000018
8.0,22.0,3.12,3.28,3.05,3.26,3.96026E7,0.13999999999999968
8.0,21.0,2.98,3.03,2.97,2.97,6929900.0,-0.009999999999999787
8.0,20.0,2.98,3.07,2.96,2.99,1.22101E7,0.010000000000000231
8.0,17.0,3.0,3.04,2.96,3.0,1.08273E7,0.0
8.0,16.0,3.03,3.05,2.91,3.0,2.86828E7,-0.029999999999999805
8.0,15.0,3.02,3.11,2.99,3.06,1.10889E7,0.040000000000000036
8.0,14.0,2.93,3.04,2.9,3.02,1.34395E7,0.08999999999999986
8.0,13.0,2.97,3.04,2.92,2.93,6808600.0,-0.040000000000000036
8.0,10.0,2.99,3.07,2.9,2.95,8388400.0,-0.040000000000000036
8.0,9.0,2.89,3.12,2.79,3.01,1.69223E7,0.11999999999999966
8.0,8.0,3.01,3.05,2.9,2.95,1.24222E7,-0.05999999999999961
8.0,7.0,2.98,3.12,2.98,3.01,1.90058E7,0.029999999999999805
8.0,6.0,2.72,3.05,2.7,2.94,2.96295E7,0.21999999999999975
8.0,3.0,2.74,2.86,2.66,2.72,2.52017E7,-0.020000000000000018
8.0,2.0,2.8,2.88,2.68,2.7,1.87018E7,-0.09999999999999964
8.0,1.0,2.92,2.94,2.75,2.81,2.12472E7,-0.10999999999999988
7.0,31.0,2.94,3.01,2.85,2.95,2.13163E7,0.010000000000000231
7.0,30.0,3.1,3.15,2.97,3.01,2.85099E7,-0.0900000000000003
7.0,27.0,3.08,3.18,3.05,3.09,2.53581E7,0.009999999999999787
7.0,26.0,3.06,3.22,2.97,3.18,9.97708E7,0.1200000000000001
7.0,25.0,4.96,5.19,4.88,5.08,5.00987E7,0.1200000000000001
7.0,24.0,5.06,5.25,4.88,4.92,2.50445E7,-0.13999999999999968
7.0,23.0,4.83,5.17,4.72,5.09,2.87772E7,0.2599999999999998
7.0,20.0,4.56,4.89,4.47,4.8,2.08547E7,0.2400000000000002
7.0,19.0,4.62,4.66,4.55,4.56,9879000.0,-0.0600000000000005
7.0,18.0,4.71,4.93,4.54,4.61,1.76387E7,-0.09999999999999964
7.0,17.0,4.85,4.85,4.45,4.58,2.76239E7,-0.2699999999999996
7.0,16.0,4.89,4.95,4.8,4.83,7172000.0,-0.05999999999999961
7.0,13.0,5.0,5.09,4.87,4.9,9902800.0,-0.09999999999999964
7.0,12.0,4.89,5.05,4.78,5.02,1.48451E7,0.1299999999999999
7.0,11.0,5.05,5.17,4.9,4.95,1.55731E7,-0.09999999999999964
7.0,10.0,5.27,5.3,4.96,5.01,1.95098E7,-0.2599999999999998
7.0,9.0,5.31,5.36,5.2,5.24,9246400.0,-0.0699999999999994
7.0,6.0,5.33,5.39,5.14,5.36,1.43228E7,0.03000000000000025
7.0,5.0,5.4,5.48,5.28,5.44,1.07844E7,0.040000000000000036
7.0,3.0,5.61,5.61,5.32,5.4,9615500.0,-0.20999999999999996
7.0,2.0,5.45,5.59,5.42,5.57,1.07432E7,0.1200000000000001
6.0,29.0,5.56,5.58,5.38,5.44,1.26789E7,-0.11999999999999922
6.0,28.0,5.61,5.69,5.26,5.38,1.70345E7,-0.23000000000000043
6.0,27.0,5.8,5.88,5.35,5.63,3.63677E7,-0.16999999999999993
6.0,26.0,6.2,6.35,5.61,5.77,5.98447E7,-0.4300000000000006
6.0,25.0,6.0,6.16,5.86,6.07,2.46909E7,0.07000000000000028
6.0,22.0,5.88,6.04,5.82,6.0,2.1762E7,0.1200000000000001
6.0,21.0,5.95,6.11,5.64,5.72,1.65342E7,-0.23000000000000043
6.0,20.0,6.05,6.08,5.81,5.89,1.69345E7,-0.16000000000000014
6.0,19.0,5.8,6.09,5.77,5.97,2.70411E7,0.16999999999999993
6.0,18.0,5.62,6.01,5.55,5.78,4.43283E7,0.16000000000000014
6.0,15.0,5.1,5.6,5.05,5.56,3.57354E7,0.45999999999999996
6.0,14.0,5.11,5.25,5.01,5.03,2.00613E7,-0.08000000000000007
6.0,13.0,5.07,5.24,4.96,5.05,2.14972E7,-0.020000000000000462
6.0,12.0,5.54,5.54,4.78,4.98,5.7597E7,-0.5599999999999996
6.0,11.0,6.1,6.11,5.52,5.55,2.15871E7,-0.5499999999999998
6.0,8.0,6.06,6.19,5.95,6.05,2.60555E7,-0.009999999999999787
6.0,7.0,6.2,6.36,5.96,6.03,2.62816E7,-0.16999999999999993
6.0,6.0,5.85,6.18,5.75,6.17,3.16778E7,0.3200000000000003
6.0,5.0,5.64,5.82,5.51,5.73,2.25622E7,0.09000000000000075
6.0,4.0,5.98,6.05,5.65,5.71,2.10848E7,-0.27000000000000046
6.0,1.0,6.06,6.16,5.96,6.01,1.9285E7,-0.04999999999999982
5.0,31.0,6.04,6.26,5.9,6.26,3.51119E7,0.21999999999999975
5.0,30.0,5.95,6.2,5.81,5.87,3.34049E7,-0.08000000000000007
5.0,29.0,6.41,6.52,5.98,6.09,4.82375E7,-0.3200000000000003
5.0,25.0,6.75,6.79,6.47,6.61,1.49864E7,-0.13999999999999968
5.0,24.0,7.1,7.18,6.75,6.8,1.29081E7,-0.2999999999999998
5.0,23.0,6.92,7.13,6.75,7.07,1.53E7,0.15000000000000036
5.0,22.0,6.94,7.34,6.77,6.8,1.88509E7,-0.14000000000000057
5.0,21.0,6.85,7.39,6.36,7.09,3.01238E7,0.2400000000000002
5.0,18.0,8.47,8.79,6.9,7.16,3.91395E7,-1.3100000000000005
5.0,17.0,8.49,8.5,8.0,8.27,2.54313E7,-0.22000000000000064
5.0,16.0,8.79,8.88,7.92,8.22,2.84769E7,-0.5699999999999985
5.0,15.0,8.4,8.67,8.17,8.56,3.41362E7,0.16000000000000014
5.0,14.0,7.46,8.14,7.34,7.95,2.3708E7,0.4900000000000002
5.0,11.0,7.7,7.75,7.34,7.48,2.41765E7,-0.21999999999999975
5.0,10.0,8.2,8.33,7.75,7.82,1.2348E7,-0.379999999999999
5.0,9.0,8.0,8.24,7.73,8.0,1.82643E7,0.0
5.0,8.0,8.4,8.42,7.58,7.93,2.3827E7,-0.47000000000000064
5.0,7.0,8.3,8.58,8.06,8.34,1.66913E7,0.03999999999999915
5.0,4.0,8.72,8.76,8.25,8.33,1.56083E7,-0.39000000000000057
5.0,3.0,8.96,9.24,8.61,8.65,2.02713E7,-0.3100000000000005
5.0,2.0,8.52,9.09,8.48,8.96,2.47896E7,0.4400000000000013
5.0,1.0,8.0,8.58,7.95,8.46,4.10601E7,0.46000000000000085
4.0,30.0,8.71,8.73,8.2,8.34,1.13995E7,-0.370000000000001
4.0,27.0,9.5,9.54,8.46,8.52,3.2548E7,-0.9800000000000004
4.0,26.0,9.4,9.5,9.11,9.42,2.52572E7,0.019999999999999574
4.0,25.0,8.78,9.19,8.53,9.11,1.83703E7,0.33000000000000007
4.0,24.0,9.0,9.04,8.14,8.6,2.78435E7,-0.40000000000000036
4.0,23.0,8.92,9.18,8.58,9.0,3.7383E7,0.08000000000000007
4.0,20.0,9.75,9.81,9.15,9.22,2.15848E7,-0.5299999999999994
4.0,19.0,10.17,10.21,9.5,9.58,1.57883E7,-0.5899999999999999
4.0,18.0,10.51,10.59,9.95,10.04,1.56643E7,-0.47000000000000064
4.0,17.0,10.99,11.0,10.2,10.31,2.11401E7,-0.6799999999999997
4.0,16.0,11.94,12.07,10.85,10.95,1.17058E7,-0.9900000000000002
4.0,13.0,12.0,12.11,11.75,11.85,4975800.0,-0.15000000000000036
4.0,12.0,11.47,12.15,11.39,12.13,7817600.0,0.6600000000000001
4.0,11.0,11.8,11.87,11.32,11.52,4685400.0,-0.28000000000000114
4.0,10.0,12.14,12.34,11.35,11.51,8901800.0,-0.6300000000000008
4.0,9.0,11.6,12.25,11.25,12.0,6356600.0,0.40000000000000036
4.0,5.0,12.2,12.2,11.76,11.91,8408200.0,-0.28999999999999915
4.0,4.0,12.51,12.7,12.05,12.22,1.24097E7,-0.28999999999999915
4.0,3.0,12.86,12.9,12.19,12.29,9749100.0,-0.5700000000000003
4.0,2.0,12.99,13.15,12.7,12.88,7856200.0,-0.10999999999999943
3.0,30.0,13.04,13.15,12.51,13.15,1.92206E7,0.11000000000000121
3.0,29.0,12.3,12.9,12.25,12.84,3.48472E7,0.5399999999999991
3.0,28.0,12.86,13.05,12.2,12.24,1.33373E7,-0.6199999999999992
3.0,27.0,13.02,13.27,12.82,13.01,8309700.0,-0.009999999999999787
3.0,26.0,13.37,13.55,12.98,13.08,8740800.0,-0.28999999999999915
3.0,23.0,13.42,13.52,12.9,13.4,1.03887E7,-0.019999999999999574
3.0,22.0,14.0,14.22,13.6,13.76,8704900.0,-0.2400000000000002
3.0,21.0,13.47,14.48,13.44,13.72,1.9097E7,0.25
3.0,20.0,13.08,13.39,12.86,13.39,4466100.0,0.3100000000000005
3.0,19.0,12.91,13.39,12.8,13.24,5436700.0,0.33000000000000007
3.0,16.0,12.93,13.06,12.75,13.03,5202600.0,0.09999999999999964
3.0,15.0,13.31,13.34,12.8,13.06,6533700.0,-0.25
3.0,14.0,13.41,13.7,13.15,13.35,7346700.0,-0.0600000000000005
3.0,13.0,13.95,13.98,13.12,13.38,8423700.0,-0.5699999999999985
3.0,12.0,14.04,14.32,13.73,13.76,5816900.0,-0.27999999999999936
3.0,9.0,13.8,14.04,13.6,13.89,4509300.0,0.08999999999999986
3.0,8.0,14.0,14.0,13.5,13.67,3809800.0,-0.33000000000000007
3.0,7.0,14.4,14.47,13.65,13.77,6224900.0,-0.6300000000000008
3.0,6.0,13.49,14.08,13.19,14.06,8397700.0,0.5700000000000003
3.0,5.0,14.34,14.38,13.65,13.97,1.24995E7,-0.3699999999999992
3.0,2.0,14.99,15.91,14.6,14.69,3.15886E7,-0.3000000000000007
3.0,1.0,13.41,14.62,13.3,14.48,1.25225E7,1.0700000000000003
2.0,29.0,13.15,13.61,13.15,13.17,7600000.0,0.019999999999999574
2.0,28.0,13.29,13.49,13.1,13.3,4333700.0,0.010000000000001563
2.0,27.0,12.89,13.26,12.7,13.24,4837900.0,0.34999999999999964
2.0,24.0,12.94,13.06,12.77,12.93,3692600.0,-0.009999999999999787
2.0,23.0,12.8,13.0,12.68,12.81,3907200.0,0.009999999999999787
2.0,22.0,13.0,13.07,12.55,12.66,4755200.0,-0.33999999999999986
2.0,21.0,13.05,13.39,12.75,13.03,1.00041E7,-0.02000000000000135
2.0,17.0,12.39,12.99,12.29,12.93,9989100.0,0.5399999999999991
2.0,16.0,11.9,12.42,11.71,12.06,9919100.0,0.16000000000000014
2.0,15.0,12.95,13.24,11.72,11.8,4.09903E7,-1.1499999999999986
2.0,14.0,13.75,14.55,13.46,14.35,3.3607E7,0.5999999999999996
2.0,13.0,13.7,13.75,13.11,13.42,1.16624E7,-0.27999999999999936
2.0,10.0,13.06,13.48,13.0,13.33,7676600.0,0.2699999999999996
2.0,9.0,13.83,13.9,12.95,13.25,1.49649E7,-0.5800000000000001
2.0,8.0,13.06,13.77,12.9,13.69,1.54401E7,0.629999999999999
2.0,7.0,12.92,13.4,12.5,13.31,1.66628E7,0.39000000000000057
2.0,6.0,13.56,14.0,12.49,12.77,2.96481E7,-0.7900000000000009
2.0,3.0,12.97,14.44,12.75,13.39,5.57236E7,0.41999999999999993
2.0,2.0,11.05,12.91,10.84,12.39,5.91643E7,1.3399999999999999
2.0,1.0,10.63,10.65,10.39,10.6,6345400.0,-0.030000000000001137
1.0,31.0,10.54,10.64,10.1,10.49,6949500.0,-0.049999999999998934
1.0,30.0,10.02,10.51,10.02,10.39,1.21143E7,0.370000000000001
1.0,27.0,9.45,10.25,9.4,10.05,1.48814E7,0.6000000000000014
1.0,26.0,9.73,9.73,9.2,9.52,5480800.0,-0.21000000000000085
1.0,25.0,9.96,10.0,9.48,9.53,7969200.0,-0.4300000000000015
1.0,24.0,9.03,9.9,9.01,9.71,1.15835E7,0.6800000000000015
1.0,23.0,9.15,9.19,8.75,9.12,4710700.0,-0.030000000000001137
1.0,20.0,8.7,9.19,8.55,9.09,6336600.0,0.39000000000000057
1.0,19.0,8.75,8.75,8.5,8.53,3957200.0,-0.22000000000000064
1.0,18.0,9.2,9.2,8.52,8.65,6548100.0,-0.5499999999999989
1.0,17.0,9.1,9.4,8.93,9.22,4855100.0,0.120000000000001
1.0,13.0,8.43,8.99,8.35,8.87,5033500.0,0.4399999999999995
1.0,12.0,8.33,8.46,8.24,8.45,2936800.0,0.11999999999999922
1.0,11.0,8.55,8.57,8.21,8.33,3101900.0,-0.22000000000000064
1.0,10.0,8.11,8.59,8.06,8.53,4884800.0,0.41999999999999993
1.0,9.0,8.53,8.61,7.97,8.0,9779100.0,-0.5299999999999994
1.0,6.0,8.93,8.99,8.45,8.81,8445200.0,-0.11999999999999922
1.0,5.0,9.1,9.15,8.82,8.91,9716100.0,-0.1899999999999995
1.0,4.0,9.49,9.49,9.12,9.19,4299400.0,-0.3000000000000007
1.0,3.0,9.52,9.64,9.4,9.45,3995400.0,-0.07000000000000028
12.0,30.0,9.29,9.43,9.19,9.41,5522300.0,0.120000000000001
12.0,29.0,9.43,9.57,9.32,9.37,2512100.0,-0.0600000000000005
12.0,28.0,9.82,9.82,9.39,9.5,2270000.0,-0.3200000000000003
12.0,27.0,9.34,9.82,9.32,9.75,3238500.0,0.41000000000000014
12.0,23.0,9.43,9.47,9.27,9.39,2655300.0,-0.03999999999999915
12.0,22.0,9.65,9.65,9.25,9.47,2986200.0,-0.17999999999999972
12.0,21.0,9.24,9.57,9.15,9.47,5069400.0,0.23000000000000043
12.0,20.0,9.15,9.38,9.08,9.24,8358800.0,0.08999999999999986
12.0,19.0,9.5,9.6,8.75,9.05,1.8394E7,-0.4499999999999993
12.0,16.0,11.0,11.5,9.0,9.5,1.16817E8,-1.5
